g sponza_159
t -1 0 0
bt 0 0 1
t -1 0 0
bt 0 0 1
t -1 0 0
bt 0 0 1
t -1 0 0
bt 0 0 1
t -1 0 0
bt 0 0 -1
t -1 0 0
bt 0 0 -1
t -1 0 0
bt 0 0 -1
t -1 0 0
bt 0 0 -1
t 0 0 -1
bt 0 -0.999987 0.0051201
t 0 0.00136766 -0.999999
bt 0 -0.999997 0.00249292
t 0 -0.00017593 -1
bt 0 -0.999994 0.00341341
t -1 0 0
bt 0 -0.664233 0.747525
t -1 0 0
bt 0 -0.664233 0.747525
t -1 0 0
bt 0 -0.8527 0.5224
t -1 0 0
bt 0 -0.8527 0.5224
t 0 0 1
bt 0 -0.999987 0.00512299
t 0 0.00017589 1
bt 0 -0.999994 0.00341533
t 0 -0.00123589 0.999999
bt 0 -0.999997 0.0025615
t 0 0 -1
bt 0 -1 -0.000268575
t 0 0.00182355 -0.999998
bt 0 -1 -0.00017905
t -1 0 0
bt 0 -1 0
t -1 0 0
bt 0 -1 0
t -1 0 0
bt 0 -1 0
t -1 0 0
bt 0 -1 0
t 0 0.000527671 1
bt 0 -1 0
t 0 -0.00182375 0.999998
bt 0 -1 -0.000179288
t 0 0.00547062 -0.999985
bt 0 -1 0
t -1 0 0
bt 0 -0.418506 0.908214
t -1 0 0
bt 0 -0.418506 0.908214
t 0 -0.00547122 0.999985
bt 0 -1 0

