g sponza_337
t 0.0097621 -0.999909 -0.00929163
bt 0.999976 0.00691832 -4.08755e-05
t 0.0618898 -0.924393 -0.376387
bt 0.95076 0.0192655 -0.30933
t 0.0226071 -0.574972 -0.817861
bt 0.973079 0.037113 0.227465
t 0.0200596 -0.710568 -0.703343
bt 0.90856 0.0229312 0.417126
t 0.181468 -0.402032 0.897463
bt 0.720792 -0.206421 -0.661701
t -0.0622557 -0.559483 0.8265
bt 0.464916 -0.303436 -0.831733
t -0.392231 -0.75495 0.525553
bt 0.698487 -0.0152396 -0.71546
t -0.0263523 -0.716365 0.697227
bt 0.854491 0.052784 -0.516777
t -0.157318 -0.413389 -0.896861
bt 0.43188 -0.190387 0.881608
t 0.116985 -0.202578 -0.972253
bt 0.197125 -0.341394 0.919017
t 0.179979 -0.10608 -0.977934
bt 0.441485 -0.260233 0.858702
t 0.0547264 -0.340408 -0.938684
bt 0.594628 -0.0844661 0.799552
t -0.0182895 -0.935135 0.353819
bt 0.945764 -0.0232424 0.324021
t -0.275739 -0.863001 -0.423317
bt 0.70027 -0.0449681 0.71246
t 0.0186934 -0.730038 -0.68315
bt 0.873893 0.00322643 0.486108
t 0.00547055 -0.999949 0.00851581
bt 0.999998 -0.000947629 0.00150426
t 0.0401664 -0.244362 0.968852
bt 0.577225 0.0594862 -0.814416
t 0.0141863 -0.574351 0.818486
bt 0.854669 0.221275 -0.469658
t -0.0170462 -0.705358 0.708647
bt 0.86291 0.0574803 -0.502078
t 0.0182049 -0.294739 0.955404
bt 0.604028 0.00267983 -0.796959
t -0.00449311 -0.268431 -0.963289
bt 0.4897 0.0358653 0.871153
t 0.00862785 -0.237437 -0.971364
bt 0.427546 0.115155 0.896629
t 0.0377655 -0.00995556 -0.999237
bt 0.226341 -0.0595869 0.972224
t 0.0453563 -0.0181576 -0.998806
bt 0.299193 -0.1086 0.947992
t 0.00307618 -0.999858 0.0165448
bt 0.999839 0.0059468 -0.0168999
t 0.00995744 -0.673766 -0.738877
bt 0.954924 0.0170863 0.296358
t 0.162721 -0.402542 0.900823
bt 0.755071 -0.211697 -0.620526
t -0.0172329 -0.713429 0.700516
bt 0.877711 0.0533065 -0.476216
t 0.1426 -0.0829456 -0.986299
bt 0.479975 -0.274917 0.833093
t 0.0412105 -0.341807 -0.938866
bt 0.626318 -0.0820898 0.775234
t 0.0170934 -0.727479 -0.685917
bt 0.892321 -0.00536068 0.451369
t 0.000796297 -0.99991 -0.0133885
bt 0.999879 0.00265281 0.0153364
t -0.0217771 -0.705984 0.707893
bt 0.938564 0.0153241 -0.344766
t 0.00679323 -0.283962 0.958811
bt 0.874161 0.0535853 -0.482672
t -0.00909941 -0.241084 -0.970461
bt 0.756053 0.00716169 0.654471
t 0.00835874 -0.00381697 -0.999958
bt 0.513169 -0.0291459 0.857793
t 0.00376491 -0.999856 0.0165348
bt 0.999834 0.00182943 -0.0181329
t 0.0171641 -0.713794 -0.700145
bt 0.996921 0.00968527 0.0778088
t -0.0102721 -0.725573 0.688069
bt 0.934233 0.0608377 -0.351436
t 0.132223 -0.384686 0.913528
bt 0.847394 -0.165448 -0.504529
t 0.0199069 -0.339907 -0.940248
bt 0.749499 -0.0623734 0.65906
t 0.09196 -0.0399853 -0.99496
bt 0.61011 -0.254223 0.750424
t 0.0741713 -0.743892 -0.664171
bt 0.966128 -0.0914476 0.241316
t 0.00111334 -0.99989 -0.0147923
bt 0.999928 0.00367859 0.0114565
t -0.00699358 -0.718605 0.695384
bt 0.994491 -0.0537943 -0.0899627
t 0.000579889 -0.315677 0.948866
bt 0.955122 -0.025824 0.295086
t 0.00131553 -0.309608 -0.950863
bt 0.854274 -0.164905 -0.492972
t 0.0104892 -0.00394861 -0.999937
bt 0.839447 -0.0541059 -0.540742
t -0.0126736 -0.0041645 -0.999911
bt 0.817239 0.0850968 -0.569982
t 0.0161864 -0.713771 -0.700192
bt 0.998807 -0.03297 0.0360169
t -0.00487285 -0.754166 -0.656666
bt 0.999343 0.0158845 -0.0325774
t 0.00345214 -0.999444 0.0331647
bt 0.999919 -0.0025838 -0.0124224
t -0.00435548 -0.743964 0.668205
bt 0.984326 0.0482396 -0.16963
t 0.0615093 -0.361885 0.930191
bt 0.958167 -0.0793179 -0.274999
t 0.00482674 -0.349011 -0.937106
bt 0.921743 -0.020615 0.387254
t 0.0269907 -0.00618012 -0.999617
bt 0.852212 -0.16582 0.496224
t -0.00266234 -0.999457 -0.0328336
bt 0.99992 -0.00095458 0.0125744
t 0.0804758 -0.744575 -0.66267
bt 0.967056 -0.0992136 0.234433
t 0.0103099 -0.749718 -0.661677
bt 0.987947 0.00806421 0.154581
t -0.000970472 -0.756308 0.654214
bt 0.998136 -0.0494443 0.035775
t -0.000895713 -0.360193 0.932877
bt 0.898696 -0.0299018 0.437551
t 7.53268e-05 -0.353184 -0.935554
bt 0.896601 -0.0765062 -0.436181
t 0.00134102 -0.309608 -0.950863
bt 0.98463 -0.0586369 -0.164517
t -0.0267984 -0.00652878 -0.99962
bt 0.716984 0.124153 -0.685944
t -0.00756193 -0.788038 -0.61558
bt 0.987047 0.00665084 -0.160294
t -0.000667158 -0.999355 0.035908
bt 0.999997 -0.00146275 0.00215409
t 0.00196682 -0.763773 0.645481
bt 0.995423 0.0211005 0.093209
t -0.0626254 -0.374822 0.924979
bt 0.992287 0.076788 0.0973102
t -0.0224267 -0.371097 -0.928323
bt 0.988528 0.0662168 -0.135749
t -0.0533469 -0.00620119 -0.998557
bt 0.978212 0.113437 0.173878
t -0.000569074 -0.999418 -0.0341018
bt 0.999998 0.00195684 -0.000633229
t -0.00113954 -0.764381 -0.644764
bt 0.995421 0.00943973 -0.0951167
t 0.0371659 -0.785692 0.6175
bt 0.976043 -0.0751635 0.204184
t -0.00646422 -0.387694 0.921766
bt 0.835996 -0.0120059 0.548604
t 0.0074629 -0.383112 -0.923672
bt 0.784481 -0.0712567 -0.616045
t -0.0457728 -0.0121946 -0.998877
bt 0.555177 0.147885 -0.81848
t -0.00618412 -0.819709 -0.572746
bt 0.95202 0.00103508 -0.306032
t -0.00185569 -0.99959 0.0285773
bt 0.9999 0.00547723 0.0130483
t 0.0129509 -0.793959 0.607833
bt 0.940942 -0.0127843 0.338327
t -0.173206 -0.462027 0.869788
bt 0.867846 0.198623 0.455403
t -0.0566781 -0.00658964 -0.998371
bt 0.803912 0.0932389 -0.587394
t -0.146712 -0.0674406 -0.986878
bt 0.677112 0.311196 -0.666841
t -0.041062 -0.417907 -0.907561
bt 0.78837 0.095085 -0.607809
t -2.55298e-05 -0.999591 -0.0286026
bt 0.999911 0.00246973 -0.0131348
t -0.0172904 -0.798991 -0.601094
bt 0.947063 0.0131204 -0.32078
t 0.0355499 -0.785857 0.617386
bt 0.960447 -0.131279 0.245575
t 0.0230013 -0.815074 0.5789
bt 0.947289 -0.020652 0.319714
t -0.0124588 -0.420029 0.907425
bt 0.728692 0.0223593 0.684476
t -0.0746057 -0.0343004 -0.996623
bt 0.391632 0.179985 -0.902346
t 0.0207244 -0.407345 -0.913039
bt 0.659309 -0.0398178 -0.750817
t -0.00673898 -0.859037 -0.511869
bt 0.898479 0.00496092 -0.438989
t 0.0018223 -0.999751 0.0222387
bt 0.999833 0.00192857 0.0181629
t 0.0249648 -0.833989 0.551215
bt 0.878628 -0.0188852 0.477134
t -0.210819 -0.579636 0.787132
bt 0.71114 0.242239 0.66
t -0.217855 -0.17868 -0.959486
bt 0.394933 0.323946 -0.859702
t -0.0528455 -0.492279 -0.868832
bt 0.611262 0.0953956 -0.785658
t -0.0188986 -0.844702 -0.534903
bt 0.888776 0.019182 -0.457939
t -3.20148e-05 -0.999756 -0.0221022
bt 0.99983 0.00385498 -0.0180185
t 0.0400608 -0.8481 0.528319
bt 0.889194 -0.0317495 0.456428
t -0.015427 -0.481429 0.876349
bt 0.561265 0.0177054 0.827447
t -0.112147 -0.0919756 -0.989426
bt 0.174737 0.143336 -0.974126
t 0.0312012 -0.451429 -0.891761
bt 0.511721 -0.0394022 -0.858248
t -0.00163887 -0.999897 0.0142687
bt 0.999828 0.00346029 0.0182481
t -0.00288307 -0.901366 -0.433048
bt 0.853559 0.011844 -0.520862
t -0.212593 -0.708684 0.672734
bt 0.577002 0.229046 0.783968
t 0.0367141 -0.879704 0.474101
bt 0.832045 -0.0195791 0.554363
t -0.260924 -0.333673 -0.905859
bt 0.213097 0.272554 -0.938245
t 0.0150094 -0.53087 -0.84732
bt 0.498061 0.0761949 -0.863788
t -0.00925558 -0.892697 -0.450562
bt 0.842186 0.0241136 -0.538648
t 0.000583877 -0.999897 -0.0143159
bt 0.999832 -0.000124953 -0.0183065
t 0.0487913 -0.887523 0.458173
bt 0.844534 -0.0286279 0.534736
t -0.00987489 -0.563883 0.825795
bt 0.472577 0.0161904 0.88114
t -0.136292 -0.17428 -0.975218
bt 0.0886925 0.113454 -0.989577
t 0.0485609 -0.51085 -0.858297
bt 0.446721 -0.0256728 -0.894305
t 0.00755087 -0.943141 -0.332306
bt 0.821092 0.0110443 -0.57069
t -0.000172938 -0.999939 0.0109995
bt 0.999741 0.00520839 0.0221449
t 0.0391212 -0.927495 0.371783
bt 0.800317 -0.00846387 0.599517
t -0.175142 -0.829982 0.52958
bt 0.47182 0.173693 0.864417
t -0.0641113 -0.599789 -0.797586
bt 0.45068 -0.0031431 -0.89268
t -0.26151 -0.527601 -0.808239
bt 0.100184 0.202145 -0.974218
t -0.0515379 -0.723557 -0.688338
bt 0.427171 0.0491554 -0.902834
t -0.00445445 -0.939108 -0.343593
bt 0.804251 0.0140432 -0.594123
t 0.00265555 -0.999935 -0.011061
bt 0.999754 0.00187664 -0.0220801
t 0.0490384 -0.932543 0.357713
bt 0.815306 -0.0231368 0.578567
t 0.00412517 -0.675418 0.737424
bt 0.422856 0.0128918 0.906105
t -0.147241 -0.296987 -0.943461
bt 0.0398199 0.0802917 -0.995976
t 0.0607004 -0.61007 -0.790019
bt 0.41025 -0.0178357 -0.911799
t 0.0071353 -0.982247 -0.187455
bt 0.798402 0.00581929 -0.602096
t 0.00188969 -0.999977 0.00644949
bt 0.999655 0.00234295 0.0261788
t 0.0367165 -0.974113 0.223059
bt 0.777147 -0.00231265 0.629315
t -0.0986777 -0.941668 0.321751
bt 0.396107 0.0802749 0.914688
t -0.195647 -0.79736 -0.570912
bt 0.0275815 0.112422 -0.993278
t -0.0290223 -0.88796 -0.459004
bt 0.385492 0.0241206 -0.922396
t 0.00243406 -0.980484 -0.196586
bt 0.778471 0.0119316 -0.627567
t 0.00327649 -0.999974 -0.00648979
bt 0.999655 0.00213933 -0.026191
t 0.0390131 -0.976808 0.210531
bt 0.797511 -0.00422632 0.60329
t 0.0191905 -0.845607 0.533462
bt 0.392471 0.00652361 0.919742
t -0.13849 -0.564411 -0.813794
bt 0.0108 0.0440284 -0.998972
t 0.11966 -0.711482 -0.692441
bt 0.386341 -0.0224694 -0.922082
t 0.00468203 -0.999968 -0.00641318
bt 0.79026 0.00158285 -0.61277
t -0.000286713 -1 9.20767e-05
bt 0.999581 0.00276194 0.0288025
t 0.0177816 -0.999683 0.017832
bt 0.767789 -0.0026362 0.640698
t 0.0101656 -0.999359 0.034335
bt 0.370669 -0.0356715 0.92808
t -0.00357942 -0.994361 -0.105985
bt 3.93033e-05 0.0115696 -0.999933
t 0.0182426 -0.998345 -0.0545455
bt 0.370981 -0.00668755 -0.928616
t 0.00570515 -0.999954 -0.00775599
bt 0.767795 0.000666625 -0.640696
t 0.00113847 -0.999999 -0.000132485
bt 0.999586 0.00215044 -0.0286983
t 0.0205857 -0.999612 0.0187408
bt 0.79026 -0.00272453 0.612766
t 0.0133177 -0.999078 0.0408247
bt 0.382183 -0.00222569 0.924084
t -0.00290754 -0.807625 -0.58969
bt -2.29163e-06 1.42765e-05 -1
t 0.112215 -0.953555 -0.279536
bt 0.382189 -0.00136101 -0.924083
t 0.00350221 -0.983562 0.180539
bt 0.799652 -0.00603181 -0.600434
t 3.50787e-05 -0.999976 -0.00700237
bt 0.999599 0.00253545 0.0282227
t -0.00322017 -0.979956 -0.199188
bt 0.775806 0.0114501 0.630867
t 0.120982 -0.952595 -0.279151
bt 0.407451 -0.147464 0.901243
t 0.214634 -0.867021 0.449673
bt 0.0225139 -0.0909476 -0.995601
t 0.0601671 -0.913142 0.403177
bt 0.388521 -0.0388121 -0.920622
t 0.00468011 -0.981181 0.193032
bt 0.778183 -0.0128892 -0.627905
t -0.00038818 -0.999975 0.00701346
bt 0.999599 0.00243707 -0.028215
t -0.0122052 -0.981331 -0.191941
bt 0.797509 0.0167559 0.603074
t 0.062349 -0.919573 -0.387941
bt 0.396788 -0.022792 0.917627
t -0.20913 -0.841375 0.498351
bt 0.3822 -0.0007809 -0.924079
t -0.00301001 -0.8361 0.548569
bt -2.28371e-06 1.42563e-05 -1
t 0.169951 -0.686521 0.70697
bt 0.0106387 -0.0429773 -0.999019
t -0.0277496 -0.834792 0.549866
bt 0.389844 0.0105508 -0.920821
t 0.00499159 -0.941748 0.336284
bt 0.824684 -0.00658568 -0.565555
t 0.00165389 -0.999918 -0.0126618
bt 0.999707 0.000692978 0.024206
t -0.0215661 -0.927002 -0.374437
bt 0.80107 0.0179382 0.598302
t 0.184858 -0.819741 -0.542081
bt 0.496237 -0.225238 0.838461
t 0.291745 -0.556981 0.777597
bt 0.0987365 -0.18847 -0.977103
t 0.0684949 -0.722983 0.687463
bt 0.438824 -0.0659639 -0.896148
t 0.0159494 -0.936464 0.350402
bt 0.80856 -0.0231018 -0.58796
t -0.00104336 -0.99992 0.0126301
bt 0.999705 0.00256127 -0.0241377
t -0.0292203 -0.933674 -0.356929
bt 0.818839 0.0263787 0.573417
t 0.0174844 -0.683123 -0.730094
bt 0.426775 -0.0099628 0.904303
t 0.168086 -0.32091 0.932075
bt 0.0426435 -0.0813849 -0.99577
t -0.0418741 -0.618433 0.784721
bt 0.411526 0.0251682 -0.91105
t 0.0101082 -0.891143 0.453611
bt 0.867434 -0.00159088 -0.497549
t -0.000849107 -0.999783 -0.0208237
bt 0.99973 0.00112417 0.0232261
t -0.0211997 -0.867282 -0.497366
bt 0.841697 0.027722 0.539237
t 0.189788 -0.651107 -0.734874
bt 0.624944 -0.255145 0.737798
t 0.268406 -0.29917 0.915672
bt 0.237608 -0.264813 -0.934567
t 0.0542561 -0.55644 0.829114
bt 0.528188 -0.0831489 -0.845047
t -0.00259071 -0.999779 0.0208666
bt 0.999728 0.00177799 -0.0232435
t 0.0279347 -0.88011 0.473948
bt 0.852829 -0.015627 -0.521957
t -0.0328578 -0.880512 -0.472884
bt 0.856896 0.0413794 0.513826
t 0.0233758 -0.546086 -0.837403
bt 0.493713 -0.0102073 0.869565
t 0.13992 -0.155966 0.977802
bt 0.105521 -0.117593 -0.98744
t -0.0325881 -0.500816 0.86494
bt 0.461041 0.0367906 -0.886616
t 0.0117847 -0.840105 0.542296
bt 0.926621 0.00637624 -0.375944
t 0.00216502 -0.999525 -0.0307572
bt 0.999819 -0.00191048 0.0189446
t -0.0161705 -0.810255 -0.585854
bt 0.903844 0.0394969 0.426036
t 0.132703 -0.486897 -0.86332
bt 0.792747 -0.222162 0.567623
t 0.184484 -0.113702 0.976236
bt 0.472389 -0.291161 -0.83191
t 0.0274131 -0.438357 0.898383
bt 0.69375 -0.0924318 -0.71426
t -0.000632467 -0.999528 0.0307215
bt 0.999821 -0.00173595 -0.0188598
t 0.0224748 -0.818186 0.574515
bt 0.917253 -0.00770114 -0.398231
t 0.0190457 -0.449522 -0.893066
bt 0.62478 -0.00233388 0.780797
t -0.0294082 -0.832207 -0.553685
bt 0.915014 0.0507935 0.400211
t 0.0975357 -0.0601115 0.993415
bt 0.235903 -0.145403 -0.960837
t -0.0208821 -0.429616 0.90277
bt 0.564137 0.0561087 -0.823772
t 0.0061417 -0.999508 -0.0307516
bt 0.999962 -0.00310199 0.00810884
t 0.00585667 -0.802548 0.596559
bt 0.978941 0.0112624 -0.203831
t 0.0587136 -0.394938 -0.91683
bt 0.939809 -0.119592 0.320089
t 0.000305864 -0.777917 -0.628367
bt 0.969721 0.0384647 0.241166
t 0.0870247 -0.0233267 0.995933
bt 0.830783 -0.222772 -0.510071
t 0.0129514 -0.385134 0.92277
bt 0.899308 -0.0620721 -0.432888
t 0.014237 -0.779272 0.626524
bt 0.977593 -0.00165548 -0.210496
t -0.00171724 -0.999524 0.0308143
bt 0.999965 -0.000610612 -0.00828465
t -0.0146501 -0.80051 -0.599141
bt 0.972454 0.0461037 0.228488
t 0.00883062 -0.396832 -0.917849
bt 0.834201 0.0132599 0.551301
t 0.0476715 -0.0127745 0.998781
bt 0.540316 -0.144889 -0.828894
t -0.0253758 -0.388979 0.920897
bt 0.694458 0.118794 -0.709659
t -0.00261122 -0.999613 -0.0276972
bt 1 0.00078365 0.000221443
t -0.00141345 -0.789691 0.613503
bt 0.999904 0.00725781 -0.0118424
t -0.0259482 -0.370791 -0.928354
bt 0.999083 0.00878872 0.0419124
t 0.00545349 -0.768075 -0.640337
bt 0.999529 0.0199718 0.0232836
t 0.0142103 -0.000102089 0.999899
bt 0.995757 -0.00796462 -0.091677
t 0.000562702 -0.371103 0.928591
bt 0.998754 0.0114532 -0.0485692
t 0.00441633 -0.768067 0.640355
bt 0.999919 0.00571257 -0.011401
t -0.00211762 -0.999614 0.0277023
bt 0.999998 0.00171701 -0.000247984
t -0.00113127 -0.789694 -0.613499
bt 0.999673 0.0168085 0.0192598
t -0.000164147 -0.381899 -0.924204
bt 0.998707 0.0123787 0.0493065
t 0.00363964 -1.75325e-05 0.999993
bt 0.825031 -0.00660052 -0.565049
t -0.0012926 -0.381892 0.924206
bt 0.959353 0.101186 -0.263446
t -0.000499177 -0.999705 -0.0242995
bt 0.999986 0.000883413 -0.00528032
t -0.00496024 -0.795496 0.605939
bt 0.986421 0.00076561 0.164237
t 0.0419566 -0.771768 -0.634519
bt 0.985362 0.00611642 -0.170364
t -0.105531 -0.396372 -0.912005
bt 0.966848 0.119438 -0.225697
t -0.0846653 -0.018559 0.996237
bt 0.953358 0.208751 0.218017
t -0.0234669 -0.38306 0.923425
bt 0.943864 0.0751249 0.321677
t -0.00553665 -0.776559 0.630021
bt 0.985328 0.00585883 0.170569
t 0.00209801 -0.999702 0.0243102
bt 0.999986 0.000212759 0.00529628
t 0.0124018 -0.794048 -0.607728
bt 0.984814 -0.0113863 -0.173236
t -0.0214609 -0.392401 -0.919544
bt 0.936052 0.0587184 -0.346928
t -0.00274047 -0.381891 0.924203
bt 0.869298 -0.194708 0.454323
t 0.00364232 -1.76044e-05 0.999993
bt 0.850108 -0.00680123 0.526564
t -0.0387773 -0.00851102 0.999212
bt 0.827055 0.181088 0.532153
t 0.00729108 -0.387124 0.921999
bt 0.858984 -0.0274359 0.511266
t -0.0107063 -0.81507 0.579264
bt 0.952806 0.000714126 0.303579
t -0.000427139 -0.999775 -0.0211915
bt 0.999954 0.00185733 -0.0094609
t 0.0383755 -0.772195 -0.634226
bt 0.951081 -0.134185 -0.278281
t 0.0192518 -0.793499 -0.608267
bt 0.942958 -0.0173485 -0.332459
t -0.1698 -0.457987 -0.872591
bt 0.871123 0.190855 -0.452458
t -0.0866842 -0.0190031 0.996055
bt 0.81205 0.177822 0.555837
t -0.13457 -0.0600913 0.98908
bt 0.699621 0.312377 0.642613
t -0.0384161 -0.415218 0.908911
bt 0.800861 0.0989751 0.590614
t -0.0188159 -0.799709 0.600093
bt 0.950287 0.0141553 0.311052
t 0.000665681 -0.999775 0.021211
bt 0.999954 -0.000797648 0.0095203
t 0.0229023 -0.809818 -0.586235
bt 0.946391 -0.027685 -0.321833
t -0.0111219 -0.414711 -0.909885
bt 0.720964 0.00990592 -0.692901
t -0.0405727 -0.00890511 0.999137
bt 0.465356 0.101892 0.879239
t -0.0713182 -0.0318493 0.996945
bt 0.381695 0.170421 0.908441
t 0.0175084 -0.404039 0.914574
bt 0.65622 -0.0461409 0.753158
t -0.00859489 -0.843973 0.536317
bt 0.912121 0.00394867 0.409903
t -0.00341315 -0.999824 -0.0184498
bt 0.999913 0.00174701 -0.0130659
t 0.022043 -0.822533 -0.56829
bt 0.894423 -0.0266137 -0.446429
t -0.214691 -0.547591 -0.808735
bt 0.747661 0.221635 -0.626004
t -0.220832 -0.155981 0.962758
bt 0.436678 0.308496 0.84507
t -0.0584381 -0.471957 0.879683
bt 0.642983 0.0813318 0.76155
t -0.0169412 -0.831304 0.55556
bt 0.906757 0.0194668 0.421205
t 0.00057483 -0.999828 0.0185142
bt 0.999913 -0.00109904 0.0131254
t 0.0318293 -0.835221 -0.548992
bt 0.902513 -0.0332643 -0.429377
t -0.0122024 -0.456317 -0.889734
bt 0.594611 0.0156134 -0.803862
t -0.102109 -0.0721116 0.992156
bt 0.21311 0.150565 0.965357
t 0.0294353 -0.432612 0.9011
bt 0.537907 -0.0435705 0.841877
t -0.00541249 -0.879662 0.475568
bt 0.872603 0.00891066 0.48835
t -0.00238799 -0.999882 -0.0151698
bt 0.999873 0.00244106 -0.0157697
t 0.0327936 -0.857704 -0.513097
bt 0.852156 -0.0233237 -0.522767
t -0.214804 -0.645779 -0.732686
bt 0.632484 0.230645 -0.739437
t -0.250916 -0.26067 0.932251
bt 0.273119 0.283769 0.919174
t -0.05811 -0.543407 0.837456
bt 0.538067 0.0746872 0.839587
t -0.0153949 -0.870618 0.491719
bt 0.863313 0.0204317 0.504255
t 0.00100145 -0.999884 0.0152134
bt 0.999875 0.000559928 0.0157898
t 0.0396395 -0.868132 -0.494748
bt 0.862166 -0.0335004 -0.505517
t -0.0110124 -0.517873 -0.855386
bt 0.509579 0.0201629 -0.860188
t -0.122158 -0.126898 0.984365
bt 0.120237 0.124935 0.984852
t 0.0374641 -0.480099 0.876414
bt 0.470767 -0.0330044 0.88164
t 0.00011913 -0.918275 0.395943
bt 0.838414 0.0117898 0.544906
t -0.00155172 -0.999928 -0.0118778
bt 0.999836 0.00122348 -0.0180918
t 0.0370149 -0.899487 -0.435376
bt 0.818708 -0.0144027 -0.57403
t -0.195423 -0.754087 -0.627027
bt 0.530556 0.208973 -0.821487
t -0.267578 -0.407161 0.873283
bt 0.15644 0.238055 0.95857
t -0.0538413 -0.640135 0.766374
bt 0.463818 0.0620754 0.883753
t -0.00862506 -0.912246 0.409551
bt 0.826429 0.0224477 0.562594
t 0.000424215 -0.999929 0.0119066
bt 0.999836 0.000342984 0.0180936
t 0.0476862 -0.905509 -0.421639
bt 0.831586 -0.0217214 -0.554971
t -0.00564931 -0.60428 -0.796752
bt 0.450714 0.0186732 -0.892473
t -0.142205 -0.216383 0.965897
bt 0.0661275 0.100629 0.992724
t 0.0517713 -0.546251 0.83602
bt 0.428969 -0.0223227 0.903043
t 0.00430989 -0.95448 0.298243
bt 0.811783 0.0112393 0.583851
t -0.000764378 -0.999969 -0.0078875
bt 0.999826 -0.00106338 -0.0186097
t 0.0407307 -0.940585 -0.337107
bt 0.793064 -0.014935 -0.608955
t -0.154723 -0.859078 -0.487899
bt 0.448136 0.151209 -0.881084
t -0.250641 -0.586626 0.770097
bt 0.0758981 0.177659 0.981161
t -0.0415589 -0.758987 0.649778
bt 0.412641 0.0389909 0.910059
t -0.00181787 -0.951324 0.308188
bt 0.797814 0.0153592 0.602708
t 0.00128854 -0.999968 0.00792505
bt 0.999822 -0.00312943 0.0186247
t 0.0448088 -0.944805 -0.324553
bt 0.806882 -0.0211889 -0.590333
t 0.00803562 -0.712988 -0.70113
bt 0.412777 0.0155975 -0.910698
t -0.148589 -0.347766 0.925732
bt 0.0307582 0.072007 0.99693
t 0.062139 -0.647187 0.759794
bt 0.400539 -0.0184077 0.916095
t 0.00456818 -0.981932 0.189179
bt 0.79425 0.00739528 0.607546
t -8.6729e-05 -0.999991 -0.00429708
bt 0.999847 0.00024195 -0.0174926
t 0.0315921 -0.975365 -0.218323
bt 0.778869 -0.0102622 -0.627103
t -0.0385285 -0.896074 -0.442229
bt 0.391341 0.0501386 -0.918879
t -0.194622 -0.789315 0.582327
bt 0.0251183 0.101838 0.994484
t 0.0470735 -0.802939 0.5942
bt 0.384508 0.0157827 0.922987
t 0.00263796 -0.980576 0.19612
bt 0.780372 0.00500826 0.625296
t -0.00065058 -0.999991 0.00429102
bt 0.999847 -0.000513611 0.0175072
t 0.0365739 -0.976437 -0.21268
bt 0.792259 -0.0137948 -0.610029
t 0.0212225 -0.840131 -0.541969
bt 0.390489 0.0102924 -0.92055
t -0.137009 -0.555673 0.820034
bt 0.0107751 0.0436682 0.998988
t 0.0707818 -0.778576 0.623546
bt 0.386365 -0.00941844 0.922298
t -0.00100999 -0.999998 -0.00148521
bt 0.999882 -0.00102998 -0.0153048
t 0.00471184 -0.996564 0.0826941
bt 0.785262 0.00464668 0.619147
t -0.114702 -0.950178 -0.289837
bt 0.390889 0.0477841 -0.919197
t 0.0220761 -0.994732 -0.100101
bt 0.773148 -0.000663411 -0.634226
t -0.0391668 -0.988026 -0.149233
bt 0.37581 0.0271148 -0.9263
t -0.0595468 -0.913763 0.401859
bt 0.377572 -0.0170835 0.925823
t -0.095066 -0.946851 0.307302
bt 0.00472196 0.0470396 0.998882
t -0.00402402 -0.972559 0.232623
bt 0.374487 0.0104106 0.927174
t 0.00380491 -0.996352 0.0852582
bt 0.77331 0.00581131 0.634001
t 0.000307903 -0.999999 0.00150442
bt 0.999874 0.00393601 0.0153913
t 0.0196322 -0.995344 -0.0943693
bt 0.784953 -0.00460949 -0.619539
t 0.0198769 -0.958888 -0.283087
bt 0.379876 0.00304326 -0.925032
t -0.0848178 -0.843916 0.529728
bt 0.00159062 0.0158717 0.999873
t 0.0559393 -0.92974 0.363942
bt 0.379193 -0.00390051 0.925309
t 0.000605758 -0.999876 -0.015746
bt 0.78257 0.000562301 0.622563
t -0.00129294 -0.999999 0.000316914
bt 0.999911 -0.00310291 -0.0129963
t 0.00388146 -0.9999 0.0136389
bt 0.772421 8.22018e-05 -0.63511
t 0.0152389 -0.999802 0.012774
bt 0.372726 -0.0288962 -0.927491
t 0.0203998 -0.999773 -0.00617415
bt 0.000156015 -0.00778904 0.99997
t 0.0126343 -0.999735 -0.0192617
bt 0.37248 -0.00661429 0.928017
t 0.00158842 -0.999878 -0.0155244
bt 0.772362 0.00191945 0.63518
t -0.00148511 -0.999999 -0.000319397
bt 0.999911 0.00233689 0.0131027
t 0.0077504 -0.999919 0.0100628
bt 0.782492 0.00742516 -0.622616
t 0.00603813 -0.999361 0.0352431
bt 0.377363 0.000190389 -0.926065
t 0.0203996 -0.999764 0.00752368
bt 7.81354e-05 -0.00397235 0.999992
t 0.013305 -0.99976 -0.0174303
bt 0.377259 0.00578128 0.92609
t 0.00137048 -0.995421 -0.0955781
bt 0.783917 -0.00183637 0.620862
t 0.000253888 -0.999999 0.00129679
bt 0.99994 0.000758809 -0.0108941
t -0.00418896 -0.994711 0.102627
bt 0.773949 0.0238166 -0.6328
t 0.0600862 -0.986821 0.150244
bt 0.382127 -0.0801263 -0.92063
t 0.116772 -0.95317 -0.278982
bt 0.00618494 -0.0505474 0.998703
t 0.024017 -0.971671 -0.235114
bt 0.377154 -0.0222148 0.925884
t 0.00134397 -0.995157 -0.0982921
bt 0.775651 -0.00743834 0.631118
t -0.00255367 -0.999996 -0.00132809
bt 0.999941 0.00149585 0.0108079
t -0.00870253 -0.994594 0.103477
bt 0.783691 0.00301625 -0.621143
t -0.011719 -0.949839 0.312521
bt 0.379634 -0.00517182 -0.925122
t 0.104862 -0.855931 -0.506346
bt 0.00242054 -0.0198194 0.999801
t -0.0355461 -0.930294 -0.365089
bt 0.378989 0.00134346 0.9254
t 0.0026682 -0.983807 -0.179214
bt 0.792778 -0.00896412 0.609444
t 0.000789232 -0.999993 0.00358903
bt 0.999883 -1.49818e-06 -0.0153043
t -0.0692756 -0.985523 0.154741
bt 0.773985 0.0232951 -0.632776
t -0.0150684 -0.979701 0.199899
bt 0.779238 0.00866604 -0.626668
t 0.108563 -0.951334 0.288407
bt 0.403967 -0.128803 -0.90566
t 0.201125 -0.841348 -0.50168
bt 0.0231183 -0.0967143 0.995044
t 0.0387909 -0.902326 -0.429305
bt 0.387679 -0.0339256 0.92117
t 0.00321455 -0.999988 -0.0036507
bt 0.99987 0.00511636 0.0153156
t 0.00295777 -0.982548 -0.185986
bt 0.781142 -0.0119722 0.624239
t -0.0104493 -0.85798 0.513577
bt 0.389144 -0.0102174 -0.92112
t -0.0184626 -0.980645 0.19492
bt 0.790956 0.0112545 -0.611769
t 0.152735 -0.638919 -0.753959
bt 0.010326 -0.0432012 0.999013
t -0.0455904 -0.817445 -0.5742
bt 0.385735 0.00659211 0.922586
t 0.000866593 -0.95888 -0.283811
bt 0.8096 -0.011008 0.586879
t -0.00015707 -0.999971 0.00760435
bt 0.999827 -3.15181e-05 -0.0186006
t -0.0213106 -0.9496 0.31274
bt 0.791428 0.0129568 -0.611125
t 0.163002 -0.87815 0.449759
bt 0.447717 -0.167948 -0.878261
t 0.266733 -0.65551 -0.706512
bt 0.060685 -0.149184 0.986946
t 0.0552698 -0.78753 -0.613793
bt 0.410731 -0.04252 0.910765
t -0.000858259 -0.999971 -0.00761723
bt 0.999809 0.00554057 0.0187419
t 0.0889078 -0.968163 -0.234
bt 0.80192 -0.070008 0.593316
t -0.0256797 -0.953132 0.301462
bt 0.804285 0.0250541 -0.593715
t 0.00391173 -0.740562 0.671977
bt 0.409256 -0.0134396 -0.91232
t 0.166854 -0.410076 -0.896659
bt 0.0270992 -0.066547 0.997415
t -0.0481125 -0.678793 -0.732752
bt 0.399379 0.0155287 0.916654
t 0.000414246 -0.924583 -0.380979
bt 0.831813 -0.0115503 0.554936
t -0.000938987 -0.999953 0.00961336
bt 0.99987 -0.00378177 -0.0156593
t -0.0243893 -0.91133 0.410953
bt 0.812005 0.0247873 -0.583124
t 0.197937 -0.778922 0.595065
bt 0.512396 -0.195265 -0.836255
t 0.286324 -0.467113 -0.836555
bt 0.117179 -0.191186 0.974534
t 0.0631344 -0.669864 -0.739794
bt 0.447401 -0.0456174 0.893169
t 0.0555077 -0.964425 -0.258464
bt 0.802242 -0.0735638 0.59245
t 0.0139628 -0.921433 -0.388286
bt 0.820762 -0.0175757 0.571
t -0.00187376 -0.999952 -0.00963252
bt 0.999874 0.00198421 0.0157235
t -0.0364016 -0.915003 0.401801
bt 0.823456 0.0303033 -0.566571
t 0.0172677 -0.63386 0.773255
bt 0.441025 -0.016754 -0.897338
t 0.157415 -0.256802 -0.953558
bt 0.0570751 -0.0931283 0.994017
t -0.0462865 -0.568084 -0.821668
bt 0.420957 0.0233917 0.906779
t 0.00880626 -0.893173 -0.449627
bt 0.857238 -0.00759978 0.514865
t 0.00163138 -0.999939 0.0108843
bt 0.999901 -0.00551995 -0.0129469
t -0.0289888 -0.87487 0.48349
bt 0.839961 0.0218251 -0.542207
t 0.21268 -0.685718 0.696102
bt 0.585655 -0.20848 -0.783291
t 0.276089 -0.327975 -0.903442
bt 0.191789 -0.227882 0.954613
t 0.0619099 -0.579122 -0.812887
bt 0.497751 -0.0529177 0.865704
t 0.0171861 -0.887278 -0.460915
bt 0.84926 -0.016462 0.527718
t -0.000365077 -0.999941 -0.0109021
bt 0.999915 -0.000748825 0.0129877
t -0.0318018 -0.882696 0.468867
bt 0.847201 0.0343471 -0.530161
t 0.0209009 -0.553393 0.832658
bt 0.481405 -0.0156318 -0.876359
t 0.138779 -0.164843 -0.976508
bt 0.0968314 -0.115071 0.988627
t -0.0366089 -0.504214 -0.862803
bt 0.448579 0.0340009 0.893096
t 0.00837481 -0.863363 -0.504514
bt 0.884148 -0.00108843 0.467206
t -0.000585492 -0.999929 0.0119105
bt 0.99994 0.00207036 -0.0107289
t -0.0237203 -0.846132 0.532446
bt 0.86645 0.0336359 -0.498129
t 0.214582 -0.605364 0.766478
bt 0.664963 -0.211121 -0.716416
t 0.255547 -0.229368 -0.939194
bt 0.28 -0.251343 0.926513
t 0.0610035 -0.515053 -0.854985
bt 0.559072 -0.0565238 0.82719
t 0.0187192 -0.856671 -0.515524
bt 0.880052 -0.0169422 0.474575
t -0.00230843 -0.999926 -0.0119226
bt 0.999938 0.00295816 0.0107331
t -0.0343316 -0.852905 0.520936
bt 0.872288 0.0432818 -0.487074
t 0.0225536 -0.496504 0.867742
bt 0.531983 -0.0128557 -0.846658
t 0.124523 -0.111759 -0.985903
bt 0.144413 -0.129639 0.980989
t -0.0289656 -0.460831 -0.887015
bt 0.487118 0.0415138 0.872349
t 0.0125716 -0.838985 -0.54401
bt 0.913385 -0.000719978 0.407096
t 0.00326612 -0.999912 0.0128748
bt 0.999961 0.000682551 -0.00881192
t -0.0204253 -0.821726 0.569517
bt 0.895954 0.0389715 -0.442435
t 0.204743 -0.536428 0.818734
bt 0.746158 -0.200308 -0.634921
t 0.228012 -0.1553 -0.961193
bt 0.389211 -0.265071 0.882186
t 0.057232 -0.46687 -0.882472
bt 0.632158 -0.0558024 0.772827
t 0.020985 -0.830665 -0.556377
bt 0.909785 -0.0107754 0.414941
t -0.00155637 -0.999915 -0.0129118
bt 0.999957 0.00275211 0.00883424
t -0.0264056 -0.830759 0.556006
bt 0.901493 0.0433002 -0.430621
t 0.019763 -0.453598 0.890987
bt 0.593835 -0.00695889 -0.804556
t 0.1021 -0.0695456 -0.99234
bt 0.207928 -0.141604 0.96784
t -0.023234 -0.430012 -0.902524
bt 0.541264 0.0461425 0.839586
t 0.0117073 -0.817988 -0.575116
bt 0.942665 -0.00245811 0.333731
t 0.0029149 -0.999898 0.0139834
bt 0.999975 -0.00142694 -0.00698271
t -0.00869743 -0.803472 0.595279
bt 0.927522 0.0384239 -0.371789
t 0.187875 -0.479003 0.857472
bt 0.824718 -0.172943 -0.538452
t 0.195026 -0.0980154 -0.975888
bt 0.525635 -0.264132 0.808667
t 0.0515148 -0.430134 -0.901294
bt 0.720902 -0.0523243 0.691059
t 0.0165277 -0.807845 -0.589163
bt 0.93938 -0.00686912 0.342808
t -0.00213515 -0.9999 -0.0140126
bt 0.999975 -0.00071031 0.00698907
t -0.0214966 -0.812271 0.582884
bt 0.931294 0.0428106 -0.361743
t 0.0142839 -0.421513 0.90671
bt 0.666507 0.00570937 -0.745476
t 0.0803404 -0.040384 -0.995949
bt 0.290369 -0.145905 0.945726
t -0.0203467 -0.40706 -0.913175
bt 0.607286 0.0569278 0.792441
t 0.00226724 -0.999993 0.00309791
bt 0.999998 0.00145163 -0.00130485
t 0.0121624 -0.802691 -0.596271
bt 0.957081 -0.000143554 0.28982
t 0.167036 -0.449251 0.877652
bt 0.87446 -0.154514 -0.459832
t -0.0143354 -0.796306 0.604724
bt 0.948084 0.0348889 -0.3161
t 0.166624 -0.0675241 -0.983706
bt 0.630936 -0.25578 0.732459
t 0.0454646 -0.413718 -0.909269
bt 0.781834 -0.0465886 0.621744
t 0.0140948 -0.800439 -0.599248
bt 0.955732 0.00277961 0.294225
t -0.00168575 -0.999994 -0.00310138
bt 0.999999 -0.000612809 0.00129776
t -0.0155501 -0.798625 0.601628
bt 0.948763 0.035552 -0.313981
t 0.0140706 -0.4048 0.914297
bt 0.726264 0.0056883 -0.687393
t 0.0650482 -0.0263553 -0.997534
bt 0.370534 -0.15017 0.916599
t -0.0136188 -0.39537 -0.918421
bt 0.655318 0.0629549 0.752725
t 0.0016094 -0.999947 -0.010198
bt 0.99999 -8.77541e-05 0.00450133
t 0.013142 -0.802003 -0.597175
bt 0.949236 -0.00203436 0.314558
t 0.173708 -0.463786 0.868751
bt 0.860164 -0.167521 -0.481721
t -0.0131386 -0.805816 0.59202
bt 0.943444 0.0333679 -0.329849
t 0.163144 -0.0724198 -0.983941
bt 0.637177 -0.282906 0.716917
t 0.0437038 -0.422364 -0.905372
bt 0.761789 -0.0508001 0.64583
t 0.0127161 -0.809809 -0.586556
bt 0.951681 -0.00149744 0.307084
t -0.00201829 -0.999946 0.0102031
bt 0.999989 0.00117286 -0.0045098
t -0.0183346 -0.796899 0.603835
bt 0.941493 0.0296214 -0.335727
t 0.0167286 -0.408258 0.912713
bt 0.710495 -0.00643082 -0.703673
t 0.0755413 -0.0335255 -0.996579
bt 0.359253 -0.159515 0.919506
t -0.0189249 -0.394971 -0.918498
bt 0.643448 0.0497766 0.76387
t 0.00102023 -0.999925 -0.0121931
bt 0.999974 0.00126059 0.00711592
t 0.0155068 -0.817309 -0.575991
bt 0.926731 -0.0094445 0.375607
t -0.0272637 -0.818643 0.573656
bt 0.920878 0.0319361 -0.388541
t 0.149686 -0.49102 0.858192
bt 0.784054 -0.173114 -0.596063
t 0.188165 -0.108951 -0.976076
bt 0.510432 -0.295563 0.807528
t 0.0385198 -0.444122 -0.895138
bt 0.675529 -0.0443451 0.735999
t 0.0135378 -0.82648 -0.562803
bt 0.92969 -0.00255948 0.368335
t 0.00312816 -0.99992 0.0122782
bt 0.999975 -0.000444739 -0.00709513
t -0.0231529 -0.80964 0.58647
bt 0.916327 0.0298546 -0.399315
t 0.0174825 -0.4287 0.903278
bt 0.639477 -0.0140903 -0.768681
t 0.0888591 -0.0514491 -0.994715
bt 0.265159 -0.153541 0.951901
t -0.0184373 -0.411434 -0.911253
bt 0.57908 0.0418712 0.814195
t 0.000580061 -0.999899 -0.014199
bt 0.999939 0.000773259 0.011015
t 0.0196096 -0.841821 -0.5394
bt 0.895942 -0.0162562 0.443873
t -0.0296854 -0.841685 0.539152
bt 0.890827 0.0341152 -0.45306
t 0.124752 -0.531279 0.837962
bt 0.680504 -0.158286 -0.715443
t 0.167111 -0.129908 -0.977342
bt 0.338077 -0.262853 0.903666
t 0.00996905 -0.466223 -0.884611
bt 0.578116 -0.0268089 0.815514
t 0.0149601 -0.851725 -0.523775
bt 0.900915 -0.00434314 0.433975
t 0.00681923 -0.999877 0.0141196
bt 0.999939 -0.00122011 -0.0109799
t -0.0207084 -0.83244 0.553727
bt 0.884775 0.0253097 -0.46533
t 0.015898 -0.462158 0.886655
bt 0.567077 -0.0232021 -0.823338
t 0.105914 -0.0823295 -0.990961
bt 0.18542 -0.144169 0.972026
t -0.0229971 -0.43802 -0.898671
bt 0.511733 0.0375777 0.858322
t -0.0033241 -0.999883 -0.0149517
bt 0.999866 0.00099735 0.0163129
t 0.0173897 -0.877058 -0.48007
bt 0.856779 -0.0169915 0.515404
t -0.0471266 -0.871422 0.488265
bt 0.856942 0.0339572 -0.514293
t 0.143355 -0.624522 0.767738
bt 0.566843 -0.124696 -0.814334
t 0.207314 -0.226975 -0.951579
bt 0.193909 -0.212324 0.957767
t 0.00928459 -0.527512 -0.849497
bt 0.49566 -0.0138356 0.868407
t -0.000471489 -0.883834 -0.467801
bt 0.867893 -0.0114281 0.49662
t 0.00326134 -0.999884 0.0148548
bt 0.999867 -0.000414474 -0.0163012
t -0.0302028 -0.864291 0.502084
bt 0.848295 0.0170468 -0.52925
t 0.0148889 -0.522075 0.852769
bt 0.494353 -0.0259233 -0.868874
t 0.124864 -0.136701 -0.982711
bt 0.114629 -0.125521 0.985447
t -0.0353982 -0.480909 -0.876056
bt 0.456774 0.0272656 0.889165
t -0.00266497 -0.99991 -0.0131595
bt 0.999756 0.00193955 0.0220244
t 0.00950112 -0.922443 -0.386017
bt 0.817188 -0.019481 0.576042
t -0.0493793 -0.915859 0.398452
bt 0.825954 0.0247325 -0.563195
t 0.135013 -0.749106 0.648545
bt 0.465178 -0.0701653 -0.882432
t 0.226132 -0.379682 -0.897054
bt 0.0897705 -0.150756 0.984487
t -0.100439 -0.516451 -0.850406
bt 0.40974 0.045919 0.911046
t -0.00184795 -0.928389 -0.371605
bt 0.833121 -0.0129997 0.552938
t 0.00154092 -0.999913 0.0130725
bt 0.999756 -0.000650872 -0.022098
t -0.0382508 -0.909226 0.414542
bt 0.810272 0.015161 -0.585858
t 0.00847207 -0.624446 0.781022
bt 0.432264 -0.0215251 -0.90149
t 0.145443 -0.244195 -0.958757
bt 0.0553407 -0.0929453 0.994132
t -0.0467083 -0.565119 -0.823686
bt 0.414033 0.0158326 0.910124
t -0.00106577 -0.968573 -0.248726
bt 0.785518 -0.0173591 0.618596
t -0.00117699 -0.999964 -0.00843503
bt 0.999664 0.0010412 0.0259129
t -0.0463344 -0.963321 0.264323
bt 0.802052 0.0146865 -0.597073
t 0.0929048 -0.889547 0.447297
bt 0.401689 -0.0134209 -0.915678
t -0.00952446 -0.617606 -0.78643
bt 0.383845 0.0953691 0.91846
t 0.20316 -0.629804 -0.749715
bt 0.0234658 -0.0727331 0.997075
t -0.00423567 -0.797794 -0.602916
bt 0.395139 0.0106256 0.91856
t -0.00558665 -0.971697 -0.236165
bt 0.80469 -0.00782959 0.593644
t 0.00104468 -0.999964 0.00837352
bt 0.999665 -0.000112344 -0.0258947
t -0.0366378 -0.960763 0.274938
bt 0.782688 0.00622786 -0.622383
t -0.0117129 -0.779169 0.626704
bt 0.391519 -0.015992 -0.920031
t 0.14584 -0.451935 -0.880049
bt 0.0180919 -0.0560924 0.998262
t -0.113637 -0.638515 -0.761173
bt 0.38015 0.0251378 0.924583
t -0.00266208 -0.999995 -0.00179216
bt 0.999421 -0.00137952 0.034
t -0.00474084 -0.998897 -0.0467119
bt 0.76698 -0.00320293 0.641663
t -0.0251568 -0.997975 0.0584286
bt 0.793401 0.0039628 -0.608686
t 0.0103048 -0.995207 0.0972505
bt 0.382412 0.0444853 -0.922921
t 0.0423031 -0.828395 -0.558545
bt -0.000407231 0.00796497 0.999968
t -0.0308696 -0.980409 -0.194537
bt 0.383955 0.0147472 0.923234
t -0.00736304 -0.998968 -0.0448129
bt 0.793675 -0.0066345 0.608306
t 0.00262192 -0.999995 0.00161111
bt 0.999421 -0.00107954 -0.0339941
t -0.0264298 -0.997549 0.0647904
bt 0.766952 0.0024684 -0.641699
t -0.0122162 -0.987569 0.156713
bt 0.371671 -0.00567403 -0.928347
t 0.0348025 -0.681512 -0.730979
bt 0.000607657 -0.0119089 0.999929
t -0.174781 -0.821951 -0.542077
bt 0.371113 0.00434376 0.928577
t 0.000644122 -0.999951 0.00983035
bt 0.999311 -0.00256025 0.0370231
t -0.00928392 -0.979268 0.202354
bt 0.777596 0.0146909 0.628593
t 0.0145474 -0.979475 -0.201041
bt 0.803614 -0.0165932 -0.59492
t -0.151465 -0.960016 -0.235431
bt 0.405571 0.0391001 -0.913227
t 0.0485448 -0.950616 0.30655
bt -0.000502752 0.0098353 0.999952
t -0.22462 -0.851389 0.474006
bt 0.024664 0.0934636 0.995317
t -0.049563 -0.899616 0.43386
bt 0.400175 0.0138098 0.916335
t -0.00194095 -0.981926 0.189254
bt 0.80547 0.00223658 0.592633
t -0.00182903 -0.999951 -0.00973979
bt 0.999312 0.00271893 -0.0369818
t -0.00396079 -0.978438 -0.206502
bt 0.775355 -0.00725618 -0.631483
t -0.0953732 -0.927509 -0.361428
bt 0.386725 0.0219564 -0.921934
t 0.167737 -0.939272 0.299385
bt 0.371114 0.00433042 0.928577
t 0.0454043 -0.889121 0.455415
bt 0.000600464 -0.0117683 0.999931
t -0.192626 -0.730127 0.655598
bt 0.011328 0.0429163 0.999014
t -0.00216956 -0.8452 0.534446
bt 0.380694 -0.00520626 0.924687
t -0.0157436 -0.917401 0.397652
bt 0.820161 0.0209891 0.571748
t 0.00363392 -0.99984 0.0175056
bt 0.999615 0.00195934 0.0276661
t -0.000468817 -0.854244 -0.519873
bt 0.40994 0.0607897 -0.910084
t 0.0692386 -0.906463 -0.416571
bt 0.812627 -0.106171 -0.573032
t -0.151291 -0.746402 -0.64807
bt 0.50161 0.130073 -0.855259
t -0.255457 -0.406278 0.877314
bt 0.103536 0.164619 0.980908
t -0.0235651 -0.638127 0.76957
bt 0.449921 0.0185292 0.892876
t -0.00486056 -0.999839 -0.0172747
bt 0.999611 0.00381088 -0.027644
t -0.110503 -0.942861 0.314328
bt 0.8492 0.0743584 0.52281
t -0.029036 -0.629079 -0.776799
bt 0.434167 0.0144296 -0.900717
t 0.0168122 -0.908823 -0.416843
bt 0.812243 -0.0171691 -0.583067
t -0.163816 -0.260459 0.951486
bt 0.058163 0.0924813 0.994014
t 0.0275217 -0.571505 0.820137
bt 0.414373 -0.0236722 0.909799
t -0.024127 -0.85792 0.513217
bt 0.874654 0.0167647 0.484458
t 0.00124329 -0.999763 0.0217265
bt 0.999798 0.00226295 0.0199521
t 0.169172 -0.8684 -0.466113
bt 0.819695 -0.0805152 -0.567113
t 0.0942661 -0.842977 -0.529626
bt 0.832234 -0.163439 -0.529787
t -0.14958 -0.586075 -0.79633
bt 0.625886 0.14526 -0.766268
t -0.215804 -0.19879 0.955987
bt 0.238361 0.21962 0.946018
t -0.0211506 -0.505056 0.862827
bt 0.531246 0.0127698 0.847121
t -0.0585118 -0.936546 0.345626
bt 0.850165 0.0828267 0.519961
t -0.00938924 -0.871012 0.491172
bt 0.887764 0.0100071 0.460191
t -0.00148382 -0.999764 -0.0216793
bt 0.999797 0.00291344 -0.0199466
t 0.0209176 -0.846631 -0.531769
bt 0.861766 -0.0307802 -0.506372
t -0.1478 -0.573757 -0.805579
bt 0.579483 0.0939926 -0.809546
t -0.127431 -0.117391 0.984876
bt 0.135229 0.124557 0.982954
t 0.0250606 -0.459245 0.887956
bt 0.478639 -0.0356021 0.87729
t -0.0201666 -0.809075 0.587359
bt 0.931997 0.00748307 0.362388
t -0.000297503 -0.999657 0.0261942
bt 0.999897 -0.00214055 0.0141577
t 0.139884 -0.827021 -0.54449
bt 0.85545 -0.103021 -0.507535
t 0.0246494 -0.821651 -0.569457
bt 0.926012 -0.0514542 -0.373971
t -0.128631 -0.477445 -0.869195
bt 0.782778 0.134424 -0.607609
t -0.17271 -0.0926551 0.980605
bt 0.434967 0.233321 0.869693
t -0.0198987 -0.433938 0.900723
bt 0.663113 0.00400648 0.748509
t -0.00390123 -0.826778 0.562515
bt 0.937606 -0.00661789 0.347638
t -0.00662522 -0.999637 -0.0261157
bt 0.999895 0.0037983 -0.0140099
t -0.0922507 -0.539574 -0.836869
bt 0.627337 0.164306 -0.761218
t 0.00829531 -0.803863 -0.594756
bt 0.920019 -0.0366819 -0.390154
t -0.0249587 -0.423871 -0.905379
bt 0.654728 0.00857604 -0.755816
t -0.0889718 -0.0477356 0.99489
bt 0.271546 0.145657 0.951339
t 0.0136318 -0.406808 0.913412
bt 0.588528 -0.0501081 0.806923
t -0.00292187 -0.999455 0.0328825
bt 0.999973 -5.8343e-05 0.00740743
t -0.0127834 -0.775452 0.631277
bt 0.983478 0.000147855 0.181026
t 0.00654271 -0.79967 -0.600404
bt 0.97937 -0.0427201 -0.197509
t -0.104395 -0.409939 -0.906119
bt 0.938722 0.0674234 -0.338017
t -0.104336 -0.023528 0.994264
bt 0.779356 0.17568 0.601449
t -0.0224983 -0.396454 0.917779
bt 0.874604 -0.00959826 0.484743
t -0.00601451 -0.800691 0.599047
bt 0.984565 -0.0110711 0.174667
t -0.00292693 -0.999455 -0.0328731
bt 0.999972 -0.000509036 -0.00741871
t 0.00969143 -0.77345 -0.633783
bt 0.977289 -0.0354012 -0.208934
t -0.0117237 -0.381139 -0.924443
bt 0.873655 -0.00227081 -0.486541
t -0.0402832 -0.00908896 0.999147
bt 0.619704 0.139689 0.772304
t 0.0186688 -0.375219 0.926748
bt 0.73939 -0.105571 0.664949
t -0.00178898 -0.999178 0.0405042
bt 0.999992 -0.00109506 -0.00385926
t 0.00442773 -0.763776 0.645466
bt 0.996029 -0.0112822 -0.0883072
t -0.0046177 -0.798212 -0.602359
bt 0.997834 -0.0109457 0.0648593
t -0.0725503 -0.377274 -0.923256
bt 0.993491 -0.0375634 0.10754
t -0.0354856 0.00343533 0.999364
bt 0.960016 -0.0931698 0.263986
t -0.0298557 -0.386018 0.922008
bt 0.994031 -0.106498 0.0236907
t 0.00040399 -0.798402 0.602125
bt 0.997591 -0.00501446 -0.0691904
t 0.00504621 -0.998867 -0.047315
bt 0.999857 0.000133554 0.0169256
t -0.00375269 -0.77245 -0.635065
bt 0.996706 -0.0212329 0.0782771
t 0.0118393 -0.37346 -0.927571
bt 0.993981 -0.106604 -0.0252606
t 0.0177659 -0.00173263 0.999841
bt 0.913769 -0.0886827 0.396437
t -0.0073439 -0.377765 0.925872
bt 0.952671 -0.196972 0.231558
t 0.0233398 -0.870562 0.491505
bt 0.793618 -0.045442 -0.606717
t -0.028841 -0.9929 -0.1154
bt 0.906254 0.00146171 -0.42273
t -0.0625995 -0.387872 -0.919585
bt 0.914662 0.29002 0.281569
t 0.00402217 -0.735554 -0.677455
bt 0.939636 0.341092 -0.0272075
t -0.0575701 -0.38325 0.921849
bt 0.787309 0.173154 -0.591745
t -0.0423024 0.00409758 0.999096
bt 0.826074 -0.0801777 -0.557829
t -0.059671 0.00602409 0.9982
bt 0.724494 0.0800308 -0.684619
t -0.0199077 -0.360219 0.932655
bt 0.813298 0.318704 -0.4868
t 0.0355898 -0.994072 0.102738
bt 0.90293 0.00142235 0.429784
t -0.0448044 -0.74358 0.667144
bt 0.965193 0.141227 0.220131
t 0.0490513 -0.47658 -0.877761
bt 0.637888 -0.16906 0.751343
t -0.0230587 -0.822582 -0.568179
bt 0.776227 -0.0326486 0.629608
t -0.0217 -0.424561 0.905139
bt 0.514365 -0.0297196 -0.857056
t -0.00614192 -0.377879 0.925835
bt 0.730019 0.19003 -0.656476
t 0.0189068 -0.00184365 0.99982
bt 0.548813 -0.0532631 -0.834247
t 0.102267 -0.0787878 0.991632
bt 0.279226 -0.215051 -0.935834
t 0.0168073 -0.0702203 -0.99739
bt 0.0283504 -0.0672955 -0.99733
t -0.0577224 0.154817 0.986256
bt -0.0117435 0.169705 0.985425
t 0.0708599 -0.26665 -0.961185
bt 0.312718 -0.119304 -0.942324
t -0.018902 0.0695866 -0.997397
bt -0.011211 0.0715308 -0.997375
t -0.195189 0.144174 0.970111
bt -0.172467 0.169711 0.970285
t -0.0924657 -0.363118 -0.927144
bt 0.0912507 -0.0805698 -0.992563
t -0.10247 0.0624515 -0.992774
bt -0.101067 0.0647235 -0.992772
t -0.0636595 0.124729 0.990147
bt -0.0593243 0.131609 0.989525
t 0.0344545 0.0610877 0.997538
bt 0.0382888 0.0678859 0.996958
t 0.139657 -0.0016382 0.990199
bt 0.143779 0.00517614 0.989596
t -0.00948821 -0.35972 0.933012
bt 0.299555 -0.0211139 0.953846
t -0.137217 0.228709 -0.963776
bt -0.136507 0.229125 -0.963778
t 0.0153815 -0.29699 0.954757
bt 0.402055 -0.0579958 0.913777
t 0.0297716 -0.16393 0.986023
bt 0.0632593 -0.153014 0.986197
t -0.00369068 -0.0752845 0.997155
bt 0.0295883 -0.0668775 0.997322
t -0.00476522 -0.00112573 -0.999988
bt 0.0204148 0.00482278 -0.99978
t 0.0493398 -0.418944 -0.90667
bt 0.332343 0.0417381 -0.942235
t 0.324826 -0.112978 -0.939002
bt 0.333378 -0.0824598 -0.93918
t 0.265514 -0.116039 -0.957099
bt 0.269183 0.112771 -0.956464
t -0.0563755 -0.0837545 -0.99489
bt 0.0768854 0.0757262 -0.99416
t -0.269141 1.70177e-05 0.963101
bt -0.268996 0.00868898 0.963102
t 0.133329 -0.0111758 -0.991009
bt 0.130215 0.0160383 -0.991356
t 0.000217284 -0.0014263 0.999999
bt -0.000125078 0.000821035 1
t 0.253482 -0.0309042 0.966846
bt 0.253443 0.0342003 0.966746
t 0.00232649 -0.0152716 -0.999881
bt 0.000912575 -0.00599031 -0.999982
t -0.132499 -0.0315687 -0.99068
bt -0.13364 -0.0220356 -0.990785
t -0.253558 -0.0169382 -0.967172
bt -0.253591 -0.00670567 -0.967288
t 0.330937 -0.10454 0.937844
bt 0.340003 -0.0691579 0.937878
t 0.0729853 -0.385919 0.919641
bt 0.340231 0.0570688 0.938608
t -0.068844 -0.0660825 0.995436
bt 0.117091 0.156178 0.980764
t -0.0106629 -0.230485 0.973017
bt 0.271827 0.138179 0.952374
t -0.090116 -0.348857 -0.932833
bt 0.462187 0.738682 0.490645
t 0.040828 -0.430597 -0.90162
bt 0.330333 0.819946 0.467513
t -0.20335 -0.258805 -0.944282
bt 0.561121 0.679221 0.473076
t 0.491411 -0.289651 0.821351
bt 0.760537 -0.448292 -0.4697
t 0.281413 -0.487337 0.826625
bt 0.413821 -0.716661 -0.561382
t 0.0455562 -0.0152516 0.998845
bt 0.234624 -0.0877167 -0.968121
t 0.0386242 -0.0101817 0.999202
bt 0.234305 -0.061684 -0.970204
t 0.41314 -0.236451 0.879435
bt 0.780651 -0.448984 -0.434738
t 0.0150016 0.00238174 0.999885
bt 0.488909 -0.0333531 -0.871697
t -0.00933908 -0.30958 -0.950828
bt 0.998752 0.0107356 0.048784
t -0.0321038 -0.711781 -0.701667
bt 0.933528 0.221643 0.281779
t 0.265035 -0.10946 0.958006
bt 0.866737 -0.363282 -0.341751
t -0.0798104 -0.7176 -0.691868
bt 0.864484 0.188139 0.466124
t -0.00531353 0.0022477 0.999983
bt 0.80893 0.087457 0.581363
t 0.014703 0.00239856 0.999889
bt 0.890089 -0.0539776 0.45258
t -0.00987126 -0.282405 0.959245
bt 0.892795 -0.208845 0.399126
t -0.00978336 -0.309576 -0.950824
bt 0.999785 0.00157292 0.020656
t -0.0264548 -0.712108 -0.701572
bt 0.998725 -0.0249821 0.0438619
t 0.072484 -0.0132253 0.997282
bt 0.963831 -0.188225 -0.188683
t -0.0847599 -0.716447 -0.692473
bt 0.918287 0.0832402 0.387066
t -0.0170749 -0.00117382 0.999854
bt 0.689554 0.121913 0.7139
t -0.159803 -0.0185477 0.986975
bt 0.99256 0.115108 0.0396898
t -0.0357169 -0.79105 0.610708
bt 0.993022 0.0594385 0.101854
t -0.0447889 -0.0119325 0.998925
bt 0.541695 0.144293 0.828098
t -0.371426 -0.17072 0.912632
bt 0.868546 0.399184 0.293735
t -0.0382746 -0.791161 0.61041
bt 0.99003 0.00918252 0.140559
t -0.0772186 -0.0355013 0.996382
bt 0.408673 0.187817 0.893147
t -0.478835 -0.392747 0.785154
bt 0.674203 0.553008 0.489524
t -0.121188 -0.0993912 0.987641
bt 0.173962 0.1427 0.974358
t -0.484733 -0.619911 0.617044
bt 0.461496 0.590226 0.662311
t -0.0885251 -0.619594 -0.779914
bt 0.532225 0.138353 -0.835221
t -0.147464 -0.188568 0.970926
bt 0.0821886 0.105136 0.991056
t -0.398535 -0.804065 0.441192
bt 0.255709 0.515924 0.817579
t -0.157986 -0.671888 -0.723607
bt 0.500825 0.0809838 -0.861752
t -0.145369 -0.293212 0.944931
bt 0.0346227 0.0698096 0.996959
t -0.230395 -0.938984 0.255396
bt 0.0817012 0.332989 0.939385
t -0.138239 -0.563388 0.814545
bt 0.00851283 0.0347068 0.999361
t -0.136719 -0.962552 -0.234098
bt 0.399953 0.0443843 -0.915461
t -0.00359694 -0.999274 0.0379189
bt 0.000177789 0.0500425 0.998747
t -0.00293286 -0.814666 0.579923
bt -2.62e-06 -7.81367e-05 1
t 0.235879 -0.95284 -0.190935
bt 0.0632513 -0.255508 0.964736
t 0.168832 -0.682 -0.711598
bt 0.0125912 -0.0508644 0.998626
t -0.00304666 -0.846266 -0.532753
bt -2.61724e-06 -7.81321e-05 1
t 0.421753 -0.805163 -0.416937
bt 0.252383 -0.481795 0.839152
t 0.165628 -0.316219 -0.934116
bt 0.0354997 -0.0677468 0.997071
t -0.22578 -0.513317 -0.827967
bt 0.378316 0.0619648 0.9236
t 0.511853 -0.570502 -0.642288
bt 0.499195 -0.556372 0.66427
t 0.148152 -0.165141 -0.975079
bt 0.10346 -0.115296 0.987929
t 0.429945 -0.264992 -0.863091
bt 0.761492 -0.469348 0.447037
t 0.0975105 -0.060096 -0.993418
bt 0.235541 -0.14518 0.960959
t 0.216029 -0.0579182 -0.974668
bt 0.947925 -0.25418 0.191914
t 0.0476078 -0.0127574 -0.998785
bt 0.560206 -0.150222 0.814618
t 0.0416714 -0.403909 0.913849
bt 0.954665 -0.144019 -0.260527
t 0.0615354 -0.000480582 -0.998105
bt 0.999538 -0.00799412 0.0293165
t -1.34119e-05 1.16702e-05 -1
bt 0.814235 -0.00651441 0.580498
t -0.0619542 -0.780035 -0.622661
bt 0.990277 0.0664358 -0.12222
t -0.224129 -0.0490966 -0.973322
bt 0.974384 0.213358 -0.0710957
t -0.0458972 -0.01007 -0.998895
bt 0.826051 0.180868 -0.533786
t -1.34715e-05 1.16564e-05 -1
bt 0.841556 -0.00673259 -0.540128
t -0.063299 -0.780087 -0.622461
bt 0.987813 0.0278602 -0.153131
t -0.338667 -0.15122 -0.928675
bt 0.880636 0.393202 -0.264332
t -0.229618 -0.050304 -0.97198
bt 0.955576 0.20926 -0.207568
t -0.0619099 -0.0276485 -0.997699
bt 0.391305 0.174712 -0.903524
t -0.0478926 -0.0105081 -0.998797
bt 0.460776 0.100889 -0.881764
t 0.0526441 -0.378126 -0.924256
bt 0.570183 -0.209963 -0.794234
t -0.512067 -0.361718 -0.779068
bt 0.718351 0.507467 -0.475866
t -0.106826 -0.0754442 -0.991411
bt 0.200349 0.14155 -0.969445
t -0.511613 -0.531523 -0.675081
bt 0.544608 0.565824 -0.619068
t -0.121199 -0.125902 -0.984611
bt 0.11826 0.122881 -0.98535
t -0.459484 -0.69918 -0.547743
bt 0.365832 0.556679 -0.745839
t -0.147048 -0.223753 -0.963489
bt 0.0688575 0.104783 -0.992108
t -0.358891 -0.839997 -0.406943
bt 0.200908 0.470249 -0.859361
t -0.153266 -0.358711 -0.92078
bt 0.0296103 0.0693201 -0.997155
t -0.231303 -0.938066 -0.257938
bt 0.0687331 0.27872 -0.95791
t -0.13061 -0.957832 -0.255926
bt 0.415063 0.19842 -0.887892
t -0.0376162 -0.89526 0.443954
bt 0.387786 0.0318391 0.921199
t -0.136647 -0.554202 -0.82109
bt 0.0127968 0.0518673 -0.998572
t -0.0991762 -0.987791 -0.120141
bt 0.0135358 0.134825 -0.990777
t -0.166444 -0.970154 -0.176346
bt 0.395211 0.0711825 -0.915828
t -0.114679 -0.950166 0.289886
bt 0.390858 0.047622 0.919218
t -0.0843517 -0.839278 -0.537119
bt 0.00173866 0.0173448 -0.999848
t 0.0204 -0.999787 0.0031049
bt 0.00034069 -0.0168398 -0.999858
t 0.0203991 -0.999742 -0.00999124
bt -5.282e-06 0.000115353 -1
t 0.0331352 -0.996823 0.072427
bt 0.776519 -0.0308319 -0.629339
t 0.120898 -0.986861 0.107188
bt 0.0184382 -0.150567 -0.988428
t 0.107095 -0.874162 0.473679
bt 0.00209238 -0.0171407 -0.999851
t 0.015849 -0.996131 0.0864423
bt 0.776522 -0.0309161 -0.629331
t 0.227144 -0.950193 0.2134
bt 0.0657442 -0.275028 -0.959186
t 0.150699 -0.630404 0.761499
bt 0.0122317 -0.0511735 -0.998615
t 0.353289 -0.86825 0.348323
bt 0.160934 -0.39556 -0.90423
t -0.0686279 -0.93613 -0.344892
bt 0.781053 0.06866 0.620679
t 0.157648 -0.387455 0.908309
bt 0.0276806 -0.0679755 -0.997303
t 0.455815 -0.743635 0.489122
bt 0.283794 -0.463008 -0.839693
t -0.160446 -0.900478 -0.404224
bt 0.782441 0.0619305 0.619638
t 0.159109 -0.259567 0.952528
bt 0.0618678 -0.100947 -0.992966
t 0.513554 -0.610101 0.603356
bt 0.423844 -0.503567 -0.752846
t 0.143361 -0.170287 0.97491
bt 0.0985074 -0.117062 -0.988227
t 0.538354 -0.48322 0.690415
bt 0.553642 -0.496961 -0.668214
t 0.126605 -0.113628 0.985424
bt 0.146912 -0.131883 -0.980318
t 0.532653 -0.362779 0.764639
bt 0.687708 -0.468369 -0.554697
t 0.111351 -0.075846 0.990883
bt 0.213628 -0.145486 -0.966021
t 0.490354 -0.246422 0.83596
bt 0.799126 -0.401572 -0.447367
t 0.0791781 -0.0398 0.996066
bt 0.283668 -0.142538 -0.94827
t 0.449503 -0.182198 0.874501
bt 0.861985 -0.349433 -0.367259
t 0.0627978 -0.0254433 0.997702
bt 0.351761 -0.142563 -0.92517
t 0.414774 -0.184141 0.891098
bt 0.859203 -0.381477 -0.340948
t 0.077814 -0.0345345 0.99637
bt 0.367267 -0.163073 -0.915708
t 0.467445 -0.270666 0.841567
bt 0.774442 -0.448434 -0.446259
t 0.0928411 -0.0537548 0.994229
bt 0.264913 -0.153398 -0.951993
t 0.334816 -0.260292 0.905619
bt 0.60125 -0.467454 -0.648063
t 0.107425 -0.0835048 0.9907
bt 0.180267 -0.140164 -0.97358
t 0.398512 -0.43632 0.80673
bt 0.395696 -0.433259 -0.80976
t 0.120608 -0.13204 0.98388
bt 0.112366 -0.123043 -0.986019
t 0.381105 -0.639905 0.667293
bt 0.178535 -0.299801 -0.937147
t 0.0763339 -0.70017 -0.709884
bt 0.483435 -0.112291 0.868148
t 0.146497 -0.245964 0.958144
bt 0.0521444 -0.0875781 -0.994792
t 0.271451 -0.8415 0.467111
bt 0.0422003 -0.13081 -0.990509
t 0.169816 -0.775331 -0.608296
bt 0.470312 -0.0817654 0.878704
t 0.148209 -0.459276 0.875842
bt 0.0168141 -0.0521325 -0.998499
t 0.152441 -0.925132 -0.347696
bt 0.402827 -0.0597276 0.913325
t 0.0504616 -0.988158 0.144904
bt -0.00284642 0.0557299 -0.998442
t 0.0332949 -0.651991 0.757496
bt 0.000878649 -0.0172154 -0.999851
t -0.244313 -0.926027 -0.287723
bt 0.0607956 0.230413 -0.971192
t -0.161315 -0.963271 -0.214677
bt 0.419495 0.112491 -0.900761
t -0.191283 -0.725037 -0.661613
bt 0.00891868 0.0337842 -0.999389
t 0.0449608 -0.880436 -0.472029
bt 0.000868215 -0.017011 -0.999855
t -0.0976045 -0.941619 -0.322223
bt 0.849118 0.0736592 -0.523043
t -0.416144 -0.661808 -0.623566
bt 0.219813 0.349534 -0.910773
t -0.0213426 -0.874703 -0.484189
bt 0.435477 0.217758 -0.873465
t 0.0697556 -0.906299 0.416841
bt 0.808955 -0.118681 0.575766
t -0.153107 -0.243431 -0.957758
bt 0.0526185 0.0836658 -0.995104
t 0.236005 -0.452358 -0.860043
bt 0.368374 -0.0569718 -0.92793
t -0.102329 -0.88653 -0.451212
bt 0.901168 0.0831639 -0.425418
t -0.0594099 -0.936685 -0.345098
bt 0.851223 0.0929282 -0.516511
t -0.43766 -0.403183 -0.803677
bt 0.448263 0.412993 -0.792778
t 0.167767 -0.869026 0.465455
bt 0.815258 -0.0968954 0.570934
t -0.129826 -0.119597 -0.984298
bt 0.124924 0.115065 -0.985471
t 0.108755 -0.395252 -0.912112
bt 0.363011 -0.163854 -0.917265
t -0.0763256 -0.88311 -0.462916
bt 0.903394 0.0999908 -0.416991
t -0.391319 -0.209923 -0.895992
bt 0.698258 0.374561 -0.610033
t -0.0964714 -0.0517586 -0.993989
bt 0.266148 0.142761 -0.953302
t 0.130349 -0.377824 -0.916656
bt 0.402754 -0.121772 -0.907172
t -0.296027 -0.0667395 -0.952845
bt 0.915619 0.2064 -0.345024
t -0.0477186 -0.0107651 -0.998803
bt 0.638597 0.143948 -0.755959
t -0.0422459 -0.386717 0.92123
bt 0.973583 0.148389 0.173544
t -0.227084 0.0220312 -0.973626
bt 0.995149 -0.0965823 0.0187249
t 0.0154894 -0.0015117 -0.999879
bt 0.91753 -0.0890477 -0.387568
t -0.17342 -0.0345499 -0.984242
bt 0.905307 0.116941 0.408342
t 0.100396 -0.0773467 -0.991937
bt 0.283174 -0.218091 0.933943
t 0.0160726 -0.00156854 -0.99987
bt 0.5655 -0.0548829 0.82292
t -0.0185913 -0.370883 -0.928494
bt 0.602295 0.246333 0.759316
t -0.056912 -0.191205 -0.979899
bt 0.781596 0.148852 -0.605765
t -0.0116857 -0.572181 -0.820044
bt 0.807145 -0.402979 -0.431422
t 0.518391 -0.655316 -0.549392
bt 0.396213 -0.0862605 -0.914097
t -0.220729 -0.549123 -0.806066
bt 0.371877 0.0705236 -0.925599
t 0.496054 -0.778923 -0.383679
bt 0.693848 0.0368877 -0.719176
t -0.315138 -0.665924 0.676191
bt 0.120239 -0.0335447 0.992178
t -0.481719 -0.854279 0.195334
bt -0.0472091 -0.0837433 0.995368
t 0.400212 -0.692984 0.59967
bt 0.0892058 -0.154477 0.983961
t 0.516295 -0.71003 0.47885
bt 0.370279 -0.0183224 0.92874
t 0.541008 -0.716758 0.439965
bt 0.695161 0.0241178 0.71845
t -0.015721 -0.231922 0.972607
bt 0.913801 -0.287708 0.286692
t -0.0278195 -0.0813364 0.996298
bt 0.921511 0.208678 0.327523
t -0.018012 -0.179109 0.983664
bt 0.815569 0.169206 0.553368
t -0.0367627 -0.569718 0.821018
bt 0.883767 -0.337582 0.324029
t -0.0132513 -0.0777934 -0.996881
bt 0.944908 0.22099 -0.24148
t -0.0133742 -0.00316128 -0.999906
bt 0.883663 0.208742 -0.419006
t 0.0142782 -0.00376538 -0.999891
bt 0.957887 -0.252176 -0.137329
t -0.0314002 -0.228293 -0.973086
bt 0.948019 -0.267989 -0.171587
t 0.350577 -0.607042 -0.713159
bt 0.194418 -0.336653 -0.92134
t -0.490506 -0.869857 -0.0524685
bt -0.324042 -0.574669 -0.7515
t 0.0136276 -0.00359408 0.999901
bt 0.959878 -0.2527 0.121559
t -0.00448765 -0.00106206 0.999989
bt 0.820036 0.193712 0.538531
t -0.07286 -0.976687 0.201927
bt 0.269195 0.00510647 -0.963072
t -0.153933 -0.945437 -0.287148
bt 0.368461 0.0593162 -0.927749
t -0.0975706 -0.357826 -0.928677
bt 0.394074 0.31623 -0.862962
t -0.0526485 -0.386469 -0.920799
bt 0.603798 -0.199984 -0.771644
t 0.0552516 -0.72511 -0.686413
bt 0.743517 -0.335918 -0.578222
t -0.0580212 0.00622884 0.998296
bt 0.353238 0.0560122 0.933855
t -0.0110357 -0.359008 0.933269
bt 0.476045 -0.245695 0.844402
t -0.0665285 -0.900542 0.429649
bt 0.365313 0.0413636 0.929965
t -0.121818 -0.876706 -0.465346
bt 0.253605 0.0016892 0.967306
t -0.0364138 -0.611757 -0.790207
bt 0.139068 -0.025061 0.989966
t 0.0379884 -0.249369 0.967663
bt 0.00351922 -0.0231113 -0.999727
t -0.0677451 -0.442416 0.894247
bt 0.133308 -0.0108481 -0.991015
t -0.190665 -0.0366327 -0.980971
bt 0.844424 0.0969279 -0.526833
t -0.192388 -0.245781 -0.950042
bt 0.540741 0.638107 -0.548105
t 0.0873773 -0.717502 0.691055
bt 0.727029 -0.35364 0.58853
t 0.0366811 -0.240787 -0.969885
bt 0.00270278 -0.0177517 0.999839
t -0.100488 -0.371957 -0.922795
bt 0.312868 0.195046 0.929554

