g sponza_119
t 0 0 1
bt -1 0 8.58585e-05
t 0.000877591 0 1
bt -1 0 0
t 0 0 1
bt -1 0 5.7239e-05
t 0 0 1
bt -1 0 5.7239e-05
t 0 0 1
bt -1 0 0
t 0 -0.966037 0.258403
bt 1 0 0
t 0 -1 0
bt 1 0 0
t 0 -1 0
bt 0.707111 0 0.707102
t -0.223654 -0.951585 0.210865
bt 0.716158 0.0605155 0.69531
t -0.223654 -0.951585 0.210865
bt 0.716158 0.0605155 0.69531
t 0 -1 0
bt 0.707111 0 0.707102
t 0 -1 0
bt -0.707102 -0.000790183 0.707111
t -0.222682 -0.951595 -0.21185
bt -0.689834 0.0551477 0.721864
t -0.829331 -0.544422 -0.12576
bt -0.226457 0.399922 0.888133
t -0.829181 -0.544562 0.126138
bt 0.225881 -0.400248 0.888132
t -0.102262 -0.891639 -0.441047
bt -0.760442 -0.337914 0.554565
t -0.177589 -0.419259 -0.890328
bt -0.939219 -0.319567 0.125478
t -0.137024 -0.562518 -0.815351
bt -0.899175 -0.376102 0.223675
t -0.976033 -0.209862 -0.0576027
bt -0.0432113 0.214398 0.97579
t -0.97607 -0.209184 0.0594034
bt 0.0428429 -0.213745 0.97595
t -0.0345827 -0.228585 0.97291
bt 0.981425 0.187988 0.0382839
t 0 -0.505394 0.862889
bt 1 0 0
t 0.00148177 -0.693522 0.720434
bt 1 0 0
t -0.0571742 -0.534044 0.843521
bt 0.899176 0.376102 0.223676
t -0.750672 0 0.660675
bt 0 -1 0
t -0.750672 0 0.660675
bt 0 -1 0
t -0.750672 0 0.660675
bt 0 -1 0
t -0.750672 0 0.660675
bt 0 -1 0
t 0 0 1
bt 0 -1 0
t 0 0 1
bt 0 -1 0
t 0 0 1
bt 0 -1 0
t 0 0 1
bt 0 -1 0
t 0.750672 0 0.660675
bt 0 -1 0
t 0.750672 0 0.660675
bt 0 -1 0
t 0.750672 0 0.660675
bt 0 -1 0
t 0.750672 0 0.660675
bt 0 -1 0
t 1 0 0
bt 0 -1 0
t 1 0 0
bt 0 -1 0
t 1 0 0
bt 0 -1 0
t 1 0 0
bt 0 -1 0
t 0.508551 0.0574936 -0.85911
bt -0.563267 -0.526979 -0.636414
t 0.499648 0.0751147 -0.862966
bt -0.780846 -0.556099 -0.284662
t 0.900829 -0.0540233 -0.430799
bt -0.343705 -0.590749 -0.729988
t 0.904233 -0.069483 -0.421349
bt -0.242426 -0.592333 -0.768356
t -0.320756 0.0809729 -0.943694
bt -0.862504 -0.500164 -0.0769605
t -0.311706 0.0631851 -0.948076
bt -0.78086 -0.556098 0.284628
t -0.904234 0.069482 -0.421347
bt -0.343721 -0.590695 0.730024
t -0.900828 0.0540259 -0.430802
bt -0.686478 -0.52626 0.501795
t -1 0 0
bt 0.31797 -0.596415 0.73701
t -1 0 0
bt -0.343713 -0.590737 0.729994
t 0.425757 0.0233942 -0.904535
bt -0.214635 -0.943813 -0.251294
t 0.356752 0.0762173 -0.931085
bt -0.796652 -0.577622 -0.178041
t 0.921934 -0.140446 -0.360988
bt -0.283108 -0.655066 -0.700527
t 0.935357 -0.0220969 -0.353013
bt -0.0838048 -0.960407 -0.265696
t -0.410609 0.0288142 -0.911356
bt -0.345788 -0.937561 -0.0375616
t -0.271345 -0.0125601 -0.9624
bt -0.773506 -0.576826 0.262603
t -0.935357 0.0220977 -0.353013
bt -0.13198 -0.95981 0.247681
t -0.916835 0.130567 -0.377315
bt -0.563331 -0.567529 0.600474
t -1 0 0
bt 0.138143 -0.96137 0.238084
t -1 0 0
bt -0.240934 -0.698299 0.674039
t -0.0795259 -0.360139 -0.929503
bt -0.947893 -0.300051 0.107087
t -0.0350398 -0.565372 -0.824092
bt -0.87635 -0.402369 0.264783
t 0.0397121 -0.647548 -0.760989
bt -0.990209 -0.115977 0.0776903
t -0.0486564 -0.231895 -0.971523
bt -0.981228 -0.188897 0.0388527
t 0.0426179 -0.14864 0.987973
bt 0.829189 0.552789 0.0828816
t 0.0631025 -0.605922 0.793017
bt 0.989801 0.128985 0.0604694
t -0.825294 -0.564699 0.00218038
bt -0.083219 0.121537 0.989092
t -0.825694 -0.564077 -0.006803
bt 0.082988 -0.121215 0.989151
t 0.356752 0.0762173 -0.931085
bt -0.796652 -0.577622 -0.178041
t 0.959794 0.0521092 -0.275826
bt -0.147794 -0.635935 -0.757459
t 0.955889 0.0671635 -0.285947
bt -0.327806 -0.638377 -0.696433
t 0.92309 0.349611 -0.160244
bt -0.149814 -0.467908 -0.870987
t 0.92309 0.349611 -0.160244
bt -0.149814 -0.467908 -0.870987
t 0.639423 0.194062 -0.743961
bt -0.412174 -0.527694 -0.742733
t 0.491869 0.0781881 -0.867151
bt -0.748747 -0.604054 -0.272939
t -0.319013 0.0659396 -0.945454
bt -0.748747 -0.604054 0.272939
t 0.148312 -0.215966 -0.965071
bt -0.835452 -0.495397 0.237911
t -0.329227 0.0836632 -0.940537
bt -0.662035 -0.601782 0.446731
t -0.903681 0.0559423 -0.424535
bt -0.327808 -0.638377 0.696432
t -0.907466 0.0710476 -0.414075
bt -0.135034 -0.634906 0.760697
t 0.959793 -0.0521067 -0.275829
bt 0.327801 -0.638397 0.696417
t 0.92309 -0.349611 -0.160244
bt 0.149822 -0.46791 0.870984
t 0.92309 -0.349609 -0.160247
bt 0.386227 -0.524743 0.7586
t 0.955887 -0.0671587 -0.285953
bt 0.499674 -0.619661 0.605265
t 0.501961 -0.0605521 -0.862768
bt 0.748734 -0.604075 0.272932
t 0.491869 -0.0781881 -0.867151
bt 0.801222 -0.589208 0.104298
t -0.329228 -0.0836629 -0.940537
bt 0.748734 -0.604075 -0.272932
t -0.319013 -0.0659396 -0.945454
bt 0.748748 -0.604054 -0.272939
t -0.903681 -0.0559429 -0.424536
bt 0.658241 -0.575045 -0.485842
t -0.907466 -0.0710475 -0.414075
bt 0.135038 -0.634906 -0.760696
t 0.731943 0.248584 -0.634402
bt -0.124303 -0.959776 -0.251751
t 0.755696 -0.326872 -0.567519
bt 0.15364 -0.914889 0.373326
t 0.941104 -0.0246125 -0.337221
bt 0.168928 -0.919769 0.354243
t 0.432069 -0.0310778 -0.901305
bt 0.398618 -0.9056 0.144884
t -0.402593 -0.038163 -0.914583
bt 0.391106 -0.906039 -0.161645
t -0.932937 -0.0297016 -0.358813
bt 0.06715 -0.917906 -0.391074
t 0.873791 -0.403992 -0.270701
bt 0.346795 -0.671272 0.655079
t 0.948577 -0.0664618 -0.30949
bt 0.41542 -0.755971 0.505899
t 0.466169 -0.0802538 -0.881048
bt 0.677584 -0.729725 0.0915486
t -0.343873 -0.0688539 -0.936488
bt 0.629438 -0.7424 -0.229455
t -0.9129 -0.0565774 -0.404243
bt 0.552656 -0.719553 -0.420494
t 0 -1 0
bt 1 0 0
t 0 -1 0
bt 1 0 0
t 0 -1 0
bt 1 0 0
t 0 -1 0
bt 1 0 0
t 0 -1 0
bt 0 0 1
t 0 -1 0
bt 0 0 1
t 0 -1 0
bt 0 0 1
t 0 -1 0
bt 0 0 1
t 0 -1 0
bt -1 0 0
t 0 -1 0
bt -1 0 0
t 0 -1 0
bt -1 0 0
t 0 -1 0
bt -1 0 0
t 0 -1 0
bt 0 0 1
t 0 -1 0
bt 0 0 1
t 0 -1 0
bt 0 0 1
t 0 -1 0
bt 0 0 1
t 0.00603919 0 -0.999982
bt 1 0 0
t -0.590158 0 -0.807288
bt 1 0 0
t 0.00603919 0 -0.999982
bt 1 0 0
t 0.00603919 0 -0.999982
bt 1 0 0
t 0.750606 0 0.66075
bt 0 0 1
t 0.999898 0 0.0142736
bt 0 0 1
t 0.750606 0 0.66075
bt 0 0 1
t 0.750606 0 0.66075
bt 0 0 1
t -0.999898 0 -0.0143068
bt 0 0 1
t -0.999879 0 -0.0155293
bt 0 0 1
t -0.999898 0 -0.0143068
bt 0 0 1
t -0.999898 0 -0.0143068
bt 0 0 1
t 0.0188678 0 -0.999822
bt -1 0 0
t 0.00114696 0 -0.999999
bt -1 0 0
t 0.0188678 0 -0.999822
bt -1 0 0
t 0.0188678 0 -0.999822
bt -1 0 0
t 0 -0.719498 0.694495
bt 1 0 0
t -1 0 0
bt 0.294102 -0.645853 0.704541
t -1 0 0
bt 0.294102 -0.645853 0.704541
t -1 0 0
bt -0.294097 -0.645906 -0.704494
t -1 0 0
bt -0.294097 -0.645906 -0.704494
t -1 0 0
bt -0.103109 -0.935123 -0.338988
t -1 0 0
bt -0.240846 -0.777904 -0.580395
t 0 -1 0
bt 1 0 0
t 0 -1 0
bt 1 0 0
t 0 -1 0
bt 1 0 0
t 0 -1 0
bt 1 0 0
t 0 0 1
bt 1 0 0
t -0.0198311 0 0.999803
bt 1 0 0
t 0 0 1
bt 1 0 0
t 0 0 1
bt 1 0 0
t 1 0 0
bt 0 -1 0
t 1 0 0
bt 0 -1 0
t 0.980142 -0.162967 -0.112974
bt -0.294389 -0.494474 0.817821
t 0.958196 -0.0653632 -0.278546
bt 0.34366 -0.59075 0.730008
t 1 0 0
bt -0.317974 -0.596414 0.737009
t 1 0 0
bt -0.317974 -0.596414 0.737009
t 0.939491 -0.0182472 -0.342086
bt 0.00975207 -0.956408 0.291872
t 0.972448 0.00834601 -0.232971
bt 0.293879 -0.619065 0.728281
t 1 0 0
bt -0.216089 -0.702496 0.67809
t 1 0 0
bt -0.138143 -0.96137 0.238084
t 0.907466 0.0710467 -0.414074
bt 0.327715 -0.638401 0.696453
t 0.732133 -0.0315017 -0.680433
bt 0.573369 -0.651846 0.496331
t 0.732132 -0.031501 -0.680434
bt 0.332749 -0.630235 0.701486
t 0.821554 0.172733 -0.543334
bt 0.327707 -0.638429 0.696431
t 0.732132 0.031501 -0.680434
bt -0.332744 -0.630234 -0.701488
t 0.732133 0.0315017 -0.680433
bt -0.57337 -0.651846 -0.49633
t 0.907466 -0.0710473 -0.414075
bt -0.134975 -0.634901 -0.760712
t 0.821554 -0.172733 -0.543334
bt -0.327708 -0.638429 -0.696431
t 0.712826 0.0214116 -0.701014
bt -0.258005 -0.932749 -0.251817
t 0.709949 -0.0157292 -0.704077
bt 0.189587 -0.966832 0.171149
t 0.932937 -0.0296992 -0.358812
bt -0.0671842 -0.917909 -0.391063
t 0.723971 0.0310265 -0.689132
bt -0.276955 -0.764836 -0.581654
t 0.912901 -0.0565755 -0.404242
bt -0.270976 -0.771487 -0.575656
t 0.00309436 -0.966029 0.258415
bt -1 0 0
t 0.000115777 -0.693534 0.720424
bt -1 0 0
t 0.13961 -0.577074 0.80467
bt -0.886663 0.394564 0.24114
t 0.0349307 -0.928082 0.370733
bt -0.737246 0.270592 0.619071
t -0.0407929 -0.609125 0.792024
bt -0.99017 0.119326 0.0729644
t -0.02039 -0.251717 0.967586
bt -0.968652 0.240726 0.0613473
t 0.0729169 -0.287213 0.955087
bt -0.965666 0.250206 0.0698964
t -0.00367144 -0.719493 0.69449
bt -1 0 0
t 0 -0.505393 0.862889
bt -1 0 0
t 0.07811 -0.288445 0.954305
bt -0.965666 0.250206 0.0698964
t 1 -1.93931e-06 2.11501e-06
bt 0.327702 -0.638425 0.696438
t 1 0 0
bt -0.294106 -0.645852 0.70454
t 0.972672 -0.183558 -0.142183
bt 0.327707 -0.638429 0.696431
t 1 0 0
bt 0.2941 -0.645905 -0.704494
t 0.972672 0.183555 -0.142187
bt -0.327708 -0.638429 -0.696431
t 1 0 0
bt 0.2941 -0.645905 -0.704494
t 1 0 0
bt 0.103109 -0.935123 -0.338988
t 1 0 0
bt 0.240846 -0.777904 -0.580395
t 0 -1 0
bt -1 0 0
t 0 -1 0
bt -1 0 0
t 0 -1 0
bt -1 0 0
t 0 -1 0
bt -1 0 0
t -0.000712538 0 1
bt -1 0 0
t 0 0 1
bt -1 0 0
t -0.000712538 0 1
bt -1 0 0
t -0.000712538 0 1
bt -1 0 0
t 0 -1 0
bt -0.70712 0 0.707093
t -1 0 0
bt 0 -1 0
t -1 0 0
bt 0 -1 0
t -1 0 0
bt 0 -1 0
t -1 0 0
bt 0 -1 0
t 0.936336 0.325474 -0.13169
bt -0.115338 -0.412295 -0.90372
t 0.936293 0.325579 -0.131732
bt -0.115365 -0.412295 -0.903717
t 0.87635 0.402368 -0.264783
bt -0.220676 -0.63337 -0.741718
t 0 -1 0
bt -1 0 0
t 0 -1 0
bt -1 0 0
t 0 -1 0
bt -1 0 0
t 0 -1 0
bt -1 0 0
t 0.260006 0 0.965607
bt -1 0 0
t 0.750606 0 0.660749
bt -1 0 0
t 0.260006 0 0.965607
bt -1 0 0
t 0.260006 0 0.965607
bt -1 0 0
t 0 0 1
bt 1 0 0
t 0 0 1
bt 1 0 0
t 0 0 1
bt 1 0 0
t 0 -1 0
bt -1 0 0
t 0 -1 0
bt -0.70712 0 0.707093
t 0.0542827 -0.282717 0.957666
bt -0.965666 0.250206 0.0698964
t 0.750672 0 -0.660675
bt 0 -1 0
t 0.750672 0 -0.660675
bt 0 -1 0
t 0.707107 0 -0.707107
bt 0 -1 0
t 0.707107 0 -0.707107
bt 0 -1 0
t 0.734729 -0.0306928 -0.677666
bt 0.604462 -0.604321 0.519059
t 0.814278 0.18171 -0.551301
bt 0.622038 -0.543718 0.563417
t 0.734729 -0.0306928 -0.677666
bt 0.604462 -0.604321 0.519059
t 0.739042 -0.0281864 -0.673069
bt 0.634015 -0.516822 0.575257
t -0.110465 -0.350213 0.930134
bt -0.930268 0.348588 0.114398
t 0 -1 0
bt -1 0 0
t 0 -1 0
bt -1 0 0
t 0 -1 0
bt -1 0 0
t 0 -1 0
bt -1 0 0
t 0.0128686 0 -0.999917
bt -1 0 0
t 0.590079 0 -0.807346
bt -1 0 0
t 0.0128686 0 -0.999917
bt -1 0 0
t 0.0128686 0 -0.999917
bt -1 0 0
t 1 0 4.6312e-07
bt 5.81576e-05 0 -1
t 1 0 0.000873417
bt 0 0 -1
t 1 0 0
bt 8.72363e-05 0 -1
t 1 0 4.6312e-07
bt 5.81576e-05 0 -1
t 1 0 1.38936e-06
bt 0 0 -1
t 0 -1 0
bt 0.707102 0 0.707111
t 0 -1 0
bt 0 0 1
t 0.258403 -0.966035 -0.00191626
bt 0 0 1
t 0.210874 -0.951586 -0.223645
bt 0.69531 0.0605157 0.716158
t 0 -1 0
bt 0.707111 -0.000790184 -0.707102
t 0 -1 0
bt 0.707102 0 0.707111
t 0.210874 -0.951586 -0.223645
bt 0.69531 0.0605157 0.716158
t -0.211853 -0.951595 -0.222679
bt 0.721864 0.0551482 -0.689834
t 0.126164 -0.544572 -0.829171
bt 0.888132 -0.400248 0.225882
t -0.125777 -0.544428 -0.829324
bt 0.888133 0.399922 -0.226457
t -0.815354 -0.562516 -0.137016
bt 0.223676 -0.376102 -0.899175
t -0.890333 -0.419255 -0.177572
bt 0.12548 -0.319566 -0.939219
t -0.441058 -0.891635 -0.102248
bt 0.554565 -0.337914 -0.760442
t 0.0593977 -0.209183 -0.976071
bt 0.97595 -0.213745 0.0428443
t -0.057572 -0.209855 -0.976036
bt 0.97579 0.214398 -0.0432108
t 0.720434 -0.693522 0.00146188
bt 0 0 1
t 0.862844 -0.50547 0.00023179
bt 0 0 1
t 0.972909 -0.228586 -0.0345873
bt 0.0382839 0.187988 0.981425
t 0.84302 -0.53466 -0.0587896
bt 0.223676 0.376102 0.899176
t -0.660675 0 0.750672
bt 0 -1 0
t -0.660675 0 0.750672
bt 0 -1 0
t -0.660675 0 0.750672
bt 0 -1 0
t -0.660675 0 0.750672
bt 0 -1 0
t -1 0 0
bt 0 -1 0
t -1 0 0
bt 0 -1 0
t -1 0 0
bt 0 -1 0
t -1 0 0
bt 0 -1 0
t -0.660675 0 -0.750672
bt 0 -1 0
t -0.660675 0 -0.750672
bt 0 -1 0
t -0.660675 0 -0.750672
bt 0 -1 0
t -0.660675 0 -0.750672
bt 0 -1 0
t 0 0 -1
bt 0 -1 0
t 0 0 -1
bt 0 -1 0
t 0 0 -1
bt 0 -1 0
t 0 0 -1
bt 0 -1 0
t -0.430756 -0.0540975 0.900846
bt -0.730043 -0.590724 -0.343631
t -0.862965 0.0751152 0.499648
bt -0.284734 -0.556101 -0.780819
t -0.859125 0.0575682 0.508518
bt -0.636491 -0.526915 -0.56324
t -0.421348 -0.0694823 0.904233
bt -0.768386 -0.592331 -0.242337
t -0.948079 0.0631605 -0.311701
bt 0.284624 -0.556163 -0.780815
t -0.970252 0.207054 -0.12546
bt -0.253789 -0.446019 -0.858288
t -0.730818 -0.184902 -0.657051
bt 0.771738 -0.478779 -0.418558
t -0.430798 0.0540226 -0.90083
bt 0.730006 -0.59075 -0.343665
t -0.421316 0.0695216 -0.904245
bt 0.797785 -0.587026 -0.137621
t 0 0 -1
bt 0.737009 -0.596414 0.317975
t 0 0 -1
bt 0.737009 -0.596414 0.317975
t -0.360989 -0.140447 0.921934
bt -0.700507 -0.65506 -0.283173
t -0.931083 0.07622 0.356755
bt -0.178048 -0.577622 -0.79665
t -0.904535 0.0233949 0.425757
bt -0.251273 -0.943816 -0.214645
t -0.353013 -0.0220976 0.935357
bt -0.265685 -0.960408 -0.0838353
t -0.9624 -0.0125594 -0.271344
bt 0.262586 -0.576826 -0.773512
t -0.914672 0.0678381 -0.398462
bt -0.0677217 -0.931432 -0.357559
t -0.882976 -0.126677 -0.452003
bt 0.444685 -0.889358 -0.106291
t -0.377314 0.130566 -0.916835
bt 0.728293 -0.619068 -0.293844
t -0.353013 0.0220975 -0.935357
bt 0.277342 -0.95939 -0.0514935
t 0 0 -1
bt 0.67809 -0.702496 0.216087
t 0 0 -1
bt 0.238084 -0.96137 0.138142
t -0.76099 -0.647546 0.0397337
bt 0.0776885 -0.115979 -0.990209
t -0.824112 -0.565345 -0.0349785
bt 0.264783 -0.402368 -0.87635
t -0.929507 -0.360133 -0.0795062
bt 0.107087 -0.300051 -0.947893
t -0.971525 -0.231892 -0.0486414
bt 0.0388505 -0.188897 -0.981228
t 0.793025 -0.605887 0.0633361
bt 0.0604693 0.128985 0.989801
t 0.987973 -0.148636 0.0426237
bt 0.0828816 0.552789 0.829189
t -0.00675974 -0.564083 -0.825691
bt 0.989151 -0.121214 0.082989
t 0.00216848 -0.564701 -0.825293
bt 0.989092 0.121537 -0.083219
t -0.931083 0.07622 0.356755
bt -0.178048 -0.577622 -0.79665
t -0.275823 0.052112 0.959795
bt -0.696418 -0.638397 -0.327797
t -0.160244 0.349611 0.92309
bt -0.870981 -0.467913 -0.149832
t -0.16024 0.349613 0.92309
bt -0.758598 -0.524743 -0.38623
t -0.285946 0.0671644 0.955889
bt -0.60528 -0.619666 -0.499651
t -0.862767 0.0605536 0.501963
bt -0.106052 -0.586412 -0.80304
t -0.86715 0.0781895 0.491871
bt -0.272999 -0.604056 -0.748724
t -0.945454 0.0659321 -0.319013
bt 0.272928 -0.604102 -0.748713
t -0.940512 0.0837454 -0.329278
bt 0.446734 -0.601814 -0.662003
t -0.424536 0.0559427 -0.903681
bt 0.696447 -0.638378 -0.327772
t -0.414075 0.0710474 -0.907466
bt 0.696432 -0.638399 -0.327765
t -0.160247 -0.349609 0.92309
bt 0.7586 -0.524743 0.386227
t -0.160244 -0.349611 0.92309
bt 0.870978 -0.467916 0.14984
t -0.275829 -0.052107 0.959793
bt 0.696418 -0.638397 0.327798
t -0.285952 -0.0671594 0.955888
bt 0.605277 -0.619665 0.499655
t -0.862767 -0.0605536 0.501963
bt 0.272991 -0.604078 0.748709
t -0.86715 -0.0781896 0.491871
bt 0.104344 -0.589214 0.801211
t -0.940537 -0.0836633 -0.329227
bt -0.446744 -0.601781 0.662027
t -0.945454 -0.0659322 -0.319013
bt -0.272928 -0.604102 0.748713
t -0.424537 -0.0559438 -0.903681
bt -0.696447 -0.638378 0.327773
t -0.414075 -0.0710479 -0.907466
bt -0.760703 -0.634904 0.135013
t -0.567519 -0.326872 0.755696
bt 0.373326 -0.914889 0.15364
t -0.634402 0.248584 0.731943
bt -0.251766 -0.959774 -0.124288
t -0.337221 -0.0246136 0.941104
bt 0.354232 -0.919768 0.168958
t -0.901304 -0.0310792 0.43207
bt 0.144886 -0.905601 0.398617
t -0.914583 -0.0381627 -0.402593
bt -0.247554 -0.903412 0.350092
t -0.358812 -0.0297005 -0.932937
bt -0.391069 -0.917907 0.0671655
t -0.270718 -0.404101 0.873736
bt 0.655085 -0.671251 0.346822
t -0.309489 -0.0664724 0.948577
bt 0.50596 -0.75592 0.415439
t -0.881048 -0.0802543 0.466169
bt 0.0915785 -0.729729 0.677575
t -0.936488 -0.0688538 -0.343873
bt -0.229468 -0.7424 0.629433
t -0.404243 -0.0565777 -0.9129
bt -0.57568 -0.771489 0.27092
t 0 -1 0
bt 0 0 1
t 0 -1 0
bt 0 0 1
t 0 -1 0
bt 0 0 1
t 0 -1 0
bt 0 0 1
t 0 -1 0
bt 1 0 0
t 0 -1 0
bt 1 0 0
t 0 -1 0
bt 1 0 0
t 0 -1 0
bt 1 0 0
t 0 -1 0
bt 0 0 -1
t 0 -1 0
bt 0 0 -1
t 0 -1 0
bt 0 0 -1
t 0 -1 0
bt 0 0 -1
t 0 -1 0
bt 1 0 0
t 0 -1 0
bt 1 0 0
t 0 -1 0
bt 1 0 0
t 0 -1 0
bt 1 0 0
t -0.999982 0 0.00607478
bt 0 0 1
t -0.807324 0 -0.590109
bt 0 0 1
t -0.999982 0 0.00607478
bt 0 0 1
t -0.999982 0 0.00607478
bt 0 0 1
t 0.660799 0 0.750563
bt 1 0 1.3891e-06
t 0.01416 0 0.9999
bt 1 0 0
t 0.660799 0 0.750563
bt 1 0 1.3891e-06
t 0.660799 0 0.750563
bt 1 0 1.3891e-06
t -0.0141921 0 -0.999899
bt 1 0 1.38896e-06
t -0.0157651 0 -0.999876
bt 1 0 0
t -0.0141921 0 -0.999899
bt 1 0 1.38896e-06
t -0.0141921 0 -0.999899
bt 1 0 1.38896e-06
t -0.999825 0 0.0187191
bt 0 0 -1
t -0.999999 0 0.00140295
bt 0 0 -1
t -0.999825 0 0.0187191
bt 0 0 -1
t -0.999825 0 0.0187191
bt 0 0 -1
t 0.694495 -0.719498 0
bt 0 0 1
t 2.115e-06 -1.9393e-06 -1
bt 0.696424 -0.638412 -0.327756
t 0 0 -1
bt 0.704541 -0.645853 0.294102
t 0 0 -1
bt -0.704494 -0.645906 -0.294097
t 0 0 -1
bt -0.704494 -0.645906 -0.294097
t 0 0 -1
bt -0.338988 -0.935123 -0.103109
t 0 0 -1
bt -0.580395 -0.777904 -0.240845
t 0 -1 0
bt 0 0 1
t 0 -1 0
bt 0 0 1
t 0 -1 0
bt 0 0 1
t 0 -1 0
bt 0 0 1
t 0.999803 0 -0.0198614
bt 0 0 1
t 1 0 0
bt 0 0 1
t 0.999803 0 -0.0198614
bt 0 0 1
t 0.999803 0 -0.0198614
bt 0 0 1
t 0 0 -1
bt 0 -1 0
t 0 0 -1
bt 0 -1 0
t -0.269409 -0.0499696 0.961729
bt 0.729986 -0.590755 0.3437
t 0 0 1
bt 0.737009 -0.596414 -0.317974
t 0 0 1
bt 0.729996 -0.590739 0.343704
t -0.278546 -0.0653626 0.958196
bt 0.72999 -0.590749 0.343701
t -0.342087 -0.0182457 0.939491
bt 0.24767 -0.959809 0.132008
t 0 0 1
bt 0.238084 -0.96137 -0.138142
t 0 0 1
bt 0.674025 -0.698285 0.241016
t -0.232972 0.0083465 0.972448
bt 0.728282 -0.619066 0.293876
t -0.532946 0.187391 0.825138
bt 0.5448 -0.593458 0.592453
t -0.424539 0.0559454 0.90368
bt 0.696455 -0.638379 0.327755
t -0.680433 -0.0315015 0.732132
bt 0.49634 -0.651847 0.573361
t -0.680433 -0.0315015 0.732132
bt 0.49634 -0.651847 0.573361
t -0.414078 -0.0710507 0.907464
bt -0.760706 -0.634903 -0.135
t -0.680434 0.0315016 0.732132
bt -0.496339 -0.651847 -0.573362
t -0.680438 0.0314962 0.732128
bt -0.701472 -0.630239 -0.332769
t -0.42454 -0.0559465 0.903679
bt -0.696455 -0.638379 -0.327755
t -0.704077 -0.0157292 0.709949
bt 0.171114 -0.966832 0.189622
t -0.701108 0.0214596 0.712732
bt -0.251754 -0.932749 -0.258067
t -0.358812 -0.029701 0.932937
bt -0.391053 -0.917911 -0.0672116
t -0.689133 0.0310247 0.723971
bt -0.581688 -0.764827 -0.27691
t -0.404242 -0.0565768 0.9129
bt -0.575683 -0.771489 -0.270913
t 0.258416 -0.966034 0
bt 0 0 -1
t 0.370748 -0.928077 0.0349129
bt 0.619071 0.270592 -0.737246
t 0.805727 -0.576197 0.137118
bt 0.24114 0.394564 -0.886663
t 0.720424 -0.693534 0.000126017
bt 0 0 -1
t 0.955085 -0.287217 0.0729346
bt 0.0698964 0.250206 -0.965666
t 0.967732 -0.251076 -0.0213626
bt 0.0615473 0.241086 -0.96855
t 0.792024 -0.609126 -0.0407814
bt 0.0729671 0.119324 -0.99017
t 0.69449 -0.719493 -0.003658
bt 0 0 -1
t 0.862846 -0.505466 0
bt 0 0 -1
t 0.954305 -0.288445 0.0781088
bt 0.0698964 0.250206 -0.965666
t 0 0 1
bt 0.704541 -0.645853 -0.294102
t -0.13275 -0.169118 0.976615
bt 0.792876 -0.547479 -0.267609
t 0 0 1
bt 0.704541 -0.645853 -0.294102
t 0 0 1
bt -0.704495 -0.645906 0.294096
t 0 0 1
bt -0.704495 -0.645906 0.294096
t 0 0 1
bt -0.338988 -0.935123 0.103109
t 0 0 1
bt -0.580395 -0.777904 0.240846
t 0 -1 0
bt 0 0 -1
t 0 -1 0
bt 0 0 -1
t 0 -1 0
bt 0 0 -1
t 0 -1 0
bt 0 0 -1
t 1 0 0
bt 0 0 -1
t 1 0 -0.000839177
bt 0 0 -1
t 1 0 0
bt 0 0 -1
t 1 0 0
bt 0 0 -1
t 0 -1 0
bt 0.707093 0 -0.70712
t 0 0 1
bt 0 -1 0
t 0 0 1
bt 0 -1 0
t 0 0 1
bt 0 -1 0
t 0 0 1
bt 0 -1 0
t -0.131695 0.32558 0.936298
bt -0.903768 -0.412203 -0.115289
t -0.131732 0.325578 0.936293
bt -0.903745 -0.412263 -0.115257
t -0.264783 0.402369 0.87635
bt -0.741678 -0.633391 -0.220748
t 0 -1 0
bt 0 0 -1
t 0 -1 0
bt 0 0 -1
t 0 -1 0
bt 0 0 -1
t 0 -1 0
bt 0 0 -1
t 0.660799 0 0.750563
bt 0 0 -1
t 0.965687 0 0.259711
bt 0 0 -1
t 0.660799 0 0.750563
bt 0 0 -1
t 0.660799 0 0.750563
bt 0 0 -1
t 1 0 0
bt 0 0 1
t 1 0 0
bt 0 0 1
t 1 0 0
bt 0 0 1
t 0 -1 0
bt 0 0 -1
t 0 -1 0
bt 0.707093 0 -0.70712
t 0.957662 -0.282725 0.0543143
bt 0.0698964 0.250206 -0.965666
t 0.707107 0 -0.707107
bt 0 -1 0
t 0.660675 0 -0.750672
bt 0 -1 0
t 0.660675 0 -0.750672
bt 0 -1 0
t 0.707107 0 -0.707107
bt 0 -1 0
t -0.677671 -0.0306874 0.734724
bt 0.73454 -0.5824 0.348226
t -0.677666 -0.0306927 0.734729
bt 0.519028 -0.60432 0.604489
t -0.673078 -0.0281793 0.739034
bt 0.739483 -0.505865 0.444146
t 0.930134 -0.350212 -0.110467
bt 0.114409 0.348584 -0.930269
t 0 -1 0
bt 0 0 -1
t 0 -1 0
bt 0 0 -1
t 0 -1 0
bt 0 0 -1
t 0 -1 0
bt 0 0 -1
t -0.807381 0 0.59003
bt 0 0 -1
t -0.999916 0 0.0129955
bt 0 0 -1
t -0.807381 0 0.59003
bt 0 0 -1
t -0.807381 0 0.59003
bt 0 0 -1

