g sponza_231
t 0 0 1
bt -1 0 0
t 0 0 1
bt -1 0 0
t 0 0 1
bt -1 0 0
t 0 0 1
bt -1 0 0
t 0 0 1
bt 1 0 0
t 0 0 1
bt 1 0 0
t 0 0 1
bt 1 0 0
t 0 0 1
bt 1 0 0
t 0.00376176 0.999993 0
bt -1 0 0
t 0.00250784 0.999997 0
bt -1 0.000198624 0
t 0.00188987 0.999998 0
bt -1 -0.000689819 0
t 0 0 1
bt -0.522328 0.852745 0
t 0 0 1
bt -0.747484 0.664279 0
t 0 0 1
bt -0.747484 0.664279 0
t 0 0 1
bt -0.522328 0.852745 0
t 0.00503814 -0.999987 0
bt -1 0 0
t 0.00245396 -0.999997 0
bt -1 -0.000410201 0
t 0.00335877 -0.999994 0
bt -1 0.000262332 0
t 3.59743e-05 1 0
bt -1 0 0
t 2.39829e-05 1 0
bt -1 -0.000919759 0
t 0 0 1
bt 0 1 0
t 0 0 1
bt 0 1 0
t 0 0 1
bt 0 1 0
t 0 0 1
bt 0 1 0
t -0.000260472 -1 0
bt -0.999999 0.00111842 0
t -0.000173648 -1 0
bt -1 -0.000174129 0
t 0 1 0
bt -0.999996 -0.00275928 0
t 0 0 1
bt -0.908214 0.418506 0
t 0 0 1
bt -0.908214 0.418506 0
t 0 -1 0
bt -0.999996 -0.00275922 0

