g sponza_87
t 0 0 1
bt -0.137598 -0.990486 -0.00226821
t 0 0 1
bt -0.137598 -0.990488 0
t 0 0 1
bt -0.229998 -0.97319 -0.00151885
t 0 0 1
bt -0.240907 -0.970547 -0.00144312
t -1 0 0
bt 0.00284349 -0.992867 -0.119196
t -1 0 0
bt 0.00248402 -0.977355 -0.211594
t -1 0 0
bt 0.00187767 -0.977356 -0.211594
t -1 0 0
bt 0.00284349 -0.992867 -0.119196
t -1 0 0
bt -0.000322536 -1 0
t -1 0 0
bt 0.000266982 -1 0
t -1 0 0
bt -0.000322536 -1 0
t -1 0 0
bt -0.000322536 -1 0
t 0 0 -1
bt 0 -1 -0.000342686
t 0 0 -1
bt 0 -1 0
t 0 0 -1
bt 0 -1 -0.000342686
t 0 0 -1
bt 0 -1 -0.000342686
t 0 0 1
bt -0.795559 -0.605417 0.0236004
t 0 0 1
bt -0.792475 -0.60307 0.0910537
t 0 0 1
bt -0.795559 -0.605417 0.0236004
t 0 0 1
bt -0.795559 -0.605417 0.0236004
t -1 0 0
bt 0.64723 -0.503872 -0.57202
t -1 0 0
bt -0.638872 -0.50851 -0.577286
t -1 0 0
bt 0.64723 -0.503872 -0.57202
t -1 0 0
bt 0.64723 -0.503872 -0.57202
t 0 0 1
bt 0.697492 -0.716592 0.00113916
t 0 0 1
bt 0.697492 -0.716592 0
t 0 0 1
bt 0.697492 -0.716592 0.00113916
t 0 0 1
bt 0.697492 -0.716592 0.00113916
t -1 0 0
bt -0.000742883 -0.765378 0.643581
t -1 0 0
bt 0.000571078 -0.765378 0.643581
t -1 0 0
bt -0.000742883 -0.765378 0.643581
t -1 0 0
bt -0.000742883 -0.765378 0.643581
t 0 0 1
bt -0.735458 -0.677562 0.00340904
t 0 0 1
bt -0.735462 -0.677565 0
t 0 0 1
bt -0.735458 -0.677562 0.00340904
t 0 0 1
bt -0.735458 -0.677562 0.00340904
t -1 0 0
bt -0.00416457 -0.729484 -0.683985
t -1 0 0
bt -0.0097779 -0.729456 -0.683958
t -1 0 0
bt -0.00416457 -0.729484 -0.683985
t -1 0 0
bt -0.00416457 -0.729484 -0.683985
t 0 0 1
bt 0.735461 -0.677564 -0.00200293
t 0 0 1
bt 0.735462 -0.677565 0
t 0 0 1
bt 0.735461 -0.677564 -0.00200293
t 0 0 1
bt 0.735461 -0.677564 -0.00200293
t -1 0 0
bt 0.00264737 -0.729488 0.683989
t -1 0 0
bt 0.0116241 -0.729441 0.683945
t -1 0 0
bt 0.00264737 -0.729488 0.683989
t -1 0 0
bt 0.00264737 -0.729488 0.683989
t 0 0 1
bt -0.422282 -0.906464 -7.60724e-06
t 0 0 1
bt -0.405293 -0.914187 7.74908e-05
t 0 0 1
bt -0.486925 -0.873444 -0.000127529
t 0 0 1
bt -0.486925 -0.873444 -0.000127529
t -1 0 0
bt 0.000413365 -0.926414 -0.376506
t -1 0 0
bt -0.000479803 -0.900949 -0.433924
t -1 0 0
bt 0.000598019 -0.900949 -0.433924
t -1 0 0
bt 0.000373047 -0.926414 -0.376506
t -0.692591 0.27562 0.666597
bt -0.030489 -0.976138 -0.214999
t -0.779995 -0.185014 0.59781
bt -0.0715418 -0.942315 -0.326992
t -0.72673 0.119711 0.676412
bt -0.0679195 -0.944193 -0.322315
t -0.692591 0.27562 0.666597
bt -0.030489 -0.976138 -0.214999
t -0.775345 0.12722 -0.618591
bt 0.360497 -0.930563 -0.0639853
t -0.709061 -0.17249 -0.683725
bt 0.318705 -0.941103 -0.112924
t -0.758529 0.290437 -0.583336
bt 0.249885 -0.967991 -0.0234744
t -0.758578 0.290423 -0.583279
bt 0.249901 -0.967986 -0.023493
t -0.739112 -0.209438 0.640195
bt -0.0142836 -0.99969 0.0203982
t -0.721176 -0.297932 0.625413
bt 0.00156539 -0.999976 0.00670882
t -0.739064 -0.209437 0.640251
bt -0.0142827 -0.99969 0.0203993
t -0.739064 -0.209437 0.640251
bt -0.0142827 -0.99969 0.0203993
t -0.740646 -0.210867 -0.637949
bt -0.0236826 -0.999643 -0.0123958
t -0.717764 -0.322128 -0.617291
bt -0.00780425 -0.999969 0.00131996
t -0.740521 -0.210868 -0.638093
bt -0.0237441 -0.999642 -0.0123247
t -0.740521 -0.210868 -0.638093
bt -0.0237441 -0.999642 -0.0123247
t -0.896537 0.249472 0.366041
bt 0.120678 -0.563026 0.817581
t -0.876067 0.481189 -0.031029
bt 0.108327 -0.559173 0.821943
t -0.896527 0.249491 0.366052
bt 0.120655 -0.56307 0.817554
t -0.896527 0.249491 0.366052
bt 0.120655 -0.56307 0.817554
t -0.358565 0.341493 -0.8688
bt -0.849449 -0.515868 0.110981
t -0.0969752 0.481015 -0.871332
bt -0.86431 -0.498199 0.0690348
t -0.358565 0.341493 -0.8688
bt -0.849449 -0.515868 0.110981
t -0.358565 0.341493 -0.8688
bt -0.849449 -0.515868 0.110981
t -0.771039 -0.013146 0.636652
bt -0.656067 -0.504961 -0.560884
t -0.756714 5.07816e-05 0.653746
bt -0.636986 -0.506604 -0.581035
t -0.771039 -0.013146 0.636652
bt -0.656067 -0.504961 -0.560884
t -0.771039 -0.013146 0.636652
bt -0.656067 -0.504961 -0.560884
t -0.756777 6.11992e-06 -0.653673
bt 0.656491 -0.504919 -0.560425
t -0.756675 -9.8531e-06 -0.653791
bt 0.649431 -0.505535 -0.568044
t -0.756777 6.11992e-06 -0.653673
bt 0.656491 -0.504919 -0.560425
t -0.756777 6.11992e-06 -0.653673
bt 0.656491 -0.504919 -0.560425
t -0.914549 -0.261919 0.308218
bt -0.11158 -0.51454 -0.850176
t -0.756756 -2.42085e-05 0.653697
bt -0.075746 -0.503436 -0.860706
t -0.914549 -0.261919 0.308218
bt -0.11158 -0.51454 -0.850176
t -0.914549 -0.261919 0.308218
bt -0.11158 -0.51454 -0.850176
t -0.422876 -0.271266 -0.864633
bt 0.874827 -0.471455 -0.111394
t -0.756592 1.72187e-05 -0.653887
bt 0.897193 -0.440274 -0.0346886
t -0.422925 -0.27137 -0.864577
bt 0.874856 -0.471393 -0.111428
t -0.422941 -0.271405 -0.864558
bt 0.874889 -0.471322 -0.111467
t -0.756746 4.74591e-05 0.653709
bt 0.0379849 -0.483779 0.874365
t -0.914875 0.402067 0.0366768
bt 0.0258155 -0.479546 0.877137
t -0.756746 4.74591e-05 0.653709
bt 0.0379849 -0.483779 0.874365
t -0.756746 4.74591e-05 0.653709
bt 0.0379849 -0.483779 0.874365
t -0.756581 -4.18737e-05 -0.6539
bt -0.900131 -0.434115 0.0361784
t -0.192273 0.39135 -0.899931
bt -0.905606 -0.423928 0.012751
t -0.756634 7.34343e-05 -0.653839
bt -0.900163 -0.434045 0.036216
t -0.756581 -4.18737e-05 -0.6539
bt -0.900131 -0.434115 0.0361784
t -0.823911 -0.299443 0.481149
bt -0.0701044 -0.818697 -0.56993
t -0.827153 -0.193927 0.527457
bt -0.107961 -0.760251 -0.640595
t -0.844581 -0.289017 0.450724
bt -0.0936297 -0.755515 -0.648406
t -0.819073 -0.262536 0.510092
bt -0.0665882 -0.824137 -0.562463
t -0.537657 -0.324785 -0.7781
bt 0.705543 -0.705086 -0.0711521
t -0.633572 -0.20557 -0.745873
bt 0.692795 -0.715245 -0.0919754
t -0.569923 -0.334982 -0.750316
bt 0.631836 -0.773497 -0.0498554
t -0.604633 -0.291161 -0.74138
bt 0.624198 -0.779826 -0.0474088
t -0.702526 -0.190749 -0.685618
bt 0.441055 -0.897415 0.0107684
t -1 0 0.000106147
bt -0.000662938 0 1
t -1 0 0
bt -0.0466721 0 0.99891
t -0.999989 0 -0.00473994
bt -0.000662938 0 1
t -0.999994 0 -0.00355494
bt -0.000497204 0 1
t -0.999894 0 -0.0145379
bt 0 0 1
t -1 0 0
bt 0 0 1
t 0 0 -1
bt 0.137696 -0.990475 0
t 0 0 -1
bt 0.240907 -0.970546 0.00224516
t 0 0 -1
bt 0.229998 -0.973191 0
t 0 0 -1
bt 0.137696 -0.990475 0
t 0 0 1
bt 0 -1 0
t 0 0 1
bt 0 -1 -0.000342686
t 0 0 1
bt 0 -1 0
t 0 0 1
bt 0 -1 0
t -5.59588e-05 4.25725e-05 -1
bt 0.711406 -0.541287 -0.448229
t -2.02168e-05 1.53806e-05 -1
bt 0.660404 -0.502481 -0.558013
t -5.59588e-05 4.25725e-05 -1
bt 0.711406 -0.541287 -0.448229
t -0.000116508 -3.70005e-05 -1
bt 0.711336 -0.54138 -0.448229
t 0 0 -1
bt -0.697492 -0.716592 0
t -1.55248e-05 -1.59506e-05 -1
bt -0.697492 -0.716591 -0.00159949
t 0 0 -1
bt -0.697492 -0.716592 0
t 0 0 -1
bt -0.697542 -0.716544 0
t 0 0 -1
bt 0.735417 -0.677615 0
t 0 0 -1
bt 0.735401 -0.677601 -0.00647669
t 0 0 -1
bt 0.735417 -0.677615 0
t 0 0 -1
bt 0.735417 -0.677615 0
t 0 0 -1
bt -0.735417 -0.677615 0
t 0 0 -1
bt -0.735394 -0.677595 0.00782646
t 0 0 -1
bt -0.735417 -0.677615 0
t 0 0 -1
bt -0.735417 -0.677615 0
t 0 0 -1
bt 0.422282 -0.906464 7.84125e-05
t 0 0 -1
bt 0.487001 -0.873402 -0.000127525
t 0 0 -1
bt 0.487001 -0.873401 0
t 0 0 -1
bt 0.405293 -0.914187 0
t 1 0 0
bt -0.00454675 0 -0.99999
t 1 0 0
bt -0.0125517 0 -0.999921
t 1 0 0
bt 0 0 -1
t 1 0 0
bt 0 0 -1
t 1 0 0
bt -0.037471 0 -0.999298
t 1 0 0
bt -0.037471 0 -0.999298

