g sponza_105
t 0 0 -1
bt -0.141099 -0.989995 0
t 0 0 -1
bt -0.246602 -0.969115 0.00154381
t 0 0 -1
bt -0.2354 -0.971899 0
t 0 0 -1
bt -0.141099 -0.989995 0
t -1 0 0
bt 0.00189714 -0.97729 0.211898
t -1 0 0
bt 0.00252294 -0.977288 0.211898
t -1 0 0
bt 0.00285538 -0.992867 0.119196
t -1 0 0
bt 0.00285538 -0.992867 0.119196
t -1 0 0
bt -0.000361783 -1 0
t -1 0 0
bt 0.000375495 -1 0
t -1 0 0
bt -0.000361783 -1 0
t -1 0 0
bt -0.000361783 -1 0
t 0 0 1
bt 0 -1 0.000328683
t 0 0 1
bt 0 -1 0
t 0 0 1
bt 0 -1 0.000328683
t 0 0 1
bt 0 -1 0.000328683
t 0 0 -1
bt -0.799843 -0.593483 -0.0896037
t 0 0 -1
bt -0.802857 -0.595719 -0.02323
t 0 0 -1
bt -0.799843 -0.593483 -0.0896037
t 0 0 -1
bt -0.799843 -0.593483 -0.0896037
t -1 0 0
bt 0.656662 -0.498511 0.565935
t -1 0 0
bt -0.648424 -0.503201 0.571258
t -1 0 0
bt 0.656662 -0.498511 0.565935
t -1 0 0
bt 0.656662 -0.498511 0.565935
t 0 0 -1
bt 0.706506 -0.707706 -0.00113393
t 0 0 -1
bt 0.706506 -0.707707 0
t 0 0 -1
bt 0.706506 -0.707706 -0.00113393
t 0 0 -1
bt 0.706506 -0.707706 -0.00113393
t -1 0 0
bt -0.00067235 -0.765378 -0.643581
t -1 0 0
bt 0.000719327 -0.765378 -0.643581
t -1 0 0
bt -0.00067235 -0.765378 -0.643581
t -1 0 0
bt -0.00067235 -0.765378 -0.643581
t 0 0 -1
bt -0.743896 -0.668296 0
t 0 0 -1
bt -0.743891 -0.668292 -0.00335975
t 0 0 -1
bt -0.743896 -0.668296 0
t 0 0 -1
bt -0.743896 -0.668296 0
t -1 0 0
bt -0.00441084 -0.729483 0.683984
t -1 0 0
bt -0.00999946 -0.729454 0.683957
t -1 0 0
bt -0.00441084 -0.729483 0.683984
t -1 0 0
bt -0.00441084 -0.729483 0.683984
t 0 0 -1
bt 0.743894 -0.668295 0.00199145
t 0 0 -1
bt 0.743896 -0.668296 0
t 0 0 -1
bt 0.743894 -0.668295 0.00199145
t 0 0 -1
bt 0.743894 -0.668295 0.00199145
t -1 0 0
bt 0.00276116 -0.729488 -0.683988
t -1 0 0
bt 0.0119612 -0.729438 -0.683942
t -1 0 0
bt 0.00276116 -0.729488 -0.683988
t -1 0 0
bt 0.00276116 -0.729488 -0.683988
t 0 0 -1
bt -0.4309 -0.9024 -8.17487e-05
t 0 0 -1
bt -0.496397 -0.868095 0.000126751
t 0 0 -1
bt -0.496397 -0.868095 0
t 0 0 -1
bt -0.413786 -0.910374 0
t -1 0 0
bt 0.000566433 -0.900949 0.433924
t -1 0 0
bt -0.000466294 -0.900949 0.433924
t -1 0 0
bt 0.000396373 -0.926261 0.376883
t -1 0 0
bt 0.000363429 -0.926261 0.376883
t -0.773493 -0.19006 -0.604637
bt -0.0308917 -0.97606 0.215295
t -0.701685 0.272216 -0.658435
bt -0.0312733 -0.976116 0.214988
t -0.786798 -0.182639 -0.589569
bt -0.0682972 -0.9441 0.322507
t -0.788932 -0.225132 -0.571753
bt -0.0708943 -0.941505 0.329459
t -0.766483 0.28624 0.574952
bt 0.255785 -0.966449 0.0234583
t -0.71583 -0.176207 0.675677
bt 0.368291 -0.92685 0.0728735
t -0.783062 0.124945 0.609264
bt 0.367363 -0.927872 0.0640141
t -0.766483 0.28624 0.574952
bt 0.255785 -0.966449 0.0234583
t -0.747377 -0.206556 -0.631477
bt -0.0146288 -0.999684 -0.0204327
t -0.72976 -0.294039 -0.617245
bt 0.00161238 -0.999976 -0.00674904
t -0.747425 -0.206557 -0.631419
bt -0.0146298 -0.999684 -0.0204315
t -0.747377 -0.206556 -0.631477
bt -0.0146288 -0.999684 -0.0204327
t -0.748902 -0.20791 0.629221
bt -0.0242508 -0.99963 0.0123262
t -0.726413 -0.317949 0.609289
bt -0.00801798 -0.999967 -0.00135278
t -0.74895 -0.20791 0.629164
bt -0.0242523 -0.99963 0.0123243
t -0.748902 -0.20791 0.629221
bt -0.0242508 -0.99963 0.0123262
t -0.900888 0.244419 -0.358692
bt 0.123719 -0.562773 -0.8173
t -0.881138 0.47188 0.0304053
bt 0.111109 -0.558976 -0.821706
t -0.900888 0.244419 -0.358692
bt 0.123719 -0.562773 -0.8173
t -0.900888 0.244419 -0.358692
bt 0.123719 -0.562773 -0.8173
t -0.0993336 0.480896 0.871132
bt -0.869756 -0.488814 -0.0677224
t -0.366261 0.340438 0.866
bt -0.855292 -0.506559 -0.108964
t -0.0993336 0.480896 0.871132
bt -0.869756 -0.488814 -0.0677224
t -0.0993336 0.480896 0.871132
bt -0.869756 -0.488814 -0.0677224
t -0.764831 -2.47535e-05 -0.644231
bt -0.646553 -0.501321 0.575019
t -0.778783 -0.0129302 -0.627161
bt -0.665503 -0.499383 0.554727
t -0.764831 -2.47535e-05 -0.644231
bt -0.646553 -0.501321 0.575019
t -0.764831 -2.47535e-05 -0.644231
bt -0.646553 -0.501321 0.575019
t -0.764776 -2.49303e-05 0.644296
bt 0.665859 -0.499343 0.554336
t -0.764831 2.47535e-05 0.644231
bt 0.658846 -0.500114 0.561968
t -0.764776 -2.49303e-05 0.644296
bt 0.665859 -0.499343 0.554336
t -0.764776 -2.49303e-05 0.644296
bt 0.665859 -0.499343 0.554336
t -0.764771 -7.70157e-05 -0.644303
bt -0.0777332 -0.503326 0.860593
t -0.91821 -0.256468 -0.301852
bt -0.1145 -0.514353 0.849901
t -0.764823 3.78313e-05 -0.64424
bt -0.077704 -0.503389 0.860559
t -0.764823 3.78313e-05 -0.64424
bt -0.077704 -0.503389 0.860559
t -0.431656 -0.270206 0.860617
bt 0.87995 -0.462319 0.109318
t -0.764781 9.79511e-06 0.64429
bt 0.901551 -0.43134 0.0339341
t -0.43164 -0.270171 0.860636
bt 0.879917 -0.46239 0.109279
t -0.431656 -0.270206 0.860617
bt 0.87995 -0.462319 0.109318
t -0.764794 2.56578e-05 -0.644275
bt 0.0390099 -0.48374 -0.874342
t -0.918574 0.393614 -0.0359046
bt 0.0264981 -0.47959 -0.877093
t -0.764794 2.56578e-05 -0.644275
bt 0.0390099 -0.48374 -0.874342
t -0.764823 -3.70702e-05 -0.644241
bt 0.0390113 -0.483737 -0.874343
t -0.197033 0.390903 0.899096
bt -0.909616 -0.415263 -0.0124522
t -0.764781 -1.10305e-05 0.644291
bt -0.90442 -0.425171 -0.0354119
t -0.197033 0.390903 0.899096
bt -0.909616 -0.415263 -0.0124522
t -0.197066 0.390977 0.899056
bt -0.909616 -0.415264 -0.0124516
t -0.824076 -0.228211 -0.518477
bt -0.0825338 -0.821444 0.564286
t -0.828257 -0.296259 -0.475626
bt -0.066492 -0.824096 0.562534
t -0.833608 -0.190618 -0.518424
bt -0.110751 -0.760026 0.640387
t -0.833608 -0.190618 -0.518424
bt -0.110751 -0.760026 0.640387
t -0.579263 -0.332281 0.744341
bt 0.64181 -0.765249 0.0497307
t -0.643208 -0.203411 0.738178
bt 0.701857 -0.706503 0.0908342
t -0.547314 -0.322449 0.772318
bt 0.714392 -0.696202 0.0703306
t -0.614153 -0.28907 0.734339
bt 0.633392 -0.772456 0.0461147
t -1 0 -0.000103501
bt -0.0006772 0 -1
t -0.9999 0 0.0141762
bt 0 0 -1
t -1 0 -0.000103501
bt -0.0166112 0 -0.999862
t -1 0 -7.76254e-05
bt -0.0124579 0 -0.999922
t -1 0 0
bt -0.0477898 0 -0.998857
t -1 0 0
bt 0 0 -1
t 0 0 1
bt 0.235496 -0.971875 0
t 0 0 1
bt 0.246602 -0.969114 -0.00222109
t 0 0 1
bt 0.141099 -0.989995 0
t 0 0 1
bt 0.141099 -0.989995 0
t 0 0 -1
bt 0 -1 0
t 0 0 -1
bt 0 -1 0.000328683
t 0 0 -1
bt 0 -1 0
t 0 0 -1
bt 0 -1 0
t -2.84957e-05 2.1146e-05 1
bt 0.720185 -0.534377 0.442466
t -2.57257e-05 1.90905e-05 1
bt 0.669721 -0.496933 0.551843
t -2.84957e-05 2.1146e-05 1
bt 0.720185 -0.534377 0.442466
t -2.84957e-05 2.1146e-05 1
bt 0.720185 -0.534377 0.442466
t -1.99119e-05 -1.9945e-05 1
bt -0.706506 -0.707706 0.00157079
t 0 0 1
bt -0.706506 -0.707707 0
t -1.99119e-05 -1.9945e-05 1
bt -0.706506 -0.707706 0.00157079
t -1.99119e-05 -1.9945e-05 1
bt -0.706506 -0.707706 0.00157079
t 0 0 1
bt 0.743896 -0.668296 0
t 0 0 1
bt 0.74388 -0.668282 0.00639056
t 0 0 1
bt 0.743896 -0.668296 0
t 0 0 1
bt 0.743896 -0.668296 0
t 0 0 1
bt -0.743873 -0.668276 -0.0077027
t 0 0 1
bt -0.743896 -0.668296 0
t 0 0 1
bt -0.743873 -0.668276 -0.0077027
t 0 0 1
bt -0.743873 -0.668276 -0.0077027
t 1.57976e-06 -2.76279e-06 1
bt 0.496397 -0.868095 0
t 0 0 1
bt 0.496397 -0.868095 0.000126668
t 1.18989e-06 -2.4919e-06 1
bt 0.4309 -0.9024 -8.25307e-05
t 7.31622e-07 -1.61019e-06 1
bt 0.413786 -0.910374 0
t 1 0 0
bt 0 0 1
t 1 0 0
bt -0.0129138 0 0.999917
t 1 0 0
bt -0.00462215 0 0.999989
t 1 0 0
bt 0 0 1
t 1 0 0
bt -0.0386465 0 0.999253
t 1 0 0
bt -0.0386465 0 0.999253

