g sponza_299
t 0.872148 0.407868 0.270188
bt -0.202731 -0.978114 0.046824
t 0.871898 0.408516 0.270016
bt -0.203122 -0.97804 0.0466711
t 0.874629 0.407882 0.262022
bt 0.00449464 -0.993599 -0.112872
t 0.874629 0.407882 0.262022
bt 0.00449464 -0.993599 -0.112872
t 0.863922 0.406406 0.297444
bt -0.565069 -0.824699 0.0238415
t 0.864112 0.405736 0.297806
bt -0.565038 -0.82472 0.0238663
t 0.843526 0.414857 0.341112
bt -0.677826 -0.73481 0.0246186
t 0.843553 0.414676 0.341266
bt -0.677953 -0.734699 0.0244375
t 0.798025 0.379902 0.467794
bt -0.73676 -0.676142 0.00426215
t 0.797986 0.379686 0.468036
bt -0.736545 -0.676371 0.00483252
t 0.848595 0.36883 0.379277
bt -0.707375 -0.706579 -0.0191425
t 0.848595 0.36883 0.379277
bt -0.707375 -0.706579 -0.0191425
t 0.637088 0.307291 0.706888
bt -0.757983 -0.652272 0.00153561
t 0.63719 0.30743 0.706736
bt -0.758079 -0.652162 0.000968088
t 0.326276 0.275613 0.904202
bt -0.763917 -0.645314 0.000141998
t 0.327495 0.276643 0.903446
bt -0.763917 -0.645314 0
t -0.559659 -0.208315 0.802114
bt -0.758341 -0.651858 0.000584966
t -0.559855 -0.208551 0.801916
bt -0.758324 -0.651877 0.000486675
t -0.326666 -0.275942 0.903961
bt -0.763917 -0.645314 0
t -0.326666 -0.275942 0.903961
bt -0.763917 -0.645314 0
t -0.79007 -0.342166 0.508636
bt -0.739242 -0.673435 0.00240354
t -0.790063 -0.342136 0.508668
bt -0.739292 -0.67338 0.00253846
t -0.848615 -0.368568 0.379487
bt -0.707599 -0.706345 0.0194896
t -0.848602 -0.368745 0.379345
bt -0.70751 -0.706438 0.0193514
t -0.865822 -0.399613 0.301101
bt -0.603353 -0.797444 0.0070296
t -0.865795 -0.399711 0.301048
bt -0.603125 -0.797617 0.00684146
t -0.843546 -0.414723 0.341226
bt -0.678025 -0.734636 -0.0243359
t -0.843546 -0.414723 0.341226
bt -0.678025 -0.734636 -0.0243359
t -0.872651 -0.406561 0.270535
bt -0.343245 -0.939196 0.00969054
t -0.872434 -0.407124 0.270386
bt -0.343415 -0.939133 0.0097609
t -0.874207 -0.408786 0.262021
bt 0.00517426 -0.993615 0.112707
t -0.874634 -0.407872 0.262022
bt 0.00314897 -0.993567 0.1132
t -0.872822 -0.406324 0.270339
bt 0.879595 -0.473412 0.0468318
t -0.872791 -0.406404 0.270319
bt 0.879784 -0.473081 0.0466312
t -0.874634 -0.407873 0.262022
bt 0.758231 -0.642129 -0.112947
t -0.874634 -0.407873 0.262022
bt 0.758231 -0.642129 -0.112947
t -0.866209 -0.401221 0.297832
bt 0.994979 -0.0972001 0.023865
t -0.866324 -0.401051 0.297725
bt 0.994974 -0.0972374 0.0238896
t -0.849602 -0.390897 0.354085
bt 0.998111 0.0606189 0.00996543
t -0.849523 -0.390981 0.354181
bt 0.998106 0.0607216 0.00985529
t -0.804249 -0.367032 0.467409
bt 0.991492 0.130114 0.00383288
t -0.804972 -0.366617 0.466489
bt 0.991485 0.130166 0.00373762
t -0.647424 -0.290393 0.704638
bt 0.986854 0.161615 0.000867507
t -0.647544 -0.290385 0.70453
bt 0.986859 0.161583 0.000994479
t -0.425722 -0.073612 0.901855
bt 0.985376 0.170396 0.000155225
t -0.422388 -0.0730354 0.903468
bt 0.985376 0.170396 0
t 0.521985 0.294794 0.800392
bt 0.986808 0.161896 0.000628032
t 0.521341 0.294798 0.800811
bt 0.986812 0.161869 0.000524405
t 0.424567 0.0734123 0.902415
bt 0.985376 0.170396 0
t 0.424567 0.0734123 0.902415
bt 0.985376 0.170396 0
t 0.771165 0.384682 0.507271
bt 0.991058 0.133414 0.00241326
t 0.771138 0.384696 0.507302
bt 0.991041 0.133532 0.00263006
t 0.839282 0.401695 0.366396
bt 0.99722 0.0743642 0.00478979
t 0.838947 0.402039 0.366788
bt 0.997233 0.0741927 0.00460545
t 0.862665 0.406396 0.301082
bt 0.998706 -0.0503789 0.00699309
t 0.86272 0.406317 0.301032
bt 0.998693 -0.0506475 0.0068164
t 0.87218 0.407482 0.270667
bt 0.940106 -0.340745 0.00969847
t 0.872088 0.407648 0.270714
bt 0.94017 -0.340566 0.00977225
t 0.874584 0.40798 0.262022
bt 0.757804 -0.642662 0.112781
t 0.874629 0.407882 0.262022
bt 0.759077 -0.64107 0.113277
t 0.6319 0.303839 0.713011
bt 0.126898 -0.990397 -0.0548621
t 0.852867 0.389795 0.347387
bt -0.186876 -0.982382 0.00204734
t 0.840725 0.380391 0.385337
bt -0.454217 -0.890345 0.0312005
t 0.594676 0.302216 0.745001
bt -0.0577139 -0.997856 -0.0308753
t 0.34474 0.162892 0.924457
bt 0.203955 -0.97896 0.00637205
t 0.378991 0.175232 0.908658
bt 0.305085 -0.95229 -0.00815222
t 0.389373 0.181531 0.903014
bt 0.418891 -0.907996 -0.00854361
t 0.645835 0.301102 0.701594
bt 0.416543 -0.909093 -0.00654939
t 0.528282 0.278842 0.801976
bt -0.207636 -0.977392 -0.0399047
t 0.810547 0.352247 0.467906
bt -0.611298 -0.791314 0.0117277
t 0.735772 0.334766 0.588703
bt -0.671159 -0.741141 0.0159936
t 0.421113 0.258134 0.8695
bt -0.287706 -0.957548 -0.0180751
t 0.209263 0.105179 0.972186
bt 0.0457777 -0.998951 0.00142682
t 0.289548 0.131687 0.948061
bt 0.110406 -0.993882 -0.0030249
t 0.235439 0.123807 0.963971
bt -0.334366 -0.942389 -0.0100722
t 0.49481 0.196649 0.846459
bt -0.702978 -0.711176 0.00710228
t 0.0366452 0.0361314 0.998675
bt -0.71209 -0.702089 0
t 0.0129112 0.0346324 0.999317
bt -0.349304 -0.937009 0
t 6.62093e-05 0.00874614 0.999962
bt -0.00769977 -0.99997 0
t 0.110969 0.0430664 0.99289
bt 0.0050156 -0.999983 -0.00283594
t -0.251536 -0.176409 0.951635
bt -0.334273 -0.942428 0.00953822
t -0.532127 -0.24738 0.809718
bt -0.702967 -0.711186 -0.00716337
t -0.727654 -0.305969 0.613924
bt -0.673936 -0.738733 -0.00911401
t -0.416662 -0.229062 0.879729
bt -0.28981 -0.956785 0.0239321
t -0.210133 -0.0916902 0.973364
bt 0.045468 -0.998966 -2.47885e-05
t -0.110798 -0.058537 0.992118
bt 0.00548117 -0.999984 -0.00132533
t -0.528079 -0.290985 0.797785
bt -0.201301 -0.97911 0.0286792
t -0.810131 -0.365642 0.458251
bt -0.602736 -0.797591 -0.0236071
t -0.84198 -0.374804 0.388063
bt -0.483316 -0.875409 -0.00803932
t -0.595538 -0.297248 0.74631
bt -0.0765924 -0.995542 0.0550409
t -0.345607 -0.159283 0.924762
bt 0.199263 -0.97993 0.00558246
t -0.288551 -0.138619 0.947377
bt 0.112542 -0.99364 -0.00371886
t -0.631486 -0.305135 0.712824
bt 0.166695 -0.985926 0.012725
t -0.852401 -0.3911 0.347064
bt -0.123497 -0.991854 -0.0312103
t -0.853851 -0.398123 0.335315
bt 0.379276 -0.925131 0.0168018
t -0.64583 -0.301095 0.701602
bt 0.398447 -0.916825 0.0259184
t -0.389373 -0.181531 0.903014
bt 0.419177 -0.90787 0.00788518
t -0.378705 -0.176054 0.908619
bt 0.312005 -0.950049 -0.00779685
t -0.638966 -0.288711 0.713
bt 0.676324 -0.734653 -0.0535778
t -0.846831 -0.402742 0.347384
bt 0.8738 -0.486284 0.00100651
t -0.831811 -0.399493 0.385352
bt 0.974306 -0.223184 0.0302703
t -0.61381 -0.261279 0.744964
bt 0.801506 -0.597188 -0.0309054
t -0.346428 -0.159293 0.924453
bt 0.61883 -0.785499 0.00634888
t -0.378056 -0.177397 0.908628
bt 0.53266 -0.846306 -0.0062182
t -0.551328 -0.227047 0.802799
bt 0.882391 -0.468753 -0.0407042
t -0.790869 -0.394468 0.467891
bt 0.999163 -0.0394697 0.0107248
t -0.727828 -0.349229 0.590174
bt 0.999151 0.0383677 0.0149822
t -0.466521 -0.157859 0.87031
bt 0.918596 -0.394744 -0.0189328
t -0.214537 -0.0931961 0.972259
bt 0.735387 -0.677636 0.00394227
t -0.286004 -0.13827 0.9482
bt 0.690625 -0.7232 -0.0043413
t -0.246307 -0.100611 0.963956
bt 0.936837 -0.34962 -0.0101182
t -0.468808 -0.252651 0.846397
bt 0.99664 0.0816785 0.00610492
t -0.0511853 -0.00484122 0.998677
bt 0.995553 0.0941982 0
t -0.0347931 0.0123565 0.999318
bt 0.942323 -0.334706 0
t -0.00672097 0.00555404 0.999962
bt 0.770968 -0.636874 0
t -0.105093 -0.0565326 0.992854
bt 0.762516 -0.646969 0.00046729
t 0.296872 0.0791602 0.951631
bt 0.936765 -0.349847 0.00885235
t 0.531613 0.248629 0.809674
bt 0.996672 0.0810625 -0.00855933
t 0.701173 0.361137 0.614766
bt 0.999111 0.0408834 -0.0102712
t 0.442205 0.172614 0.880147
bt 0.919135 -0.393267 0.0230506
t 0.20581 0.101538 0.97331
bt 0.736363 -0.676582 0.00258763
t 0.117575 0.045821 0.992006
bt 0.762671 -0.646785 0.00168806
t 0.561288 0.218424 0.798278
bt 0.879396 -0.475239 0.0284877
t 0.800832 0.385566 0.458266
bt 0.998405 -0.0511762 -0.0238526
t 0.828331 0.404053 0.388083
bt 0.981162 -0.193006 -0.00835782
t 0.610546 0.265146 0.746279
bt 0.811871 -0.581234 0.055069
t 0.344213 0.162288 0.924759
bt 0.622581 -0.782536 0.00558458
t 0.291173 0.132497 0.947451
bt 0.688612 -0.725117 -0.00437177
t 0.639706 0.287539 0.71281
bt 0.649724 -0.760024 0.0149014
t 0.847579 0.401465 0.347039
bt 0.837338 -0.545704 -0.0327343
t 0.853851 0.398123 0.335315
bt 0.468319 -0.883372 0.018202
t 0.378568 0.176539 0.908581
bt 0.527097 -0.849766 -0.00813327
t 0.771752 0.377717 0.511594
bt -0.12615 -0.987576 -0.0937063
t 0.745547 0.387364 0.542319
bt -0.338834 -0.938697 -0.0635504
t 0.783682 0.365459 0.502277
bt 0.231278 -0.966017 -0.115422
t 0.700419 0.38231 0.602704
bt -0.472532 -0.879345 -0.0588682
t 0.616264 0.380583 0.689474
bt -0.530793 -0.846824 -0.033886
t 0.40636 0.240118 0.881598
bt -0.562649 -0.826507 -0.0176766
t 0.134293 0.192895 0.971986
bt -0.571386 -0.820681 0.000134226
t -0.442539 -0.310261 0.841366
bt -0.562282 -0.826798 0.0156441
t -0.611284 -0.356248 0.706696
bt -0.531495 -0.846308 0.035704
t -0.260312 -0.373907 0.890186
bt -0.571375 -0.820689 0
t -0.700087 -0.391396 0.597233
bt -0.467124 -0.882739 0.050664
t -0.746224 -0.384423 0.543479
bt -0.360445 -0.928958 0.0843622
t -0.77168 -0.377925 0.511549
bt -0.0509278 -0.997717 0.0443543
t -0.783741 -0.365333 0.502277
bt 0.229391 -0.966338 0.116494
t -0.785452 -0.348375 0.511566
bt 0.837676 -0.538057 -0.0937746
t -0.775959 -0.322106 0.542343
bt 0.937521 -0.34168 -0.0656445
t -0.783687 -0.365455 0.502273
bt 0.733252 -0.640311 -0.228789
t -0.743089 -0.290808 0.602701
bt 0.977244 -0.204114 -0.0577185
t -0.687666 -0.227462 0.689476
bt 0.989815 -0.138753 -0.0318361
t -0.445368 -0.156934 0.881487
bt 0.994809 -0.100268 -0.0173404
t -0.234361 0.021141 0.97192
bt 0.99596 -0.0897975 0.000122097
t 0.522583 0.139511 0.841097
bt 0.994805 -0.100427 0.0166523
t 0.666176 0.238987 0.706466
bt 0.989975 -0.13636 0.0368133
t 0.453829 -0.0409387 0.890148
bt 0.995958 -0.0898213 0
t 0.749863 0.284688 0.597208
bt 0.976443 -0.209835 0.0502929
t 0.774145 0.324423 0.543553
bt 0.943106 -0.321774 0.0837356
t 0.785566 0.348185 0.511521
bt 0.797872 -0.601122 0.0452974
t 0.783687 0.365455 0.502273
bt 0.731846 -0.642358 0.227547
t 0.391874 0.178079 0.90262
bt 0.303162 -0.952936 -0.00226538
t 0.276648 0.126894 0.952557
bt 0.343936 -0.938993 0.000769158
t 0.250914 0.112689 0.961428
bt 0.270378 -0.962738 0.00560474
t 0.357293 0.160162 0.920157
bt 0.194719 -0.980853 0.00337559
t 0.400743 0.18714 0.896874
bt 0.421646 -0.906758 -0.00204666
t 0.28494 0.13285 0.949295
bt 0.422243 -0.906482 -0.00122003
t 0.388619 0.185183 0.902598
bt 0.533621 -0.845722 -0.00146806
t 0.275026 0.130398 0.952553
bt 0.497234 -0.867606 -0.00431462
t 0.352641 0.17035 0.920122
bt 0.626206 -0.779651 -0.00343512
t 0.247674 0.119849 0.961402
bt 0.563799 -0.825895 -0.00528576
t 0.297311 0.141277 0.94427
bt 0.696868 -0.717186 -0.00450326
t 0.203844 0.0998247 0.973901
bt 0.616974 -0.786961 -0.00590628
t 0.216908 0.101166 0.970936
bt 0.743824 -0.668355 -0.00511703
t 0.145952 0.0715099 0.986704
bt 0.655386 -0.755273 -0.00560607
t 0.116909 0.0520563 0.991777
bt 0.771533 -0.636173 -0.00452223
t 0.076781 0.0366607 0.996374
bt 0.678334 -0.734744 -0.00366366
t 0.00179973 -0.00144432 0.999997
bt 0.779902 -0.625902 -0.000528294
t 0.000874694 -0.000927397 0.999999
bt 0.686103 -0.727504 -3.66508e-05
t -0.113758 -0.054686 0.992002
bt 0.771598 -0.6361 0.00368418
t -0.0742539 -0.0394063 0.99646
bt 0.678409 -0.73468 0.00246068
t -0.21421 -0.103686 0.971269
bt 0.744058 -0.668105 0.00360301
t -0.144483 -0.0732215 0.986795
bt 0.655616 -0.755085 0.00373974
t -0.295501 -0.143283 0.944536
bt 0.696908 -0.717144 0.00477858
t -0.20272 -0.101287 0.973984
bt 0.617286 -0.786728 0.00420002
t -0.351771 -0.17153 0.920236
bt 0.627262 -0.778808 -2.9126e-05
t -0.247244 -0.120493 0.961432
bt 0.564247 -0.825599 0.00339051
t -0.388762 -0.184944 0.902585
bt 0.535133 -0.844765 -0.00231014
t -0.274761 -0.130865 0.952565
bt 0.498117 -0.867109 0.00113699
t -0.40107 -0.186512 0.896859
bt 0.423435 -0.905924 -0.00185932
t -0.28494 -0.13285 0.949295
bt 0.42314 -0.906062 -0.00177534
t -0.391705 -0.178571 0.902596
bt 0.305016 -0.952345 -0.00184173
t -0.276699 -0.126756 0.95256
bt 0.344708 -0.938704 -0.00336093
t -0.357248 -0.160355 0.920141
bt 0.194534 -0.980891 -0.00292119
t -0.251024 -0.11265 0.961404
bt 0.270444 -0.962718 -0.00585089
t -0.299428 -0.136266 0.944338
bt 0.102192 -0.994741 -0.00689418
t -0.207559 -0.0917017 0.973915
bt 0.206266 -0.97848 -0.00559116
t -0.217001 -0.101678 0.970862
bt 0.0339115 -0.999411 -0.00529826
t -0.14856 -0.0660795 0.986693
bt 0.157064 -0.987578 -0.00455863
t -0.115023 -0.0550449 0.991837
bt -0.00867946 -0.999954 -0.00418716
t -0.0775146 -0.0346381 0.996389
bt 0.126706 -0.991937 -0.00236887
t -5.49294e-05 -0.00253582 0.999997
bt -0.0218019 -0.999762 0.000274092
t 0.000190837 -0.00163094 0.999999
bt 0.116303 -0.993214 -5.50166e-05
t 0.115009 0.0515191 0.992028
bt -0.0085915 -0.999955 0.0040747
t 0.0778753 0.0318545 0.996454
bt 0.126761 -0.991929 0.00304673
t 0.21709 0.0982283 0.971197
bt 0.0336886 -0.999423 0.00431242
t 0.149001 0.0634016 0.986802
bt 0.156986 -0.987593 0.00406443
t 0.299849 0.133801 0.944557
bt 0.100818 -0.994901 0.00270399
t 0.207967 0.0898846 0.973997
bt 0.205816 -0.978583 0.00400258
t -0.879292 -0.409527 0.243175
bt 0.89919 -0.434795 0.0491007
t -0.879068 -0.409938 0.243292
bt 0.90097 -0.431256 0.0476632
t -0.88081 -0.410689 0.235602
bt 0.785331 -0.60921 -0.110083
t -0.88081 -0.410689 0.235602
bt 0.785331 -0.60921 -0.110083
t -0.873891 -0.405228 0.268523
bt 0.99855 -0.0491993 0.0218374
t -0.87431 -0.404605 0.268096
bt 0.998545 -0.0492839 0.0218944
t -0.869735 -0.385677 0.307919
bt 0.99614 0.0848645 0.0224121
t -0.869487 -0.385969 0.308253
bt 0.996136 0.0849381 0.0223343
t -0.822267 -0.376187 0.427037
bt 0.987007 0.16063 0.00375692
t -0.822239 -0.376204 0.427075
bt 0.98705 0.16036 0.00424874
t -0.842071 -0.41618 0.34309
bt 0.992283 0.12271 -0.017789
t -0.842071 -0.41618 0.34309
bt 0.992283 0.12271 -0.017789
t -0.676678 -0.307628 0.668934
bt 0.981975 0.189006 0.00152502
t -0.675658 -0.307696 0.669933
bt 0.981963 0.189067 0.0012852
t -0.464832 -0.093489 0.880449
bt 0.980365 0.197193 0.000441736
t -0.463323 -0.0931855 0.881276
bt 0.980365 0.197193 0
t 0.554391 0.311287 0.771849
bt 0.981857 0.189619 0.000877311
t 0.553806 0.311285 0.77227
bt 0.98183 0.189759 0.00142357
t 0.46458 0.0934384 0.880588
bt 0.980365 0.197193 0
t 0.46458 0.0934384 0.880588
bt 0.980365 0.197193 0
t 0.791048 0.394075 0.467918
bt 0.9864 0.164333 0.00299472
t 0.79094 0.394133 0.468053
bt 0.986433 0.164143 0.00264694
t 0.851516 0.406178 0.331571
bt 0.993855 0.11058 0.00488403
t 0.85151 0.406239 0.331512
bt 0.993856 0.110579 0.00473853
t 0.870898 0.409738 0.271388
bt 0.999965 -0.00559586 0.00615214
t 0.870967 0.40965 0.271299
bt 0.999965 -0.00591524 0.00594799
t 0.878769 0.410484 0.243449
bt 0.956351 -0.292133 0.00719248
t 0.878511 0.410958 0.243584
bt 0.955963 -0.293411 0.00670248
t 0.880546 0.411254 0.235602
bt 0.789733 -0.603201 0.111666
t 0.88081 0.410689 0.235602
bt 0.78873 -0.604579 0.111305
t 0.878951 0.410265 0.243163
bt -0.248398 -0.967476 0.0478391
t 0.879078 0.409939 0.243251
bt -0.247731 -0.967635 0.0480876
t 0.88081 0.410689 0.235602
bt -0.0452042 -0.992717 -0.111663
t 0.88081 0.410689 0.235602
bt -0.0452042 -0.992717 -0.111663
t 0.87218 0.408881 0.268547
bt -0.60262 -0.797695 0.0230689
t 0.871968 0.40962 0.268111
bt -0.602496 -0.797785 0.0231693
t 0.856703 0.404541 0.320009
bt -0.714547 -0.699532 0.00884005
t 0.856733 0.404341 0.320183
bt -0.714574 -0.699505 0.00879979
t 0.816744 0.388259 0.42683
bt -0.757785 -0.652498 0.00289162
t 0.816709 0.388021 0.427114
bt -0.757802 -0.652479 0.0028454
t 0.671467 0.321928 0.667454
bt -0.776196 -0.630492 0.000215756
t 0.671166 0.321408 0.668007
bt -0.776281 -0.630386 -6.90034e-07
t 0.370386 0.295934 0.880475
bt -0.781239 -0.624231 -0.000724397
t 0.36914 0.294938 0.881333
bt -0.781239 -0.624232 0
t -0.595334 -0.225273 0.771252
bt -0.776347 -0.630305 0.000401308
t -0.594967 -0.224837 0.771662
bt -0.776294 -0.630371 7.55013e-05
t -0.370127 -0.295727 0.880654
bt -0.781239 -0.624232 0
t -0.370127 -0.295727 0.880654
bt -0.781239 -0.624232 0
t -0.810606 -0.353878 0.466571
bt -0.75939 -0.650634 0.00153166
t -0.810592 -0.353812 0.466645
bt -0.75927 -0.650775 0.00119771
t -0.858624 -0.39041 0.332181
bt -0.722884 -0.690958 0.00379789
t -0.858617 -0.390466 0.332133
bt -0.723514 -0.690294 0.00476543
t -0.873692 -0.403753 0.271377
bt -0.639172 -0.769035 0.00672691
t -0.873675 -0.403843 0.271299
bt -0.638969 -0.769205 0.00655795
t -0.879317 -0.40933 0.243416
bt -0.390174 -0.920716 0.00684617
t -0.879505 -0.408846 0.243546
bt -0.389413 -0.92104 0.00654248
t -0.880984 -0.410316 0.235601
bt -0.0361997 -0.9933 0.109744
t -0.88081 -0.410689 0.235602
bt -0.0463478 -0.992637 0.111906
t -0.0645234 -0.0300999 0.997462
bt 0.42268 -0.906279 -0.000222341
t -0.0625496 -0.0287016 0.997629
bt 0.439343 -0.89832 -7.94567e-05
t 1.32273e-07 -4.83236e-07 1
bt 0.422606 -0.906313 6.13334e-07
t -0.0562662 -0.025477 0.998091
bt 0.454664 -0.890663 -0.000223875
t -0.0459852 -0.0208575 0.998724
bt 0.467795 -0.883837 0.000123957
t -0.0328298 -0.0141443 0.999361
bt 0.477705 -0.87852 -0.000540551
t -0.0161374 -0.0088415 0.999831
bt 0.48399 -0.875074 0.000297273
t -0.000149145 0.000268093 1
bt 0.486101 -0.873902 0
t 0.0163365 0.00848098 0.999831
bt 0.483993 -0.875072 -0.000124091
t 0.031925 0.0158094 0.999365
bt 0.477693 -0.878527 0.000168989
t 0.0463548 0.0201587 0.998722
bt 0.467831 -0.883817 0.000695697
t 0.0559377 0.0261211 0.998093
bt 0.454602 -0.890694 -0.000906579
t 0.0627206 0.0283519 0.997628
bt 0.439264 -0.898357 -0.00118285
t 0.0645234 0.0300999 0.997462
bt 0.422682 -0.906278 0.000250316
t 0.0622972 0.0292351 0.997629
bt 0.405821 -0.913952 0.000863573
t 0.0559726 0.026041 0.998093
bt 0.390122 -0.920761 0.00176845
t 0.0460738 0.0204942 0.998728
bt 0.376379 -0.926466 9.74615e-05
t 0.0323053 0.0151216 0.999364
bt 0.365896 -0.930656 -0.000581078
t 0.0164184 0.0085654 0.999829
bt 0.359259 -0.933238 0.000291639
t -9.41258e-05 0.000246356 1
bt 0.357001 -0.934104 0
t -0.016657 -0.00794639 0.99983
bt 0.359256 -0.933239 -0.000126329
t -0.0322486 -0.015267 0.999363
bt 0.365911 -0.93065 0.000143279
t -0.0460824 -0.0204733 0.998728
bt 0.376344 -0.92648 0.000653335
t -0.0562305 -0.0254331 0.998094
bt 0.390018 -0.920807 7.63912e-05
t -0.0622512 -0.0293385 0.997629
bt 0.405717 -0.913998 0.000779772
t 0.359224 0.170053 0.917627
bt 0.190816 -0.981625 0.000911238
t 0.394402 0.181609 0.900814
bt 0.3001 -0.953887 -0.00625912
t 0.418527 0.191986 0.88768
bt 0.288013 -0.957557 -0.0115338
t 0.382165 0.180191 0.906356
bt 0.174266 -0.984693 0.00330475
t 0.404916 0.188606 0.894691
bt 0.425253 -0.905056 0.00590242
t 0.394775 0.182034 0.900564
bt 0.533717 -0.845654 -0.00400152
t 0.418545 0.193191 0.88741
bt 0.539995 -0.84163 -0.00798737
t 0.429067 0.19975 0.880909
bt 0.427676 -0.903871 0.0104519
t 0.358997 0.168573 0.917989
bt 0.631791 -0.775106 0.00705491
t 0.302391 0.140028 0.942842
bt 0.700005 -0.714137 -0.00113571
t 0.323934 0.148115 0.934414
bt 0.716822 -0.697256 -0.000979133
t 0.380697 0.180311 0.90695
bt 0.647021 -0.76239 0.0111863
t 0.216519 0.105224 0.970591
bt 0.747844 -0.663873 0.00140559
t 0.120153 0.0508347 0.991453
bt 0.77457 -0.632486 0.00145813
t 0.131928 0.052812 0.989851
bt 0.79283 -0.609442 0.000605821
t 0.228534 0.115556 0.966654
bt 0.765877 -0.642984 0.00210402
t -0.00472953 0.00375925 0.999982
bt 0.782962 -0.62207 -3.64582e-05
t -0.111602 -0.0579186 0.992064
bt 0.774552 -0.632507 -0.00176025
t -0.115992 -0.0652589 0.991104
bt 0.792903 -0.609346 -0.00158183
t -0.00877398 0.00654812 0.99994
bt 0.80133 -0.598222 0
t -0.22254 -0.0994813 0.969835
bt 0.74753 -0.664229 0.000325488
t -0.299293 -0.143568 0.943298
bt 0.701382 -0.712773 -0.00423499
t -0.316844 -0.155761 0.935601
bt 0.718352 -0.695663 -0.00482081
t -0.240018 -0.105387 0.965031
bt 0.765156 -0.64384 0.002488
t -0.360511 -0.166555 0.917764
bt 0.628217 -0.778028 0.00394887
t -0.394527 -0.182448 0.900589
bt 0.538084 -0.842864 -0.00682736
t -0.418004 -0.194306 0.887422
bt 0.547305 -0.836886 -0.00883226
t -0.383528 -0.176423 0.906521
bt 0.640275 -0.7681 0.00832775
t -0.404835 -0.188779 0.894691
bt 0.419774 -0.907607 0.00620571
t -0.394176 -0.182265 0.90078
bt 0.304875 -0.952383 -0.00420387
t -0.417944 -0.193464 0.887634
bt 0.297597 -0.954659 -0.00793692
t -0.428967 -0.200055 0.880889
bt 0.417512 -0.908611 0.0105098
t -0.359811 -0.16747 0.917873
bt 0.188574 -0.982047 0.00477527
t -0.301232 -0.144713 0.942506
bt 0.0970969 -0.995274 -0.00101926
t -0.321407 -0.155172 0.934141
bt 0.0748011 -0.997187 -0.00475735
t -0.382984 -0.175975 0.906839
bt 0.170242 -0.985382 0.00625297
t -0.219763 -0.0980949 0.970609
bt 0.0276499 -0.999615 0.00245496
t -0.116278 -0.0593816 0.99144
bt -0.0132721 -0.999912 0.000717354
t -0.125255 -0.0672219 0.989845
bt -0.0427485 -0.999086 0.000226017
t -0.235419 -0.10054 0.96668
bt 0.000313033 -0.999998 0.00209621
t 0.000162532 0.00604294 0.999982
bt -0.0267015 -0.999643 -5.47272e-05
t 0.116106 0.0484929 0.992052
bt -0.0134313 -0.999908 -0.00208513
t 0.124548 0.0469393 0.991103
bt -0.0429073 -0.999078 -0.00152071
t 0.000621218 0.0109452 0.99994
bt -0.0566995 -0.998391 0
t 0.219232 0.106605 0.969831
bt 0.0284293 -0.999596 0.000505357
t 0.301958 0.139264 0.943094
bt 0.0949046 -0.995471 -0.00558709
t 0.322572 0.145166 0.935347
bt 0.0714625 -0.997432 -0.00466987
t 0.234888 0.116131 0.96506
bt 0.00167845 -0.999995 0.00266552

