g sponza_155
t 0.340381 -0.940288 0
bt -0.942225 -0.334979 0
t 0.319184 -0.947693 0
bt -0.939605 -0.34226 0
t 0.339152 -0.940732 0
bt -0.942042 -0.335494 0
t 0.339505 -0.940604 0
bt -0.942091 -0.335358 0
t 0.337831 -0.941207 0
bt -0.941577 -0.336796 0
t 0.337974 -0.941155 0
bt -0.9419 -0.335894 0
t 0.339576 -0.940579 0
bt -0.941422 -0.337232 0
t 0.337971 -0.941156 0
bt -0.941746 -0.336324 0
t 0.33196 -0.943293 0
bt -0.942285 -0.334813 0
t 0.33196 -0.943293 0
bt -0.942285 -0.334813 0
t 0.334795 -0.942291 0
bt -0.941668 -0.336544 0
t 0.33361 -0.942711 0
bt -0.941794 -0.336191 0
t 0.335705 -0.941967 0
bt -0.941 -0.338407 0
t 0.338346 -0.941022 0
bt -0.941289 -0.337603 0
t -0.0074388 0.0145507 0.999866
bt 0.455121 -0.890243 0.0182361
t -0.00838115 0.016394 0.99983
bt 0.455156 -0.89031 0.013433
t -0.000710822 0.0149807 0.999887
bt 0.0473876 -0.998703 0.0186145
t -0.000710822 0.0149807 0.999887
bt 0.0473876 -0.998703 0.0186145
t -0.0129024 0.0150083 0.999804
bt 0.651863 -0.758257 0.0109882
t -0.0129024 0.0150083 0.999804
bt 0.651863 -0.758257 0.0109882
t 0.0125769 -0.0108868 0.999862
bt -0.756001 0.654407 0.0146404
t 0.0106707 -0.0167713 0.999802
bt -0.53675 0.843621 0.0142453
t 0.00956558 -0.0150344 0.999841
bt -0.53675 0.843621 0.0142446
t 0.0125772 -0.010887 0.999862
bt -0.756001 0.654407 0.0146406
t 0.0061721 0.0156436 0.999859
bt -0.366982 -0.930147 0.0122755
t 0.00617162 0.0156424 0.999859
bt -0.366982 -0.930147 0.0122756
t 0.0132392 0.0105094 0.999857
bt -0.783169 -0.621686 0.0123401
t 0.0132392 0.0105094 0.999857
bt -0.783169 -0.621686 0.0123401
t 0.00787222 0.0149796 0.999857
bt -0.465155 -0.885114 0.0143267
t 0.00887175 0.0168815 0.999818
bt -0.465155 -0.885114 0.0143267
t 0.00787222 0.0149796 0.999857
bt -0.465155 -0.885114 0.0143267
t 0.00787222 0.0149796 0.999857
bt -0.465155 -0.885114 0.0143267
t 0.0168761 -0.00941298 0.999813
bt -0.873275 0.487086 0.0117835
t 0.014934 -0.00832973 0.999854
bt -0.873275 0.487086 0.0117831
t 0.0168761 -0.00941298 0.999813
bt -0.873275 0.487086 0.0117835
t 0.0168761 -0.00941298 0.999813
bt -0.873275 0.487086 0.0117835
t -0.987737 0.156126 0
bt -0.176655 -0.984273 0
t -0.987779 0.155858 0
bt -0.149446 -0.98877 0
t -0.987775 0.155886 0
bt -0.168101 -0.98577 0
t -0.987737 0.156126 0
bt -0.176655 -0.984273 0
t -0.987935 0.154871 0
bt -0.157979 -0.987442 0
t -0.987745 0.156079 0
bt -0.155583 -0.987823 0
t -0.987877 0.155238 0
bt -0.156496 -0.987679 0
t -0.987876 0.155247 0
bt -0.156761 -0.987637 0
t -0.987746 0.156068 0
bt -0.152628 -0.988284 0
t -0.987746 0.156068 0
bt -0.152628 -0.988284 0
t -0.987757 0.156 0
bt -0.152231 -0.988345 0
t -0.987789 0.155796 0
bt -0.154126 -0.988051 0
t -0.987676 0.156512 0
bt -0.154305 -0.988023 0
t -0.987676 0.156512 0
bt -0.154305 -0.988023 0
t 0.0166083 0.00321411 0.999857
bt -0.981597 -0.189963 0.0195395
t 0.0148594 -0.00319008 0.999885
bt -0.977661 0.209888 0.0112686
t 0.0159558 -0.00342545 0.999867
bt -0.977565 0.209868 0.017926
t 0.0159982 0.00309603 0.999867
bt -0.981635 -0.18997 0.0174316

