g sponza_209
t 0 0 -1
bt 1 0 0
t 0 0 -1
bt 1 0 0
t 0 0 -1
bt 1 0 0
t 0 0 -1
bt 1 0 0
t 0 0 -1
bt -1 0 0
t 0 0 -1
bt -1 0 0
t 0 0 -1
bt -1 0 0
t 0 0 -1
bt -1 0 0
t -0.00368002 0.999993 0
bt 1 0 0
t -0.00245335 0.999997 0
bt 1 0.000198622 0
t -0.00185115 0.999998 0
bt 1 -0.000689847 0
t 0 0 -1
bt 0.5224 0.8527 0
t 0 0 -1
bt 0.747525 0.664233 0
t 0 0 -1
bt 0.747525 0.664233 0
t 0 0 -1
bt 0.5224 0.8527 0
t -0.00511982 -0.999987 0
bt 1 0 0
t -0.00249266 -0.999997 0
bt 1 -0.00041023 0
t -0.00341322 -0.999994 0
bt 1 0.00026233 0
t -4.45587e-05 1 0
bt 1 0 0
t -2.97058e-05 1 0
bt 1 -0.000919797 0
t 0 0 -1
bt 0 1 0
t 0 0 -1
bt 0 1 0
t 0 0 -1
bt 0 1 0
t 0 0 -1
bt 0 1 0
t 0.000269052 -1 0
bt 0.999999 0.00111842 0
t 0.000179368 -1 0
bt 1 -0.000174168 0
t 0 1 0
bt 0.999996 -0.00275939 0
t 0 0 -1
bt 0.908214 0.418506 0
t 0 0 -1
bt 0.908214 0.418506 0
t 0 -1 0
bt 0.999996 -0.00275933 0

