g sponza_343
t -0.996969 0.00136447 -0.0777933
bt -0.137076 0.0660695 0.988355
t -0.996446 -0.00134483 0.0842247
bt 0.105102 0.0660615 0.992265
t -0.99522 0.00971837 0.0971691
bt -0.0583042 -0.797203 0.600889
t -0.995822 -0.00975137 -0.0907915
bt -0.11481 -0.801767 0.586505
t -0.99533 0.00540874 -0.0963825
bt 0.0319405 -0.960828 -0.275299
t -0.994684 -0.00541918 0.102831
bt -0.0417699 -0.960762 -0.274212
t -0.99668 -0.0495138 0.0646344
bt 0.0243418 -0.776975 -0.629061
t -0.995891 0.00991021 -0.0900134
bt 0.0791593 -0.78002 -0.620728
t -0.99668 -0.0495138 0.0646344
bt -0.0652516 -0.78009 -0.622256
t -0.996119 -0.00771506 0.0876729
bt -0.069546 -0.418769 -0.905426
t -0.999155 0.0384806 -0.0144417
bt 0.0888956 -0.418866 -0.903686
t -0.999155 0.0384876 -0.0144265
bt 0.0889545 -0.41881 -0.903707
t -0.996454 -0.00045907 0.0841376
bt -0.0642218 -0.0206977 -0.997721
t -0.996976 0.000393307 -0.0777056
bt 0.137911 -0.020678 -0.990229
t -0.995944 -0.0100237 -0.0894106
bt 0.114324 0.75972 -0.640122
t -0.995345 0.0100326 0.0958492
bt -0.0144339 0.759623 -0.650203
t -0.994981 0.00857978 0.099692
bt -0.0962003 0.875669 -0.473234
t -0.995602 -0.00858957 -0.0932933
bt 0.0452047 0.87661 -0.479073
t -0.997309 0.00836997 0.0728388
bt 0.0216016 0.255394 -0.966596
t -0.997756 -0.00842308 -0.0664196
bt 0.155476 0.256787 -0.95388
t -0.996798 -0.00609772 -0.0797299
bt -0.120799 -0.317706 0.940463
t -0.996261 0.00615452 0.0861759
bt 0.11774 -0.317789 0.940823
t -0.995305 -0.00507213 -0.09666
bt -0.0226832 -0.966273 0.256521
t -0.994661 0.00507118 0.103076
bt 0.0520562 -0.965969 0.253365
t -0.995485 0.00748229 -0.0946201
bt 0.068332 -0.914814 -0.398053
t -0.994852 -0.00749117 0.101065
bt -0.0156503 -0.914877 -0.403428
t -0.995508 0.00779544 -0.094355
bt 0.0414239 -0.906327 -0.420543
t -0.99488 -0.00778892 0.10076
bt -0.0727864 -0.905947 -0.417088
t -0.99607 -0.0101596 -0.0879834
bt -0.103204 -0.712221 0.694327
t -0.99548 0.0101774 0.0944198
bt 0.0609781 -0.712627 0.698888
t -0.994623 0.00423021 0.103471
bt -0.030044 -0.975771 0.216719
t -0.995273 -0.00422372 -0.0970264
bt -0.0498499 -0.9767 0.208738
t -0.996657 -0.00782032 -0.0813248
bt -0.127724 -0.421906 0.897598
t -0.996112 0.00780452 0.0877488
bt 0.0897438 -0.422283 0.90201
t -0.996889 -0.00438783 -0.0786948
bt -0.135192 -0.222701 0.965468
t -0.996358 0.00444915 0.0851501
bt 0.100659 -0.222929 0.969624
t -0.995625 -0.00867121 -0.0930358
bt -0.0192786 -0.870914 0.491057
t -0.995003 0.0086701 0.0994691
bt 0.141842 -0.867623 0.476563
t -0.995224 0.0028468 -0.0975782
bt 0.00754661 -0.989961 -0.141142
t -0.994579 -0.00283279 0.103942
bt -0.0386841 -0.989695 -0.137869
t -0.996385 -0.00953543 -0.0844147
bt -0.0801058 -0.574881 0.814307
t -0.998195 0.0476727 0.036522
bt 0.0854046 -0.574815 0.813815
t -0.995537 0.0101773 0.0938172
bt 0.0297847 -0.689661 0.723519
t -0.996127 -0.0101339 -0.0873339
bt -0.123326 -0.689456 0.713752
t -0.99569 0.00910277 -0.092301
bt 0.0914736 -0.848878 -0.520614
t -0.995079 -0.00910664 0.0986621
bt -0.0158127 -0.848893 -0.528328
t -0.99649 0.0486143 0.0681565
bt 0.0668474 -0.802257 0.593225
t -0.996905 -0.0485999 -0.0617963
bt -0.0582257 -0.802272 0.594112
t -0.995998 0.0101225 -0.088802
bt 0.0841032 -0.738666 -0.668805
t -0.995412 -0.0101411 0.0951449
bt -0.0889707 -0.738698 -0.668138
t -0.995543 -0.00809199 -0.0939614
bt -0.109719 -0.893153 0.436164
t -0.994922 0.00810055 0.100322
bt -0.0475171 -0.891142 0.45123
t -0.99787 -0.005254 -0.0650165
bt -0.0968166 -0.155753 0.98304
t -0.997436 0.00526658 0.0713745
bt 0.169027 -0.155412 0.973281
t 0.999648 0.00155204 -0.0264939
bt -0.00317608 0.0660005 -0.997815
t 0.982802 -0.00134187 -0.184657
bt -0.165039 0.0659436 -0.98408
t 0.980276 0.00971416 -0.197396
bt -0.00913939 -0.797798 -0.602855
t 0.999877 -0.0108581 -0.0112923
bt -0.00182672 -0.803086 -0.595861
t 0.925509 -0.00130055 -0.378723
bt -0.359902 0.0659713 -0.930655
t 0.920458 0.00972459 -0.390721
bt -0.130487 -0.797787 -0.58865
t 0.830329 -0.00132391 -0.557272
bt -0.539927 0.066004 -0.83912
t 0.82297 0.00971443 -0.568001
bt -0.246418 -0.797808 -0.550256
t 0.701161 -0.00135966 -0.713002
bt -0.697839 0.0659488 -0.713212
t 0.691783 0.0097338 -0.72204
bt -0.352183 -0.797858 -0.489274
t 0.543283 -0.00134871 -0.839549
bt -0.827102 0.0659129 -0.558173
t 0.532306 0.00970433 -0.846497
bt -0.443505 -0.797852 -0.408332
t 0.36316 -0.00136874 -0.931726
bt -0.92251 0.0659725 -0.380294
t 0.350947 0.00974752 -0.936345
bt -0.516635 -0.797834 -0.310724
t 0.168196 -0.00132571 -0.985753
bt -0.980185 0.0659807 -0.186771
t 0.15532 0.00974166 -0.987816
bt -0.568589 -0.797831 -0.200431
t -0.0336923 -0.00137725 -0.999431
bt -0.997714 0.0660452 0.0142968
t -0.0467003 0.0097365 -0.998861
bt -0.597294 -0.797836 -0.0818356
t -0.234173 -0.00137215 -0.972194
bt -0.974391 0.0660192 0.214951
t -0.24678 0.00971517 -0.969023
bt -0.601525 -0.79785 0.0400514
t -0.425085 -0.00135888 -0.905152
bt -0.911218 0.0660019 0.406602
t -0.436813 0.00973776 -0.899499
bt -0.581187 -0.797812 0.160367
t -0.598573 -0.00134059 -0.801067
bt -0.810679 0.0660001 0.581758
t -0.608938 0.00973398 -0.793158
bt -0.537054 -0.797801 0.274019
t -0.747572 -0.00134031 -0.664179
bt -0.677119 0.0660581 0.732903
t -0.756122 0.00972912 -0.654359
bt -0.470895 -0.797813 0.3765
t -0.865972 -0.0013336 -0.50009
bt -0.515789 0.0660545 0.854165
t -0.87238 0.0097541 -0.488731
bt -0.385614 -0.797789 0.463503
t -0.948905 -0.00131605 -0.315558
bt -0.333173 0.0660234 0.940551
t -0.952899 0.00974425 -0.303131
bt -0.284512 -0.797793 0.531582
t 0.999877 -0.0108581 -0.0112923
bt -0.00182672 -0.803086 -0.595861
t 0.981691 -0.0110645 0.19016
bt 0.124335 -0.803089 -0.582743
t 0.984603 0.00159225 0.174799
bt 0.11697 0.0657907 -0.990954
t 0.999648 0.00155204 -0.0264939
bt -0.00317608 0.0660005 -0.997815
t 0.922949 -0.00974966 0.384799
bt 0.239444 -0.803065 -0.545668
t 0.927933 0.00131784 0.372746
bt 0.314034 0.0657365 -0.947133
t 0.826609 -0.00973136 0.562692
bt 0.344419 -0.803064 -0.486275
t 0.833906 0.00130586 0.551905
bt 0.498414 0.0657733 -0.864441
t 0.696414 -0.00973773 0.717575
bt 0.435406 -0.803032 -0.406891
t 0.705735 0.00136002 0.708475
bt 0.662288 0.0657686 -0.746357
t 0.537682 -0.00976027 0.843091
bt 0.508339 -0.803045 -0.310984
t 0.548691 0.00133022 0.836024
bt 0.799014 0.065788 -0.597702
t 0.357013 -0.00972963 0.934049
bt 0.56052 -0.803051 -0.202301
t 0.369166 0.00138609 0.929363
bt 0.902944 0.0658465 -0.424683
t 0.161671 -0.00974613 0.986797
bt 0.589796 -0.803033 -0.0853202
t 0.174547 0.00133993 0.984648
bt 0.969943 0.0657735 -0.234273
t -0.0402319 -0.00972391 0.999143
bt 0.594844 -0.803066 0.0353003
t -0.0272471 0.00130336 0.999628
bt 0.997243 0.0658561 -0.0341958
t -0.240534 -0.00972447 0.970592
bt 0.575624 -0.803061 0.154106
t -0.227906 0.00138538 0.973682
bt 0.983709 0.0658448 0.167279
t -0.430971 -0.00969622 0.902314
bt 0.532746 -0.803015 0.267113
t -0.419225 0.00133868 0.907881
bt 0.929923 0.0658378 0.361814
t -0.603793 -0.0097275 0.797082
bt 0.468213 -0.803027 0.368678
t -0.593401 0.00134643 0.804906
bt 0.837992 0.0658852 0.541691
t -0.73171 -0.048568 0.679884
bt 0.389174 -0.802973 0.451417
t -0.743271 0.00134306 0.668989
bt 0.711864 0.0658578 0.699222
t -0.778851 0.0485654 0.625326
bt 0.389174 -0.802973 0.451417
t -0.86919 -0.00971775 0.494383
bt 0.284939 -0.803048 0.523377
t -0.862721 0.00131457 0.505678
bt 0.556538 0.0659079 0.828204
t -0.950907 -0.00970254 0.309326
bt 0.173881 -0.803016 0.570026
t -0.946856 0.00133002 0.321655
bt 0.378517 0.0658791 0.923247
t 0.999987 0.00295191 -0.00407919
bt 0.000881403 -0.960838 0.277111
t 0.979168 -0.00541696 -0.202982
bt 0.0519678 -0.960827 0.272234
t 0.980418 -0.00989886 -0.196677
bt 0.0926355 -0.779617 0.619367
t 0.999923 0.00789164 -0.00953443
bt 0.00198429 -0.78013 0.625614
t 0.918264 -0.00541065 -0.395932
bt 0.105683 -0.960827 0.256206
t 0.920747 -0.00992213 -0.390034
bt 0.215489 -0.779586 0.588057
t 0.819754 -0.00541817 -0.57269
bt 0.155082 -0.960829 0.229688
t 0.82336 -0.00994879 -0.567433
bt 0.329397 -0.779631 0.53261
t 0.687699 -0.00541671 -0.725976
bt 0.198154 -0.960831 0.193747
t 0.6923 -0.00993484 -0.721542
bt 0.429911 -0.779577 0.455451
t 0.527505 -0.00541472 -0.849535
bt 0.233074 -0.960833 0.149919
t 0.532913 -0.00992062 -0.846112
bt 0.512797 -0.779585 0.359565
t 0.345655 -0.00542467 -0.938346
bt 0.258508 -0.960826 0.0999315
t 0.351663 -0.00994421 -0.936074
bt 0.574704 -0.779559 0.249004
t 0.149749 -0.00540626 -0.988709
bt 0.273328 -0.960827 0.0458641
t 0.156044 -0.00992449 -0.9877
bt 0.612976 -0.779628 0.12822
t -0.0523508 -0.00541761 -0.998614
bt 0.276969 -0.960826 -0.0101064
t -0.0459947 -0.00994931 -0.998892
bt 0.626294 -0.779584 0.00220553
t -0.252317 -0.0054213 -0.967629
bt 0.269239 -0.960833 -0.0656583
t -0.246086 -0.00991999 -0.969197
bt 0.613914 -0.779588 -0.123908
t -0.441932 -0.00541878 -0.897032
bt 0.250504 -0.960835 -0.118508
t -0.436107 -0.00990225 -0.89984
bt 0.576349 -0.779635 -0.244933
t -0.613426 -0.00541583 -0.789733
bt 0.221538 -0.96083 -0.166512
t -0.582112 -0.0495205 -0.8116
bt 0.546688 -0.776979 -0.312148
t -0.759852 -0.00542236 -0.650074
bt 0.183467 -0.960832 -0.207705
t -0.755658 -0.0099567 -0.654891
bt 0.433067 -0.779633 -0.452356
t -0.644772 0.0495066 -0.76277
bt 0.493487 -0.780132 -0.384532
t -0.875133 -0.00540419 -0.483851
bt 0.137893 -0.96083 -0.240398
t -0.871993 -0.00991234 -0.489419
bt 0.33315 -0.779629 -0.530274
t -0.954618 -0.00540622 -0.297785
bt 0.0867133 -0.96083 -0.263222
t -0.952674 -0.00994401 -0.303831
bt 0.219546 -0.77963 -0.586495
t 0.999923 0.00789164 -0.00953443
bt 0.00198429 -0.78013 0.625614
t 0.98562 0.0442333 0.163086
bt -0.124007 -0.780132 0.613201
t 0.980263 0.00165574 0.197689
bt -0.020134 -0.960239 0.278454
t 0.999987 0.00295191 -0.00407919
bt 0.000881403 -0.960838 0.277111
t 0.970309 -0.0495426 0.236741
bt -0.124007 -0.780132 0.613201
t 0.923236 0.00992374 0.384104
bt -0.214347 -0.779723 0.588291
t 0.920808 0.00540289 0.389979
bt -0.0758033 -0.960241 0.268685
t 0.827036 0.00990844 0.562061
bt -0.328426 -0.779652 0.533179
t 0.823425 0.00542206 0.567399
bt -0.128354 -0.960234 0.247945
t 0.696974 0.00989751 0.717028
bt -0.429041 -0.779662 0.456125
t 0.692386 0.00540948 0.721507
bt -0.175624 -0.960238 0.217023
t 0.564211 0.0495408 0.824143
bt -0.529883 -0.780131 0.332595
t 0.532942 0.00541934 0.846135
bt -0.215718 -0.960236 0.177234
t 0.496905 -0.0495161 0.866391
bt -0.529883 -0.780131 0.332595
t 0.357733 0.00990327 0.933771
bt -0.57408 -0.779717 0.249946
t 0.351755 0.00540693 0.936076
bt -0.246948 -0.960241 0.130206
t 0.162439 0.00990852 0.986669
bt -0.61273 -0.779644 0.129295
t 0.156094 0.00542233 0.987727
bt -0.26812 -0.960238 0.0778165
t -0.00766095 0.049514 0.998744
bt -0.624907 -0.780133 -0.029727
t -0.0396368 0.0270554 0.998848
bt -0.279935 -0.95706 0.0753124
t -0.0870303 -0.0495394 0.994973
bt -0.624907 -0.780133 -0.0297269
t -0.239819 0.00990887 0.970767
bt -0.61407 -0.779643 -0.122782
t -0.246081 0.00542515 0.969234
bt -0.277088 -0.960235 -0.0342223
t -0.0552499 -0.0270616 0.998106
bt -0.27682 -0.960831 -0.0131925
t -0.430314 0.00991264 0.902625
bt -0.576755 -0.779659 -0.243897
t -0.436118 0.00541793 0.899873
bt -0.264517 -0.960238 -0.0892919
t -0.603203 0.00991454 0.797526
bt -0.515888 -0.779642 -0.35499
t -0.608318 0.00541095 0.793675
bt -0.241113 -0.960239 -0.140731
t -0.751419 0.00995377 0.659751
bt -0.433836 -0.77965 -0.451589
t -0.755618 0.00540611 0.65499
bt -0.207878 -0.960235 -0.186374
t -0.868828 0.00992045 0.495015
bt -0.334021 -0.77972 -0.529591
t -0.872003 0.00541306 0.48947
bt -0.166079 -0.960238 -0.224411
t -0.950696 0.00994479 0.309965
bt -0.220645 -0.779657 -0.586047
t -0.952676 0.00540738 0.303939
bt -0.117489 -0.960236 -0.253267
t -0.988385 0.0495425 0.14367
bt -0.0653153 -0.78013 -0.622199
t 0.982122 -0.00776768 -0.188083
bt 0.120665 -0.417967 0.900413
t 0.999827 0.00649674 -0.0174249
bt 0.0029113 -0.418916 0.90802
t 0.924165 -0.0076786 -0.381915
bt 0.299478 -0.41798 0.857674
t 0.82837 -0.00772635 -0.560128
bt 0.466008 -0.417968 0.779833
t 0.744376 -0.0384681 -0.666652
bt 0.538265 -0.413191 0.734537
t 0.540341 -0.00773328 -0.841411
bt 0.735759 -0.417979 0.532872
t 0.622975 0.0385453 -0.781291
bt 0.660187 -0.41889 0.623446
t 0.359918 -0.00773611 -0.932952
bt 0.827984 -0.417959 0.373836
t 0.230161 -0.0384824 -0.972391
bt 0.86143 -0.413184 0.295326
t -0.0371817 -0.00774332 -0.999278
bt 0.908304 -0.417964 0.017047
t 0.064993 0.0385434 -0.997141
bt 0.898017 -0.418878 0.134562
t -0.171988 -0.0385003 -0.984346
bt 0.908093 -0.413166 -0.0682688
t -0.428198 -0.00773133 -0.903652
bt 0.841423 -0.417965 -0.34251
t -0.333486 0.0385004 -0.941969
bt 0.878313 -0.418868 -0.230467
t -0.582112 -0.0495205 -0.8116
bt 0.493484 -0.780099 -0.384602
t -0.601337 -0.00776347 -0.798958
bt 0.755241 -0.417993 -0.504869
t -0.644783 0.049526 -0.762759
bt 0.493484 -0.780099 -0.384602
t -0.749867 -0.00773145 -0.661544
bt 0.63817 -0.417927 -0.646588
t -0.867674 -0.007731 -0.497074
bt 0.494972 -0.417941 -0.761793
t -0.949971 -0.00774904 -0.312242
bt 0.33149 -0.418003 -0.845806
t -0.982797 -0.0385292 -0.180626
bt 0.251374 -0.413162 -0.875276
t 0.999827 0.00649674 -0.0174249
bt 0.0029113 -0.418916 0.90802
t 0.982598 0.00586611 0.185652
bt -0.139809 -0.41857 0.897359
t 0.985633 0.0443904 0.162961
bt 0.0392381 -0.769432 0.637522
t 0.948975 0.0385482 0.312988
bt -0.355452 -0.418886 0.835576
t 0.970309 -0.0495432 0.236742
bt -0.123985 -0.780099 0.613248
t 0.883608 -0.0384679 0.466645
bt -0.355452 -0.418886 0.835576
t 0.866555 0.0385334 0.497591
bt -0.516383 -0.418879 0.74692
t 0.771589 -0.0384858 0.634957
bt -0.516383 -0.418879 0.74692
t 0.703257 0.00770983 0.710894
bt -0.627396 -0.418584 0.656629
t 0.545756 0.00774425 0.837908
bt -0.746743 -0.418566 0.516892
t 0.564211 0.0495407 0.824143
bt -0.43505 -0.769424 0.467673
t 0.427004 0.0385194 0.903429
bt -0.850524 -0.418879 0.31804
t 0.49691 -0.0495088 0.866388
bt -0.529919 -0.780093 0.332626
t 0.270582 -0.0385024 0.961927
bt -0.850524 -0.418879 0.31804
t 0.236385 0.0385396 0.970895
bt -0.897131 -0.418876 0.140352
t 0.0714203 -0.038467 0.996704
bt -0.897131 -0.418877 0.140352
t -0.0307358 0.00774253 0.999498
bt -0.908214 -0.418499 -0.00230495
t -0.00766095 0.049514 0.998744
bt -0.624221 -0.769441 0.135313
t -0.165635 0.0385135 0.985435
bt -0.879768 -0.418885 -0.22482
t -0.0870413 -0.0495533 0.994972
bt -0.624948 -0.780102 -0.0296747
t -0.327409 -0.0384968 0.944098
bt -0.879768 -0.418885 -0.224821
t -0.422387 0.00778497 0.906382
bt -0.833708 -0.418472 -0.360295
t -0.596152 0.0076884 0.802835
bt -0.744077 -0.41856 -0.520727
t -0.745581 0.00774437 0.66637
bt -0.624093 -0.41844 -0.65986
t -0.864465 0.00778128 0.502633
bt -0.478474 -0.41853 -0.771942
t -0.947934 0.00773386 0.318372
bt -0.313241 -0.418582 -0.852449
t -0.988385 0.0495425 0.14367
bt -0.228242 -0.769432 -0.596557
t 0.582387 0.0887637 0.808051
bt -0.812452 0.239409 0.531607
t 0.624301 0.123862 0.771302
bt -0.771619 0.226048 0.594564
t 0.461815 0.201083 0.863882
bt -0.898132 0.154811 0.411573
t 0.443099 0.248542 0.861331
bt -0.900659 0.0630001 0.429936
t 0.448054 0.230367 0.863816
bt -0.899203 0.111878 0.422986
t 0.439103 0.256782 0.86096
bt -0.896869 0.0131622 0.4421
t 0.41652 0.253991 0.872926
bt -0.892692 -0.0385394 0.449017
t 0.403474 0.215935 0.889146
bt -0.875647 -0.133218 0.464216
t 0.405134 0.239622 0.882297
bt -0.888353 -0.0896027 0.450334
t 0.306174 -0.0933854 0.947384
bt -0.909382 0.237543 0.341465
t 0.406472 0.183557 0.895035
bt -0.873212 -0.176634 0.454204
t 0.409967 0.143434 0.900752
bt -0.862567 -0.2089 0.460803
t 0.418309 0.0981759 0.902984
bt -0.858518 -0.234707 0.455916
t 0.29493 -0.0382588 0.954753
bt -0.910428 0.252982 0.327294
t 0.402933 -0.0151659 0.915104
bt -0.880102 0.256737 0.399384
t 0.494086 0.0116555 0.869335
bt -0.848729 0.256831 0.462274
t 0.584151 0.0368052 0.81081
bt -0.80191 0.253792 0.54086
t 0.462091 -0.0986664 0.881327
bt -0.882842 -0.234834 0.406747
t 0.468543 -0.143165 0.871763
bt -0.889615 -0.208966 0.406101
t 0.465347 -0.183459 0.865907
bt -0.897467 -0.173832 0.405383
t 0.443134 -9.43244e-06 0.896455
bt -0.863561 -0.257223 0.433702
t 0.46102 -0.21598 0.860705
bt -0.900269 -0.133261 0.414437
t 0.445837 -0.240669 0.862153
bt -0.902106 -0.0869084 0.422671
t 0.421783 -0.256824 0.869563
bt -0.894454 0.012412 0.446987
t 0.425104 -0.25461 0.868597
bt -0.89954 -0.0379995 0.435182
t 0.428216 -0.249429 0.868572
bt -0.887584 0.0625834 0.456375
t 0.409843 -0.229751 0.882748
bt -0.877188 0.109313 0.467539
t 0.403087 -0.163295 0.900475
bt -0.863408 0.191885 0.466591
t 0.421042 -0.203758 0.883859
bt -0.867408 0.152418 0.47368
t 0.423305 -0.167838 0.890305
bt -0.860879 0.1909 0.471641
t 0.407538 -0.164298 0.898287
bt -0.864371 0.192261 0.464649
t 0.306174 -0.0933854 0.947384
bt -0.909382 0.237543 0.341465
t 0.427633 0.049104 0.902618
bt -0.854903 -0.250781 0.454146
t 0.408053 -0.164414 0.898032
bt -0.864278 0.192225 0.464838
t 0.457744 -0.0491234 0.887726
bt -0.862099 -0.252845 0.439152
t 0.465985 -0.0976025 0.879393
bt -0.870715 -0.23757 0.4306
t 0.982819 -0.000381162 -0.18457
bt 0.124888 -0.0206646 0.991956
t 0.999811 0.000301914 -0.0194121
bt 0.00323378 -0.0206992 0.99978
t 0.925539 -0.000395117 -0.378652
bt 0.32202 -0.0206277 0.946508
t 0.830378 -0.000409201 -0.5572
bt 0.505962 -0.0206836 0.862307
t 0.744376 -0.038468 -0.666652
bt 0.660224 -0.418847 0.623435
t 0.701215 -0.000464558 -0.71295
bt 0.669184 -0.020656 0.74281
t 0.622979 0.0385431 -0.781289
bt 0.660224 -0.418847 0.623435
t 0.543344 -0.000412299 -0.83951
bt 0.805011 -0.0206342 0.592901
t 0.363231 -0.00046805 -0.931699
bt 0.90787 -0.0206799 0.418741
t 0.230161 -0.0384824 -0.972391
bt 0.898042 -0.418828 0.13455
t 0.16826 -0.000393626 -0.985743
bt 0.97358 -0.0206668 0.227411
t 0.0650339 0.0385245 -0.997139
bt 0.898042 -0.418827 0.13455
t -0.0335876 -0.000404208 -0.999436
bt 0.999428 -0.0206621 0.0267713
t -0.171988 -0.0385003 -0.984346
bt 0.878334 -0.418812 -0.23049
t -0.234115 -0.000447097 -0.972209
bt 0.984359 -0.0207162 -0.174953
t -0.333495 0.038505 -0.941965
bt 0.878334 -0.418812 -0.23049
t -0.425002 -0.000422824 -0.905192
bt 0.928993 -0.0206822 -0.369518
t -0.59851 -0.000358689 -0.801115
bt 0.835603 -0.0206789 -0.548945
t -0.747518 -0.000403603 -0.664241
bt 0.708007 -0.0207147 -0.705902
t -0.865932 -0.000443715 -0.500161
bt 0.551412 -0.0206959 -0.833977
t -0.948881 -0.000461492 -0.315634
bt 0.372257 -0.0206466 -0.9279
t -0.982797 -0.0385292 -0.180626
bt 0.0889546 -0.41881 -0.903707
t 0.999811 0.000301914 -0.0194121
bt 0.00323378 -0.0206992 0.99978
t 0.982857 0.000287126 0.184368
bt -0.158266 -0.0206921 0.98718
t 0.927962 0.000398502 0.372675
bt -0.353758 -0.0207294 0.935107
t 0.948974 0.0385482 0.312988
bt -0.160969 -0.410086 0.89773
t 0.833951 0.000404296 0.551838
bt -0.534745 -0.0207587 0.844759
t 0.866555 0.0385334 0.497591
bt -0.338381 -0.410078 0.846956
t 0.883609 -0.0384666 0.466643
bt -0.355463 -0.418841 0.835595
t 0.705797 0.000456726 0.708414
bt -0.693846 -0.0207046 0.719825
t 0.771586 -0.0384878 0.63496
bt -0.516399 -0.418829 0.746936
t 0.548753 0.000462324 0.835985
bt -0.824534 -0.0207349 0.565433
t 0.369258 0.0003796 0.929327
bt -0.921472 -0.0207116 0.387892
t 0.427004 0.0385194 0.903429
bt -0.761558 -0.410082 0.501859
t 0.174609 0.000428735 0.984638
bt -0.980691 -0.0207298 0.194462
t 0.236385 0.0385396 0.970895
bt -0.846989 -0.410071 0.338306
t 0.270583 -0.0385024 0.961927
bt -0.85053 -0.41883 0.318089
t -0.02716 0.00043752 0.999631
bt -0.999761 -0.0207054 -0.00694468
t 0.0713907 -0.0384806 0.996706
bt -0.897152 -0.418826 0.140371
t -0.227815 0.000386892 0.973704
bt -0.977903 -0.0207202 -0.20803
t -0.165635 0.0385135 0.985435
bt -0.91175 -0.410093 -0.0231625
t -0.419165 0.00046561 0.90791
bt -0.916013 -0.0206869 -0.400616
t -0.327409 -0.0384966 0.944098
bt -0.879793 -0.418839 -0.224806
t -0.593341 0.000411679 0.804951
bt -0.816626 -0.0206638 -0.576796
t -0.743225 0.000396179 0.669041
bt -0.683807 -0.0207542 -0.729367
t -0.862682 0.000441039 0.505747
bt -0.522994 -0.0207084 -0.852085
t -0.946826 0.000405635 0.321745
bt -0.340761 -0.0207606 -0.93992
t 0.999922 -0.00768172 -0.00984092
bt 0.00211606 0.760703 0.649096
t 0.980527 0.010065 -0.196127
bt 0.0826036 0.759706 0.644998
t 0.979777 0.00858556 -0.199911
bt 0.102434 0.876607 0.470179
t 0.999967 -0.00530366 -0.00610566
bt 0.00149254 0.87661 0.481199
t 0.920978 0.0100341 -0.389485
bt 0.210737 0.759718 0.615157
t 0.919462 0.00861101 -0.393084
bt 0.195064 0.876603 0.439906
t 0.823726 0.0100385 -0.5669
bt 0.330273 0.759705 0.56015
t 0.821507 0.00860599 -0.570133
bt 0.279529 0.876604 0.391701
t 0.692751 0.010055 -0.721107
bt 0.436252 0.759716 0.482198
t 0.68996 0.00858188 -0.723796
bt 0.352697 0.876613 0.327345
t 0.533426 0.0100219 -0.845788
bt 0.524382 0.759718 0.384517
t 0.530165 0.00857588 -0.847851
bt 0.411328 0.876614 0.249715
t 0.35227 0.0100036 -0.935845
bt 0.591056 0.759713 0.27109
t 0.348605 0.00859871 -0.93723
bt 0.45323 0.876596 0.161749
t 0.156636 0.0100663 -0.987605
bt 0.633533 0.759709 0.146556
t 0.15284 0.00857655 -0.988214
bt 0.476506 0.876599 0.0672112
t -0.0453371 0.0100412 -0.998921
bt 0.650063 0.759711 0.0160555
t -0.0492439 0.0085964 -0.99875
bt 0.480275 0.876598 -0.0301988
t -0.245519 0.010055 -0.96934
bt 0.639982 0.759713 -0.115152
t -0.24925 0.00858286 -0.968401
bt 0.464385 0.876603 -0.126153
t -0.435574 0.0100068 -0.900097
bt 0.603712 0.759714 -0.24159
t -0.439052 0.00856312 -0.898421
bt 0.429491 0.876607 -0.21702
t -0.607876 0.0100657 -0.793968
bt 0.542714 0.759708 -0.358198
t -0.610894 0.00855525 -0.791666
bt 0.376995 0.876606 -0.29906
t -0.755253 0.010055 -0.655356
bt 0.459508 0.759708 -0.460105
t -0.757797 0.00860001 -0.652434
bt 0.309117 0.876602 -0.368804
t -0.871707 0.0100438 -0.489924
bt 0.357485 0.759708 -0.543184
t -0.873628 0.00860689 -0.486519
bt 0.228456 0.876609 -0.423515
t -0.952479 0.01004 -0.304438
bt 0.240836 0.759721 -0.604005
t -0.953669 0.00859846 -0.300734
bt 0.138605 0.876609 -0.460809
t 0.999967 -0.00530366 -0.00610566
bt 0.00149254 0.87661 0.481199
t 0.980545 -0.00351684 0.196261
bt -0.0540613 0.875832 0.479579
t 0.98123 -0.00657831 0.19273
bt -0.133423 0.760693 0.635252
t 0.999922 -0.00768172 -0.00984092
bt 0.00211606 0.760703 0.649096
t 0.921988 -0.00859431 0.387123
bt -0.149454 0.875841 0.458874
t 0.923465 -0.0100498 0.38355
bt -0.258553 0.760696 0.595392
t 0.825212 -0.00856483 0.564758
bt -0.23876 0.875837 0.419409
t 0.827357 -0.01006 0.561586
bt -0.373109 0.760691 0.531168
t 0.694618 -0.00858223 0.719328
bt -0.318317 0.875843 0.36273
t 0.697366 -0.0100602 0.716644
bt -0.472397 0.76069 0.445188
t 0.535627 -0.0085724 0.844411
bt -0.384846 0.875846 0.291184
t 0.538844 -0.010064 0.842346
bt -0.55233 0.760693 0.340994
t 0.35469 -0.00855345 0.934945
bt -0.435598 0.875844 0.20773
t 0.358304 -0.0100142 0.933551
bt -0.609657 0.760695 0.222847
t 0.159217 -0.00858706 0.987206
bt -0.468501 0.875841 0.115798
t 0.163024 -0.0100274 0.986571
bt -0.64203 0.760702 0.0955483
t -0.042752 -0.00857451 0.999049
bt -0.482235 0.875831 0.0192139
t -0.0388939 -0.0100395 0.999193
bt -0.648118 0.760705 -0.0356458
t -0.24298 -0.00857141 0.969993
bt -0.476245 0.875829 -0.0781958
t -0.239235 -0.0100218 0.97091
bt -0.627696 0.760688 -0.16538
t -0.433228 -0.00855034 0.901244
bt -0.450728 0.875838 -0.172488
t -0.429743 -0.0100104 0.902896
bt -0.581542 0.760704 -0.288337
t -0.605843 -0.00859252 0.795538
bt -0.40666 0.875885 -0.259716
t -0.602734 -0.0100551 0.797879
bt -0.511608 0.760689 -0.399512
t -0.753562 -0.00858958 0.65732
bt -0.346136 0.875833 -0.336313
t -0.750985 -0.0100091 0.660243
bt -0.420715 0.760701 -0.494301
t -0.870439 -0.00856875 0.492202
bt -0.271414 0.875836 -0.399056
t -0.868522 -0.010033 0.495549
bt -0.312592 0.760689 -0.568893
t -0.951708 -0.0085949 0.306884
bt -0.185544 0.875837 -0.445514
t -0.950491 -0.0100173 0.310591
bt -0.191702 0.7607 -0.620149
t 0.984812 0.00841633 -0.173422
bt 0.076391 0.255338 0.963829
t 0.99952 -0.00719786 -0.0301419
bt 0.00298537 0.257323 0.966321
t 0.929736 0.00838496 -0.368132
bt 0.26896 0.255373 0.928679
t 0.836598 0.00843816 -0.547752
bt 0.450432 0.255403 0.8555
t 0.751993 0.0251423 -0.658691
bt 0.565274 0.252917 0.785174
t 0.55279 0.00840731 -0.833278
bt 0.751263 0.255399 0.608584
t 0.61458 -0.0251593 -0.788453
bt 0.702586 0.257247 0.663473
t 0.373717 0.00845332 -0.927504
bt 0.858411 0.255241 0.444953
t 0.179399 0.0084423 -0.98374
bt 0.930401 0.25534 0.262975
t -0.022285 0.00845806 -0.999716
bt 0.964329 0.255223 0.0702272
t -0.223084 0.00843187 -0.974763
bt 0.958682 0.255339 -0.125421
t -0.414692 0.00838497 -0.909923
bt 0.91387 0.25535 -0.315656
t -0.537183 0.0251429 -0.843091
bt 0.861669 0.252936 -0.439943
t -0.695901 0.0251523 -0.717697
bt 0.755421 0.252922 -0.604458
t -0.686272 -0.0251658 -0.726909
bt 0.7622 0.257259 -0.594028
t -0.860183 0.00847118 -0.509915
bt 0.569734 0.255393 -0.781139
t -0.818532 -0.025143 -0.573911
bt 0.627114 0.257244 -0.735224
t -0.945224 0.00843243 -0.326313
bt 0.400763 0.255351 -0.879878
t 0.99952 -0.00719786 -0.0301419
bt 0.00298537 0.257323 0.966321
t 0.984719 -0.00655041 0.17403
bt -0.191529 0.257326 0.947154
t 0.952781 -0.0251614 0.302615
bt -0.378143 0.257265 0.889282
t 0.624301 0.123862 0.771302
bt -0.771619 0.226048 0.594564
t 0.582387 0.0887637 0.808051
bt -0.812452 0.239409 0.531607
t 0.584151 0.0368052 0.81081
bt -0.80191 0.253792 0.54086
t 0.494086 0.0116555 0.869335
bt -0.848729 0.256831 0.462274
t 0.402933 -0.0151659 0.915104
bt -0.880102 0.256737 0.399384
t 0.29493 -0.0382588 0.954753
bt -0.910428 0.252982 0.327294
t 0.306174 -0.0933854 0.947384
bt -0.909382 0.237543 0.341465
t -0.154827 -0.0251741 0.987621
bt -0.936319 0.25725 -0.239016
t -0.337954 0.0251318 0.940827
bt -0.936319 0.25725 -0.239016
t -0.408854 -0.00847123 0.912561
bt -0.8689 0.257282 -0.42287
t -0.584155 -0.00837265 0.811599
bt -0.765938 0.25732 -0.589173
t -0.691251 -0.0251111 0.722178
bt -0.631845 0.257254 -0.731159
t -0.814826 0.0251961 0.579158
bt -0.631845 0.257254 -0.731159
t -0.856872 -0.00837958 0.515461
bt -0.471746 0.257278 -0.843365
t -0.94309 -0.00842248 0.33243
bt -0.292475 0.257278 -0.921014
t 0.999702 -0.00679635 -0.0234305
bt -0.00293777 -0.3177 -0.948187
t 0.98242 0.00614852 -0.186583
bt -0.166311 -0.317592 -0.933529
t 0.92474 0.00614535 -0.380549
bt -0.350864 -0.317646 -0.880906
t 0.829217 0.00614408 -0.558892
bt -0.520975 -0.317633 -0.792271
t 0.699746 0.00615749 -0.714365
bt -0.669773 -0.317565 -0.671235
t 0.541617 0.00611299 -0.840603
bt -0.791182 -0.317619 -0.522637
t 0.361328 0.00613186 -0.932419
bt -0.880183 -0.31769 -0.352635
t 0.166258 0.00611141 -0.986063
bt -0.933182 -0.317584 -0.168262
t -0.0356486 0.0060935 -0.999346
bt -0.947935 -0.317632 0.0230251
t -0.236062 0.00609443 -0.971719
bt -0.923925 -0.317568 0.213338
t -0.426851 0.00612343 -0.904301
bt -0.861999 -0.317719 0.394984
t -0.600119 0.00608393 -0.799888
bt -0.764871 -0.317664 0.560412
t -0.698313 0.0305086 -0.715142
bt -0.615285 -0.317723 0.721441
t -0.816416 -0.0304873 -0.576659
bt -0.615285 -0.317723 0.72144
t -0.866935 0.00616867 -0.498383
bt -0.481853 -0.317684 0.816636
t -0.949504 0.00607845 -0.313695
bt -0.307674 -0.317653 0.896902
t 0.984269 -0.00742592 0.176519
bt 0.0948368 -0.316294 -0.943909
t 0.999702 -0.00679635 -0.0234305
bt -0.00293777 -0.3177 -0.948187
t 0.927182 -0.0061379 0.374562
bt 0.282851 -0.316345 -0.905495
t 0.832805 -0.00611143 0.553533
bt 0.45932 -0.316361 -0.830025
t 0.704333 -0.00615214 0.709843
bt 0.617 -0.316294 -0.720603
t 0.54703 -0.00610931 0.837091
bt 0.749397 -0.316432 -0.581615
t 0.367325 -0.0061551 0.930072
bt 0.851099 -0.3164 -0.418953
t 0.172598 -0.00615301 0.984973
bt 0.918051 -0.316396 -0.238907
t -0.0292092 -0.00613743 0.999554
bt 0.947326 -0.316449 -0.04933
t -0.229782 -0.00605965 0.973223
bt 0.937887 -0.316363 0.142415
t -0.421028 -0.00615667 0.907027
bt 0.889986 -0.316443 0.328313
t -0.594942 -0.00607472 0.803745
bt 0.80568 -0.316442 0.500744
t -0.744576 -0.00613069 0.667509
bt 0.688428 -0.31643 0.652639
t -0.863701 -0.00616031 0.503968
bt 0.542993 -0.316392 0.777853
t -0.947467 -0.00613272 0.319796
bt 0.375263 -0.316361 0.87126
t 0.999967 -0.00649373 -0.00494144
bt -0.000680101 -0.966247 -0.257616
t 0.979128 0.00506264 -0.203183
bt -0.0551665 -0.966246 -0.251647
t 0.918169 0.00506499 -0.396158
bt -0.10464 -0.966251 -0.235391
t 0.819627 0.00506719 -0.572875
bt -0.149797 -0.966246 -0.209594
t 0.687556 0.00506401 -0.726113
bt -0.189045 -0.966223 -0.175144
t 0.527293 0.00507016 -0.849668
bt -0.220328 -0.96625 -0.13348
t 0.345481 0.00506398 -0.938412
bt -0.242691 -0.966248 -0.0864007
t 0.14953 0.00506109 -0.988744
bt -0.255114 -0.96625 -0.0357359
t -0.052572 0.0050624 -0.998604
bt -0.257114 -0.966245 0.0162378
t -0.252463 0.00505103 -0.967593
bt -0.248554 -0.966247 0.0677381
t -0.44214 0.00507807 -0.896932
bt -0.229751 -0.966274 0.116317
t -0.613566 0.00504719 -0.789628
bt -0.201622 -0.966274 0.160197
t -0.759989 0.00506534 -0.649916
bt -0.165188 -0.966273 0.197558
t -0.698313 0.0305086 -0.715142
bt -0.71575 -0.31476 0.6234
t -0.875257 0.00505985 -0.483633
bt -0.122165 -0.966278 0.226679
t -0.816402 -0.0304792 -0.576679
bt -0.61521 -0.317894 0.721429
t -0.954686 0.00505638 -0.297571
bt -0.0739681 -0.966276 0.246655
t 0.980489 -0.00657501 0.196463
bt 0.00644902 -0.965254 -0.261232
t 0.999967 -0.00649373 -0.00494144
bt -0.000680101 -0.966247 -0.257616
t 0.922536 -0.025293 0.385082
bt -0.00437542 -0.95998 -0.280035
t 0.82331 -0.00506542 0.56757
bt 0.108774 -0.965244 -0.237638
t 0.917246 0.0253065 0.397517
bt 0.100725 -0.966239 -0.237143
t 0.69222 -0.00505964 0.721669
bt 0.15441 -0.965241 -0.210871
t 0.532772 -0.00506986 0.846243
bt 0.193672 -0.965245 -0.175481
t 0.351586 -0.00504952 0.936142
bt 0.225041 -0.965243 -0.1329
t 0.155857 -0.00506923 0.987767
bt 0.247192 -0.965237 -0.0849319
t -0.0461512 -0.00507128 0.998922
bt 0.259104 -0.965274 -0.0333478
t -0.24624 -0.00505637 0.969196
bt 0.260615 -0.965246 0.0194692
t -0.436324 -0.00506617 0.899776
bt 0.25127 -0.965273 0.0714911
t -0.608484 -0.00505607 0.79355
bt 0.231707 -0.965273 0.120663
t -0.755774 -0.00506045 0.654812
bt 0.202671 -0.965279 0.164804
t -0.872145 -0.00507604 0.489222
bt 0.165396 -0.965272 0.202223
t -0.952757 -0.00506562 0.303693
bt 0.121318 -0.965267 0.231391
t 0.999995 -9.17878e-05 -0.00323737
bt 0.0101141 -0.915165 0.402952
t 0.979502 -0.00750798 -0.201293
bt 0.0539125 -0.914817 0.400253
t 0.918924 -0.00750869 -0.394363
bt 0.133437 -0.914811 0.381202
t 0.820733 -0.0075102 -0.571262
bt 0.207427 -0.914811 0.346548
t 0.688977 -0.00748655 -0.724744
bt 0.272914 -0.914816 0.297707
t 0.528981 -0.00749683 -0.848601
bt 0.327252 -0.914819 0.236669
t 0.347279 -0.00752368 -0.937732
bt 0.368227 -0.914816 0.165892
t 0.151428 -0.00750751 -0.98844
bt 0.39408 -0.914814 0.0884123
t -0.0505759 -0.0074818 -0.998692
bt 0.403803 -0.914817 0.00729472
t -0.250621 -0.00751548 -0.968056
bt 0.397015 -0.914811 -0.074159
t -0.440309 -0.0074811 -0.897815
bt 0.373945 -0.914818 -0.152556
t -0.612073 -0.00751854 -0.790765
bt 0.335575 -0.914818 -0.224717
t -0.758672 -0.00748005 -0.65143
bt 0.283478 -0.914813 -0.287675
t -0.874265 -0.00747862 -0.485391
bt 0.219832 -0.914812 -0.33881
t -0.954078 -0.00748282 -0.299464
bt 0.147135 -0.914814 -0.376121
t 0.980343 0.0021067 0.197288
bt -0.0749033 -0.915194 0.395992
t 0.999995 -9.17878e-05 -0.00323737
bt 0.0101141 -0.915165 0.402952
t 0.922536 -0.025293 0.385083
bt 0.100773 -0.966257 -0.237048
t 0.92145 0.00751225 0.388423
bt -0.15304 -0.915193 0.372828
t 0.917246 0.0253075 0.397517
bt 0.100773 -0.966257 -0.237048
t 0.824389 0.00751902 0.565974
bt -0.224972 -0.91519 0.334387
t 0.693617 0.00749972 0.720305
bt -0.287692 -0.915183 0.282265
t 0.534424 0.00749807 0.845183
bt -0.338593 -0.915195 0.218571
t 0.353388 0.00749261 0.935447
bt -0.375675 -0.915187 0.145948
t 0.157862 0.00748664 0.987433
bt -0.397359 -0.915189 0.0673509
t -0.0441306 0.00747721 0.998998
bt -0.402776 -0.915191 -0.014019
t -0.244381 0.00751861 0.96965
bt -0.391711 -0.915188 -0.0948356
t -0.43451 0.0074785 0.900636
bt -0.364601 -0.915191 -0.171728
t -0.606948 0.00750981 0.794706
bt -0.322555 -0.915189 -0.241635
t -0.754463 0.00748807 0.6563
bt -0.267326 -0.915191 -0.3016
t -0.871155 0.00750958 0.49095
bt -0.20115 -0.91519 -0.349237
t -0.952132 0.0074929 0.305596
bt -0.126791 -0.915184 -0.382573
t 0.999995 -0.00265419 -0.0019626
bt 0.00296026 -0.906312 0.422598
t 0.979792 -0.0105173 -0.199741
bt 0.0864432 -0.906328 0.41364
t 0.918315 -0.00370063 -0.395833
bt 0.167929 -0.906324 0.387784
t 0.82094 -0.00777861 -0.570961
bt 0.242547 -0.906324 0.346046
t 0.689187 -0.00779433 -0.724542
bt 0.307232 -0.906333 0.290119
t 0.52926 -0.00777888 -0.848424
bt 0.359373 -0.906317 0.222354
t 0.347653 -0.00778287 -0.937591
bt 0.396778 -0.906312 0.145486
t 0.151771 -0.00778943 -0.988385
bt 0.417939 -0.906314 0.0626301
t -0.0503203 -0.00780128 -0.998703
bt 0.421984 -0.906317 -0.0227708
t -0.250247 -0.00777244 -0.968151
bt 0.408738 -0.906328 -0.107246
t -0.440051 -0.00779571 -0.897939
bt 0.378796 -0.90632 -0.187345
t -0.611786 -0.0077911 -0.790985
bt 0.33335 -0.906321 -0.259732
t -0.758495 -0.00779662 -0.651632
bt 0.27423 -0.906316 -0.321541
t -0.874127 -0.00778804 -0.485635
bt 0.203873 -0.906329 -0.37014
t -0.953993 -0.00779556 -0.299726
bt 0.125198 -0.906309 -0.403644
t 0.979052 -0.0112828 0.203295
bt -0.00990706 -0.903771 0.427901
t 0.999995 -0.00265419 -0.0019626
bt 0.00296026 -0.906312 0.422598
t 0.921579 0.00778869 0.388112
bt -0.111998 -0.904807 0.41083
t 0.824598 0.00779349 0.565666
bt -0.192372 -0.9048 0.379907
t 0.693862 0.00778353 0.720065
bt -0.264929 -0.904801 0.333388
t 0.534685 0.00779584 0.845015
bt -0.326632 -0.904793 0.27324
t 0.353694 0.00777292 0.935329
bt -0.37492 -0.904807 0.201889
t 0.158169 0.0077886 0.987381
bt -0.407908 -0.904799 0.122268
t -0.0438214 0.00777565 0.999009
bt -0.424158 -0.904805 0.0376722
t -0.244064 0.00779511 0.969728
bt -0.423064 -0.904802 -0.0484693
t -0.434203 0.00777407 0.900782
bt -0.404632 -0.904808 -0.132647
t -0.606677 0.00778982 0.79491
bt -0.369646 -0.904814 -0.211363
t -0.75425 0.00778363 0.656542
bt -0.319536 -0.904814 -0.28144
t -0.870967 0.00777596 0.49128
bt -0.25635 -0.904802 -0.340026
t -0.95204 0.0077909 0.305875
bt -0.182633 -0.904809 -0.384662
t 0.999606 -0.0183164 -0.0212592
bt -0.00227058 -0.712639 -0.701527
t 0.981065 0.0115051 -0.193334
bt -0.10941 -0.712234 -0.693363
t 0.978974 0.00235715 -0.203971
bt 0.00795561 -0.975772 -0.218643
t 0.999846 -0.0162049 -0.00680257
bt -0.00217817 -0.977116 -0.212698
t 0.921537 0.0101566 -0.388157
bt -0.246765 -0.712247 -0.657123
t 0.918422 0.00934238 -0.395492
bt -0.0362146 -0.975773 -0.215767
t 0.824557 0.0101325 -0.565688
bt -0.374 -0.712233 -0.594011
t 0.821335 0.021126 -0.570055
bt -0.0258988 -0.970457 -0.239882
t 0.693805 0.0101473 -0.720092
bt -0.485903 -0.712223 -0.506593
t 0.687266 0.00421662 -0.726393
bt -0.118383 -0.975771 -0.184001
t 0.816043 -0.0211328 -0.577605
bt -0.122127 -0.977107 -0.174204
t 0.534652 0.0101491 -0.845011
bt -0.577926 -0.712229 -0.398411
t 0.526937 0.00423383 -0.849894
bt -0.153005 -0.975766 -0.156426
t 0.353574 0.0101704 -0.935351
bt -0.646292 -0.71223 -0.273926
t 0.345132 0.00422158 -0.938545
bt -0.181345 -0.975772 -0.122409
t 0.158062 0.0101712 -0.987377
bt -0.688194 -0.712239 -0.13822
t 0.149104 0.00422391 -0.988812
bt -0.202288 -0.975767 -0.0834196
t -0.0438873 0.010164 -0.998985
bt -0.701944 -0.712225 0.00314168
t -0.0530135 0.00423284 -0.998585
bt -0.214929 -0.975769 -0.041005
t -0.244131 0.0101738 -0.969689
bt -0.686942 -0.712227 0.14437
t -0.25292 0.0042276 -0.967478
bt -0.21879 -0.975767 0.0031053
t -0.434274 0.0101551 -0.900724
bt -0.643809 -0.712229 0.279713
t -0.442494 0.00422614 -0.896762
bt -0.213664 -0.975773 0.0470707
t -0.606704 0.0101503 -0.794863
bt -0.574359 -0.712209 0.403571
t -0.613951 0.00423252 -0.789333
bt -0.199821 -0.975768 0.0891578
t -0.726545 0.0507166 -0.685245
bt -0.455214 -0.712649 0.533771
t -0.760263 0.00422667 -0.649602
bt -0.17777 -0.975774 0.127525
t -0.791339 -0.0506913 -0.609273
bt -0.455214 -0.712649 0.533771
t -0.871003 0.0101758 -0.491173
bt -0.368666 -0.712216 0.597356
t -0.87548 0.00423562 -0.483236
bt -0.148472 -0.97577 0.160714
t -0.952052 0.0102042 -0.305768
bt -0.240833 -0.712245 0.659323
t -0.954815 0.00422223 -0.29717
bt -0.113096 -0.975766 0.187324
t 0.999846 -0.0162049 -0.00680257
bt -0.00217817 -0.977116 -0.212698
t 0.98067 -0.0144713 0.195131
bt 0.0407173 -0.977114 -0.208781
t 0.983399 -0.0181672 0.180545
bt 0.0949436 -0.711935 -0.695797
t 0.999606 -0.0183164 -0.0212592
bt -0.00227058 -0.712639 -0.701527
t 0.920542 -0.00422968 0.39062
bt 0.0886264 -0.977098 -0.193454
t 0.924016 -0.0101803 0.382219
bt 0.233068 -0.711958 -0.662417
t 0.823048 -0.00423654 0.567956
bt 0.125743 -0.9771 -0.171651
t 0.828157 -0.0101839 0.560403
bt 0.361634 -0.711952 -0.601952
t 0.691883 -0.00423638 0.721997
bt 0.157743 -0.9771 -0.142802
t 0.698395 -0.0101911 0.71564
bt 0.475396 -0.711945 -0.516849
t 0.532427 -0.00422628 0.846465
bt 0.183233 -0.977103 -0.108147
t 0.540075 -0.0101553 0.841556
bt 0.569712 -0.711953 -0.410549
t 0.351172 -0.00421608 0.936301
bt 0.201261 -0.977101 -0.0690469
t 0.359605 -0.0101877 0.933049
bt 0.640693 -0.711938 -0.287501
t 0.155442 -0.00423554 0.987836
bt 0.211035 -0.977103 -0.0271093
t 0.16447 -0.0101355 0.98633
bt 0.685436 -0.711954 -0.15264
t -0.0465664 -0.00423076 0.998906
bt 0.212186 -0.9771 0.015905
t -0.0374541 -0.0101378 0.999247
bt 0.702117 -0.711968 -0.0115372
t -0.246671 -0.0042266 0.96909
bt 0.204632 -0.977101 0.0583074
t -0.237822 -0.0101402 0.971256
bt 0.690079 -0.711956 0.130035
t -0.436694 -0.00422567 0.8996
bt 0.188721 -0.977098 0.0983005
t -0.428487 -0.0101686 0.903491
bt 0.649798 -0.711935 0.266292
t -0.608818 -0.00422317 0.793299
bt 0.16505 -0.9771 0.13429
t -0.601583 -0.0101776 0.798745
bt 0.582904 -0.711925 0.391644
t -0.753472 -0.0211255 0.657141
bt 0.139126 -0.977104 0.16097
t -0.750044 -0.0101663 0.66131
bt 0.492134 -0.711921 0.500971
t -0.759503 0.0211285 0.650161
bt 0.139126 -0.977104 0.16097
t -0.872339 -0.00423291 0.488884
bt 0.0987348 -0.977099 0.188493
t -0.867796 -0.0101409 0.496817
bt 0.381192 -0.711961 0.58975
t -0.952891 -0.0042308 0.303283
bt 0.0587612 -0.977104 0.204488
t -0.950054 -0.0101915 0.311918
bt 0.254676 -0.711949 0.654422
t 0.999693 -0.00918265 -0.0230239
bt -0.00291445 -0.422284 -0.906459
t 0.982109 0.00782243 -0.188152
bt -0.146897 -0.421903 -0.894661
t 0.924134 0.00777605 -0.38199
bt -0.324004 -0.421935 -0.846754
t 0.828328 0.00780335 -0.56019
bt -0.487787 -0.421955 -0.764211
t 0.698608 0.00778898 -0.715462
bt -0.631658 -0.421913 -0.650383
t 0.540301 0.00778332 -0.841436
bt -0.749632 -0.421946 -0.509915
t 0.359867 0.00775963 -0.932971
bt -0.836923 -0.421974 -0.348565
t 0.164701 0.0077622 -0.986313
bt -0.889973 -0.421931 -0.172981
t -0.0372275 0.00781957 -0.999276
bt -0.906596 -0.421889 0.00970709
t -0.237612 0.00781664 -0.971329
bt -0.886075 -0.421904 0.192012
t -0.428268 0.00778632 -0.903618
bt -0.829285 -0.421927 0.36642
t -0.601403 0.00779941 -0.798908
bt -0.738539 -0.421966 0.525837
t -0.749899 0.00779903 -0.661506
bt -0.617587 -0.42193 0.663748
t -0.726545 0.0507166 -0.685245
bt -0.580058 -0.701863 0.413427
t -0.867711 0.00782219 -0.497007
bt -0.471326 -0.421939 0.77448
t -0.791342 -0.0506972 -0.609268
bt -0.455267 -0.712618 0.533768
t -0.949988 0.00779163 -0.31219
bt -0.305791 -0.421922 0.853507
t 0.984761 -0.0116996 0.173519
bt 0.11194 -0.421267 -0.900002
t 0.999693 -0.00918265 -0.0230239
bt -0.00291445 -0.422284 -0.906459
t 0.926581 -0.00777187 0.376015
bt 0.290838 -0.421283 -0.859031
t 0.831923 -0.00777761 0.554836
bt 0.457814 -0.421217 -0.782932
t 0.703221 -0.00775829 0.710929
bt 0.606035 -0.421244 -0.674741
t 0.545716 -0.00775705 0.837935
bt 0.729445 -0.42123 -0.538957
t 0.365859 -0.0077842 0.930638
bt 0.823005 -0.421245 -0.381071
t 0.171061 -0.00775692 0.98523
bt 0.882852 -0.42127 -0.207615
t -0.0307485 -0.00774487 0.999497
bt 0.906574 -0.421267 -0.0256464
t -0.231328 -0.00775096 0.972845
bt 0.893195 -0.421236 0.157363
t -0.422435 -0.00782923 0.906359
bt 0.843216 -0.421269 0.333944
t -0.596226 -0.00780854 0.802778
bt 0.758755 -0.421228 0.496847
t -0.745615 -0.00775398 0.666332
bt 0.643203 -0.421262 0.639397
t -0.864474 -0.00777309 0.502617
bt 0.501348 -0.421221 0.755793
t -0.947956 -0.00779388 0.318307
bt 0.33893 -0.421262 0.841228
t 0.999736 -0.00443832 -0.0225512
bt -0.00315393 -0.222911 -0.974834
t 0.982624 0.00443142 -0.185553
bt -0.160101 -0.222744 -0.96164
t 0.925144 0.00445325 -0.379591
bt -0.350404 -0.2227 -0.909737
t 0.870098 0.0219763 -0.492388
bt -0.559528 -0.222873 -0.798283
t 0.759685 -0.0219985 -0.649919
bt -0.559528 -0.222873 -0.798283
t 0.753147 0.0219654 -0.657486
bt -0.708768 -0.222848 -0.669318
t 0.61332 -0.0219918 -0.789529
bt -0.708768 -0.222848 -0.669318
t 0.542501 0.00437675 -0.840044
bt -0.807303 -0.222702 -0.546504
t 0.432853 0.0219824 -0.901196
bt -0.915278 -0.222837 -0.335574
t 0.252242 -0.0219831 -0.967415
bt -0.915278 -0.222837 -0.335574
t 0.167284 0.00444628 -0.985899
bt -0.957391 -0.22269 -0.183878
t 0.0423677 0.021964 -0.998861
bt -0.973437 -0.222843 0.0525455
t -0.14967 -0.0219912 -0.988491
bt -0.973437 -0.222843 0.0525455
t -0.235079 0.00444187 -0.971966
bt -0.952307 -0.222736 0.208564
t -0.425923 0.00440022 -0.904749
bt -0.890831 -0.222726 0.395997
t -0.599293 0.00442647 -0.800518
bt -0.792884 -0.222711 0.567216
t -0.748178 0.00445184 -0.663483
bt -0.662479 -0.222707 0.715208
t -0.825248 0.0219974 -0.564342
bt -0.470324 -0.222861 0.85389
t -0.918034 -0.0219615 -0.395893
bt -0.470324 -0.222861 0.85389
t -0.949193 0.00445698 -0.314663
bt -0.326762 -0.222726 0.918488
t 0.994443 -0.0220232 0.102947
bt -0.000326877 -0.218619 -0.97581
t 0.999736 -0.00443832 -0.0225512
bt -0.00315393 -0.222911 -0.974834
t 0.927585 -0.00437265 0.373586
bt 0.308839 -0.222206 -0.924793
t 0.956315 0.021948 0.291513
bt 0.19321 -0.222847 -0.955515
t 0.873242 -0.0219619 0.486791
bt 0.384576 -0.218631 -0.896829
t 0.70509 -0.00435571 0.709105
bt 0.648505 -0.222203 -0.728057
t 0.763847 0.022005 0.645022
bt 0.554364 -0.222846 -0.801885
t 0.547917 -0.00443016 0.836521
bt 0.781778 -0.22224 -0.582608
t 0.438661 -0.0219349 0.898385
bt 0.827967 -0.218644 -0.516397
t 0.173628 -0.004468 0.984801
bt 0.948183 -0.222203 -0.2271
t 0.258501 0.0220294 0.96576
bt 0.913094 -0.222853 -0.34146
t 0.0488307 -0.0220068 0.998565
bt 0.964511 -0.218647 -0.148028
t -0.153207 -0.0220097 0.987949
bt 0.974567 -0.218639 0.0491619
t -0.143316 0.0219654 0.989433
bt 0.973749 -0.222869 0.0462884
t -0.420073 -0.00440727 0.90748
bt 0.90798 -0.222196 0.355249
t -0.339537 0.0219503 0.940337
bt 0.944506 -0.222863 0.241331
t -0.594129 -0.00444122 0.804358
bt 0.817872 -0.222248 0.530746
t -0.690071 -0.0219745 0.723408
bt 0.771823 -0.218636 0.597066
t -0.863196 -0.00438766 0.50485
bt 0.542303 -0.2222 0.810268
t -0.815868 0.0220038 0.577819
bt 0.637359 -0.222851 0.737639
t -0.919443 -0.0219709 0.392609
bt 0.473862 -0.218637 0.853026
t -0.977605 0.0219878 0.209296
bt 0.294864 -0.222856 0.929188
t 0.998672 -0.0434388 -0.0276934
bt -0.00160219 -0.871183 -0.490956
t 0.979813 0.00870555 -0.199728
bt -0.128637 -0.870887 -0.474351
t 0.919566 0.0087158 -0.392839
bt -0.221499 -0.870893 -0.438729
t 0.821629 0.00874056 -0.569956
bt -0.305321 -0.870858 -0.385209
t 0.870098 0.0219763 -0.492388
bt -0.385237 -0.218399 -0.896601
t 0.69008 0.0086814 -0.723681
bt -0.376578 -0.870887 -0.315825
t 0.753147 0.0219654 -0.657486
bt -0.557828 -0.218373 -0.800713
t 0.759684 -0.021999 -0.64992
bt -0.559526 -0.22286 -0.798288
t 0.530287 0.00869943 -0.847773
bt -0.43241 -0.870897 -0.233583
t 0.613292 -0.0219997 -0.78955
bt -0.708769 -0.222835 -0.669321
t 0.348813 0.00871255 -0.937152
bt -0.470584 -0.870896 -0.141742
t 0.432853 0.0219824 -0.901196
bt -0.82838 -0.218359 -0.515855
t 0.153016 0.00868657 -0.988185
bt -0.489564 -0.870852 -0.0440879
t 0.252284 -0.021973 -0.967404
bt -0.915278 -0.222823 -0.335585
t -0.049048 0.00869966 -0.998759
bt -0.488322 -0.870906 0.0553631
t 0.0423675 0.021964 -0.998861
bt -0.964675 -0.218367 -0.14737
t -0.249125 0.00871791 -0.968432
bt -0.467199 -0.870898 0.152515
t -0.149669 -0.0219911 -0.988492
bt -0.97344 -0.222829 0.0525481
t -0.438859 0.00867414 -0.898514
bt -0.426912 -0.870905 0.243455
t -0.594568 0.0434794 -0.802869
bt -0.387249 -0.871188 0.301778
t -0.633205 -0.043425 -0.772765
bt -0.387249 -0.871188 0.301778
t -0.757635 0.00867236 -0.652621
bt -0.296415 -0.870875 0.392065
t -0.863015 0.0434687 -0.503305
bt -0.236924 -0.871165 0.430045
t -0.825248 0.0219974 -0.564342
bt -0.635363 -0.218381 0.740691
t -0.886645 -0.0434132 -0.460408
bt -0.236924 -0.871165 0.430045
t -0.946678 0.043391 -0.319245
bt -0.145495 -0.87119 0.468892
t -0.91804 -0.0219651 -0.395878
bt -0.470342 -0.222849 0.853883
t -0.961172 -0.0434196 -0.272514
bt -0.145495 -0.87119 0.468892
t 0.994443 -0.0220232 0.102947
bt 0.193239 -0.222833 -0.955512
t 0.981082 -0.00870392 0.193397
bt -0.0261609 -0.864427 -0.502078
t 0.998829 0.0434457 0.0212774
bt -0.00160219 -0.871183 -0.490956
t 0.95633 0.0219365 0.291465
bt 0.193239 -0.222833 -0.955513
t 0.922056 -0.00873626 0.386959
bt 0.0755619 -0.864421 -0.497058
t 0.873242 -0.0219619 0.486791
bt 0.554381 -0.222832 -0.801877
t 0.825297 -0.00868907 0.564632
bt 0.174059 -0.864449 -0.471626
t 0.763796 0.0220229 0.645082
bt 0.554381 -0.222832 -0.801877
t 0.694762 -0.0086725 0.719187
bt 0.265445 -0.864448 -0.426929
t 0.535794 -0.00871938 0.844304
bt 0.345992 -0.864425 -0.364773
t 0.438661 -0.0219349 0.898385
bt 0.91309 -0.22284 -0.341481
t 0.354773 -0.00873852 0.934911
bt 0.41232 -0.864428 -0.287673
t 0.258406 0.0220518 0.965785
bt 0.91309 -0.22284 -0.341481
t 0.159415 -0.00866427 0.987174
bt 0.461771 -0.864441 -0.19877
t 0.0488308 -0.0220068 0.998565
bt 0.973753 -0.222857 0.0462633
t -0.0426017 -0.00873059 0.999054
bt 0.492331 -0.864438 -0.101767
t -0.143255 0.0219514 0.989442
bt 0.973753 -0.222857 0.0462633
t -0.153207 -0.0220097 0.987949
bt 0.944508 -0.22285 0.241336
t -0.242812 -0.00871577 0.970034
bt 0.502852 -0.864372 -0.000646192
t -0.339618 0.0219698 0.940307
bt 0.944508 -0.22285 0.241336
t -0.43313 -0.00867139 0.90129
bt 0.492588 -0.86442 0.100677
t -0.605655 -0.00868062 0.79568
bt 0.462197 -0.864446 0.197754
t -0.690071 -0.0219745 0.723408
bt 0.637368 -0.222838 0.737635
t -0.739707 -0.0434428 0.671526
bt 0.539011 -0.828582 0.151392
t -0.815828 0.0219879 0.577876
bt 0.637368 -0.222838 0.737635
t -0.870333 -0.00867613 0.492386
bt 0.346924 -0.864386 0.363977
t -0.771718 0.0434165 0.634482
bt 0.320997 -0.871177 0.3715
t -0.919443 -0.0219709 0.392609
bt 0.294819 -0.222842 0.929206
t -0.951648 -0.00868456 0.307069
bt 0.266455 -0.864443 0.426309
t -0.977618 0.0220025 0.209233
bt 0.294819 -0.222842 0.929206
t 0.999995 0.000312205 -0.00327597
bt 0.000551643 -0.989982 0.141193
t 0.978937 -0.00285198 -0.204142
bt 0.0350265 -0.989963 0.136914
t 0.998671 -0.0434614 -0.0277061
bt -0.00134407 -0.871337 -0.490683
t 0.917817 -0.00283902 -0.396995
bt 0.0619091 -0.989963 0.127048
t 0.819123 -0.00283247 -0.573611
bt 0.0861267 -0.989962 0.112056
t 0.686857 -0.00285351 -0.726787
bt 0.10688 -0.989976 0.0923242
t 0.526495 -0.0028464 -0.850173
bt 0.123267 -0.989977 0.0689279
t 0.344618 -0.00283857 -0.938739
bt 0.134614 -0.989977 0.0427244
t 0.148575 -0.00283348 -0.988897
bt 0.140548 -0.989964 0.0147644
t -0.0535347 -0.00285109 -0.998562
bt 0.140667 -0.98996 -0.0138144
t -0.25344 -0.00284721 -0.967347
bt 0.13498 -0.989964 -0.0418652
t -0.442966 -0.00284156 -0.896534
bt 0.123803 -0.989963 -0.0681636
t -0.614332 -0.00284022 -0.789043
bt 0.107504 -0.989962 -0.0917527
t -0.594568 0.0434794 -0.802869
bt -0.294162 -0.862185 0.412438
t -0.760628 -0.00285383 -0.649182
bt 0.0867687 -0.989977 -0.111433
t -0.633218 -0.0434563 -0.772753
bt -0.387136 -0.871333 0.301502
t -0.875678 -0.0028264 -0.482886
bt 0.0625932 -0.989961 -0.126723
t -0.863015 0.0434687 -0.503305
bt -0.107801 -0.862223 0.494925
t -0.954977 -0.00283981 -0.296665
bt 0.0358849 -0.989961 -0.136713
t -0.946678 0.043391 -0.319245
bt -0.00601649 -0.86221 0.506515
t -0.886655 -0.0434585 -0.460384
bt -0.236789 -0.87135 0.429744
t -0.961169 -0.0433921 -0.272529
bt -0.145245 -0.871332 0.468704
t 0.999436 0.030514 0.0139931
bt -0.00134407 -0.871337 -0.490683
t 0.979818 -0.0103118 0.199624
bt 0.00705688 -0.989347 0.145404
t 0.999995 0.000312205 -0.00327597
bt 0.000551643 -0.989982 0.141193
t 0.920367 0.00283367 0.391045
bt -0.0224659 -0.989354 0.143787
t 0.822772 0.00284511 0.568364
bt -0.0509577 -0.989353 0.136323
t 0.691515 0.00284305 0.722356
bt -0.0773447 -0.989353 0.123285
t 0.531966 0.00285315 0.846761
bt -0.100462 -0.989364 0.105192
t 0.35067 0.00284296 0.936495
bt -0.119558 -0.989365 0.0828407
t 0.154945 0.00283646 0.987919
bt -0.133895 -0.989351 0.057072
t -0.0470692 0.00284746 0.998888
bt -0.142539 -0.989367 0.02892
t -0.247179 0.00284003 0.968966
bt -0.145536 -0.989353 -0.000384094
t -0.437123 0.00284178 0.899397
bt -0.142379 -0.989367 -0.0296862
t -0.609266 0.00283773 0.792961
bt -0.133612 -0.989351 -0.0577197
t -0.739706 -0.0434431 0.671526
bt 0.320808 -0.871342 0.371276
t -0.756428 0.00285222 0.65407
bt -0.119259 -0.98935 -0.0834525
t -0.771719 0.0434219 0.634479
bt 0.320808 -0.871342 0.371276
t -0.872579 0.00283977 0.488464
bt -0.100016 -0.98935 -0.105756
t -0.953043 0.00283864 0.302822
bt -0.0765667 -0.989354 -0.123755
t 0.999934 -0.00494775 -0.010347
bt -0.00266117 -0.574911 -0.818212
t 0.981509 0.00959398 -0.191176
bt -0.167376 -0.574876 -0.800939
t 0.980932 0.0101508 -0.194087
bt -0.0433374 -0.686512 -0.725826
t 0.999942 -0.00565376 -0.00911097
bt -0.00232546 -0.69041 -0.723414
t 0.922944 0.00949813 -0.384816
bt -0.325169 -0.57492 -0.750821
t 0.921777 0.0101766 -0.387586
bt -0.188653 -0.686572 -0.702161
t 0.826561 0.00962089 -0.562765
bt -0.469667 -0.57484 -0.670054
t 0.824892 0.0101481 -0.5652
bt -0.326088 -0.686562 -0.649846
t 0.696355 0.00956475 -0.717634
bt -0.594888 -0.57491 -0.561771
t 0.694222 0.0101838 -0.719689
bt -0.450232 -0.686531 -0.570934
t 0.537658 0.00955791 -0.843109
bt -0.695753 -0.574921 -0.430573
t 0.535173 0.0101301 -0.844682
bt -0.555984 -0.686507 -0.468605
t 0.406899 0.0477483 -0.912225
bt -0.768248 -0.574814 -0.281751
t 0.354216 0.0101289 -0.935109
bt -0.638889 -0.686529 -0.347129
t 0.279408 -0.047643 -0.95899
bt -0.768248 -0.574814 -0.281751
t 0.161609 0.00952981 -0.986809
bt -0.809217 -0.57487 -0.121212
t 0.158786 0.0101239 -0.987261
bt -0.695654 -0.686548 -0.211466
t -0.0403122 0.00957002 -0.999141
bt -0.817012 -0.574936 0.0440488
t -0.0432713 0.0101348 -0.999012
bt -0.724009 -0.686521 -0.0670741
t -0.240567 0.00956854 -0.970585
bt -0.791406 -0.574924 0.2077
t -0.243491 0.0101109 -0.969851
bt -0.722689 -0.686521 0.0800557
t -0.431112 0.00957071 -0.902248
bt -0.733419 -0.574907 0.362737
t -0.433731 0.0102254 -0.900984
bt -0.691828 -0.686489 0.223846
t -0.603828 0.00948877 -0.797058
bt -0.645431 -0.574891 0.502911
t -0.606227 0.0101513 -0.795227
bt -0.632533 -0.686546 0.358548
t -0.751885 0.00955316 -0.659225
bt -0.530887 -0.574916 0.622599
t -0.753887 0.0101473 -0.656925
bt -0.547484 -0.68651 0.478504
t -0.869215 0.00956986 -0.494341
bt -0.39466 -0.574944 0.716717
t -0.870689 0.0101202 -0.491729
bt -0.439851 -0.686507 0.578998
t -0.950956 0.00955858 -0.309177
bt -0.242336 -0.57491 0.781506
t -0.951849 0.0102091 -0.306399
bt -0.314335 -0.686505 0.655671
t 0.999652 0.0204599 0.0166578
bt -0.00226182 -0.717486 -0.696569
t 0.981319 -0.00621256 0.192286
bt 0.138112 -0.717444 -0.682788
t 0.980212 -0.000340178 0.197953
bt 0.0268606 -0.798768 -0.60104
t 0.999798 0.0175211 0.0098006
bt -0.0020638 -0.802224 -0.597019
t 0.923962 -0.0102145 0.382348
bt 0.272664 -0.717468 -0.64101
t 0.922973 -0.00970682 0.384743
bt 0.147193 -0.798757 -0.583371
t 0.828082 -0.0101877 0.560515
bt 0.396157 -0.717432 -0.57302
t 0.826639 -0.0097535 0.562647
bt 0.261818 -0.798746 -0.541716
t 0.698324 -0.0100753 0.715711
bt 0.50338 -0.717462 -0.481515
t 0.696415 -0.00974204 0.717573
bt 0.365314 -0.798748 -0.478066
t 0.539939 -0.01022 0.841642
bt 0.590001 -0.717467 -0.370325
t 0.537757 -0.00970433 0.843044
bt 0.455742 -0.798908 -0.392486
t 0.35956 -0.0101235 0.933067
bt 0.652456 -0.717476 -0.243987
t 0.357103 -0.00976812 0.934014
bt 0.524299 -0.798677 -0.29534
t 0.164332 -0.0102066 0.986352
bt 0.688193 -0.717498 -0.107643
t 0.161747 -0.00975163 0.986784
bt 0.573013 -0.798683 -0.183744
t -0.0376779 -0.0101512 0.999238
bt 0.695783 -0.717491 0.0330512
t -0.0402347 -0.00976338 0.999143
bt 0.598297 -0.79867 -0.0645491
t -0.238008 -0.0101162 0.97121
bt 0.674946 -0.717442 0.172412
t -0.240661 -0.0096898 0.970561
bt 0.598797 -0.798847 0.0573223
t -0.428611 -0.0101181 0.903432
bt 0.62634 -0.717488 0.304808
t -0.43094 -0.00969608 0.902328
bt 0.575335 -0.798636 0.176549
t -0.601644 -0.0102459 0.798699
bt 0.552176 -0.717504 0.424606
t -0.603804 -0.00973084 0.797073
bt 0.527854 -0.79871 0.288846
t -0.750167 -0.010117 0.661171
bt 0.455477 -0.71748 0.527033
t -0.751901 -0.00976796 0.659203
bt 0.456731 -0.799014 0.391118
t -0.867849 -0.0102308 0.496722
bt 0.340042 -0.717467 0.607958
t -0.869164 -0.00977221 0.494427
bt 0.371037 -0.798799 0.473552
t -0.9501 -0.0101279 0.31178
bt 0.210645 -0.717485 0.663961
t -0.95091 -0.00978387 0.309312
bt 0.268229 -0.798786 0.538512
t -0.99341 -0.0101407 0.114166
bt 0.058264 -0.717421 0.694199
t -0.988942 -0.0485865 0.140121
bt 0.289582 -0.780632 0.553856
t 0.999928 0.00846998 -0.00843938
bt 0.00147625 -0.849547 0.527511
t 0.979973 -0.00909606 -0.198922
bt 0.0686102 -0.848821 0.52421
t 0.98027 0.00976004 -0.197423
bt -0.078617 -0.801457 -0.592863
t 0.999798 0.0175211 0.0098006
bt -0.0020638 -0.802224 -0.597019
t 0.919849 -0.00911767 -0.392166
bt 0.173165 -0.848837 0.499489
t 0.920465 0.00972805 -0.390705
bt -0.196184 -0.801451 -0.564968
t 0.822085 -0.00908348 -0.569293
bt 0.269713 -0.848874 0.454607
t 0.823041 0.0097481 -0.567898
bt -0.305773 -0.801447 -0.51399
t 0.690636 -0.00909256 -0.723145
bt 0.355689 -0.848876 0.391017
t 0.691768 0.00983733 -0.722053
bt -0.403288 -0.801381 -0.441755
t 0.530985 -0.00914688 -0.847332
bt 0.42944 -0.849003 0.307855
t 0.532251 0.00968309 -0.846531
bt -0.483006 -0.801394 -0.352807
t 0.349543 -0.00902181 -0.936877
bt 0.481129 -0.848878 0.218912
t 0.351071 0.00968983 -0.936299
bt -0.543671 -0.801266 -0.24979
t 0.153804 -0.00915646 -0.988059
bt 0.515326 -0.848879 0.117659
t 0.155357 0.00970282 -0.987811
bt -0.583331 -0.801372 -0.132392
t -0.0482319 -0.00915632 -0.998794
bt 0.528557 -0.84882 0.0115128
t -0.0466092 0.00973703 -0.998866
bt -0.59793 -0.801456 -0.012178
t -0.248352 -0.00917234 -0.968626
bt 0.519868 -0.848939 -0.0950759
t -0.246849 0.009808 -0.969004
bt -0.588237 -0.801379 0.108484
t -0.417246 -0.0454777 -0.907655
bt 0.473041 -0.849572 -0.233367
t -0.436749 0.00972525 -0.899531
bt -0.554275 -0.801449 0.224631
t -0.467905 0.045495 -0.882607
bt 0.473041 -0.849572 -0.233367
t -0.610195 -0.00908876 -0.792199
bt 0.440279 -0.848877 -0.292511
t -0.608889 0.00974893 -0.793195
bt -0.49773 -0.801392 0.331716
t -0.757144 -0.00911054 -0.653185
bt 0.369776 -0.848994 -0.377459
t -0.756124 0.00968538 -0.654357
bt -0.421814 -0.801403 0.424058
t -0.87311 -0.00912769 -0.487439
bt 0.289315 -0.848873 -0.442393
t -0.872331 0.00973891 -0.488819
bt -0.328884 -0.80136 0.499657
t -0.953374 -0.00909383 -0.301654
bt 0.194196 -0.848879 -0.491622
t -0.952872 0.0097599 -0.303216
bt -0.219177 -0.801385 0.556547
t -0.989826 0.0485169 -0.133754
bt -0.0543154 -0.802265 0.594492
t 0.98067 0.00426535 0.195623
bt -0.103188 -0.849555 0.51731
t 0.999928 0.00846998 -0.00843938
bt 0.00147625 -0.849547 0.527511
t 0.922333 0.00910967 0.386288
bt -0.205225 -0.849548 0.485953
t 0.825738 0.00910682 0.56398
bt -0.298886 -0.849551 0.434661
t 0.695297 0.00917998 0.718664
bt -0.380174 -0.849548 0.365699
t 0.536316 0.00909347 0.843969
bt -0.445408 -0.849554 0.282612
t 0.355554 0.00912031 0.934611
bt -0.492642 -0.849612 0.188318
t 0.160067 0.00902459 0.987065
bt -0.520974 -0.849563 0.0826448
t -0.0191555 0.0454809 0.998782
bt -0.526929 -0.849629 -0.0218567
t -0.242126 0.00921057 0.970201
bt -0.511517 -0.849488 -0.129304
t -0.0755528 -0.0454344 0.996106
bt -0.526759 -0.849633 -0.0254743
t -0.432494 0.00915481 0.901591
bt -0.474924 -0.84961 -0.22937
t -0.605087 0.00905894 0.796108
bt -0.418903 -0.849614 -0.320431
t -0.75293 0.00911625 0.658038
bt -0.347064 -0.849492 -0.397379
t -0.870008 0.00913766 0.492953
bt -0.261193 -0.849492 -0.458411
t -0.951418 0.00911854 0.307766
bt -0.161028 -0.849557 -0.502318
t -0.988942 -0.0485865 0.140121
bt 0.063037 -0.802265 0.593631
t 0.99998 0.00268572 -0.00569892
bt 0.00213411 -0.738813 0.673908
t 0.98066 -0.0101264 -0.195455
bt 0.120011 -0.738697 0.663267
t 0.933795 -0.050485 -0.354229
bt 0.267776 -0.738765 0.618485
t 0.897149 0.050554 -0.438825
bt 0.267776 -0.738765 0.618485
t 0.824133 -0.0101143 -0.566306
bt 0.371843 -0.73868 0.562214
t 0.69324 -0.0101382 -0.720635
bt 0.477462 -0.738611 0.475904
t 0.564131 -0.0505029 -0.824139
bt 0.573122 -0.73875 0.354653
t 0.485667 0.0506058 -0.872678
bt 0.573122 -0.73875 0.354653
t 0.386701 -0.0505159 -0.920821
bt 0.632762 -0.738765 0.232033
t 0.300204 0.0504543 -0.95254
bt 0.632762 -0.738765 0.232033
t 0.157352 -0.0101342 -0.987491
bt 0.663687 -0.738667 0.117855
t -0.0446607 -0.0101067 -0.998951
bt 0.673818 -0.738674 -0.0181467
t -0.244842 -0.0101181 -0.96951
bt 0.656366 -0.738683 -0.153403
t -0.434947 -0.0101145 -0.900399
bt 0.612013 -0.738715 -0.282383
t -0.417246 -0.0454776 -0.907655
bt 0.551543 -0.832579 -0.0511104
t -0.607311 -0.0100855 -0.7944
bt 0.542669 -0.738702 -0.399787
t -0.467956 0.0455919 -0.882575
bt 0.472892 -0.849505 -0.233909
t -0.754804 -0.0101084 -0.655873
bt 0.451087 -0.738672 -0.500883
t -0.871349 -0.010098 -0.49056
bt 0.341007 -0.738691 -0.581421
t -0.952267 -0.010128 -0.305099
bt 0.217006 -0.738675 -0.638175
t 0.981885 0.0101509 0.189206
bt -0.0606967 -0.736767 0.673416
t 0.99998 0.00268572 -0.00569892
bt 0.00213411 -0.738813 0.673908
t 0.923683 0.0101534 0.383024
bt -0.195104 -0.736741 0.647415
t 0.827733 0.0100769 0.561031
bt -0.321367 -0.736774 0.594884
t 0.69784 0.0101241 0.716182
bt -0.434541 -0.736802 0.517974
t 0.569424 0.0505592 0.820488
bt -0.463167 -0.726104 0.508182
t 0.358858 0.010063 0.933338
bt -0.603583 -0.736795 0.304666
t 0.491253 -0.050576 0.869547
bt -0.570869 -0.738746 0.358278
t 0.16369 0.0101247 0.98646
bt -0.652562 -0.736775 0.176988
t -0.0191555 0.0454809 0.998782
bt -0.526879 -0.84957 -0.0250744
t -0.00140021 0.0504708 0.998725
bt -0.670449 -0.726118 0.152485
t -0.0755798 -0.0454782 0.996102
bt -0.526879 -0.84957 -0.0250744
t -0.238587 0.0101313 0.971068
bt -0.669455 -0.736787 -0.0947375
t -0.093383 -0.0504463 0.994352
bt -0.673216 -0.738753 -0.0320009
t -0.429264 0.0101182 0.903122
bt -0.636687 -0.736782 -0.227556
t -0.602227 0.0101103 0.798261
bt -0.577823 -0.736815 -0.351034
t -0.750581 0.010091 0.660702
bt -0.495379 -0.736767 -0.460189
t -0.868211 0.0100934 0.496092
bt -0.392579 -0.736779 -0.55049
t -0.950299 0.0101359 0.311173
bt -0.273698 -0.736782 -0.618257
t 0.999158 -0.0353485 -0.0208341
bt -0.00144852 -0.895183 -0.445696
t 0.979644 0.008127 -0.200581
bt -0.0260017 -0.893208 -0.448892
t 0.91924 0.00812547 -0.393613
bt -0.115806 -0.893209 -0.434472
t 0.933795 -0.050485 -0.354229
bt 0.18334 -0.735755 0.651959
t 0.821151 0.00811667 -0.570653
bt -0.200911 -0.893207 -0.402263
t 0.897204 0.0504314 -0.438727
bt 0.26778 -0.738811 0.618427
t 0.689507 0.00811402 -0.724233
bt -0.277763 -0.893208 -0.353591
t 0.529587 0.00810003 -0.848217
bt -0.343246 -0.893207 -0.290455
t 0.564131 -0.0505029 -0.824139
bt 0.522912 -0.735754 0.430382
t 0.347994 0.00812364 -0.937461
bt -0.394779 -0.893156 -0.215457
t 0.386701 -0.0505159 -0.920821
bt 0.598852 -0.735759 0.316281
t 0.485761 0.0504927 -0.872632
bt 0.573071 -0.738809 0.354615
t 0.152226 0.00811536 -0.988312
bt -0.429972 -0.893211 -0.131523
t 0.300182 0.0504795 -0.952545
bt 0.632731 -0.738811 0.231969
t -0.0499217 0.00811408 -0.99872
bt -0.447754 -0.893151 -0.0423914
t -0.249858 0.00815647 -0.968248
bt -0.447005 -0.893208 0.0486474
t -0.439643 0.0081021 -0.898136
bt -0.428173 -0.893155 0.137627
t -0.61144 0.00809467 -0.79125
bt -0.391661 -0.89316 0.221058
t -0.7582 0.00812211 -0.651971
bt -0.339195 -0.893156 0.295329
t -0.873927 0.00811148 -0.485989
bt -0.27272 -0.893162 0.357612
t -0.953872 0.00813014 -0.300105
bt -0.195257 -0.893154 0.405154
t 0.983464 -0.0472833 0.174823
bt 0.142735 -0.893794 -0.425158
t 0.999158 -0.0353485 -0.0208341
bt -0.00144852 -0.895183 -0.445696
t 0.92171 -0.00815148 0.387794
bt 0.225477 -0.893793 -0.387678
t 0.82479 -0.00810027 0.565381
bt 0.298745 -0.893802 -0.33447
t 0.69413 -0.00811839 0.719804
bt 0.359992 -0.8938 -0.267447
t 0.569424 0.0505592 0.820488
bt -0.570779 -0.738808 0.358294
t 0.535007 -0.00807311 0.844809
bt 0.406453 -0.8938 -0.189521
t 0.491342 -0.050468 0.869503
bt -0.570779 -0.738808 0.358294
t 0.353984 -0.00813472 0.935216
bt 0.436288 -0.8938 -0.103802
t 0.158592 -0.00811079 0.987311
bt 0.448356 -0.893748 -0.0138564
t -0.00140022 0.0504708 0.998725
bt -0.673154 -0.738809 -0.032013
t -0.0434437 -0.00810403 0.999023
bt 0.441862 -0.893796 0.0767293
t -0.0934399 -0.0505092 0.994343
bt -0.673154 -0.738809 -0.032013
t -0.243648 -0.00807456 0.96983
bt 0.417488 -0.893749 0.164064
t -0.433923 -0.0081289 0.900913
bt 0.375937 -0.893752 0.244699
t -0.606388 -0.00809627 0.795128
bt 0.318947 -0.89375 0.315412
t -0.754003 -0.00812177 0.656821
bt 0.248962 -0.893748 0.373139
t -0.870796 -0.00811704 0.491577
bt 0.168636 -0.893795 0.415563
t -0.951917 -0.00809245 0.30625
bt 0.0816025 -0.893747 0.441088
t 0.994474 -0.0158653 -0.10378
bt -0.00314657 -0.155799 -0.987784
t 0.985092 0.00526708 -0.171946
bt -0.20206 -0.155799 -0.966901
t 0.930256 0.00522008 -0.366875
bt -0.392502 -0.155731 -0.906471
t 0.837393 0.00518312 -0.546577
bt -0.566952 -0.1558 -0.808883
t 0.710261 0.0052171 -0.703919
bt -0.718141 -0.155837 -0.678224
t 0.553959 0.00519579 -0.832528
bt -0.839996 -0.155819 -0.519738
t 0.375094 0.00525479 -0.926972
bt -0.927417 -0.155808 -0.340033
t 0.180779 0.00518404 -0.98351
bt -0.976878 -0.155723 -0.146495
t -0.020776 0.00523122 -0.999771
bt -0.986364 -0.155727 0.0532448
t -0.221678 0.00517303 -0.975106
bt -0.955479 -0.155789 0.250578
t -0.413434 0.00517349 -0.910519
bt -0.885454 -0.155722 0.437861
t -0.588227 0.0051606 -0.80868
bt -0.779239 -0.155765 0.607061
t -0.738958 0.00519185 -0.673731
bt -0.641014 -0.155766 0.751557
t -0.859471 0.00515286 -0.511159
bt -0.476514 -0.155756 0.86526
t -0.944766 0.0051776 -0.327705
bt -0.292669 -0.155805 0.943435
t 0.999191 -0.0265912 0.0301787
bt 0.0635499 -0.154404 -0.985962
t 0.994474 -0.0158653 -0.10378
bt -0.00314657 -0.155799 -0.987784
t 0.932618 -0.0052471 0.360828
bt 0.260851 -0.154354 -0.952959
t 0.840914 -0.0052486 0.541143
bt 0.44733 -0.154366 -0.880946
t 0.714678 -0.00520731 0.699434
bt 0.615398 -0.154424 -0.772942
t 0.559353 -0.00520814 0.828913
bt 0.758425 -0.15435 -0.633221
t 0.380954 -0.00525584 0.924579
bt 0.870367 -0.154353 -0.467587
t 0.187074 -0.0051798 0.982332
bt 0.946669 -0.154392 -0.28281
t -0.0143313 -0.00523311 0.999884
bt 0.984221 -0.154388 -0.0864523
t -0.215462 -0.00524365 0.976498
bt 0.981476 -0.154368 0.113466
t -0.40768 -0.00522196 0.91311
bt 0.938548 -0.154426 0.308675
t -0.583017 -0.00524362 0.812443
bt 0.857211 -0.15442 0.491268
t -0.73471 -0.0052495 0.678362
bt 0.740765 -0.154375 0.653786
t -0.856173 -0.00526139 0.516663
bt 0.594036 -0.1544 0.789482
t -0.942632 -0.0052341 0.333792
bt 0.422938 -0.154401 0.892908
t 0.981042 -0.00428204 0.193746
bt 0.0763122 -0.688813 -0.720911
t 0.999942 -0.00565376 -0.00911097
bt -0.00232546 -0.69041 -0.723414
t 0.924257 -0.0101934 0.381635
bt 0.219933 -0.688821 -0.690764
t 0.828519 -0.0101268 0.55987
bt 0.354449 -0.688815 -0.632376
t 0.698834 -0.0101585 0.715211
bt 0.474447 -0.688803 -0.548134
t 0.540559 -0.010205 0.841244
bt 0.575068 -0.688819 -0.44139
t 0.360232 -0.0101917 0.932807
bt 0.652244 -0.688726 -0.316599
t 0.16507 -0.0101785 0.986229
bt 0.70254 -0.688814 -0.178811
t -0.0368661 -0.0101634 0.999269
bt 0.72416 -0.688806 -0.0337477
t -0.237211 -0.0101488 0.971405
bt 0.716129 -0.68881 0.112693
t -0.427927 -0.0101843 0.903756
bt 0.678769 -0.688816 0.254569
t -0.601035 -0.0101437 0.799158
bt 0.613677 -0.688803 0.385942
t -0.749632 -0.0101304 0.661777
bt 0.523389 -0.688819 0.501589
t -0.867499 -0.0101573 0.497336
bt 0.411681 -0.688829 0.596686
t -0.949855 -0.0101509 0.312525
bt 0.283111 -0.68883 0.667354
t -0.0396368 0.0270554 0.998848
bt -0.276788 -0.960842 -0.0131043
t -0.055249 -0.0270585 0.998106
bt -0.276788 -0.960842 -0.0131043
t -0.73171 -0.0485681 0.679884
bt 0.36477 -0.802668 0.471876
t -0.778853 0.0485708 0.625323
bt 0.38961 -0.803093 0.450828
t -0.998195 0.0476727 0.036522
bt 0.0856458 -0.574935 0.813704
t -0.996056 -0.0101764 -0.0881424
bt -0.0825777 -0.717382 0.691768
t 0.980795 0.0101791 -0.194777
bt -0.114019 -0.717158 -0.68752
t 0.999652 0.0204599 0.0166578
bt -0.00226182 -0.717486 -0.696569
t 0.921485 0.0101502 -0.388282
bt -0.250066 -0.717165 -0.650494
t 0.82446 0.0101749 -0.565829
bt -0.375907 -0.717154 -0.586842
t 0.693677 0.0101109 -0.720215
bt -0.486376 -0.717152 -0.499132
t 0.53454 0.0101989 -0.845081
bt -0.576919 -0.717154 -0.390965
t 0.353381 0.0101641 -0.935424
bt -0.643806 -0.717143 -0.266869
t 0.406899 0.0477483 -0.912225
bt -0.768177 -0.574935 -0.281697
t 0.157906 0.0101529 -0.987402
bt -0.68434 -0.717141 -0.131861
t 0.279249 -0.0477573 -0.95903
bt -0.768178 -0.574935 -0.281697
t -0.0439896 0.0102551 -0.998979
bt -0.69682 -0.717194 0.00866965
t -0.24422 0.0101756 -0.969666
bt -0.680851 -0.717172 0.148683
t -0.434464 0.010174 -0.900632
bt -0.636953 -0.717164 0.282783
t -0.606865 0.0101278 -0.79474
bt -0.567023 -0.717152 0.405189
t -0.754367 0.010166 -0.656374
bt -0.473856 -0.717171 0.511004
t -0.87104 0.0102044 -0.491107
bt -0.361285 -0.717193 0.595909
t -0.952078 0.010157 -0.305685
bt -0.233888 -0.717185 0.656462
t 0.980188 -3.66771e-05 0.198071
bt 0.146238 -0.57483 -0.805099
t 0.999934 -0.00494775 -0.010347
bt -0.00266117 -0.574911 -0.818212
t 0.925399 -0.00952005 0.378874
bt 0.305397 -0.574805 -0.759165
t 0.830187 -0.00959093 0.557403
bt 0.451969 -0.574728 -0.682211
t 0.701025 -0.00957058 0.713073
bt 0.580052 -0.574782 -0.577205
t 0.543092 -0.0095861 0.839618
bt 0.684305 -0.574801 -0.448697
t 0.362983 -0.00954849 0.931747
bt 0.760566 -0.574855 -0.301797
t 0.168007 -0.00952787 0.98574
bt 0.805758 -0.574844 -0.142509
t -0.0338902 -0.00956022 0.99938
bt 0.817984 -0.574794 0.0226709
t -0.234444 -0.00958105 0.972082
bt 0.796643 -0.574843 0.186858
t -0.425214 -0.0095122 0.905043
bt 0.74273 -0.574854 0.34336
t -0.553665 -0.0476687 0.831374
bt 0.648705 -0.574817 0.498766
t -0.747623 -0.00957221 0.664055
bt 0.547095 -0.574844 0.608475
t -0.661295 0.0477071 0.748607
bt 0.648705 -0.574817 0.498766
t -0.836655 -0.0476442 0.545654
bt 0.399446 -0.574813 0.714166
t -0.948911 -0.00956128 0.315399
bt 0.262816 -0.574857 0.774899
t -0.90291 0.0477119 0.427172
bt 0.399446 -0.574813 0.714166
t -0.98403 -0.0476646 0.171501
bt 0.0854046 -0.574815 0.813815
t -0.553665 -0.0476687 0.831374
bt 0.695749 -0.573056 0.433059
t -0.661211 0.0476268 0.748686
bt 0.648589 -0.574935 0.498781
t -0.836655 -0.0476442 0.545654
bt 0.468789 -0.573046 0.672202
t -0.902882 0.0476616 0.427239
bt 0.399354 -0.574935 0.714119
t -0.98403 -0.0476646 0.171501
bt 0.165601 -0.57305 0.802614
t -0.99649 0.0486143 0.0681565
bt -0.16836 -0.780625 0.601896
t -0.996905 -0.0485999 -0.0617963
bt -0.0585606 -0.802158 0.594233
t -0.989826 0.0485169 -0.133754
bt -0.285986 -0.780624 0.555732
t -0.753472 -0.0211255 0.657141
bt 0.116881 -0.976708 0.179948
t -0.759503 0.0211279 0.650161
bt 0.139027 -0.977125 0.160932
t 0.816043 -0.0211327 -0.577605
bt -0.0981106 -0.976707 -0.190836
t 0.821335 0.021126 -0.570055
bt -0.12207 -0.977123 -0.174153

