g sponza_363
t 0.00980519 -0.999909 -0.00929166
bt 0.999976 0.00691636 -4.08854e-05
t 0.0619606 -0.924381 -0.376405
bt 0.950752 0.0191883 -0.309357
t 0.0228373 -0.574988 -0.817843
bt 0.973045 0.0369938 0.227628
t 0.0201082 -0.710634 -0.703275
bt 0.90851 0.0229277 0.417234
t 0.181444 -0.402021 0.897473
bt 0.720839 -0.206471 -0.661635
t -0.0622789 -0.559451 0.826521
bt 0.464906 -0.303397 -0.831753
t -0.392245 -0.754935 0.525564
bt 0.698488 -0.0152449 -0.71546
t -0.0264017 -0.716351 0.697241
bt 0.85449 0.0527869 -0.516779
t -0.157452 -0.41346 -0.896805
bt 0.431874 -0.19038 0.881613
t 0.117018 -0.202546 -0.972256
bt 0.19697 -0.341466 0.919023
t 0.17997 -0.106075 -0.977936
bt 0.441468 -0.260223 0.858714
t 0.0547553 -0.340423 -0.938677
bt 0.594677 -0.0845081 0.799511
t -0.0184669 -0.935151 0.353768
bt 0.945735 -0.0232295 0.324108
t -0.275805 -0.863066 -0.423142
bt 0.700285 -0.0449293 0.712448
t 0.0188425 -0.730124 -0.683055
bt 0.873937 0.0031936 0.486029
t 0.00568875 -0.999948 0.00851612
bt 0.999998 -0.000947671 0.00150427
t 0.0400569 -0.244294 0.968873
bt 0.577316 0.0595699 -0.814345
t 0.0142144 -0.574353 0.818484
bt 0.854699 0.221243 -0.469618
t -0.0169725 -0.705375 0.708631
bt 0.862943 0.0575227 -0.502017
t 0.0181685 -0.294595 0.955449
bt 0.604097 0.00268211 -0.796906
t -0.0044899 -0.268432 -0.963288
bt 0.489625 0.0359087 0.871194
t 0.0087102 -0.237455 -0.971359
bt 0.427549 0.115192 0.896623
t 0.0377349 -0.00994749 -0.999238
bt 0.226316 -0.0595804 0.97223
t 0.0453301 -0.0181479 -0.998807
bt 0.299141 -0.108581 0.948011
t 0.00308375 -0.99986 0.0164442
bt 0.999839 0.00595187 -0.0168993
t 0.00990842 -0.67376 -0.738884
bt 0.954901 0.0171572 0.296429
t 0.162641 -0.402598 0.900812
bt 0.755103 -0.211652 -0.620502
t -0.017362 -0.713453 0.700487
bt 0.877713 0.0533818 -0.476204
t 0.142649 -0.0828599 -0.986299
bt 0.479958 -0.275003 0.833075
t 0.0412211 -0.341812 -0.938864
bt 0.626366 -0.082131 0.77519
t 0.0171779 -0.727499 -0.685893
bt 0.89233 -0.00538288 0.451352
t 0.000714719 -0.99991 -0.0133898
bt 0.999879 0.00265248 0.0153364
t -0.0218945 -0.70596 0.707913
bt 0.938592 0.0153693 -0.344686
t 0.00679805 -0.283962 0.958812
bt 0.874166 0.0534941 -0.482671
t -0.00913825 -0.241077 -0.970463
bt 0.755966 0.00720506 0.654572
t 0.00833074 -0.00381523 -0.999958
bt 0.513059 -0.0291388 0.857859
t 0.00399094 -0.999855 0.0165307
bt 0.999834 0.00183094 -0.0181329
t 0.0172095 -0.713795 -0.700143
bt 0.996921 0.00969387 0.0778172
t -0.010125 -0.725497 0.688151
bt 0.93421 0.0608465 -0.351496
t 0.132221 -0.384686 0.913528
bt 0.847402 -0.165457 -0.504513
t 0.0199706 -0.339925 -0.940241
bt 0.74955 -0.0623306 0.659007
t 0.0919484 -0.0400882 -0.994956
bt 0.610107 -0.25414 0.750454
t 0.0129421 -0.735594 -0.677299
bt 0.948109 -0.00221026 0.317939
t 0.000960242 -0.99989 -0.014794
bt 0.999928 0.0036783 0.0114565
t -0.00720305 -0.718632 0.695353
bt 0.994492 -0.0537784 -0.0899695
t 0.000647106 -0.315673 0.948868
bt 0.955129 -0.025816 0.295064
t 0.00136907 -0.309608 -0.950863
bt 0.854296 -0.164894 -0.492938
t 0.0105427 -0.00395193 -0.999937
bt 0.83947 -0.0541072 -0.540705
t -0.0126565 -0.00416268 -0.999911
bt 0.817275 0.0851008 -0.569929
t 0.016334 -0.713775 -0.700185
bt 0.998807 -0.0329702 0.0360166
t -0.00496394 -0.754167 -0.656664
bt 0.999343 0.0158771 -0.0325839
t 0.00353206 -0.999444 0.0331637
bt 0.99992 -0.00258301 -0.0124224
t -0.0043652 -0.743963 0.668206
bt 0.984326 0.04824 -0.16963
t 0.0615481 -0.361891 0.930186
bt 0.958172 -0.0793258 -0.274981
t 0.00475037 -0.348999 -0.937111
bt 0.921749 -0.0206223 0.387237
t 0.0269511 -0.00617239 -0.999618
bt 0.852188 -0.165816 0.496267
t -0.00270174 -0.999457 -0.0328341
bt 0.99992 -0.000954883 0.0125744
t 0.0103794 -0.749723 -0.66167
bt 0.987962 0.00810438 0.154487
t -0.00105705 -0.756308 0.654215
bt 0.998136 -0.0494422 0.0357733
t -0.0275105 -0.363692 0.931113
bt 0.975188 0.0697102 0.210115
t 8.74752e-05 -0.353183 -0.935554
bt 0.896611 -0.0764975 -0.436161
t 0.00138753 -0.309608 -0.950863
bt 0.984627 -0.0586423 -0.164534
t -0.0268122 -0.00653117 -0.999619
bt 0.717005 0.124157 -0.685922
t -0.00759348 -0.788041 -0.615576
bt 0.987044 0.00662301 -0.160315
t -0.00063264 -0.999355 0.035908
bt 0.999997 -0.00146409 0.00215414
t 0.00210456 -0.763766 0.64549
bt 0.995422 0.0210916 0.0932165
t -0.062711 -0.374833 0.924969
bt 0.992276 0.0768791 0.0973504
t -0.0225877 -0.371112 -0.928313
bt 0.98853 0.0662238 -0.135732
t -0.0533718 -0.00620258 -0.998555
bt 0.978219 0.113336 0.173904
t -0.000660515 -0.999418 -0.0341017
bt 0.999998 0.00195709 -0.000633222
t -0.00118068 -0.764383 -0.644762
bt 0.995422 0.00944574 -0.0951117
t -0.0332421 -0.364404 0.930647
bt 0.951023 0.028261 0.307826
t 0.00704894 -0.788378 0.615151
bt 0.982748 -0.0427628 0.179938
t -0.00636118 -0.387671 0.921776
bt 0.836016 -0.0119881 0.548574
t 0.00754489 -0.383095 -0.923678
bt 0.784472 -0.0713426 -0.616046
t -0.0457183 -0.0121801 -0.99888
bt 0.55513 0.147872 -0.818513
t -0.00597735 -0.819679 -0.572792
bt 0.952081 0.00133071 -0.305845
t -0.00186127 -0.99959 0.0285771
bt 0.999903 0.00520791 0.0129559
t 0.0128934 -0.793968 0.607822
bt 0.940959 -0.0128673 0.338275
t -0.173245 -0.462039 0.869774
bt 0.867846 0.198624 0.455402
t -0.0567079 -0.00659186 -0.998369
bt 0.803892 0.0931566 -0.587434
t -0.146762 -0.0674215 -0.986871
bt 0.677133 0.311115 -0.666857
t -0.0411875 -0.417861 -0.907577
bt 0.788363 0.0951546 -0.607807
t -5.29044e-05 -0.999591 -0.0286024
bt 0.999912 0.00246551 -0.013035
t -0.0173013 -0.798993 -0.601091
bt 0.947066 0.0131337 -0.32077
t 0.0227693 -0.815114 0.578853
bt 0.947289 -0.0206546 0.319715
t -0.0123465 -0.420074 0.907406
bt 0.728763 0.0223463 0.684401
t -0.0745275 -0.0342333 -0.996631
bt 0.391805 0.180023 -0.902264
t 0.0206981 -0.407355 -0.913035
bt 0.659291 -0.0398326 -0.750832
t 0.00250375 -0.999752 0.0221502
bt 0.999836 0.00032094 0.0180982
t -0.00623904 -0.858932 -0.512052
bt 0.898128 0.00345192 -0.439721
t 0.0251125 -0.833989 0.551209
bt 0.87864 -0.0189446 0.477109
t -0.210829 -0.579642 0.787126
bt 0.711145 0.242248 0.659991
t -0.217825 -0.178655 -0.959497
bt 0.394968 0.323894 -0.859705
t -0.0528165 -0.492358 -0.868789
bt 0.611337 0.095374 -0.785602
t -0.0190154 -0.844728 -0.534858
bt 0.888786 0.0192223 -0.457918
t 8.33245e-05 -0.999753 -0.0222039
bt 0.999828 0.00385194 -0.018118
t 0.0401664 -0.848071 0.528358
bt 0.889229 -0.0317794 0.456358
t -0.0154056 -0.481416 0.876357
bt 0.561241 0.0176771 0.827464
t -0.112146 -0.0919748 -0.989426
bt 0.174732 0.143332 -0.974128
t 0.0312465 -0.451399 -0.891775
bt 0.511677 -0.0394513 -0.858272
t -0.00166096 -0.999897 0.0142683
bt 0.999828 0.00345853 0.0182481
t -0.00282235 -0.901418 -0.432941
bt 0.853577 0.0118002 -0.520833
t -0.21256 -0.708715 0.672712
bt 0.577113 0.228981 0.783906
t 0.0367551 -0.879692 0.474122
bt 0.832036 -0.0196132 0.554375
t -0.260903 -0.333647 -0.905875
bt 0.213099 0.272557 -0.938244
t -0.0563486 -0.593465 -0.802885
bt 0.496815 0.0738201 -0.864711
t -0.00926886 -0.8927 -0.450555
bt 0.842191 0.0241413 -0.538638
t 0.000711846 -0.999897 -0.0143183
bt 0.999834 -0.00012764 -0.0182067
t 0.0487325 -0.887509 0.458206
bt 0.844503 -0.0285999 0.534787
t -0.00987939 -0.563887 0.825793
bt 0.472564 0.0161692 0.881148
t -0.136293 -0.174303 -0.975214
bt 0.0887298 0.11344 -0.989575
t 0.0485746 -0.510838 -0.858304
bt 0.446703 -0.0257006 -0.894313
t 0.0074812 -0.943106 -0.332408
bt 0.821062 0.0110498 -0.570733
t -0.000127453 -0.999939 0.0110003
bt 0.999743 0.00520488 0.0220446
t 0.0391541 -0.927507 0.371749
bt 0.80035 -0.00851289 0.599473
t -0.175125 -0.830019 0.529527
bt 0.471891 0.173666 0.864384
t -0.261566 -0.527533 -0.808265
bt 0.100101 0.202197 -0.974216
t -0.0515077 -0.7236 -0.688295
bt 0.427291 0.0491315 -0.902778
t -0.00449911 -0.939133 -0.343525
bt 0.804332 0.0140178 -0.594015
t 0.00262383 -0.999935 -0.0110604
bt 0.999752 0.00187853 -0.0221799
t 0.0490227 -0.932548 0.357703
bt 0.815311 -0.0231148 0.578562
t 0.00413288 -0.675409 0.737432
bt 0.422861 0.0129043 0.906103
t -0.147229 -0.297028 -0.94345
bt 0.0397859 0.0802874 -0.995977
t 0.0607295 -0.610035 -0.790044
bt 0.410247 -0.017843 -0.9118
t 0.00720848 -0.982237 -0.187508
bt 0.798402 0.00581062 -0.602097
t 0.00196564 -0.999977 0.00645111
bt 0.999657 0.0023402 0.0260783
t 0.0367888 -0.974098 0.223114
bt 0.777146 -0.00232047 0.629316
t -0.0986792 -0.941669 0.321749
bt 0.39611 0.08029 0.914686
t -0.195643 -0.797344 -0.570934
bt 0.0275809 0.112419 -0.993278
t -0.0289139 -0.888003 -0.458927
bt 0.385582 0.0241414 -0.922358
t 0.00242203 -0.980485 -0.196576
bt 0.778472 0.0119405 -0.627566
t 0.00324662 -0.999974 -0.006489
bt 0.999655 0.00213963 -0.026191
t 0.0390268 -0.976806 0.210541
bt 0.797512 -0.00422047 0.603289
t 0.0192656 -0.84559 0.533485
bt 0.392552 0.00651201 0.919707
t -0.138574 -0.564412 -0.813779
bt 0.0107068 0.0440677 -0.998971
t 0.119815 -0.711474 -0.692423
bt 0.386433 -0.0224714 -0.922044
t 0.0046549 -0.999969 -0.00639268
bt 0.790311 0.00158243 -0.612703
t -0.000365077 -1 8.98186e-05
bt 0.999581 0.00276107 0.0288025
t 0.0177682 -0.999683 0.0178208
bt 0.767789 -0.00263637 0.640698
t 0.0101721 -0.999358 0.0343395
bt 0.370751 -0.0356747 0.928047
t -0.00347999 -0.994361 -0.105993
bt 3.8213e-05 0.0115507 -0.999933
t 0.0182496 -0.998345 -0.0545413
bt 0.371069 -0.00668711 -0.928581
t 0.0056447 -0.999954 -0.00770358
bt 0.767884 0.000667142 -0.640589
t 0.00116802 -0.999999 -0.000133332
bt 0.999586 0.00215078 -0.0286983
t 0.0206453 -0.99961 0.0187871
bt 0.79026 -0.0027239 0.612766
t 0.0134182 -0.999076 0.0408197
bt 0.382101 -0.00222911 0.924118
t -0.00284864 -0.807642 -0.589666
bt 9.77058e-05 1.40443e-05 -1
t 0.11223 -0.95357 -0.279478
bt 0.382274 -0.00136125 -0.924048
t 0.00355563 -0.983569 0.1805
bt 0.7996 -0.0060306 -0.600502
t 4.01341e-05 -0.999976 -0.00700214
bt 0.999601 0.00253637 0.0281221
t -0.00326907 -0.979953 -0.1992
bt 0.775849 0.0114687 0.630814
t 0.120981 -0.952595 -0.279153
bt 0.407452 -0.147469 0.901241
t 0.214587 -0.867018 0.449703
bt 0.022611 -0.0909256 -0.995601
t 0.0601865 -0.913158 0.403139
bt 0.388523 -0.038824 -0.920621
t 0.00475779 -0.981193 0.192971
bt 0.778184 -0.0128956 -0.627904
t -0.000410494 -0.999975 0.00701408
bt 0.999599 0.00243695 -0.028215
t -0.0121959 -0.981332 -0.191934
bt 0.797509 0.0167527 0.603074
t 0.0622541 -0.919581 -0.387937
bt 0.396733 -0.0227708 0.917652
t -0.209181 -0.841392 0.4983
bt 0.382301 -0.000781222 -0.924038
t -0.00306492 -0.836116 0.548545
bt 9.7712e-05 1.40242e-05 -1
t 0.169884 -0.686546 0.706961
bt 0.0107361 -0.042955 -0.999019
t -0.0276994 -0.834778 0.54989
bt 0.389753 0.0105504 -0.920859
t 0.00500708 -0.941738 0.336311
bt 0.824604 -0.00659498 -0.565672
t 0.00164812 -0.999918 -0.0126619
bt 0.999707 0.000695579 0.024206
t -0.0215395 -0.927009 -0.37442
bt 0.801063 0.0179733 0.598311
t 0.184839 -0.81977 -0.542044
bt 0.49636 -0.225207 0.838396
t 0.291805 -0.556926 0.777614
bt 0.0986488 -0.188514 -0.977103
t 0.0685484 -0.723034 0.687403
bt 0.438824 -0.0659636 -0.896149
t 0.0158843 -0.936489 0.350336
bt 0.808563 -0.0231167 -0.587955
t -0.00111376 -0.99992 0.0126319
bt 0.999703 0.00256035 -0.0242374
t -0.0293517 -0.93364 -0.357008
bt 0.818841 0.0263695 0.573415
t 0.0174834 -0.683122 -0.730095
bt 0.426763 -0.00993489 0.904309
t 0.168112 -0.32096 0.932053
bt 0.0426369 -0.0813722 -0.995771
t -0.0417919 -0.618414 0.78474
bt 0.411421 0.02519 -0.911097
t 0.0100708 -0.891134 0.453628
bt 0.86742 -0.00152854 -0.497573
t -0.000876636 -0.999783 -0.0208243
bt 0.99973 0.00112629 0.0232261
t -0.0211441 -0.86725 -0.497423
bt 0.841683 0.0277795 0.539257
t 0.189787 -0.651107 -0.734875
bt 0.624947 -0.255152 0.737793
t 0.268416 -0.299098 0.915693
bt 0.237644 -0.264845 -0.934549
t 0.0543748 -0.556434 0.829111
bt 0.52814 -0.083224 -0.845069
t -0.00260734 -0.999779 0.020867
bt 0.999728 0.00177779 -0.0232435
t 0.0281946 -0.880121 0.473912
bt 0.852823 -0.0156085 -0.521966
t -0.032809 -0.880555 -0.472808
bt 0.856963 0.0414298 0.51371
t 0.0234597 -0.546058 -0.837419
bt 0.493649 -0.0102535 0.869601
t 0.139869 -0.155994 0.977805
bt 0.105596 -0.117546 -0.987437
t -0.0325829 -0.500821 0.864938
bt 0.460985 0.0368694 -0.886642
t 0.0117211 -0.840172 0.542193
bt 0.926625 0.00642898 -0.375931
t 0.00228486 -0.999527 -0.0306543
bt 0.999821 -0.00189903 0.0188444
t -0.0163189 -0.810222 -0.585896
bt 0.903841 0.0395056 0.426041
t 0.132764 -0.486842 -0.863341
bt 0.792728 -0.222214 0.567629
t 0.184466 -0.113691 0.976241
bt 0.472358 -0.291142 -0.831934
t 0.0273722 -0.438432 0.898348
bt 0.693811 -0.0924012 -0.714205
t -0.000597868 -0.999528 0.0307209
bt 0.999821 -0.00173606 -0.0188598
t 0.0224149 -0.818229 0.574455
bt 0.917266 -0.00775125 -0.398199
t 0.019116 -0.449504 -0.893073
bt 0.62476 -0.00231359 0.780813
t -0.0817516 -0.819915 -0.566618
bt 0.867993 0.177395 0.463809
t 0.0976018 -0.0601522 0.993406
bt 0.235886 -0.145393 -0.960843
t -0.0210378 -0.429537 0.902804
bt 0.564163 0.0560851 -0.823756
t 0.00639487 -0.999507 -0.0307491
bt 0.999961 -0.00310377 0.00820889
t 0.00566996 -0.802614 0.596471
bt 0.978945 0.011275 -0.203813
t 0.0587122 -0.394855 -0.916866
bt 0.939811 -0.119635 0.320067
t 0.000414888 -0.777928 -0.628353
bt 0.96972 0.038468 0.241169
t 0.0870648 -0.0233375 0.995929
bt 0.830754 -0.222764 -0.510121
t 0.0130611 -0.385069 0.922796
bt 0.899299 -0.0621161 -0.4329
t 0.0142269 -0.779271 0.626525
bt 0.977597 -0.00167632 -0.21048
t -0.00174823 -0.999524 0.0308146
bt 0.999965 -0.000610568 -0.00828465
t -0.115137 -0.810699 -0.57403
bt 0.910663 0.0653458 0.407949
t -0.0146709 -0.800594 -0.599027
bt 0.972463 0.0461037 0.228451
t 0.00887366 -0.396841 -0.917844
bt 0.834178 0.0132809 0.551336
t 0.047722 -0.012788 0.998779
bt 0.540301 -0.144885 -0.828905
t -0.0254433 -0.388963 0.920902
bt 0.694421 0.118818 -0.709692
t -0.00250212 -0.999613 -0.0276972
bt 1 0.000783625 0.000221443
t -0.00144713 -0.789691 0.613503
bt 0.999904 0.00725904 -0.0118433
t -0.0259132 -0.370791 -0.928355
bt 0.999083 0.00878691 0.0419079
t 0.00568014 -0.768075 -0.640335
bt 0.999529 0.0199691 0.0232814
t 0.0142277 -0.000102233 0.999899
bt 0.995757 -0.00796461 -0.0916812
t 0.000675755 -0.371104 0.928591
bt 0.998754 0.0114534 -0.0485699
t 0.00444423 -0.768067 0.640355
bt 0.999919 0.00571175 -0.0114003
t -0.00200656 -0.999614 0.0277023
bt 0.999998 0.00171694 -0.000247983
t -0.00109978 -0.789695 -0.613499
bt 0.999673 0.0168056 0.0192576
t -0.000198517 -0.381898 -0.924204
bt 0.998707 0.0123754 0.0492986
t 0.00356873 -1.69642e-05 0.999994
bt 0.825028 -0.0066005 -0.565053
t -0.001284 -0.381893 0.924206
bt 0.959349 0.101191 -0.263458
t -0.000539288 -0.999705 -0.0242993
bt 0.999986 0.000882571 -0.00528034
t -0.00492295 -0.795493 0.605943
bt 0.986419 0.000748678 0.164249
t -0.000631025 -0.776145 -0.630555
bt 0.98373 -0.00556447 -0.179566
t -0.105528 -0.396371 -0.912005
bt 0.96685 0.119442 -0.225687
t -0.0852795 -0.0186952 0.996182
bt 0.920138 0.201579 0.335727
t -0.0234156 -0.383051 0.923431
bt 0.943873 0.0751383 0.321649
t -0.0435698 -0.779203 0.625256
bt 0.990257 0.0658256 0.122713
t 0.00218803 -0.999702 0.0243107
bt 0.999986 0.000212628 0.00529629
t 0.0126514 -0.794026 -0.607753
bt 0.984816 -0.0113752 -0.173228
t -0.0215047 -0.392409 -0.91954
bt 0.936046 0.0587096 -0.346946
t -0.00276151 -0.381891 0.924203
bt 0.869326 -0.194689 0.454278
t 0.00357188 -1.70437e-05 0.999994
bt 0.850113 -0.00680127 0.526557
t -0.0387996 -0.0085159 0.999211
bt 0.827086 0.181095 0.532103
t 0.0072809 -0.387126 0.921998
bt 0.858974 -0.0274449 0.511282
t -0.0106234 -0.815058 0.579282
bt 0.952803 0.000699126 0.303589
t -0.000506472 -0.999775 -0.0211907
bt 0.999954 0.00185587 -0.00946093
t 0.0192559 -0.793498 -0.608268
bt 0.942953 -0.0173693 -0.332473
t -0.169843 -0.458 -0.872577
bt 0.871131 0.190868 -0.452437
t -0.134623 -0.060115 0.989072
bt 0.699597 0.312366 0.642644
t -0.0384078 -0.415215 0.908912
bt 0.800893 0.0990107 0.590565
t -0.0462135 -0.77934 0.624894
bt 0.987304 0.0227342 0.157205
t -0.0754742 -0.806645 0.586197
bt 0.962436 0.0937557 0.254808
t 0.000619278 -0.999773 0.0213103
bt 0.999954 -0.000799057 0.00952034
t 0.0229128 -0.809816 -0.586237
bt 0.946394 -0.0276753 -0.321827
t -0.0111184 -0.414709 -0.909886
bt 0.72096 0.00990181 -0.692906
t -0.040592 -0.00890934 0.999136
bt 0.465367 0.101894 0.879233
t -0.0713773 -0.0318757 0.99694
bt 0.381653 0.170403 0.908462
t 0.017623 -0.403995 0.914591
bt 0.656194 -0.0461624 0.753179
t -0.00846611 -0.843948 0.536359
bt 0.91212 0.00394407 0.409905
t -0.00341523 -0.999824 -0.0184498
bt 0.999913 0.00174562 -0.0130659
t 0.0220049 -0.822542 -0.568278
bt 0.894416 -0.0266391 -0.446442
t -0.214608 -0.547693 -0.808688
bt 0.747693 0.221611 -0.625974
t -0.22082 -0.155972 0.962762
bt 0.436659 0.308482 0.845084
t -0.0583039 -0.472023 0.879656
bt 0.643076 0.0813495 0.76147
t -0.0828846 -0.807352 0.58422
bt 0.958616 0.0615111 0.277979
t -0.0168338 -0.831283 0.555594
bt 0.906806 0.0194828 0.421097
t 0.000485183 -0.999829 0.018513
bt 0.999913 -0.00109888 0.0131254
t 0.0317007 -0.835251 -0.548954
bt 0.902513 -0.0332644 -0.429377
t -0.0121889 -0.456257 -0.889764
bt 0.594638 0.0156455 -0.803842
t -0.102125 -0.0721672 0.99215
bt 0.213103 0.150541 0.965362
t 0.0295208 -0.432562 0.901121
bt 0.537898 -0.0435801 0.841883
t -0.00526874 -0.879676 0.475544
bt 0.872602 0.0089064 0.48835
t -0.00228558 -0.999882 -0.0151714
bt 0.999873 0.00243945 -0.0157697
t 0.0328993 -0.857673 -0.513142
bt 0.852149 -0.0233511 -0.522779
t -0.214811 -0.645769 -0.732692
bt 0.632539 0.23061 -0.739401
t -0.250901 -0.260655 0.932259
bt 0.273104 0.283753 0.919184
t -0.0580895 -0.54349 0.837403
bt 0.538137 0.0746503 0.839545
t -0.015386 -0.87064 0.491679
bt 0.863349 0.0204828 0.504191
t 0.000947328 -0.999884 0.0152126
bt 0.999875 0.0005606 0.0157898
t 0.0395988 -0.868108 -0.494793
bt 0.862141 -0.0334658 -0.505563
t -0.0109472 -0.517921 -0.855359
bt 0.509627 0.020099 -0.860161
t -0.122174 -0.126915 0.984361
bt 0.120237 0.124934 0.984852
t 0.0375513 -0.480025 0.876451
bt 0.470796 -0.0330269 0.881624
t 0.000197464 -0.918256 0.395986
bt 0.838412 0.0117779 0.54491
t -0.00155181 -0.999929 -0.0117776
bt 0.999837 0.00121125 -0.0179916
t 0.0371155 -0.899456 -0.435432
bt 0.8187 -0.0144347 -0.57404
t -0.19538 -0.754119 -0.627002
bt 0.530624 0.208954 -0.821447
t -0.267634 -0.407087 0.8733
bt 0.156363 0.238111 0.958569
t -0.0538743 -0.640165 0.766346
bt 0.46384 0.0621193 0.883738
t -0.00869311 -0.912263 0.409513
bt 0.826377 0.0224563 0.562669
t 0.000429651 -0.999929 0.0119068
bt 0.999838 0.000342648 0.0179938
t 0.0476799 -0.905511 -0.421635
bt 0.831587 -0.0217153 -0.55497
t -0.00573164 -0.60426 -0.796767
bt 0.450626 0.0186752 -0.892518
t -0.14222 -0.216408 0.965889
bt 0.066128 0.10063 0.992724
t 0.0518054 -0.546215 0.836041
bt 0.428957 -0.0223438 0.903048
t 0.00432066 -0.954478 0.29825
bt 0.811732 0.0112424 0.583922
t -0.000826637 -0.999969 -0.00788634
bt 0.999826 -0.00106521 -0.0186097
t 0.0406979 -0.940594 -0.337085
bt 0.79306 -0.0149613 -0.60896
t -0.154729 -0.859083 -0.487889
bt 0.448141 0.151225 -0.881079
t -0.250707 -0.586585 0.770107
bt 0.0758058 0.177693 0.981162
t -0.0415224 -0.75902 0.649742
bt 0.412774 0.0390102 0.909998
t -0.00182526 -0.951337 0.308147
bt 0.797904 0.0153868 0.602589
t 0.00125758 -0.999967 0.00802444
bt 0.999822 -0.00313429 0.018625
t 0.0449008 -0.944817 -0.324508
bt 0.806887 -0.0211549 -0.590327
t 0.00797957 -0.712959 -0.70116
bt 0.412664 0.0156537 -0.910749
t -0.148597 -0.347785 0.925724
bt 0.030757 0.0720042 0.99693
t 0.0621548 -0.647176 0.759802
bt 0.400499 -0.0184315 0.916112
t 0.00456878 -0.981932 0.189178
bt 0.794198 0.00739431 0.607614
t -0.000139661 -0.999991 -0.00429615
bt 0.999847 0.000241331 -0.0174926
t 0.0316053 -0.975362 -0.218333
bt 0.778867 -0.0102816 -0.627105
t -0.0986095 -0.940997 -0.323729
bt 0.397368 0.0837097 -0.913833
t -0.194561 -0.789313 0.582349
bt 0.0252069 0.101782 0.994487
t -0.0237532 -0.88245 0.469806
bt 0.385229 0.0187902 0.92263
t 0.00269782 -0.980567 0.196167
bt 0.780428 0.00502124 0.625226
t -0.000597255 -0.999991 0.00429196
bt 0.999847 -0.00051433 0.0175072
t 0.0365638 -0.976439 -0.212673
bt 0.792259 -0.013797 -0.61003
t 0.021181 -0.840109 -0.542005
bt 0.39041 0.0103198 -0.920583
t -0.137014 -0.555691 0.820021
bt 0.01078 0.0436878 0.998987
t 0.0707435 -0.77854 0.623596
bt 0.386249 -0.0093997 0.922347
t -0.00100909 -0.999998 -0.00158518
bt 0.999881 -0.00102038 -0.0154052
t 0.00472792 -0.996563 0.0827072
bt 0.785314 0.00464114 0.61908
t 0.0220606 -0.994734 -0.100086
bt 0.773102 -0.000669735 -0.634281
t -0.0391821 -0.988025 -0.149233
bt 0.375728 0.0271266 -0.926333
t -0.0950347 -0.946847 0.307325
bt 0.00482093 0.0470255 0.998882
t -0.00402187 -0.972557 0.232628
bt 0.374487 0.0104185 0.927173
t 0.00377447 -0.996355 0.0852218
bt 0.773398 0.00580725 0.633894
t 0.000300316 -0.999999 0.0015043
bt 0.999874 0.00393582 0.0153913
t 0.0196253 -0.995344 -0.094364
bt 0.784953 -0.00460663 -0.619538
t 0.0198831 -0.958884 -0.283101
bt 0.379876 0.00304398 -0.925032
t -0.0847336 -0.843939 0.529705
bt 0.0015902 0.0158475 0.999873
t 0.0559496 -0.929731 0.363965
bt 0.379193 -0.00389905 0.925309
t 0.000617456 -0.999876 -0.0157367
bt 0.78257 0.000560155 0.622563
t -0.00123661 -0.999999 0.000316182
bt 0.999911 -0.00310341 -0.0129963
t 0.00392107 -0.9999 0.0136063
bt 0.772421 8.48079e-05 -0.63511
t 0.0354076 -0.998677 -0.0373025
bt 0.372336 -0.0015707 -0.928097
t 0.0203998 -0.999773 -0.00617419
bt 0.000156005 -0.00778819 0.99997
t 0.0126309 -0.999735 -0.0192703
bt 0.37248 -0.00661495 0.928017
t 0.00153574 -0.99988 -0.0154366
bt 0.77245 0.00192878 0.635073
t -0.00147834 -0.999999 -0.000319309
bt 0.999911 0.00233757 0.0131027
t 0.00775903 -0.999919 0.0100559
bt 0.782492 0.00742518 -0.622616
t 0.00602945 -0.99936 0.0352557
bt 0.377446 0.000190478 -0.926031
t 0.0203988 -0.999764 0.00752398
bt -2.18593e-05 -0.00397435 0.999992
t 0.0132991 -0.999759 -0.0174445
bt 0.377259 0.00577819 0.92609
t 0.00138115 -0.995422 -0.0955697
bt 0.783917 -0.00183598 0.620862
t 0.000262197 -0.999999 0.00129669
bt 0.999939 0.000758443 -0.0109943
t -0.0201449 -0.994682 0.101005
bt 0.372371 -0.00368033 -0.928077
t -0.00574212 -0.994574 0.103878
bt 0.775218 0.00184349 -0.631691
t 0.060084 -0.986821 0.150244
bt 0.382084 -0.0801322 -0.920647
t 0.116744 -0.953167 -0.279003
bt 0.00628281 -0.0505248 0.998703
t 0.0240311 -0.971678 -0.235082
bt 0.377155 -0.0222162 0.925884
t 0.00133875 -0.995156 -0.0982964
bt 0.775652 -0.00744533 0.631117
t -0.00258069 -0.999996 -0.00132863
bt 0.999939 0.00149631 0.0109077
t -0.00877286 -0.994587 0.103532
bt 0.783691 0.00301139 -0.621143
t -0.0116634 -0.949829 0.312551
bt 0.379758 -0.00515622 -0.925072
t 0.104863 -0.85594 -0.50633
bt 0.00242144 -0.0198268 0.999801
t -0.0356444 -0.930295 -0.365075
bt 0.378961 0.00134212 0.925412
t 0.00265302 -0.983805 -0.179225
bt 0.792777 -0.00895541 0.609446
t 0.000760383 -0.999993 0.00358949
bt 0.999884 -1.16704e-06 -0.015204
t -0.0150803 -0.979699 0.199908
bt 0.779238 0.00866801 -0.626668
t 0.108584 -0.951327 0.288422
bt 0.403887 -0.128815 -0.905694
t 0.201072 -0.841343 -0.50171
bt 0.0232134 -0.0966842 0.995044
t 0.0388564 -0.902339 -0.429272
bt 0.387593 -0.0339475 0.921205
t 0.00325484 -0.999988 -0.00355043
bt 0.999871 0.00511051 0.0152153
t 0.00301908 -0.982557 -0.185939
bt 0.781142 -0.0119728 0.624238
t -0.0104126 -0.857959 0.513613
bt 0.389019 -0.010233 -0.921173
t -0.0184465 -0.980648 0.194909
bt 0.790956 0.0112517 -0.611769
t 0.152667 -0.638961 -0.753937
bt 0.0104209 -0.0431685 0.999013
t -0.0455899 -0.817445 -0.574199
bt 0.385732 0.00661025 0.922587
t 0.000850369 -0.958877 -0.283822
bt 0.809596 -0.0109817 0.586884
t -0.000174343 -0.999971 0.0076048
bt 0.999825 -3.17277e-05 -0.018701
t -0.0529902 -0.940942 0.334397
bt 0.779383 0.0765326 -0.621856
t 0.163006 -0.878152 0.449753
bt 0.447715 -0.16794 -0.878264
t 0.266724 -0.655487 -0.706538
bt 0.0606891 -0.149194 0.986944
t 0.0523239 -0.784553 -0.61785
bt 0.400272 -0.0108744 0.916332
t -0.000809614 -0.999971 -0.0076163
bt 0.999811 0.00554159 0.0186421
t 0.0889114 -0.968163 -0.233997
bt 0.80192 -0.0700102 0.593316
t -0.0256743 -0.953134 0.301458
bt 0.804286 0.0250464 -0.593714
t 0.00391449 -0.740565 0.671974
bt 0.40925 -0.0134205 -0.912324
t 0.166858 -0.410088 -0.896653
bt 0.0271004 -0.0665497 0.997415
t -0.0481236 -0.678779 -0.732764
bt 0.399358 0.0155889 0.916663
t 0.00041105 -0.924583 -0.380981
bt 0.831803 -0.0114981 0.554951
t -0.000911662 -0.999953 0.00961294
bt 0.99987 -0.00378244 -0.0156593
t -0.140261 -0.909414 0.391528
bt 0.78115 0.0682068 -0.620607
t -0.0244361 -0.911317 0.41098
bt 0.811999 0.0248115 -0.583131
t 0.156869 -0.749062 0.64366
bt 0.466829 -0.0875353 -0.880005
t -0.0429992 -0.675649 -0.735969
bt 0.409965 -0.0401111 0.911219
t 0.286235 -0.467129 -0.836576
bt 0.117259 -0.191129 0.974536
t 0.0631612 -0.669889 -0.73977
bt 0.447406 -0.0456274 0.893166
t 0.0554743 -0.96442 -0.258488
bt 0.802242 -0.0735642 0.59245
t 0.101929 -0.937343 -0.333163
bt 0.831564 -0.0872745 0.54853
t -0.00180469 -0.999952 -0.00963143
bt 0.999874 0.00198452 0.0157235
t -0.0363663 -0.915013 0.401781
bt 0.823453 0.030313 -0.566574
t 0.0172532 -0.633845 0.773267
bt 0.44102 -0.0167434 -0.897341
t 0.157419 -0.256809 -0.953556
bt 0.0570829 -0.0931411 0.994015
t -0.0462846 -0.568086 -0.821667
bt 0.420924 0.0234563 0.906792
t 0.00868828 -0.893145 -0.449685
bt 0.85723 -0.00756635 0.514877
t 0.00168267 -0.999938 0.0109838
bt 0.999901 -0.00552864 -0.0129464
t 0.0949697 -0.698393 0.709385
bt 0.474943 -0.105629 -0.873654
t -0.0289106 -0.874893 0.483453
bt 0.839949 0.0218716 -0.542224
t 0.212756 -0.685698 0.696099
bt 0.585609 -0.208537 -0.78331
t 0.276087 -0.327972 -0.903444
bt 0.191724 -0.227806 0.954645
t 0.0618634 -0.579182 -0.812847
bt 0.49783 -0.0528894 0.86566
t 0.0827886 -0.934744 -0.345541
bt 0.832829 -0.0979824 0.54479
t 0.017109 -0.887259 -0.460954
bt 0.849273 -0.0165224 0.527695
t -0.00047365 -0.99994 -0.0109036
bt 0.999917 -0.000747402 0.0128878
t -0.0316934 -0.882727 0.468817
bt 0.847201 0.034347 -0.530161
t 0.0209673 -0.553352 0.832683
bt 0.481341 -0.0156784 -0.876393
t 0.138823 -0.164896 -0.976492
bt 0.0968151 -0.115051 0.98863
t -0.036674 -0.504156 -0.862834
bt 0.448577 0.0340036 0.893097
t 0.00837597 -0.863363 -0.504514
bt 0.884145 -0.0010766 0.467211
t -0.000566625 -0.999929 0.0119103
bt 0.99994 0.00207097 -0.0107289
t -0.0237873 -0.846114 0.532471
bt 0.866442 0.0336632 -0.498141
t 0.214628 -0.605315 0.766504
bt 0.664931 -0.211185 -0.716427
t 0.255542 -0.229363 -0.939197
bt 0.279994 -0.251337 0.926516
t 0.061038 -0.515075 -0.854969
bt 0.559108 -0.0565707 0.827163
t 0.0187449 -0.856677 -0.515513
bt 0.880059 -0.0169703 0.474561
t -0.00236711 -0.999926 -0.0119233
bt 0.999938 0.00295877 0.0107331
t -0.0345257 -0.852853 0.521008
bt 0.872291 0.0432711 -0.487069
t 0.022516 -0.496478 0.867757
bt 0.532002 -0.0128793 -0.846645
t 0.124481 -0.111721 -0.985912
bt 0.144447 -0.12967 0.980979
t -0.0290428 -0.460776 -0.887041
bt 0.487104 0.0415304 0.872356
t 0.0127189 -0.838934 -0.544085
bt 0.913361 -0.000698273 0.407151
t 0.00320155 -0.999913 0.0127754
bt 0.999962 0.000690212 -0.0087117
t -0.0205085 -0.821746 0.569485
bt 0.895969 0.0390153 -0.4424
t 0.204767 -0.536439 0.818721
bt 0.746173 -0.20033 -0.634897
t 0.227999 -0.155291 -0.961198
bt 0.389193 -0.265058 0.882198
t 0.0572508 -0.46688 -0.882466
bt 0.632191 -0.0558392 0.772798
t 0.0209824 -0.830693 -0.556335
bt 0.90981 -0.0108008 0.414885
t -0.0015303 -0.999917 -0.0128117
bt 0.999957 0.00274827 0.00883403
t -0.0262594 -0.830793 0.555962
bt 0.901499 0.0432817 -0.430612
t 0.0197093 -0.453569 0.891003
bt 0.593863 -0.00698757 -0.804536
t 0.102021 -0.0694918 -0.992352
bt 0.208011 -0.14166 0.967814
t -0.105955 -0.381344 -0.918341
bt 0.40443 0.168487 0.898915
t 0.0117645 -0.817997 -0.575102
bt 0.942651 -0.00239547 0.333771
t 0.00287039 -0.999898 0.0139837
bt 0.999975 -0.00142601 -0.00698271
t -0.008746 -0.803463 0.59529
bt 0.927513 0.0384528 -0.371807
t 0.187909 -0.479014 0.857459
bt 0.824717 -0.172941 -0.538454
t 0.195019 -0.0980123 -0.97589
bt 0.525624 -0.264127 0.808675
t 0.05159 -0.430071 -0.90132
bt 0.720894 -0.0524072 0.691061
t 0.0165513 -0.807849 -0.589157
bt 0.939389 -0.00690463 0.342785
t -0.00229307 -0.999899 -0.0140137
bt 0.999975 -0.000709834 0.00698908
t -0.0216041 -0.812251 0.582908
bt 0.931297 0.0427998 -0.361737
t 0.0143114 -0.421525 0.906704
bt 0.666505 0.00571127 -0.745478
t -0.115208 -0.375649 -0.919573
bt 0.434242 0.143443 0.889302
t 0.0803531 -0.0403904 -0.995948
bt 0.290409 -0.145926 0.94571
t -0.0203171 -0.407072 -0.91317
bt 0.607258 0.056951 0.792461
t 0.00223631 -0.999993 0.00309795
bt 0.999998 0.00145155 -0.00130485
t 0.0122208 -0.802613 -0.596374
bt 0.957044 -0.000180734 0.289942
t 0.167066 -0.449259 0.877642
bt 0.874471 -0.15453 -0.459806
t -0.014301 -0.796267 0.604776
bt 0.94808 0.0349115 -0.316111
t 0.166667 -0.0675417 -0.983697
bt 0.630881 -0.255758 0.732514
t 0.0454683 -0.413719 -0.909269
bt 0.781857 -0.0466113 0.621713
t 0.01403 -0.800484 -0.59919
bt 0.955743 0.00272978 0.29419
t -0.00180534 -0.999993 -0.00320148
bt 0.999999 -0.000609812 0.00129769
t -0.015661 -0.798608 0.601648
bt 0.948767 0.0355368 -0.313971
t 0.0140705 -0.4048 0.914297
bt 0.726264 0.00568831 -0.687393
t 0.0650237 -0.0263379 -0.997536
bt 0.370552 -0.150231 0.916582
t -0.0136073 -0.395282 -0.918459
bt 0.655255 0.062844 0.752789
t 0.00161796 -0.999947 -0.010198
bt 0.99999 -8.91087e-05 0.00450132
t 0.0132244 -0.801961 -0.59723
bt 0.949202 -0.00204964 0.31466
t 0.173685 -0.46378 0.868759
bt 0.860173 -0.167534 -0.481701
t -0.0132041 -0.805805 0.592034
bt 0.94344 0.0333829 -0.329859
t 0.163146 -0.0724208 -0.98394
bt 0.637148 -0.282893 0.716948
t 0.0437242 -0.422279 -0.905411
bt 0.761793 -0.0508865 0.645819
t 0.012732 -0.809811 -0.586553
bt 0.951688 -0.00152841 0.307063
t -0.00216473 -0.999947 0.0101035
bt 0.999989 0.00117611 -0.00450964
t -0.0183829 -0.79689 0.603844
bt 0.941498 0.0296025 -0.335715
t 0.016719 -0.408255 0.912715
bt 0.710489 -0.00642512 -0.703679
t 0.0755021 -0.0335081 -0.996583
bt 0.359307 -0.159539 0.919481
t -0.0188532 -0.394999 -0.918488
bt 0.643407 0.0498089 0.763902
t 0.00100323 -0.999925 -0.0121932
bt 0.999974 0.00125919 0.00711591
t 0.0155507 -0.817317 -0.575978
bt 0.926718 -0.00939144 0.37564
t -0.0272109 -0.818654 0.573642
bt 0.920868 0.0319723 -0.388562
t 0.149617 -0.491047 0.858189
bt 0.784065 -0.173144 -0.596039
t 0.188154 -0.108945 -0.976079
bt 0.510412 -0.295551 0.807545
t 0.0385684 -0.444107 -0.895143
bt 0.675561 -0.0443648 0.735968
t 0.0135625 -0.826484 -0.562796
bt 0.929698 -0.00259573 0.368314
t 0.00306879 -0.999921 0.0121784
bt 0.999975 -0.000440388 -0.00709512
t -0.0232946 -0.809609 0.586507
bt 0.91633 0.0298471 -0.399311
t 0.0175695 -0.428601 0.903323
bt 0.639428 -0.0141395 -0.768721
t 0.0888383 -0.0514371 -0.994717
bt 0.265197 -0.153563 0.951887
t -0.0184231 -0.411441 -0.91125
bt 0.579046 0.041902 0.814218
t 0.000488436 -0.999899 -0.0142
bt 0.999939 0.000771976 0.011015
t 0.0196588 -0.841831 -0.539383
bt 0.89589 -0.0162373 0.443978
t -0.0297639 -0.841666 0.539178
bt 0.89082 0.0341417 -0.453072
t 0.124716 -0.53126 0.837979
bt 0.680507 -0.15829 -0.71544
t 0.167101 -0.1299 -0.977345
bt 0.33806 -0.262839 0.903676
t 0.01006 -0.466278 -0.884581
bt 0.578144 -0.0268417 0.815493
t 0.0149871 -0.851731 -0.523766
bt 0.900924 -0.00438062 0.433955
t 0.00684864 -0.999877 0.0141192
bt 0.999939 -0.00122008 -0.0109799
t -0.0207003 -0.832443 0.553725
bt 0.88478 0.0252942 -0.465323
t 0.0159472 -0.462095 0.886687
bt 0.567021 -0.0232494 -0.823375
t 0.105844 -0.082401 -0.990963
bt 0.185493 -0.144103 0.972022
t -0.0229043 -0.437976 -0.898695
bt 0.511612 0.0375872 0.858394
t -0.00347467 -0.999882 -0.0149542
bt 0.999866 0.000995785 0.0163128
t 0.017387 -0.877057 -0.480072
bt 0.856765 -0.0169332 0.515429
t -0.0473054 -0.87137 0.488341
bt 0.856931 0.0339985 -0.514309
t 0.143376 -0.624536 0.767723
bt 0.566834 -0.124682 -0.814342
t 0.207297 -0.226963 -0.951586
bt 0.193998 -0.212353 0.957743
t 0.00937085 -0.52758 -0.849454
bt 0.495687 -0.013875 0.868391
t -0.000294826 -0.883876 -0.467721
bt 0.867895 -0.0114373 0.496617
t 0.00329623 -0.999884 0.0148542
bt 0.999867 -0.000414485 -0.0163012
t -0.0302081 -0.86429 0.502086
bt 0.848296 0.0170431 -0.529248
t 0.0148309 -0.522094 0.852759
bt 0.494353 -0.025919 -0.868875
t 0.124872 -0.13671 -0.982709
bt 0.114636 -0.125529 0.985445
t -0.0353978 -0.480859 -0.876083
bt 0.456751 0.027301 0.889176
t -0.00273085 -0.99991 -0.0131611
bt 0.999753 0.0019365 0.0221242
t 0.00946595 -0.922434 -0.386039
bt 0.817184 -0.0194606 0.576048
t -0.0493467 -0.915868 0.398434
bt 0.82595 0.0247528 -0.5632
t 0.135052 -0.749137 0.648502
bt 0.465171 -0.0701486 -0.882437
t 0.196625 -0.330143 -0.923225
bt 0.0871553 -0.146284 0.985396
t 0.0073578 -0.634765 -0.77267
bt 0.433243 -0.0013741 0.901276
t -0.0018404 -0.928408 -0.371559
bt 0.833149 -0.0129914 0.552896
t 0.00156633 -0.999913 0.0130718
bt 0.999758 -0.000649464 -0.0219977
t -0.0382197 -0.909235 0.414524
bt 0.810272 0.0151576 -0.585857
t 0.00846449 -0.624438 0.781028
bt 0.432269 -0.0215351 -0.901488
t 0.145453 -0.244211 -0.958751
bt 0.0553448 -0.092952 0.994131
t -0.0466936 -0.565066 -0.823723
bt 0.414024 0.0158548 0.910128
t -0.00109991 -0.968567 -0.248751
bt 0.785571 -0.017338 0.618529
t -0.00118879 -0.999964 -0.00843532
bt 0.999661 0.00103893 0.0260126
t -0.0464211 -0.963311 0.264341
bt 0.802133 0.0147382 -0.596964
t 0.0929243 -0.889526 0.447334
bt 0.401564 -0.0134389 -0.915732
t 0.282361 -0.474106 -0.833964
bt 0.095091 -0.159616 0.982589
t 0.203014 -0.629826 -0.749736
bt 0.0235589 -0.0726841 0.997077
t -0.0042431 -0.797799 -0.602908
bt 0.395051 0.0106075 0.918598
t -0.00553878 -0.971705 -0.236132
bt 0.804689 -0.00782088 0.593646
t 0.00108333 -0.999965 0.00827242
bt 0.999665 -0.000102129 -0.0258947
t -0.0365979 -0.960773 0.274909
bt 0.782689 0.00621989 -0.622382
t -0.0117708 -0.779204 0.626661
bt 0.391513 -0.0159655 -0.920034
t 0.145849 -0.451961 -0.880034
bt 0.0180898 -0.0560858 0.998262
t -0.113646 -0.6385 -0.761185
bt 0.380149 0.0251408 0.924583
t -0.00265766 -0.999995 -0.001792
bt 0.999421 -0.00137987 0.034
t -0.00472313 -0.998898 -0.0466971
bt 0.76698 -0.00320174 0.641663
t -0.0251651 -0.997975 0.0584224
bt 0.793488 0.00397169 -0.608572
t 0.0103166 -0.995207 0.0972498
bt 0.382329 0.0444883 -0.922955
t 0.0423846 -0.828371 -0.558574
bt -0.00040906 0.00794894 0.999968
t -0.03111 -0.9804 -0.194544
bt 0.384046 0.0147408 0.923196
t -0.00736419 -0.998968 -0.0448138
bt 0.793675 -0.0066401 0.608306
t 0.00265214 -0.999995 0.00161009
bt 0.999421 -0.00107948 -0.0339941
t -0.0264312 -0.997549 0.0647916
bt 0.766952 0.0024683 -0.641699
t -0.0121771 -0.987571 0.156702
bt 0.371463 -0.00568091 -0.928431
t 0.0347988 -0.681531 -0.730962
bt 0.000707652 -0.0119198 0.999929
t -0.174788 -0.821938 -0.542095
bt 0.371113 0.00434821 0.928577
t 0.000627702 -0.999951 0.00982982
bt 0.999307 -0.00255715 0.0371226
t -0.00925453 -0.979264 0.202377
bt 0.777594 0.0146705 0.628595
t 0.0145276 -0.979478 -0.201027
bt 0.803612 -0.0166111 -0.594922
t -0.0985038 -0.934412 -0.342304
bt 0.416111 0.0941001 -0.904432
t 0.0486402 -0.950605 0.306567
bt -0.000504771 0.0098191 0.999952
t -0.224531 -0.851419 0.473996
bt 0.0246515 0.0934172 0.995322
t -0.0495907 -0.899639 0.43381
bt 0.400174 0.0138044 0.916335
t -0.00206611 -0.98192 0.189284
bt 0.805521 0.00225509 0.592563
t -0.00187807 -0.999951 -0.00973797
bt 0.999312 0.00271894 -0.0369818
t -0.00397933 -0.978441 -0.206488
bt 0.775356 -0.00725392 -0.631483
t -0.0953771 -0.927512 -0.361421
bt 0.386727 0.0219664 -0.921933
t 0.167741 -0.939269 0.299395
bt 0.371114 0.00433256 0.928577
t 0.0455397 -0.889127 0.455389
bt 0.000700479 -0.011779 0.99993
t -0.19263 -0.730142 0.655581
bt 0.0113299 0.0429234 0.999014
t -0.00221918 -0.845188 0.534464
bt 0.380571 -0.00521513 0.924737
t -0.0157793 -0.917409 0.397633
bt 0.820105 0.0209766 0.571829
t 0.00359181 -0.99984 0.0175044
bt 0.999615 0.00196311 0.0276661
t 0.0303624 -0.917803 -0.395873
bt 0.832734 -0.0253948 -0.553091
t -0.151228 -0.746448 -0.648032
bt 0.501558 0.130102 -0.855286
t -0.255376 -0.406201 0.877373
bt 0.103605 0.164549 0.980913
t -0.0234675 -0.638118 0.76958
bt 0.449892 0.0185609 0.89289
t -0.00488072 -0.999839 -0.0172741
bt 0.999611 0.00381059 -0.0276441
t -0.00842591 -0.927209 0.374449
bt 0.838395 0.00322486 0.545053
t -0.0290792 -0.629027 -0.77684
bt 0.434106 0.0144878 -0.900745
t 0.0167696 -0.908812 -0.416868
bt 0.812205 -0.0171517 -0.58312
t -0.163825 -0.260472 0.951481
bt 0.0581662 0.0924864 0.994014
t 0.0275219 -0.571505 0.820137
bt 0.414338 -0.0237401 0.909814
t -0.0240699 -0.857907 0.513241
bt 0.87464 0.0167084 0.484485
t 0.00125956 -0.999763 0.0217268
bt 0.999798 0.00226618 0.019952
t 0.0301242 -0.861662 -0.506587
bt 0.872433 -0.0497617 -0.486193
t -0.149605 -0.586099 -0.796308
bt 0.625857 0.145326 -0.766279
t -0.215782 -0.198769 0.955996
bt 0.238344 0.219604 0.946026
t -0.0211518 -0.505098 0.862803
bt 0.531395 0.0127468 0.847028
t -0.00944928 -0.871025 0.491148
bt 0.887777 0.0100662 0.460164
t -0.00153027 -0.999766 -0.021578
bt 0.999797 0.00290517 -0.0199467
t 0.0208657 -0.846645 -0.531749
bt 0.861767 -0.030775 -0.50637
t -0.0300983 -0.49837 -0.866442
bt 0.518816 0.0136419 -0.854777
t -0.127449 -0.117407 0.984872
bt 0.13521 0.124539 0.982959
t 0.0250776 -0.459233 0.887962
bt 0.478592 -0.0356576 0.877313
t -0.0201633 -0.809075 0.58736
bt 0.93199 0.00745321 0.362407
t -0.000313324 -0.999657 0.0261941
bt 0.999899 -0.00214115 0.0140578
t 0.0245832 -0.821664 -0.569442
bt 0.926005 -0.0514792 -0.373985
t -0.128683 -0.477383 -0.869222
bt 0.782734 0.13445 -0.607659
t -0.17276 -0.0926818 0.980594
bt 0.434926 0.233299 0.869719
t -0.0231038 -0.435311 0.899984
bt 0.663763 0.00462771 0.747929
t -0.00477638 -0.826923 0.562294
bt 0.937381 -0.00759479 0.348222
t -0.00647744 -0.999641 -0.0260177
bt 0.999896 0.0037896 -0.01391
t 0.00838982 -0.803845 -0.59478
bt 0.920017 -0.0366857 -0.390156
t -0.0249308 -0.423859 -0.905385
bt 0.654731 0.00857924 -0.755813
t -0.0889666 -0.0477328 0.99489
bt 0.271584 0.145677 0.951326
t 0.0136311 -0.406808 0.913412
bt 0.588502 -0.0501298 0.80694
t -0.00286154 -0.999455 0.032883
bt 0.999973 -5.71546e-05 0.00740739
t -0.0128229 -0.775455 0.631273
bt 0.983476 0.000132801 0.181038
t 0.00653063 -0.799671 -0.600403
bt 0.979365 -0.0427471 -0.197528
t -0.104418 -0.409951 -0.906111
bt 0.938695 0.0674967 -0.338076
t -0.104422 -0.0235475 0.994254
bt 0.779346 0.175678 0.601462
t -0.0260394 -0.397094 0.917408
bt 0.875059 -0.00914924 0.48393
t -0.00552097 -0.800653 0.599103
bt 0.984726 -0.00991332 0.173827
t -0.00277286 -0.999456 -0.0328742
bt 0.999972 -0.000508766 -0.00741871
t 0.00963244 -0.773456 -0.633777
bt 0.977289 -0.0353969 -0.208931
t -0.0118 -0.381154 -0.924436
bt 0.873635 -0.00229033 -0.486577
t -0.0402883 -0.00909011 0.999147
bt 0.619742 0.139698 0.772272
t 0.0186503 -0.375223 0.926747
bt 0.739393 -0.105569 0.664946
t -0.00163289 -0.999178 0.0405036
bt 0.999992 -0.00109548 -0.00385924
t 0.00444683 -0.763778 0.645464
bt 0.996037 -0.0112226 -0.0882272
t -0.00452286 -0.798216 -0.602355
bt 0.997833 -0.0109123 0.0648844
t -0.0726372 -0.377265 -0.923252
bt 0.993503 -0.0376201 0.107406
t -0.0354616 0.00343302 0.999365
bt 0.960004 -0.0931686 0.26403
t -0.0296837 -0.386034 0.922007
bt 0.994027 -0.106521 0.0237446
t 0.000261323 -0.798397 0.602132
bt 0.997584 -0.00505839 -0.069282
t 0.00519295 -0.998867 -0.0473125
bt 0.999857 0.000132967 0.0169256
t -0.00377789 -0.772449 -0.635066
bt 0.996706 -0.0212532 0.0782605
t 0.0118222 -0.373458 -0.927572
bt 0.993978 -0.106621 -0.0253056
t 0.0177849 -0.00173279 0.99984
bt 0.913767 -0.0887761 0.39642
t -0.00734882 -0.377765 0.925872
bt 0.952672 -0.196972 0.231556
t 0.0233859 -0.870577 0.491477
bt 0.793605 -0.0453873 -0.606738
t -0.0289223 -0.992889 -0.115478
bt 0.906161 0.0014876 -0.422931
t -0.0627068 -0.387887 -0.919571
bt 0.914681 0.290006 0.281524
t 0.00378622 -0.735596 -0.677409
bt 0.939639 0.341099 -0.027033
t -0.0576871 -0.383238 0.921846
bt 0.787453 0.17307 -0.591578
t -0.0422574 0.00409321 0.999098
bt 0.825903 -0.0801611 -0.558085
t -0.0597838 0.00601012 0.998193
bt 0.72467 0.0800549 -0.68443
t -0.0197926 -0.360207 0.932662
bt 0.813412 0.318742 -0.486585
t 0.0356593 -0.994066 0.102771
bt 0.902931 0.00143425 0.429784
t -0.0447925 -0.743581 0.667144
bt 0.965221 0.141161 0.220051
t 0.0491054 -0.47655 -0.877775
bt 0.637905 -0.169109 0.751319
t -0.0229627 -0.822622 -0.568125
bt 0.776242 -0.0326996 0.629586
t -0.0216201 -0.424573 0.905136
bt 0.514401 -0.0296854 -0.857036
t -0.00614722 -0.377878 0.925835
bt 0.730059 0.19001 -0.656437
t 0.0189893 -0.00184996 0.999818
bt 0.548698 -0.0533082 -0.834319
t 0.10233 -0.0787627 0.991628
bt 0.279218 -0.215022 -0.935844
t 0.0167805 -0.0701234 -0.997397
bt 0.0283233 -0.0671987 -0.997338
t -0.0578997 0.154655 0.98627
bt -0.0119216 0.169549 0.98545
t 0.0708477 -0.266657 -0.961184
bt 0.312655 -0.119346 -0.942339
t -0.0189191 0.0695823 -0.997397
bt -0.0112282 0.0715265 -0.997375
t -0.195081 0.144318 0.970111
bt -0.172353 0.169865 0.970278
t -0.0924279 -0.363155 -0.927133
bt 0.0913462 -0.0806076 -0.992551
t -0.102556 0.0625057 -0.992761
bt -0.101153 0.0647774 -0.99276
t -0.0637463 0.124752 0.990138
bt -0.0594069 0.131636 0.989516
t 0.0343806 0.0611001 0.997539
bt 0.0382212 0.0679026 0.99696
t 0.139718 -0.00173128 0.99019
bt 0.143842 0.00508741 0.989588
t -0.00934474 -0.359706 0.933019
bt 0.299788 -0.0210126 0.953774
t -0.137263 0.228573 -0.963801
bt -0.136553 0.228988 -0.963804
t 0.0148365 -0.297179 0.954706
bt 0.401798 -0.058027 0.913888
t 0.0293405 -0.163954 0.986032
bt 0.0628176 -0.153038 0.986222
t -0.00411859 -0.075392 0.997145
bt 0.0291495 -0.0669889 0.997328
t -0.00476522 -0.00112573 -0.999988
bt 0.0204148 0.00482278 -0.99978
t 0.0493914 -0.419015 -0.906635
bt 0.332483 0.0417497 -0.942185
t 0.324884 -0.113064 -0.938971
bt 0.333439 -0.0825458 -0.939151
t 0.265514 -0.11603 -0.957099
bt 0.269183 0.112759 -0.956465
t -0.0564575 -0.083718 -0.994889
bt 0.0767812 0.0757782 -0.994164
t -0.269141 1.68414e-05 0.963101
bt -0.268996 0.00868907 0.963102
t 0.13333 -0.0111405 -0.991009
bt 0.130212 0.0160737 -0.991356
t 0.000217593 -0.00142618 0.999999
bt -0.000125256 0.000820959 1
t 0.253482 -0.0309046 0.966846
bt 0.253443 0.0342 0.966746
t 0.00234006 -0.0153376 -0.99988
bt 0.000924374 -0.00605874 -0.999981
t -0.132491 -0.031636 -0.990679
bt -0.133632 -0.0221039 -0.990784
t -0.253558 -0.0169403 -0.967172
bt -0.253591 -0.00670657 -0.967288
t 0.330865 -0.104503 0.937874
bt 0.339925 -0.0691367 0.937908
t 0.073105 -0.385978 0.919607
bt 0.340349 0.0571591 0.93856
t -0.0687905 -0.0661927 0.995433
bt 0.117154 0.156145 0.980762
t -0.0106911 -0.230476 0.973019
bt 0.271615 0.13821 0.95243
t -0.0901803 -0.348873 -0.932821
bt 0.462248 0.73882 0.49038
t 0.0408567 -0.43068 -0.901579
bt 0.330395 0.820013 0.467352
t -0.203439 -0.258831 -0.944256
bt 0.561186 0.6794 0.472743
t 0.49142 -0.289657 0.821344
bt 0.760482 -0.44826 -0.46982
t 0.281185 -0.487345 0.826698
bt 0.413725 -0.716721 -0.561376
t 0.0453229 -0.0151658 0.998857
bt 0.234736 -0.0877579 -0.96809
t 0.0383291 -0.010104 0.999214
bt 0.234516 -0.0617396 -0.97015
t 0.413007 -0.236476 0.879491
bt 0.780701 -0.448963 -0.434669
t 0.0149672 0.00238389 0.999885
bt 0.488693 -0.0333401 -0.871819
t -0.00987686 -0.309576 -0.950823
bt 0.998751 0.0107379 0.0487913
t -0.0321601 -0.711778 -0.701668
bt 0.933467 0.22176 0.28189
t 0.265267 -0.109453 0.957942
bt 0.866725 -0.363314 -0.341748
t -0.00500882 0.00228004 0.999985
bt 0.808927 0.0874568 0.581367
t 0.0147231 0.00239732 0.999889
bt 0.890103 -0.0539787 0.452551
t -0.00987041 -0.282407 0.959244
bt 0.892795 -0.20893 0.39908
t -0.0103198 -0.309572 -0.95082
bt 0.999785 0.00157392 0.020659
t -0.0270158 -0.712078 -0.701581
bt 0.998725 -0.02498 0.0438639
t 0.0722611 -0.0131817 0.997299
bt 0.96383 -0.188225 -0.188687
t 0.0431917 -0.35393 0.934274
bt 0.782562 -0.115126 0.611836
t -0.016996 -0.00116 0.999855
bt 0.689519 0.121907 0.713934
t -0.157415 -0.0182564 0.987364
bt 0.991684 0.114894 -0.0579918
t -0.0445567 -0.0118706 0.998936
bt 0.541635 0.144278 0.82814
t 0.040896 -0.354277 0.934246
bt 0.623052 -0.195917 0.757247
t -0.371579 -0.170714 0.912571
bt 0.86859 0.399076 0.29375
t -0.165802 -0.0192352 0.985971
bt 0.965789 0.111927 0.23393
t -0.0767711 -0.0352641 0.996425
bt 0.409025 0.187934 0.892961
t -0.478834 -0.392703 0.785177
bt 0.674265 0.552951 0.489501
t -0.121107 -0.0993247 0.987658
bt 0.17395 0.14269 0.974362
t -0.484713 -0.619885 0.617087
bt 0.461521 0.590258 0.662264
t -0.147444 -0.188561 0.97093
bt 0.0821775 0.105061 0.991065
t -0.398496 -0.804085 0.441189
bt 0.255781 0.515887 0.81758
t -0.145353 -0.293244 0.944924
bt 0.0345332 0.0696898 0.996971
t -0.230396 -0.938985 0.25539
bt 0.081691 0.332947 0.9394
t -0.138132 -0.563295 0.814628
bt 0.00862538 0.0347462 0.999359
t -0.136577 -0.962562 -0.234137
bt 0.400023 0.0443553 -0.915431
t -0.00349704 -0.999275 0.0379201
bt 0.000172849 0.0500251 0.998748
t -0.00299063 -0.814603 0.580011
bt -0.000102628 -7.88648e-05 1
t 0.235898 -0.952837 -0.190929
bt 0.0631537 -0.255515 0.96474
t 0.16889 -0.681938 -0.711643
bt 0.0124737 -0.0508053 0.998631
t -0.00299318 -0.84621 -0.532841
bt -0.000102619 -7.88602e-05 1
t 0.421709 -0.80517 -0.416969
bt 0.252533 -0.481901 0.839046
t 0.165589 -0.316143 -0.934149
bt 0.0354902 -0.0677287 0.997072
t -0.225888 -0.513217 -0.827999
bt 0.378317 0.0619479 0.923601
t 0.511894 -0.570431 -0.642318
bt 0.499234 -0.556351 0.664258
t 0.148287 -0.165083 -0.975068
bt 0.103304 -0.115288 0.987946
t 0.429945 -0.264992 -0.863091
bt 0.761492 -0.469348 0.447037
t 0.0767263 -0.8494 -0.522142
bt 0.939666 -0.0624652 0.336343
t 0.0974866 -0.0600812 -0.993422
bt 0.235485 -0.145146 0.960978
t 0.216029 -0.0579182 -0.974668
bt 0.947925 -0.25418 0.191914
t 0.0553558 -0.846796 -0.52903
bt 0.944816 -0.10624 0.309898
t 0.0478134 -0.0128125 -0.998774
bt 0.560034 -0.150176 0.814745
t 0.0413818 -0.403849 0.913889
bt 0.954655 -0.143996 -0.260573
t 0.0615365 -0.000480596 -0.998105
bt 0.999538 -0.00799412 0.0293178
t -1.34088e-05 1.16675e-05 -1
bt 0.814172 -0.00651391 0.580587
t -0.22569 -0.0494561 -0.972943
bt 0.970143 0.212538 -0.116837
t 0.0544303 -0.770205 0.635469
bt 0.985552 0.00758763 0.169203
t -0.0459583 -0.0100834 -0.998892
bt 0.825979 0.180852 -0.533902
t -1.34684e-05 1.16537e-05 -1
bt 0.841499 -0.00673214 -0.540216
t -0.338881 -0.151316 -0.928581
bt 0.880633 0.393201 -0.264344
t 0.0760841 -0.78185 0.618807
bt 0.936117 -0.0423121 0.349134
t 0.0512438 -0.770618 0.635234
bt 0.95163 -0.132652 0.277133
t -0.0619588 -0.0276703 -0.997695
bt 0.391183 0.174658 -0.903588
t -0.0479544 -0.0105217 -0.998794
bt 0.460643 0.10086 -0.881836
t 0.0525764 -0.37814 -0.924254
bt 0.570063 -0.21002 -0.794305
t -0.512067 -0.361718 -0.779068
bt 0.718351 0.507467 -0.475866
t 0.0638435 -0.784583 0.616728
bt 0.90237 -0.136141 0.408894
t -0.106739 -0.075427 -0.991422
bt 0.200354 0.141534 -0.969446
t -0.511599 -0.531509 -0.675103
bt 0.544615 0.565831 -0.619056
t -0.121068 -0.125766 -0.984645
bt 0.118341 0.122965 -0.98533
t -0.459428 -0.699195 -0.54777
bt 0.365909 0.556661 -0.745814
t -0.147095 -0.223825 -0.963465
bt 0.0687492 0.104619 -0.992133
t -0.358851 -0.840006 -0.40696
bt 0.201007 0.470262 -0.859331
t -0.153271 -0.358724 -0.920774
bt 0.0295561 0.0691935 -0.997165
t -0.231328 -0.93806 -0.257934
bt 0.0686333 0.278716 -0.957918
t -0.136621 -0.554098 -0.821164
bt 0.0128073 0.0519097 -0.99857
t -0.0991881 -0.98779 -0.12014
bt 0.0134353 0.134816 -0.99078
t -0.0842619 -0.839241 -0.537192
bt 0.00173757 0.0173151 -0.999849
t 0.0204 -0.999787 0.00310492
bt 0.000340745 -0.0168429 -0.999858
t 0.025499 -0.999596 -0.012559
bt 0.372417 -0.00950235 -0.928017
t 0.0204001 -0.999742 -0.00999467
bt 9.47965e-05 0.00011267 -1
t 0.120909 -0.98686 0.107185
bt 0.0183404 -0.150582 -0.988427
t 0.00038768 -0.998747 0.0500366
bt 0.371461 -0.12801 -0.919581
t 0.107089 -0.874115 0.473767
bt 0.00209529 -0.0171645 -0.999851
t 0.227165 -0.950189 0.213396
bt 0.0656438 -0.27502 -0.959195
t 0.150762 -0.63034 0.761539
bt 0.0121198 -0.0511348 -0.998618
t 0.0858385 -0.967889 0.236269
bt 0.802367 -0.0750018 -0.5921
t 0.353289 -0.86825 0.348323
bt 0.160944 -0.395582 -0.904219
t -0.0684951 -0.936172 -0.344804
bt 0.781056 0.068644 0.620677
t 0.139081 -0.861099 -0.489045
bt 0.420071 -0.0717847 0.904648
t 0.157653 -0.387466 0.908304
bt 0.0276313 -0.0678546 -0.997313
t 0.0544517 -0.96428 0.259228
bt 0.80294 -0.0817622 -0.590426
t 0.455871 -0.743632 0.489074
bt 0.283645 -0.462925 -0.839789
t 0.311792 -0.843604 0.437169
bt 0.549953 -0.300404 -0.7793
t -0.0794208 -0.893442 -0.442101
bt 0.792094 0.100736 0.602029
t -0.160284 -0.900552 -0.404123
bt 0.782444 0.0619138 0.619636
t 0.0740047 -0.805766 -0.587592
bt 0.42224 -0.0787977 0.903053
t 0.15907 -0.259502 0.952552
bt 0.0618511 -0.10092 -0.99297
t 0.513572 -0.610123 0.603318
bt 0.423823 -0.503542 -0.752874
t 0.260167 -0.817747 0.513424
bt 0.574804 -0.384613 -0.722269
t -0.137344 -0.870313 -0.47296
bt 0.796865 0.0842365 0.598256
t 0.14336 -0.170286 0.974911
bt 0.0984554 -0.117 -0.98824
t 0.538384 -0.483247 0.690373
bt 0.553592 -0.496916 -0.668289
t 0.12658 -0.113605 0.98543
bt 0.146884 -0.131857 -0.980326
t 0.116084 -0.502265 -0.856887
bt 0.678865 -0.10327 0.726964
t 0.532588 -0.362735 0.764704
bt 0.687763 -0.468407 -0.554595
t 0.111116 -0.0756865 0.990921
bt 0.213761 -0.145577 -0.965978
t 0.0963978 -0.492764 -0.864807
bt 0.716928 -0.152213 0.680328
t 0.490344 -0.246417 0.835967
bt 0.799121 -0.401569 -0.447379
t 0.0791631 -0.0397924 0.996067
bt 0.28362 -0.142514 -0.948288
t 0.449669 -0.182265 0.874401
bt 0.861968 -0.349426 -0.367304
t 0.0628038 -0.025438 0.997702
bt 0.351673 -0.142578 -0.925201
t 0.414697 -0.184107 0.89114
bt 0.859212 -0.381481 -0.34092
t 0.0777962 -0.0345266 0.996371
bt 0.367196 -0.163042 -0.915742
t 0.467343 -0.270607 0.841643
bt 0.774457 -0.448443 -0.446224
t 0.0928183 -0.0537416 0.994232
bt 0.264854 -0.153364 -0.952015
t 0.334681 -0.260187 0.9057
bt 0.601308 -0.4675 -0.647976
t 0.107556 -0.0834808 0.990688
bt 0.180082 -0.140143 -0.973617
t 0.398515 -0.436294 0.806742
bt 0.395738 -0.433211 -0.809765
t 0.120577 -0.132007 0.983888
bt 0.112336 -0.123011 -0.986027
t 0.354891 -0.595843 0.720432
bt 0.173062 -0.290512 -0.941091
t 0.146449 -0.245883 0.958172
bt 0.0521523 -0.0875914 -0.99479
t 0.271411 -0.841511 0.467113
bt 0.0420766 -0.130755 -0.990521
t 0.427375 -0.717566 0.549954
bt 0.189525 -0.318169 -0.928896
t 0.148183 -0.459196 0.875889
bt 0.0168102 -0.0521203 -0.998499
t 0.15239 -0.925103 -0.347795
bt 0.40283 -0.0597398 0.913323
t 0.0505601 -0.988154 0.144901
bt -0.0028535 0.0557236 -0.998442
t 0.0334323 -0.651908 0.75756
bt 0.000778147 -0.0172118 -0.999852
t -0.244219 -0.926056 -0.287709
bt 0.0607603 0.230336 -0.971212
t -0.191267 -0.724977 -0.661683
bt 0.00892177 0.0337959 -0.999389
t 0.0449995 -0.880385 -0.472121
bt 0.000767751 -0.0170069 -0.999855
t -0.416281 -0.661754 -0.623531
bt 0.219732 0.349542 -0.91079
t -0.153092 -0.243407 -0.957766
bt 0.0525843 0.0836114 -0.99511
t 0.236025 -0.452313 -0.860061
bt 0.368367 -0.0569984 -0.927931
t -0.437647 -0.40317 -0.803691
bt 0.448247 0.412978 -0.792795
t -0.129645 -0.11943 -0.984342
bt 0.125058 0.115189 -0.98544
t -0.391429 -0.209982 -0.89593
bt 0.6982 0.37453 -0.610118
t -0.0962131 -0.05162 -0.994021
bt 0.266298 0.142842 -0.953248
t -0.296119 -0.0667604 -0.952815
bt 0.915599 0.206396 -0.345079
t -0.0477076 -0.0107626 -0.998803
bt 0.63853 0.143933 -0.756018
t -0.0422993 -0.386727 0.921224
bt 0.973579 0.148374 0.173576
t -0.227015 0.0220244 -0.973642
bt 0.995147 -0.0965822 0.018805
t 0.0151981 -0.00148146 -0.999883
bt 0.917454 -0.0891342 -0.387729
t -0.173666 -0.0345795 -0.984197
bt 0.905507 0.11696 0.407893
t 0.10045 -0.0773151 -0.991934
bt 0.28317 -0.218065 0.93395
t 0.0157808 -0.00153823 -0.999874
bt 0.565506 -0.0549413 0.822912
t -0.0185165 -0.37089 -0.928492
bt 0.602185 0.246373 0.75939
t -0.0567805 -0.191066 -0.979934
bt 0.781632 0.149033 -0.605674
t -0.0118796 -0.57217 -0.820049
bt 0.806909 -0.403282 -0.43158
t 0.518391 -0.655327 -0.549379
bt 0.396215 -0.0862661 -0.914096
t -0.220763 -0.549123 -0.806057
bt 0.371851 0.0705732 -0.925606
t 0.496067 -0.778907 -0.383694
bt 0.693846 0.0369014 -0.719177
t -0.315047 -0.665902 0.676254
bt 0.120381 -0.0334972 0.992163
t -0.482148 -0.854059 0.195236
bt -0.0473582 -0.0837002 0.995365
t 0.399979 -0.693079 0.599715
bt 0.0890871 -0.154546 0.983961
t 0.516309 -0.710002 0.478877
bt 0.370358 -0.0183063 0.928709
t 0.540747 -0.717219 0.439533
bt 0.695234 0.0241256 0.718379
t -0.0157934 -0.231893 0.972613
bt 0.91381 -0.28755 0.286822
t -0.0279016 -0.0813569 0.996294
bt 0.921415 0.208632 0.327821
t -0.0179211 -0.179013 0.983683
bt 0.815528 0.16932 0.553395
t -0.0369945 -0.569693 0.821024
bt 0.883759 -0.33759 0.324041
t -0.0132482 -0.0776907 -0.996889
bt 0.945005 0.22107 -0.241027
t -0.0133115 -0.00314646 -0.999906
bt 0.883748 0.208762 -0.418817
t 0.0142486 -0.00375758 -0.999891
bt 0.957948 -0.252192 -0.136872
t -0.0313392 -0.228305 -0.973085
bt 0.948129 -0.267819 -0.171245
t 0.350492 -0.607082 -0.713167
bt 0.194455 -0.336712 -0.92131
t -0.490909 -0.869627 -0.0525066
bt -0.32426 -0.574567 -0.751484
t 0.0133561 -0.00352261 0.999905
bt 0.959845 -0.252692 0.121842
t -0.00442023 -0.00104614 0.99999
bt 0.82017 0.193743 0.538317
t -0.0728482 -0.976696 0.201884
bt 0.269195 0.00510232 -0.963072
t -0.227203 -0.967591 -0.110209
bt 0.367384 0.0538045 -0.928512
t -0.0976443 -0.357842 -0.928663
bt 0.393834 0.316314 -0.863041
t -0.0526826 -0.386474 -0.920795
bt 0.604065 -0.19986 -0.771467
t 0.0550984 -0.72514 -0.686393
bt 0.743615 -0.335856 -0.578133
t -0.0581435 0.00621367 0.998289
bt 0.352903 0.0559727 0.933984
t -0.0109407 -0.358999 0.933274
bt 0.476022 -0.245667 0.844424
t -0.0666129 -0.900571 0.429574
bt 0.36518 0.0414372 0.930014
t -0.121807 -0.876729 -0.465305
bt 0.253605 0.00168828 0.967306
t -0.0363405 -0.611812 -0.790168
bt 0.139072 -0.0251108 0.989964
t 0.0380438 -0.249386 0.967657
bt 0.00352109 -0.0231493 -0.999726
t -0.0676963 -0.442448 0.894235
bt 0.133309 -0.010868 -0.991015
t 0.0101447 -0.793683 -0.608247
bt 0.370958 0.0700477 -0.926004
t -0.190941 -0.036666 -0.980916
bt 0.844082 0.0968784 -0.527389
t -0.192505 -0.245839 -0.950002
bt 0.540385 0.637955 -0.548632
t 0.0878166 -0.717385 0.691121
bt 0.727352 -0.353342 0.58831
t 0.0367377 -0.240823 -0.969874
bt 0.00269737 -0.0177482 0.999839
t -0.100394 -0.372012 -0.922783
bt 0.3129 0.195042 0.929544

