g sponza_200
t 0.972764 0.216523 0.0827562
bt -0.117143 0.327937 -0.937409
t 0.899784 0.392222 -0.191183
bt -0.340518 0.108243 -0.933986
t 0.903832 0.41595 -0.100362
bt -0.0848413 0.0509273 -0.995092
t 0.994908 -0.0496111 -0.0877279
bt -0.0121096 0.411432 -0.91136
t 0.922311 0.375427 0.0916304
bt 0.225608 -0.159033 -0.96115
t 0.921664 0.381778 -0.0691471
bt 0 0 -1
t 0.921774 0.381819 0.0674324
bt 0.000106984 4.43127e-05 -1
t 0.907777 0.414497 0.0642902
bt 0.126206 -0.0319798 -0.991488
t 0.989172 0.0233581 -0.144894
bt -0.0287836 -0.412532 -0.910488
t 0.97228 0.205208 -0.112075
bt -0.0579896 -0.368886 -0.927664
t 0.972759 -0.215384 0.0857348
bt -0.0836004 -0.33668 -0.937901
t 1 0 0
bt -0.0964333 -0.380926 -0.919563
t 1 0 0
bt 0.0307025 -0.382529 -0.923433
t 0.996682 -0.0742226 0.0334198
bt -0.00561302 -0.410135 -0.912007
t 0.91071 -0.412291 -0.0249706
bt -0.095058 -0.0462649 -0.994396
t 0.937811 -0.332648 0.0992758
bt -0.133075 -0.196952 -0.97134
t 0.937891 -0.334907 -0.0905368
bt 0.0279276 0.237027 -0.971102
t 0.918444 -0.380462 -0.108212
bt 0 0 -1
t 0.923777 -0.382672 0.0141213
bt 0 0 -1
t 0.912353 -0.408796 -0.0223096
bt 0.0334198 0.0742226 -0.996682
t 0.972293 -0.205362 -0.11168
bt -0.158802 0.38718 -0.908226
t 1 0 0
bt 0.988665 0.0574596 -0.138709
t 1 -7.4319e-05 0.000179408
bt -0.083485 0.381374 -0.920643
t 0.972764 0.216558 0.0826629
bt 0.960531 0.270211 -0.066071
t 0.996682 -0.0742226 -0.0334198
bt 0.985719 -0.0126803 -0.167921
t 0.996682 0.0742226 0.0334198
bt -0.156078 0.393872 -0.905817
t 0.937757 -0.34044 0.0686451
bt 0.0821779 0.216743 0.972764
t 0.97246 -0.207581 0.105978
bt 0.222162 0.297728 0.928441
t 0.996675 -0.0757655 0.0299917
bt 0.0358409 0.407625 0.912446
t 0.912445 -0.407458 -0.0377129
bt -0.0488104 -0.0672801 0.996539
t 0.972763 0.217128 -0.0811688
bt -0.00531682 0.355422 0.934691
t 1 0 0
bt -0.0983954 0.380853 0.919385
t 1 0 0
bt 0.170115 0.377131 0.910402
t 0.996682 0.0742226 -0.0334198
bt 0.135941 0.416847 0.898754
t 1 0 0
bt 0.875426 0.184984 0.446554
t 0.912446 0.407566 -0.0365051
bt 0.758614 0.388424 0.523099
t 0.996682 -0.0742226 0.0334198
bt 0.878447 0.12854 0.460226
t 0.896595 0.393874 0.202434
bt -0.311253 0.121589 0.942517
t 0.909541 0.413383 0.0429977
bt -0.0836906 0.0514518 0.995163
t 0.913508 0.383397 -0.136051
bt 0.267206 -0.141139 0.953247
t 0.919458 0.38086 0.0976853
bt 0 0 1
t 0.920277 0.381199 -0.0881903
bt -0.00018138 -7.51271e-05 1
t 0.904376 0.415804 -0.0959765
bt 0.114097 -0.0375459 0.99276
t 0.610138 0.252748 0.750899
bt 0 0 1
t 0.951938 -0.050742 0.30206
bt -0.0162797 -0.411718 0.911166
t 0.585005 0.329769 0.74096
bt -0.0334198 0.0742226 0.996682
t 0.97245 0.207431 0.106364
bt 0.222492 -0.297626 0.928394
t 0.972763 -0.217128 -0.08117
bt -0.00830978 -0.354748 0.934925
t 1 0 0
bt -0.056223 -0.382104 0.922407
t 1 0 0
bt 0.00528623 -0.382704 0.923856
t 0.996682 -0.0742226 -0.0334198
bt -0.0311937 -0.408036 0.912433
t 0.93788 -0.337857 -0.0789563
bt 0.181812 -0.307618 0.933978
t 0.478115 -0.198058 0.855675
bt 0 0 1
t 0.9232 -0.382433 -0.0380432
bt 0 0 1
t 0.549083 0.00357888 0.83576
bt 0.0826629 0.216558 0.972764
t 0.447674 -0.277699 0.849983
bt -0.0334198 -0.0742226 0.996682
t 0.911637 -0.410959 -0.00544361
bt 0.0334198 0.0742226 0.996682
t 0 1 0
bt -0.999999 0.00154726 0
t 0 1 0
bt -0.980783 0.000812156 -0.195099
t 0.0999435 0.928266 -0.358236
bt -0.982227 -0.0221729 -0.186381
t 0 1 0
bt -1 0.000928358 0
t 0 1 0
bt 0 0.00262008 0.999997
t 0 1 0
bt -0.195101 0.000559823 0.980783
t -0.356619 0.928033 -0.107598
bt -0.191876 -0.00826815 0.981384
t 0 1 0
bt 0 0.00157205 0.999999
t 0.344269 0.92663 0.151116
bt -0.555574 -1.42319e-05 0.831467
t 0.263552 0.926373 0.269023
bt -0.828463 0.0131654 0.55989
t -0.153868 0.926824 -0.342523
bt -0.831366 -0.000467765 0.555725
t -0.280401 0.927475 -0.247316
bt -0.560065 0.0137085 0.828335
t -0.285147 0.92783 0.240461
bt -0.555566 -9.83785e-06 -0.831472
t 0.333104 0.927694 -0.168599
bt -0.56006 -0.0136932 -0.828339
t 0.263529 0.926375 -0.269039
bt -0.828205 0.0142624 -0.560244
t -0.15388 0.926825 0.342516
bt -0.831571 0.000455435 -0.555418
t 0.174895 0.927982 -0.329031
bt 0.831574 0.000469664 0.555414
t 0.27575 0.927069 -0.253978
bt 0.555423 -0.000441074 0.831568
t -0.349231 0.926021 0.143258
bt 0.560069 -0.0137191 0.828333
t -0.247334 0.927474 0.280388
bt 0.828338 0.0136964 0.560061
t 0.10639 0.928074 0.356875
bt -0.980781 -2.12894e-05 0.195114
t 0 1 0
bt -0.980783 -0.00146541 0.195097
t -0.0440112 0.928246 -0.369355
bt -0.980754 -0.000315258 0.195246
t -0.0444024 0.928256 0.369281
bt -0.98078 1.42967e-05 -0.195116
t 0 1 0
bt 0.195097 -0.000150619 0.980784
t -0.369296 0.928254 0.0443209
bt 0.195175 -0.000136424 0.980768
t 0.366604 0.92854 0.0584398
bt -0.19513 -1.94765e-05 0.980777
t 0 1 0
bt -0.195098 -0.000154321 -0.980784
t 0.362456 0.928609 -0.079447
bt -0.199298 -0.0109557 -0.979878
t -0.355367 0.927814 0.113471
bt -0.195028 2.33202e-05 -0.980798
t 0 1 0
bt 0.980784 0.000133905 0.195097
t -0.0931289 0.928426 0.359656
bt 0.980755 0.000307605 0.195243
t -0.904918 0.415647 0.0914406
bt 0.141155 0.0250862 0.98967
t -0.3825 0.923416 0.0315727
bt 0 0 1
t -0.922154 0.381954 0.0611872
bt 0 0 1
t -0.0928984 0.4157 -0.904745
bt -0.989675 0.0251062 0.141111
t -0.0332481 0.923366 -0.382479
bt -1 0 0
t -0.0640358 0.381886 -0.921989
bt -1 0 0
t -0.0913679 0.415644 0.904926
bt -0.989674 0.0251013 -0.141122
t -0.029957 0.923462 0.382519
bt -1 0 0
t -0.0609195 0.38196 0.922169
bt -1 0 0
t 0.909541 0.413383 0.0429977
bt -0.0836906 0.0514518 0.995163
t 0.381658 0.921385 0.0733881
bt 0 0 1
t 0.919458 0.38086 0.0976853
bt 0 0 1
t 0.899784 0.392222 -0.191183
bt -0.340518 0.108243 -0.933986
t 0.504851 0.417224 -0.755678
bt -0.799585 0.0250946 -0.600029
t -0.504941 0.417224 -0.755618
bt -0.788489 -0.0333137 0.614146
t -0.779822 0.416803 -0.467068
bt -0.600041 0.0251015 0.799575
t -0.755588 0.417224 0.504986
bt 0.57761 -0.012294 0.81622
t -0.467193 0.416806 0.779746
bt 0.841253 -0.00822635 0.540579
t -0.504851 0.417224 0.755678
bt -0.799594 -0.0250878 -0.600017
t -0.779808 0.416804 0.467091
bt -0.64638 0.0525774 -0.761202
t 0.896595 0.393874 0.202434
bt -0.311253 0.121589 0.942517
t 0.504941 0.417224 0.755618
bt -0.829449 0.00165555 0.55858
t 0.462087 0.416687 -0.782846
bt 0.761948 -0.0520671 0.645541
t 0.913508 0.383397 -0.136051
bt 0.267206 -0.141139 0.953247
t 0.0764177 0.415051 -0.906583
bt -0.97704 0.0083443 -0.212891
t 0.234387 0.41651 -0.878398
bt 0.968353 -0.0250763 0.248322
t 0.108389 0.928004 -0.356457
bt 0.979624 -0.0137188 0.200373
t 0.903832 0.41595 -0.100362
bt -0.0848413 0.0509273 -0.995092
t -0.891592 0.417224 -0.176033
bt -0.280925 0.0406053 0.958871
t -0.21164 0.416967 0.883938
bt 0.977001 0.0084281 0.213069
t -0.873967 0.416022 0.251212
bt -0.218267 0.0108738 -0.975828
t 0.0965192 0.415827 0.904307
bt -0.958894 0.0405689 0.280848
t 0.904376 0.415804 -0.0959765
bt 0.114097 -0.0375459 0.99276
t 0.338278 0.922141 -0.187681
bt 0.200474 0.0137157 0.979603
t 0 1 0
bt 0.999999 0.00150409 0
t 0 1 0
bt 0.980784 0.000133905 0.195097
t -0.0931289 0.928426 0.359656
bt 0.980755 0.000307605 0.195243
t 0 1 0
bt 1 0.000902452 0
t 0 1 0
bt 0 0.00172115 -0.999999
t 0 1 0
bt 0.195101 0.00036775 -0.980783
t 0.356621 0.928031 0.107611
bt 0.191637 -0.00860709 -0.981428
t 0 1 0
bt 0 0.00103269 -0.999999
t -0.344251 0.926632 -0.151144
bt 0.555568 5.09263e-06 -0.831471
t -0.2635 0.926382 -0.269043
bt 0.828501 0.0131615 -0.559833
t 0.153881 0.92683 0.3425
bt 0.831399 -0.000469425 -0.555676
t 0.280369 0.927473 0.247362
bt 0.560064 0.0137038 -0.828336
t -0.106763 0.928062 -0.356796
bt 0.98078 -1.42979e-05 -0.195116
t 0 1 0
bt 0.980783 -0.00125461 -0.195097
t 0.0444558 0.928258 0.369271
bt 0.980768 -0.000141293 -0.195177
t -0.366605 0.928539 -0.0584395
bt 0.195023 -1.10842e-05 -0.980799
t 0.903832 0.41595 -0.100362
bt -0.0848413 0.0509273 -0.995092
t 0.362456 0.928609 -0.079447
bt -0.199298 -0.0109557 -0.979878
t 0.38252 0.923466 -0.0298137
bt 0 0 -1
t 0.921664 0.381778 -0.0691471
bt 0 0 -1
t 0.0925716 0.415688 0.904784
bt 0.989674 0.0251013 -0.141122
t 0.03156 0.923416 0.3825
bt 1 0 0
t 0.0626544 0.381919 0.922069
bt 1 0 0
t 0.234387 0.41651 -0.878398
bt 0.968353 -0.0250763 0.248322
t 0.108389 0.928004 -0.356457
bt 0.979624 -0.0137188 0.200373
t 0.0304755 0.923447 -0.382513
bt 1 0 0
t 0.0608227 0.381963 -0.922174
bt 1 0 0
t -0.894735 0.417155 -0.159468
bt 0.141103 0.0251099 -0.989676
t -0.381705 0.921497 -0.0717233
bt 0 0 -1
t -0.914177 0.37865 -0.144582
bt 0 0 -1
t 0.504851 0.417224 0.755678
bt 0.788526 -0.0332866 -0.6141
t 0.922311 0.375427 0.0916304
bt 0.225608 -0.159033 -0.96115
t -0.781897 0.416725 -0.463656
bt 0.600026 -0.0250929 -0.799587
t -0.504851 0.417224 -0.755678
bt 0.829441 0.00166231 -0.558592
t 0.907777 0.414497 0.0642902
bt 0.126206 -0.0319798 -0.991488
t -0.108704 0.416215 -0.902745
bt 0.95888 0.0405912 -0.280895
t 0 1 0
bt -1 0 0
t 0.382687 0.923851 0.00710458
bt 0 0 1
t 0 1 0
bt 0 0 1
t 0 1 0
bt 1 0 0
t 0 1 0
bt -0.195098 -0.000154321 -0.980784
t -0.355367 0.927814 0.113471
bt -0.195028 2.33202e-05 -0.980798
t 0 1 0
bt 0 0 -1
t -0.00900301 0.923837 -0.382681
bt -1 0 0
t -0.000941988 1 0
bt -1 0 0
t 0.0188881 0.382603 -0.92372
bt -1 6.15418e-05 -0.000148581
t -0.0155691 0.923765 0.382644
bt -1 0 0
t 0.0242941 0.382558 0.923612
bt -1 0 0
t 0 1 0
bt -1 0 0
t 0.00226546 0.999997 0
bt -1 0 0
t 0.09323 0.984138 -0.150931
bt -0.855859 -0.107202 -0.505978
t -0.193154 0.59801 -0.777866
bt -0.241006 0 -0.970524
t 0 1 0
bt -0.439241 0 -0.898369
t 0 1 0
bt -0.999999 -0.00132196 0
t 0 1 0
bt 0 -0.00050755 1
t -0.382689 0.923873 -0.00293255
bt 0 0 1
t -0.913916 0.378542 -0.146504
bt -0.000282198 0.000116886 1
t 0.920277 0.381199 -0.0881903
bt -0.00018138 -7.51271e-05 1
t -0.251604 0.967829 -0.00139895
bt 0 0 1
t -0.106308 0.992893 -0.0534897
bt -0.442362 -0.0593473 0.894871
t -0.668214 0.72198 0.179544
bt -0.96574 0 0.259511
t 0 1 0
bt -0.910642 0 0.413197
t 0.251605 0.96783 7.15044e-05
bt 0 0 1
t 0 1 0
bt 0 0 1
t 0 1 0
bt 1 -0.000611264 0
t 0.0179876 0.923727 0.382628
bt 1 0 0
t -0.0189183 0.382602 0.923719
bt 1 0.000124316 0.000300138
t -0.0106895 0.923824 -0.382668
bt 1 0 0
t -0.0626835 0.381918 -0.922068
bt 1 0 0
t -0.000416065 1 0
bt 1 0 0
t -0.0591064 0.991461 0.11624
bt 0.893323 -0.0655986 0.444602
t 0.192342 0.717665 0.669299
bt 0.2762 0 0.9611
t 0 1 0
bt 0.441232 0 0.897393
t -0.000105532 1 0
bt 1 0 0
t -0.21164 0.416967 0.883938
bt 0.977001 0.0084281 0.213069
t 0 1 0
bt 1 0 0
t 0 1 0
bt 0 -0.000433353 -1
t 0.382687 0.923867 0.00444727
bt 0 0 -1
t 0.921774 0.381819 0.0674324
bt 0.000106984 4.43127e-05 -1
t -0.382574 0.923597 0.0246181
bt 0 0 -1
t -0.873967 0.416022 0.251212
bt -0.218267 0.0108738 -0.975828
t -0.914322 0.37871 0.143504
bt 0.000244491 -0.000101268 -1
t 0 0.999999 -0.00108709
bt 0 0 -1
t 0.142956 0.986226 0.0832008
bt 0.48703 -0.0945036 -0.868257
t 0.743732 0.638295 -0.198598
bt 0.966142 0 -0.258011
t 0 1 0
bt 0.893674 0 -0.448717
t 0 0.999999 -0.00142406
bt 0 0 -1
t 0 1 0
bt 0 0 -1
t 0.0672799 0.991774 0.108889
bt -0.853379 -0.0781918 0.515394
t -0.14106 0.592521 0.793108
bt -0.175092 0 0.984552
t 0 1 0
bt -0.323852 0 0.946108
t 0.145571 0.986677 -0.0726537
bt 0.433289 -0.0798551 0.897711
t 0.638244 0.73227 0.237538
bt 0.937198 0 0.348799
t 0 1 0
bt 0.839314 0 0.543647
t -0.0648851 0.989664 -0.127886
bt 0.894126 -0.0718169 -0.44202
t 0.209617 0.720538 -0.660973
bt 0.302304 0 -0.953212
t 0 1 0
bt 0.479898 0 -0.877324
t -0.110743 0.991749 0.0645816
bt -0.494091 -0.0739378 -0.866261
t -0.758207 0.633102 -0.155896
bt -0.979509 0 -0.201402
t 0 1 0
bt -0.934863 0 -0.355009
t 0.780478 0.625183 0
bt 0 0 -1
t 0.780478 0.625183 0
bt 0 0 -1
t 0.780478 0.625183 0
bt 0 0 -1
t 0.780478 0.625183 0
bt 0 0 -1
t -0.743723 0.638307 0.198595
bt 0.966142 0 -0.258011
t -0.142956 0.986226 -0.0832008
bt 0.48703 0.0945036 -0.868257
t -0.780478 0.625183 0
bt 0 0 -1
t -0.780478 0.625183 0
bt 0 0 -1
t -0.780478 0.625183 0
bt 0 0 -1
t -0.780478 0.625183 0
bt 0 0 -1
t 0.758216 0.633091 0.155898
bt -0.979509 0 -0.201402
t 0.110743 0.991749 -0.0645816
bt -0.494091 0.0739378 -0.866261
t 0 0.703699 0.710499
bt 1 0 0
t 0 0.703699 0.710499
bt 1 0 0
t 0 0.703699 0.710499
bt 1 0 0
t 0 0.703699 0.710499
bt 1 0 0
t -0.192339 0.717676 -0.669288
bt 0.2762 0 0.9611
t 0.0591064 0.991461 -0.11624
bt 0.893323 0.0655986 0.444602
t 0 0.703699 -0.710499
bt 1 0 0
t 0 0.703699 -0.710499
bt 1 0 0
t 0 0.703699 -0.710499
bt 1 0 0
t 0 0.703699 -0.710499
bt 1 0 0
t -0.20962 0.720527 0.660984
bt 0.302304 0 -0.953212
t 0.0648851 0.989664 0.127886
bt 0.894126 0.0718169 -0.44202
t 0 1 0
bt 0 0 1
t 0 1 0
bt 0 0 1
t -0.251617 0.967827 -8.92675e-05
bt 0 0 1
t 0.668203 0.72199 -0.179541
bt -0.96574 0 0.259511
t 0.106308 0.992894 0.0534778
bt -0.442243 0.0593314 0.894931
t 0.251617 0.967826 0.00138199
bt 0 0 1
t -0.638255 0.73226 -0.237542
bt 0.937198 0 0.348799
t -0.145571 0.986676 0.0726538
bt 0.433289 0.0798551 0.897711
t 0 0.586523 -0.809932
bt -1 0 0
t 0 0.586523 -0.809932
bt -1 -9.3562e-07 1.29216e-06
t 0 0.586523 -0.809932
bt -1 0 0
t 0 0.586523 -0.809932
bt -1 0 0
t 0.193152 0.598022 0.777858
bt -0.241006 0 -0.970524
t -0.0932121 0.98414 0.150931
bt -0.855935 0.107176 -0.505854
t 0 0.586523 0.809932
bt -1 0 0
t 0 0.586523 0.809932
bt -1 9.3562e-07 1.29216e-06
t 0 0.586523 0.809932
bt -1 0 0
t 0 0.586523 0.809932
bt -1 0 0
t 0.141061 0.592509 -0.793117
bt -0.175092 0 0.984552
t -0.0672799 0.991774 -0.108889
bt -0.853379 0.0781918 0.515394
t 0 1 0
bt -1 -0.000769537 0
t 0.00191114 0.999998 0
bt -1 0 0
t -0.00224384 0.999997 0
bt -1 0 0
t 0 1 0
bt 0 -0.00029545 1
t 0.000818434 1 0
bt 1 0 0
t 9.98142e-05 1 0
bt 1 0 0
t 0 1 0
bt 1 -0.000355823 0
t 0 0.999998 0.00210957
bt 0 0 -1
t 0 0.999999 0.00140478
bt 0 0 -1
t 0 1 0
bt 0 -0.000252259 -1

