g sponza_313
t -0.87464 0.407859 0.262022
bt -0.00451624 -0.9936 -0.112867
t -0.871896 0.408522 0.270014
bt 0.203126 -0.97804 0.0466695
t -0.872152 0.407857 0.270191
bt 0.202717 -0.978117 0.0468297
t -0.87464 0.407859 0.262022
bt -0.00451624 -0.9936 -0.112867
t -0.864113 0.405735 0.297807
bt 0.56504 -0.824718 0.0238644
t -0.863921 0.406408 0.297442
bt 0.565069 -0.824699 0.0238417
t -0.843553 0.414671 0.341271
bt 0.677961 -0.734692 0.0244268
t -0.843526 0.414856 0.341112
bt 0.677829 -0.734808 0.0246142
t -0.848595 0.368826 0.37928
bt 0.707381 -0.706573 -0.0191525
t -0.797986 0.379687 0.468034
bt 0.736547 -0.676369 0.00482745
t -0.798025 0.379901 0.467794
bt 0.736763 -0.676138 0.00425379
t -0.848595 0.368826 0.37928
bt 0.707381 -0.706573 -0.0191525
t -0.637193 0.307434 0.706732
bt 0.758079 -0.652163 0.000971648
t -0.63709 0.307293 0.706886
bt 0.757983 -0.652272 0.00153533
t -0.327498 0.276645 0.903445
bt 0.763917 -0.645314 0
t -0.326281 0.275617 0.904199
bt 0.763917 -0.645314 0.00014763
t 0.326669 -0.275945 0.903959
bt 0.763917 -0.645314 0
t 0.559859 -0.208556 0.801912
bt 0.758322 -0.65188 0.000475713
t 0.559659 -0.208316 0.802114
bt 0.75834 -0.651859 0.000582752
t 0.326669 -0.275945 0.903959
bt 0.763917 -0.645314 0
t 0.790064 -0.342137 0.508667
bt 0.739292 -0.67338 0.00253735
t 0.79007 -0.342166 0.508636
bt 0.739239 -0.673439 0.00239478
t 0.848601 -0.36875 0.379341
bt 0.707488 -0.706461 0.0193181
t 0.848615 -0.368571 0.379484
bt 0.7076 -0.706344 0.0194914
t 0.843545 -0.414728 0.341222
bt 0.677995 -0.734662 -0.024378
t 0.865797 -0.399703 0.301052
bt 0.603153 -0.797596 0.00686478
t 0.86582 -0.399619 0.301097
bt 0.603332 -0.797459 0.00701293
t 0.843545 -0.414728 0.341222
bt 0.677995 -0.734662 -0.024378
t 0.872432 -0.40713 0.270384
bt 0.3434 -0.939138 0.00975461
t 0.872653 -0.406554 0.270537
bt 0.343273 -0.939186 0.00970178
t 0.874628 -0.407861 0.262061
bt -0.00315127 -0.993555 0.113304
t 0.874204 -0.408793 0.262021
bt -0.00519623 -0.993615 0.112702
t 0.874628 -0.407861 0.262061
bt -0.758241 -0.642127 -0.112886
t 0.872781 -0.406422 0.270324
bt -0.879788 -0.473074 0.0466283
t 0.872822 -0.406324 0.270339
bt -0.879595 -0.473413 0.0468322
t 0.874637 -0.407866 0.262022
bt -0.758232 -0.642128 -0.112948
t 0.86632 -0.401057 0.297729
bt -0.994974 -0.0972397 0.0238911
t 0.866201 -0.401233 0.29784
bt -0.994978 -0.097203 0.0238669
t 0.8599 -0.379648 0.341232
bt -0.998591 0.0470903 0.0244575
t 0.849598 -0.390901 0.35409
bt -0.998111 0.0606178 0.00996657
t 0.827725 -0.41327 0.379577
bt -0.995941 0.0879113 -0.0193432
t 0.80496 -0.366624 0.466504
bt -0.991485 0.130165 0.00373946
t 0.804244 -0.367035 0.467416
bt -0.991492 0.130113 0.00383521
t 0.647548 -0.290384 0.704527
bt -0.986858 0.161584 0.000989162
t 0.647414 -0.290394 0.704646
bt -0.986853 0.161615 0.000867927
t 0.422395 -0.0730366 0.903465
bt -0.985376 0.170396 0
t 0.425707 -0.0736094 0.901862
bt -0.985376 0.170396 0.000149599
t -0.424564 0.0734117 0.902417
bt -0.985376 0.170396 0
t -0.521344 0.294798 0.800808
bt -0.986812 0.161868 0.00051873
t -0.521985 0.294794 0.800392
bt -0.986808 0.161895 0.000625659
t -0.424564 0.0734117 0.902417
bt -0.985376 0.170396 0
t -0.771132 0.384699 0.507309
bt -0.991041 0.133534 0.00263305
t -0.771164 0.384683 0.507273
bt -0.991058 0.133412 0.00241058
t -0.838934 0.402052 0.366803
bt -0.997233 0.0741936 0.00460643
t -0.839269 0.401709 0.366412
bt -0.99722 0.0743653 0.00479101
t -0.862716 0.406324 0.301036
bt -0.998693 -0.0506487 0.00681561
t -0.862658 0.406407 0.301089
bt -0.998706 -0.0503798 0.00699247
t -0.872088 0.407647 0.270713
bt -0.940169 -0.340568 0.0097715
t -0.872178 0.407485 0.270668
bt -0.940104 -0.340749 0.00969678
t -0.87464 0.407859 0.262022
bt -0.759107 -0.641033 0.113288
t -0.874584 0.40798 0.262022
bt -0.757802 -0.642664 0.11278
t -0.840721 0.380408 0.385329
bt 0.454184 -0.890361 0.0312268
t -0.852867 0.389794 0.347387
bt 0.186879 -0.982381 0.00204579
t -0.631897 0.30385 0.713009
bt -0.126905 -0.990397 -0.0548547
t -0.59473 0.302216 0.744957
bt 0.0577171 -0.997856 -0.0308573
t -0.379023 0.175244 0.908642
bt -0.305109 -0.952282 -0.00816254
t -0.344739 0.162894 0.924457
bt -0.203957 -0.978959 0.00637673
t -0.389352 0.181575 0.903014
bt -0.418892 -0.907996 -0.00854066
t -0.64582 0.301134 0.701594
bt -0.416546 -0.909091 -0.00654576
t -0.735774 0.334773 0.588696
bt 0.671164 -0.741137 0.0159815
t -0.810546 0.352258 0.467898
bt 0.611299 -0.791313 0.011727
t -0.528282 0.278841 0.801976
bt 0.20764 -0.977391 -0.0399122
t -0.421133 0.258137 0.86949
bt 0.287795 -0.957522 -0.0180556
t -0.289537 0.131682 0.948066
bt -0.110472 -0.993874 -0.00314308
t -0.209253 0.105176 0.972189
bt -0.0458732 -0.998946 0.00139649
t -0.036637 0.0361233 0.998675
bt 0.71209 -0.702089 0
t -0.494844 0.196695 0.846428
bt 0.702977 -0.711177 0.00710748
t -0.235437 0.1238 0.963972
bt 0.334365 -0.94239 -0.0100685
t -0.0129093 0.034627 0.999317
bt 0.349304 -0.937009 0
t -0.110866 0.043068 0.992902
bt -0.00511403 -0.999983 -0.00285728
t -6.62011e-05 0.0087457 0.999962
bt 0.00769978 -0.99997 0
t 0.727614 -0.306016 0.613948
bt 0.673941 -0.738729 -0.00909936
t 0.532151 -0.247412 0.809693
bt 0.702971 -0.711182 -0.00713929
t 0.251536 -0.176409 0.951635
bt 0.334273 -0.942428 0.00953426
t 0.416681 -0.229064 0.879719
bt 0.289894 -0.95676 0.023903
t 0.110694 -0.0585418 0.992129
bt -0.00559216 -0.999983 -0.00141834
t 0.210124 -0.0916921 0.973365
bt -0.045569 -0.998961 -1.91606e-05
t 0.841979 -0.374808 0.38806
bt 0.483306 -0.875414 -0.00804681
t 0.810131 -0.365637 0.458254
bt 0.602746 -0.797584 -0.0235934
t 0.528079 -0.290984 0.797785
bt 0.201297 -0.979111 0.0286714
t 0.595537 -0.297251 0.746309
bt 0.0765796 -0.995544 0.0550245
t 0.288538 -0.138616 0.947381
bt -0.112651 -0.993628 -0.00373666
t 0.345605 -0.15929 0.924762
bt -0.199283 -0.979926 0.0055325
t 0.853853 -0.398119 0.335315
bt -0.379287 -0.925127 0.0167974
t 0.852398 -0.391109 0.347062
bt 0.123486 -0.991855 -0.0312153
t 0.631482 -0.305146 0.712822
bt -0.166701 -0.985925 0.012718
t 0.645818 -0.301121 0.701602
bt -0.398449 -0.916824 0.0259158
t 0.378705 -0.176054 0.908618
bt -0.312008 -0.950047 -0.00780491
t 0.389352 -0.181575 0.903014
bt -0.419179 -0.907869 0.0078811
t 0.831796 -0.399513 0.385364
bt -0.974307 -0.223183 0.0302697
t 0.846832 -0.402741 0.347383
bt -0.873802 -0.48628 0.00100471
t 0.638955 -0.288729 0.713002
bt -0.676322 -0.734655 -0.0535747
t 0.613802 -0.261288 0.744967
bt -0.801504 -0.59719 -0.0309022
t 0.378049 -0.177408 0.908628
bt -0.532665 -0.846303 -0.00623051
t 0.346432 -0.159287 0.924452
bt -0.61882 -0.785507 0.00637865
t 0.727815 -0.349172 0.590224
bt -0.999155 0.0382777 0.0149382
t 0.790855 -0.394479 0.467904
bt -0.999163 -0.0394682 0.0107231
t 0.551288 -0.226999 0.802841
bt -0.882392 -0.468752 -0.0406976
t 0.466509 -0.157866 0.870315
bt -0.918597 -0.394742 -0.0189378
t 0.286038 -0.138232 0.948195
bt -0.690622 -0.723203 -0.00432671
t 0.214574 -0.0931605 0.972255
bt -0.735388 -0.677635 0.00393767
t 0.0512434 -0.00484672 0.998674
bt -0.995553 0.0941982 0
t 0.468747 -0.252654 0.846429
bt -0.99664 0.0816802 0.0060981
t 0.246429 -0.100661 0.963919
bt -0.936837 -0.349621 -0.0101195
t 0.0348329 0.0123706 0.999317
bt -0.942323 -0.334706 0
t 0.105062 -0.0565588 0.992856
bt -0.762508 -0.646979 0.000577777
t 0.0067481 0.00557646 0.999962
bt -0.770968 -0.636874 0
t -0.701157 0.361083 0.614816
bt -0.999115 0.040793 -0.0102282
t -0.531567 0.248632 0.809703
bt -0.996673 0.0810573 -0.00858004
t -0.296913 0.0791425 0.951619
bt -0.936765 -0.349847 0.00885317
t -0.442193 0.172622 0.880152
bt -0.919137 -0.393261 0.023065
t -0.117559 0.0458349 0.992008
bt -0.762672 -0.646783 0.00170949
t -0.205839 0.10151 0.973307
bt -0.736367 -0.676577 0.00261685
t -0.828323 0.404064 0.388089
bt -0.98116 -0.193017 -0.00836635
t -0.800829 0.385569 0.458269
bt -0.998404 -0.0511817 -0.0238588
t -0.56128 0.218431 0.798281
bt -0.879398 -0.475234 0.0284966
t -0.610538 0.265156 0.746282
bt -0.811871 -0.581234 0.0550699
t -0.291195 0.132472 0.947447
bt -0.688625 -0.725105 -0.00431276
t -0.34421 0.162293 0.92476
bt -0.622585 -0.782533 0.00559702
t -0.853853 0.398119 0.335315
bt -0.468312 -0.883376 0.018199
t -0.847574 0.401472 0.347041
bt -0.837339 -0.545703 -0.0327339
t -0.639696 0.287556 0.712812
bt -0.649723 -0.760025 0.0148992
t -0.378561 0.176553 0.908582
bt -0.527091 -0.84977 -0.0081481
t -0.753746 0.426286 0.500148
bt 0.408317 -0.869521 -0.277868
t -0.745544 0.387377 0.542313
bt 0.338814 -0.938706 -0.0635307
t -0.75256 0.429251 0.499398
bt 0.0640123 -0.996545 -0.0529296
t -0.783684 0.365455 0.502277
bt -0.231265 -0.966019 -0.11543
t -0.700419 0.382303 0.602708
bt 0.472544 -0.879337 -0.0588873
t -0.616306 0.380536 0.689463
bt 0.53078 -0.846833 -0.0338623
t -0.406411 0.240112 0.881576
bt 0.562707 -0.826468 -0.0176779
t -0.13431 0.19292 0.971979
bt 0.571386 -0.820681 9.28473e-05
t 0.442597 -0.310242 0.841343
bt 0.562338 -0.82676 0.0156345
t 0.611285 -0.356252 0.706693
bt 0.531493 -0.84631 0.0356971
t 0.260343 -0.373952 0.890158
bt 0.571375 -0.820689 0
t 0.700087 -0.391395 0.597234
bt 0.467117 -0.882743 0.0506537
t 0.74616 -0.384465 0.543536
bt 0.360454 -0.928959 0.0843065
t 0.752446 -0.429532 0.499327
bt 0.0584239 -0.997076 0.0492615
t 0.783741 -0.365332 0.502277
bt -0.229399 -0.966337 0.11649
t 0.753949 -0.425776 0.500276
bt 0.410423 -0.86809 0.279237
t 0.78544 -0.348394 0.511571
bt -0.837663 -0.538081 -0.0937573
t 0.837268 -0.234595 0.49391
bt -0.959322 -0.230306 -0.16328
t 0.7837 -0.365427 0.502273
bt -0.733263 -0.640294 -0.228799
t 0.743091 -0.290806 0.6027
bt -0.977244 -0.204112 -0.0577205
t 0.687659 -0.227465 0.689481
bt -0.989815 -0.138759 -0.0318247
t 0.828548 -0.248341 0.501832
bt -0.95997 -0.118204 -0.253939
t 0.445358 -0.156936 0.881492
bt -0.994809 -0.10027 -0.0173327
t 0.23436 0.021141 0.97192
bt -0.99596 -0.0897975 0.000126863
t -0.522569 0.139514 0.841105
bt -0.994805 -0.100426 0.0166546
t -0.666162 0.239055 0.706456
bt -0.989975 -0.136356 0.0368294
t -0.453761 -0.0409326 0.890183
bt -0.995958 -0.0898213 0
t -0.749832 0.284671 0.597255
bt -0.976442 -0.20984 0.0502778
t -0.82867 0.248152 0.501724
bt -0.960108 -0.119897 0.252623
t -0.78558 0.348161 0.511515
bt -0.797862 -0.601136 0.0452859
t -0.7837 0.365427 0.502273
bt -0.731836 -0.642373 0.227538
t -0.837326 0.234502 0.493856
bt -0.959118 -0.232381 0.161532
t -0.251008 0.112704 0.961402
bt -0.270378 -0.962738 0.00560518
t -0.276651 0.126886 0.952557
bt -0.343935 -0.938993 0.000768937
t -0.391874 0.178078 0.90262
bt -0.303171 -0.952933 -0.00224505
t -0.357298 0.16014 0.920159
bt -0.194694 -0.980859 0.00331372
t -0.284938 0.132854 0.949295
bt -0.422244 -0.906482 -0.0012165
t -0.400739 0.187149 0.896874
bt -0.421649 -0.906757 -0.00204089
t -0.27503 0.130391 0.952553
bt -0.497234 -0.867606 -0.00431371
t -0.388627 0.18517 0.902597
bt -0.53362 -0.845723 -0.00147131
t -0.24768 0.119856 0.961399
bt -0.563731 -0.825942 -0.00526795
t -0.35268 0.17032 0.920113
bt -0.626158 -0.779689 -0.0033774
t -0.203841 0.0998298 0.973901
bt -0.616976 -0.78696 -0.00589553
t -0.297289 0.141302 0.944274
bt -0.696869 -0.717184 -0.00449738
t -0.145957 0.0715039 0.986703
bt -0.655386 -0.755274 -0.00560665
t -0.216908 0.101166 0.970936
bt -0.743825 -0.668354 -0.00511106
t -0.0767979 0.0366425 0.996373
bt -0.678334 -0.734745 -0.00367104
t -0.116918 0.0520492 0.991777
bt -0.771537 -0.636168 -0.00447041
t -0.000868001 -0.000920299 0.999999
bt -0.686103 -0.727504 -3.20814e-05
t -0.00179769 -0.00144269 0.999997
bt -0.779902 -0.625902 -0.000533079
t 0.0742606 -0.039399 0.99646
bt -0.67841 -0.734679 0.00244009
t 0.113766 -0.0546794 0.992002
bt -0.771598 -0.6361 0.00367827
t 0.144501 -0.0732004 0.986793
bt -0.655617 -0.755084 0.00373265
t 0.214203 -0.103693 0.97127
bt -0.744062 -0.668101 0.00357945
t 0.202722 -0.101284 0.973984
bt -0.617285 -0.786728 0.00420043
t 0.252764 -0.18915 0.948859
bt -0.683921 -0.727511 0.0545931
t 0.247244 -0.120508 0.96143
bt -0.564181 -0.825644 0.00336303
t 0.351796 -0.171496 0.920233
bt -0.627268 -0.778803 -4.82576e-05
t 0.259415 -0.182135 0.948436
bt -0.680569 -0.729668 0.0664142
t 0.274764 -0.13086 0.952565
bt -0.498117 -0.867109 0.00113885
t 0.388766 -0.184938 0.902585
bt -0.535131 -0.844766 -0.00230526
t 0.284938 -0.132854 0.949295
bt -0.423142 -0.906062 -0.0017806
t 0.401037 -0.186509 0.896874
bt -0.423398 -0.905942 -0.00187328
t 0.276699 -0.126756 0.95256
bt -0.344709 -0.938703 -0.00336345
t 0.391705 -0.17857 0.902596
bt -0.305021 -0.952344 -0.00185227
t 0.251024 -0.112649 0.961404
bt -0.270445 -0.962718 -0.0058531
t 0.357252 -0.160339 0.920143
bt -0.194529 -0.980893 -0.00290741
t 0.207567 -0.0917025 0.973913
bt -0.206177 -0.978499 -0.00562428
t 0.299427 -0.136274 0.944337
bt -0.102194 -0.994741 -0.00690289
t 0.148559 -0.0660832 0.986693
bt -0.157063 -0.987578 -0.00455621
t 0.216906 -0.101678 0.970883
bt -0.0339133 -0.999411 -0.00530327
t 0.0775148 -0.0346368 0.996389
bt -0.126706 -0.991937 -0.00236956
t 0.115023 -0.0550455 0.991836
bt 0.00868037 -0.999954 -0.00417925
t -0.000191144 -0.00163356 0.999999
bt -0.116303 -0.993214 -5.95824e-05
t 5.49346e-05 -0.00253616 0.999997
bt 0.0218019 -0.999762 0.000278856
t -0.0778747 0.0318598 0.996454
bt -0.126761 -0.991929 0.0030492
t -0.115014 0.0515169 0.992027
bt 0.00869886 -0.999954 0.00401707
t -0.149 0.0634037 0.986802
bt -0.156986 -0.987592 0.00406581
t -0.21709 0.098229 0.971197
bt -0.0336904 -0.999423 0.00432019
t -0.207968 0.0898791 0.973997
bt -0.205815 -0.978583 0.00399483
t -0.299758 0.133801 0.944586
bt -0.100823 -0.994901 0.00271901
t 0.880799 -0.410713 0.235602
bt -0.785353 -0.60918 -0.110091
t 0.879067 -0.409939 0.243293
bt -0.900974 -0.431248 0.0476599
t 0.87928 -0.409548 0.243181
bt -0.899202 -0.434772 0.0490914
t 0.880799 -0.410713 0.235602
bt -0.785353 -0.60918 -0.110091
t 0.874316 -0.40462 0.268057
bt -0.998544 -0.049294 0.0218917
t 0.873891 -0.405229 0.268523
bt -0.99855 -0.0492024 0.0218394
t 0.869519 -0.385932 0.308211
bt -0.996137 0.0849131 0.0223607
t 0.869733 -0.385679 0.307922
bt -0.996141 0.0848484 0.0224292
t 0.84211 -0.41614 0.343043
bt -0.992286 0.12269 -0.0177682
t 0.822228 -0.376211 0.427091
bt -0.98705 0.160359 0.00425038
t 0.822298 -0.376168 0.426995
bt -0.987009 0.16062 0.00377545
t 0.84211 -0.41614 0.343043
bt -0.992286 0.12269 -0.0177682
t 0.675716 -0.307692 0.669876
bt -0.981964 0.189065 0.00129269
t 0.676696 -0.307627 0.668916
bt -0.981975 0.189005 0.0015276
t 0.4632 -0.0931607 0.881344
bt -0.980365 0.197193 0
t 0.464898 -0.0935022 0.880413
bt -0.980365 0.197193 0.000448537
t -0.464574 0.093437 0.880591
bt -0.980365 0.197193 0
t -0.553759 0.311285 0.772303
bt -0.981827 0.18977 0.00146784
t -0.554412 0.311211 0.771865
bt -0.981856 0.189624 0.00089484
t -0.464574 0.093437 0.880591
bt -0.980365 0.197193 0
t -0.790955 0.394125 0.468035
bt -0.986432 0.164147 0.00265462
t -0.791062 0.394067 0.467902
bt -0.986398 0.164348 0.00302172
t -0.851518 0.406176 0.331569
bt -0.993864 0.110504 0.00480283
t -0.851514 0.40618 0.331574
bt -0.993855 0.11058 0.00488393
t -0.870968 0.409672 0.271265
bt -0.999965 -0.00589644 0.00595979
t -0.870902 0.409732 0.271384
bt -0.999965 -0.00559076 0.00615541
t -0.878519 0.410943 0.24358
bt -0.95597 -0.293389 0.00671067
t -0.878774 0.410476 0.243446
bt -0.95636 -0.2921 0.00720485
t -0.880799 0.410713 0.235602
bt -0.788683 -0.604644 0.111288
t -0.880553 0.411241 0.235602
bt -0.789769 -0.603152 0.111679
t -0.880799 0.410713 0.235602
bt 0.0452245 -0.992716 -0.111667
t -0.879074 0.409951 0.243248
bt 0.247728 -0.967635 0.0480888
t -0.878944 0.410282 0.243159
bt 0.248414 -0.967472 0.0478329
t -0.880799 0.410713 0.235602
bt 0.0452245 -0.992716 -0.111667
t -0.871973 0.409603 0.268121
bt 0.602502 -0.797781 0.0231649
t -0.87218 0.408882 0.268547
bt 0.60263 -0.797687 0.0230602
t -0.856733 0.404339 0.320185
bt 0.714574 -0.699504 0.0087994
t -0.856706 0.404525 0.320023
bt 0.71455 -0.699529 0.00883555
t -0.816709 0.388023 0.427112
bt 0.757802 -0.652479 0.00284557
t -0.816745 0.388262 0.426826
bt 0.757786 -0.652497 0.00288824
t -0.671202 0.321353 0.667997
bt 0.776288 -0.630378 -4.06698e-05
t -0.671516 0.321887 0.667424
bt 0.776246 -0.63043 0.000215744
t -0.369194 0.294981 0.881295
bt 0.781239 -0.624232 0
t -0.370388 0.295935 0.880474
bt 0.781239 -0.624231 -0.00076611
t 0.370168 -0.295759 0.880626
bt 0.781239 -0.624232 0
t 0.59504 -0.224806 0.771615
bt 0.776292 -0.630373 6.56154e-05
t 0.595354 -0.225296 0.771229
bt 0.776347 -0.630306 0.000397628
t 0.370168 -0.295759 0.880626
bt 0.781239 -0.624232 0
t 0.810594 -0.353821 0.466635
bt 0.759267 -0.650778 0.0011893
t 0.810607 -0.353886 0.466563
bt 0.759388 -0.650636 0.00152582
t 0.858615 -0.390489 0.332114
bt 0.723491 -0.690317 0.00473104
t 0.858622 -0.390428 0.332166
bt 0.722872 -0.690971 0.00377903
t 0.873676 -0.403841 0.2713
bt 0.638983 -0.769193 0.00656947
t 0.873689 -0.403762 0.271372
bt 0.639155 -0.769049 0.00671254
t 0.879501 -0.408857 0.243543
bt 0.3894 -0.921046 0.00653725
t 0.879315 -0.409333 0.243415
bt 0.390201 -0.920704 0.00685674
t 0.880799 -0.410713 0.235602
bt 0.0463369 -0.992638 0.111904
t 0.880977 -0.410331 0.235601
bt 0.0362313 -0.993299 0.109751
t 0.0645281 -0.03009 0.997462
bt -0.422682 -0.906278 -0.000248631
t 4.73224e-07 8.155e-07 1
bt -0.422606 -0.906313 -2.63455e-06
t 0.0625557 -0.0286892 0.997629
bt -0.439346 -0.898318 -0.000131307
t 0.0562731 -0.0254634 0.998091
bt -0.454665 -0.890663 -0.000225523
t 0.0459795 -0.0208683 0.998724
bt -0.467795 -0.883837 0.000116461
t 0.0337134 -0.012528 0.999353
bt -0.477758 -0.878491 -0.000929802
t 0.0310538 -0.0174159 0.999366
bt -0.477723 -0.878511 0.000246646
t 0.0161482 -0.00882196 0.999831
bt -0.48399 -0.875073 0.000292032
t 0.000137537 0.000247225 1
bt -0.486101 -0.873902 0
t -0.0163246 0.0085024 0.999831
bt -0.483993 -0.875072 -0.000122568
t -0.0310538 0.0174159 0.999366
bt -0.477723 -0.878511 -0.000242564
t -0.0337137 0.0125276 0.999353
bt -0.47776 -0.87849 0.000992341
t -0.0463397 0.0201872 0.998722
bt -0.467831 -0.883818 0.000691032
t -0.0559389 0.0261188 0.998093
bt -0.454601 -0.890695 -0.000916768
t -0.0627201 0.0283529 0.997628
bt -0.439264 -0.898357 -0.00117895
t -0.0645308 0.0300912 0.997462
bt -0.4226 -0.906316 0.000256477
t -0.0623018 0.0292246 0.997629
bt -0.40582 -0.913953 0.000853123
t -0.0559758 0.0260334 0.998093
bt -0.390122 -0.920761 0.00177337
t -0.0460703 0.0205027 0.998728
bt -0.376379 -0.926466 0.000105445
t -0.0323063 0.0151237 0.999364
bt -0.36581 -0.93069 -0.000579134
t -0.0164348 0.00852287 0.999829
bt -0.359259 -0.933238 0.000288865
t 8.84596e-05 0.000231531 1
bt -0.357001 -0.934104 0
t 0.0166738 -0.00790275 0.99983
bt -0.359256 -0.933239 -0.000123662
t 0.032258 -0.0152468 0.999363
bt -0.365824 -0.930684 0.000143796
t 0.0460759 -0.0204893 0.998728
bt -0.376344 -0.92648 0.000656487
t 0.0562319 -0.0254298 0.998094
bt -0.390018 -0.920807 8.71428e-05
t 0.0622562 -0.0293271 0.997629
bt -0.405715 -0.913999 0.000805835
t -0.418588 0.192052 0.887637
bt -0.288022 -0.957555 -0.0115173
t -0.394482 0.181626 0.900775
bt -0.300089 -0.953891 -0.00628559
t -0.359085 0.170055 0.917681
bt -0.190894 -0.98161 0.000900597
t -0.381923 0.180202 0.906456
bt -0.174443 -0.984662 0.00327126
t -0.418742 0.193242 0.887307
bt -0.54005 -0.841595 -0.00797784
t -0.394828 0.181946 0.900559
bt -0.533724 -0.845649 -0.00398283
t -0.404911 0.188616 0.894691
bt -0.425258 -0.905053 0.0059136
t -0.429101 0.199767 0.880889
bt -0.427722 -0.90385 0.0104473
t -0.324148 0.148061 0.934348
bt -0.716882 -0.697194 -0.00094625
t -0.302447 0.139967 0.942833
bt -0.70001 -0.714132 -0.00111351
t -0.359153 0.168562 0.91793
bt -0.63185 -0.775058 0.00706855
t -0.380965 0.180265 0.906846
bt -0.647142 -0.762287 0.0111965
t -0.132033 0.0527298 0.989842
bt -0.79283 -0.609442 0.000603863
t -0.12017 0.0508199 0.991452
bt -0.774571 -0.632485 0.0014661
t -0.216584 0.105136 0.970586
bt -0.747795 -0.663928 0.0014254
t -0.228679 0.115428 0.966635
bt -0.76588 -0.64298 0.00212373
t 0.116019 -0.0652377 0.991102
bt -0.792903 -0.609345 -0.00158509
t 0.111615 -0.0579026 0.992063
bt -0.774592 -0.632459 -0.00175521
t 0.00473551 0.003764 0.999982
bt -0.782962 -0.62207 -3.19127e-05
t 0.00877596 0.00655385 0.99994
bt -0.801282 -0.598287 0
t 0.316886 -0.155735 0.935591
bt -0.718325 -0.695691 -0.00491289
t 0.299308 -0.14353 0.943299
bt -0.701288 -0.712865 -0.00428824
t 0.222565 -0.0994581 0.969832
bt -0.747537 -0.66422 0.000276099
t 0.240055 -0.105355 0.965025
bt -0.765171 -0.643823 0.00239513
t 0.41798 -0.194123 0.887474
bt -0.547274 -0.836906 -0.0088834
t 0.394534 -0.182436 0.900589
bt -0.538082 -0.842865 -0.00682203
t 0.36058 -0.166463 0.917754
bt -0.628222 -0.778024 0.00393277
t 0.383804 -0.176364 0.906416
bt -0.640386 -0.768008 0.00835305
t 0.418099 -0.193497 0.887554
bt -0.297593 -0.95466 -0.00793429
t 0.394259 -0.182274 0.900742
bt -0.304873 -0.952384 -0.00420236
t 0.40483 -0.18879 0.894691
bt -0.419778 -0.907606 0.00619683
t 0.428933 -0.200039 0.880909
bt -0.417484 -0.908624 0.0104864
t 0.321525 -0.15517 0.934101
bt -0.0745982 -0.997202 -0.00478077
t 0.301337 -0.144708 0.942473
bt -0.0969912 -0.995285 -0.00101567
t 0.359812 -0.167463 0.917873
bt -0.188572 -0.982048 0.00478176
t 0.383003 -0.175964 0.906833
bt -0.170142 -0.9854 0.00623859
t 0.125255 -0.0672197 0.989845
bt 0.0427571 -0.999085 0.000295534
t 0.116278 -0.0593811 0.99144
bt 0.0132725 -0.999912 0.000721023
t 0.219669 -0.0980901 0.970631
bt -0.0276406 -0.999615 0.00249485
t 0.235419 -0.100535 0.96668
bt -0.000292024 -0.999998 0.00218244
t -0.124548 0.0469361 0.991103
bt 0.0429019 -0.999078 -0.00147703
t -0.116205 0.0484912 0.992041
bt 0.0134305 -0.999908 -0.00207759
t -0.000162511 0.00604227 0.999982
bt 0.0267015 -0.999643 -5.92691e-05
t -0.000621155 0.010944 0.99994
bt 0.0566995 -0.998391 0
t -0.322688 0.145173 0.935306
bt -0.0712729 -0.997446 -0.00460897
t -0.30206 0.139277 0.94306
bt -0.094817 -0.995479 -0.00553622
t -0.21936 0.10661 0.969802
bt -0.0283312 -0.999599 0.000510111
t -0.235015 0.116134 0.965029
bt -0.00137941 -0.999995 0.00270631
t -0.796355 0.297076 0.526845
bt -0.0621192 -0.997619 0.0299691
t -0.794066 0.305592 0.525427
bt -0.218452 -0.966732 0.133068
t 0.794199 -0.305103 0.525509
bt -0.220393 -0.966114 -0.134351
t 0.79683 -0.295275 0.527138
bt -0.0605916 -0.997742 -0.0289634
t 0.68275 -0.426943 0.592935
bt -0.796771 -0.57799 0.176307
t 0.34151 -0.0918155 0.935383
bt -0.716937 -0.69066 -0.0948106
t 0.366972 -0.0622962 0.928144
bt -0.710235 -0.701648 -0.0570734
t 0.657593 -0.451172 0.603337
bt -0.863408 -0.496996 0.0867308
t -0.659966 0.448946 0.602405
bt -0.863766 -0.496469 -0.086176
t -0.681509 0.428173 0.593476
bt -0.795285 -0.579496 -0.178063

