g sponza_53
t -0.98579 0.138087 0.0956508
bt 0.261712 0.793419 0.549538
t -0.983864 0.15697 0.0858609
bt 0 0.877319 0.479907
t -0.965205 0.247011 -0.0858252
bt 0.34872 0.80508 0.479834
t -0.928213 0.371545 -0.0193698
bt 0.397444 0.720986 0.567641
t 0.0519011 0.998581 -0.011959
bt 0.316043 -0.0644426 0.946554
t 0.0561985 0.99842 0
bt 0 0 1
t -0.337697 0.941255 0
bt 0 0 1
t -0.333656 0.942611 0.0125595
bt 0.317438 0.062575 0.946212
t 0.0831474 0.996361 0.0187347
bt 0.80186 -0.197308 0.563995
t 0.0866849 0.996091 0.0169677
bt 0.875805 -0.0565569 0.479339
t 0.400064 0.916348 -0.0159708
bt 0.794026 -0.374681 0.478682
t 0.403472 0.914818 -0.0178363
bt 0.709056 -0.414558 0.570422
t -0.307507 0.951386 0.0174604
bt 0.825768 0.296293 0.479914
t -0.208371 0.973165 0.0976266
bt 0.826082 -0.0438584 0.561841
t 0.0135384 0.999396 -0.031996
bt 0.793325 -0.150982 0.58978
t 0.0561985 0.99842 0
bt 0 0 -1
t -0.337697 0.941255 0
bt 0 0 -1
t -0.337697 0.941255 0
bt 0 0 -1
t 0.0561985 0.99842 0
bt 0 0 -1
t 0.998159 0.0193418 -0.0574801
bt 0 -0.318802 0.947821
t 1 0 0
bt 0 0 1
t 0.929904 0.367801 0
bt 0 0 1
t 0.931266 0.364158 0.0115152
bt 0.0755535 -0.312602 0.946875
t 0.986289 0.144889 -0.0789996
bt 0 -0.877984 0.47869
t 0.940184 0.340291 0.016026
bt 0.32292 -0.816414 0.478738
t 0.943825 0.329056 0.0302697
bt 0.104634 -0.807028 0.581169
t 0.988432 0.122109 -0.0899486
bt 0 -0.805119 0.593114
t 1 0 0
bt 0 0 -1
t 0.929904 0.367801 0
bt 0 0 -1
t 0.929904 0.367801 0
bt 0 0 -1
t 1 0 0
bt 0 0 -1
t 0.928214 0.371541 -0.0193724
bt -0.178368 0.807467 0.5623
t 0.965204 0.247011 -0.0858253
bt -0.34874 0.805071 0.479834
t 0.983864 0.156971 0.0858619
bt -0.109501 0.872043 0.477022
t 0.985789 0.138092 0.095654
bt 0 0.822071 0.569385
t 0.333655 0.942612 0.0125622
bt -0.284806 0.153532 0.94621
t 0.337697 0.941255 0
bt 0 0 1
t -0.0561985 0.99842 0
bt 0 0 1
t -0.0518992 0.998581 -0.0119684
bt -0.321347 0.0284742 0.946533
t -0.403514 0.9148 -0.0178045
bt -0.796042 -0.214828 0.565832
t -0.399963 0.916391 -0.0160309
bt -0.766774 -0.42867 0.477807
t -0.0867324 0.996087 0.0169937
bt -0.876703 -0.0403504 0.479337
t -0.0831306 0.996363 0.0187363
bt -0.819474 -0.0528723 0.570672
t 0.295114 0.954894 0.0329542
bt -0.812941 0.062135 0.579021
t 0.307512 0.951384 0.0174576
bt -0.797422 0.367634 0.478502
t -0.0134827 0.9994 -0.0319127
bt -0.803484 -0.0517073 0.593076
t 0.337697 0.941255 0
bt 0 0 -1
t 0.337697 0.941255 0
bt 0 0 -1
t -0.0561985 0.99842 0
bt 0 0 -1
t -0.0561985 0.99842 0
bt 0 0 -1
t -0.931266 0.364159 0.0115135
bt -0.158714 -0.279712 0.946875
t -0.929904 0.367801 0
bt 0 0 1
t -1 0 0
bt 0 0 1
t -0.998159 0.0193407 -0.0574769
bt -0.0746266 -0.317912 0.945179
t -0.943825 0.329056 0.0302697
bt -0.104616 -0.807032 0.581166
t -0.940184 0.340289 0.0160271
bt -0.388026 -0.788288 0.477534
t -0.986289 0.14489 -0.0790004
bt -0.118673 -0.87178 0.475307
t -0.988432 0.12211 -0.0899496
bt 0 -0.805119 0.593114
t -0.929904 0.367801 0
bt 0 0 -1
t -0.929904 0.367801 0
bt 0 0 -1
t -1 0 0
bt 0 0 -1
t -1 0 0
bt 0 0 -1
t -0.663224 0.748169 0.0194327
bt 0.699787 0.440622 0.562272
t -0.660319 0.750782 0.0174446
bt 0.639948 0.600097 0.479948
t -0.363818 0.93127 -0.0193254
bt 0.797812 0.203256 0.567612
t -0.687086 0.726467 -0.0125653
bt 0.266443 0.183574 0.946208
t -0.68399 0.729492 0
bt 0 0 1
t -0.917602 0.397501 0
bt 0 0 1
t -0.915858 0.401305 0.0125962
bt 0.171521 0.274353 0.946209
t 0.74664 0.664989 0.0178618
bt 0.449034 -0.691513 0.565843
t 0.749119 0.662241 0.0160403
bt 0.600545 -0.640441 0.478729
t 0.920033 0.391432 -0.0178949
bt 0.233676 -0.787429 0.570395
t -0.840416 0.535098 0.0858602
bt 0.348687 0.805076 0.479864
t -0.85242 0.513661 0.0976354
bt 0.597068 0.572584 0.561835
t -0.715607 0.697728 -0.0329153
bt 0.657777 0.468695 0.589622
t -0.68399 0.729492 0
bt 0 0 -1
t -0.917602 0.397501 0
bt 0 0 -1
t -0.917602 0.397501 0
bt 0 0 -1
t -0.68399 0.729492 0
bt 0 0 -1
t 0.726727 0.68683 -0.0115041
bt 0.185226 -0.262903 0.946876
t 0.729492 0.68399 0
bt 0 0 1
t 0.426774 0.904358 0
bt 0 0 1
t 0.430226 0.902648 0.0115116
bt 0.268934 -0.17636 0.946875
t 0.463376 0.885644 0.0303034
bt 0.628336 -0.517112 0.581196
t 0.700357 0.71315 -0.0302706
bt 0.475232 -0.652605 0.590137
t 0.729492 0.68399 0
bt 0 0 -1
t 0.426697 0.904395 0
bt 0 0 -1
t 0.426697 0.904395 0
bt 0 0 -1
t 0.729492 0.68399 0
bt 0 0 -1
t 0.663221 0.748171 0.0194354
bt -0.599665 0.562341 0.569363
t 0.363897 0.931237 -0.0193844
bt -0.77379 0.277643 0.569353
t 0.558471 0.82507 0.0858436
bt -0.639989 0.600156 0.479819
t 0.687087 0.726467 -0.012568
bt -0.200297 0.25411 0.946208
t 0.915859 0.401304 0.0125929
bt -0.0827923 0.312783 0.946209
t 0.917602 0.397501 0
bt 0 0 1
t 0.68399 0.729492 0
bt 0 0 1
t -0.746637 0.664992 0.0178583
bt -0.561123 -0.598367 0.571925
t -0.920034 0.39143 -0.0178931
bt -0.301693 -0.762839 0.57189
t -0.74912 0.662239 0.0160415
bt -0.608096 -0.633295 0.478703
t 0.715608 0.697726 -0.0329208
bt -0.587362 0.550726 0.593048
t 0.852419 0.513663 0.0976368
bt -0.320035 0.738805 0.593081
t 0.840417 0.535096 0.0858587
bt -0.62766 0.632479 0.453886
t 0.787504 0.610301 -0.0858464
bt -0.640016 0.6001 0.479854
t 0.68399 0.729492 0
bt 0 0 -1
t 0.917602 0.397501 0
bt 0 0 -1
t 0.917602 0.397501 0
bt 0 0 -1
t 0.68399 0.729492 0
bt 0 0 -1
t -0.726772 0.686782 -0.011524
bt -0.250472 -0.201734 0.946872
t -0.430226 0.902648 0.011513
bt -0.307119 -0.0954378 0.946873
t -0.426697 0.904395 0
bt 0 0 1
t -0.729492 0.68399 0
bt 0 0 1
t -0.70036 0.713148 -0.0302683
bt -0.550723 -0.587318 0.593096
t -0.463379 0.885642 0.0303058
bt -0.728111 -0.343599 0.593123
t -0.729492 0.68399 0
bt 0 0 -1
t -0.426774 0.904358 0
bt 0 0 -1
t -0.426774 0.904358 0
bt 0 0 -1
t -0.729492 0.68399 0
bt 0 0 -1
t -0.840416 0.535098 0.0858602
bt 0.34872 0.80508 0.479834
t -0.337737 0.941241 0
bt 0 0 1
t -0.457883 0.883638 -0.0976089
bt 0.757838 0.271914 0.593081
t -0.337737 0.941241 0
bt 0 0 -1
t -0.337737 0.941241 0
bt 0 0 -1
t 0.787504 0.610301 -0.0858464
bt -0.333 0.831837 0.444024
t 0.840417 0.535096 0.0858587
bt -0.34874 0.805071 0.479834
t 0.337737 0.941241 0
bt 0 0 1
t 0.558471 0.82507 0.0858436
bt -0.827343 0.330897 0.453884
t 0.337737 0.941241 0
bt 0 0 -1
t 0.337737 0.941241 0
bt 0 0 -1
t -1 0 0
bt 0 0 1
t -0.997803 0.0212249 0.0627547
bt 0.0807161 0.319256 0.944225
t 0.988 0.126703 -0.0883304
bt 0 -0.820317 0.571909
t -0.965205 0.247011 -0.0858253
bt 0.348687 0.805076 0.479864
t -0.986359 0.132534 0.097628
bt 0.320239 0.762717 0.56188
t -0.957783 0.270421 -0.0975943
bt 0.319992 0.738823 0.593081
t -1 0 0
bt 0 0 -1
t -1 0 0
bt 0 0 -1
t 0.997803 0.0212267 0.06276
bt 0 0.320301 0.947316
t 1 0 0
bt 0 0 1
t -0.988001 0.1267 -0.0883282
bt 0 -0.820317 0.571909
t 0.957783 0.270422 -0.0975943
bt -0.320035 0.738805 0.593081
t 0.986359 0.132531 0.0976254
bt 0 0.805119 0.593114
t 0.965204 0.247011 -0.0858253
bt -0.34873 0.805057 0.479864
t 1 0 0
bt 0 0 -1
t 1 0 0
bt 0 0 -1

