g sponza_128
t 0 0 -1
bt 1 0 0
t 0 0 -1
bt 1 0 0
t 0 0 -1
bt 1 0 0
t 0 0 -1
bt 1 0 0
t 0 0 -1
bt -1 0 0
t 0 0 -1
bt -1 0 0
t 0 0 -1
bt -1 0 0
t 0 0 -1
bt -1 0 0
t -0.00366929 0.999993 0
bt 1 0 0
t -0.0024462 0.999997 0
bt 1 0.000197177 0
t -0.00184062 0.999998 0
bt 1 -0.000680394 0
t 0 0 -1
bt 0.5224 0.8527 0
t 0 0 -1
bt 0.747525 0.664233 0
t 0 0 -1
bt 0.747525 0.664233 0
t 0 0 -1
bt 0.5224 0.8527 0
t -0.00513074 -0.999987 0
bt 1 0 0
t -0.00250329 -0.999997 0
bt 1 -0.000400713 0
t -0.0034205 -0.999994 0
bt 1 0.000260882 0
t -2.3881e-05 1 0
bt 1 0 0
t -1.59207e-05 1 0
bt 1 -0.000907192 0
t 0 0 -1
bt 0 1 0
t 0 0 -1
bt 0 1 0
t 0 0 -1
bt 0 1 0
t 0 0 -1
bt 0 1 0
t 0.000248365 -1 0
bt 0.999999 0.00111841 0
t 0.000165577 -1 0
bt 1 -0.000161482 0
t 0 1 0
bt 0.999996 -0.00272157 0
t 0 0 -1
bt 0.908214 0.418506 0
t 0 0 -1
bt 0.908214 0.418506 0
t 0 -1 0
bt 0.999996 -0.00272126 0

