g sponza_226
t 0 -0.857467 -0.514539
bt 0 -0.515274 0.857025
t 0 -0.853431 -0.521206
bt 0 -0.498593 0.866837
t 0 -0.858729 -0.512429
bt 0 -0.513802 0.857909
t 0 -0.858469 -0.512866
bt 0 -0.513139 0.858305
t 0 -0.860999 -0.508607
bt 0 -0.511628 0.859207
t 0 -0.860698 -0.509116
bt 0 -0.50968 0.860364
t 0 -0.860701 -0.509111
bt 0 -0.511778 0.859118
t 0 -0.860674 -0.509156
bt 0 -0.510466 0.859898
t 0 -0.858235 -0.513257
bt 0 -0.508245 0.861213
t 0 -0.858235 -0.513257
bt 0 -0.508245 0.861213
t 0 -0.859692 -0.510813
bt 0 -0.510479 0.85989
t 0 -0.859631 -0.510915
bt 0 -0.510775 0.859714
t 0 -0.858696 -0.512486
bt 0 -0.509544 0.860445
t 0 -0.859873 -0.510508
bt 0 -0.509588 0.860418
t -0.999999 0.00111313 0.000569073
bt 0.00188084 0.890389 0.455196
t -0.999998 0.00182682 0.000933929
bt 0.00483266 0.89038 0.455192
t -0.999998 0.00188161 8.92805e-05
bt 0 0.998876 0.0473958
t -0.999998 0.00188161 8.92805e-05
bt 0 0.998876 0.0473958
t -1 0 0
bt 0.00548421 0.758291 0.651893
t -1 0 0
bt 0.00548421 0.758291 0.651893
t -1 0 0
bt 0 -0.654477 -0.756082
t -0.999998 -0.00187955 -0.00119585
bt 0 -0.843707 -0.536804
t -1 0 0
bt 0 -0.843707 -0.536804
t -1 0 0
bt 0.00236462 -0.654475 -0.75608
t -1 0.000570973 -0.000225265
bt 0 0.930217 -0.36701
t -0.999998 0.00194628 -0.000767893
bt 0 0.930217 -0.36701
t -1 0 0
bt 0 0.621734 -0.783229
t -1 0 0
bt 0 0.621734 -0.783229
t -1 0 0
bt 0 0.885204 -0.465202
t -0.999998 0.00187251 -0.00098406
bt 0.00159489 0.885203 -0.465202
t -1 0 0
bt 0 0.885204 -0.465202
t -1 0 0
bt 0 0.885204 -0.465202
t -0.999998 -0.00104126 -0.00186683
bt 0.00393514 -0.487116 -0.873329
t -1 0 0
bt 0 -0.48712 -0.873335
t -0.999998 -0.00104126 -0.00186683
bt 0.00393514 -0.487116 -0.873329
t -0.999998 -0.00104126 -0.00186683
bt 0.00393514 -0.487116 -0.873329
t 0 0.143387 0.989667
bt 0 -0.986863 0.16156
t 0 0.139708 0.990193
bt 0 -0.990621 0.136637
t 0 0.141976 0.98987
bt 0 -0.987851 0.155403
t 0 0.143387 0.989667
bt 0 -0.986863 0.16156
t 0 0.138977 0.990295
bt 0 -0.990415 0.138126
t 0 0.138383 0.990379
bt 0 -0.990549 0.137162
t 0 0.138666 0.990339
bt 0 -0.990365 0.138484
t 0 0.139222 0.990261
bt 0 -0.990505 0.137477
t 0 0.139732 0.990189
bt 0 -0.990576 0.136964
t 0 0.139732 0.990189
bt 0 -0.990576 0.136964
t 0 0.138102 0.990418
bt 0 -0.990072 0.14056
t 0 0.138438 0.990371
bt 0 -0.990395 0.138268
t 0 0.137123 0.990554
bt 0 -0.990265 0.139197
t 0 0.137123 0.990554
bt 0 -0.990265 0.139197
t -0.999998 0.000360249 -0.00186152
bt 0 0.189999 -0.981784
t -1 0 0
bt 0.00231706 -0.209901 -0.97772
t -0.999999 -0.000258085 -0.0012022
bt 0.00231706 -0.209901 -0.97772
t -0.999999 0.000234597 -0.00121221
bt 0 0.189999 -0.981784

