g sponza_50
t 6.57103e-06 0 -1
bt 1 0 0
t 1.96993e-05 0 -1
bt 1 0 0
t 0 0 -1
bt 0.866038 0.499978 0
t 0 0 -1
bt 0.866038 0.499978 0
t 0 0 -1
bt 0.500014 0.866017 0
t 0 0 -1
bt 0.500014 0.866017 0
t 0 0 -1
bt 0 1 0
t 0 0 -1
bt 0 1 0
t 0 0 -1
bt -0.258808 0.965929 0
t 0 0 -1
bt -0.258808 0.965929 0
t 0 0 -1
bt 0.866017 0.500014 0
t 0 0 -1
bt 0.866017 0.500014 0
t 0 0 -1
bt 0.500014 0.866017 0
t 0 0 -1
bt 0.500014 0.866017 0
t 0 0 -1
bt 1 0 0
t 0 0 -1
bt 1 0 0
t 0 0 -1
bt 0.965929 -0.258808 0
t 0 0 -1
bt 0.965929 -0.258808 0
t 9.85654e-06 -5.69051e-06 -1
bt 0.866021 -0.500008 0
t 0 0 -1
bt 0.866021 -0.500008 0
t 0 0 -1
bt 0.500014 -0.866017 0
t 0 0 -1
bt 0.500014 -0.866017 0
t 0 0 -1
bt 0 -1 0
t 0 0 -1
bt 0 -1 0
t 0 0 -1
bt -0.258808 -0.965929 0
t 0 0 -1
bt -0.258808 -0.965929 0
t 0 0 -1
bt 0 -1 0
t 0 0 -1
bt 0 -1 0
t 0 0 -1
bt 0.500008 -0.866021 0
t 0 0 -1
bt 0.500008 -0.866021 0
t 0 0 -1
bt 0.866017 -0.500014 0
t 0 0 -1
bt 0.866017 -0.500014 0
t 0 0 -1
bt 1 0 0
t 0 0 -1
bt 1 0 0
t 0 0 -1
bt 0.965929 0.258808 0
t 0 0 -1
bt 0.965929 0.258808 0
t 0 0 -1
bt 0 1 0
t 0 0 -1
bt 0 1 0
t 0 0 -1
bt -0.866021 0.500008 0
t 0 0 -1
bt -0.866021 0.500008 0
t 0 0 -1
bt -1 0 0
t 0 0 -1
bt -1 0 0
t 0 0 -1
bt -0.500014 0.866017 0
t 0 0 -1
bt -0.500014 0.866017 0
t 0 0 -1
bt 0 1 0
t 0 0 -1
bt 0 1 0
t 0 0 -1
bt 0.258808 0.965929 0
t 0 0 -1
bt 0.258808 0.965929 0
t 0 0 -1
bt 0 1 0
t 0 0 -1
bt 0 1 0
t 0 0 -1
bt -0.500014 0.866017 0
t 0 0 -1
bt -0.500014 0.866017 0
t 0 0 -1
bt -0.866017 0.500014 0
t 0 0 -1
bt -0.866017 0.500014 0
t 0 0 -1
bt -1 0 0
t 0 0 -1
bt -1 0 0
t 0 0 -1
bt -0.965929 -0.258808 0
t 0 0 -1
bt -0.965929 -0.258808 0
t 0 0 -1
bt -0.866021 -0.500008 0
t 0 0 -1
bt -0.866021 -0.500008 0
t 0 0 -1
bt -0.500014 -0.866017 0
t 0 0 -1
bt -0.500014 -0.866017 0
t 0 0 -1
bt 0 -1 0
t 0 0 -1
bt 0 -1 0
t 0 0 -1
bt 0.258808 -0.965929 0
t 0 0 -1
bt 0.258808 -0.965929 0
t 0 0 -1
bt -0.866017 -0.500014 0
t 0 0 -1
bt -0.866017 -0.500014 0
t 0 0 -1
bt -0.500014 -0.866017 0
t 0 0 -1
bt -0.500014 -0.866017 0
t 0 0 -1
bt -1 0 0
t 0 0 -1
bt -1 0 0
t 0 0 -1
bt -0.965929 0.258808 0
t 0 0 -1
bt -0.965929 0.258808 0
t -0.818234 -0.574885 0
bt -0.576013 0.817441 0
t -0.817855 -0.575424 0
bt -0.57229 0.820051 0
t -0.817981 -0.575245 0
bt -0.574572 0.818454 0
t -0.817977 -0.575251 0
bt -0.575994 0.817454 0
t -0.8178 -0.575503 0
bt -0.574935 0.818199 0
t -0.818132 -0.57503 0
bt -0.573752 0.819029 0
t -0.817181 -0.576381 0
bt -0.580148 0.814511 0
t -0.817092 -0.576507 0
bt -0.573085 0.819496 0
t -0.816182 -0.577794 0
bt -0.575403 0.81787 0
t -0.816127 -0.577873 0
bt -0.575939 0.817493 0
t -0.817617 -0.575762 0
bt -0.575232 0.81799 0
t -0.817328 -0.576173 0
bt -0.574971 0.818174 0
t -0.818184 -0.574956 0
bt -0.574769 0.818316 0
t -0.818549 -0.574437 0
bt -0.575267 0.817965 0
t -0.819244 -0.573445 0
bt -0.573962 0.818882 0
t -0.819789 -0.572665 0
bt -0.575404 0.817869 0
t -0.81961 -0.572922 0
bt -0.574177 0.818731 0
t -0.819112 -0.573634 0
bt -0.571739 0.820436 0
t -0.818044 -0.575155 0
bt -0.573297 0.819348 0
t -0.817349 -0.576143 0
bt -0.577484 0.816402 0
t -0.818844 -0.574016 0
bt -0.57146 0.82063 0
t -0.817874 -0.575397 0
bt -0.576469 0.817119 0
t -0.817843 -0.575441 0
bt -0.576653 0.816989 0
t -0.817895 -0.575368 0
bt -0.575161 0.81804 0
t -0.818529 -0.574465 0
bt -0.57512 0.818069 0
t -0.817218 -0.576328 0
bt -0.573438 0.819249 0
t -0.81786 -0.575417 0
bt -0.574451 0.818539 0
t -0.819149 -0.573581 0
bt -0.575495 0.817805 0
t -0.821745 -0.569855 0
bt -0.574557 0.818465 0
t -0.818834 -0.57403 0
bt -0.575757 0.817621 0
t -0.81757 -0.575829 0
bt -0.575425 0.817854 0
t -0.817825 -0.575468 0
bt -0.575272 0.817962 0
t -0.818751 -0.574149 0
bt -0.575057 0.818113 0
t -0.818793 -0.574089 0
bt -0.574943 0.818193 0
t -0.8179 -0.57536 0
bt -0.574171 0.818736 0
t -0.817994 -0.575226 0
bt -0.574748 0.81833 0
t -0.81925 -0.573437 0
bt -0.573423 0.819259 0
t -0.818197 -0.574938 0
bt -0.574101 0.818784 0
t -0.819479 -0.573109 0
bt -0.574669 0.818386 0
t -0.81912 -0.573622 0
bt -0.573859 0.818954 0
t -0.819939 -0.57245 0
bt -0.571218 0.820799 0
t -0.818098 -0.575078 0
bt -0.572043 0.820224 0
t -0.818551 -0.574434 0
bt -0.572909 0.819619 0
t -0.816469 -0.577389 0
bt -0.577391 0.816468 0
t -0.816679 -0.577092 0
bt -0.575621 0.817717 0
t -0.817692 -0.575656 0
bt -0.573259 0.819374 0
t -0.817677 -0.575677 0
bt -0.573264 0.819371 0
t -0.816682 -0.577089 0
bt -0.575648 0.817697 0

