g sponza_44
t 0 0 1
bt 0.866021 0.500008 0
t 1.96882e-05 0 1
bt 1 0 0
t 6.56415e-06 0 1
bt 1 0 0
t 0 0 1
bt 0.866021 0.500008 0
t 0 0 1
bt 0.500014 0.866017 0
t 0 0 1
bt 0.500014 0.866017 0
t 0 0 1
bt 0 1 0
t 0 0 1
bt 0 1 0
t 0 0 1
bt -0.258808 0.965929 0
t 0 0 1
bt -0.258808 0.965929 0
t 0 0 1
bt 0.500014 0.866017 0
t 0 0 1
bt 0.866017 0.500014 0
t 0 0 1
bt 0.866017 0.500014 0
t 0 0 1
bt 0.500014 0.866017 0
t 0 0 1
bt 1 0 0
t 0 0 1
bt 1 0 0
t 0 0 1
bt 0.965929 -0.258808 0
t 0 0 1
bt 0.965929 -0.258808 0
t 0 0 1
bt 0.866021 -0.500008 0
t 9.84622e-06 -5.68455e-06 1
bt 0.866021 -0.500008 0
t 0 0 1
bt 0.500014 -0.866017 0
t 0 0 1
bt 0.500014 -0.866017 0
t 0 0 1
bt 0 -1 0
t 0 0 1
bt 0 -1 0
t 0 0 1
bt -0.258808 -0.965929 0
t 0 0 1
bt -0.258808 -0.965929 0
t 0 0 1
bt 0.500008 -0.866021 0
t 0 0 1
bt 0 -1 0
t 0 0 1
bt 0 -1 0
t 0 0 1
bt 0.500008 -0.866021 0
t 0 0 1
bt 0.866017 -0.500014 0
t 0 0 1
bt 0.866017 -0.500014 0
t 0 0 1
bt 1 0 0
t 0 0 1
bt 1 0 0
t 0 0 1
bt 0.965929 0.258808 0
t 0 0 1
bt 0.965929 0.258808 0
t 0 0 1
bt 0 1 0
t 0 0 1
bt 0 1 0
t 0 0 1
bt -1 0 0
t 0 0 1
bt -0.866021 0.500008 0
t 0 0 1
bt -0.866021 0.500008 0
t 0 0 1
bt -1 0 0
t 0 0 1
bt -0.500014 0.866017 0
t 0 0 1
bt -0.500014 0.866017 0
t 0 0 1
bt 0 1 0
t 0 0 1
bt 0 1 0
t 0 0 1
bt 0 1 0
t 0 0 1
bt 0.258808 0.965929 0
t 0 0 1
bt 0.258808 0.965929 0
t 0 0 1
bt 0 1 0
t 0 0 1
bt -0.866017 0.500014 0
t 0 0 1
bt -0.500014 0.866017 0
t 0 0 1
bt -0.500014 0.866017 0
t 0 0 1
bt -0.866017 0.500014 0
t 0 0 1
bt -1 0 0
t 0 0 1
bt -1 0 0
t 0 0 1
bt -0.965929 -0.258808 0
t 0 0 1
bt -0.965929 -0.258808 0
t 0 0 1
bt -0.866021 -0.500008 0
t 0 0 1
bt -0.866021 -0.500008 0
t 0 0 1
bt -0.500014 -0.866017 0
t 0 0 1
bt -0.500014 -0.866017 0
t 0 0 1
bt 0 -1 0
t 0 0 1
bt 0 -1 0
t 0 0 1
bt 0.258808 -0.965929 0
t 0 0 1
bt 0.258808 -0.965929 0
t 0 0 1
bt -0.500014 -0.866017 0
t 0 0 1
bt -0.866017 -0.500014 0
t 0 0 1
bt -0.866017 -0.500014 0
t 0 0 1
bt -0.500014 -0.866017 0
t 0 0 1
bt -1 0 0
t 0 0 1
bt -1 0 0
t 0 0 1
bt -0.965929 0.258808 0
t 0 0 1
bt -0.965929 0.258808 0
t -0.817973 -0.575256 0
bt -0.574571 0.818454 0
t -0.817849 -0.575432 0
bt -0.572282 0.820057 0
t -0.818233 -0.574886 0
bt -0.576023 0.817434 0
t -0.817976 -0.575252 0
bt -0.576004 0.817447 0
t -0.817793 -0.575512 0
bt -0.574936 0.818199 0
t -0.818134 -0.575027 0
bt -0.573742 0.819036 0
t -0.817572 -0.575827 0
bt -0.573067 0.819508 0
t -0.81718 -0.576382 0
bt -0.580166 0.814498 0
t -0.81618 -0.577797 0
bt -0.57538 0.817886 0
t -0.817168 -0.5764 0
bt -0.575384 0.817883 0
t -0.817623 -0.575754 0
bt -0.575252 0.817977 0
t -0.817735 -0.575594 0
bt -0.574163 0.818741 0
t -0.8185 -0.574507 0
bt -0.574423 0.818559 0
t -0.818577 -0.574397 0
bt -0.57486 0.818251 0
t -0.819692 -0.572805 0
bt -0.574604 0.818431 0
t -0.819198 -0.573511 0
bt -0.57393 0.818904 0
t -0.818928 -0.573897 0
bt -0.573361 0.819303 0
t -0.81947 -0.573122 0
bt -0.571974 0.820272 0
t -0.817569 -0.575831 0
bt -0.577516 0.816379 0
t -0.818835 -0.574028 0
bt -0.571558 0.820561 0
t -0.817569 -0.575831 0
bt -0.577516 0.816379 0
t -0.817871 -0.575401 0
bt -0.576488 0.817106 0
t -0.818296 -0.574797 0
bt -0.576612 0.817018 0
t -0.818524 -0.574472 0
bt -0.575106 0.818079 0
t -0.817872 -0.5754 0
bt -0.574396 0.818578 0
t -0.817674 -0.575681 0
bt -0.573116 0.819474 0
t -0.817219 -0.576327 0
bt -0.573448 0.819242 0
t -0.82179 -0.56979 0
bt -0.575467 0.817825 0
t -0.821753 -0.569844 0
bt -0.574567 0.818457 0
t -0.819136 -0.573599 0
bt -0.575457 0.817832 0
t -0.817561 -0.575842 0
bt -0.575415 0.817862 0
t -0.823504 -0.56731 0
bt -0.574911 0.818216 0
t -0.818753 -0.574146 0
bt -0.575055 0.818115 0
t -0.818242 -0.574874 0
bt -0.575368 0.817895 0
t -0.817973 -0.575256 0
bt -0.574759 0.818323 0
t -0.818283 -0.574816 0
bt -0.574374 0.818593 0
t -0.819369 -0.573266 0
bt -0.574181 0.818728 0
t -0.819253 -0.573432 0
bt -0.573422 0.81926 0
t -0.819433 -0.573175 0
bt -0.574687 0.818374 0
t -0.819267 -0.573413 0
bt -0.573599 0.819136 0
t -0.818507 -0.574497 0
bt -0.571282 0.820754 0
t -0.819968 -0.57241 0
bt -0.571163 0.820836 0
t -0.816438 -0.577433 0
bt -0.577314 0.816522 0
t -0.818542 -0.574446 0
bt -0.572898 0.819627 0
t -0.816681 -0.577089 0
bt -0.575644 0.817701 0
t -0.817672 -0.575685 0
bt -0.573217 0.819403 0
t -0.817689 -0.575661 0
bt -0.57326 0.819374 0
t -0.816655 -0.577126 0
bt -0.575625 0.817714 0

