g sponza_338
t -0.0357267 -0.0505667 0.998081
bt 0.999591 -0.00146873 0.0285553
t -0.0187335 5.54955e-05 0.999825
bt 0.480831 -0.876807 -0.00339196
t 0.0442913 -0.00595424 0.999001
bt 0.500032 -0.865971 0.00787546
t 0.069043 0.0400045 0.996811
bt 0.99975 -0.000891187 -0.0223302
t 0.0600059 0.00395343 0.99819
bt -0.515327 -0.856946 0.00904514
t 0.0298113 3.81371e-05 0.999556
bt -0.500008 -0.865998 0.00628772
t 0.104498 -0.0807556 0.991241
bt -0.999059 -0.00351846 0.0432184
t 0.0364957 -0.0209864 0.999113
bt -0.999916 -0.000247663 0.0129211
t -0.104454 -0.080756 0.991246
bt 0.998931 -0.00375159 0.0460802
t -0.0520534 -0.00929474 0.998601
bt 0.516773 -0.855567 -0.0308392
t -0.0307465 0.00165925 0.999526
bt 0.500149 -0.865931 -0.00390371
t -0.0366858 -0.0209863 0.999106
bt 0.999917 -0.000247605 0.0129185
t -0.0493314 -0.0138238 0.998687
bt 0.513853 -0.857199 0.0341365
t 0.0206928 0.00362954 0.999779
bt -0.480739 -0.876861 0.00235327
t -0.0407453 3.1322e-06 0.99917
bt -0.499636 -0.866218 -0.00546367
t 0.0357852 -0.0505666 0.998079
bt -0.999672 -0.00131678 0.0255565
t -0.0691715 0.0400041 0.996802
bt -0.99975 -0.000891247 -0.0223322
t -0.253194 -0.150527 0.955633
bt 0.996151 -0.0136617 0.0865822
t -0.10559 0.0302184 0.99395
bt 0.492799 -0.870064 -0.0117354
t 0.0936612 0.00599026 0.995586
bt -0.497879 -0.867164 0.0119672
t 0.253196 -0.150527 0.955633
bt -0.996036 -0.0138629 0.0878594
t -0.253442 -0.150517 0.955569
bt 0.996033 -0.0138693 0.0878997
t -0.105758 0.0272605 0.994018
bt 0.49914 -0.866499 -0.00618857
t -0.10574 0.0805875 0.991123
bt 0.516771 -0.85557 -0.0307797
t 0.0929667 0.00760987 0.99564
bt -0.491607 -0.870793 0.00653941
t -0.0432859 -0.0238722 0.998778
bt 0.51385 -0.857199 0.0341828
t 0.250419 -0.150639 0.956346
bt -0.996167 -0.0136342 0.0864075
t -0.316328 -0.187555 0.929924
bt 0.993444 -0.022559 0.112072
t -0.127786 0.030239 0.991341
bt 0.486637 -0.873517 -0.0123105
t 0.119019 0.00628227 0.992872
bt -0.498178 -0.866998 0.0115272
t 0.312779 -0.187787 0.931078
bt -0.993085 -0.0231669 0.115086
t -0.312315 -0.187818 0.931227
bt 0.992993 -0.0233205 0.115848
t -0.13268 0.0304291 0.990692
bt 0.500133 -0.865882 -0.0107595
t 0.115767 0.00822475 0.993242
bt -0.484857 -0.874551 0.00863459
t 0.317548 -0.187474 0.929525
bt -0.993077 -0.0231817 0.11516
t -0.415957 -0.244443 0.875915
bt 0.987111 -0.0430138 0.154149
t -0.173578 0.0468422 0.983706
bt 0.477239 -0.878582 -0.0183615
t 0.161915 0.00785624 0.986773
bt -0.494294 -0.86916 0.015301
t 0.415522 -0.244497 0.876107
bt -0.987127 -0.0429872 0.154053
t -0.415337 -0.24452 0.876188
bt 0.987078 -0.0430683 0.154344
t -0.179741 0.0401305 0.982895
bt 0.49793 -0.867089 -0.0149106
t 0.155498 0.012172 0.987761
bt -0.473908 -0.880504 0.0110977
t 0.414223 -0.244656 0.876677
bt -0.987102 -0.0430287 0.154202
t -0.546816 -0.30852 0.778337
bt 0.975145 -0.0816769 0.205965
t -0.22424 0.0492388 0.973289
bt 0.462515 -0.886147 -0.0286928
t 0.218435 0.00538449 0.975837
bt -0.482575 -0.875566 0.0225122
t 0.541125 -0.309879 0.781766
bt -0.974837 -0.0821744 0.20722
t -0.540737 -0.309971 0.781998
bt 0.974803 -0.0822294 0.207359
t -0.275854 0.117026 0.954049
bt 0.501392 -0.858932 -0.104125
t -0.165548 -0.0919908 0.981902
bt 0.466077 -0.878536 0.104626
t 0.205342 0.0104507 0.978634
bt -0.456089 -0.889852 0.0120856
t 0.545323 -0.308878 0.779241
bt -0.976113 -0.0800902 0.201962
t -0.678098 -0.361516 0.639913
bt 0.952412 -0.149988 0.26536
t -0.287037 0.0608997 0.955982
bt 0.439101 -0.897597 -0.0388483
t 0.283665 -0.00257706 0.95892
bt -0.459391 -0.887854 0.0259948
t 0.675169 -0.36284 0.642257
bt -0.951722 -0.151044 0.267229
t -0.677613 -0.361736 0.640303
bt 0.95119 -0.151852 0.26866
t -0.308813 0.0503952 0.949787
bt 0.472143 -0.881045 -0.0290065
t -0.306754 0.180205 0.934574
bt 0.500687 -0.860047 -0.0981381
t -0.166738 -0.0898519 0.981899
bt 0.46582 -0.878534 0.105787
t 0.264745 0.0095129 0.964272
bt -0.428277 -0.903569 0.0118949
t 0.678255 -0.361445 0.639787
bt -0.951337 -0.151629 0.268265
t -0.799739 -0.37622 0.467842
bt 0.911106 -0.258359 0.321149
t -0.343845 0.0570089 0.937294
bt 0.405768 -0.912292 -0.0554616
t 0.35016 -0.0141818 0.936582
bt -0.420894 -0.906823 0.0228221
t 0.80073 -0.375421 0.466788
bt -0.911029 -0.258382 0.321348
t -0.798271 -0.377472 0.469338
bt 0.910283 -0.259412 0.322629
t -0.375106 0.0471836 0.92578
bt 0.441203 -0.896352 -0.0435223
t 0.323608 0.00209288 0.946189
bt -0.388477 -0.921435 0.00667045
t 0.798327 -0.377396 0.469304
bt -0.912076 -0.25701 0.319472
t -0.866732 -0.355383 0.349969
bt 0.864578 -0.358009 0.35261
t -0.426268 0.169861 0.888506
bt 0.427984 -0.883647 -0.189732
t -0.32717 -0.127639 0.936305
bt 0.321956 -0.938274 0.126439
t 0.381716 -0.0128095 0.924191
bt -0.37621 -0.926426 0.0141436
t 0.866544 -0.355616 0.350198
bt -0.86611 -0.356125 0.350754
t -0.866549 -0.35561 0.350192
bt 0.866115 -0.356119 0.350748
t -0.402806 0.0486693 0.913991
bt 0.39906 -0.915495 -0.0511847
t 0.37194 -0.00695308 0.928231
bt -0.367871 -0.929864 0.0047956
t 0.866737 -0.355377 0.349963
bt -0.864583 -0.358003 0.352604
t -0.86423 -0.352756 0.358706
bt 0.865392 -0.351418 0.357215
t -0.402149 0.0516 0.914119
bt 0.406381 -0.912385 -0.0490742
t -0.429374 0.181532 0.884695
bt 0.423286 -0.889442 -0.172398
t -0.32606 -0.130434 0.936308
bt 0.319417 -0.938273 0.13273
t 0.363547 -0.00661844 0.931552
bt -0.368823 -0.929476 0.00668104
t 0.863453 -0.35369 0.359656
bt -0.865173 -0.351683 0.357484
t -0.863659 -0.353442 0.359404
bt 0.86524 -0.351601 0.357401
t -0.384847 0.0568385 0.921229
bt 0.388538 -0.919895 -0.0532155
t 0.379076 -0.0141443 0.925257
bt -0.385219 -0.922743 0.0123138
t 0.864405 -0.352544 0.358491
bt -0.865413 -0.351393 0.357189
t -0.812098 -0.361678 0.457915
bt 0.90577 -0.262618 0.332585
t -0.422396 0.198242 0.884467
bt 0.466239 -0.871979 -0.149246
t -0.28851 -0.135821 0.947794
bt 0.377291 -0.914852 0.143865
t 0.324786 0.00127457 0.945787
bt -0.396091 -0.918182 0.00733977
t 0.813334 -0.360609 0.456562
bt -0.906549 -0.261584 0.331275
t -0.812496 -0.361334 0.457479
bt 0.90673 -0.261342 0.33097
t -0.34909 0.0660229 0.934761
bt 0.41149 -0.910159 -0.0478158
t 0.344822 -0.0091019 0.938624
bt -0.419087 -0.907659 0.0228183
t 0.813227 -0.360701 0.456679
bt -0.905752 -0.262641 0.332614
t -0.719048 -0.346298 0.602535
bt 0.946974 -0.160113 0.278575
t -0.320666 0.0667572 0.944837
bt 0.471981 -0.881147 -0.0285343
t -0.410494 0.162951 0.897185
bt 0.470882 -0.865739 -0.169608
t -0.288836 -0.135128 0.947794
bt 0.377247 -0.914852 0.143981
t 0.266632 0.00963961 0.96375
bt -0.425127 -0.905059 0.0116808
t 0.717096 -0.347301 0.604281
bt -0.946477 -0.160842 0.279842
t -0.717514 -0.347086 0.603907
bt 0.946328 -0.16106 0.280221
t -0.293169 0.0717065 0.953368
bt 0.435546 -0.899426 -0.0364952
t 0.288459 -0.00174105 0.957491
bt -0.459925 -0.887669 0.0226554
t 0.719431 -0.3461 0.602191
bt -0.946751 -0.160441 0.279145
t -0.551215 -0.279189 0.786267
bt 0.978988 -0.0681877 0.192179
t -0.231757 0.0574598 0.971075
bt 0.50178 -0.864835 -0.0166565
t 0.183627 0.0120272 0.982922
bt -0.452383 -0.891792 0.00754154
t 0.547244 -0.279969 0.78876
bt -0.979459 -0.0674454 0.19003
t -0.550214 -0.279316 0.786922
bt 0.978908 -0.0683335 0.192533
t -0.209978 0.0664452 0.975446
bt 0.457291 -0.888886 -0.0277012
t 0.201574 0.00212514 0.979471
bt -0.495719 -0.868196 0.0223221
t 0.549217 -0.279629 0.787508
bt -0.979551 -0.0672771 0.189615
t -0.280782 -0.133214 0.950482
bt 0.996775 -0.0111619 0.0794676
t -0.107973 0.038426 0.993411
bt 0.519671 -0.854352 -0.00499382
t 0.0778324 0.006535 0.996945
bt -0.469418 -0.882961 0.00505227
t 0.289709 -0.132747 0.947864
bt -0.996642 -0.0113963 0.0810818
t -0.28459 -0.13296 0.949384
bt 0.99686 -0.0110225 0.0784129
t -0.0954907 0.0400454 0.994624
bt 0.470251 -0.882482 -0.00946267
t 0.0866531 0.00294963 0.996234
bt -0.518641 -0.854919 0.011184
t 0.281043 -0.133203 0.950406
bt -0.996606 -0.0114501 0.081524
t 0.0512851 0.0650157 0.996566
bt 0.999261 -0.00247794 -0.0383608
t 0.0374594 0.00389623 0.999291
bt 0.52145 -0.853281 0.00132999
t -0.0362672 -0.00221024 0.99934
bt -0.473586 -0.880746 -0.00153018
t -0.0553065 0.0650018 0.996351
bt -0.999398 -0.00223354 -0.0346145
t 0.05497 0.065003 0.99637
bt 0.999337 -0.00234628 -0.0363426
t 0.0334104 0.00310815 0.999437
bt 0.473806 -0.880602 0.00688294
t -0.0406642 -0.00135567 0.999172
bt -0.52124 -0.853393 -0.00542629
t -0.0513139 0.0650156 0.996564
bt -0.999178 -0.00261366 -0.0404417
t 0.351015 0.224085 0.909161
bt 0.989773 -0.0340765 -0.138522
t 0.159444 -0.0286874 0.98679
bt 0.507235 -0.861735 0.0112043
t -0.136321 -0.0120107 0.990592
bt -0.469167 -0.883071 -0.0081747
t -0.353704 0.223843 0.908178
bt -0.990795 -0.032334 -0.131452
t 0.35275 0.223929 0.908528
bt 0.990767 -0.0323827 -0.13165
t 0.148165 -0.0348051 0.98835
bt 0.471869 -0.881465 0.0189401
t -0.145568 -0.00417434 0.989339
bt -0.504236 -0.863405 -0.0166965
t -0.350313 0.224148 0.909416
bt -0.989778 -0.0340688 -0.138491
t 0.562398 0.323147 0.761108
bt 0.971594 -0.0924594 -0.217845
t 0.254713 -0.0459832 0.965923
bt 0.491423 -0.870653 0.0215836
t -0.214255 -0.0121451 0.976702
bt -0.447069 -0.894448 -0.00957896
t -0.560403 0.323676 0.762353
bt -0.971548 -0.0925334 -0.218019
t 0.559165 0.324002 0.763123
bt 0.972364 -0.0912145 -0.214913
t 0.233633 -0.0532212 0.970867
bt 0.453698 -0.890632 0.0305369
t -0.232015 -0.00247308 0.972709
bt -0.483349 -0.875127 -0.02295
t -0.563475 0.32286 0.760432
bt -0.97172 -0.0922569 -0.217368
t 0.740668 0.380742 0.553576
bt 0.931117 -0.206709 -0.300488
t 0.350335 -0.0446261 0.935561
bt 0.463035 -0.885662 0.0346595
t -0.291835 -0.00790755 0.956436
bt -0.399858 -0.916558 -0.00594628
t -0.741637 0.380136 0.552695
bt -0.931173 -0.206628 -0.30037
t 0.741644 0.380131 0.552688
bt 0.931176 -0.206624 -0.300364
t 0.311902 -0.0592063 0.948268
bt 0.413528 -0.909136 0.0496644
t -0.32529 0.011439 0.945545
bt -0.44599 -0.894629 -0.0270608
t -0.740676 0.380737 0.553569
bt -0.93112 -0.206705 -0.300482
t 0.896373 0.346999 0.275874
bt 0.816035 -0.452507 -0.359617
t 0.458739 -0.0270185 0.88816
bt 0.372996 -0.925908 0.0597287
t -0.292432 0.119237 0.948824
bt -0.326922 -0.937835 -0.116567
t -0.392639 -0.177706 0.902361
bt -0.414124 -0.892997 0.176234
t -0.860468 0.357374 0.36315
bt -0.866132 -0.350546 -0.356276
t 0.860473 0.357368 0.363144
bt 0.866137 -0.35054 -0.35627
t 0.39264 -0.177711 0.902359
bt 0.414125 -0.892995 0.176238
t 0.292432 0.119237 0.948824
bt 0.326922 -0.937835 -0.116567
t -0.442543 0.0279852 0.896311
bt -0.339747 -0.940367 -0.0167733
t -0.896377 0.346993 0.275869
bt -0.816041 -0.452501 -0.359612
t 0.941671 0.2794 0.187594
bt 0.726559 -0.580973 -0.366854
t 0.471741 -0.021055 0.881486
bt 0.438906 -0.898015 0.0305111
t -0.50209 -0.0530358 0.863188
bt 0.046255 -0.995284 0.0852673
t -0.287007 0.132882 0.948667
bt -0.333641 -0.937636 -0.0975816
t -0.508944 0.035343 0.860074
bt -0.194757 -0.859374 0.472807
t -0.999231 0.0391509 0.00201962
bt -0.783434 -0.620685 -0.0313208
t -0.400735 -0.20731 0.892432
bt -0.40467 -0.904036 0.137702
t 0.999231 0.03915 0.00201957
bt 0.783441 -0.620676 -0.0313203
t 0.507171 0.00588054 0.861825
bt 0.117414 -0.928345 0.35269
t 0.400736 -0.207315 0.89243
bt 0.404671 -0.904035 0.137706
t 0.287007 0.132882 0.948667
bt 0.333641 -0.937636 -0.0975816
t -0.433936 0.048675 0.899628
bt -0.419075 -0.907646 -0.0235744
t -0.939378 0.292162 0.179469
bt -0.736505 -0.566221 -0.370073
t 0.96773 0.230241 0.10241
bt 0.625181 -0.719691 -0.301981
t 0.482514 -0.029677 0.875385
bt 0.380286 -0.922589 0.0648914
t -0.529739 -0.0071794 0.84813
bt 0.222524 -0.974129 -0.0394506
t -0.504531 -0.0269646 0.862972
bt 0.208677 -0.957909 -0.197142
t -0.510263 0.062808 0.857722
bt 0.337873 -0.833379 -0.437402
t -0.998507 -0.0541337 0.00731553
bt 0.815192 -0.573983 0.0774949
t -0.99981 0.0194504 0.00100494
bt 0.812282 -0.582523 -0.0293962
t 0.998507 -0.0541324 0.00731531
bt -0.815199 -0.573973 0.0774937
t 0.534022 0.0225943 0.845169
bt -0.224909 -0.973408 -0.0435001
t 0.508849 0.0329059 0.860227
bt -0.297793 -0.883739 -0.361004
t 0.99981 0.0194499 0.00100491
bt -0.812289 -0.582514 -0.0293957
t -0.458261 0.0404076 0.887899
bt -0.350811 -0.936303 0.0163829
t -0.970622 0.22324 0.0897588
bt -0.648987 -0.699284 -0.299696
t 0.997983 -0.0630427 0.00741156
bt 0.301036 -0.94783 0.104861
t 0.532721 0.00808029 0.846252
bt -0.161711 -0.986303 0.032491
t -0.457922 0.0183677 0.888803
bt -0.276759 -0.960899 -0.00878696
t -0.984264 0.168255 0.0539914
bt -0.387345 -0.877891 -0.281552
t -0.996796 -0.0792607 0.010711
bt -0.221503 -0.966392 0.130475
t 0.984264 0.168252 0.0539904
bt 0.387349 -0.877889 -0.281552
t 0.47047 -0.037258 0.881629
bt 0.287026 -0.95784 0.0126259
t 0.996796 -0.0792592 0.0107108
bt 0.221507 -0.966391 0.130475
t -0.5217 -0.0638415 0.850737
bt 0.20948 -0.976748 -0.0456207
t -0.997935 -0.0638959 0.00650202
bt -0.301908 -0.947589 0.104531
t 0.91548 -0.25107 0.31442
bt -0.849601 -0.329141 0.412121
t 0.345469 -0.122239 0.930435
bt -0.83038 -0.555939 -0.0374192
t 0.99708 -0.0758501 0.00882979
bt -0.694778 -0.714913 0.0786318
t -0.191304 0.261963 0.945927
bt -0.824511 -0.562859 -0.0580665
t -0.74053 -0.225045 0.633222
bt -0.816434 -0.570458 -0.0895164
t -0.831996 0.335698 0.441689
bt -0.78349 -0.376069 -0.494688
t 0.832003 0.335692 0.441681
bt 0.783497 -0.376063 -0.494681
t 0.609824 -0.0758995 0.788895
bt 0.835538 -0.549381 -0.00754146
t 0.182793 0.267572 0.94604
bt 0.793216 -0.58617 -0.164966
t -0.28923 -0.165658 0.942817
bt 0.815165 -0.577453 0.0453199
t -0.533087 -0.260478 0.804966
bt 0.935946 -0.342712 0.0809495
t -0.914492 -0.252467 0.316171
bt 0.873063 -0.304294 0.381007
t -0.997077 -0.0759993 0.00784308
bt 0.694729 -0.714884 0.0793276
t -0.913996 -0.253167 0.317047
bt -0.999183 0.0252217 -0.0315858
t -0.18824 -0.416105 0.889619
bt -0.961877 0.255638 0.097169
t -0.0581403 0.604054 0.794819
bt -0.999529 -0.0185652 -0.0244282
t 0.101752 0.601938 0.792034
bt 0.999513 -0.0188788 -0.0248408

