g sponza_364
t -0.00968683 -0.99991 0.00929165
bt -0.999976 0.00691979 4.08529e-05
t -0.0619189 -0.924388 0.376394
bt -0.950754 0.0192082 0.30935
t -0.0224552 -0.574961 0.817873
bt -0.973041 0.0370054 -0.227644
t -0.0198285 -0.710577 0.70334
bt -0.908524 0.0228938 -0.417205
t -0.181466 -0.402031 -0.897464
bt -0.720837 -0.206469 0.661638
t 0.0622512 -0.55949 -0.826496
bt -0.464916 -0.303436 0.831733
t 0.392242 -0.754937 -0.525562
bt -0.698487 -0.0152398 0.71546
t 0.0264318 -0.716342 -0.697249
bt -0.85449 0.0527872 0.516779
t 0.157475 -0.413422 0.896819
bt -0.431852 -0.190312 -0.881638
t -0.117025 -0.202556 0.972253
bt -0.19697 -0.341466 -0.919024
t -0.179991 -0.106088 0.977931
bt -0.4414 -0.260183 -0.858761
t -0.0546592 -0.340405 0.938689
bt -0.594598 -0.0844556 -0.799576
t 0.018445 -0.935149 -0.353775
bt -0.945736 -0.0232195 -0.324105
t 0.275826 -0.863049 0.423161
bt -0.700284 -0.0449196 -0.71245
t -0.0186161 -0.730122 0.683063
bt -0.873939 0.00318963 -0.486026
t -0.0056507 -0.999948 -0.00851607
bt -0.999998 -0.000947699 -0.00150426
t -0.0402101 -0.244327 -0.968859
bt -0.577541 0.0594791 0.814192
t -0.0142658 -0.574357 -0.818481
bt -0.854686 0.221257 0.469635
t 0.0168347 -0.705413 -0.708597
bt -0.862973 0.057461 0.501972
t -0.0182922 -0.294639 -0.955433
bt -0.604189 0.00262529 0.796837
t 0.00461967 -0.26838 0.963302
bt -0.489675 0.0358794 -0.871166
t -0.00857596 -0.237425 0.971368
bt -0.427552 0.115191 -0.896622
t -0.0376666 -0.00992952 0.999241
bt -0.22609 -0.059521 -0.972286
t -0.045292 -0.0181339 0.998809
bt -0.299057 -0.10855 -0.948041
t -0.00328937 -0.999859 -0.0164407
bt -0.999839 0.00595305 0.0168993
t -0.00988616 -0.673757 0.738887
bt -0.954928 0.0170753 -0.296347
t -0.162644 -0.4026 -0.900811
bt -0.755105 -0.211655 0.620498
t 0.0171862 -0.713498 -0.700446
bt -0.877706 0.0533966 0.476215
t -0.142692 -0.0828847 0.986291
bt -0.479905 -0.274973 -0.833115
t -0.0411576 -0.341883 0.938841
bt -0.626378 -0.0820435 -0.77519
t -0.0169252 -0.727541 0.685855
bt -0.89235 -0.00536682 -0.451312
t -0.0007039 -0.99991 0.0133899
bt -0.999879 0.00265322 -0.0153364
t 0.0218525 -0.705968 -0.707906
bt -0.938593 0.0153674 0.344684
t -0.00686105 -0.283967 -0.958809
bt -0.874146 0.0535069 0.482708
t 0.009096 -0.241085 0.970461
bt -0.756032 0.00717206 -0.654495
t -0.00835066 -0.00381647 0.999958
bt -0.513225 -0.0291494 -0.857759
t -0.00416822 -0.999855 -0.0165275
bt -0.999834 0.00183137 0.0181329
t -0.0170884 -0.713793 0.700148
bt -0.996921 0.00969285 -0.0778162
t 0.00992475 -0.72553 -0.688119
bt -0.934208 0.0608511 0.3515
t -0.132136 -0.384659 -0.913552
bt -0.847399 -0.165453 0.50452
t -0.0199299 -0.339911 0.940246
bt -0.749527 -0.0623116 -0.659035
t -0.0919223 -0.0400773 0.994959
bt -0.610127 -0.254149 -0.750435
t -0.0742101 -0.743897 0.664162
bt -0.966127 -0.0914327 -0.241329
t -0.000989125 -0.99989 0.0147937
bt -0.999928 0.00367942 -0.0114565
t 0.00739314 -0.718618 -0.695366
bt -0.994492 -0.0537824 0.0899657
t -0.000640957 -0.315673 -0.948868
bt -0.95513 -0.0258144 -0.29506
t -0.00131243 -0.309608 0.950863
bt -0.854256 -0.164914 0.493001
t -0.0104861 -0.00394841 0.999937
bt -0.839427 -0.0541047 0.540772
t 0.012681 -0.00416529 0.999911
bt -0.817242 0.0850972 0.569977
t -0.0161958 -0.713771 0.700191
bt -0.998807 -0.0329702 -0.0360167
t 0.00490861 -0.754166 0.656665
bt -0.999343 0.0158802 0.0325812
t -0.00363847 -0.999443 -0.0331624
bt -0.99992 -0.00258297 0.0124224
t 0.00446463 -0.743957 -0.668213
bt -0.984325 0.0482493 0.169639
t -0.061501 -0.361884 -0.930192
bt -0.958168 -0.0793189 0.274997
t -0.00478717 -0.349005 0.937109
bt -0.921747 -0.0206195 -0.387244
t -0.026988 -0.00617959 0.999617
bt -0.852217 -0.165821 -0.496216
t 0.002779 -0.999457 0.032835
bt -0.99992 -0.000954569 -0.0125744
t -0.0804758 -0.744575 0.66267
bt -0.967056 -0.0992136 -0.234433
t -0.0103864 -0.749688 0.66171
bt -0.987946 0.00805029 -0.154591
t 0.00110353 -0.756308 -0.654215
bt -0.998136 -0.0494413 -0.0357724
t 0.0275097 -0.363692 -0.931113
bt -0.97519 0.0697142 -0.210105
t -2.92787e-05 -0.353188 0.935553
bt -0.896612 -0.0764965 0.436159
t -0.00134567 -0.309608 0.950863
bt -0.984633 -0.0586308 0.164498
t 0.026782 -0.00652589 0.99962
bt -0.716993 0.124155 0.685935
t 0.00751974 -0.788035 0.615584
bt -0.987048 0.00665668 0.160289
t 0.000725579 -0.999355 -0.0359078
bt -0.999997 -0.00146397 -0.00215413
t -0.00193851 -0.763775 -0.64548
bt -0.995431 0.0210278 -0.0931398
t 0.0626723 -0.374825 -0.924975
bt -0.992288 0.076792 -0.0973002
t 0.0225302 -0.371107 0.928317
bt -0.988528 0.0662186 0.135745
t 0.0533914 -0.00620634 0.998554
bt -0.978209 0.113437 -0.173896
t 0.000516109 -0.999418 0.0341019
bt -0.999998 0.0019565 0.000633244
t 0.00119502 -0.764383 0.644761
bt -0.995421 0.00942767 0.0951268
t 0.0332421 -0.364404 -0.930647
bt -0.951023 0.028261 -0.307826
t -0.0371883 -0.78569 -0.617502
bt -0.976037 -0.0751877 -0.204202
t 0.00637327 -0.387674 -0.921775
bt -0.836018 -0.0119861 -0.548571
t -0.00750179 -0.383104 0.923675
bt -0.784427 -0.0712964 0.61611
t 0.0456998 -0.0121751 0.998881
bt -0.555125 0.147871 0.818517
t 0.0626668 -0.826623 0.559256
bt -0.964959 0.0940714 0.244958
t 0.00189749 -0.99959 -0.0285766
bt -0.999902 0.00520831 -0.0129559
t -0.0129406 -0.79396 -0.607832
bt -0.940964 -0.0128506 -0.338264
t 0.173273 -0.462035 -0.86977
bt -0.86789 0.198558 -0.455348
t 0.0567283 -0.00659547 0.998368
bt -0.803894 0.0932367 0.587419
t 0.146768 -0.0674245 0.98687
bt -0.677146 0.311121 0.666841
t 0.0410978 -0.41792 0.907554
bt -0.788366 0.0950807 0.607815
t -8.72244e-05 -0.999591 0.0286041
bt -0.999911 0.00246757 0.0131349
t 0.0172285 -0.798983 0.601107
bt -0.947089 0.0130663 0.320705
t -0.0355662 -0.785855 -0.617387
bt -0.96044 -0.1313 -0.24559
t -0.0229039 -0.815091 -0.57888
bt -0.947294 -0.0206312 -0.319701
t 0.0123975 -0.420093 -0.907396
bt -0.728748 0.0223321 -0.684417
t 0.0746054 -0.0342691 0.996624
bt -0.391619 0.179937 0.902362
t -0.0208703 -0.407381 0.91302
bt -0.659363 -0.0399365 0.750763
t -0.00250475 -0.999752 -0.0221502
bt -0.999836 0.000320754 -0.0180982
t 0.0706869 -0.827371 0.55719
bt -0.95928 0.0425914 0.279228
t 0.00618831 -0.858921 0.51207
bt -0.898174 0.0034573 0.439626
t -0.0252017 -0.833965 -0.551241
bt -0.878642 -0.0189377 -0.477105
t 0.21084 -0.579647 -0.787119
bt -0.711144 0.242247 -0.659993
t 0.217839 -0.178666 0.959492
bt -0.394988 0.32391 0.85969
t 0.0527977 -0.492346 0.868797
bt -0.611314 0.0953439 0.785624
t 0.0190105 -0.844727 0.53486
bt -0.888776 0.0191811 0.45794
t -9.48559e-05 -0.999753 0.0222041
bt -0.999828 0.00385179 0.018118
t -0.0402071 -0.84806 -0.528372
bt -0.889227 -0.0317867 -0.456361
t 0.0154668 -0.481361 -0.876386
bt -0.561187 0.0177263 -0.827499
t 0.11216 -0.0919861 0.989423
bt -0.174759 0.143354 0.974119
t -0.0311563 -0.451459 0.891748
bt -0.511733 -0.0393892 0.858241
t 0.0016322 -0.999897 -0.0142688
bt -0.999828 0.00345804 -0.0182481
t 0.00284204 -0.901423 0.432931
bt -0.853581 0.0118193 0.520826
t 0.212541 -0.708703 -0.672731
bt -0.577113 0.228982 -0.783905
t -0.0367287 -0.8797 -0.474109
bt -0.832036 -0.019613 -0.554375
t 0.260911 -0.333657 0.905869
bt -0.213116 0.272578 0.938234
t 0.0563166 -0.593438 0.802907
bt -0.496802 0.0737981 0.86472
t 0.0092289 -0.89269 0.450576
bt -0.842186 0.0241141 0.538648
t -0.000716846 -0.999897 0.0143183
bt -0.999832 -0.000126214 0.0183065
t -0.0487805 -0.887524 -0.458172
bt -0.844575 -0.0286399 -0.53467
t 0.00987611 -0.563885 -0.825795
bt -0.472574 0.0161842 -0.881143
t 0.136274 -0.174278 0.975221
bt -0.0887282 0.113438 0.989575
t -0.0485632 -0.510848 0.858298
bt -0.446726 -0.0256648 0.894303
t -0.0074245 -0.943119 0.332373
bt -0.821062 0.011055 0.570732
t 7.66449e-05 -0.999939 -0.0110015
bt -0.999743 0.00520462 -0.0220446
t -0.0392128 -0.92749 -0.371787
bt -0.80035 -0.00851431 -0.599473
t 0.1751 -0.830002 -0.529563
bt -0.471892 0.173671 -0.864382
t 0.261574 -0.527549 0.808252
bt -0.10011 0.202214 0.974211
t 0.0514845 -0.723577 0.688321
bt -0.427285 0.0491177 0.902782
t 0.0044829 -0.939129 0.343536
bt -0.804329 0.0139994 0.594019
t -0.00263787 -0.999935 0.0110607
bt -0.999752 0.00187998 0.0221799
t -0.0490033 -0.932534 -0.357741
bt -0.81539 -0.0231582 -0.578449
t -0.004149 -0.675391 -0.737448
bt -0.422865 0.012916 -0.9061
t 0.147214 -0.296999 0.943462
bt -0.0397984 0.0803128 0.995975
t -0.0606771 -0.610099 0.789999
bt -0.410245 -0.0178471 0.9118
t -0.00716622 -0.982243 0.187477
bt -0.798402 0.00581632 0.602097
t -0.00191667 -0.999977 -0.00644983
bt -0.999657 0.00234047 -0.0260783
t -0.0367657 -0.974103 -0.223096
bt -0.777145 -0.00233248 -0.629317
t 0.0986523 -0.941676 -0.321736
bt -0.396188 0.0802681 -0.914654
t 0.195704 -0.797352 0.570903
bt -0.0274858 0.112449 0.993277
t 0.0288986 -0.887989 0.458955
bt -0.385579 0.0241245 0.92236
t -0.00249226 -0.980474 0.196631
bt -0.778471 0.0119365 0.627567
t -0.00326493 -0.999974 0.00648949
bt -0.999655 0.00214104 0.026191
t -0.039022 -0.976807 -0.210538
bt -0.797511 -0.00422285 -0.603289
t -0.0192613 -0.845595 -0.533478
bt -0.392552 0.00651125 -0.919707
t 0.138568 -0.564389 0.813796
bt -0.010705 0.0440603 0.998972
t -0.119817 -0.711471 0.692425
bt -0.386434 -0.0224639 0.922043
t -0.00468013 -0.999968 0.00641224
bt -0.790311 0.00158252 0.612703
t 0.000341333 -1 -9.05043e-05
bt -0.999581 0.00276214 -0.0288025
t -0.0177578 -0.999684 -0.0178121
bt -0.767789 -0.00263622 -0.640698
t -0.0101625 -0.999359 -0.0343155
bt -0.370751 -0.035673 -0.928047
t 0.00348 -0.994361 0.105987
bt -3.82154e-05 0.0115516 0.999933
t -0.0182534 -0.998344 0.0545509
bt -0.37107 -0.00668791 0.928581
t -0.00561518 -0.999955 0.00767895
bt -0.767884 0.000666792 0.640589
t -0.00114341 -0.999999 0.000132627
bt -0.999586 0.00215182 0.0286983
t -0.0206033 -0.999612 -0.0187545
bt -0.79026 -0.00272379 -0.612766
t -0.0134108 -0.999077 -0.0408017
bt -0.382101 -0.00222869 -0.924118
t 0.00276781 -0.807625 0.58969
bt -9.77597e-05 -4.13836e-06 1
t -0.112229 -0.953564 0.279502
bt -0.382309 -0.0013616 0.924034
t -0.00355426 -0.983568 -0.180501
bt -0.799601 -0.00603699 0.600502
t -3.74143e-05 -0.999976 0.00700231
bt -0.999599 0.00253701 -0.0282227
t 0.00322811 -0.979955 0.199194
bt -0.775804 0.011469 -0.630869
t -0.120989 -0.952599 0.279136
bt -0.407452 -0.147471 -0.901241
t -0.214589 -0.867027 -0.449684
bt -0.0226101 -0.0909221 0.995601
t -0.0601635 -0.913139 -0.403184
bt -0.388521 -0.0388109 0.920622
t -0.00477825 -0.981196 -0.192955
bt -0.778183 -0.0128851 0.627905
t 0.000292374 -0.999975 -0.00701075
bt -0.999599 0.00243765 0.028215
t 0.012148 -0.981339 0.1919
bt -0.797509 0.01676 -0.603075
t -0.062213 -0.91958 0.387947
bt -0.396812 -0.022767 -0.917618
t 0.20918 -0.841362 -0.49835
bt -0.382299 -0.000781157 0.924038
t 0.00298126 -0.8361 -0.548568
bt -9.77852e-05 -4.15865e-06 1
t -0.169947 -0.686506 -0.706985
bt -0.0106414 -0.0429882 0.999019
t 0.0277486 -0.834793 -0.549864
bt -0.38984 0.010568 0.920822
t -0.00503161 -0.941743 -0.336296
bt -0.824606 -0.00660769 0.565668
t -0.00164272 -0.999918 0.0126621
bt -0.999707 0.00069489 -0.024206
t 0.0215449 -0.927008 0.374423
bt -0.801061 0.0179797 -0.598312
t -0.184874 -0.819752 0.542059
bt -0.496241 -0.225252 -0.838455
t -0.291747 -0.556983 -0.777595
bt -0.0987238 -0.188446 0.977109
t -0.0685166 -0.723003 -0.687439
bt -0.438819 -0.0659516 0.896152
t -0.0157923 -0.936469 -0.350396
bt -0.808564 -0.0231189 0.587954
t 0.00111252 -0.999918 -0.0127318
bt -0.999703 0.0025651 0.0242376
t 0.0292819 -0.933658 0.356966
bt -0.818839 0.026379 -0.573417
t -0.0174898 -0.683129 0.730089
bt -0.426761 -0.00993037 -0.90431
t -0.168087 -0.320983 -0.93205
bt -0.0425953 -0.0813518 0.995775
t 0.0417623 -0.618448 -0.784715
bt -0.411429 0.0251718 0.911094
t -0.0101401 -0.89115 -0.453596
bt -0.86743 -0.00157178 0.497557
t 0.000877744 -0.999783 0.0208243
bt -0.99973 0.00112552 -0.0232261
t 0.021224 -0.867227 0.49746
bt -0.841688 0.0277623 -0.53925
t -0.189811 -0.651122 0.734855
bt -0.624945 -0.255147 -0.737797
t -0.268404 -0.299169 -0.915673
bt -0.237643 -0.264852 0.934548
t -0.0543573 -0.556421 -0.829121
bt -0.528121 -0.083194 0.845084
t 0.00263965 -0.999779 -0.0208677
bt -0.999728 0.00177809 0.0232435
t -0.0281279 -0.880105 -0.473945
bt -0.852819 -0.0155883 0.521975
t 0.0328227 -0.880551 0.472814
bt -0.856966 0.0414207 -0.513706
t -0.0235031 -0.546092 0.837396
bt -0.493636 -0.0102336 -0.869609
t -0.139888 -0.156016 -0.977799
bt -0.105571 -0.117518 0.987443
t 0.0325721 -0.50083 -0.864933
bt -0.461029 0.0368067 0.886621
t -0.0117023 -0.840169 -0.542199
bt -0.926634 0.00639143 0.37591
t -0.00222047 -0.999528 0.0306555
bt -0.999821 -0.0018985 -0.0188444
t 0.0162885 -0.810229 0.585887
bt -0.903839 0.0395111 -0.426044
t -0.132752 -0.486837 0.863346
bt -0.79273 -0.222217 -0.567626
t -0.184512 -0.113719 -0.976229
bt -0.472353 -0.291139 0.831938
t -0.0273577 -0.438425 -0.898352
bt -0.693788 -0.092375 0.714231
t 0.000566644 -0.999528 -0.0307203
bt -0.999821 -0.00173587 0.0188598
t -0.0224326 -0.818232 -0.57445
bt -0.917258 -0.00771663 0.39822
t -0.0190758 -0.449485 0.893084
bt -0.624761 -0.00231421 -0.780813
t 0.0818275 -0.819895 0.566636
bt -0.868001 0.177378 -0.463801
t -0.0975946 -0.0601478 -0.993407
bt -0.235874 -0.145386 0.960847
t 0.0209544 -0.429579 -0.902786
bt -0.564161 0.0560867 0.823757
t -0.00629712 -0.999507 0.0307499
bt -0.999961 -0.00310404 -0.00820888
t -0.00571097 -0.802618 -0.596466
bt -0.978946 0.0112678 0.203808
t -0.0586942 -0.394934 0.916833
bt -0.939815 -0.119602 -0.320069
t -0.000456983 -0.777889 0.628402
bt -0.969713 0.0384566 -0.241201
t -0.0870241 -0.0233266 -0.995933
bt -0.830781 -0.222772 0.510075
t -0.0130027 -0.385056 -0.922802
bt -0.899298 -0.0621144 0.432903
t -0.014228 -0.779271 -0.626525
bt -0.977594 -0.00165934 0.210493
t 0.00160168 -0.999524 -0.0308134
bt -0.999965 -0.000610532 0.00828466
t 0.11521 -0.810678 0.574045
bt -0.910667 0.0653348 -0.407944
t 0.014634 -0.800598 0.599023
bt -0.972461 0.0461138 -0.228458
t -0.00881667 -0.396829 0.91785
bt -0.834182 0.0132765 -0.551329
t -0.0476679 -0.0127735 -0.998782
bt -0.540293 -0.144883 0.828911
t 0.0254762 -0.388955 -0.920904
bt -0.69445 0.118799 0.709666
t 0.00256334 -0.999613 0.0276972
bt -1 0.000783681 -0.000221445
t 0.00145856 -0.789691 -0.613504
bt -0.999904 0.00725881 0.0118432
t 0.0259105 -0.370791 0.928355
bt -0.999083 0.00878738 -0.041909
t -0.00550254 -0.768075 0.640336
bt -0.99953 0.0199682 -0.0232807
t -0.0141757 -0.000101809 -0.999899
bt -0.995758 -0.00796462 0.0916683
t -0.000655378 -0.371104 -0.928591
bt -0.998755 0.0114499 0.048561
t -0.00444263 -0.768067 -0.640355
bt -0.999919 0.00570984 0.0113987
t 0.00197554 -0.999614 -0.0277023
bt -0.999998 0.00171691 0.000247981
t 0.000935914 -0.789695 0.613499
bt -0.999673 0.0168058 -0.0192577
t 0.000182952 -0.381898 0.924204
bt -0.998707 0.0123753 -0.0492982
t -0.0035862 -1.70972e-05 -0.999994
bt -0.825009 -0.00660034 0.565081
t 0.00127521 -0.381893 -0.924206
bt -0.959344 0.101198 0.263474
t 0.000478829 -0.999705 0.0242996
bt -0.999986 0.000882636 0.00528033
t 0.00490453 -0.795492 -0.605945
bt -0.986422 0.000774008 -0.16423
t 0.000666108 -0.776148 0.630551
bt -0.983731 -0.00555917 0.179562
t 0.105514 -0.396369 0.912008
bt -0.96685 0.119441 0.22569
t 0.0852821 -0.0186957 -0.996181
bt -0.920143 0.201581 -0.335712
t 0.0234584 -0.383058 -0.923426
bt -0.943861 0.0751204 -0.321687
t 0.0435524 -0.779202 -0.625258
bt -0.990257 0.0658245 -0.122714
t -0.00216431 -0.999702 -0.0243105
bt -0.999986 0.000212624 -0.00529628
t -0.0125543 -0.794034 0.607743
bt -0.984816 -0.0113771 0.173229
t 0.02149 -0.392406 0.919541
bt -0.936046 0.0587094 0.346947
t 0.00277823 -0.38189 -0.924203
bt -0.869305 -0.194703 -0.454312
t -0.00358943 -1.71871e-05 -0.999994
bt -0.850107 -0.00680123 -0.526565
t 0.038813 -0.00851882 -0.99921
bt -0.827062 0.18109 -0.532141
t -0.00744585 -0.387095 -0.92201
bt -0.858995 -0.0274258 -0.511248
t 0.0106432 -0.815061 -0.579278
bt -0.952806 0.000714659 -0.303579
t 0.000342036 -0.999775 0.0211923
bt -0.999954 0.00185601 0.00946093
t -0.019441 -0.793465 0.608306
bt -0.942951 -0.0173752 0.332477
t 0.169809 -0.458069 0.872546
bt -0.871143 0.190828 0.452433
t 0.134587 -0.0600989 -0.989078
bt -0.699623 0.312378 -0.64261
t 0.0384405 -0.415226 -0.908906
bt -0.800869 0.0989842 -0.590602
t 0.0462306 -0.779341 -0.624892
bt -0.987305 0.0227408 -0.1572
t 0.0754175 -0.806639 -0.586212
bt -0.962436 0.0937605 -0.254805
t -0.000708893 -0.999773 -0.0213112
bt -0.999954 -0.000799524 -0.00952035
t -0.0229305 -0.809813 0.58624
bt -0.946395 -0.0276699 0.321824
t 0.0111253 -0.414712 0.909885
bt -0.720959 0.00990098 0.692907
t 0.0406063 -0.00891249 -0.999135
bt -0.465333 0.101887 -0.879252
t 0.0713197 -0.03185 -0.996945
bt -0.381704 0.170425 -0.908437
t -0.0174787 -0.40405 -0.91457
bt -0.656222 -0.0461393 -0.753156
t 0.00863874 -0.843982 -0.536302
bt -0.912119 0.00394067 -0.409907
t 0.00346802 -0.999824 0.0184491
bt -0.999913 0.00174523 0.0130659
t -0.0220681 -0.822527 0.568298
bt -0.894417 -0.0266335 0.446439
t 0.214615 -0.547696 0.808684
bt -0.747694 0.221612 0.625973
t 0.220821 -0.155973 -0.962762
bt -0.436684 0.3085 -0.845065
t 0.0582891 -0.472015 -0.879662
bt -0.643052 0.0813213 -0.761493
t 0.0828046 -0.807345 -0.584241
bt -0.958616 0.0615133 -0.277978
t 0.0168985 -0.831296 -0.555572
bt -0.906797 0.019442 -0.42112
t -0.000462384 -0.999829 -0.0185127
bt -0.999913 -0.0010994 -0.0131254
t -0.0318028 -0.835227 0.548984
bt -0.902518 -0.033244 0.429366
t 0.0121825 -0.456254 0.889766
bt -0.594634 0.0156419 0.803844
t 0.102083 -0.0721372 -0.992157
bt -0.213118 0.150552 -0.965357
t -0.0294219 -0.43262 -0.901096
bt -0.537905 -0.0435728 -0.841879
t 0.00543474 -0.879643 -0.475604
bt -0.872545 0.00897988 -0.488451
t 0.00235117 -0.999882 0.0151704
bt -0.999873 0.00243899 0.0157697
t -0.0327973 -0.857703 0.513099
bt -0.852146 -0.0233607 0.522783
t 0.21483 -0.64578 0.732678
bt -0.632538 0.230608 0.739402
t 0.250923 -0.260678 -0.932247
bt -0.273114 0.283763 -0.919178
t 0.0580605 -0.543469 -0.837419
bt -0.53812 0.074626 -0.839558
t 0.0153243 -0.870626 -0.491708
bt -0.863342 0.0204522 -0.504204
t -0.000944836 -0.999884 -0.0152126
bt -0.999875 0.000558944 -0.0157898
t -0.0395715 -0.868116 0.494782
bt -0.862141 -0.033466 0.505563
t 0.0109433 -0.517918 0.855361
bt -0.509632 0.0201057 0.860158
t 0.122144 -0.126884 -0.984369
bt -0.120255 0.124953 -0.984848
t -0.037499 -0.480071 -0.876428
bt -0.47078 -0.0329869 -0.881634
t -0.000154908 -0.918267 -0.395963
bt -0.838416 0.0117996 -0.544903
t 0.00147028 -0.99993 0.011779
bt -0.999837 0.00121255 0.0179916
t -0.0371443 -0.899476 0.43539
bt -0.818738 -0.0144449 0.573986
t 0.19544 -0.754098 0.627008
bt -0.530562 0.208987 0.821479
t 0.267497 -0.407197 -0.873291
bt -0.156521 0.238004 -0.958569
t 0.0538663 -0.640157 -0.766353
bt -0.463814 0.0620667 -0.883756
t 0.00870619 -0.912266 -0.409505
bt -0.826374 0.0224407 -0.562674
t -0.000464824 -0.999929 -0.0119074
bt -0.999838 0.000341206 -0.0179938
t -0.0476772 -0.905512 0.421634
bt -0.831589 -0.0217048 0.554967
t 0.00574779 -0.604275 0.796755
bt -0.450625 0.0186734 0.892518
t 0.142226 -0.216417 -0.965886
bt -0.0661007 0.100588 -0.99273
t -0.0517779 -0.546244 -0.836024
bt -0.428972 -0.0223172 -0.903042
t -0.00436973 -0.954502 -0.298172
bt -0.811784 0.0112409 -0.58385
t 0.000783078 -0.999969 0.00788715
bt -0.999826 -0.00106407 0.0186097
t -0.040768 -0.940574 0.337132
bt -0.793061 -0.0149543 0.608959
t 0.154736 -0.859087 0.487879
bt -0.448138 0.151215 0.881083
t 0.250717 -0.586608 -0.770086
bt -0.0758106 0.177704 -0.98116
t 0.0415171 -0.759014 -0.649749
bt -0.412759 0.038967 -0.910006
t 0.00180345 -0.951332 -0.308162
bt -0.797896 0.0153374 -0.602599
t -0.00131774 -0.999967 -0.00802555
bt -0.999822 -0.00313388 -0.018625
t -0.0449218 -0.944811 0.324522
bt -0.806887 -0.0211551 0.590328
t -0.00799098 -0.712946 0.701173
bt -0.412664 0.0156525 0.910749
t 0.14859 -0.347767 -0.925732
bt -0.0307552 0.072 -0.99693
t -0.0622627 -0.647233 -0.759745
bt -0.400621 -0.0184355 -0.916058
t -0.00456256 -0.981933 -0.189174
bt -0.794199 0.00741016 -0.607612
t 0.000139047 -0.999991 0.00429616
bt -0.999847 0.000241283 0.0174926
t -0.0316046 -0.975363 0.218332
bt -0.778868 -0.0102748 0.627104
t 0.0385446 -0.896089 0.442198
bt -0.391345 0.0501601 0.918876
t 0.194622 -0.789315 -0.582327
bt -0.0251162 0.101829 -0.994485
t 0.0237444 -0.882442 -0.469822
bt -0.385229 0.0187879 -0.92263
t -0.00268183 -0.980569 -0.196154
bt -0.780426 0.00500533 -0.625228
t 0.000602777 -0.999991 -0.00429186
bt -0.999847 -0.000513744 -0.0175072
t -0.0365685 -0.976438 0.212676
bt -0.79226 -0.0137845 0.610028
t -0.0211822 -0.840107 0.542007
bt -0.39041 0.0103189 0.920583
t 0.137008 -0.555669 -0.820037
bt -0.0107793 0.043685 -0.998987
t -0.0707339 -0.778553 -0.62358
bt -0.386252 -0.00938646 -0.922345
t 0.000993327 -0.999998 0.00148541
bt -0.999881 -0.00102993 0.0154051
t -0.00471754 -0.996563 -0.0826991
bt -0.785314 0.00464603 -0.61908
t 0.114695 -0.950174 0.289851
bt -0.390891 0.0477959 0.919195
t -0.0220861 -0.994732 0.100107
bt -0.773102 -0.000669874 0.634281
t 0.0391787 -0.988024 0.149241
bt -0.375728 0.0271215 0.926333
t 0.0950353 -0.946853 -0.307306
bt -0.00482055 0.0470217 -0.998882
t 0.00402058 -0.972557 -0.232631
bt -0.374487 0.010414 -0.927174
t -0.00380266 -0.996353 -0.0852448
bt -0.773398 0.00580854 -0.633894
t -0.000312175 -0.999999 -0.00150448
bt -0.999874 0.00393574 -0.0153913
t -0.0196223 -0.995345 0.0943616
bt -0.784953 -0.00460456 0.619538
t -0.0197621 -0.958876 0.283136
bt -0.379794 0.00305718 0.925066
t 0.0848178 -0.843916 -0.529729
bt -0.00158972 0.0158628 -0.999873
t -0.0559457 -0.929734 -0.363957
bt -0.379193 -0.00389407 -0.925309
t -0.000620188 -0.999876 0.0157345
bt -0.78257 0.000560223 -0.622563
t 0.00124193 -0.999999 -0.000316251
bt -0.999911 -0.00310333 0.0129963
t -0.00389724 -0.9999 -0.0136259
bt -0.772421 8.41051e-05 0.63511
t -0.0353967 -0.998678 0.0372753
bt -0.372336 -0.00157209 0.928097
t -0.0203998 -0.999773 0.00617419
bt -0.000155993 -0.00778832 -0.99997
t -0.0126344 -0.999735 0.0192616
bt -0.37248 -0.00661422 -0.928017
t -0.00152393 -0.99988 0.0154463
bt -0.77245 0.00192877 -0.635073
t 0.00146919 -0.999999 0.000319188
bt -0.999911 0.00233715 -0.0131027
t -0.00774312 -0.999919 -0.0100685
bt -0.782492 0.00742519 0.622616
t -0.0060361 -0.99936 -0.0352567
bt -0.37728 0.000187661 0.926099
t -0.0203996 -0.999764 -0.00752377
bt -7.81084e-05 -0.00397127 -0.999992
t -0.0132982 -0.999759 0.0174468
bt -0.377259 0.00577952 -0.92609
t -0.00138695 -0.995422 0.0955652
bt -0.783918 -0.00184018 -0.620862
t -0.000235734 -0.999999 -0.00129698
bt -0.999939 0.000758489 0.0109943
t 0.020146 -0.994682 -0.101007
bt -0.372371 -0.00368133 0.928077
t 0.00574587 -0.994573 -0.103881
bt -0.775218 0.00184097 0.631691
t -0.0600864 -0.986822 -0.150239
bt -0.382084 -0.0801368 0.920646
t -0.116744 -0.953171 0.278989
bt -0.00628394 -0.0505342 -0.998703
t -0.0240176 -0.971671 0.235113
bt -0.377155 -0.0222171 -0.925884
t -0.00135602 -0.995158 0.0982824
bt -0.775651 -0.00744035 -0.631118
t 0.00251509 -0.999996 0.00132792
bt -0.999939 0.00149589 -0.0109077
t 0.00871412 -0.994593 -0.103486
bt -0.783691 0.0030112 0.621143
t 0.0116543 -0.949836 -0.312531
bt -0.379757 -0.00515394 0.925072
t -0.104862 -0.85593 0.506348
bt -0.00242053 -0.0198193 -0.999801
t 0.0356383 -0.930301 0.365062
bt -0.378961 0.00133568 -0.925412
t -0.00267608 -0.983808 0.179208
bt -0.792778 -0.00896778 -0.609444
t -0.000752148 -0.999993 -0.00358962
bt -0.999884 -1.52817e-06 0.015204
t 0.015051 -0.979704 -0.199886
bt -0.779238 0.00866982 0.626668
t -0.108565 -0.951335 -0.288403
bt -0.403968 -0.128812 0.905658
t -0.201125 -0.841347 0.501681
bt -0.0231212 -0.0967267 -0.995042
t -0.0387901 -0.902325 0.429307
bt -0.387681 -0.0339349 -0.921169
t -0.00327255 -0.999988 0.00355016
bt -0.999871 0.00511184 -0.0152153
t -0.00296167 -0.982548 0.185983
bt -0.781142 -0.011976 -0.624238
t 0.0104204 -0.85795 -0.513627
bt -0.389022 -0.0102468 0.921171
t 0.0184675 -0.980644 -0.194924
bt -0.790956 0.0112509 0.611769
t -0.152662 -0.638939 0.753957
bt -0.0104212 -0.04317 -0.999013
t 0.0455787 -0.817459 0.574181
bt -0.385735 0.00659343 -0.922586
t -0.000836388 -0.958874 0.283831
bt -0.809599 -0.0110027 -0.58688
t 0.000177953 -0.999971 -0.00760487
bt -0.999825 -3.20316e-05 0.018701
t 0.0529902 -0.940942 -0.334397
bt -0.779383 0.0765326 0.621856
t -0.163005 -0.878152 -0.449753
bt -0.447716 -0.167942 0.878263
t -0.266732 -0.655512 0.706511
bt -0.0607235 -0.149177 -0.986944
t -0.0523468 -0.784576 0.617819
bt -0.40027 -0.0108673 -0.916333
t 0.000786318 -0.999971 0.00761586
bt -0.999811 0.00554287 -0.0186421
t -0.0889081 -0.968163 0.234
bt -0.80192 -0.0700151 -0.593314
t 0.02561 -0.953149 -0.301416
bt -0.804286 0.0250486 0.593714
t -0.00390999 -0.74056 -0.671979
bt -0.409254 -0.0134332 0.912322
t -0.166847 -0.410061 0.896667
bt -0.0271009 -0.0665511 -0.997415
t 0.0481058 -0.678801 0.732744
bt -0.399366 0.0155664 -0.91666
t -0.000458002 -0.924594 0.380954
bt -0.831809 -0.0115284 -0.554942
t 0.000860011 -0.999953 -0.00961213
bt -0.99987 -0.0037824 0.0156593
t 0.140274 -0.909408 -0.391536
bt -0.781149 0.068208 0.620607
t 0.0244143 -0.911323 -0.410968
bt -0.811999 0.0248128 0.583131
t -0.156874 -0.749065 -0.643655
bt -0.466826 -0.0875286 0.880007
t 0.0429696 -0.675686 0.735936
bt -0.409968 -0.0401209 -0.911217
t -0.286253 -0.467157 0.836555
bt -0.117262 -0.191134 -0.974534
t -0.0631406 -0.66987 0.739789
bt -0.4474 -0.0456143 -0.89317
t -0.0554845 -0.964422 0.25848
bt -0.802242 -0.0735696 -0.592448
t -0.101932 -0.937344 0.333162
bt -0.831564 -0.087278 -0.548528
t 0.0018079 -0.999952 0.00963147
bt -0.999874 0.00198465 -0.0157235
t 0.0363534 -0.915017 -0.401774
bt -0.823455 0.0303061 0.566572
t -0.0172633 -0.633855 -0.773259
bt -0.441018 -0.0167389 0.897342
t -0.157415 -0.256802 0.953558
bt -0.0570751 -0.0931283 -0.994017
t 0.0462617 -0.568111 0.821651
bt -0.420943 0.0234193 -0.906785
t -0.00871968 -0.893153 0.449669
bt -0.857238 -0.00760139 -0.514864
t -0.00170023 -0.999938 -0.0109836
bt -0.999901 -0.00552845 0.0129464
t -0.094915 -0.698345 -0.70944
bt -0.474949 -0.105644 0.873649
t 0.0289673 -0.874876 -0.48348
bt -0.839952 0.0218606 0.54222
t -0.212732 -0.685683 -0.696121
bt -0.585613 -0.208547 0.783304
t -0.276087 -0.327973 0.903443
bt -0.191757 -0.227844 -0.954629
t -0.0618258 -0.579153 0.812871
bt -0.497818 -0.0528701 -0.865668
t -0.082777 -0.934743 0.345549
bt -0.832829 -0.0979844 -0.544789
t -0.0170708 -0.88725 0.460973
bt -0.849268 -0.0164973 -0.527705
t 0.000406861 -0.999941 0.0109027
bt -0.999917 -0.000747432 -0.0128878
t 0.0317241 -0.882718 -0.468831
bt -0.847201 0.0343479 0.530162
t -0.0209641 -0.55335 -0.832685
bt -0.481341 -0.0156791 0.876393
t -0.138814 -0.164885 0.976495
bt -0.0968085 -0.115044 -0.988632
t 0.0366402 -0.504186 0.862818
bt -0.448597 0.0339741 -0.893088
t -0.00836712 -0.863361 0.504517
bt -0.884151 -0.00110255 -0.467199
t 0.000533905 -0.999929 -0.01191
bt -0.99994 0.00207167 0.0107289
t 0.0237493 -0.846124 -0.532457
bt -0.866443 0.0336602 0.49814
t -0.214649 -0.605326 -0.76649
bt -0.664938 -0.211197 0.716417
t -0.255557 -0.229376 0.939189
bt -0.280011 -0.251352 -0.926508
t -0.061002 -0.515052 0.854986
bt -0.559088 -0.0565453 -0.827178
t -0.0187152 -0.85667 0.515525
bt -0.880051 -0.01694 -0.474576
t 0.00229148 -0.999926 0.0119225
bt -0.999938 0.00295867 -0.0107331
t 0.034406 -0.852885 -0.520963
bt -0.872296 0.0432536 0.487062
t -0.0224901 -0.496461 -0.867768
bt -0.532012 -0.0128917 0.846639
t -0.124484 -0.111724 0.985911
bt -0.14443 -0.129655 -0.980984
t 0.0290134 -0.460797 0.887031
bt -0.487125 0.0415065 -0.872346
t -0.0126583 -0.838922 0.544104
bt -0.91337 -0.000737678 -0.40713
t -0.00325631 -0.999913 -0.0127749
bt -0.999962 0.00069093 0.00871171
t 0.0204232 -0.821766 -0.569459
bt -0.895965 0.0390267 0.442406
t -0.204787 -0.536447 -0.818711
bt -0.746169 -0.200324 0.634903
t -0.228024 -0.155308 0.961189
bt -0.389205 -0.265066 -0.88219
t -0.0572112 -0.466859 0.882479
bt -0.63217 -0.055816 -0.772816
t -0.0209348 -0.830684 0.556351
bt -0.909804 -0.010778 -0.414898
t 0.00144171 -0.999917 0.0128109
bt -0.999957 0.0027481 -0.00883403
t 0.0262688 -0.83079 -0.555965
bt -0.901497 0.0432889 0.430615
t -0.0196881 -0.453558 -0.891009
bt -0.593867 -0.00699244 0.804533
t -0.102014 -0.0694869 0.992353
bt -0.207997 -0.141651 -0.967818
t 0.105961 -0.38134 0.918342
bt -0.40442 0.168495 -0.898918
t -0.0117254 -0.817991 0.575111
bt -0.942665 -0.00245641 -0.333732
t -0.00293949 -0.999898 -0.0139832
bt -0.999975 -0.00142592 0.00698272
t 0.00873948 -0.803465 -0.595288
bt -0.927514 0.0384495 0.371805
t -0.187927 -0.47902 -0.857451
bt -0.824716 -0.172939 0.538457
t -0.195054 -0.0980299 0.975881
bt -0.525625 -0.264128 -0.808675
t -0.0515521 -0.430057 0.901329
bt -0.720874 -0.0523866 -0.691083
t -0.0165062 -0.807841 0.589169
bt -0.939382 -0.00687787 -0.342802
t 0.00212728 -0.9999 0.0140125
bt -0.999975 -0.00071012 -0.00698907
t 0.021493 -0.812272 -0.582883
bt -0.9313 0.0427887 0.36173
t -0.0142404 -0.421496 -0.906719
bt -0.666531 0.00568821 0.745456
t 0.115215 -0.375644 0.919574
bt -0.434225 0.143457 -0.889308
t -0.0803473 -0.0403875 0.995948
bt -0.290391 -0.145916 -0.945717
t 0.0203865 -0.407043 0.913182
bt -0.607313 0.0569048 -0.792422
t -0.002273 -0.999993 -0.0030979
bt -0.999998 0.00145175 0.00130485
t -0.012275 -0.802621 0.596363
bt -0.957051 -0.000215248 -0.289918
t -0.167085 -0.449277 -0.877629
bt -0.874438 -0.154605 0.459843
t 0.0143356 -0.796306 -0.604724
bt -0.948081 0.0349002 0.316108
t -0.166679 -0.0675463 0.983695
bt -0.630906 -0.255767 -0.73249
t -0.045438 -0.413709 0.909275
bt -0.781839 -0.0465938 -0.621737
t -0.0140126 -0.800481 0.599194
bt -0.955737 0.0027602 -0.294211
t 0.00172066 -0.999993 0.00320138
bt -0.999999 -0.000609926 -0.00129769
t 0.0156269 -0.798613 -0.601642
bt -0.948765 0.0355482 0.313978
t -0.0140255 -0.404785 -0.914304
bt -0.726276 0.0056777 0.68738
t -0.0649535 -0.0263094 0.997541
bt -0.37055 -0.15023 -0.916582
t 0.0134858 -0.395325 0.918442
bt -0.655258 0.0628417 -0.752786
t -0.00161761 -0.999947 0.010198
bt -0.99999 -8.88637e-05 -0.00450132
t -0.0133086 -0.801974 0.597211
bt -0.949206 -0.00206392 -0.31465
t -0.173705 -0.463786 -0.868752
bt -0.860176 -0.167539 0.481693
t 0.0132073 -0.805804 -0.592034
bt -0.94344 0.0333817 0.329858
t -0.163168 -0.0724305 0.983936
bt -0.637158 -0.282898 -0.716937
t -0.0437254 -0.422279 0.905411
bt -0.761772 -0.0508654 -0.645845
t -0.0127145 -0.809808 0.586557
bt -0.951681 -0.00149848 -0.307083
t 0.00216239 -0.999946 -0.0102037
bt -0.999989 0.00117264 0.00450979
t 0.0182262 -0.796918 -0.603813
bt -0.941501 0.0295943 0.33571
t -0.016761 -0.40827 -0.912707
bt -0.710475 -0.0064129 0.703693
t -0.0755452 -0.0335272 0.996579
bt -0.35927 -0.159523 -0.919498
t 0.0187985 -0.39502 0.91848
bt -0.643426 0.0497939 -0.763887
t -0.00102306 -0.999925 0.0121931
bt -0.999974 0.0012597 -0.00711592
t -0.0155481 -0.817317 0.575979
bt -0.92673 -0.00944025 -0.37561
t 0.0272279 -0.81865 -0.573647
bt -0.920871 0.0319616 0.388556
t -0.0829849 -0.463738 -0.882077
bt -0.76365 -0.145677 0.628981
t -0.188147 -0.108939 0.97608
bt -0.510493 -0.295521 -0.807505
t -0.0385542 -0.444101 0.895147
bt -0.675536 -0.0443389 -0.735993
t -0.0135679 -0.826485 0.562795
bt -0.92969 -0.00256024 -0.368335
t -0.00313988 -0.999921 -0.0121779
bt -0.999975 -0.000440471 0.00709513
t 0.0232857 -0.809611 -0.586504
bt -0.91633 0.0298453 0.39931
t -0.0175662 -0.4286 -0.903324
bt -0.639438 -0.0141496 0.768712
t -0.0888896 -0.0514668 0.994711
bt -0.265148 -0.153535 -0.951905
t 0.0184725 -0.411417 0.91126
bt -0.579105 0.0418491 -0.814178
t -0.000541057 -0.999899 0.0141994
bt -0.999939 0.000772444 -0.011015
t -0.01965 -0.841829 0.539387
bt -0.895901 -0.0162818 -0.443955
t -0.0974124 -0.469866 -0.877346
bt -0.719662 -0.0923336 0.688158
t 0.0297573 -0.841667 -0.539176
bt -0.890821 0.0341383 0.453071
t -0.124721 -0.531262 -0.837977
bt -0.680506 -0.158288 0.715441
t -0.167118 -0.129913 0.97734
bt -0.338062 -0.262841 -0.903675
t -0.0100469 -0.466271 0.884585
bt -0.578111 -0.0268032 -0.815518
t -0.014947 -0.851722 0.52378
bt -0.900916 -0.00434912 -0.433972
t -0.00697132 -0.999876 -0.0141179
bt -0.999939 -0.00122004 0.0109799
t 0.0205847 -0.832472 -0.553685
bt -0.884777 0.0253028 0.465327
t -0.0158937 -0.462062 -0.886705
bt -0.567049 -0.0232807 0.823355
t -0.105825 -0.0823864 0.990966
bt -0.185489 -0.1441 -0.972023
t 0.0228685 -0.437999 0.898685
bt -0.511629 0.037569 -0.858385
t 0.00341048 -0.999882 0.0149531
bt -0.999866 0.000996133 -0.0163128
t -0.0173898 -0.877058 0.48007
bt -0.856774 -0.0169718 -0.515413
t 0.0472474 -0.871387 -0.488316
bt -0.856926 0.0340168 0.514316
t -0.143379 -0.624538 -0.76772
bt -0.566832 -0.124678 0.814344
t -0.207313 -0.22698 0.951578
bt -0.194013 -0.21237 -0.957736
t -0.00935541 -0.527568 0.849461
bt -0.495666 -0.0138441 -0.868403
t 0.000292042 -0.883877 0.46772
bt -0.867887 -0.0114033 -0.49663
t -0.00329123 -0.999884 -0.0148543
bt -0.999867 -0.000414742 0.0163012
t 0.0301981 -0.864293 -0.502082
bt -0.848298 0.0170352 0.529245
t -0.0148387 -0.5221 -0.852755
bt -0.494363 -0.0259338 0.868868
t -0.124856 -0.136692 0.982714
bt -0.114637 -0.125529 -0.985445
t 0.0354074 -0.480851 0.876087
bt -0.456805 0.0272264 -0.88915
t 0.00269697 -0.99991 0.0131604
bt -0.999753 0.00193689 -0.0221242
t -0.00952168 -0.922448 0.386005
bt -0.817191 -0.0194981 -0.576037
t 0.0493749 -0.91586 -0.39845
bt -0.825949 0.0247561 0.563201
t -0.135035 -0.749124 -0.648521
bt -0.465158 -0.0701201 0.882446
t -0.196635 -0.33016 0.923217
bt -0.0871606 -0.146293 -0.985394
t -0.00733201 -0.634739 0.772692
bt -0.43323 -0.00134746 -0.901282
t 0.00188186 -0.928398 0.371583
bt -0.833143 -0.0129601 -0.552905
t -0.00158084 -0.999913 -0.0130715
bt -0.999758 -0.000650073 0.0219977
t 0.0382343 -0.909231 -0.414533
bt -0.810278 0.0151323 0.58585
t -0.00846184 -0.624436 -0.78103
bt -0.43227 -0.0215385 0.901487
t -0.145445 -0.244198 0.958756
bt -0.0553414 -0.0929463 -0.994132
t 0.0466546 -0.56511 0.823696
bt -0.414032 0.0158391 -0.910124
t 0.0010751 -0.968572 0.248732
bt -0.785572 -0.0173499 -0.618527
t 0.00125698 -0.999964 0.0084371
bt -0.999661 0.0010393 -0.0260126
t 0.0464807 -0.963297 -0.264382
bt -0.802134 0.0147275 0.596962
t -0.09292 -0.889523 -0.447341
bt -0.401556 -0.0134087 0.915736
t -0.282373 -0.474126 0.833948
bt -0.0950967 -0.159625 -0.982587
t -0.203021 -0.629846 0.749717
bt -0.0235603 -0.0726886 -0.997076
t 0.00426348 -0.797776 0.602938
bt -0.395046 0.010627 -0.9186
t 0.00563296 -0.971717 0.236082
bt -0.804687 -0.00780317 -0.593648
t -0.00114143 -0.999964 -0.00837101
bt -0.999665 -0.000112477 0.0258947
t 0.0365918 -0.960775 -0.274905
bt -0.782689 0.00621804 0.622382
t 0.0117704 -0.779204 -0.62666
bt -0.391513 -0.0159631 0.920034
t -0.145844 -0.451948 0.880041
bt -0.0180872 -0.0560777 -0.998263
t 0.113634 -0.63852 0.76117
bt -0.380152 0.0251323 -0.924583
t 0.00264941 -0.999995 0.00179156
bt -0.999424 -0.00137931 -0.0339004
t 0.00472867 -0.998898 0.0467017
bt -0.76698 -0.0032045 -0.641663
t 0.111621 -0.985948 -0.124289
bt -0.793217 0.0122062 0.608817
t -0.0103433 -0.995212 -0.0971864
bt -0.382329 0.0444918 0.922955
t -0.0423854 -0.828386 0.558552
bt 0.000409124 0.0079503 -0.999968
t 0.0311051 -0.980394 0.194576
bt -0.38393 0.0147426 -0.923244
t 0.00740291 -0.998966 0.0448506
bt -0.79359 -0.00663861 -0.608416
t -0.00262118 -0.999995 -0.00161129
bt -0.999425 -0.00107934 0.0338934
t 0.0264088 -0.997551 -0.064773
bt -0.766952 0.00246529 0.641699
t 0.0121764 -0.987571 -0.1567
bt -0.371463 -0.00568081 0.928431
t -0.0347976 -0.681508 0.730983
bt -0.000707608 -0.0119191 -0.999929
t 0.174787 -0.821941 0.54209
bt -0.371113 0.00434547 -0.928577
t -0.000687886 -0.999951 -0.00983205
bt -0.999307 -0.00255767 -0.0371227
t 0.00928433 -0.979268 -0.202354
bt -0.777596 0.0146875 -0.628593
t -0.0803493 -0.996511 0.0225615
bt -0.793209 0.0124689 0.608822
t -0.0145887 -0.979468 0.20107
bt -0.803612 -0.0166067 0.594921
t 0.0985054 -0.934413 0.3423
bt -0.41611 0.0940913 0.904433
t -0.0486405 -0.950611 -0.30655
bt 0.000504859 0.00982061 -0.999952
t 0.224534 -0.851432 -0.473971
bt -0.0246522 0.09342 -0.995322
t 0.049576 -0.899627 -0.433836
bt -0.400167 0.0137718 -0.916339
t 0.0724007 -0.987714 -0.138491
bt -0.808367 0.0398292 -0.58733
t 0.00180732 -0.999951 0.00974059
bt -0.999312 0.00271923 0.0369818
t 0.00399772 -0.978444 0.206473
bt -0.775356 -0.00725103 0.631483
t 0.0953816 -0.927515 0.361412
bt -0.386726 0.021964 0.921933
t -0.167741 -0.939269 -0.299395
bt -0.371114 0.00433039 -0.928577
t -0.0455391 -0.889115 -0.455412
bt -0.000700452 -0.0117783 -0.99993
t 0.192626 -0.730127 -0.655598
bt -0.011328 0.0429163 -0.999014
t 0.00223025 -0.845201 -0.534444
bt -0.380604 -0.00520209 -0.924723
t 0.0158083 -0.917433 -0.397575
bt -0.820186 0.0209687 -0.571712
t -0.00361408 -0.99984 -0.017505
bt -0.999615 0.00196231 -0.0276661
t -0.0304164 -0.917789 0.395903
bt -0.832733 -0.0253949 0.553091
t 0.151227 -0.746447 0.648033
bt -0.501558 0.130103 0.855285
t 0.255377 -0.406203 -0.877372
bt -0.103613 0.164561 -0.98091
t 0.0234297 -0.638083 -0.769611
bt -0.449875 0.0185282 -0.892899
t 0.004811 -0.999839 0.0172761
bt -0.999611 0.00381174 0.027644
t 0.0224932 -0.984383 -0.174599
bt -0.808851 0.0483993 -0.586018
t 0.00840679 -0.927205 -0.37446
bt -0.83839 0.00319493 -0.545062
t 0.029098 -0.629045 0.776824
bt -0.434097 0.0144686 0.90075
t -0.0168057 -0.908802 0.416889
bt -0.81221 -0.0171272 0.583113
t 0.163818 -0.260461 -0.951485
bt -0.058164 0.0924829 -0.994014
t -0.0275764 -0.57156 -0.820097
bt -0.414443 -0.023727 -0.909766
t 0.0239388 -0.857953 -0.513169
bt -0.874673 0.0167448 -0.484423
t -0.00126733 -0.999763 -0.0217269
bt -0.999798 0.00226623 -0.019952
t -0.0300967 -0.861669 0.506577
bt -0.872437 -0.0497486 0.486188
t 0.149593 -0.586092 0.796316
bt -0.625853 0.145319 0.766284
t 0.215786 -0.198773 -0.955995
bt -0.238365 0.219624 -0.946017
t 0.0211322 -0.505085 -0.862811
bt -0.531375 0.0127208 -0.847041
t 0.0094092 -0.871017 -0.491164
bt -0.887767 0.0100219 -0.460184
t 0.00143528 -0.999764 0.0216802
bt -0.999797 0.00291393 0.0199466
t -0.0209094 -0.846633 0.531766
bt -0.861768 -0.0307705 0.506368
t 0.0301297 -0.498392 0.866428
bt -0.51879 0.0136088 0.854793
t 0.127474 -0.117431 -0.984866
bt -0.135161 0.124494 -0.982971
t -0.0252548 -0.459208 -0.88797
bt -0.478735 -0.0356184 -0.877237
t 0.0201616 -0.80899 -0.587476
bt -0.931995 0.00753836 -0.362392
t 0.000271227 -0.999657 -0.0261947
bt -0.999899 -0.00214099 -0.0140578
t -0.0246791 -0.821646 0.569464
bt -0.925999 -0.0514994 0.373997
t 0.128625 -0.477361 0.869242
bt -0.782726 0.134439 0.607673
t 0.172802 -0.0927043 -0.980584
bt -0.435014 0.233346 -0.869662
t 0.023065 -0.435294 -0.899993
bt -0.663754 0.00461946 -0.747936
t 0.00473186 -0.826916 -0.562306
bt -0.937374 -0.00762563 -0.348241
t 0.00645656 -0.999641 0.026018
bt -0.999896 0.00378987 0.01391
t -0.00838789 -0.803845 0.594779
bt -0.920019 -0.0366815 0.390154
t 0.0248979 -0.423845 0.905393
bt -0.654764 0.00860969 0.755784
t 0.088926 -0.047711 -0.994895
bt -0.271616 0.145695 -0.951314
t -0.0135509 -0.406844 -0.913397
bt -0.588537 -0.0501002 -0.806917
t 0.00293343 -0.999455 -0.0328824
bt -0.999973 -5.70988e-05 -0.00740738
t 0.0128182 -0.775455 -0.631273
bt -0.983479 0.000154402 -0.181021
t -0.0065184 -0.799672 0.600402
bt -0.979365 -0.0427482 0.197529
t 0.104348 -0.409941 0.906124
bt -0.938698 0.0675015 0.338067
t 0.104336 -0.023528 -0.994264
bt -0.779356 0.17568 -0.601449
t 0.0259679 -0.397081 -0.917416
bt -0.875058 -0.00914995 -0.483931
t 0.00547619 -0.80065 -0.599108
bt -0.984724 -0.00992934 -0.173839
t 0.00277296 -0.999456 0.0328742
bt -0.999972 -0.000508672 0.0074187
t -0.00957501 -0.773462 0.633771
bt -0.977291 -0.0353888 0.208925
t 0.0117248 -0.38114 0.924443
bt -0.873667 -0.00225916 0.486519
t 0.040299 -0.00909255 -0.999146
bt -0.61969 0.139686 -0.772316
t -0.0187667 -0.3752 -0.926754
bt -0.739398 -0.105566 -0.664941
t 0.00163285 -0.999178 -0.0405036
bt -0.999992 -0.00109542 0.00385925
t -0.00456718 -0.763783 -0.645457
bt -0.996037 -0.0112159 0.0882329
t 0.00453345 -0.798215 0.602356
bt -0.997833 -0.0109126 -0.0648842
t 0.0725601 -0.377273 0.923255
bt -0.993489 -0.0375556 -0.107558
t 0.0354638 0.00343323 -0.999365
bt -0.960008 -0.0931691 -0.264014
t 0.0296742 -0.386035 -0.922007
bt -0.994029 -0.106508 -0.0237141
t -0.000293807 -0.798398 -0.60213
bt -0.997584 -0.00504841 0.0692895
t -0.00517277 -0.998867 0.0473128
bt -0.999857 0.00013363 -0.0169256
t 0.00382645 -0.772446 0.635069
bt -0.996705 -0.0212289 -0.0782804
t -0.0118531 -0.37346 0.927571
bt -0.993969 -0.10671 0.0252555
t -0.0177664 -0.00173269 -0.999841
bt -0.913773 -0.0886832 -0.396426
t 0.00731369 -0.377768 -0.925871
bt -0.952674 -0.196969 -0.231549
t -0.0234042 -0.870583 -0.491465
bt -0.793605 -0.0453873 0.606738
t 0.0289413 -0.992889 0.115469
bt -0.90616 0.00148233 0.422932
t 0.0625923 -0.387871 0.919586
bt -0.914618 0.290056 -0.281676
t -0.00373051 -0.735607 0.677399
bt -0.939639 0.341099 0.0270329
t 0.0576015 -0.383247 -0.921848
bt -0.787416 0.173092 0.591621
t 0.0422849 0.00409589 -0.999097
bt -0.826071 -0.0801774 0.557834
t 0.0597019 0.00602026 -0.998198
bt -0.724624 0.0800485 0.68448
t 0.0197341 -0.360199 -0.932667
bt -0.813355 0.318763 0.486665
t -0.0356055 -0.99407 -0.102745
bt -0.902931 0.00142761 -0.429784
t 0.0447817 -0.743579 -0.667147
bt -0.965221 0.141165 -0.220047
t -0.048978 -0.476623 0.877742
bt -0.637923 -0.169018 -0.751323
t 0.0230075 -0.822603 0.56815
bt -0.776241 -0.032694 -0.629588
t 0.0216464 -0.424554 -0.905144
bt -0.514464 -0.0297598 0.856996
t 0.00611412 -0.377881 -0.925834
bt -0.730003 0.190039 0.656492
t -0.0188727 -0.00184034 -0.99982
bt -0.548849 -0.0532667 0.834222
t -0.10226 -0.0787824 -0.991633
bt -0.279279 -0.215092 0.935809
t -0.0167642 -0.0701275 0.997397
bt -0.0283075 -0.0672027 0.997338
t 0.0580936 0.154591 -0.986269
bt 0.0121072 0.16949 -0.985458
t -0.0707972 -0.266685 0.96118
bt -0.312677 -0.119332 0.942334
t 0.0189229 0.0695813 0.997397
bt 0.0112318 0.0715256 0.997375
t 0.195105 0.144292 -0.97011
bt 0.172365 0.169852 -0.970279
t 0.0925169 -0.363285 0.927073
bt -0.0913 -0.0806821 0.99255
t 0.102555 0.0625068 0.992761
bt 0.101152 0.0647786 0.99276
t 0.0637425 0.124758 -0.990138
bt 0.0594029 0.131642 -0.989516
t -0.0343838 0.0611057 -0.997539
bt -0.0382246 0.0679085 -0.996959
t -0.139721 -0.00172537 -0.990189
bt -0.143846 0.0050936 -0.989587
t 0.00949515 -0.359853 -0.932961
bt -0.299588 -0.0212584 -0.953832
t 0.137239 0.228587 0.963802
bt 0.136529 0.229003 0.963804
t -0.0148659 -0.297164 -0.954711
bt -0.401809 -0.0580194 -0.913884
t -0.0293083 -0.163965 -0.986031
bt -0.0627848 -0.153049 -0.986222
t 0.00415172 -0.0754003 -0.997145
bt -0.0291157 -0.0669975 -0.997328
t 0.00477457 -0.00112794 0.999988
bt -0.0204072 0.00482097 0.99978
t -0.0493895 -0.419017 0.906634
bt -0.332489 0.0417631 0.942182
t -0.324886 -0.113056 0.938971
bt -0.333442 -0.0825347 0.939151
t -0.265514 -0.116039 0.957098
bt -0.269183 0.112771 0.956464
t 0.056452 -0.0837115 0.99489
bt -0.0768013 0.0758023 0.994161
t 0.269141 1.69488e-05 -0.963101
bt 0.268996 0.00868892 -0.963102
t -0.133331 -0.0111469 0.991009
bt -0.130213 0.0160642 0.991356
t -0.000216967 -0.00142529 -0.999999
bt 0.000125149 0.000822125 -1
t -0.253482 -0.0309046 -0.966846
bt -0.253443 0.0342007 -0.966746
t -0.00232224 -0.0152552 0.999881
bt -0.00090929 -0.00597333 0.999982
t 0.132602 -0.0315669 0.990667
bt 0.133742 -0.0220338 0.990771
t 0.253558 -0.0169376 0.967172
bt 0.253591 -0.00670544 0.967288
t -0.330863 -0.104511 -0.937874
bt -0.339927 -0.0691298 -0.937908
t -0.0731277 -0.385946 -0.919618
bt -0.340292 0.0570472 -0.938588
t 0.0687992 -0.0662033 -0.995431
bt -0.117039 0.156008 -0.980797
t 0.0106713 -0.230452 -0.973025
bt -0.271588 0.138172 -0.952443
t 0.0901987 -0.348896 0.932811
bt -0.462112 0.73871 -0.490673
t -0.0408372 -0.430707 0.901567
bt -0.330252 0.819919 -0.467618
t 0.203457 -0.258853 0.944246
bt -0.56107 0.679265 -0.473074
t -0.49148 -0.289692 -0.821296
bt -0.760508 -0.448275 0.469763
t -0.281231 -0.487425 -0.826635
bt -0.413703 -0.716682 0.561442
t -0.0454411 -0.0152093 -0.998851
bt -0.234469 -0.0876598 0.968163
t -0.0381501 -0.0100568 -0.999221
bt -0.234876 -0.0618345 0.970057
t -0.413007 -0.236476 -0.879491
bt -0.780701 -0.448963 0.434669
t -0.0149321 0.00238607 -0.999886
bt -0.488917 -0.0333536 0.871692
t 0.00952707 -0.309579 0.950826
bt -0.998752 0.0107354 -0.0487835
t 0.0320437 -0.711785 0.701666
bt -0.933503 0.221691 -0.281825
t -0.264949 -0.10932 -0.958046
bt -0.866724 -0.363314 0.341749
t 0.0797935 -0.717604 0.691866
bt -0.864507 0.188101 -0.466097
t 0.00501026 0.00227989 -0.999985
bt -0.80892 0.087456 -0.581378
t -0.0146467 0.00240208 -0.99989
bt -0.890096 -0.0539782 -0.452565
t 0.00994727 -0.2824 -0.959245
bt -0.892789 -0.208933 -0.399094
t 0.00995265 -0.309575 0.950823
bt -0.999785 0.00157188 -0.0206528
t 0.0266292 -0.712098 0.701574
bt -0.998725 -0.0249836 -0.0438604
t -0.072631 -0.0132539 -0.997271
bt -0.963831 -0.188225 0.188681
t 0.0847546 -0.716448 0.692473
bt -0.918292 0.0832294 -0.387057
t -0.0431946 -0.353929 -0.934274
bt -0.78258 -0.115115 -0.611814
t 0.0169215 -0.00114698 -0.999856
bt -0.689546 0.121911 -0.713907
t 0.159716 -0.0185376 -0.986989
bt -0.99256 0.115108 -0.0396858
t 0.0360355 -0.791064 -0.610671
bt -0.993022 0.0594386 -0.101854
t 0.0444861 -0.0118518 -0.99894
bt -0.541684 0.144291 -0.828105
t -0.0409715 -0.354266 -0.934247
bt -0.62309 -0.195901 -0.75722
t -0.0909939 -0.801399 0.591168
bt -0.941506 -0.0438629 0.33413
t 0.37161 -0.170728 -0.912556
bt -0.868596 0.399079 -0.293729
t 0.0385625 -0.791173 -0.610376
bt -0.990029 0.0091728 -0.140567
t 0.0767711 -0.0352641 -0.996425
bt -0.409025 0.187934 -0.892961
t -0.0763039 -0.804709 0.588746
bt -0.892433 -0.179942 0.413745
t 0.478836 -0.392705 -0.785175
bt -0.674267 0.552952 -0.489499
t 0.121145 -0.099356 -0.98765
bt -0.173899 0.142648 -0.974377
t 0.484715 -0.619888 -0.617082
bt -0.461524 0.590261 -0.66226
t 0.147415 -0.188524 -0.970942
bt -0.0822053 0.105097 -0.991058
t 0.39849 -0.804073 -0.441218
bt -0.255801 0.515927 -0.817548
t 0.145318 -0.293174 -0.944951
bt -0.0345787 0.0697815 -0.996963
t 0.23037 -0.938988 -0.255404
bt -0.0818013 0.333002 -0.939371
t 0.138134 -0.563303 -0.814622
bt -0.008621 0.0347283 -0.99936
t 0.136567 -0.962559 0.234159
bt -0.400033 0.0444052 0.915425
t 0.00349704 -0.999275 -0.03792
bt -0.000172849 0.0500251 -0.998748
t 0.00290917 -0.814603 -0.580011
bt 0.000102556 -9.66508e-05 -1
t -0.235898 -0.952837 0.190928
bt -0.0631587 -0.255535 -0.964735
t -0.168811 -0.681917 0.711682
bt -0.0125878 -0.0508509 -0.998627
t 0.00290855 -0.846211 0.532841
bt 0.00010255 -9.66462e-05 -1
t -0.42175 -0.805157 0.416952
bt -0.252427 -0.481879 -0.839091
t -0.165571 -0.316178 0.93414
bt -0.0354567 -0.0677193 -0.997074
t 0.225976 -0.513248 0.827956
bt -0.378414 0.0619714 -0.923559
t -0.511849 -0.570498 0.642295
bt -0.499191 -0.556367 -0.664277
t -0.148323 -0.165122 0.975056
bt -0.103274 -0.115254 -0.987953
t -0.430082 -0.265077 0.862997
bt -0.76147 -0.469334 -0.44709
t -0.076727 -0.8494 0.522142
bt -0.939668 -0.0624784 -0.336335
t -0.0976591 -0.0601875 0.993398
bt -0.235358 -0.145068 -0.961021
t -0.215775 -0.0578501 0.974728
bt -0.94793 -0.254181 -0.191889
t -0.0553702 -0.846797 0.529026
bt -0.944817 -0.106249 -0.309892
t -0.0475217 -0.0127343 0.998789
bt -0.560142 -0.150205 -0.814665
t -0.0413426 -0.403841 -0.913895
bt -0.954668 -0.144027 0.260509
t -0.0616093 -0.000481171 0.9981
bt -0.999538 -0.00799412 -0.0293218
t -6.33028e-05 1.10514e-05 1
bt -0.814166 -0.00651386 -0.580595
t 0.225764 -0.0494722 0.972925
bt -0.970143 0.212538 0.116834
t -0.054461 -0.770202 -0.635471
bt -0.985548 0.00755356 -0.16923
t 0.0459583 -0.0100834 0.998892
bt -0.825979 0.180852 0.533902
t -6.31731e-05 1.1044e-05 1
bt -0.841519 -0.0067323 0.540186
t 0.338721 -0.151244 0.928651
bt -0.880636 0.393202 0.264334
t -0.0758005 -0.781915 -0.61876
bt -0.936088 -0.0424121 -0.3492
t -0.051258 -0.770616 -0.635235
bt -0.95161 -0.13271 -0.277176
t 0.0619588 -0.0276703 0.997695
bt -0.391183 0.174658 0.903588
t 0.0479544 -0.0105217 0.998794
bt -0.460643 0.10086 0.881836
t -0.0525764 -0.37814 0.924254
bt -0.570063 -0.21002 0.794305
t 0.512068 -0.361719 0.779067
bt -0.718352 0.507468 0.475865
t -0.0635869 -0.784639 -0.616683
bt -0.902298 -0.136309 -0.408997
t 0.106739 -0.0754265 0.991422
bt -0.200353 0.141534 0.969447
t 0.511611 -0.53152 0.675086
bt -0.544606 0.565822 0.619072
t 0.121104 -0.125803 0.984636
bt -0.118306 0.122928 0.985339
t 0.459542 -0.699168 0.547709
bt -0.365759 0.556703 0.745857
t 0.147078 -0.2238 0.963474
bt -0.0687744 0.104657 0.992128
t 0.358851 -0.840007 0.406958
bt -0.200998 0.470242 0.859344
t 0.153268 -0.358716 0.920778
bt -0.0295553 0.0691914 0.997166
t 0.231303 -0.938067 0.257933
bt -0.0687217 0.278674 0.957924
t 0.130631 -0.957842 0.25588
bt -0.41506 0.198396 0.887899
t 0.136619 -0.554089 0.821171
bt -0.0128117 0.0519276 0.998569
t 0.0991881 -0.987789 0.120141
bt -0.0134352 0.134815 0.99078
t 0.166437 -0.970152 0.176361
bt -0.395203 0.0711412 0.915835
t 0.084347 -0.839231 0.537193
bt -0.00173673 0.0173255 0.999848
t -0.0204001 -0.999787 -0.0031049
bt -0.000340625 -0.0168366 0.999858
t -0.0254859 -0.999597 0.0125264
bt -0.372417 -0.00949798 0.928017
t -0.0203991 -0.999742 0.00999644
bt 5.16049e-06 0.000109067 1
t -0.120909 -0.98686 -0.107185
bt -0.0183403 -0.150581 0.988428
t -0.00038768 -0.998747 -0.0500366
bt -0.371461 -0.12801 0.919581
t -0.10709 -0.874122 -0.473753
bt -0.00209079 -0.0171277 0.999851
t -0.227144 -0.950192 -0.213402
bt -0.0657633 -0.275108 0.959162
t -0.150758 -0.630323 -0.761554
bt -0.012128 -0.0511691 0.998616
t -0.0858763 -0.967892 -0.236241
bt -0.802363 -0.0749645 0.592109
t -0.353305 -0.868242 -0.348326
bt -0.160995 -0.395591 0.904206
t 0.0686469 -0.936124 0.344905
bt -0.781058 0.0686361 -0.620676
t -0.138989 -0.86103 0.489193
bt -0.420074 -0.0717961 -0.904645
t -0.157635 -0.387424 -0.908325
bt -0.0276527 -0.0679071 0.997308
t -0.0545705 -0.964296 -0.259142
bt -0.802937 -0.0817308 0.590434
t -0.455869 -0.743629 -0.489081
bt -0.283641 -0.46292 0.839793
t -0.311792 -0.843604 -0.437169
bt -0.549953 -0.300404 0.7793
t 0.0795038 -0.893412 0.442147
bt -0.792085 0.100767 -0.602036
t 0.160473 -0.900465 0.404241
bt -0.782445 0.0619076 -0.619635
t -0.073929 -0.805694 0.5877
bt -0.422231 -0.0787666 -0.90306
t -0.15909 -0.259536 -0.952539
bt -0.0618317 -0.100889 0.992974
t -0.513573 -0.610124 -0.603317
bt -0.423801 -0.503516 0.752904
t -0.26015 -0.817737 -0.513447
bt -0.574799 -0.384591 0.722286
t 0.137493 -0.870248 0.473037
bt -0.796853 0.0842782 -0.598266
t -0.143359 -0.170284 -0.974911
bt -0.0984546 -0.116999 0.98824
t -0.538387 -0.48325 -0.690369
bt -0.553621 -0.496943 0.668246
t -0.126621 -0.113642 -0.98542
bt -0.146845 -0.131822 0.980336
t -0.115935 -0.502194 0.856948
bt -0.679016 -0.103455 -0.726798
t -0.53261 -0.362749 -0.764683
bt -0.687753 -0.4684 0.554614
t -0.111062 -0.0756497 -0.99093
bt -0.213803 -0.145605 0.965965
t -0.0962389 -0.492687 0.864869
bt -0.717047 -0.152375 -0.680166
t -0.49041 -0.246451 -0.835918
bt -0.799108 -0.401562 0.447409
t -0.0791638 -0.0397928 -0.996067
bt -0.283623 -0.142515 0.948287
t -0.449672 -0.182266 -0.874399
bt -0.861969 -0.349427 0.367301
t -0.0625362 -0.0253295 -0.997721
bt -0.351854 -0.142651 0.925121
t -0.414817 -0.18416 -0.891074
bt -0.8592 -0.381475 0.340958
t -0.0777962 -0.0345266 -0.996371
bt -0.367196 -0.163042 0.915742
t -0.467372 -0.270585 -0.841634
bt -0.774511 -0.448373 0.446199
t -0.32913 -0.551657 -0.766386
bt -0.854204 -0.291722 0.430388
t -0.0929954 -0.0538442 -0.99421
bt -0.264725 -0.15329 0.952062
t -0.334687 -0.260192 -0.905696
bt -0.601314 -0.467505 0.647966
t -0.151237 -0.491641 -0.857564
bt -0.791776 -0.183943 0.582456
t -0.107365 -0.0833324 -0.990721
bt -0.18025 -0.140273 0.973567
t -0.398527 -0.436307 -0.80673
bt -0.395712 -0.433183 0.809793
t -0.120548 -0.131975 -0.983896
bt -0.112374 -0.123052 0.986017
t -0.354898 -0.595855 -0.720419
bt -0.173068 -0.290522 0.941087
t -0.146468 -0.245915 -0.958161
bt -0.0521331 -0.0875592 0.994794
t -0.271409 -0.841506 -0.467124
bt -0.0420455 -0.130659 0.990535
t -0.427375 -0.717566 -0.549954
bt -0.189525 -0.318169 0.928896
t -0.148183 -0.459195 -0.875889
bt -0.0168101 -0.0521201 0.998499
t -0.152424 -0.925122 0.34773
bt -0.402842 -0.0597879 -0.913315
t 0.0150709 -0.998599 -0.0507204
bt -0.793685 -0.00865622 0.608267
t -0.0505601 -0.988154 -0.144898
bt 0.00285372 0.055728 0.998442
t -0.0334323 -0.651909 -0.75756
bt -0.000778147 -0.0172118 0.999852
t -0.03279 -0.999364 -0.0140334
bt -0.793682 -0.00837943 0.608276
t 0.24422 -0.926059 0.287702
bt -0.0607566 0.230322 0.971216
t 0.00996248 -0.982961 -0.183545
bt -0.797873 -0.0625682 -0.59957
t 0.191267 -0.724978 0.661682
bt -0.00892179 0.033796 0.999389
t -0.0449995 -0.880384 0.472121
bt -0.000767751 -0.0170069 0.999855
t 0.416281 -0.661754 0.623531
bt -0.219732 0.349542 0.91079
t -0.167933 -0.937212 -0.305667
bt -0.799039 -0.0543133 -0.598821
t 0.153075 -0.24338 0.957776
bt -0.052607 0.0836475 0.995106
t -0.236035 -0.452289 0.860071
bt -0.368372 -0.0569805 0.927931
t 0.437647 -0.40317 0.803691
bt -0.448247 0.412978 0.792795
t 0.129798 -0.119571 0.984304
bt -0.124894 0.115037 0.985479
t 0.391413 -0.209973 0.895939
bt -0.698229 0.374545 0.610075
t 0.0962131 -0.05162 0.994021
bt -0.266298 0.142842 0.953248
t 0.295734 -0.0666736 0.952941
bt -0.915613 0.206399 0.34504
t 0.0474206 -0.0106979 0.998818
bt -0.638683 0.143968 0.755882
t 0.0418091 -0.38664 -0.921283
bt -0.973582 0.148387 -0.173547
t 0.226991 0.0220221 0.973648
bt -0.995148 -0.0965823 -0.0187558
t -0.0155605 -0.00151858 0.999878
bt -0.91749 -0.0890438 0.387663
t 0.173289 -0.0345341 0.984265
bt -0.905301 0.116941 -0.408357
t -0.10038 -0.0773345 0.991939
bt -0.283129 -0.218057 -0.933964
t -0.0161456 -0.00157564 0.999868
bt -0.565386 -0.0548719 -0.822999
t 0.0186149 -0.370882 0.928493
bt -0.602223 0.246306 -0.759382
t 0.0568674 -0.191093 0.979923
bt -0.781583 0.149004 0.605744
t 0.0119551 -0.572163 0.820053
bt -0.807033 -0.403194 0.431431
t -0.518391 -0.65534 0.549363
bt -0.396208 -0.0862447 0.914101
t 0.220802 -0.549155 0.806024
bt -0.371835 0.070552 0.925614
t -0.495998 -0.778993 0.383609
bt -0.693847 0.0368942 0.719176
t 0.315274 -0.666182 -0.675873
bt -0.12033 -0.0335797 -0.992166
t 0.482143 -0.85405 -0.195288
bt 0.0473255 -0.0836422 -0.995371
t -0.400163 -0.693397 -0.599225
bt -0.089103 -0.154574 -0.983955
t -0.516284 -0.710306 -0.478452
bt -0.370368 -0.0183325 -0.928704
t -0.540802 -0.717135 -0.439603
bt -0.695235 0.0241163 -0.718378
t 0.0158772 -0.231874 -0.972616
bt -0.913802 -0.287553 -0.286845
t 0.0281481 -0.0814183 -0.996282
bt -0.921372 0.208611 -0.327956
t 0.0178944 -0.179005 -0.983685
bt -0.815523 0.169317 -0.553402
t 0.0369132 -0.569702 -0.821022
bt -0.883762 -0.337587 -0.324037
t 0.0131804 -0.0776737 0.996892
bt -0.944919 0.22102 0.24141
t 0.0133295 -0.00315073 0.999906
bt -0.883747 0.208762 0.41882
t -0.0142619 -0.00376109 0.999891
bt -0.957892 -0.252178 0.137291
t 0.0313632 -0.228299 0.973086
bt -0.948053 -0.26788 0.171571
t -0.350447 -0.607003 0.713256
bt -0.194357 -0.336543 0.921393
t 0.490909 -0.869626 0.0525236
bt 0.324194 -0.574451 0.751601
t -0.0130287 -0.00343643 -0.999909
bt -0.959839 -0.25269 -0.121889
t 0.00442023 -0.00104614 -0.99999
bt -0.82017 0.193743 -0.538317
t 0.0728674 -0.976681 -0.201954
bt -0.269195 0.00510758 0.963072
t 0.227206 -0.967592 0.110199
bt -0.367379 0.0537812 0.928515
t 0.0976289 -0.357823 0.928672
bt -0.393855 0.316348 0.863019
t 0.052559 -0.386456 0.920809
bt -0.604032 -0.199876 0.771489
t -0.0550531 -0.725151 0.686386
bt -0.743604 -0.335867 0.57814
t 0.0580537 0.0062248 -0.998294
bt -0.353263 0.0560152 -0.933845
t 0.0108723 -0.35899 -0.933278
bt -0.476191 -0.245609 -0.844345
t 0.0665753 -0.900538 -0.42965
bt -0.365178 0.0414243 -0.930016
t 0.121806 -0.876732 0.465301
bt -0.253605 0.00168902 -0.967306
t 0.0364836 -0.611806 0.790166
bt -0.139162 -0.0250568 -0.989953
t -0.0379641 -0.249382 -0.967661
bt -0.00352099 -0.0231101 0.999727
t 0.067702 -0.442417 -0.89425
bt -0.133311 -0.0108907 0.991014
t -0.0101213 -0.793713 0.608208
bt -0.370954 0.0700271 0.926007
t 0.190844 -0.0366543 0.980936
bt -0.844226 0.0968993 0.527155
t 0.192496 -0.245829 0.950007
bt -0.540512 0.638112 0.548324
t -0.0878629 -0.717373 -0.691127
bt -0.727232 -0.353468 -0.588382
t -0.0366552 -0.240785 0.969886
bt -0.00270742 -0.0177661 -0.999839
t 0.100555 -0.372028 0.922759
bt -0.312947 0.195117 -0.929513

