g sponza_177
t -0.340341 -0.940302 0
bt 0.942224 -0.334985 0
t -0.319332 -0.947643 0
bt 0.939587 -0.342311 0
t -0.339156 -0.94073 0
bt 0.942038 -0.335505 0
t -0.339478 -0.940614 0
bt 0.94209 -0.335362 0
t -0.337863 -0.941195 0
bt 0.941575 -0.336804 0
t -0.337967 -0.941158 0
bt 0.941901 -0.335891 0
t -0.339603 -0.940569 0
bt 0.941419 -0.33724 0
t -0.33799 -0.94115 0
bt 0.941744 -0.336331 0
t -0.331905 -0.943313 0
bt 0.942286 -0.334808 0
t -0.331905 -0.943313 0
bt 0.942286 -0.334808 0
t -0.334788 -0.942294 0
bt 0.941668 -0.336543 0
t -0.333602 -0.942714 0
bt 0.941794 -0.33619 0
t -0.335732 -0.941958 0
bt 0.941003 -0.338399 0
t -0.338342 -0.941023 0
bt 0.94129 -0.3376 0
t 0.00743897 0.0145511 -0.999866
bt -0.455121 -0.890243 -0.0182356
t 0.00838134 0.0163944 -0.99983
bt -0.455156 -0.89031 -0.0134328
t 0.000710833 0.014981 -0.999887
bt -0.0473876 -0.998703 -0.0186143
t 0.000710833 0.014981 -0.999887
bt -0.0473876 -0.998703 -0.0186143
t 0.0129021 0.015008 -0.999804
bt -0.651863 -0.758257 -0.0109886
t 0.0129021 0.015008 -0.999804
bt -0.651863 -0.758257 -0.0109886
t -0.0125775 -0.0108873 -0.999862
bt 0.756001 0.654407 -0.0146566
t -0.0106726 -0.0167712 -0.999802
bt 0.536821 0.843576 -0.0142446
t -0.00956728 -0.0150343 -0.999841
bt 0.536821 0.843576 -0.014244
t -0.0125778 -0.0108876 -0.999862
bt 0.756001 0.654407 -0.0146399
t -0.00617219 0.0156439 -0.999859
bt 0.366982 -0.930147 -0.0122753
t -0.00617172 0.0156427 -0.999859
bt 0.366982 -0.930147 -0.0122755
t -0.0132393 0.0105095 -0.999857
bt 0.783169 -0.621686 -0.0123401
t -0.0132393 0.0105095 -0.999857
bt 0.783169 -0.621686 -0.0123401
t -0.00787221 0.0149795 -0.999857
bt 0.465155 -0.885114 -0.0143267
t -0.00887174 0.0168815 -0.999818
bt 0.465155 -0.885114 -0.0143267
t -0.00787221 0.0149795 -0.999857
bt 0.465155 -0.885114 -0.0143267
t -0.00787221 0.0149795 -0.999857
bt 0.465155 -0.885114 -0.0143267
t -0.0168766 -0.00941327 -0.999813
bt 0.873275 0.487086 -0.0117831
t -0.0149345 -0.00833 -0.999854
bt 0.873275 0.487086 -0.0117827
t -0.0168766 -0.00941327 -0.999813
bt 0.873275 0.487086 -0.0117831
t -0.0168766 -0.00941327 -0.999813
bt 0.873275 0.487086 -0.0117831
t 0.987736 0.156135 0
bt 0.176444 -0.984311 0
t 0.987779 0.155862 0
bt 0.149427 -0.988773 0
t 0.987774 0.155893 0
bt 0.16792 -0.985801 0
t 0.987736 0.156135 0
bt 0.176444 -0.984311 0
t 0.987935 0.154872 0
bt 0.157942 -0.987448 0
t 0.987745 0.156079 0
bt 0.155593 -0.987821 0
t 0.987877 0.155238 0
bt 0.156453 -0.987685 0
t 0.987876 0.155248 0
bt 0.156733 -0.987641 0
t 0.987746 0.156071 0
bt 0.152688 -0.988275 0
t 0.987746 0.156071 0
bt 0.152688 -0.988275 0
t 0.987757 0.155999 0
bt 0.152205 -0.988349 0
t 0.987789 0.155796 0
bt 0.154136 -0.98805 0
t 0.987677 0.156506 0
bt 0.15429 -0.988026 0
t 0.987677 0.156506 0
bt 0.15429 -0.988026 0
t -0.0166075 0.00321394 -0.999857
bt 0.981597 -0.189963 -0.0195408
t -0.0148587 -0.00318993 -0.999885
bt 0.97766 0.209888 -0.0112691
t -0.015955 -0.00342529 -0.999867
bt 0.977565 0.209868 -0.0179272
t -0.0159973 0.00309586 -0.999867
bt 0.981635 -0.18997 -0.0174329

