g sponza_86
t 0 0 1
bt -0.0971963 -0.995263 -0.00231456
t 0 0 1
bt -0.0971966 -0.995265 0
t 0 0 1
bt -0.164705 -0.986342 -0.00154662
t 0 0 1
bt -0.172904 -0.984938 -0.00146375
t -1 0 0
bt 0.0019517 -0.992869 -0.119196
t -1 0 0
bt 0.00167266 -0.97802 -0.208503
t -1 0 0
bt 0.0012822 -0.978021 -0.208503
t -1 0 0
bt 0.0019517 -0.992869 -0.119196
t -1 0 0
bt -0.000235621 -1 0
t -1 0 0
bt 0.000292528 -1 0
t -1 0 0
bt -0.000235621 -1 0
t -1 0 0
bt -0.000235621 -1 0
t 0 0 -1
bt 0 -1 -0.000300807
t 0 0 -1
bt 0 -1 0
t 0 0 -1
bt 0 -1 -0.000300807
t 0 0 -1
bt 0 -1 -0.000300807
t 0 0 1
bt -0.678534 -0.734012 0.0286011
t 0 0 1
bt -0.674678 -0.729841 0.110196
t 0 0 1
bt -0.678534 -0.734012 0.0286011
t 0 0 1
bt -0.678534 -0.734012 0.0286011
t -1 0 0
bt 0.512593 -0.56755 -0.64431
t -1 0 0
bt -0.504396 -0.570749 -0.647943
t -1 0 0
bt 0.512593 -0.56755 -0.64431
t -1 0 0
bt 0.512593 -0.56755 -0.64431
t 0 0 1
bt 0.564881 -0.825172 0.00132217
t 0 0 1
bt 0.564881 -0.825172 0
t 0 0 1
bt 0.564881 -0.825172 0.00132217
t 0 0 1
bt 0.564881 -0.825172 0.00132217
t -1 0 0
bt -0.000356114 -0.765378 0.643581
t -1 0 0
bt 0.000605927 -0.765378 0.643581
t -1 0 0
bt -0.000356114 -0.765378 0.643581
t -1 0 0
bt -0.000356114 -0.765378 0.643581
t 0 0 1
bt -0.606885 -0.79478 0.00399597
t 0 0 1
bt -0.60689 -0.794786 0
t 0 0 1
bt -0.606885 -0.79478 0.00399597
t 0 0 1
bt -0.606885 -0.79478 0.00399597
t -1 0 0
bt -0.003067 -0.729487 -0.683988
t -1 0 0
bt -0.00680289 -0.729474 -0.683975
t -1 0 0
bt -0.003067 -0.729487 -0.683988
t -1 0 0
bt -0.003067 -0.729487 -0.683988
t 0 0 1
bt 0.606888 -0.794784 -0.00236885
t 0 0 1
bt 0.606889 -0.794786 0
t 0 0 1
bt 0.606888 -0.794784 -0.00236885
t 0 0 1
bt 0.606888 -0.794784 -0.00236885
t -1 0 0
bt 0.00187648 -0.729489 0.68399
t -1 0 0
bt 0.00819413 -0.729466 0.683968
t -1 0 0
bt 0.00187648 -0.729489 0.68399
t -1 0 0
bt 0.00187648 -0.729489 0.68399
t 0 0 1
bt -0.313106 -0.949718 -1.49516e-05
t 0 0 1
bt -0.298895 -0.954286 8.38553e-05
t 0 0 1
bt -0.365003 -0.931007 -0.00014813
t 0 0 1
bt -0.365003 -0.931007 -0.00014813
t -1 0 0
bt 0.000290972 -0.928394 -0.371597
t -1 0 0
bt -0.000363139 -0.90095 -0.433924
t -1 0 0
bt 0.000402085 -0.900949 -0.433924
t -1 0 0
bt 0.000244346 -0.928394 -0.371597
t -0.593143 0.152184 0.790583
bt -0.0543843 -0.947135 -0.316191
t -0.658867 -0.212126 0.721732
bt -0.062084 -0.946443 -0.316846
t -0.552065 0.339319 0.761634
bt -0.0192005 -0.975855 -0.217576
t -0.552065 0.339319 0.761634
bt -0.0192005 -0.975855 -0.217576
t -0.635811 0.321524 -0.701688
bt 0.176408 -0.98396 -0.0265279
t -0.571265 -0.217253 -0.791491
bt 0.27375 -0.959788 -0.0621905
t -0.652915 0.143252 -0.743762
bt 0.268808 -0.961415 -0.0585113
t -0.635811 0.321524 -0.701688
bt 0.176408 -0.98396 -0.0265279
t -0.610697 -0.246222 0.752612
bt -0.0100496 -0.999741 0.0204313
t -0.590496 -0.347073 0.728598
bt 0.00109965 -0.999977 0.00672933
t -0.610697 -0.246222 0.752612
bt -0.0100496 -0.999741 0.0204313
t -0.610697 -0.246222 0.752612
bt -0.0100496 -0.999741 0.0204313
t -0.612742 -0.24799 -0.750365
bt -0.0166126 -0.999786 -0.0123238
t -0.586937 -0.374581 -0.71777
bt -0.0054763 -0.999984 0.00135191
t -0.61279 -0.24799 -0.750327
bt -0.0166139 -0.999786 -0.0123228
t -0.612848 -0.247989 -0.750279
bt -0.0166149 -0.999786 -0.012322
t -0.83785 0.404509 0.366578
bt 0.100016 -0.5723 0.813922
t -0.821347 0.564008 0.0853531
bt 0.0625746 -0.553884 0.830239
t -0.837807 0.404567 0.366613
bt 0.100086 -0.572208 0.813979
t -0.83785 0.404509 0.366578
bt 0.100016 -0.5723 0.813922
t -0.339288 0.291716 -0.894307
bt -0.75806 -0.641279 0.118773
t 0.015072 0.529424 -0.848224
bt -0.762943 -0.637593 0.106741
t -0.339222 0.291628 -0.894361
bt -0.758025 -0.641325 0.118745
t -0.339222 0.291628 -0.894361
bt -0.758025 -0.641325 0.118745
t -0.648144 -0.0155809 0.761358
bt -0.501936 -0.568048 -0.652213
t -0.631335 -6.24433e-07 0.77551
bt -0.522291 -0.570865 -0.633502
t -0.648144 -0.0155809 0.761358
bt -0.501936 -0.568048 -0.652213
t -0.648144 -0.0155809 0.761358
bt -0.501936 -0.568048 -0.652213
t -0.631282 2.94924e-05 -0.775553
bt 0.515033 -0.56995 -0.640232
t -0.631154 -8.72867e-05 -0.775657
bt 0.522241 -0.570904 -0.633508
t -0.631282 2.94924e-05 -0.775553
bt 0.515033 -0.56995 -0.640232
t -0.631317 -3.37492e-05 -0.775525
bt 0.515005 -0.570002 -0.640209
t -0.831442 -0.301242 0.466859
bt -0.101518 -0.52664 -0.844005
t -0.63146 1.67247e-05 0.775408
bt -0.0314936 -0.493559 -0.869142
t -0.831353 -0.301375 0.466932
bt -0.101599 -0.52652 -0.84407
t -0.831311 -0.301438 0.466966
bt -0.101593 -0.526528 -0.844066
t -0.256592 -0.323782 -0.910673
bt 0.797552 -0.592935 -0.11108
t -0.631348 -5.82137e-05 -0.7755
bt 0.809795 -0.581822 -0.0756028
t -0.256592 -0.323782 -0.910673
bt 0.797552 -0.592935 -0.11108
t -0.256592 -0.323782 -0.910673
bt 0.797552 -0.592935 -0.11108
t -0.631452 -4.32598e-06 0.775415
bt 0.0328817 -0.487045 0.872757
t -0.865404 0.45457 0.210813
bt 0.011941 -0.476396 0.87915
t -0.631342 0.000162421 0.775504
bt 0.0329674 -0.486915 0.872827
t -0.631483 -5.25685e-05 0.77539
bt 0.032859 -0.48708 0.872739
t -0.631402 0.000141554 -0.775456
bt -0.826511 -0.56163 0.0381011
t -0.019598 0.460554 -0.887416
bt -0.82991 -0.5573 0.0258111
t -0.631331 3.41031e-05 -0.775513
bt -0.826499 -0.561648 0.0380919
t -0.631331 3.41031e-05 -0.775513
bt -0.826499 -0.561648 0.0380919
t -0.741952 -0.356227 0.567988
bt -0.0621065 -0.755017 -0.652758
t -0.720122 -0.243998 0.649531
bt -0.0802184 -0.764481 -0.639635
t -0.715269 -0.363621 0.5968
bt -0.0417923 -0.813931 -0.579457
t -0.708486 -0.32061 0.628694
bt -0.0376395 -0.819923 -0.571235
t -0.435732 -0.369161 -0.820889
bt 0.494182 -0.866926 -0.0649868
t -0.502533 -0.225634 -0.834595
bt 0.562885 -0.82038 -0.100678
t -0.404594 -0.357576 -0.841691
bt 0.570633 -0.816535 -0.0874571
t -0.473506 -0.318643 -0.821132
bt 0.485529 -0.872123 -0.0605217
t -1 0 0.000152271
bt -0.000465497 0 1
t -1 0 0
bt -0.032465 0 0.999473
t -0.999977 0 -0.00679913
bt -0.000465497 0 1
t -0.999987 0 -0.0050993
bt -0.000349123 0 1
t -0.999783 0 -0.0208532
bt 0 0 1
t -1 0 0
bt 0 0 1
t 0 0 -1
bt 0.0973947 -0.995246 0
t 0 0 -1
bt 0.172904 -0.984936 0.00222644
t 0 0 -1
bt 0.164705 -0.986343 0
t 0 0 -1
bt 0.0973947 -0.995246 0
t 0 0 1
bt 0 -1 0
t 0 0 1
bt 0 -1 -0.000300807
t 0 0 1
bt 0 -1 0
t 0 0 1
bt 0 -1 0
t -4.07003e-05 4.40384e-05 -1
bt 0.579894 -0.627486 -0.5196
t 0 0 -1
bt 0.526017 -0.569103 -0.632003
t -4.07003e-05 4.40384e-05 -1
bt 0.579894 -0.627486 -0.5196
t -0.000114137 -2.38256e-05 -1
bt 0.579814 -0.62756 -0.5196
t 0 0 -1
bt -0.564881 -0.825172 0
t 0 0 -1
bt -0.56488 -0.825171 -0.00183158
t 0 0 -1
bt -0.564881 -0.825172 0
t 0 0 -1
bt -0.564881 -0.825172 0
t 0 0 -1
bt 0.606715 -0.79492 0
t 0 0 -1
bt 0.606697 -0.794897 -0.00760057
t 0 0 -1
bt 0.606715 -0.79492 0
t 0 0 -1
bt 0.606715 -0.79492 0
t 0 0 -1
bt -0.606715 -0.79492 0
t 0 0 -1
bt -0.606689 -0.794886 0.0091615
t 0 0 -1
bt -0.606715 -0.79492 0
t 0 0 -1
bt -0.606715 -0.79492 0
t 0 0 -1
bt 0.313106 -0.949718 8.47468e-05
t 0 0 -1
bt 0.365089 -0.930973 -0.000148127
t 0 0 -1
bt 0.365089 -0.930973 0
t 0 0 -1
bt 0.298895 -0.954286 0
t 1 0 0
bt -0.00318059 0 -0.999995
t 1 0 0
bt -0.00871834 0 -0.999962
t 1 0 0
bt 0 0 -1
t 1 0 0
bt 0 0 -1
t 1 0 0
bt -0.0259768 0 -0.999663
t 1 0 0
bt -0.0259768 0 -0.999663

