g sponza_63
t 0 -1 0
bt 0 0 -1
t 0 -1 0
bt 0 0 -1
t 0 -1 0
bt 0 0 -1
t 0 -1 0
bt 0 0 -1
t -1.18267e-06 -1 0
bt -1 0 0
t -1.13861e-06 -1 0
bt -0.997924 0.0643976 0
t -1.18267e-06 -1 0
bt -1 0 0
t -1.18267e-06 -1 0
bt -1 0 0
t 0 -1 0
bt 0 0 1
t 0 -1 0
bt 0 0 1
t 0 -1 0
bt 0 0 1
t 0 -1 0
bt 0 0 1
t 0 -1 0
bt -0.972923 -0.23113 0
t 3.1272e-06 -1 0
bt -1 0 0
t 0 -1 0
bt -0.972923 -0.23113 0
t 0 -1 0
bt -0.972923 -0.23113 0
t -4.73921e-07 -1 -5.77564e-07
bt -0.633504 0.0479692 -0.772251
t 0 -1 0
bt -0.634185 0 -0.773181
t -4.73739e-07 -1 -5.77639e-07
bt -0.633455 0.0479692 -0.772291
t -4.73921e-07 -1 -5.77564e-07
bt -0.633504 0.0479692 -0.772251
t -1 0 0
bt 0 -1 0
t -1 0 0
bt -0.37529 -0.926908 0
t -1 0 0
bt 0 -1 0
t -1 0 0
bt 0 -1 0
t -1 0 0
bt 0 -0.634234 -0.773141
t -1 -5.65544e-07 -6.89224e-07
bt 0.188478 -0.622867 -0.759285
t -1 0 0
bt 0 -0.634234 -0.773141
t -1 0 0
bt 0 -0.634234 -0.773141
t -1 0 0
bt 0 0 -1
t -1 0 0
bt 0 0 -1
t -1 0 0
bt 0 0 -1
t -1 0 0
bt 0 0 -1
t -1 -1.40417e-06 0
bt 0 -1 0
t -1 0 0
bt 0.258339 -0.966054 0
t -1 -1.40417e-06 0
bt 0 -1 0
t -1 -1.40417e-06 0
bt 0 -1 0
t -1 0 0
bt 0 0 1
t -1 0 0
bt 0 0 1
t -1 0 0
bt 0 0 1
t -1 0 0
bt 0 0 1
t 0 -1 0
bt 0 0 -1
t 0 -1 0
bt 0 0 -1
t 0 -1 0
bt 0 0 -1
t 0 -1 0
bt 0 0 -1
t 1.18078e-06 -1 0
bt 1 0 0
t 0 -1 0
bt 0.997924 0.0643961 0
t 1.18078e-06 -1 0
bt 1 0 0
t 1.18078e-06 -1 0
bt 1 0 0
t 0 -1 0
bt 0 0 1
t 0 -1 0
bt 0 0 1
t 0 -1 0
bt 0 0 1
t 0 -1 0
bt 0 0 1
t -3.1272e-06 -1 0
bt 1 0 0
t 0 -1 0
bt 0.963904 -0.266251 0
t -3.1272e-06 -1 0
bt 1 0 0
t -3.1272e-06 -1 0
bt 1 0 0
t 0 -1 0
bt 0.634234 0 -0.773141
t 4.73921e-07 -1 -5.77564e-07
bt 0.633504 0.0479692 -0.772251
t 0 -1 0
bt 0.634185 0 -0.773181
t 0 -1 0
bt 0.634185 0 -0.773181
t 1 0 0
bt 0.278374 -0.960473 0
t 1 0 0
bt 0 -1 0
t 1 0 0
bt 0.278374 -0.960473 0
t 1 0 0
bt 0.278374 -0.960473 0
t 1 -6.04876e-07 -7.37159e-07
bt -0.136896 -0.628263 -0.765863
t 1 0 0
bt 0 -0.634234 -0.773141
t 1 -6.04876e-07 -7.37159e-07
bt -0.136896 -0.628263 -0.765863
t 1 -6.04876e-07 -7.37159e-07
bt -0.136896 -0.628263 -0.765863
t 1 0 0
bt 0 0 -1
t 1 0 0
bt 0 0 -1
t 1 0 0
bt 0 0 -1
t 1 0 0
bt 0 0 -1
t 1 -1.50077e-06 0
bt 0 -1 0
t 1 0 0
bt -0.187141 -0.982333 0
t 1 -1.50077e-06 0
bt 0 -1 0
t 1 -1.50077e-06 0
bt 0 -1 0
t 1 0 0
bt 0 0 1
t 1 0 -2.79008e-06
bt 0 0 1
t 1 0 0
bt 0 0 1
t 1 0 0
bt 0 0 1

