g sponza_35
t 1 0.000119283 0
bt 0 -1 0
t 1 2.8403e-05 0
bt 6.03994e-06 -1 0
t 1 8.358e-05 0
bt -1.29404e-06 -1 0
t 1 -6.84255e-05 0
bt 2.41284e-05 -1 0
t 1 -7.24834e-05 0
bt 2.40718e-05 -1 0
t 1 0 0
bt -3.48807e-05 -1 0
t 1 5.77697e-05 0
bt 0 -1 0
t 1 0.000294793 0
bt 1.94337e-05 -1 0
t 1 8.87541e-05 0
bt -1.27457e-05 -1 0
t 1 1.89049e-05 0
bt -1.04019e-05 -1 0
t 1 0.000205773 0
bt 0 -1 0
t 1 6.10374e-05 0
bt -2.34934e-05 -1 0
t 1 0.000103533 0
bt -1.78389e-06 -1 0
t 1 8.67378e-05 0
bt -3.02714e-05 -1 0
t 1 4.51987e-05 0
bt -5.31725e-05 -1 0
t 1 -5.70179e-05 0
bt 0 -1 0
t 1 0 0
bt 8.40018e-07 -1 0
t 1 -0.000295059 0
bt -6.59439e-06 -1 0
t 1 -8.87542e-05 0
bt -1.48224e-05 -1 0
t 1 0.000286129 0
bt -5.24107e-05 -1 0
t 1 5.43974e-05 0
bt -8.1365e-05 -1 0
t 1 5.71347e-05 0
bt -6.65975e-05 -1 0
t 1 -8.5686e-05 0
bt 0 -1 0
t 1 -8.5686e-05 0
bt 0 -1 0
t 1 -3.92676e-05 0
bt -2.30148e-07 -1 0
t 1 -0.000240607 0
bt -3.71761e-06 -1 0
t 1 -1.93423e-05 0
bt -7.43523e-06 -1 0
t 1 -0.000219132 0
bt 0 -1 0
t 1 -2.92007e-05 0
bt -4.09465e-06 -1 0
t 1 4.54481e-05 0
bt -8.1893e-06 -1 0
t 1 8.60153e-05 0
bt 0 -1 0
t 1 8.60153e-05 0
bt 0 -1 0
t 1 -4.12777e-06 0
bt -1.91787e-06 -1 0
t 1 -0.000130518 0
bt 1.24009e-05 -1 0
t 1 -4.68442e-05 0
bt 1.24009e-05 -1 0
t 1 -8.89679e-05 0
bt 0 -1 0
t 1 1.50971e-05 0
bt -1.85865e-06 -1 0
t 1 0.000111022 0
bt -1.85865e-06 -1 0
t 1 0.000186105 0
bt 0 -1 0
t 1 0.000186105 0
bt 0 -1 0
t 1 6.36127e-10 0
bt -7.07582e-06 -1 0
t 1 3.39977e-05 0
bt 1.81211e-06 -1 0
t 1 -0.000139001 0
bt 1.16276e-05 -1 0
t 1 -8.57897e-05 0
bt 1.47232e-05 -1 0
t 0 -0.00013036 -1
bt 0 -1 0
t 0 -3.91178e-05 -1
bt 0 -1 -2.91603e-05
t 0 -2.53795e-05 -1
bt 0 -1 -4.74664e-06
t 0 -4.406e-05 -1
bt 0 -1 0
t 0 6.62213e-05 -1
bt 0 -1 3.22692e-05
t 0 -1.51994e-07 -1
bt 0 -1 1.16042e-05
t 0 0 -1
bt 0 -1 2.29362e-05
t 0 -3.18127e-06 -1
bt 0 -1 4.41854e-05
t 0 -0.000235553 -1
bt 0 -1 1.85855e-05
t 0 4.14262e-05 -1
bt 0 -1 -3.25342e-05
t 0 -0.000245205 -1
bt 0 -1 0
t -1 -0.000119283 0
bt 0 -1 0
t -1 -8.358e-05 0
bt 2.26111e-05 -1 0
t -1 -2.89266e-05 0
bt 1.90076e-06 -1 0
t -1 6.66802e-05 0
bt -6.89553e-05 -1 0
t -1 7.0738e-05 0
bt -6.52264e-05 -1 0
t -1 -5.69741e-05 0
bt 0 -1 0
t -1 0 0
bt 6.08021e-05 -1 0
t -1 -0.000292656 0
bt 6.66508e-06 -1 0
t -1 -1.8447e-05 0
bt 2.27147e-05 -1 0
t -1 -8.6617e-05 0
bt 1.47872e-05 -1 0
t -1 -0.000205773 0
bt 0 -1 0
t -1 -6.10374e-05 0
bt -1.38609e-06 -1 0
t -1 -8.69088e-05 0
bt 3.08828e-06 -1 0
t -1 -0.000103533 0
bt -2.61385e-05 -1 0
t -1 -4.51987e-05 0
bt 1.6265e-05 -1 0
t -1 0 0
bt -2.72123e-05 -1 0
t -1 5.80124e-05 0
bt 0 -1 0
t -1 0.000292921 0
bt 5.37779e-05 -1 0
t -1 8.66171e-05 0
bt 6.51028e-05 -1 0
t -1 -0.000286129 0
bt 2.13379e-05 -1 0
t -1 -5.53094e-05 0
bt 5.36658e-06 -1 0
t -1 -2.95616e-05 0
bt 1.01613e-05 -1 0
t -1 8.52175e-05 0
bt 0 -1 0
t -1 0 0
bt 2.15307e-05 -1 0
t -1 -4.38265e-05 0
bt -2.20672e-05 -1 0
t -1 3.91578e-05 0
bt -8.15104e-06 -1 0
t -1 2.11009e-05 0
bt -5.95432e-06 -1 0
t -1 0.000219132 0
bt 0 -1 0
t -1 2.80651e-05 0
bt 2.03471e-05 -1 0
t -1 4.96329e-05 0
bt 2.33952e-05 -1 0
t -1 -8.33873e-05 0
bt 0 -1 0
t -1 0 0
bt -2.83123e-05 -1 0
t -1 -8.68603e-05 0
bt -2.42104e-05 -1 0
t -1 4.12789e-06 0
bt -1.08862e-05 -1 0
t -1 4.68442e-05 0
bt -3.67815e-05 -1 0
t -1 8.8968e-05 0
bt 0 -1 0
t -1 -1.50966e-05 0
bt -2.2148e-06 -1 0
t -1 7.43762e-05 0
bt -1.66541e-07 -1 0
t -1 -0.000186105 0
bt 0 -1 0
t -1 0 0
bt 2.07628e-05 -1 0
t -1 -3.2583e-05 0
bt 3.40905e-05 -1 0
t -1 8.0239e-06 0
bt 1.20442e-06 -1 0
t -1 0.000159744 0
bt -1.87325e-05 -1 0
t -1 0.000114886 0
bt -2.16802e-05 -1 0
t 0 0.000128284 -1
bt 0 -1 0
t 0 2.24166e-05 -1
bt 0 -1 -1.44235e-05
t 0 3.41521e-05 -1
bt 0 -1 -2.07294e-05
t 0 -6.62567e-05 -1
bt 0 -1 0.000104611
t 0 4.406e-05 -1
bt 0 -1 0
t 0 0 -1
bt 0 -1 -1.21914e-06
t 0 3.20892e-06 -1
bt 0 -1 -4.52885e-06
t 0 0.000235163 -1
bt 0 -1 3.55676e-05
t 0 -4.49527e-05 -1
bt 0 -1 -2.49105e-05
t 1 -0.000136403 0
bt 0 -1 0
t 1 -9.44448e-05 0
bt 2.26937e-05 -1 0
t 1 -3.22336e-05 0
bt 1.8793e-06 -1 0
t 1 7.79345e-05 0
bt -3.86026e-05 -1 0
t 1 8.14441e-05 0
bt -5.02097e-05 -1 0
t 1 -5.79023e-05 0
bt 0 -1 0
t 1 0 0
bt 1.46426e-05 -1 0
t 1 -0.000243973 0
bt -1.83987e-05 -1 0
t 1 -3.10353e-05 0
bt -2.26583e-05 -1 0
t 1 -8.87544e-05 0
bt -1.40523e-05 -1 0
t 1 -0.00019237 0
bt -3.8762e-05 -1 0
t 1 -6.99247e-05 0
bt -5.49182e-06 -1 0
t 1 -9.21147e-05 0
bt -1.04211e-05 -1 0
t 1 -0.000103534 0
bt 1.42202e-06 -1 0
t 1 -6.65723e-05 0
bt -5.3636e-05 -1 0
t 1 0 0
bt -1.12014e-06 -1 0
t 1 5.70623e-05 0
bt 0 -1 0
t 1 0.000225048 0
bt -5.46044e-05 -1 0
t 1 0.000106981 0
bt -3.17304e-05 -1 0
t 1 -0.000294362 0
bt -5.61297e-05 -1 0
t 1 -5.70671e-05 0
bt 3.08947e-05 -1 0
t 1 -3.02856e-05 0
bt 2.01932e-05 -1 0
t 1 8.56853e-05 0
bt 0 -1 0
t 1 0 0
bt -3.77756e-05 -1 0
t 1 -4.47058e-05 0
bt -5.13474e-05 -1 0
t 1 3.1119e-05 0
bt -1.95805e-05 -1 0
t 1 -2.24526e-07 0
bt 1.93135e-05 -1 0
t 1 0.000180552 0
bt 4.85484e-05 -1 0
t 1 3.03076e-05 0
bt 2.68454e-05 -1 0
t 1 5.1904e-05 0
bt -5.11263e-05 -1 0
t 1 -8.60161e-05 0
bt 0 -1 0
t 1 0 0
bt -1.13225e-05 -1 0
t 1 -8.68603e-05 0
bt 3.22412e-05 -1 0
t 1 5.43317e-06 0
bt 1.95341e-05 -1 0
t 1 3.19037e-05 0
bt 4.33021e-05 -1 0
t 1 7.68149e-05 0
bt 4.2173e-05 -1 0
t 1 -1.79342e-06 0
bt 1.5426e-05 -1 0
t 1 8.21048e-05 0
bt -1.65477e-05 -1 0
t 1 -0.000186105 0
bt 0 -1 0
t 1 0 0
bt -2.05646e-05 -1 0
t 1 -3.25833e-05 0
bt -2.66728e-05 -1 0
t 1 0.000139005 0
bt 1.78227e-05 -1 0
t 0 0.00013036 1
bt 0 -1 0
t 0 2.53795e-05 1
bt 0 -1 9.26389e-06
t 0 3.91178e-05 1
bt 0 -1 1.81466e-05
t 0 1.51993e-07 1
bt 0 -1 -1.17037e-05
t 0 -6.62213e-05 1
bt 0 -1 -0.00010413
t 0 4.406e-05 1
bt 0 -1 0
t 0 0 1
bt 0 -1 -1.18847e-06
t 0 3.18127e-06 1
bt 0 -1 -3.89523e-06
t 0 0.000235553 1
bt 0 -1 -3.59697e-05
t 0 -4.14262e-05 1
bt 0 -1 1.511e-05
t 0 0.000245205 1
bt 0 -1 0
t -1 0.000136403 0
bt 0 -1 0
t -1 3.55166e-05 0
bt -9.73726e-06 -1 0
t -1 9.51683e-05 0
bt -2.4969e-05 -1 0
t -1 -6.77149e-05 0
bt 4.98417e-05 -1 0
t -1 -7.19481e-05 0
bt 4.61456e-05 -1 0
t -1 0 0
bt -6.49623e-05 -1 0
t -1 5.67752e-05 0
bt 0 -1 0
t -1 0.000292658 0
bt -6.52168e-06 -1 0
t -1 8.66173e-05 0
bt -1.41538e-05 -1 0
t -1 5.56664e-05 0
bt -1.70368e-05 -1 0
t -1 0.000299153 0
bt 0 -1 0
t -1 6.95538e-05 0
bt 2.76602e-06 -1 0
t -1 0.000103534 0
bt 2.57684e-05 -1 0
t -1 9.41146e-05 0
bt -1.66743e-06 -1 0
t -1 7.20206e-05 0
bt -5.85556e-06 -1 0
t -1 -5.79905e-05 0
bt 0 -1 0
t -1 0 0
bt 2.71101e-05 -1 0
t -1 -0.000212611 0
bt -2.82123e-05 -1 0
t -1 -9.96831e-05 0
bt -3.97049e-05 -1 0
t -1 0.00030555 0
bt -1.45574e-05 -1 0
t -1 5.72864e-05 0
bt -7.26741e-06 -1 0
t -1 5.93092e-05 0
bt 1.03833e-05 -1 0
t -1 -8.52168e-05 0
bt 0 -1 0
t -1 -8.52168e-05 0
bt 0 -1 0
t -1 -3.20805e-05 0
bt -8.65747e-07 -1 0
t -1 -0.000237058 0
bt 4.02613e-06 -1 0
t -1 -4.14512e-06 0
bt -2.03338e-06 -1 0
t -1 -0.000185663 0
bt -3.27561e-05 -1 0
t -1 -2.89493e-05 0
bt -4.56658e-05 -1 0
t -1 4.64059e-05 0
bt -4.0992e-05 -1 0
t -1 8.33881e-05 0
bt 0 -1 0
t -1 8.33881e-05 0
bt 0 -1 0
t -1 -4.21596e-06 0
bt 2.4658e-06 -1 0
t -1 -0.000130518 0
bt 3.67591e-05 -1 0
t -1 -2.84387e-05 0
bt 3.94719e-05 -1 0
t -1 -7.22187e-05 0
bt 9.79817e-07 -1 0
t -1 4.03232e-06 0
bt -1.97716e-05 -1 0
t -1 0.000103269 0
bt -1.63056e-05 -1 0
t -1 0.000186105 0
bt 0 -1 0
t -1 0.000186105 0
bt 0 -1 0
t -1 3.3998e-05 0
bt 2.55302e-06 -1 0
t -1 -0.0001223 0
bt -1.00194e-05 -1 0
t 0 -0.000128284 1
bt 0 -1 0
t 0 -3.41523e-05 1
bt 0 -1 2.83387e-05
t 0 -2.24167e-05 1
bt 0 -1 7.85069e-07
t 0 -4.406e-05 1
bt 0 -1 0
t 0 6.62567e-05 1
bt 0 -1 -3.17886e-05
t 0 0 1
bt 0 -1 -2.51341e-05
t 0 -3.20892e-06 1
bt 0 -1 -5.21644e-05
t 0 -0.000235163 1
bt 0 -1 -1.86474e-05
t 0 4.49525e-05 1
bt 0 -1 2.45465e-05

