g sponza_40
t 0 0 1
bt 0.866038 0.499978 0
t 1.96882e-05 0 1
bt 1 0 0
t 6.56415e-06 0 1
bt 1 0 0
t 0 0 1
bt 0.866038 0.499978 0
t 0 0 1
bt 0.500014 0.866017 0
t 0 0 1
bt 0.500014 0.866017 0
t 0 0 1
bt 0 1 0
t 0 0 1
bt 0 1 0
t 0 0 1
bt -0.258808 0.965929 0
t 0 0 1
bt -0.258808 0.965929 0
t 0 0 1
bt 0.500014 0.866017 0
t 0 0 1
bt 0.866017 0.500014 0
t 0 0 1
bt 0.866017 0.500014 0
t 0 0 1
bt 0.500014 0.866017 0
t 0 0 1
bt 1 0 0
t 0 0 1
bt 1 0 0
t 0 0 1
bt 0.965929 -0.258808 0
t 0 0 1
bt 0.965929 -0.258808 0
t 0 0 1
bt 0.866021 -0.500008 0
t 9.84622e-06 -5.68455e-06 1
bt 0.866021 -0.500008 0
t 0 0 1
bt 0.500014 -0.866017 0
t 0 0 1
bt 0.500014 -0.866017 0
t 0 0 1
bt 0 -1 0
t 0 0 1
bt 0 -1 0
t 0 0 1
bt -0.258808 -0.965929 0
t 0 0 1
bt -0.258808 -0.965929 0
t 0 0 1
bt 0.500008 -0.866021 0
t 0 0 1
bt 0 -1 0
t 0 0 1
bt 0 -1 0
t 0 0 1
bt 0.500008 -0.866021 0
t 0 0 1
bt 0.866017 -0.500014 0
t 0 0 1
bt 0.866017 -0.500014 0
t 0 0 1
bt 1 0 0
t 0 0 1
bt 1 0 0
t 0 0 1
bt 0.965929 0.258808 0
t 0 0 1
bt 0.965929 0.258808 0
t 0 0 1
bt 0 1 0
t 0 0 1
bt 0 1 0
t 0 0 1
bt -1 0 0
t 0 0 1
bt -0.866021 0.500008 0
t 0 0 1
bt -0.866021 0.500008 0
t 0 0 1
bt -1 0 0
t 0 0 1
bt -0.500014 0.866017 0
t 0 0 1
bt -0.500014 0.866017 0
t 0 0 1
bt 0 1 0
t 0 0 1
bt 0 1 0
t 0 0 1
bt 0 1 0
t 0 0 1
bt 0.258808 0.965929 0
t 0 0 1
bt 0.258808 0.965929 0
t 0 0 1
bt 0 1 0
t 0 0 1
bt -0.866017 0.500014 0
t 0 0 1
bt -0.500014 0.866017 0
t 0 0 1
bt -0.500014 0.866017 0
t 0 0 1
bt -0.866017 0.500014 0
t 0 0 1
bt -1 0 0
t 0 0 1
bt -1 0 0
t 0 0 1
bt -0.965929 -0.258808 0
t 0 0 1
bt -0.965929 -0.258808 0
t 0 0 1
bt -0.866021 -0.500008 0
t 0 0 1
bt -0.866021 -0.500008 0
t 0 0 1
bt -0.500014 -0.866017 0
t 0 0 1
bt -0.500014 -0.866017 0
t 0 0 1
bt 0 -1 0
t 0 0 1
bt 0 -1 0
t 0 0 1
bt 0.258808 -0.965929 0
t 0 0 1
bt 0.258808 -0.965929 0
t 0 0 1
bt -0.500014 -0.866017 0
t 0 0 1
bt -0.866017 -0.500014 0
t 0 0 1
bt -0.866017 -0.500014 0
t 0 0 1
bt -0.500014 -0.866017 0
t 0 0 1
bt -1 0 0
t 0 0 1
bt -1 0 0
t 0 0 1
bt -0.965929 0.258808 0
t 0 0 1
bt -0.965929 0.258808 0
t -0.817981 -0.575245 0
bt -0.574572 0.818454 0
t -0.817855 -0.575424 0
bt -0.57229 0.820052 0
t -0.818234 -0.574885 0
bt -0.576013 0.817441 0
t -0.817977 -0.575251 0
bt -0.575994 0.817454 0
t -0.8178 -0.575503 0
bt -0.574935 0.818199 0
t -0.818132 -0.57503 0
bt -0.573752 0.819029 0
t -0.817586 -0.575807 0
bt -0.573087 0.819494 0
t -0.817181 -0.576381 0
bt -0.580148 0.814511 0
t -0.816182 -0.577794 0
bt -0.575403 0.81787 0
t -0.81717 -0.576397 0
bt -0.575407 0.817867 0
t -0.817617 -0.575762 0
bt -0.575232 0.81799 0
t -0.817728 -0.575605 0
bt -0.57416 0.818743 0
t -0.818501 -0.574506 0
bt -0.574424 0.818558 0
t -0.818595 -0.574371 0
bt -0.57487 0.818245 0
t -0.819729 -0.572752 0
bt -0.574628 0.818415 0
t -0.819244 -0.573445 0
bt -0.573962 0.818882 0
t -0.818933 -0.573888 0
bt -0.573339 0.819318 0
t -0.819482 -0.573104 0
bt -0.571925 0.820306 0
t -0.817567 -0.575834 0
bt -0.577553 0.816353 0
t -0.818844 -0.574016 0
bt -0.57146 0.82063 0
t -0.817567 -0.575834 0
bt -0.577553 0.816353 0
t -0.817874 -0.575397 0
bt -0.576469 0.817119 0
t -0.818309 -0.574778 0
bt -0.576608 0.817021 0
t -0.818529 -0.574465 0
bt -0.57512 0.818069 0
t -0.817871 -0.575402 0
bt -0.574387 0.818584 0
t -0.817674 -0.575682 0
bt -0.573121 0.819471 0
t -0.817218 -0.576328 0
bt -0.573438 0.819249 0
t -0.82179 -0.56979 0
bt -0.575496 0.817804 0
t -0.821745 -0.569855 0
bt -0.574557 0.818465 0
t -0.819149 -0.573581 0
bt -0.575495 0.817805 0
t -0.81757 -0.575829 0
bt -0.575425 0.817854 0
t -0.823478 -0.567348 0
bt -0.574903 0.818221 0
t -0.818751 -0.574149 0
bt -0.575057 0.818113 0
t -0.818243 -0.574873 0
bt -0.575364 0.817898 0
t -0.817981 -0.575246 0
bt -0.574744 0.818334 0
t -0.818279 -0.574821 0
bt -0.574376 0.818591 0
t -0.819375 -0.573258 0
bt -0.574193 0.81872 0
t -0.81925 -0.573437 0
bt -0.573423 0.819259 0
t -0.819443 -0.573161 0
bt -0.574656 0.818395 0
t -0.819269 -0.573409 0
bt -0.573593 0.819141 0
t -0.818497 -0.574511 0
bt -0.571331 0.82072 0
t -0.819939 -0.57245 0
bt -0.571218 0.820799 0
t -0.816469 -0.577389 0
bt -0.577391 0.816468 0
t -0.818551 -0.574434 0
bt -0.572909 0.819619 0
t -0.816679 -0.577092 0
bt -0.575621 0.817717 0
t -0.817692 -0.575656 0
bt -0.573259 0.819374 0
t -0.817677 -0.575677 0
bt -0.573264 0.819371 0
t -0.816682 -0.577089 0
bt -0.575648 0.817697 0

