g sponza_108
t 0 0 1
bt -0.0972954 -0.995253 -0.00227915
t 0 0 1
bt -0.0972956 -0.995256 0
t 0 0 1
bt -0.164705 -0.986342 -0.00152296
t 0 0 1
bt -0.172904 -0.984938 -0.00144448
t -1 0 0
bt 0.00193287 -0.992869 -0.119196
t -1 0 0
bt 0.00172888 -0.97802 -0.208503
t -1 0 0
bt 0.00128887 -0.978021 -0.208503
t -1 0 0
bt 0.00193287 -0.992869 -0.119196
t -1 0 0
bt -0.000305552 -1 0
t -1 0 0
bt 0.000235641 -1 0
t -1 0 0
bt -0.000305552 -1 0
t -1 0 0
bt -0.000305552 -1 0
t 0 0 -1
bt 0 -1 -0.000342686
t 0 0 -1
bt 0 -1 0
t 0 0 -1
bt 0 -1 -0.000342686
t 0 0 -1
bt 0 -1 -0.000342686
t 0 0 1
bt -0.678534 -0.734012 0.0286137
t 0 0 1
bt -0.674678 -0.729841 0.110195
t 0 0 1
bt -0.678534 -0.734012 0.0286137
t 0 0 1
bt -0.678534 -0.734012 0.0286137
t -1 0 0
bt 0.512674 -0.567517 -0.644274
t -1 0 0
bt -0.5044 -0.570748 -0.647941
t -1 0 0
bt 0.512674 -0.567517 -0.644274
t -1 0 0
bt 0.512674 -0.567517 -0.644274
t 0 0 1
bt 0.564995 -0.825093 0.00131169
t 0 0 1
bt 0.564996 -0.825094 0
t 0 0 1
bt 0.564995 -0.825093 0.00131169
t 0 0 1
bt 0.564995 -0.825093 0.00131169
t -1 0 0
bt -0.000426861 -0.765378 0.643581
t -1 0 0
bt 0.000581614 -0.765378 0.643581
t -1 0 0
bt -0.000426861 -0.765378 0.643581
t -1 0 0
bt -0.000426861 -0.765378 0.643581
t 0 0 1
bt -0.606821 -0.794828 0.00399907
t 0 0 1
bt -0.606826 -0.794834 0
t 0 0 1
bt -0.606821 -0.794828 0.00399907
t 0 0 1
bt -0.606821 -0.794828 0.00399907
t -1 0 0
bt -0.00306714 -0.729487 -0.683988
t -1 0 0
bt -0.0068032 -0.729474 -0.683975
t -1 0 0
bt -0.00306714 -0.729487 -0.683988
t -1 0 0
bt -0.00306714 -0.729487 -0.683988
t 0 0 1
bt 0.606825 -0.794832 -0.00234964
t 0 0 1
bt 0.606826 -0.794834 0
t 0 0 1
bt 0.606825 -0.794832 -0.00234964
t 0 0 1
bt 0.606825 -0.794832 -0.00234964
t -1 0 0
bt 0.00195833 -0.729489 0.68399
t -1 0 0
bt 0.00819227 -0.729466 0.683968
t -1 0 0
bt 0.00195833 -0.729489 0.68399
t -1 0 0
bt 0.00195833 -0.729489 0.68399
t 0 0 1
bt -0.313106 -0.949718 -1.12201e-05
t 0 0 1
bt -0.298895 -0.954286 7.94467e-05
t 0 0 1
bt -0.365003 -0.931007 -0.000135931
t 0 0 1
bt -0.365003 -0.931007 -0.000135931
t -1 0 0
bt 0.000269071 -0.928394 -0.371597
t -1 0 0
bt -0.000341612 -0.90095 -0.433924
t -1 0 0
bt 0.000380153 -0.90095 -0.433924
t -1 0 0
bt 0.000249005 -0.928394 -0.371597
t -0.59322 0.152311 0.790501
bt -0.0543643 -0.947142 -0.316175
t -0.659015 -0.212007 0.721632
bt -0.0619917 -0.946427 -0.316911
t -0.551876 0.33937 0.761748
bt -0.0192769 -0.975859 -0.21755
t -0.551876 0.33937 0.761748
bt -0.0192769 -0.975859 -0.21755
t -0.635812 0.321519 -0.70169
bt 0.176427 -0.983957 -0.0265028
t -0.571285 -0.217194 -0.791492
bt 0.273775 -0.959783 -0.0621585
t -0.652916 0.143267 -0.743757
bt 0.268835 -0.961409 -0.0584765
t -0.635758 0.32153 -0.701734
bt 0.176429 -0.983956 -0.0265045
t -0.610758 -0.24614 0.752589
bt -0.0100334 -0.999741 0.0204098
t -0.590497 -0.347071 0.728598
bt 0.00107176 -0.999977 0.00676361
t -0.610816 -0.24614 0.752542
bt -0.010035 -0.999741 0.0204085
t -0.610816 -0.24614 0.752542
bt -0.010035 -0.999741 0.0204085
t -0.612684 -0.247993 -0.750412
bt -0.0166336 -0.999785 -0.0123515
t -0.586936 -0.374583 -0.71777
bt -0.00549686 -0.999984 0.00132666
t -0.612684 -0.247993 -0.750412
bt -0.0166336 -0.999785 -0.0123515
t -0.612684 -0.247993 -0.750412
bt -0.0166336 -0.999785 -0.0123515
t -0.837807 0.404567 0.366613
bt 0.100238 -0.57228 0.813909
t -0.821341 0.564024 0.0852987
bt 0.0625427 -0.55395 0.830197
t -0.837807 0.404567 0.366613
bt 0.100238 -0.57228 0.813909
t -0.837807 0.404567 0.366613
bt 0.100238 -0.57228 0.813909
t -0.339256 0.291743 -0.894311
bt -0.758066 -0.641274 0.118757
t 0.0151238 0.529452 -0.848205
bt -0.762942 -0.637593 0.106742
t -0.339208 0.291678 -0.89435
bt -0.758072 -0.641266 0.118763
t -0.33919 0.291654 -0.894365
bt -0.758032 -0.64132 0.118729
t -0.648198 -0.0156319 0.761311
bt -0.501946 -0.568049 -0.652204
t -0.631278 5.16469e-05 0.775557
bt -0.522312 -0.570868 -0.633482
t -0.648198 -0.0156319 0.761311
bt -0.501946 -0.568049 -0.652204
t -0.648198 -0.0156319 0.761311
bt -0.501946 -0.568049 -0.652204
t -0.631406 -2.96161e-05 -0.775453
bt 0.515093 -0.569969 -0.640168
t -0.631322 -1.10109e-05 -0.775521
bt 0.522267 -0.570862 -0.633524
t -0.631371 3.3629e-05 -0.775481
bt 0.515121 -0.569917 -0.640191
t -0.631406 -2.96161e-05 -0.775453
bt 0.515093 -0.569969 -0.640168
t -0.831362 -0.301302 0.466963
bt -0.101535 -0.526575 -0.844044
t -0.631396 5.04771e-06 0.775461
bt -0.0315885 -0.493609 -0.86911
t -0.831296 -0.301401 0.467016
bt -0.101573 -0.526519 -0.844074
t -0.831296 -0.301401 0.467016
bt -0.101573 -0.526519 -0.844074
t -0.256545 -0.323814 -0.910675
bt 0.797562 -0.592927 -0.111051
t -0.631401 5.46834e-07 -0.775457
bt 0.809793 -0.581824 -0.07561
t -0.256545 -0.323814 -0.910675
bt 0.797562 -0.592927 -0.111051
t -0.256545 -0.323814 -0.910675
bt 0.797562 -0.592927 -0.111051
t -0.63138 1.88539e-05 0.775474
bt 0.0329935 -0.487061 0.872744
t -0.865406 0.454533 0.210885
bt 0.0119101 -0.47638 0.879159
t -0.631309 0.00012634 0.775531
bt 0.0330599 -0.48696 0.872799
t -0.63138 1.88539e-05 0.775474
bt 0.0329935 -0.487061 0.872744
t -0.631385 -2.44238e-05 -0.77547
bt -0.826465 -0.561698 0.0380901
t -0.019428 0.460549 -0.887421
bt -0.829875 -0.557354 0.0257572
t -0.631385 -2.44238e-05 -0.77547
bt -0.826465 -0.561698 0.0380901
t -0.631385 -2.44238e-05 -0.77547
bt -0.826465 -0.561698 0.0380901
t -0.74203 -0.356095 0.567968
bt -0.0620589 -0.755043 -0.652732
t -0.720195 -0.243856 0.649503
bt -0.0800766 -0.764457 -0.639682
t -0.715305 -0.363533 0.59681
bt -0.0417423 -0.813953 -0.579429
t -0.70848 -0.320551 0.628731
bt -0.0376033 -0.819904 -0.571265
t -0.435323 -0.369206 -0.821085
bt 0.494065 -0.866995 -0.0649524
t -0.5023 -0.225705 -0.834717
bt 0.562824 -0.820431 -0.100612
t -0.404304 -0.357713 -0.841772
bt 0.570542 -0.816601 -0.0874373
t -0.473188 -0.31862 -0.821325
bt 0.485463 -0.872162 -0.0604967
t -1 0 0.000150924
bt -0.0004631 0 1
t -1 0 0
bt -0.0328386 0 0.999461
t -0.999977 0 -0.00673952
bt -0.0004631 0 1
t -0.999987 0 -0.0050546
bt -0.000347325 0 1
t -0.999786 0 -0.0206703
bt 0 0 1
t -1 0 0
bt 0 0 1
t 0 0 -1
bt 0.0973947 -0.995246 0
t 0 0 -1
bt 0.172904 -0.984936 0.00225005
t 0 0 -1
bt 0.164705 -0.986343 0
t 0 0 -1
bt 0.0973947 -0.995246 0
t 0 0 1
bt 0 -1 0
t 0 0 1
bt 0 -1 -0.000342686
t 0 0 1
bt 0 -1 0
t 0 0 1
bt 0 -1 0
t -1.7806e-05 1.92664e-05 -1
bt 0.579905 -0.627497 -0.519574
t 0 0 -1
bt 0.526017 -0.569103 -0.632004
t -1.7806e-05 1.92664e-05 -1
bt 0.579905 -0.627497 -0.519574
t -1.7806e-05 1.92664e-05 -1
bt 0.579905 -0.627497 -0.519574
t 0 0 -1
bt -0.564996 -0.825094 0
t 0 0 -1
bt -0.564995 -0.825092 -0.00184177
t 0 0 -1
bt -0.564996 -0.825094 0
t 0 0 -1
bt -0.564996 -0.825094 0
t 0 0 -1
bt 0.606715 -0.79492 0
t 0 0 -1
bt 0.606697 -0.794897 -0.00759744
t 0 0 -1
bt 0.606715 -0.79492 0
t 0 0 -1
bt 0.606715 -0.79492 0
t 0 0 -1
bt -0.606715 -0.79492 0
t 0 0 -1
bt -0.606689 -0.794886 0.0091809
t 0 0 -1
bt -0.606715 -0.79492 0
t 0 0 -1
bt -0.606715 -0.79492 0
t 0 0 -1
bt 0.313106 -0.949718 8.03331e-05
t 0 0 -1
bt 0.365089 -0.930973 -0.000135928
t 0 0 -1
bt 0.365089 -0.930973 0
t 0 0 -1
bt 0.298895 -0.954286 0
t 1 0 0
bt -0.00324315 0 -0.999995
t 1 0 0
bt -0.00883587 0 -0.999961
t 1 0 0
bt 0 0 -1
t 1 0 0
bt 0 0 -1
t 1 0 0
bt -0.0264285 0 -0.999651
t 1 0 0
bt -0.0264285 0 -0.999651

