g sponza_178
t 0.996664 -0.0717841 0.0388322
bt 0.0387875 0.40736 0.912443
t 0.972298 -0.20542 0.111533
bt -0.159296 0.38726 0.908105
t 0.937894 -0.335062 0.0899329
bt 0.0827196 0.216537 0.972764
t 0.912423 -0.408188 -0.0294433
bt -0.0316038 -0.0750401 0.99668
t 0.923768 -0.382668 -0.0147924
bt 0 0 1
t 0.923866 -0.382708 0.00254271
bt 0 0 1
t 0.912344 -0.408852 0.0216344
bt 0.0334198 0.0742226 0.996682
t 0.507207 0.0261099 0.861429
bt 0.0826629 0.216558 0.972764
t 0.432129 -0.179008 0.883867
bt 0 0 1
t 0.400226 -0.258941 0.879073
bt -0.0334198 -0.0742226 0.996682
t 0.937807 -0.332571 -0.0995723
bt -0.13268 -0.197109 0.971362
t 0.972764 -0.216531 -0.0827338
bt -0.246366 -0.290138 0.924729
t 0.996677 0.0730346 0.0360575
bt 0.0410412 -0.407155 0.912436
t 1 0 0
bt 0.029706 -0.382541 0.923461
t 1 0 0
bt -0.299738 -0.365113 0.881391
t 0.996682 -0.0742226 -0.0334198
bt -0.00661731 -0.410058 0.912035
t 0.996682 0.0742226 0.0334198
bt -0.713389 -0.339837 0.612852
t 0.972296 0.205394 0.111598
bt -0.0573433 -0.368756 0.927756
t 0.913886 0.383103 -0.134331
bt 0.27997 -0.135539 0.950392
t 0.909187 0.413645 0.0477057
bt -0.0859117 0.0504394 0.995025
t 0.921768 0.381817 -0.067517
bt 0.000106984 4.43126e-05 1
t 0.923877 0.38269 0.000283028
bt 0 0 1
t 0.90763 0.414572 -0.0658591
bt 0.126219 -0.0319735 0.991487
t 0.473132 -0.043828 0.879901
bt 0.0826629 -0.216558 0.972764
t 0.395166 0.163696 0.903907
bt 0 0 1
t 0.362253 0.243687 0.899661
bt -0.0334198 0.0742226 0.996682
t 0.899772 0.392293 0.191091
bt -0.340483 0.108231 0.934001
t 0.972764 0.216523 -0.0827561
bt -0.117007 0.327973 0.937413
t 0.972764 0.216558 -0.0826629
bt 0.960156 0.27098 0.0683373
t 1 -7.4319e-05 -0.000179407
bt -0.0835495 0.381372 0.920638
t 1 0 0
bt 0.988321 0.0583187 0.140783
t 0.996682 -0.0742226 0.0334198
bt 0.985388 -0.0117521 0.169917
t 0.996682 0.0742226 -0.0334198
bt -0.155481 0.393955 0.905884
t 0.912445 -0.407416 0.0381788
bt -0.0310112 -0.0753068 -0.996678
t 0.937843 -0.3378 0.0796366
bt 0.182069 -0.307738 -0.933889
t 0.972764 -0.216533 0.0827287
bt -0.0799904 -0.337595 -0.937886
t 0.996681 0.0748027 -0.0321313
bt 0.0398528 -0.407264 -0.912441
t 1 0 0
bt 0.00583133 -0.382703 -0.923853
t 1 0 0
bt 0.119849 -0.379951 -0.91721
t 0.996682 -0.0742226 0.0334198
bt -0.0306458 -0.408084 -0.91243
t 0.972764 -0.216558 0.0826629
bt -0.911745 0.0786607 -0.403155
t 1 0 0
bt -0.937876 -0.132789 -0.320555
t 0.996682 0.0742226 -0.0334198
bt -0.934344 -0.212499 -0.286086
t 0.972452 0.207456 -0.106299
bt 0.222088 -0.297751 -0.928451
t 0.904288 0.389666 0.174426
bt 0.279875 -0.135581 -0.950414
t 0.911032 0.4119 -0.0189546
bt -0.0928872 0.0472565 -0.994555
t 0.920247 0.381187 0.0885498
bt -0.00018138 -7.51271e-05 -1
t 0.919452 0.380858 -0.0977498
bt 0 0 -1
t 0.902879 0.416181 0.107712
bt 0.11406 -0.0375629 -0.992764
t 0.220142 -0.161344 -0.962032
bt 0.0826629 -0.216558 -0.972764
t 0.133488 0.0552971 -0.989507
bt 0 0 -1
t 0.0980997 0.132512 -0.986315
bt -0.0334198 0.0742226 -0.996682
t 0.896658 0.39391 -0.202089
bt -0.311 0.12168 -0.942589
t 0.972764 0.216533 0.0827288
bt -0.0610173 0.342325 -0.937598
t 0.996681 -0.074801 -0.032135
bt 0.0130854 0.40955 -0.912194
t 1 0 0
bt 0.168668 0.377227 -0.910632
t 1 0 0
bt -0.098395 0.380853 -0.919386
t 0.996682 0.0742226 0.0334198
bt 0.134461 0.41682 -0.898989
t 0.972764 0.216558 0.0826629
bt 0.968476 0.249049 -0.00532247
t 1 0 0
bt 0.995986 0.0342561 -0.0826948
t 0.996682 -0.0742226 -0.0334198
bt 0.992783 -0.0376563 -0.113856
t 0.972463 -0.207631 -0.10585
bt 0.22251 0.29762 -0.928392
t 0.937759 -0.340413 -0.0687519
bt 0.0821779 0.216743 -0.972764
t 0.547412 0.00449498 -0.836851
bt 0.0826629 0.216558 -0.972764
t 0.923185 -0.382426 0.0384722
bt 0 0 -1
t 0.476269 -0.197293 -0.85688
bt 0 0 -1
t 0.445764 -0.276951 -0.85123
bt -0.0334198 -0.0742226 -0.996682
t 0.911641 -0.410953 0.00536018
bt 0.0334198 0.0742226 -0.996682
t 0.0999005 0.928267 0.358245
bt -0.982228 -0.0221775 0.186379
t 0 1 0
bt -0.980783 0.000812133 0.195099
t 0 1 0
bt -0.999999 0.00154726 0
t 0 1 0
bt -1 0.000928358 0
t -0.356619 0.928033 0.107599
bt -0.191861 -0.00830593 -0.981387
t 0 1 0
bt -0.195101 0.000559956 -0.980783
t 0 1 0
bt 0 0.0026204 -0.999997
t 0 1 0
bt 0 0.00157224 -0.999999
t -0.153883 0.926825 0.342514
bt -0.831367 -0.000465143 -0.555724
t 0.263512 0.926376 -0.269051
bt -0.828464 0.0131593 -0.559888
t 0.344266 0.92663 -0.15112
bt -0.555563 2.03232e-05 -0.831475
t -0.30837 0.928683 0.206046
bt -0.576773 0.0683087 -0.814043
t 0.263477 0.926379 0.269076
bt -0.828203 0.0142684 0.560246
t 0.333063 0.927697 0.168662
bt -0.560241 -0.0142517 0.828207
t -0.30837 0.928683 -0.206046
bt -0.576768 0.0682893 0.814049
t -0.153849 0.926823 -0.342535
bt -0.83157 0.000452687 0.555419
t -0.349253 0.926018 -0.143224
bt 0.560241 -0.014251 -0.828207
t 0.275747 0.927069 0.253982
bt 0.555414 -0.000468282 -0.831574
t 0.174894 0.927982 0.329031
bt 0.831568 0.000442203 -0.555423
t -0.247322 0.927475 -0.280397
bt 0.828333 0.0137163 -0.560068
t 0 1 0
bt -0.980783 -0.00146556 -0.195097
t 0.10641 0.928073 -0.356871
bt -0.98078 -1.42967e-05 -0.195116
t -0.0440952 0.928248 0.369339
bt -0.980754 -0.000322198 -0.195248
t -0.0443146 0.928254 -0.369298
bt -0.980781 2.12906e-05 0.195114
t -0.369308 0.928253 -0.044257
bt 0.195163 -0.000104418 -0.980771
t 0 1 0
bt 0.195097 -0.00122379 -0.980783
t 0.366616 0.928539 -0.0583749
bt -0.195112 2.47932e-05 -0.980781
t -0.30837 0.928683 0.206046
bt -0.53134 -0.0683492 -0.844397
t 0.362211 0.928601 0.0806474
bt -0.195169 -0.000119294 0.98077
t 0 1 0
bt -0.195097 -0.00120172 0.980783
t -0.30837 0.928683 -0.206046
bt -0.530327 -0.0710348 0.844812
t -0.30837 0.928683 -0.206046
bt -0.531365 -0.0682819 0.844387
t -0.355349 0.927814 -0.113528
bt -0.195126 8.97498e-06 0.980778
t 0 1 0
bt 0.980784 0.00013392 -0.195097
t -0.0931468 0.928425 -0.359653
bt 0.980752 0.000339924 -0.195255
t -0.904463 0.415783 -0.095245
bt 0.141106 0.0251087 -0.989676
t -0.922154 0.381954 -0.0611832
bt 0 0 -1
t -0.382475 0.923356 -0.0335611
bt 0 0 -1
t -0.094502 0.415757 0.904553
bt -0.989674 0.0251013 -0.141122
t -0.0637843 0.381892 0.922003
bt -1 0 0
t -0.0339944 0.923343 0.382469
bt -1 0 0
t -0.0954788 0.415791 -0.904434
bt -0.989675 0.0251062 0.141111
t -0.0609112 0.38196 -0.922169
bt -1 0 0
t -0.0321354 0.9234 -0.382493
bt -1 0 0
t 0.911032 0.4119 -0.0189546
bt -0.0928872 0.0472565 -0.994555
t 0.919452 0.380858 -0.0977498
bt 0 0 -1
t 0.381978 0.922157 -0.0609905
bt 0 0 -1
t 0.504851 0.417224 0.755678
bt -0.799574 0.0251024 0.600042
t 0.899772 0.392293 0.191091
bt -0.340483 0.108231 0.934001
t -0.132765 0.88816 0.439939
bt -0.576773 0.0683087 -0.814043
t -0.779723 0.416807 0.46723
bt -0.599936 0.0250408 -0.799656
t -0.504851 0.417224 0.755678
bt -0.788529 -0.0332844 -0.614097
t -0.467098 0.416804 -0.779804
bt 0.841223 -0.00820097 -0.540626
t -0.755618 0.417224 -0.504941
bt 0.577578 -0.0122758 -0.816243
t -0.132765 0.88816 -0.439939
bt -0.576768 0.0682893 0.814049
t -0.77964 0.41681 -0.467365
bt -0.646379 0.0525767 0.761203
t -0.504851 0.417224 -0.755678
bt -0.799567 -0.0251081 0.600052
t 0.504851 0.417224 -0.755678
bt -0.829401 0.00169469 -0.558651
t 0.896658 0.39391 -0.202089
bt -0.311 0.12168 -0.942589
t 0.904288 0.389666 0.174426
bt 0.279875 -0.135581 -0.950414
t 0.461987 0.416684 0.782906
bt 0.761995 -0.0520354 -0.645489
t 0.0783451 0.415133 0.906381
bt -0.977035 0.00835667 0.212917
t 0.236666 0.416451 0.877814
bt 0.968326 -0.0251227 -0.24842
t 0.108498 0.928005 0.35642
bt 0.979603 -0.0137203 -0.200475
t 0.909187 0.413645 0.0477057
bt -0.0859117 0.0504394 0.995025
t -0.891371 0.417224 0.177147
bt -0.280849 0.0405692 -0.958894
t -0.332823 0.927724 0.168989
bt -0.53134 -0.0683492 -0.844397
t -0.213938 0.416931 -0.883402
bt 0.977017 0.00839318 -0.212995
t -0.873359 0.415947 -0.253439
bt -0.218273 0.0108766 0.975827
t -0.332732 0.927731 -0.16913
bt -0.531365 -0.0682819 0.844387
t 0.109652 0.416242 -0.902618
bt -0.958913 0.0405409 -0.28079
t 0.338293 0.922148 0.18762
bt 0.200459 0.0136773 -0.979607
t 0.902879 0.416181 0.107712
bt 0.11406 -0.0375629 -0.992764
t -0.0931468 0.928425 -0.359653
bt 0.980752 0.000339924 -0.195255
t 0 1 0
bt 0.980784 0.00013392 -0.195097
t 0 1 0
bt 0.999999 0.00150409 0
t 0 1 0
bt 1 0.000902452 0
t 0.356619 0.928033 -0.107601
bt 0.191739 -0.00861446 0.981408
t 0 1 0
bt 0.195101 0.000367798 0.980783
t 0 1 0
bt 0 0.00172117 0.999999
t 0 1 0
bt 0 0.0010327 0.999999
t 0.153852 0.926823 -0.342533
bt 0.831365 -0.000470239 0.555726
t -0.263489 0.926378 0.269067
bt 0.828462 0.0131683 0.559891
t -0.344258 0.926631 0.151132
bt 0.55557 -1.31362e-06 0.83147
t 0.30837 0.928683 -0.206046
bt 0.576766 0.0682845 0.81405
t 0 1 0
bt 0.980783 -0.00125463 0.195097
t -0.106714 0.928063 0.356806
bt 0.980781 -2.12931e-05 0.195114
t 0.0443554 0.928255 -0.36929
bt 0.980769 -0.000134324 0.195175
t -0.366614 0.928539 0.0583858
bt 0.195126 -8.97498e-06 0.980778
t 0.30837 0.928683 -0.206046
bt 0.531365 -0.0682819 0.844387
t 0.909187 0.413645 0.0477057
bt -0.0859117 0.0504394 0.995025
t 0.923877 0.38269 0.000283028
bt 0 0 1
t 0.382493 0.9234 0.0321218
bt 0 0 1
t 0.362211 0.928601 0.0806474
bt -0.195169 -0.000119294 0.98077
t 0.0956333 0.415796 -0.904416
bt 0.989675 0.0251062 0.141111
t 0.062504 0.381923 -0.922078
bt 1 0 0
t 0.0331727 0.923368 -0.38248
bt 1 0 0
t 0.236666 0.416451 0.877814
bt 0.968326 -0.0251227 -0.24842
t 0.0608131 0.381963 0.922175
bt 1 0 0
t 0.0327747 0.92338 0.382485
bt 1 0 0
t 0.108498 0.928005 0.35642
bt 0.979603 -0.0137203 -0.200475
t -0.898613 0.416871 0.136799
bt 0.141157 0.025085 0.989669
t -0.914208 0.378663 0.144352
bt 0 0 1
t -0.382002 0.922214 0.0599726
bt 0 0 1
t 0.132765 0.88816 -0.439939
bt 0.576766 0.0682845 0.81405
t 0.913886 0.383103 -0.134331
bt 0.27997 -0.135539 0.950392
t 0.504851 0.417224 -0.755678
bt 0.788495 -0.0333093 0.614139
t -0.504851 0.417224 0.755678
bt 0.829432 0.00166972 0.558606
t -0.781848 0.416775 0.463694
bt 0.599945 -0.0251148 0.799647
t 0.90763 0.414572 -0.0658591
bt 0.126219 -0.0319735 0.991487
t 0.332778 0.927727 -0.16906
bt 0.531365 -0.0682819 0.844387
t -0.110097 0.416255 0.902558
bt 0.958904 0.0405541 0.280817
t 0 1 0
bt -1 0 0
t 0 1 0
bt 0 0 -1
t 0.382697 0.923874 0.000715571
bt 0 0 -1
t 0 1 0
bt 1 0 0
t 0 1 0
bt -0.195097 -0.00120172 0.980783
t 0 1 0
bt 0 0 1
t -0.355349 0.927814 -0.113528
bt -0.195126 8.97498e-06 0.980778
t -0.0079006 0.923845 0.382685
bt -1 0 0
t -0.000899427 1 0
bt -1 0 0
t 0.0188803 0.382603 0.92372
bt -1 6.15418e-05 0.000148581
t 0.0240406 0.38256 -0.923618
bt -1 0 0
t -0.00892487 0.92384 -0.382675
bt -1 0 0
t 0 1 0
bt -1 0 0
t 0.00228718 0.999997 0
bt -1 0 0
t -0.362657 0.84071 0.402104
bt -0.822354 0.168171 0.543555
t -0.341866 0.627537 0.699518
bt -0.439102 0 0.898437
t -0.193154 0.59801 0.777866
bt -0.241006 0 0.970524
t 0 1 0
bt -0.999999 -0.0013216 0
t 0 1 0
bt 0 -0.00050755 -1
t -0.913916 0.378542 0.146503
bt -0.000282198 0.000116886 -1
t -0.382688 0.923871 0.0035729
bt 0 0 -1
t 0.920247 0.381187 0.0885498
bt -0.00018138 -7.51271e-05 -1
t -0.251604 0.967829 0.00140001
bt 0 0 -1
t -0.267523 0.919954 -0.286559
bt -0.459462 0.131226 -0.87845
t -0.432514 0.879982 -0.196377
bt -0.910582 0 -0.413329
t -0.668192 0.722001 -0.179538
bt -0.96574 0 -0.259511
t 0.251605 0.96783 -8.61207e-05
bt 0 0 -1
t 0 1 0
bt 0 0 -1
t 0 1 0
bt 1 -0.000611264 0
t -0.0189157 0.382603 -0.923719
bt 1 0.000124343 -0.000300203
t 0.0168085 0.923746 -0.382636
bt 1 0 0
t -0.0123211 0.923807 0.382661
bt 1 0 0
t -0.0625333 0.381922 0.922077
bt 1 0 0
t -0.000426293 1 0
bt 1 0 0
t 0.285447 0.916483 -0.28032
bt 0.874627 0.137379 -0.464925
t 0.296164 0.741045 -0.602611
bt 0.441106 0 -0.897455
t 0.192343 0.717663 -0.669301
bt 0.2762 0 -0.9611
t -0.000105687 1 0
bt 1 0 0
t -0.213938 0.416931 -0.883402
bt 0.977017 0.00839318 -0.212995
t 0 1 0
bt 1 0 0
t 0 1 0
bt 0 -0.000433348 1
t 0.921768 0.381817 -0.067517
bt 0.000106984 4.43126e-05 1
t 0.382685 0.923863 -0.00548914
bt 0 0 1
t -0.382551 0.923539 -0.0270154
bt 0 0 1
t -0.914353 0.378723 -0.143276
bt 0.000244491 -0.000101267 1
t -0.873359 0.415947 -0.253439
bt -0.218273 0.0108766 0.975827
t 0 0.999999 0.00108456
bt 0 0 1
t 0.364505 0.868103 0.336947
bt 0.519499 0.160119 0.839335
t 0.665527 0.66745 0.334042
bt 0.893732 0 0.448602
t 0.743747 0.638277 0.198602
bt 0.966142 0 0.258011
t 0 0.999999 0.00141114
bt 0 0 1
t 0 1 0
bt 0 0 1
t 0 1 0
bt -0.323852 0 -0.946108
t -0.140979 0.592499 -0.793139
bt -0.174995 0 -0.984569
t 0.0672799 0.991774 -0.108889
bt -0.853379 -0.0781918 -0.515394
t 0 1 0
bt 0.839314 0 -0.543647
t 0.638183 0.732303 -0.237602
bt 0.937165 0 -0.348887
t 0.145571 0.986677 0.0726537
bt 0.433289 -0.0798551 -0.897711
t 0 1 0
bt 0.479898 0 0.877324
t 0.209618 0.720535 0.660976
bt 0.302304 0 0.953212
t -0.0648851 0.989664 0.127886
bt 0.894126 -0.0718169 0.44202
t 0 1 0
bt -0.934863 0 0.355009
t -0.758222 0.633084 0.155899
bt -0.979509 0 0.201402
t -0.110743 0.991749 -0.0645816
bt -0.494091 -0.0739378 0.866261
t 0.780478 0.625183 0
bt 0 0 1
t 0.780478 0.625183 0
bt 0 0 1
t 0.780478 0.625183 0
bt 0 0 1
t 0.780478 0.625183 0
bt 0 0 1
t -0.142956 0.986226 0.0832008
bt 0.48703 0.0945036 0.868257
t -0.743738 0.638288 -0.198599
bt 0.966142 0 0.258011
t 0 1 0
bt 0.893674 0 0.448717
t -0.780478 0.625183 0
bt 0 0 1
t -0.780478 0.625183 0
bt 0 0 1
t -0.780478 0.625183 0
bt 0 0 1
t -0.780478 0.625183 0
bt 0 0 1
t 0.110743 0.991749 0.0645816
bt -0.494091 0.0739378 0.866261
t 0.758232 0.633072 -0.155901
bt -0.979509 0 0.201402
t 0 0.703699 -0.710499
bt 1 0 0
t 0 0.703699 -0.710499
bt 1 0 0
t 0 0.703699 -0.710499
bt 1 0 0
t 0 0.703699 -0.710499
bt 1 0 0
t 0.0591064 0.991461 0.11624
bt 0.893323 0.0655986 -0.444602
t -0.19234 0.717674 0.669291
bt 0.2762 0 -0.9611
t 0 1 0
bt 0.441313 0 -0.897353
t 0 0.703699 0.710499
bt 1 0 0
t 0 0.703699 0.710499
bt 1 0 0
t 0 0.703699 0.710499
bt 1 0 0
t 0 0.703699 0.710499
bt 1 0 0
t 0.0648851 0.989664 -0.127886
bt 0.894126 0.0718169 0.44202
t -0.209621 0.720525 -0.660986
bt 0.302304 0 0.953212
t 0 1 0
bt 0 0 -1
t 0 1 0
bt 0 0 -1
t -0.251617 0.967827 0.000103722
bt 0 0 -1
t 0.106308 0.992894 -0.0534778
bt -0.442243 0.0593314 -0.894931
t 0.668181 0.722012 0.179536
bt -0.96574 0 -0.259511
t 0.251617 0.967826 -0.00138457
bt 0 0 -1
t -0.145571 0.986676 -0.0726538
bt 0.433289 0.0798551 -0.897711
t -0.638193 0.732293 0.237606
bt 0.937165 0 -0.348887
t 0 0.586523 0.809932
bt -1 0 0
t 0 0.586523 0.809932
bt -1 0 0
t 0 0.586523 0.809932
bt -1 0 0
t 0 0.586523 0.809932
bt -1 0 0
t -0.0932121 0.98414 -0.150931
bt -0.855935 0.107176 0.505854
t 0.193152 0.598022 -0.777858
bt -0.241006 0 0.970524
t 0 1 0
bt -0.439241 0 0.898369
t 0 0.586523 -0.809932
bt -1 0 0
t 0 0.586523 -0.809932
bt -1 0 0
t 0 0.586523 -0.809932
bt -1 0 0
t 0 0.586523 -0.809932
bt -1 0 0
t -0.0672799 0.991774 0.108889
bt -0.853379 0.0781918 -0.515394
t 0.140981 0.592487 0.793148
bt -0.174995 0 -0.984569
t 0 1 0
bt -1 -0.000769418 0
t 0.00182712 0.999998 0
bt -1 0 0
t -0.00226489 0.999997 0
bt -1 0 0
t 0 1 0
bt 0 -0.000295485 -1
t 0.000839507 1 0
bt 1 0 0
t 0.000100012 1 0
bt 1 0 0
t 0 1 0
bt 1 -0.000355865 0
t 0 0.999998 -0.00210506
bt 0 0 1
t 0 0.999999 -0.00139163
bt 0 0 1
t 0 1 0
bt 0 -0.000252285 1

