g sponza_212
t 0.424766 -0.90469 0.0333098
bt 0.288211 0.171562 -0.942073
t 0.413499 -0.908103 -0.0660818
bt -0.300899 -0.145643 -0.942469
t 0.333754 -0.942464 -0.0192294
bt -0.310283 -0.111715 -0.944057
t 0.34675 -0.937735 -0.0204314
bt 0.273962 0.207163 -0.939164
t 0.61052 -0.780067 0.13697
bt 0.628567 0.57353 -0.525325
t 0.587807 -0.805698 0.0730326
bt 0.633487 0.621905 -0.460357
t 0.962296 -0.26566 0.058412
bt 0.101198 0.424526 -0.899743
t 0.897474 -0.439685 -0.0349023
bt 0.544266 -0.0663269 -0.836287
t 0.858422 -0.512918 0.00517349
bt 0.0189414 0.200388 -0.979533
t 0.961606 -0.260061 0.0876434
bt 0.0780613 0.498038 -0.863634
t 0.586257 -0.809922 0.0181445
bt 0.183493 0.249577 -0.950811
t 0.798745 -0.588839 0.123591
bt 0.481459 0.608196 -0.631106
t 0.826441 -0.529588 0.191132
bt 0.301156 0.630571 -0.715322
t 0.681995 -0.730401 0.0373854
bt 0.106515 0.269348 -0.957134
t 0.910487 -0.373162 0.178223
bt 0.05411 0.577921 -0.814297
t 0.808028 -0.589128 0.0042153
bt -0.00103378 0.25911 -0.965847
t 0.742013 -0.668133 0.0549167
bt 0.031154 0.286119 -0.957687
t 0.870306 -0.453359 0.192439
bt 0.112198 0.633799 -0.765317
t 0.710356 -0.669619 0.216807
bt 0.577557 0.536314 -0.615463
t 0.802715 -0.594968 -0.0407686
bt -0.124366 -0.170933 -0.977402
t 0.756653 -0.65312 0.0301673
bt -0.021802 -0.293643 -0.955667
t 0.602979 -0.79609 0.0515449
bt -0.150899 -0.290917 -0.944773
t 0.458523 -0.680722 0.571292
bt 0.124303 -0.857123 -0.49989
t 0.509781 -0.462633 0.725323
bt 0.162387 -0.80271 -0.573836
t 0.893621 -0.424132 0.14681
bt 0.00549028 -0.900936 -0.433917
t 0.872707 -0.462295 0.157052
bt -0.0267752 -0.936805 -0.348826
t 0.85851 -0.512778 -0.0042808
bt 0.0134695 -0.218875 -0.97566
t 0.899342 -0.416974 0.131588
bt 0.022371 -0.249103 -0.968219
t 0.962296 -0.26566 -0.0584119
bt -0.0135117 -0.444135 -0.895858
t 0.976164 -0.216805 -0.0100077
bt 0.00460074 -0.512827 -0.85848
t 0.957357 -0.268011 0.107875
bt 0.038694 -0.73061 -0.681698
t 0.94374 -0.296481 0.14647
bt -0.0195861 -0.802914 -0.595774
t 0.602979 -0.79609 0.0515449
bt -0.150899 -0.290917 -0.944773
t 0.710439 -0.689776 0.139594
bt 0.0360885 -0.402133 -0.91487
t 0.756653 -0.65312 0.0301673
bt -0.021802 -0.293643 -0.955667
t 0.816478 -0.570824 0.0867427
bt 0.176434 -0.372149 -0.91125
t 0.967713 -0.251875 0.00954945
bt 0.0357981 -0.594148 -0.803559
t 0.959004 -0.28089 0.0375665
bt 0.0432032 -0.666318 -0.744415
t 0.814104 -0.578389 0.0519743
bt 0.105411 -0.327844 -0.938833
t 0.933383 -0.341846 0.109261
bt 0.10836 -0.82139 -0.559979
t 0.939799 -0.0773246 0.332864
bt 0.00827233 -0.901337 -0.433039
t 0.635533 -0.642441 0.428214
bt 0.273414 -0.712905 -0.645764
t 0.976683 -0.192063 0.0959325
bt 0.0332656 -0.453145 -0.890816
t 0.976683 0.192062 -0.0959343
bt -0.0329527 -0.453089 -0.890856
t 0.979509 0.200532 -0.0186914
bt -0.0102993 -0.513715 -0.857899
t 0.954945 -0.175388 0.239414
bt 0.00968367 -0.808441 -0.588498
t 0.961229 0.239686 -0.136342
bt -0.0428176 -0.731261 -0.680753
t 0.954945 0.175388 -0.239414
bt -0.0333524 -0.812337 -0.582234
t 0.966008 0.24571 -0.0803481
bt -0.0423182 -0.666177 -0.744592
t 0.972726 0.227597 -0.0447734
bt -0.0374447 -0.594396 -0.8033
t 0.942508 -0.145595 0.300799
bt 0.0269793 -0.903906 -0.42688
t 0.954945 -0.175388 0.239414
bt 0.0553584 -0.815525 -0.576067
t 0.954945 0.175388 -0.239414
bt -0.0551796 -0.815501 -0.576119
t 0.938899 0.223327 -0.261904
bt 0.01725 -0.897288 -0.441109
t 0.519351 0.522204 -0.676445
bt -0.144602 -0.787039 -0.599716
t 0.457383 0.695473 -0.554183
bt -0.118752 -0.852008 -0.509883
t 0.864343 0.48087 -0.147225
bt 0.0385952 -0.934992 -0.352562
t 0.962272 0.265717 0.0585376
bt 0.0135035 -0.444136 -0.895858
t 0.846631 0.318 -0.426722
bt -0.0679448 -0.269972 -0.960468
t 0.860037 0.51008 -0.0124153
bt -0.0846781 -0.258445 -0.962308
t 0.637212 0.665827 -0.388118
bt -0.13431 -0.598678 -0.789649
t 0.94374 0.29648 -0.14647
bt 0.0195871 -0.802913 -0.595774
t 0.716095 0.649448 -0.255782
bt -0.185966 -0.525638 -0.830133
t 0.815155 0.575515 -0.0656117
bt -0.176419 -0.372139 -0.911257
t 0.766587 0.628337 -0.132429
bt -0.177053 -0.442803 -0.878964
t 0.81124 0.584296 -0.0221035
bt -0.105425 -0.327853 -0.938828
t 0.945087 0.289106 -0.152407
bt 0.101745 -0.78341 -0.613121
t 0.944057 0.112176 -0.310116
bt -0.036211 -0.943985 -0.327996
t 0.944058 -0.112176 0.310116
bt 0.0363164 -0.943993 -0.32796
t 0.942508 -0.145595 0.300799
bt 0.0529875 -0.906876 -0.418054
t 0.890812 -0.453151 0.0332983
bt 0.0959325 0.192063 -0.976683
t 0.899342 -0.416974 0.131588
bt 0.022371 -0.249103 -0.968219
t 0.85851 -0.512778 -0.0042808
bt 0.0134695 -0.218875 -0.97566
t 0.710439 -0.689776 0.139594
bt 0.0360885 -0.402133 -0.91487
t 0.807016 -0.590406 -0.0120648
bt -0.124366 -0.170933 -0.977402
t 0.129212 -0.990172 -0.0535192
bt 0.91723 0.119809 -0.379915
t 0 -1 0
bt 0.373431 0.21858 -0.901539
t 0.0357531 -0.995626 -0.086319
bt 0.381457 0.0800112 -0.920917
t 0.129212 -0.990172 -0.0535192
bt 0.91723 0.119809 -0.379915
t 0 -1 0
bt -0.38271 0 -0.923869
t 0 -1 0
bt -0.38271 0 -0.923869
t 1 0 0
bt 0 -1 0
t 0.918551 0.107187 -0.380492
bt 0 -1 0
t 0.918551 0.107187 -0.380492
bt 0 -1 0
t 1 0 0
bt 0 -1 0
t 0.341608 -0.450666 0.824745
bt -0.0284569 -0.997231 -0.0687036
t 0.65594 -0.373476 0.65594
bt 0 -1 0
t 0.640838 -0.422674 0.640838
bt -0.056892 -0.996758 -0.056892
t 0.341608 -0.450666 0.824745
bt -0.0284569 -0.997231 -0.0687036
t 0.659273 0.361551 -0.659273
bt 0.0365407 -0.998664 -0.0365407
t 0.675452 0.295854 -0.675452
bt 0 -1 0
t 0.993817 0 0.11103
bt 0.313837 0 -0.949477
t 0.999911 0 0.0133413
bt 0.00227526 0 -0.999997
t 0.997148 0 0.0754715
bt 0.211614 0 -0.977353
t 0.993817 0 0.11103
bt 0.313837 0 -0.949477
t 0.995722 0 0.0923969
bt 0.0384824 0 -0.999259
t 0.995764 0 0.0919424
bt 0.0384824 0 -0.999259
t 0.994145 0 0.108056
bt 0.0330956 0 -0.999452
t 0.995193 0 -0.0979287
bt -0.027318 0 -0.999627
t 0.995193 0 -0.0979287
bt -0.0220081 0 -0.999758
t 0.996011 0 0.0892329
bt 0.0412358 0 -0.999149
t 0.995722 0 0.0923969
bt 0.0384824 0 -0.999259
t 0.995764 0 0.0919424
bt 0.0384824 0 -0.999259
t 0.946311 0 -0.323257
bt -0.0147397 0 -0.999891
t 0.956739 0 -0.290948
bt -0.0742401 0 -0.99724
t 0 -1 0
bt 0.707107 0 -0.707107
t 0 -1 0
bt 0.707107 0 -0.707107
t 0 -1 0
bt 0.382684 0 -0.923879
t 0 -1 0
bt 0.382684 0 -0.923879
t 0 -1 0
bt 0 0 -1
t 0 -1 0
bt 0 0 -1
t 1 0 0
bt 0 -1 0
t 1 0 0
bt 0 -1 0
t 1 0 0
bt 0 -1 0
t 1 0 0
bt 0 -1 0
t 0.667079 -0.331679 0.667079
bt 0 -1 0
t 0.707107 0 0.707107
bt 0.0279139 -0.999221 0.0279139
t 0.667079 -0.331679 0.667079
bt 0 -1 0
t 0.667079 -0.331679 0.667079
bt 0 -1 0
t 0.671567 0.31304 -0.671567
bt 0 -1 0
t 0.707107 0 -0.707107
bt 0 -1 0
t 0.671567 0.31304 -0.671567
bt 0 -1 0
t 0.671567 0.31304 -0.671567
bt 0 -1 0
t -0.419654 -0.906395 -0.0483622
bt -0.300759 0.145933 0.942469
t -0.41352 -0.908098 0.0660218
bt 0.300899 -0.145643 0.942469
t -0.333748 -0.942467 0.0191938
bt 0.310314 -0.111715 0.944047
t -0.327903 -0.944009 -0.036427
bt -0.309982 0.112634 0.944047
t -0.80272 -0.594963 -0.040738
bt -0.124366 0.170933 0.977402
t -0.802715 -0.594968 0.0407686
bt 0.124366 -0.170933 0.977402
t -0.756659 -0.653111 -0.030208
bt 0.0218013 -0.293643 0.955666
t -0.746127 -0.664931 -0.0340682
bt -0.157501 0.179751 0.971022
t -0.579623 -0.813765 -0.042699
bt -0.239444 0.175387 0.954938
t -0.60298 -0.796089 -0.0515501
bt 0.150899 -0.290917 0.944773
t -0.458422 -0.680865 -0.571202
bt -0.124306 -0.857114 0.499904
t -0.509764 -0.462544 -0.725392
bt -0.162391 -0.802713 0.57383
t -0.936345 -0.2471 -0.249398
bt -0.0198496 -0.902972 0.429241
t -0.872673 -0.462373 -0.157011
bt 0.0267822 -0.936804 0.348828
t -0.858511 -0.512777 0.004284
bt -0.01352 -0.218794 0.975677
t -0.899342 -0.416971 -0.1316
bt -0.0224261 -0.249129 0.968211
t -0.962296 -0.26566 0.0584119
bt 0.0135117 -0.444135 0.895858
t -0.976146 -0.216886 0.00995663
bt -0.00459869 -0.512828 0.858479
t -0.957357 -0.268011 -0.107875
bt -0.0386989 -0.730611 0.681696
t -0.94376 -0.296377 -0.146553
bt 0.0195897 -0.802913 0.595774
t -0.60298 -0.796089 -0.0515501
bt 0.150899 -0.290917 0.944773
t -0.710437 -0.68978 -0.139578
bt -0.0360885 -0.402133 0.91487
t -0.756659 -0.653111 -0.030208
bt 0.0218013 -0.293643 0.955666
t -0.816478 -0.570824 -0.0867427
bt -0.176434 -0.372149 0.91125
t -0.967713 -0.251875 -0.00954944
bt -0.0357959 -0.594148 0.803559
t -0.959004 -0.28089 -0.0375665
bt -0.0432032 -0.666318 0.744415
t -0.814104 -0.578389 -0.0519743
bt -0.105411 -0.327844 0.938833
t -0.933404 -0.341766 -0.109328
bt -0.108372 -0.821392 0.559974
t -0.635526 -0.642372 -0.428328
bt -0.2734 -0.712895 0.645781
t -0.976683 -0.192063 -0.0959325
bt -0.0332656 -0.453145 0.890816
t -0.976683 0.192063 0.0959325
bt 0.0329593 -0.45309 0.890855
t -0.983206 0.156662 0.0936127
bt 0.0212681 -0.515372 0.856703
t -0.954945 -0.17539 -0.239413
bt -0.00968335 -0.80844 0.588498
t -0.964276 0.182766 0.191751
bt 0.0509627 -0.732507 0.678849
t -0.954945 0.175387 0.239415
bt 0.0333521 -0.812337 0.582234
t -0.971017 0.179544 0.157764
bt 0.0391902 -0.665681 0.745207
t -0.977398 0.170644 0.124792
bt 0.0440025 -0.595374 0.802243
t -0.954945 -0.17539 -0.239413
bt -0.0553535 -0.815525 0.576069
t -0.954945 0.175388 0.239414
bt 0.0550661 -0.815486 0.576151
t -0.942469 0.145643 0.300899
bt 0.0264796 -0.903843 0.427045
t -0.944057 0.112176 0.310116
bt 0.0362912 -0.943991 0.327968
t -0.944058 -0.112176 -0.310116
bt -0.0362885 -0.943991 0.327969
t -0.890812 -0.453151 -0.0332983
bt -0.0959325 0.192063 0.976683
t -0.899342 -0.416971 -0.1316
bt -0.0224261 -0.249129 0.968211
t -0.858511 -0.512777 0.004284
bt -0.01352 -0.218794 0.975677
t -0.856161 -0.516057 -0.0259336
bt -0.0934583 0.156754 0.983206
t -0.680458 -0.731459 -0.0440924
bt -0.19175 0.182767 0.964276
t -0.710437 -0.68978 -0.139578
bt -0.0360885 -0.402133 0.91487
t -0.807016 -0.590406 0.0120648
bt 0.124366 -0.170933 0.977402
t -0.803599 -0.594125 -0.0352677
bt -0.124366 0.170933 0.977402
t 0 -1 0
bt 0 0 1
t 0 -1 0
bt 0 0 1
t 0 -1 0
bt 0.38271 0 0.923869
t 0 -1 0
bt 0.38271 0 0.923869
t -0.915326 -0.135718 -0.379157
bt 0 -1 0
t -0.923869 0 0.38271
bt 0 -1 0
t -0.923869 0 0.38271
bt 0 -1 0
t -0.91286 -0.153949 -0.378135
bt 0.0229132 -0.999692 0.00949061
t -0.341601 -0.450699 -0.82473
bt 0.0284543 -0.997232 0.0686974
t -0.341601 -0.450699 -0.82473
bt 0.0284543 -0.997232 0.0686974
t -0.999992 0 -0.00406475
bt 2.43393e-06 0 1
t -0.995725 0 -0.09237
bt -0.0385379 0 0.999257
t -0.995764 0 -0.091951
bt -0.0385362 0 0.999257
t -0.999992 0 -0.00406475
bt 2.43393e-06 0 1
t -0.994153 0 -0.107983
bt -0.033005 0 0.999455
t -1 0 0
bt 0.00383438 0 0.999993
t -1 0 0
bt -0.00406907 0 0.999992
t -0.99601 0 -0.0892416
bt -0.0412504 0 0.999149
t -0.995725 0 -0.09237
bt -0.0385379 0 0.999257
t -0.995764 0 -0.091951
bt -0.0385362 0 0.999257
t 0 -1 0
bt 0 0 1
t 0 -1 0
bt 0 0 1
t 0 -1 0
bt 0 0 1
t 0 -1 0
bt 0 0 1
t -0.917163 -0.120309 -0.379918
bt 0 -1 0
t -0.917163 -0.120309 -0.379918
bt 0 -1 0
t -1 0 0
bt 0 -1 0
t -1 0 0
bt 0 -1 0
t -0.667079 -0.331679 -0.667079
bt 0 -1 0
t -0.707107 0 -0.707107
bt -0.0279139 -0.999221 -0.0279139
t 0.999797 0 -0.0201283
bt 0 0 -1
t 0.999795 0 0.020249
bt 0 0 -1
t 0.999909 0 -0.0134862
bt 0 0 -1
t 0.999949 0 -0.0101147
bt -5.16179e-05 0 -1
t 1 0 -0.000436077
bt 0.0655615 0 -0.997849
t 1 0 -0.000133354
bt -6.88238e-05 0 -1
t 0.997863 0 0.0653433
bt -0.000439225 0 -1
t 1 0 0
bt -0.000206471 0 -1

