g sponza_100
t 0 0 -1
bt -0.0971966 -0.995265 0
t 0 0 -1
bt -0.172904 -0.984937 0.00154755
t 0 0 -1
bt -0.164705 -0.986343 0
t 0 0 -1
bt -0.0971966 -0.995265 0
t -1 0 0
bt 0.00128225 -0.978021 0.208503
t -1 0 0
bt 0.00167293 -0.97802 0.208503
t -1 0 0
bt 0.00195176 -0.992869 0.119196
t -1 0 0
bt 0.00195176 -0.992869 0.119196
t -1 0 0
bt -0.000235391 -1 0
t -1 0 0
bt 0.000291851 -1 0
t -1 0 0
bt -0.000235391 -1 0
t -1 0 0
bt -0.000235391 -1 0
t 0 0 1
bt 0 -1 0.000300855
t 0 0 1
bt 0 -1 0
t 0 0 1
bt 0 -1 0.000300855
t 0 0 1
bt 0 -1 0.000300855
t 0 0 -1
bt -0.674677 -0.72984 -0.110198
t 0 0 -1
bt -0.678534 -0.734012 -0.0285915
t 0 0 -1
bt -0.674677 -0.72984 -0.110198
t 0 0 -1
bt -0.674677 -0.72984 -0.110198
t -1 0 0
bt 0.51259 -0.567551 0.644312
t -1 0 0
bt -0.504393 -0.57075 0.647944
t -1 0 0
bt 0.51259 -0.567551 0.644312
t -1 0 0
bt 0.51259 -0.567551 0.644312
t 0 0 -1
bt 0.564881 -0.825172 -0.00136374
t 0 0 -1
bt 0.564881 -0.825172 0
t 0 0 -1
bt 0.564881 -0.825172 -0.00136374
t 0 0 -1
bt 0.564881 -0.825172 -0.00136374
t -1 0 0
bt -0.00035562 -0.765378 -0.643581
t -1 0 0
bt 0.000606058 -0.765378 -0.643581
t -1 0 0
bt -0.00035562 -0.765378 -0.643581
t -1 0 0
bt -0.00035562 -0.765378 -0.643581
t 0 0 -1
bt -0.606889 -0.794786 0
t 0 0 -1
bt -0.606885 -0.79478 -0.00395748
t 0 0 -1
bt -0.606889 -0.794786 0
t 0 0 -1
bt -0.606889 -0.794786 0
t -1 0 0
bt -0.00306624 -0.729487 0.683988
t -1 0 0
bt -0.0068043 -0.729474 0.683975
t -1 0 0
bt -0.00306624 -0.729487 0.683988
t -1 0 0
bt -0.00306624 -0.729487 0.683988
t 0 0 -1
bt 0.606888 -0.794784 0.00235244
t 0 0 -1
bt 0.606889 -0.794786 0
t 0 0 -1
bt 0.606888 -0.794784 0.00235244
t 0 0 -1
bt 0.606888 -0.794784 0.00235244
t -1 0 0
bt 0.0018768 -0.729489 -0.68399
t -1 0 0
bt 0.00819375 -0.729466 -0.683968
t -1 0 0
bt 0.0018768 -0.729489 -0.68399
t -1 0 0
bt 0.0018768 -0.729489 -0.68399
t 0 0 -1
bt -0.313106 -0.949718 -8.0746e-05
t 0 0 -1
bt -0.365003 -0.931007 0.000131665
t 0 0 -1
bt -0.365003 -0.931006 0
t 0 0 -1
bt -0.298895 -0.954286 0
t -1 0 0
bt 0.000401944 -0.900949 0.433924
t -1 0 0
bt -0.000363259 -0.90095 0.433924
t -1 0 0
bt 0.000290791 -0.928394 0.371597
t -1 0 0
bt 0.000244265 -0.928394 0.371597
t -0.552014 0.339287 -0.761686
bt -0.0192094 -0.975849 0.217598
t -0.658862 -0.212042 -0.721761
bt -0.0620537 -0.946434 0.31688
t -0.593138 0.152203 -0.790583
bt -0.0543661 -0.94713 0.316212
t -0.552072 0.339299 -0.761638
bt -0.0191927 -0.975853 0.217585
t -0.587314 -0.225436 0.77733
bt 0.176666 -0.983922 0.0262011
t -0.635786 0.321489 0.701727
bt 0.176493 -0.983943 0.0265807
t -0.572298 -0.217642 0.790637
bt 0.268987 -0.961379 0.0582774
t -0.54921 -0.275999 0.788792
bt 0.275086 -0.959518 0.0604383
t -0.610645 -0.24618 -0.752667
bt -0.0100498 -0.999741 -0.0204347
t -0.590508 -0.347022 -0.728612
bt 0.00109864 -0.999977 -0.00673058
t -0.610704 -0.246181 -0.75262
bt -0.0100513 -0.999741 -0.0204334
t -0.610645 -0.24618 -0.752667
bt -0.0100498 -0.999741 -0.0204347
t -0.612749 -0.247947 0.750374
bt -0.0166144 -0.999786 0.012326
t -0.586951 -0.374525 0.717788
bt -0.00547735 -0.999984 -0.00135062
t -0.612749 -0.247947 0.750374
bt -0.0166144 -0.999786 0.012326
t -0.612797 -0.247946 0.750335
bt -0.0166156 -0.999786 0.0123249
t -0.821362 0.56399 -0.0853235
bt 0.0625172 -0.553986 -0.830175
t -0.837845 0.404477 -0.366625
bt 0.0999992 -0.572292 -0.81393
t -0.821348 0.564008 -0.0853348
bt 0.0625437 -0.553951 -0.830197
t -0.821344 0.564014 -0.0853385
bt 0.0625884 -0.553891 -0.830233
t -0.339203 0.291643 0.894363
bt -0.758029 -0.641322 -0.118736
t 0.0150862 0.529432 0.848219
bt -0.762938 -0.637596 -0.106752
t -0.33927 0.291732 0.894309
bt -0.758063 -0.641276 -0.118764
t -0.339203 0.291643 0.894363
bt -0.758029 -0.641322 -0.118736
t -0.648144 -0.015581 -0.761358
bt -0.501927 -0.568047 0.652221
t -0.631335 -5.9068e-07 -0.77551
bt -0.522281 -0.570864 0.633511
t -0.648144 -0.015581 -0.761358
bt -0.501927 -0.568047 0.652221
t -0.648144 -0.015581 -0.761358
bt -0.501927 -0.568047 0.652221
t -0.631154 -8.72365e-05 0.775657
bt 0.522232 -0.570903 0.633517
t -0.631317 -3.37492e-05 0.775525
bt 0.514995 -0.570001 0.640218
t -0.631154 -8.72365e-05 0.775657
bt 0.522232 -0.570903 0.633517
t -0.631154 -8.72365e-05 0.775657
bt 0.522232 -0.570903 0.633517
t -0.831312 -0.301271 -0.467072
bt -0.101553 -0.526499 0.844089
t -0.631516 5.72711e-05 -0.775363
bt -0.0314654 -0.493633 0.869101
t -0.831401 -0.301137 -0.467
bt -0.101472 -0.52662 0.844023
t -0.83127 -0.301334 -0.467107
bt -0.101547 -0.526507 0.844084
t -0.631364 -4.00027e-05 0.775487
bt 0.809799 -0.581818 0.0755905
t -0.256587 -0.323785 0.910673
bt 0.797584 -0.592908 0.110991
t -0.631364 -4.00027e-05 0.775487
bt 0.809799 -0.581818 0.0755905
t -0.631364 -4.00027e-05 0.775487
bt 0.809799 -0.581818 0.0755905
t -0.865525 0.454337 -0.210819
bt 0.0117878 -0.476584 -0.87905
t -0.6315 -3.44574e-05 -0.775376
bt 0.032877 -0.487089 -0.872733
t -0.865417 0.454501 -0.210906
bt 0.0118746 -0.476452 -0.879121
t -0.865407 0.454518 -0.210915
bt 0.0119186 -0.476384 -0.879156
t -0.631348 1.59631e-05 0.7755
bt -0.826501 -0.561645 -0.0380843
t -0.0196184 0.460543 0.887421
bt -0.829931 -0.557272 -0.025732
t -0.631418 0.000123421 0.775442
bt -0.826513 -0.561628 -0.0380935
t -0.631348 1.59631e-05 0.7755
bt -0.826501 -0.561645 -0.0380843
t -0.715271 -0.363646 -0.596783
bt -0.041807 -0.813939 0.579445
t -0.720093 -0.243884 -0.649606
bt -0.0801715 -0.764457 0.63967
t -0.741956 -0.356254 -0.567966
bt -0.0621216 -0.755025 0.652747
t -0.708485 -0.320594 -0.628704
bt -0.0376363 -0.819921 0.571238
t -0.495401 -0.27752 0.823141
bt 0.488675 -0.869354 0.0736271
t -0.439037 -0.37105 0.818272
bt 0.486682 -0.871604 0.0587152
t -0.502484 -0.225632 0.834626
bt 0.562881 -0.820394 0.100591
t -0.502484 -0.225632 0.834626
bt 0.562881 -0.820394 0.100591
t -1 0 -0.000150281
bt -0.000465276 0 -1
t -0.999788 0 0.0205809
bt 0 0 -1
t -1 0 -0.000150281
bt -0.0112877 0 -0.999936
t -1 0 -0.000112711
bt -0.00846561 0 -0.999964
t -1 0 0
bt -0.0324634 0 -0.999473
t -1 0 0
bt 0 0 -1
t 0 0 1
bt 0.164705 -0.986343 0
t 0 0 1
bt 0.172904 -0.984936 -0.00222647
t 0 0 1
bt 0.0974044 -0.995245 0
t 0 0 1
bt 0.0973947 -0.995246 0
t 0 0 -1
bt 0 -1 0
t 0 0 -1
bt 0 -1 0.000300855
t 0 0 -1
bt 0 -1 0
t 0 0 -1
bt 0 -1 0
t -4.0696e-05 4.40336e-05 1
bt 0.579891 -0.627482 0.519608
t 0 0 1
bt 0.526009 -0.569094 0.632017
t -4.0696e-05 4.40336e-05 1
bt 0.579891 -0.627482 0.519608
t -0.000114133 -2.38303e-05 1
bt 0.579811 -0.627557 0.519608
t 0 0 1
bt -0.56488 -0.825171 0.00178993
t 0 0 1
bt -0.564881 -0.825172 0
t 0 0 1
bt -0.56488 -0.825171 0.00178993
t 0 0 1
bt -0.56488 -0.825171 0.00178993
t 0 0 1
bt 0.606715 -0.79492 0
t 0 0 1
bt 0.606697 -0.794896 0.00763934
t 0 0 1
bt 0.606715 -0.79492 0
t 0 0 1
bt 0.606715 -0.79492 0
t 0 0 1
bt -0.606689 -0.794886 -0.00917763
t 0 0 1
bt -0.606715 -0.79492 0
t 0 0 1
bt -0.606689 -0.794886 -0.00917763
t 0 0 1
bt -0.606689 -0.794886 -0.00917763
t 0 0 1
bt 0.365089 -0.930973 0
t 0 0 1
bt 0.365089 -0.930973 0.000131719
t 0 0 1
bt 0.313106 -0.949718 -8.15454e-05
t 0 0 1
bt 0.298895 -0.954286 0
t 1 0 0
bt 0 0 1
t 1 0 0
bt -0.00871901 0 0.999962
t 1 0 0
bt -0.00318133 0 0.999995
t 1 0 0
bt 0 0 1
t 1 0 0
bt -0.0259784 0 0.999663
t 1 0 0
bt -0.0259784 0 0.999663

