g sponza_27
t -0.999979 0 0.00654226
bt 0.000318371 0 -1
t -1 0 0
bt 0 0 -1
t -0.999999 0 -0.00139668
bt -0.0085356 0 -0.999964
t -0.999994 0 0.00350951
bt -0.00640162 0 -0.99998
t -1 0 0
bt -9.27577e-05 0 -1
t -0.999984 0 -0.00558862
bt -0.0265598 0 -0.999647
t -0.999834 0 0.0182275
bt 0 0 -1
t 1 0 0
bt -4.76692e-05 -1 0
t 1 0 0
bt 0 -1 0
t 1 0 0
bt -4.76692e-05 -1 0
t 1 0 0
bt -4.76692e-05 -1 0
t 0 0 1
bt 0 -1 -0.000529179
t 0 0 1
bt 0 -1 -0.000114556
t 0 0 1
bt 0 -1 -0.000529179
t 0 0 1
bt 0 -1 -0.000529179
t -1 0 0
bt 0.00106985 -0.99287 0.119196
t -1 0 0
bt 0.00124798 -0.977659 0.210194
t -1 0 0
bt 0.000343564 -0.981803 0.189901
t -1 0 0
bt 0.00106985 -0.99287 0.119196
t -1.46316e-07 6.805e-07 1
bt 0.210194 -0.977658 -0.00159375
t -4.38738e-07 2.04052e-06 1
bt 0.210194 -0.977657 -0.00212151
t 0 0 1
bt 0.119196 -0.992868 -0.00240488
t 0 0 1
bt 0.119196 -0.992868 -0.00240488
t 1 0 0
bt 0.000284436 -1 0
t 1 0 0
bt 0 -1 0
t 1 0 0
bt 0.000284436 -1 0
t 1 0 0
bt 0.000284436 -1 0
t 0 0 1
bt 0 -1 0.000301494
t 0 0 1
bt 0 -1 -0.000310856
t 0 0 1
bt 0 -1 0.000301494
t 0 0 1
bt 0 -1 0.000301494
t -1 0 0
bt 0.170122 -0.651358 0.739454
t -1 0 0
bt 0.591768 -0.532832 0.604897
t -1 0 0
bt 0.170122 -0.651358 0.739454
t -1 0 0
bt 0.170122 -0.651358 0.739454
t 0 0 1
bt 0.60297 -0.530984 -0.595385
t 0.000951509 -0.000837911 0.999999
bt 0.605016 -0.532785 0.591689
t 0 0 1
bt 0.60297 -0.530984 -0.595385
t 0 0 1
bt 0.60297 -0.530984 -0.595385
t -1 0 0
bt -0.00115158 -0.765336 -0.64363
t -1 0 0
bt -0.0058526 -0.765323 -0.64362
t -1 0 0
bt -0.00115158 -0.765336 -0.64363
t -1 0 0
bt -0.00115158 -0.765336 -0.64363
t 0 0 1
bt -0.643689 -0.765287 0.000571639
t 0 0 1
bt -0.643689 -0.765287 -0.000604829
t 0 0 1
bt -0.643689 -0.765287 0.000571639
t 0 0 1
bt -0.643689 -0.765287 0.000571639
t -1 0 0
bt 0.00923774 -0.729459 0.683962
t -1 0 0
bt -0.00326601 -0.729487 0.683987
t -1 0 0
bt 0.00923774 -0.729459 0.683962
t -1 0 0
bt 0.00923774 -0.729459 0.683962
t 0 0 1
bt 0.684036 -0.729439 0.00370016
t 0 0 1
bt 0.684017 -0.729418 0.00842978
t 0 0 1
bt 0.684036 -0.729439 0.00370016
t 0 0 1
bt 0.684036 -0.729439 0.00370016
t -1 0 0
bt 0.00177441 -0.729489 -0.68399
t -1 0 0
bt -0.00936598 -0.729458 -0.683961
t -1 0 0
bt 0.00177441 -0.729489 -0.68399
t -1 0 0
bt 0.00177441 -0.729489 -0.68399
t 0 0 1
bt -0.684039 -0.729442 -0.00232335
t 0 0 1
bt -0.684006 -0.729406 -0.010117
t 0 0 1
bt -0.684039 -0.729442 -0.00232335
t 0 0 1
bt -0.684039 -0.729442 -0.00232335
t -1 0 0
bt -0.00115632 -0.927306 0.374303
t -1 0 0
bt -4.30144e-05 -0.90095 0.433924
t -1 0 0
bt -0.00162919 -0.900948 0.433923
t -1 0 0
bt -0.00146234 -0.94013 0.340814
t 0 0 1
bt 0.434005 -0.90091 -0.000482624
t 0 0 1
bt 0.434005 -0.90091 0.000438544
t 0 0 1
bt 0.374388 -0.927272 -0.000341843
t -2.47178e-07 6.12158e-07 1
bt 0.374388 -0.927272 -0.000306047
t 0.580093 0.213391 0.786102
bt 0.634171 -0.765986 -0.105321
t 0.558573 0.287708 0.777959
bt 0.570629 -0.819417 -0.0542019
t 0.57949 0.255113 0.774021
bt 0.558804 -0.826235 -0.0712264
t 0.580093 0.213391 0.786102
bt 0.634171 -0.765986 -0.105321
t -0.707107 4.09095e-08 0.707107
bt -6.86573e-05 -1 -0.000497033
t -0.707207 2.79471e-08 0.707007
bt -1.82138e-05 -1 -0.000547401
t -0.707207 9.74614e-08 0.707007
bt -6.86246e-05 -1 -0.000497005
t -0.707107 4.09095e-08 0.707107
bt -6.86573e-05 -1 -0.000497033
t 0.707207 -2.79471e-08 0.707007
bt -9.17128e-05 -1 0.000473923
t 0.707107 -3.63718e-08 0.707107
bt -0.000703449 -1 -0.000137759
t 0.707107 2.86207e-08 0.707107
bt -9.17423e-05 -1 0.000473948
t 0.707207 -2.79471e-08 0.707007
bt -9.17128e-05 -1 0.000473923
t -0.709047 0.31427 0.631258
bt 0.217576 -0.975757 0.0236629
t -0.653731 -0.191618 0.732065
bt 0.319351 -0.94526 0.0670746
t -0.72819 0.140159 0.670891
bt 0.322513 -0.944428 0.0635729
t -0.709047 0.31427 0.631258
bt 0.217576 -0.975757 0.0236629
t 0.690678 0.219938 0.688905
bt -0.00571726 -0.999981 0.00234368
t 0.662309 0.355646 0.659442
bt -0.0141067 -0.999882 -0.00604652
t 0.690678 0.219938 0.688905
bt -0.00571726 -0.999981 0.00234368
t 0.690678 0.219938 0.688905
bt -0.00571726 -0.999981 0.00234368
t -0.689517 -0.227277 0.687685
bt -0.0204226 -0.999715 0.0123638
t -0.664945 -0.345531 0.66216
bt -0.00672338 -0.999977 -0.00133752
t -0.689517 -0.227277 0.687685
bt -0.0204226 -0.999715 0.0123638
t -0.689517 -0.227277 0.687685
bt -0.0204226 -0.999715 0.0123638
t 0.314835 -0.347248 0.883345
bt -0.798202 -0.582087 0.155072
t 0.0838631 -0.481573 0.872384
bt -0.834509 -0.5475 0.0619604
t 0.314835 -0.347248 0.883345
bt -0.798202 -0.582087 0.155072
t 0.314835 -0.347248 0.883345
bt -0.798202 -0.582087 0.155072
t -0.405226 0.283404 0.86918
bt -0.819176 -0.563958 -0.104418
t 0.0186039 0.529372 0.848186
bt -0.823235 -0.55991 -0.0937314
t -0.405226 0.283404 0.86918
bt -0.819176 -0.563958 -0.104418
t -0.405226 0.283404 0.86918
bt -0.819176 -0.563958 -0.104418
t 0.70713 -2.10911e-05 0.707083
bt 0.581022 -0.534835 -0.613486
t 0.707143 -3.23213e-05 0.707071
bt 0.595659 -0.534975 -0.59916
t 0.70713 -2.10911e-05 0.707083
bt 0.581022 -0.534835 -0.613486
t 0.70713 -2.10911e-05 0.707083
bt 0.581022 -0.534835 -0.613486
t -0.70713 2.10942e-05 0.707083
bt 0.600977 -0.534969 0.59383
t -0.707143 3.23369e-05 0.707071
bt 0.5937 -0.534969 0.601106
t -0.70713 2.10942e-05 0.707083
bt 0.600977 -0.534969 0.59383
t -0.70713 2.10942e-05 0.707083
bt 0.600977 -0.534969 0.59383
t 0.309831 0.318608 0.89582
bt 0.83867 -0.528147 -0.133021
t 0.707208 -2.09656e-05 0.707006
bt 0.834402 -0.531941 -0.144266
t 0.309831 0.318608 0.89582
bt 0.83867 -0.528147 -0.133021
t 0.309831 0.318608 0.89582
bt 0.83867 -0.528147 -0.133021
t -0.37382 -0.277889 0.884894
bt 0.841931 -0.525105 0.124166
t -0.707208 2.09832e-05 0.707006
bt 0.868917 -0.493426 0.038913
t -0.37382 -0.277889 0.884894
bt 0.841931 -0.525105 0.124166
t -0.37382 -0.277889 0.884894
bt 0.841931 -0.525105 0.124166
t 0.707209 2.02395e-05 0.707005
bt -0.832385 -0.530074 0.16173
t 0.166815 -0.393263 0.904167
bt -0.889094 -0.456547 -0.0328332
t 0.707209 2.02395e-05 0.707005
bt -0.832385 -0.530074 0.16173
t 0.707209 2.02395e-05 0.707005
bt -0.832385 -0.530074 0.16173
t -0.707209 -2.02298e-05 0.707005
bt -0.874547 -0.483826 -0.0328607
t -0.0236704 0.46059 0.887298
bt -0.877218 -0.479578 -0.0222258
t -0.707209 -2.02298e-05 0.707005
bt -0.874547 -0.483826 -0.0328607
t -0.707209 -2.02298e-05 0.707005
bt -0.874547 -0.483826 -0.0328607
t 0.650487 0.20068 0.732526
bt 0.313361 -0.946771 -0.0736825
t 0.711391 -0.292748 0.638922
bt 0.207609 -0.977618 -0.0340888
t 0.665506 0.207995 0.716827
bt 0.208839 -0.9774 -0.0328047
t 0.650487 0.20068 0.732526
bt 0.313361 -0.946771 -0.0736825
t -0.515909 -0.349289 0.782199
bt 0.572612 -0.818227 0.0511851
t -0.577569 -0.216927 0.786992
bt 0.638642 -0.763216 0.0981745
t -0.482484 -0.337472 0.808283
bt 0.652047 -0.754339 0.0762001
t -0.54906 -0.302012 0.779308
bt 0.570077 -0.819756 0.0548862
t 0 0 1
bt -0.658999 -0.65751 0.365242
t 0 0 1
bt -0.667696 -0.666187 -0.332231
t 0 0 1
bt -0.658999 -0.65751 0.365242
t 0 0 1
bt -0.658999 -0.65751 0.365242
t -0.707162 3.12353e-05 0.707052
bt -0.604575 -0.580649 -0.545285
t -0.707107 0 0.707107
bt -0.432239 -0.570849 -0.698069
t -0.707133 -2.63229e-05 0.707081
bt -0.60455 -0.580698 -0.54526
t -0.707162 3.12353e-05 0.707052
bt -0.604575 -0.580649 -0.545285
t -1 0 0
bt -0.335005 -0.665588 -0.666907
t -0.999959 0.00638056 0.0063932
bt -0.133963 -0.700039 -0.701427
t -1 0 0
bt -0.335005 -0.665588 -0.666907
t -1 0 0
bt -0.335005 -0.665588 -0.666907
t 0.875908 0.227332 0.425565
bt -0.569569 -0.581143 0.581261
t 0.841326 0.164934 0.514749
bt -0.734112 -0.562701 0.380062
t 0.875872 0.227404 0.425602
bt -0.569545 -0.581189 0.581238
t 0.875908 0.227332 0.425565
bt -0.569569 -0.581143 0.581261
t 0 0 1
bt 0 -1 0
t 0 0 1
bt 0 -1 0
t 0 0 1
bt 0 -1 0
t 0 0 1
bt 0 -1 0
t -0.707107 0 0.707107
bt 0 -1 0
t -0.707107 0 0.707107
bt 0 -1 0
t -0.707107 0 0.707107
bt 0 -1 0
t -0.707107 0 0.707107
bt 0 -1 0
t -1 0 0
bt 0 -1 0
t -1 0 0
bt 0 -1 0
t -1 0 0
bt 0 -1 0
t -1 0 0
bt 0 -1 0
t 0.707107 0 0.707107
bt 0 -1 0
t 0.707107 0 0.707107
bt 0 -1 0
t 0.707107 0 0.707107
bt 0 -1 0
t 0.707107 0 0.707107
bt 0 -1 0
t 0 0 1
bt 0.519771 -0.801095 -0.296791
t 0.00207818 -0.00320298 0.999993
bt 0.524026 -0.807652 0.270362
t 0 0 1
bt 0.519771 -0.801095 -0.296791
t 0 0 1
bt 0.519771 -0.801095 -0.296791
t -0.999969 0.00658562 -0.00427292
bt 0.04945 -0.837867 0.54363
t -0.999969 0.00658993 -0.00427571
bt 0.294952 -0.801573 0.520081
t -0.999969 0.00658562 -0.00427292
bt 0.04945 -0.837867 0.54363
t -0.999969 0.00658562 -0.00427292
bt 0.04945 -0.837867 0.54363
t 0.578609 0.170795 0.797522
bt 0.46898 -0.740935 -0.4807
t 0.655629 0.0746129 0.751388
bt 0.515276 -0.739733 -0.432766
t 0.5786 0.170783 0.797531
bt 0.469019 -0.740885 -0.480739
t 0.5786 0.170783 0.797531
bt 0.469019 -0.740885 -0.480739
t -0.707125 2.7682e-05 0.707089
bt 0.50042 -0.740416 0.448737
t -0.707038 -1.43088e-06 0.707175
bt 0.449503 -0.740475 0.499644
t -0.707125 2.76779e-05 0.707089
bt 0.500381 -0.740465 0.448698
t -0.707162 -1.98054e-05 0.707052
bt 0.500357 -0.740495 0.448675
t 0 0 -1
bt 0 1 0
t 0 0 -1
bt 0 1 0
t 0 0 -1
bt 0 1 0
t 0 0 -1
bt 0 1 0
t 0.707107 0 -0.707107
bt 0 1 0
t 0.707107 0 -0.707107
bt 0 1 0
t 0.707107 0 -0.707107
bt 0 1 0
t 0.707107 0 -0.707107
bt 0 1 0
t -1 0 0
bt 0 1 0
t -1 0 0
bt 0 1 0
t -1 0 0
bt 0 1 0
t -1 0 0
bt 0 1 0
t -0.707107 0 -0.707107
bt 0 1 0
t -0.707107 0 -0.707107
bt 0 1 0
t -0.707107 0 -0.707107
bt 0 1 0
t -0.707107 0 -0.707107
bt 0 1 0
t 0.259681 -0.00586587 0.965677
bt -0.632022 -0.44483 0.634567
t -0.259679 0.00586694 0.965677
bt -0.647453 -0.450276 -0.614863
t -0.0877851 0.185487 0.978718
bt -0.767903 -0.224214 0.600044
t 0.291388 -0.0831453 0.952985
bt -0.626634 -0.444962 0.639795
t -0.991023 -0.117171 0.0643797
bt -0.632413 -0.445534 -0.633682
t -1 0 0
bt -0.161828 -0.565718 -0.808563
t -1 0 0
bt -0.63265 -0.443965 -0.634546
t -0.952968 -0.0831111 0.291452
bt -0.639481 -0.445021 -0.626914
t 0.76232 -0.217531 0.609548
bt -0.609577 -0.451758 0.651407
t 0.87114 -0.0299084 0.490122
bt -0.612069 -0.449793 0.650429
t -0.762356 0.217506 0.609512
bt -0.637939 -0.443946 -0.629242
t -0.651305 -0.135069 0.746698
bt -0.651626 -0.450024 -0.610624
t -0.252725 0 0.967538
bt -0.993786 0 0.111308
t -0.252725 0 0.967538
bt -0.940645 0 -0.339391
t 0.252717 0 0.96754
bt -0.944793 0 0.327669
t 0 0 1
bt -0.942607 0 0.333903
t -0.707107 0 0.707107
bt -0.936071 0 -0.35181
t -0.707069 0 0.707145
bt -0.315178 0 -0.949033
t -1 0 0
bt -0.333172 0 -0.942866
t -1 0 0
bt -0.120323 0 -0.992735
t -1 0 0
bt -0.333172 0 -0.942866
t -1 0 0
bt -0.333172 0 -0.942866
t 0.866273 0 0.49957
bt -0.58474 0 0.811221
t 0.939186 0 0.343408
bt -0.409712 0 0.912215
t 0.866273 0 0.49957
bt -0.58474 0 0.811221
t 0.252725 0 0.967538
bt 0.993359 0 0.11506
t 0.252725 0 0.967538
bt 0.941997 0 -0.335621
t -0.252709 0 0.967542
bt 0.944793 0 0.327668
t 0 0 1
bt 0.942607 0 0.333903
t 0.707107 0 0.707107
bt 0.940231 0 -0.340538
t 0.707088 0 0.707126
bt 0.701863 0 -0.712312
t 1 0 0
bt 0.00834683 0 -0.999965
t 1 0 0
bt -0.253198 0 -0.967415
t 1 0 0
bt 0.00834683 0 -0.999965
t 1 0 0
bt 0.00834683 0 -0.999965
t -0.707107 0 0.707107
bt 0.351835 0 0.936062
t -0.862856 0 0.505449
bt 0.345629 0 0.938371
t -0.862856 0 0.505449
bt 0.276415 0 0.961038
t 1 -9.04781e-07 -1.8517e-07
bt 0 -0.979694 -0.200499
t 1 -2.70178e-06 -5.80918e-07
bt -0.00212223 -0.977657 -0.210194
t 1 0 0
bt 0 -0.992871 -0.119196
t 1 0 0
bt 0 -0.992871 -0.119196
t 1 0 0
bt -0.340552 -0.621483 -0.705538
t 0.999999 0.00109339 0.00124127
bt 0.582969 -0.537053 -0.609689
t 1 0 0
bt -0.340552 -0.621483 -0.705538
t 1 0 0
bt -0.340552 -0.621483 -0.705538
t 1 0 0
bt 0 -0.765336 0.643631
t 1 0 0
bt -0.000455583 -0.765336 0.643631
t 1 0 0
bt 0 -0.765336 0.643631
t 1 0 0
bt 0 -0.765336 0.643631
t 1 0 0
bt 0 -0.72949 -0.683991
t 1 0 0
bt -0.00345211 -0.729486 -0.683987
t 1 0 0
bt 0 -0.72949 -0.683991
t 1 0 0
bt 0 -0.72949 -0.683991
t 1 0 0
bt 0 -0.72949 0.683991
t 1 0 0
bt 0.00196974 -0.729489 0.68399
t 1 0 0
bt 0 -0.72949 0.683991
t 1 0 0
bt 0 -0.72949 0.683991
t 1 0 0
bt 0 -0.90095 -0.433924
t 1 0 0
bt 0.000511551 -0.900949 -0.433924
t 1 0 0
bt 2.72618e-07 -0.927307 -0.374303
t 1 -8.21589e-07 -3.15422e-07
bt 0 -0.933573 -0.358388
t 1 -0.000676633 0.000677974
bt 0.145917 -0.698846 0.700231
t 0.999991 0.00298289 -0.0029888
bt -0.388516 -0.650913 0.652203
t 1 -0.000676633 0.000677974
bt 0.145917 -0.698846 0.700231
t 1 -0.000676633 0.000677974
bt 0.145917 -0.698846 0.700231
t 1 0 0
bt 0 -1 0
t 1 0 0
bt 0 -1 0
t 1 0 0
bt 0 -1 0
t 1 0 0
bt 0 -1 0
t 1 -0.000714763 -0.000463757
bt -0.214462 -0.819374 -0.531631
t 1 -0.0007057 -0.000457876
bt 0.0614525 -0.837308 -0.543267
t 1 -0.000714763 -0.000463757
bt -0.214462 -0.819374 -0.531631
t 1 -0.000714763 -0.000463757
bt -0.214462 -0.819374 -0.531631
t 0.991023 0.117171 0.0643797
bt 0.376135 -0.401058 0.83527
t 1 0 0
bt 0.391993 -0.527394 0.753788
t 1 0 0
bt 0.391993 -0.527394 0.753788
t 0.999994 0 -0.00336144
bt 0.253198 0 0.967415
t 0.939186 0 0.343408
bt -0.409712 0 0.912215
t 0.999994 0 -0.00336144
bt 0.253198 0 0.967415
t 0.999994 0 -0.00336144
bt 0.253198 0 0.967415
t -1 0 0
bt 0.00304481 -0.979689 -0.200498
t -1 0 0
bt 0 -0.992871 -0.119196
t -1 0 0
bt 0.00455172 -0.99286 -0.119195
t -1 0 0
bt 0.00211866 -0.977678 -0.210097
t -0.999999 0.0008241 0.000935559
bt -0.509795 -0.56865 -0.645559
t -1 0 0
bt 0.340582 -0.621475 -0.70553
t -0.999999 0.0008241 0.000935559
bt -0.509795 -0.56865 -0.645559
t -0.999999 0.0008241 0.000935559
bt -0.509795 -0.56865 -0.645559
t -1 0 0
bt 0 -0.765336 0.643631
t -1 0 0
bt -0.0086637 -0.765308 0.643606
t -1 0 0
bt 0 -0.765336 0.643631
t -1 0 0
bt 0 -0.765336 0.643631
t -1 0 0
bt 0.00208019 -0.729489 -0.68399
t -1 0 0
bt 0 -0.72949 -0.683991
t -1 0 0
bt 0.00208019 -0.729489 -0.68399
t -1 0 0
bt 0.00208019 -0.729489 -0.68399
t -1 0 0
bt 0 -0.72949 0.683991
t -1 0 0
bt -0.00208016 -0.729489 0.68399
t -1 0 0
bt 0 -0.72949 0.683991
t -1 0 0
bt 0 -0.72949 0.683991
t -1 0 0
bt 0.00138155 -0.900949 -0.433923
t -1 0 0
bt -0.000929481 -0.933572 -0.358388
t -1 0 0
bt -7.95235e-06 -0.927272 -0.374388
t -1 0 0
bt 0.00138155 -0.900949 -0.433923
t -0.999999 -0.000764542 0.000766057
bt -0.145903 -0.698847 0.700232
t -0.999989 0.00329764 -0.00330417
bt 0.334332 -0.665757 0.667076
t -0.999999 -0.000764542 0.000766057
bt -0.145903 -0.698847 0.700232
t -0.999999 -0.000764542 0.000766057
bt -0.145903 -0.698847 0.700232
t -1 0 0
bt 0 -1 0
t -1 0 0
bt 0 -1 0
t -1 0 0
bt 0 -1 0
t -1 0 0
bt 0 -1 0
t -1 0 0
bt -0.0471517 -0.83796 -0.54369
t -1 -0.000807624 -0.000524007
bt 0.214442 -0.819378 -0.531634
t -1 0 0
bt -0.0471517 -0.83796 -0.54369
t -1 0 0
bt -0.0471517 -0.83796 -0.54369
t -1 0 0
bt -0.391973 -0.527399 0.753795
t -1 0 0
bt 0.544304 -0.480913 0.687354
t -1 0 0
bt -0.391973 -0.527399 0.753795
t -1 0 0
bt -0.391973 -0.527399 0.753795
t -0.999993 0 -0.00371757
bt -0.253221 0 0.967408
t -1 0 0
bt -0.0346384 0 0.9994
t -0.999993 0 -0.00371757
bt -0.253221 0 0.967408
t -0.999993 0 -0.00371757
bt -0.253221 0 0.967408
t -1 0 0
bt 0 -1 0
t -1 0 0
bt -4.79214e-05 -1 0
t -1 0 0
bt 0 -1 0
t -1 0 0
bt 0 -1 0
t -1 0 0
bt 0 -1 0
t -1 0 0
bt 0.000296766 -1 0
t -1 0 0
bt 0 -1 0
t -1 0 0
bt 0 -1 0
t 1 0 0
bt 0 1 0
t 1 0 0
bt 0 1 0
t 1 0 0
bt 0 1 0
t 1 0 0
bt 0 1 0
t -1 0 0
bt 0.120323 0 0.992735
t -1 0 0
bt 0.120323 0 0.992735
t 1 0 0
bt 0 0 -1
t 1 0 0
bt 0 0 -1
t 1 0 0
bt 0 0 -1
t -1 0 0
bt 0 -1 0
t -1 0 0
bt 0 -1 0
t -1 0 0
bt 0 -1 0
t -1 0 0
bt 0 -1 0
t -1 0 0
bt 0 -1 0
t -1 0 0
bt 0 -1 0
t -1 0 0
bt 0 -1 0
t -1 0 0
bt 0 -1 0
t 1 0 0
bt 0 1 0
t 1 -2.05617e-06 0
bt 0 1 0
t 1 0 0
bt 0 1 0
t 1 0 0
bt 0 1 0
t -1 0 0
bt 0.0346384 0 -0.9994
t -1 0 0
bt 0.253221 0 -0.967408
t -1 0 0
bt 0.0346384 0 -0.9994
t -1 0 0
bt 0.0346384 0 -0.9994
t 0.00569425 0 -0.999984
bt -1 0 0.000308956
t 0 0 -1
bt -0.999152 0 -0.0411634
t -0.000419107 0 -1
bt -1 0 0.000303604
t 0.00427066 0 -0.999991
bt -1 0 0.000227703
t 0.00265984 0 -0.999996
bt -1 0 0
t 0 0 -1
bt -1 0 -1.60549e-05
t 0.0183394 0 -0.999832
bt -1 0 0
t 0 0 1
bt 0 -1 -4.59263e-05
t 0 0 1
bt 0 -1 0
t 0 0 1
bt 0 -1 -4.59263e-05
t 0 0 1
bt 0 -1 -4.59263e-05
t 1 0 0
bt -0.000530054 -1 0
t 1 0 0
bt -0.000114231 -1 0
t 1 0 0
bt -0.000530054 -1 0
t 1 0 0
bt -0.000530054 -1 0
t 0 0 -1
bt 0.119196 -0.992868 0.002415
t 0 0 -1
bt 0.119196 -0.99287 0.00105344
t 0 0 -1
bt 0.1899 -0.981803 0.00124596
t 0 0 -1
bt 0.210194 -0.977658 0.00154722
t 1 0 0
bt -0.00242122 -0.992868 0.119196
t 1 2.03908e-06 -4.38428e-07
bt -0.00212039 -0.977657 0.210194
t 1 6.80011e-07 -1.46211e-07
bt -0.00160405 -0.977658 0.210194
t 1 0 0
bt -0.00242122 -0.992868 0.119196
t 0 0 1
bt 0 -1 0.00030882
t 0 0 1
bt 0 -1 0
t 0 0 1
bt 0 -1 0.00030882
t 0 0 1
bt 0 -1 0.00030882
t 1 0 0
bt 0.000295026 -1 0
t 1 0 0
bt -0.000300654 -1 0
t 1 0 0
bt 0.000295026 -1 0
t 1 0 0
bt 0.000295026 -1 0
t 0 0 -1
bt 0.604903 -0.532837 0.591758
t 0 0 -1
bt 0.739456 -0.65136 0.170104
t 0 0 -1
bt 0.604903 -0.532837 0.591758
t 0 0 -1
bt 0.604903 -0.532837 0.591758
t 1 0 0
bt -0.595388 -0.530982 0.602969
t 0.999999 -0.000837932 0.000951533
bt 0.591703 -0.532778 0.605008
t 1 0 0
bt -0.595388 -0.530982 0.602969
t 1 0 0
bt -0.595388 -0.530982 0.602969
t 0 0 -1
bt -0.64363 -0.765336 -0.00114247
t 0 0 -1
bt -0.64362 -0.765323 -0.00580957
t 0 0 -1
bt -0.64363 -0.765336 -0.00114247
t 0 0 -1
bt -0.64363 -0.765336 -0.00114247
t 1 0 0
bt 0.00060843 -0.765287 -0.643689
t 1 0 0
bt -0.000640158 -0.765287 -0.643689
t 1 0 0
bt 0.00060843 -0.765287 -0.643689
t 1 0 0
bt 0.00060843 -0.765287 -0.643689
t 0 0 -1
bt 0.683987 -0.729487 -0.00323775
t 0 0 -1
bt 0.683962 -0.72946 0.00919082
t 0 0 -1
bt 0.683987 -0.729487 -0.00323775
t 0 0 -1
bt 0.683987 -0.729487 -0.00323775
t 1 0 0
bt 0.00369336 -0.729485 0.683986
t 1 0 0
bt 0.00843064 -0.729464 0.683967
t 1 0 0
bt 0.00369336 -0.729485 0.683986
t 1 0 0
bt 0.00369336 -0.729485 0.683986
t 0 0 -1
bt -0.68399 -0.729489 0.00171089
t 0 0 -1
bt -0.683961 -0.729459 -0.00932191
t 0 0 -1
bt -0.68399 -0.729489 0.00171089
t 0 0 -1
bt -0.68399 -0.729489 0.00171089
t 1 0 0
bt -0.00235226 -0.729488 -0.683989
t 1 0 0
bt -0.0100748 -0.729453 -0.683956
t 1 0 0
bt -0.00235226 -0.729488 -0.683989
t 1 0 0
bt -0.00235226 -0.729488 -0.683989
t 0 0 -1
bt 0.374303 -0.927306 -9.73881e-05
t 0 0 -1
bt 0.340814 -0.94013 -0.00115798
t 0 0 -1
bt 0.433924 -0.90095 -4.12715e-05
t 0 0 -1
bt 0.433924 -0.90095 -4.12715e-05
t 1 0 0
bt -0.000330379 -0.927272 0.374388
t 1 0 0
bt 0.000427192 -0.90091 0.434005
t 1 0 0
bt -0.000470059 -0.90091 0.434005
t 1 6.11719e-07 -2.47001e-07
bt -0.000297012 -0.927272 0.374388
t 0.773951 0.255118 0.579581
bt -0.0711633 -0.826276 0.558752
t 0.777907 0.287725 0.558637
bt -0.0542041 -0.819425 0.570618
t 0.786091 0.213345 0.580125
bt -0.105312 -0.765983 0.634176
t 0.786091 0.213345 0.580125
bt -0.105312 -0.765983 0.634176
t 0.707107 -4.5377e-09 -0.707107
bt -0.000497948 -1 -6.7742e-05
t 0.707107 2.86207e-08 -0.707107
bt -0.000547872 -1 -1.78179e-05
t 0.707107 -4.5377e-09 -0.707107
bt -0.000497948 -1 -6.7742e-05
t 0.707107 -4.5377e-09 -0.707107
bt -0.000497948 -1 -6.7742e-05
t 0.707107 -1.22601e-08 0.707107
bt 0.000474801 -1 -9.08892e-05
t 0.707107 4.5377e-09 0.707107
bt -0.000137665 -1 -0.000703355
t 0.707107 -1.22601e-08 0.707107
bt 0.000474801 -1 -9.08892e-05
t 0.707107 -1.22601e-08 0.707107
bt 0.000474801 -1 -9.08892e-05
t 0.670894 0.140151 -0.728189
bt 0.0635829 -0.94443 0.322504
t 0.732067 -0.191657 -0.653717
bt 0.0670725 -0.945259 0.319353
t 0.631253 0.314283 -0.709046
bt 0.0236799 -0.97576 0.21756
t 0.631253 0.314283 -0.709046
bt 0.0236799 -0.97576 0.21756
t 0.688907 0.21993 0.69068
bt 0.00234868 -0.999981 -0.00571226
t 0.659441 0.355648 0.662308
bt -0.00603429 -0.999882 -0.0140944
t 0.688907 0.21993 0.69068
bt 0.00234868 -0.999981 -0.00571226
t 0.688907 0.21993 0.69068
bt 0.00234868 -0.999981 -0.00571226
t 0.687687 -0.227269 -0.689519
bt 0.0123521 -0.999715 -0.0204109
t 0.662159 -0.345535 -0.664944
bt -0.00134109 -0.999977 -0.00671982
t 0.687687 -0.227269 -0.689519
bt 0.0123521 -0.999715 -0.0204109
t 0.687687 -0.227269 -0.689519
bt 0.0123521 -0.999715 -0.0204109
t 0.883366 -0.347271 0.314749
bt 0.155028 -0.582145 -0.798169
t 0.872383 -0.481577 0.0838551
bt 0.0619612 -0.5475 -0.834508
t 0.883366 -0.347271 0.314749
bt 0.155028 -0.582145 -0.798169
t 0.883366 -0.347271 0.314749
bt 0.155028 -0.582145 -0.798169
t 0.869217 0.283434 -0.405126
bt -0.104406 -0.564029 -0.819128
t 0.848192 0.529363 0.0185795
bt -0.0937091 -0.559978 -0.823191
t 0.869217 0.283434 -0.405126
bt -0.104406 -0.564029 -0.819128
t 0.869217 0.283434 -0.405126
bt -0.104406 -0.564029 -0.819128
t 0.707079 -2.53058e-05 0.707135
bt -0.613496 -0.534835 0.581011
t 0.707122 1.38724e-05 0.707091
bt -0.599155 -0.534975 0.595664
t 0.707079 -2.53058e-05 0.707135
bt -0.613496 -0.534835 0.581011
t 0.707079 -2.53058e-05 0.707135
bt -0.613496 -0.534835 0.581011
t 0.707079 2.52864e-05 -0.707135
bt 0.593835 -0.534969 0.600973
t 0.707143 -3.23527e-05 -0.707071
bt 0.601117 -0.534969 0.593689
t 0.707079 2.52864e-05 -0.707135
bt 0.593835 -0.534969 0.600973
t 0.707079 2.52864e-05 -0.707135
bt 0.593835 -0.534969 0.600973
t 0.895821 0.318612 0.309824
bt -0.133022 -0.528147 0.838669
t 0.707115 9.04839e-06 0.707098
bt -0.144263 -0.531926 0.834412
t 0.895821 0.318612 0.309824
bt -0.133022 -0.528147 0.838669
t 0.895821 0.318612 0.309824
bt -0.133022 -0.528147 0.838669
t 0.884898 -0.277902 -0.373799
bt 0.124187 -0.525113 0.841923
t 0.707085 -6.5098e-05 -0.707129
bt 0.0388755 -0.493411 0.868927
t 0.884898 -0.277902 -0.373799
bt 0.124187 -0.525113 0.841923
t 0.884898 -0.277902 -0.373799
bt 0.124187 -0.525113 0.841923
t 0.707085 -6.54275e-05 0.707129
bt 0.16169 -0.530061 -0.832401
t 0.904167 -0.393255 0.166831
bt -0.0327819 -0.456569 -0.889084
t 0.707085 -6.54275e-05 0.707129
bt 0.16169 -0.530061 -0.832401
t 0.707115 -8.97197e-06 0.707098
bt 0.161697 -0.530048 -0.832408
t 0.707085 6.5437e-05 -0.707129
bt -0.0328342 -0.483816 -0.874554
t 0.887304 0.460576 -0.0237026
bt -0.0222481 -0.479587 -0.877212
t 0.707085 6.5437e-05 -0.707129
bt -0.0328342 -0.483816 -0.874554
t 0.707085 6.5437e-05 -0.707129
bt -0.0328342 -0.483816 -0.874554
t 0.716826 0.208026 0.665497
bt -0.0328118 -0.977401 0.208832
t 0.638927 -0.292733 0.711393
bt -0.0340987 -0.977619 0.207599
t 0.732527 0.200709 0.650476
bt -0.0736949 -0.946774 0.31335
t 0.732527 0.200709 0.650476
bt -0.0736949 -0.946774 0.31335
t 0.808279 -0.337426 -0.482524
bt 0.0762076 -0.754342 0.652043
t 0.786981 -0.216881 -0.577601
bt 0.0981614 -0.76321 0.63865
t 0.782169 -0.349271 -0.515967
bt 0.051233 -0.818196 0.572653
t 0.779258 -0.302042 -0.549116
bt 0.0548799 -0.81976 0.570071
t 1 0 0
bt 0.36523 -0.657513 -0.659002
t 1 0 0
bt -0.332227 -0.666188 -0.667697
t 1 0 0
bt 0.36523 -0.657513 -0.659002
t 1 0 0
bt 0.36523 -0.657513 -0.659002
t 0.70712 -7.32243e-05 -0.707093
bt -0.545281 -0.580654 -0.604574
t 0.707186 -6.7976e-06 -0.707027
bt -0.698114 -0.570789 -0.432247
t 0.707062 4.19024e-05 -0.707151
bt -0.545283 -0.580649 -0.604577
t 0.707062 4.19024e-05 -0.707151
bt -0.545283 -0.580649 -0.604577
t 0.00639327 0.00638063 -0.999959
bt -0.701428 -0.700041 -0.133949
t -1.35045e-06 -1.34773e-06 -1
bt -0.666909 -0.66559 -0.334998
t 0.00639327 0.00638063 -0.999959
bt -0.701428 -0.700041 -0.133949
t 0.00639327 0.00638063 -0.999959
bt -0.701428 -0.700041 -0.133949
t 0.425488 0.227384 0.875932
bt 0.581258 -0.581143 -0.569571
t 0.514662 0.164905 0.841386
bt 0.3801 -0.562642 -0.734138
t 0.425488 0.227384 0.875932
bt 0.581258 -0.581143 -0.569571
t 0.425488 0.227384 0.875932
bt 0.581258 -0.581143 -0.569571
t 1 0 0
bt 0 -1 0
t 1 0 0
bt 0 -1 0
t 1 0 0
bt 0 -1 0
t 1 0 0
bt 0 -1 0
t 0.707107 0 -0.707107
bt 0 -1 0
t 0.707107 0 -0.707107
bt 0 -1 0
t 0.707107 0 -0.707107
bt 0 -1 0
t 0.707107 0 -0.707107
bt 0 -1 0
t 0 0 -1
bt 0 -1 0
t 0 0 -1
bt 0 -1 0
t 0 0 -1
bt 0 -1 0
t 0 0 -1
bt 0 -1 0
t 0.707107 0 0.707107
bt 0 -1 0
t 0.707107 0 0.707107
bt 0 -1 0
t 0.707107 0 0.707107
bt 0 -1 0
t 0.707107 0 0.707107
bt 0 -1 0
t 1 0 0
bt -0.296802 -0.801048 0.519836
t 0.999993 -0.00320316 0.00207868
bt 0.270374 -0.807605 0.524091
t 1 0 0
bt -0.296802 -0.801048 0.519836
t 1 0 0
bt -0.296802 -0.801048 0.519836
t -0.00427604 0.00659042 -0.999969
bt 0.520087 -0.801582 0.294916
t -0.00427327 0.00658615 -0.999969
bt 0.543634 -0.837873 0.0493008
t -0.00427604 0.00659042 -0.999969
bt 0.520087 -0.801582 0.294916
t -0.00427604 0.00659042 -0.999969
bt 0.520087 -0.801582 0.294916
t 0.797534 0.17079 0.578594
bt -0.480817 -0.740884 0.46894
t 0.751325 0.0745916 0.655704
bt -0.43276 -0.739644 0.515408
t 0.797534 0.17079 0.578594
bt -0.480817 -0.740884 0.46894
t 0.797534 0.17079 0.578594
bt -0.480817 -0.740884 0.46894
t 0.707096 1.66014e-05 -0.707117
bt 0.448668 -0.740413 0.500485
t 0.707117 -1.6316e-05 -0.707096
bt 0.499739 -0.740442 0.449452
t 0.707096 1.66014e-05 -0.707117
bt 0.448668 -0.740413 0.500485
t 0.707096 1.66014e-05 -0.707117
bt 0.448668 -0.740413 0.500485
t -1 0 0
bt 0 1 0
t -1 0 0
bt 0 1 0
t -1 0 0
bt 0 1 0
t -1 0 0
bt 0 1 0
t -0.707207 0 0.707007
bt 0 1 0
t -0.707207 0 0.707007
bt 0 1 0
t -0.707207 0 0.707007
bt 0 1 0
t -0.707207 0 0.707007
bt 0 1 0
t 0 0 -1
bt 0 1 0
t 0 0 -1
bt 0 1 0
t 0 0 -1
bt 0 1 0
t 0 0 -1
bt 0 1 0
t -0.707057 0 -0.707157
bt 0 1 0
t -0.707057 0 -0.707157
bt 0 1 0
t -0.707057 0 -0.707157
bt 0 1 0
t -0.707057 0 -0.707157
bt 0 1 0
t 0.978719 0.185487 -0.0877643
bt 0.600029 -0.224168 -0.767928
t 0.965673 0.00585752 -0.259695
bt -0.6148 -0.450293 -0.6475
t 0.96567 -0.00585116 0.259705
bt 0.634541 -0.444837 -0.632042
t 0.952974 -0.0831516 0.291421
bt 0.639774 -0.444913 -0.626691
t 0 0 -1
bt -0.634505 -0.443936 -0.632712
t 0 0 -1
bt -0.808568 -0.565721 -0.161797
t 0.2597 -0.00585443 -0.965672
bt -0.63221 -0.444897 -0.634331
t 0.291437 -0.083143 -0.95297
bt -0.626887 -0.444954 -0.639554
t 0.609445 -0.217569 0.762392
bt 0.651412 -0.45165 -0.609652
t 0.490082 -0.029825 0.871166
bt 0.650409 -0.449726 -0.61214
t 0.746638 -0.135031 -0.651381
bt -0.610572 -0.449977 -0.651708
t 0.967539 0 0.252722
bt 0.327652 0 -0.944798
t 0.967547 0 -0.252693
bt -0.339373 0 -0.940652
t 0.967547 0 -0.252693
bt 0.111304 0 -0.993786
t 1 0 0
bt 0.333888 0 -0.942613
t 0.707116 0 -0.707097
bt -0.949062 0 -0.31509
t 0.707183 0 -0.707031
bt -0.351788 0 -0.93608
t -2.6797e-06 0 -1
bt -0.992716 0 -0.120479
t -5.56804e-06 0 -1
bt -0.942895 0 -0.333089
t -2.6797e-06 0 -1
bt -0.992716 0 -0.120479
t -2.6797e-06 0 -1
bt -0.992716 0 -0.120479
t 0.343342 0 0.939211
bt 0.912255 0 -0.409622
t 0.49948 0 0.866326
bt 0.811287 0 -0.584647
t 0.49948 0 0.866326
bt 0.811287 0 -0.584647
t 0.967539 0 -0.252721
bt 0.32765 0 0.944799
t 1 0 0
bt -0.333143 0 0.942876
t 1 0 0
bt 0.333888 0 0.942613
t 1 0 0
bt 0.333888 0 0.942613
t 0.707056 0 0.707157
bt -0.340526 0 0.940235
t 0.707113 0 0.7071
bt -0.712375 0 0.701799
t 0.707056 0 0.707157
bt -0.340526 0 0.940235
t 0.707056 0 0.707157
bt -0.340526 0 0.940235
t 4.95842e-06 0 1
bt -0.96741 0 -0.253214
t 0 0 1
bt -0.999966 0 0.00828514
t 4.95842e-06 0 1
bt -0.96741 0 -0.253214
t 4.95842e-06 0 1
bt -0.96741 0 -0.253214
t 0.707183 0 -0.707031
bt 0.936092 0 0.351756
t 0.707183 0 -0.707031
bt 0.936092 0 0.351756
t 0.707183 0 -0.707031
bt 0.936092 0 0.351756
t -5.55245e-07 -2.71305e-06 1
bt -0.200499 -0.979692 -0.00212165
t 0 0 1
bt -0.119196 -0.992871 0
t -3.34469e-07 -2.78586e-06 1
bt -0.119196 -0.992866 -0.00317168
t -3.87187e-07 -1.80076e-06 1
bt -0.210194 -0.977657 -0.00212499
t 0.00124129 0.0010934 0.999999
bt -0.609695 -0.537058 0.582959
t 0 0 1
bt -0.705539 -0.621484 -0.340548
t 0.00124129 0.0010934 0.999999
bt -0.609695 -0.537058 0.582959
t 0.00124129 0.0010934 0.999999
bt -0.609695 -0.537058 0.582959
t 0 0 1
bt 0.643631 -0.765336 0
t 0 0 1
bt 0.643631 -0.765336 -0.000451989
t 0 0 1
bt 0.643631 -0.765336 0
t 0 0 1
bt 0.643631 -0.765336 0
t 0 0 1
bt -0.683987 -0.729486 -0.00341768
t 0 0 1
bt -0.683991 -0.72949 0
t 0 0 1
bt -0.683987 -0.729486 -0.00341768
t 0 0 1
bt -0.683987 -0.729486 -0.00341768
t 0 0 1
bt 0.683991 -0.72949 0
t 0 0 1
bt 0.68399 -0.729489 0.00189869
t 0 0 1
bt 0.683991 -0.72949 0
t 0 0 1
bt 0.683991 -0.72949 0
t 0 0 1
bt -0.433924 -0.900949 0.000512944
t 0 0 1
bt -0.358388 -0.933573 -1.49706e-06
t 0 0 1
bt -0.374303 -0.927306 0.000341192
t 0 0 1
bt -0.433924 -0.900949 0.000512944
t 0.000677985 -0.000676644 1
bt 0.700231 -0.698846 0.145915
t -0.00298631 0.00298041 0.999991
bt 0.652202 -0.650912 -0.388517
t 0.000677985 -0.000676644 1
bt 0.700231 -0.698846 0.145915
t 0.000677985 -0.000676644 1
bt 0.700231 -0.698846 0.145915
t 0 0 1
bt 0 -1 0
t 0 0 1
bt 0 -1 0
t 0 0 1
bt 0 -1 0
t 0 0 1
bt 0 -1 0
t -0.000457918 -0.000705765 1
bt -0.543268 -0.837309 0.0614319
t -0.000463799 -0.000714828 1
bt -0.531633 -0.819378 -0.214443
t -0.000457918 -0.000705765 1
bt -0.543268 -0.837309 0.0614319
t -0.000457918 -0.000705765 1
bt -0.543268 -0.837309 0.0614319
t 0 0 1
bt 0.753792 -0.527397 0.391981
t 0.0643306 0.117095 0.991035
bt 0.83528 -0.401034 0.376138
t 0 0 1
bt 0.753792 -0.527397 0.391981
t -0.00335621 0 0.999994
bt 0.96741 0 0.253216
t 0.343342 0 0.939211
bt 0.912255 0 -0.409622
t -0.00335621 0 0.999994
bt 0.96741 0 0.253216
t -0.00335621 0 0.999994
bt 0.96741 0 0.253216
t 0 0 -1
bt -0.200499 -0.979694 0
t 0 0 -1
bt -0.210096 -0.977676 0.00303688
t 0 0 -1
bt -0.119196 -0.992871 0
t 0 0 -1
bt -0.119196 -0.992871 0
t 0 0 -1
bt -0.70553 -0.621476 0.34058
t 0.000935568 0.000824108 -0.999999
bt -0.645566 -0.568655 -0.50978
t 0 0 -1
bt -0.70553 -0.621476 0.34058
t 0 0 -1
bt -0.70553 -0.621476 0.34058
t 0 0 -1
bt 0.643631 -0.765336 0
t 0 0 -1
bt 0.643606 -0.765308 -0.00867078
t 0 0 -1
bt 0.643631 -0.765336 0
t 0 0 -1
bt 0.643631 -0.765336 0
t 0 0 -1
bt -0.683991 -0.72949 0
t 0 0 -1
bt -0.68399 -0.729489 0.0021268
t 0 0 -1
bt -0.683991 -0.72949 0
t 0 0 -1
bt -0.683991 -0.72949 0
t 0 0 -1
bt 0.683991 -0.72949 0
t 0 0 -1
bt 0.68399 -0.729489 -0.00212677
t 0 0 -1
bt 0.683991 -0.72949 0
t 0 0 -1
bt 0.683991 -0.72949 0
t 0 0 -1
bt -0.433924 -0.90095 0
t 0 0 -1
bt -0.433923 -0.900949 0.00138
t 0 0 -1
bt -0.374388 -0.927272 -0.000929872
t 0 0 -1
bt -0.358388 -0.933573 0
t 0.000766059 -0.000764544 -0.999999
bt 0.700232 -0.698847 -0.145902
t -0.0033042 0.00329767 -0.999989
bt 0.66708 -0.665761 0.334315
t 0.000766059 -0.000764544 -0.999999
bt 0.700232 -0.698847 -0.145902
t 0.000766059 -0.000764544 -0.999999
bt 0.700232 -0.698847 -0.145902
t 0 0 -1
bt 0 -1 0
t 0 0 -1
bt 0 -1 0
t 0 0 -1
bt 0 -1 0
t 0 0 -1
bt 0 -1 0
t -0.00052405 -0.00080769 -1
bt -0.531636 -0.819381 0.214425
t 0 0 -1
bt -0.543695 -0.837967 -0.0469855
t -0.00052405 -0.00080769 -1
bt -0.531636 -0.819381 0.214425
t -0.00052405 -0.00080769 -1
bt -0.531636 -0.819381 0.214425
t 0 0 -1
bt 0.753798 -0.527401 -0.391965
t 0 0 -1
bt 0.68737 -0.480924 0.544274
t 0 0 -1
bt 0.753798 -0.527401 -0.391965
t 0 0 -1
bt 0.753798 -0.527401 -0.391965
t -0.00371726 0 -0.999993
bt 0.967403 0 -0.253243
t 0 0 -1
bt 0.999403 0 -0.0345631
t -0.00371726 0 -0.999993
bt 0.967403 0 -0.253243
t -0.00371726 0 -0.999993
bt 0.967403 0 -0.253243
t 0 0 -1
bt 0 -1 0
t 0 0 -1
bt 0 -1 -4.61668e-05
t 0 0 -1
bt 0 -1 0
t 0 0 -1
bt 0 -1 0
t 0 0 -1
bt 0 -1 0
t 0 0 -1
bt 0 -1 0.000321395
t 0 0 -1
bt 0 -1 0
t 0 0 -1
bt 0 -1 0
t 0 4.01909e-06 1
bt 0 1 0
t 0 0 1
bt 0 1 0
t 0 4.01909e-06 1
bt 0 1 0
t 0 4.01909e-06 1
bt 0 1 0
t -2.68213e-06 0 -1
bt 0.992716 0 0.120479
t -5.56804e-06 0 -1
bt 0.942895 0 0.33309
t -2.68213e-06 0 -1
bt 0.992716 0 0.120479
t -2.68213e-06 0 -1
bt 0.992716 0 0.120479
t 0 0 1
bt -1 0 0
t 0 0 1
bt -1 0 0
t 0 0 1
bt -1 0 0
t 0 0 -1
bt 0 -1 0
t 0 0 -1
bt 0 -1 0
t 0 0 -1
bt 0 -1 0
t 0 0 -1
bt 0 -1 0
t 0 0 -1
bt 0 -1 0
t 0 0 -1
bt 0 -1 0
t 0 0 -1
bt 0 -1 0
t 0 0 -1
bt 0 -1 0
t 0 0 1
bt 0 1 0
t 0 0 1
bt 0 1 0
t 0 0 1
bt 0 1 0
t 0 0 1
bt 0 1 0
t 0 0 -1
bt -0.999403 0 0.0345631
t 0 0 -1
bt -0.967403 0 0.253243
t 0 0 -1
bt -0.999403 0 0.0345631
t 0 0 -1
bt -0.999403 0 0.0345631

