g sponza_270
t 0.866021 -0.482975 -0.129394
bt 1.81119e-05 -0.258787 0.965935
t 0.86602 -0.482977 -0.129394
bt 1.85227e-05 -0.258787 0.965934
t 1 -4.23307e-06 3.43184e-06
bt 0 -0.258808 0.965929
t 1 -5.89929e-06 1.40469e-06
bt 0 -0.258808 0.965929
t 0.500037 -0.836498 -0.22413
bt 1.59699e-05 -0.258809 0.965928
t 0.500037 -0.836503 -0.224111
bt 1.66655e-05 -0.258811 0.965928
t 0 -0.965921 -0.258836
bt 0 -0.25882 0.965926
t 0 -0.965922 -0.258832
bt 0 -0.258818 0.965926
t -0.500035 -0.836495 -0.224145
bt -1.56388e-05 -0.258809 0.965929
t -0.500035 -0.836504 -0.224111
bt -1.56519e-05 -0.258809 0.965929
t -0.866017 -0.482981 -0.1294
bt -1.85674e-05 -0.258787 0.965935
t -0.866017 -0.482975 -0.12942
bt -1.9493e-05 -0.258787 0.965934
t -1 -5.89929e-06 1.40469e-06
bt 0 -0.258808 0.965929
t -1 -3.78407e-06 1.75832e-06
bt 0 -0.258808 0.965929
t -0.866021 0.482975 0.129394
bt 2.00051e-05 -0.258788 0.965934
t -0.86602 0.482975 0.129403
bt 1.92441e-05 -0.258787 0.965934
t -0.500037 0.836498 0.22413
bt 1.64893e-05 -0.25881 0.965928
t -0.500037 0.836495 0.224142
bt 1.53926e-05 -0.258809 0.965929
t 0 0.965921 0.258836
bt 0 -0.258817 0.965926
t 0 0.96593 0.258803
bt 0 -0.258819 0.965926
t 0.500035 0.836495 0.224145
bt -1.63657e-05 -0.25881 0.965928
t 0.500036 0.836495 0.224144
bt -1.67219e-05 -0.258811 0.965928
t 0.866017 0.482981 0.1294
bt -1.94092e-05 -0.258787 0.965934
t 0.866017 0.482986 0.129378
bt -1.83201e-05 -0.258787 0.965934
t 1 -5.89929e-06 1.40469e-06
bt 0 -0.258808 0.965929
t 1 -4.23307e-06 3.43184e-06
bt 0 -0.258808 0.965929
t 0.86602 -0.482977 -0.129394
bt 1.85227e-05 -0.258787 0.965934
t 0.86602 -0.482974 -0.129404
bt 1.92087e-05 -0.258787 0.965934
t 1 -2.55486e-06 -2.84357e-06
bt 0 -0.258808 0.965929
t 1 -4.23307e-06 3.43184e-06
bt 0 -0.258808 0.965929
t 0.500037 -0.836503 -0.224111
bt 1.66655e-05 -0.258811 0.965928
t 0.500036 -0.836486 -0.224175
bt 1.58132e-05 -0.258809 0.965928
t 0 -0.965922 -0.258832
bt 0 -0.258818 0.965926
t 0 -0.965929 -0.258806
bt 0 -0.258819 0.965926
t -0.500035 -0.836504 -0.224111
bt -1.56519e-05 -0.258809 0.965929
t -0.500036 -0.836501 -0.22412
bt -1.61384e-05 -0.25881 0.965928
t -0.866017 -0.482975 -0.12942
bt -1.9493e-05 -0.258787 0.965934
t -0.866017 -0.48297 -0.129437
bt -1.86105e-05 -0.258787 0.965934
t -1 -3.78407e-06 1.75832e-06
bt 0 -0.258808 0.965929
t -1 -3.14141e-06 -6.79713e-07
bt 0 -0.258808 0.965929
t -0.86602 0.482975 0.129403
bt 1.92441e-05 -0.258787 0.965934
t -0.86602 0.48297 0.129419
bt 1.87388e-05 -0.258787 0.965934
t -0.500037 0.836495 0.224142
bt 1.53926e-05 -0.258809 0.965929
t -0.500037 0.836494 0.224145
bt 1.65702e-05 -0.25881 0.965928
t 0 0.96593 0.258803
bt 0 -0.258819 0.965926
t 0 0.965932 0.258798
bt 0 -0.258819 0.965926
t 0.500036 0.836495 0.224144
bt -1.67219e-05 -0.258811 0.965928
t 0.500036 0.836495 0.224144
bt -1.56297e-05 -0.258809 0.965929
t 0.866017 0.482986 0.129378
bt -1.83201e-05 -0.258787 0.965934
t 0.866017 0.482968 0.129445
bt -1.92072e-05 -0.258787 0.965934
t 1 -4.23307e-06 3.43184e-06
bt 0 -0.258808 0.965929
t 1 -2.55486e-06 -2.84357e-06
bt 0 -0.258808 0.965929
t 0.86602 -0.482974 -0.129404
bt 1.92087e-05 -0.258787 0.965934
t 0.86602 -0.482966 -0.129437
bt 1.88884e-05 -0.258787 0.965934
t 1 -4.68214e-06 5.1146e-06
bt 0 -0.258808 0.965929
t 1 -2.55486e-06 -2.84357e-06
bt 0 -0.258808 0.965929
t 0.500036 -0.836486 -0.224175
bt 1.58132e-05 -0.258809 0.965928
t 0.500036 -0.836494 -0.224146
bt 1.69538e-05 -0.258811 0.965928
t 0 -0.965929 -0.258806
bt 0 -0.258819 0.965926
t 0 -0.965933 -0.258792
bt 0 -0.258818 0.965926
t -0.500036 -0.836501 -0.22412
bt -1.61384e-05 -0.25881 0.965928
t -0.500036 -0.836491 -0.224159
bt -1.60887e-05 -0.25881 0.965928
t -0.866017 -0.48297 -0.129437
bt -1.86105e-05 -0.258787 0.965934
t -0.866017 -0.482972 -0.129429
bt -1.93522e-05 -0.258787 0.965934
t -1 -3.14141e-06 -6.79713e-07
bt 0 -0.258808 0.965929
t -1 -2.02955e-06 -4.802e-06
bt 0 -0.258808 0.965929
t -0.86602 0.48297 0.129419
bt 1.87388e-05 -0.258787 0.965934
t -0.86602 0.482968 0.129428
bt 1.97509e-05 -0.258787 0.965934
t -0.500037 0.836494 0.224145
bt 1.65702e-05 -0.25881 0.965928
t -0.500037 0.836495 0.224143
bt 1.6082e-05 -0.25881 0.965928
t 0 0.965932 0.258798
bt 0 -0.258819 0.965926
t 0 0.965925 0.258823
bt 0 -0.258818 0.965926
t 0.500036 0.836495 0.224144
bt -1.56297e-05 -0.258809 0.965929
t 0.500036 0.836497 0.224137
bt -1.69554e-05 -0.258811 0.965928
t 0.866017 0.482968 0.129445
bt -1.92072e-05 -0.258787 0.965934
t 0.866017 0.482971 0.129433
bt -1.88851e-05 -0.258787 0.965934
t 1 -2.55486e-06 -2.84357e-06
bt 0 -0.258808 0.965929
t 1 -4.68214e-06 5.1146e-06
bt 0 -0.258808 0.965929
t 0.707032 -0.683087 -0.183024
bt -0.86602 0.482973 0.129406
t 0.707032 -0.683087 -0.183024
bt -0.86602 0.482973 0.129406
t 0.707032 -0.683087 -0.183024
bt -0.86602 0.482973 0.129406
t 0.0870083 -0.962266 -0.257826
bt -0.71154 -0.678705 -0.18185
t 0.86596 0.483074 0.129433
bt -0.706991 -0.683127 -0.183035
t 0 -0.965929 -0.258808
bt -0.86596 -0.483074 -0.129433
t 0.0870083 -0.962266 -0.257826
bt -0.71154 -0.678705 -0.18185
t 0.500011 -0.836513 -0.224132
bt -0.865997 0.483011 0.129416
t 0.865997 -0.483011 -0.129416
bt -0.965935 0.249968 0.0669757
t 0.343732 -0.907073 -0.243038
bt -0.711577 0.67867 0.18184
t 0.343732 -0.907073 -0.243038
bt -0.711577 0.67867 0.18184
t -2.94959e-09 -0.965929 -0.258808
bt -0.259058 0.932961 0.249947
t -0.500011 0.836513 0.224132
bt 1 0 0
t -1 0 0
bt 0.866058 0.48291 0.129389
t -0.500011 0.836513 0.224132
bt 1 0 0
t -0.500011 0.836513 0.224132
bt 1 0 0
t 0.259037 -0.932952 -0.249999
bt -0.259058 -0.932961 -0.249947
t 0.707032 0.683087 0.183024
bt 0.965981 0.2498 0.0669306
t 0.707032 0.683087 0.183024
bt 0.965981 0.2498 0.0669306
t 0.707032 0.683087 0.183024
bt 0.965981 0.2498 0.0669306
t 0.866432 -0.483944 -0.122855
bt 0.0199541 -0.129227 0.991414
t 0.866358 -0.483949 -0.12336
bt 0.058094 -0.161844 0.985105
t 0.999981 0.000900164 -0.00607103
bt 0.00100384 -0.1466 0.989195
t 0.999978 0.000911148 -0.00659684
bt -0.0242838 -0.13676 0.990307
t 0.500729 -0.837795 -0.217648
bt 0.0831664 -0.155911 0.984264
t 0.500609 -0.837737 -0.218147
bt 0.0996218 -0.202665 0.974168
t 0.000868263 -0.967617 -0.252422
bt 0.124089 -0.209561 0.96989
t 0.000696233 -0.967482 -0.252937
bt 0.114402 -0.258108 0.959319
t -0.499304 -0.838586 -0.217876
bt 0.131746 -0.275786 0.952148
t -0.499418 -0.838398 -0.218338
bt 0.098602 -0.313227 0.944546
t -0.865609 -0.485325 -0.123212
bt 0.104121 -0.336834 0.935789
t -0.865664 -0.485105 -0.123689
bt 0.0563401 -0.35333 0.933801
t -0.999978 -0.00250935 0.00617023
bt 0.0485962 -0.376353 0.925201
t -0.999981 -0.00224865 0.0057023
bt -0.00100385 -0.367678 0.929953
t -0.866435 0.480526 0.135592
bt -0.0199477 -0.383772 0.923212
t -0.866367 0.480777 0.135139
bt -0.0580809 -0.35236 0.934061
t -0.500736 0.834369 0.230418
bt -0.0831436 -0.357093 0.930361
t -0.500638 0.83456 0.229938
bt -0.0996076 -0.311544 0.944997
t -0.000873691 0.964197 0.265187
bt -0.124063 -0.30346 0.944733
t -0.000711602 0.964335 0.264683
bt -0.114402 -0.256165 0.959839
t 0.499297 0.835176 0.230614
bt -0.131778 -0.237234 0.962473
t 0.499384 0.83526 0.230121
bt -0.0986133 -0.200978 0.97462
t 0.865604 0.481909 0.13599
bt -0.104126 -0.176165 0.978838
t 0.865651 0.481978 0.135445
bt -0.05636 -0.160877 0.985364
t 0.999978 0.000911148 -0.00659684
bt -0.0242838 -0.13676 0.990307
t 0.999981 0.000900164 -0.00607103
bt 0.00100384 -0.1466 0.989195
t 0.865596 -0.484085 -0.128087
bt 0.0224976 -0.239332 0.970677
t 0.867141 -0.478328 -0.138809
bt -0.0764891 -0.430244 0.899466
t 0.999946 -0.00458238 0.00932707
bt 0.0357667 -0.441004 0.896792
t 0.999999 0.000373438 -0.00157631
bt 0.00796627 -0.229589 0.973255
t 0.498684 -0.837601 -0.223021
bt 0.0158416 -0.237366 0.971291
t 0.502206 -0.832454 -0.234113
bt -0.159653 -0.379541 0.911296
t -0.00176033 -0.966199 -0.25779
bt 0.0194212 -0.246235 0.969016
t 0.00288124 -0.963004 -0.269473
bt -0.213446 -0.247848 0.944993
t -0.501279 -0.836004 -0.223194
bt 0.0178738 -0.256242 0.966447
t -0.49733 -0.834939 -0.235669
bt -0.192018 -0.142626 0.970972
t -0.866458 -0.482385 -0.128667
bt 0.0107604 -0.264307 0.964379
t -0.864415 -0.482418 -0.141629
bt -0.150353 -0.0790534 0.985467
t -1 -0.000119086 0.000434657
bt -0.0159172 -0.267363 0.963464
t -0.999923 0.000332331 -0.0124404
bt -0.0353185 -0.0269864 0.999012
t -0.866467 0.482073 0.129768
bt -0.0245464 -0.256572 0.966213
t -0.867256 0.483883 0.117151
bt 0.0752362 -0.0371379 0.996474
t -0.501297 0.835605 0.224648
bt -0.0258452 -0.242864 0.969716
t -0.501947 0.838393 0.212479
bt 0.166087 -0.0994607 0.981082
t -0.00180249 0.965666 0.25978
bt -0.0194431 -0.230785 0.972811
t -0.00198846 0.968784 0.2479
bt 0.21313 -0.197747 0.956803
t 0.498619 0.836949 0.2256
bt -0.00789884 -0.223965 0.974565
t 0.49835 0.84015 0.213998
bt 0.203198 -0.306165 0.93004
t 0.865558 0.483353 0.131071
bt 0.00508673 -0.22387 0.974606
t 0.865028 0.487205 0.119827
bt 0.138309 -0.395418 0.908028
t 0.999999 0.000373438 -0.00157631
bt 0.00796627 -0.229589 0.973255
t 0.999946 -0.00458238 0.00932707
bt 0.0357667 -0.441004 0.896792
t 0.871518 -0.465712 -0.153518
bt -0.177487 -0.52093 0.834944
t 0.999552 -0.0169829 0.0246349
bt 1.31098e-05 -0.56742 0.823429
t 0.511326 -0.822494 -0.249097
bt -0.306626 -0.394403 0.866272
t 0.0143049 -0.958123 -0.286
bt -0.350721 -0.335997 0.874129
t -0.487316 -0.835552 -0.253725
bt -0.361657 -0.150675 0.920055
t -0.858676 -0.486434 -0.161425
bt -0.175314 0.0720743 0.981871
t -0.999455 -0.00387254 -0.0327911
bt 1.2924e-05 0.1173 0.993097
t -0.870814 0.481996 0.096762
bt 0.175314 0.0720743 0.981871
t -0.507432 0.839832 0.19286
bt 0.304434 -0.0520252 0.951112
t -0.00799706 0.973425 0.228868
bt 0.352736 -0.222612 0.908857
t 0.493093 0.847544 0.196286
bt 0.306626 -0.394403 0.866272
t 0.861338 0.497439 0.103207
bt 0.177487 -0.52093 0.834944
t 0.999552 -0.0169829 0.0246349
bt 1.31098e-05 -0.56742 0.823429
t 0.866121 -0.483555 -0.126525
bt 0.00694687 -0.20081 0.979605
t 0.999996 0.000603552 -0.00288891
bt -0.0118846 -0.205189 0.97865
t 0.500153 -0.837194 -0.221252
bt 0.0358176 -0.211875 0.97664
t 0.000107683 -0.966685 -0.25597
bt 0.055047 -0.235378 0.970344
t -0.499878 -0.83734 -0.221323
bt 0.0595537 -0.265052 0.962393
t -0.86596 -0.483823 -0.126606
bt 0.0481206 -0.292926 0.954924
t -0.999996 -0.000924978 0.0028163
bt 0.0237726 -0.311516 0.949943
t -0.866123 0.482031 0.1322
bt -0.00694186 -0.315888 0.948771
t -0.50016 0.835655 0.226984
bt -0.0357767 -0.30483 0.951735
t -0.000117103 0.965158 0.261667
bt -0.0550726 -0.281309 0.958036
t 0.49987 0.835822 0.227004
bt -0.0595928 -0.251651 0.965982
t 0.865957 0.482311 0.132268
bt -0.0481219 -0.223771 0.973453
t 0.999996 0.000603552 -0.00288891
bt -0.0118846 -0.205189 0.97865
t 0.86602 -0.482966 -0.129437
bt 1.88884e-05 -0.258787 0.965934
t 1 -4.68214e-06 5.1146e-06
bt 0 -0.258808 0.965929
t 0.500036 -0.836494 -0.224146
bt 1.69538e-05 -0.258811 0.965928
t 0 -0.965933 -0.258792
bt 0 -0.258818 0.965926
t -0.500036 -0.836491 -0.224159
bt -1.60887e-05 -0.25881 0.965928
t -0.866017 -0.482972 -0.129429
bt -1.93522e-05 -0.258787 0.965934
t -1 -2.02955e-06 -4.802e-06
bt 0 -0.258808 0.965929
t -0.86602 0.482968 0.129428
bt 1.97509e-05 -0.258787 0.965934
t -0.500037 0.836495 0.224143
bt 1.6082e-05 -0.25881 0.965928
t 0 0.965925 0.258823
bt 0 -0.258818 0.965926
t 0.500036 0.836497 0.224137
bt -1.69554e-05 -0.258811 0.965928
t 0.866017 0.482971 0.129433
bt -1.88851e-05 -0.258787 0.965934
t 1 -4.68214e-06 5.1146e-06
bt 0 -0.258808 0.965929

