g sponza_99
t -1 0 0
bt 0 -0.989995 0.141099
t -1 0 0
bt 0.00155708 -0.969115 0.246602
t -1 0 0
bt 0 -0.971899 0.2354
t -1 0 0
bt 0 -0.989995 0.141099
t 0 0 1
bt 0.211898 -0.97729 -0.00190003
t 0 0 1
bt 0.211898 -0.977288 -0.00253489
t 0 0 1
bt 0.119196 -0.992867 -0.00285778
t 0 0 1
bt 0.119196 -0.992867 -0.00285778
t 0 0 1
bt 0 -1 0.00036875
t 0 0 1
bt 0 -1 -0.000368512
t 0 0 1
bt 0 -1 0.00036875
t 0 0 1
bt 0 -1 0.00036875
t 1 0 0
bt 0.000342703 -1 0
t 1 0 0
bt 0 -1 0
t 1 0 0
bt 0.000342703 -1 0
t 1 0 0
bt 0.000342703 -1 0
t -1 0 0
bt -0.0896003 -0.593419 0.799891
t -1 0 0
bt -0.0232744 -0.595654 0.802904
t -1 0 0
bt -0.0896003 -0.593419 0.799891
t -1 0 0
bt -0.0896003 -0.593419 0.799891
t 0 0 1
bt 0.565943 -0.498518 -0.656649
t 0 0 1
bt 0.571293 -0.503231 0.648369
t 0 0 1
bt 0.565943 -0.498518 -0.656649
t 0 0 1
bt 0.565943 -0.498518 -0.656649
t -1 0 0
bt -0.0011652 -0.707706 -0.706506
t -1 0 0
bt 0 -0.707707 -0.706507
t -1 0 0
bt -0.0011652 -0.707706 -0.706506
t -1 0 0
bt -0.0011652 -0.707706 -0.706506
t 0 0 1
bt -0.64363 -0.765336 0.000715884
t 0 0 1
bt -0.64363 -0.765336 -0.000642147
t 0 0 1
bt -0.64363 -0.765336 0.000715884
t 0 0 1
bt -0.64363 -0.765336 0.000715884
t -1 0 0
bt 0 -0.668296 0.743896
t -1 0 0
bt -0.00337591 -0.668292 0.743891
t -1 0 0
bt 0 -0.668296 0.743896
t -1 0 0
bt 0 -0.668296 0.743896
t 0 0 1
bt 0.683984 -0.729483 0.00443634
t 0 0 1
bt 0.683957 -0.729454 0.00998638
t 0 0 1
bt 0.683984 -0.729483 0.00443634
t 0 0 1
bt 0.683984 -0.729483 0.00443634
t -1 0 0
bt 0.00197022 -0.668295 -0.743894
t -1 0 0
bt 0 -0.668296 -0.743896
t -1 0 0
bt 0.00197022 -0.668295 -0.743894
t -1 0 0
bt 0.00197022 -0.668295 -0.743894
t 0 0 1
bt -0.683988 -0.729487 -0.00285726
t 0 0 1
bt -0.683942 -0.729438 -0.0119799
t 0 0 1
bt -0.683988 -0.729487 -0.00285726
t 0 0 1
bt -0.683988 -0.729487 -0.00285726
t -1 0 0
bt -7.96033e-05 -0.9024 0.4309
t -1 0 0
bt 0.000121064 -0.868095 0.496397
t -1 0 0
bt 0 -0.868095 0.496397
t -1 0 0
bt 0 -0.910374 0.413786
t 0 0 1
bt 0.433924 -0.900949 -0.000568124
t 0 0 1
bt 0.433924 -0.900949 0.000499978
t 0 0 1
bt 0.376883 -0.926261 -0.000402306
t 0 0 1
bt 0.376883 -0.926261 -0.000365841
t -0.604637 -0.190063 0.773493
bt 0.215311 -0.976057 0.0308725
t -0.658383 0.27223 0.701729
bt 0.215005 -0.976113 0.0312562
t -0.589569 -0.182638 0.786798
bt 0.322517 -0.944097 0.0682845
t -0.57181 -0.225156 0.788884
bt 0.329476 -0.941501 0.0708693
t 0.574889 0.286244 0.766529
bt 0.0234917 -0.966448 -0.255785
t 0.675673 -0.176173 0.715842
bt 0.0728616 -0.926846 -0.368303
t 0.609256 0.124972 0.783064
bt 0.0640189 -0.927873 -0.367359
t 0.574889 0.286244 0.766529
bt 0.0234917 -0.966448 -0.255785
t -0.631421 -0.206548 0.747426
bt -0.0204264 -0.999684 0.0146236
t -0.617198 -0.294041 0.729799
bt -0.00675179 -0.999976 -0.00160807
t -0.631421 -0.206548 0.747426
bt -0.0204264 -0.999684 0.0146236
t -0.631421 -0.206548 0.747426
bt -0.0204264 -0.999684 0.0146236
t 0.629162 -0.207923 0.748948
bt 0.012327 -0.99963 0.0242555
t 0.609284 -0.317971 0.726407
bt -0.00134761 -0.999967 0.00802413
t 0.629162 -0.207923 0.748948
bt 0.012327 -0.99963 0.0242555
t 0.629219 -0.207924 0.7489
bt 0.0123289 -0.99963 0.024254
t -0.358638 0.244418 0.90091
bt -0.817279 -0.562822 -0.123637
t 0.0303807 0.471869 0.881145
bt -0.821739 -0.558946 -0.111011
t -0.358638 0.244418 0.90091
bt -0.817279 -0.562822 -0.123637
t -0.358638 0.244418 0.90091
bt -0.817279 -0.562822 -0.123637
t 0.871131 0.480901 0.099322
bt -0.0677226 -0.488814 0.869756
t 0.866001 0.340444 0.366251
bt -0.109 -0.506574 0.855279
t 0.871136 0.480894 0.099318
bt -0.0676811 -0.488882 0.869721
t 0.871136 0.480894 0.099318
bt -0.0676811 -0.488882 0.869721
t -0.644202 -4.69897e-05 0.764855
bt 0.575066 -0.501325 0.646507
t -0.62707 -0.0129982 0.778855
bt 0.554678 -0.499378 0.665548
t -0.644202 -4.69897e-05 0.764855
bt 0.575066 -0.501325 0.646507
t -0.644202 -4.69897e-05 0.764855
bt 0.575066 -0.501325 0.646507
t 0.644317 4.78213e-05 0.764759
bt 0.554287 -0.499398 -0.665859
t 0.644115 3.95256e-05 0.764929
bt 0.561961 -0.500164 -0.658813
t 0.644263 -7.37569e-05 0.764804
bt 0.554291 -0.499388 -0.665862
t 0.644317 4.78213e-05 0.764759
bt 0.554287 -0.499398 -0.665859
t -0.644274 -2.45067e-05 0.764795
bt 0.860554 -0.503397 0.0777049
t -0.301802 -0.256466 0.918227
bt 0.84986 -0.514424 0.114476
t -0.64424 3.78313e-05 0.764823
bt 0.860558 -0.503391 0.0777078
t -0.64424 3.78313e-05 0.764823
bt 0.860558 -0.503391 0.0777078
t 0.860632 -0.270237 0.431608
bt 0.109363 -0.462336 -0.879935
t 0.644212 -1.20492e-05 0.764847
bt 0.0339497 -0.431256 -0.901591
t 0.860632 -0.270237 0.431608
bt 0.109363 -0.462336 -0.879935
t 0.860632 -0.270237 0.431608
bt 0.109363 -0.462336 -0.879935
t -0.644275 2.56578e-05 0.764794
bt -0.874344 -0.483738 -0.0390014
t -0.0358962 0.393524 0.918613
bt -0.877101 -0.479576 -0.0264631
t -0.644275 2.56578e-05 0.764794
bt -0.874344 -0.483738 -0.0390014
t -0.644213 -8.99151e-05 0.764846
bt -0.874307 -0.483806 -0.0389706
t 0.899059 0.391037 0.196935
bt -0.0124638 -0.415269 0.909613
t 0.644185 6.43342e-05 0.76487
bt -0.0354376 -0.425095 0.904455
t 0.899098 0.390963 0.196902
bt -0.0124644 -0.415268 0.909614
t 0.899098 0.390963 0.196902
bt -0.0124644 -0.415268 0.909614
t -0.518412 -0.228184 0.824124
bt 0.564305 -0.821432 0.0825203
t -0.469804 -0.304299 0.828665
bt 0.580253 -0.813632 0.036173
t -0.518421 -0.190621 0.833608
bt 0.640393 -0.760022 0.11074
t -0.518421 -0.190621 0.833608
bt 0.640393 -0.760022 0.11074
t 0.744391 -0.332244 0.57922
bt 0.0497536 -0.765254 -0.641802
t 0.738185 -0.203476 0.64318
bt 0.0908105 -0.706554 -0.701808
t 0.772298 -0.322468 0.54733
bt 0.0703038 -0.696252 -0.714347
t 0.734337 -0.289058 0.614162
bt 0.0461193 -0.772458 -0.633389
t -0.486892 -0.280066 0.827345
bt 0.52496 -0.841642 0.126711
t -0.000102979 0 1
bt -1 0 0.000681798
t 0.0141034 0 0.999901
bt -1 0 0
t -0.000102979 0 1
bt -0.99986 0 0.0167482
t -7.72341e-05 0 1
bt -0.999921 0 0.0125607
t 0 0 1
bt -0.998838 0 0.0481868
t 0 0 1
bt -1 0 0
t 1 0 0
bt 0 -0.971875 -0.235496
t 1 0 0
bt -0.00220777 -0.969114 -0.246602
t 1 0 0
bt 0 -0.989981 -0.141197
t 1 0 0
bt 0 -0.989981 -0.141197
t -1 0 0
bt 0 -1 0
t -1 0 0
bt 0.000342703 -1 0
t -1 0 0
bt 0 -1 0
t -1 0 0
bt 0 -1 0
t 1 1.71818e-05 2.31536e-05
bt 0.442475 -0.534374 -0.720181
t 1 1.2409e-05 1.6722e-05
bt 0.551812 -0.496945 -0.669738
t 1 1.71818e-05 2.31536e-05
bt 0.442475 -0.534374 -0.720181
t 1 1.71818e-05 2.31536e-05
bt 0.442475 -0.534374 -0.720181
t 1 -1.29645e-05 1.2943e-05
bt 0.00153929 -0.707706 0.706506
t 1 0 0
bt 0 -0.707707 0.706507
t 1 -1.29645e-05 1.2943e-05
bt 0.00153929 -0.707706 0.706506
t 1 -1.29645e-05 1.2943e-05
bt 0.00153929 -0.707706 0.706506
t 1 0 0
bt 0 -0.668296 -0.743896
t 1 0 0
bt 0.00637383 -0.668282 -0.74388
t 1 0 0
bt 0 -0.668296 -0.743896
t 1 0 0
bt 0 -0.668296 -0.743896
t 1 0 0
bt -0.0077241 -0.668276 0.743873
t 1 0 0
bt 0 -0.668296 0.743896
t 1 0 0
bt -0.0077241 -0.668276 0.743873
t 1 0 0
bt -0.0077241 -0.668276 0.743873
t 1 0 0
bt 0 -0.868095 -0.496397
t 1 0 0
bt 0.000121008 -0.868095 -0.496397
t 1 0 0
bt -8.03713e-05 -0.9024 -0.4309
t 1 0 0
bt 0 -0.910374 -0.413786
t 0 0 -1
bt 1 0 0
t 0 0 -1
bt 0.999917 0 0.0129099
t 0 0 -1
bt 0.999989 0 0.00471259
t 0 0 -1
bt 1 0 0
t 0 0 -1
bt 0.999253 0 0.0386515
t 0 0 -1
bt 0.999253 0 0.0386515

