g sponza_344
t -0.996236 0.00618988 0.0864593
bt 0.133255 -0.324483 0.936458
t -0.996794 -0.00626356 -0.0797697
bt -0.0599081 -0.324491 0.94399
t -0.997954 0 -0.063938
bt 0.0369033 0 0.999319
t -0.997482 0 0.0709215
bt 0.105185 0 0.994453
t -0.994886 0.00780293 0.100701
bt 0.0462632 -0.904535 0.423883
t -0.995517 -0.00785724 -0.0942601
bt -0.0399459 -0.904537 0.424519
t -0.995242 -0.0034713 -0.0973765
bt -0.0171071 -0.984834 0.172654
t -0.994595 0.00347036 0.103771
bt 0.0298129 -0.984767 0.171306
t -0.994548 0.00197758 0.104264
bt -0.00171669 -0.998268 0.0588012
t -0.995199 -0.00196618 -0.0978519
bt -0.00965618 -0.998297 0.0575305
t -0.994903 -0.0110497 0.100233
bt -0.0844385 -0.936386 -0.340662
t -0.995526 0.0110219 -0.0938417
bt 0.00992207 -0.937215 -0.348612
t -0.994786 -0.00683387 0.101752
bt 0.016171 -0.93186 -0.362457
t -0.994589 0.00340872 0.103832
bt -0.0742887 -0.981219 0.178016
t -0.995245 -0.00341182 -0.0973395
bt -0.0682732 -0.984117 0.16387
t -0.995423 0.00684273 -0.095318
bt 0.0628227 -0.932856 -0.35473
t 0.982386 0.00623571 -0.186757
bt -0.228111 -0.324355 -0.918019
t 0.999131 -0.0125784 -0.0397306
bt 0.00727497 -0.324577 -0.945831
t 0.998734 0 -0.0503065
bt -0.13831 0 -0.990389
t 0.985242 0 -0.171167
bt -0.270923 0 -0.962601
t 0.924702 0.00623169 -0.38064
bt -0.406368 -0.32444 -0.854169
t 0.930537 0 -0.366197
bt -0.457499 0 -0.88921
t 0.829141 0.00622263 -0.559005
bt -0.570457 -0.324393 -0.754552
t 0.837777 0 -0.546013
bt -0.627647 0 -0.778498
t 0.699863 0.00630309 -0.71425
bt -0.710722 -0.324425 -0.624198
t 0.710985 0 -0.703208
bt -0.771385 0 -0.636369
t 0.541602 0.00615457 -0.840612
bt -0.821532 -0.324447 -0.468848
t 0.554716 0 -0.83204
bt -0.883444 0 -0.468536
t 0.361156 0.00626046 -0.932485
bt -0.89914 -0.324446 -0.293737
t 0.375868 0 -0.926673
bt -0.959703 0 -0.281015
t 0.166133 0.00621786 -0.986084
bt -0.939902 -0.324299 -0.106835
t 0.181281 0 -0.983431
bt -0.996614 0 -0.082226
t -0.0357357 0.00613522 -0.999342
bt -0.94211 -0.324485 0.0844893
t -0.0202347 0 -0.999795
bt -0.992812 0 0.119682
t -0.236407 0.00626722 -0.971634
bt -0.906007 -0.324489 0.271768
t -0.220857 0 -0.975306
bt -0.948358 0 0.317203
t -0.426866 0.00629326 -0.904293
bt -0.832089 -0.32435 0.449916
t -0.412642 0 -0.910893
bt -0.864564 0 0.502522
t -0.600114 0.00622582 -0.79989
bt -0.725073 -0.324457 0.607451
t -0.587689 0 -0.809087
bt -0.746616 0 0.665255
t -0.748888 0.00622496 -0.662667
bt -0.588454 -0.324488 0.74056
t -0.738363 0 -0.674403
bt -0.597249 0 0.802056
t -0.828306 0.0310067 -0.559418
bt -0.455974 -0.324558 0.828704
t -0.859229 0 -0.511591
bt -0.422736 0 0.906253
t -0.924069 0.030877 -0.380976
bt -0.282414 -0.324565 0.902718
t -0.915584 -0.0310781 -0.400925
bt -0.455974 -0.324558 0.828704
t -0.944609 0 -0.328199
bt -0.233354 0 0.972392
t -0.977508 -0.0310491 -0.208602
bt -0.282414 -0.324565 0.902718
t 0.990119 0 0.14023
bt 0.201318 0 -0.979526
t 0.998734 0 -0.0503065
bt -0.13831 0 -0.990389
t 0.999131 -0.0125784 -0.0397306
bt 0.00727497 -0.324577 -0.945831
t 0.987731 -0.0148642 0.155459
bt 0.197348 -0.324513 -0.925065
t 0.933019 0 0.359828
bt 0.39334 0 -0.919393
t 0.927175 -0.00620057 0.374578
bt 0.379264 -0.324555 -0.8665
t 0.841284 0 0.540594
bt 0.570946 0 -0.820988
t 0.832697 -0.00621638 0.553694
bt 0.544283 -0.324584 -0.773564
t 0.715407 0 0.698708
bt 0.71707 0 -0.697002
t 0.704324 -0.00620982 0.709851
bt 0.687291 -0.324559 -0.64984
t 0.560252 0 0.828322
bt 0.848736 0 -0.528816
t 0.546955 -0.0062615 0.837139
bt 0.806373 -0.324666 -0.494323
t 0.381473 0 0.92438
bt 0.937201 0 -0.348791
t 0.366957 -0.00625845 0.930217
bt 0.889157 -0.324603 -0.322542
t 0.187915 0 0.982185
bt 0.988281 0 -0.152647
t 0.172631 -0.00625654 0.984967
bt 0.935926 -0.324582 -0.136709
t -0.0132705 0 0.999912
bt 0.99876 0 0.0497864
t -0.0290733 -0.00630942 0.999557
bt 0.944307 -0.324545 0.0543605
t -0.214785 0 0.976661
bt 0.968637 0 0.248479
t -0.230156 -0.00616706 0.973134
bt 0.914071 -0.3247 0.242992
t -0.406943 0 0.913453
bt 0.898338 0 0.439305
t -0.421195 -0.00617476 0.906949
bt 0.847219 -0.324589 0.420549
t -0.582104 0 0.813115
bt 0.797545 0 0.603259
t -0.594949 -0.00632145 0.803739
bt 0.746563 -0.324607 0.580752
t -0.734264 0 0.678864
bt 0.652083 0 0.758148
t -0.744624 -0.00625686 0.667455
bt 0.611512 -0.324554 0.721608
t -0.855466 0 0.517858
bt 0.488942 0 0.872316
t -0.863631 -0.00631406 0.504085
bt 0.454389 -0.324703 0.829517
t -0.94249 0 0.334234
bt 0.300695 0 0.95372
t -0.947553 -0.00614827 0.319539
bt 0.277515 -0.324604 0.904222
t 0.97958 0.00784006 -0.200903
bt -0.0889313 -0.904495 -0.417108
t 0.999223 -0.0343098 -0.0193813
bt -0.00139234 -0.904492 -0.426488
t 0.924121 0.0390101 -0.380102
bt -0.169454 -0.904496 -0.391372
t 0.820964 0.00788205 -0.570925
bt -0.24619 -0.904537 -0.348143
t 0.909475 -0.0391043 -0.413916
bt -0.169454 -0.904496 -0.391372
t 0.689252 0.0078558 -0.724479
bt -0.311302 -0.904483 -0.29155
t 0.529395 0.00784995 -0.848339
bt -0.36362 -0.904485 -0.222906
t 0.347746 0.00785565 -0.937556
bt -0.400962 -0.904522 -0.145153
t 0.151783 0.00779638 -0.988383
bt -0.421986 -0.904518 -0.0614347
t -0.0501312 0.00787526 -0.998712
bt -0.425698 -0.904527 0.024751
t -0.250358 0.00783375 -0.968122
bt -0.41198 -0.904538 0.109926
t -0.440005 0.00780383 -0.897961
bt -0.381521 -0.904502 0.190575
t -0.611645 0.007876 -0.791093
bt -0.335247 -0.904522 0.263534
t -0.75839 0.00788538 -0.651754
bt -0.275345 -0.904534 0.325581
t -0.874119 0.00777397 -0.48565
bt -0.204157 -0.904533 0.374352
t -0.828418 0.0309395 -0.559256
bt -0.456374 -0.324627 0.828457
t -0.953969 0.00782015 -0.299802
bt -0.124582 -0.904528 0.40781
t -0.915583 -0.0310781 -0.400925
bt -0.299849 -0.319847 0.898771
t -0.923885 0.031038 -0.38141
bt -0.280214 -0.324632 0.903379
t -0.977508 -0.0310491 -0.208601
bt -0.112825 -0.319848 0.940727
t 0.999223 -0.0343098 -0.0193813
bt -0.00139234 -0.904492 -0.426488
t 0.982362 -0.0289739 0.184731
bt 0.0845918 -0.904504 -0.41799
t 0.921598 -0.0078539 0.388066
bt 0.166884 -0.904523 -0.392412
t 0.824616 -0.00784963 0.565638
bt 0.242425 -0.904529 -0.350796
t 0.703963 -0.0392562 0.709151
bt 0.308121 -0.904496 -0.294871
t 0.677276 0.0390513 0.734692
bt 0.308121 -0.904496 -0.294871
t 0.534683 -0.00782273 0.845016
bt 0.361156 -0.904485 -0.226879
t 0.353691 -0.00781785 0.93533
bt 0.399467 -0.904489 -0.149415
t 0.172673 -0.039161 0.9842
bt 0.421337 -0.904495 -0.066062
t 0.136248 0.0389939 0.989907
bt 0.421337 -0.904495 -0.066062
t -0.0437221 -0.00786622 0.999013
bt 0.425931 -0.90453 0.0202089
t -0.243975 -0.00775718 0.96975
bt 0.413117 -0.904539 0.105568
t -0.434111 -0.00785859 0.900825
bt 0.38344 -0.904537 0.186512
t -0.606649 -0.00787095 0.794931
bt 0.338081 -0.904527 0.25987
t -0.75428 -0.00790665 0.656505
bt 0.278808 -0.904534 0.322622
t -0.862942 -0.0391408 0.503786
bt 0.208134 -0.904498 0.372241
t -0.880998 0.0393083 0.471484
bt 0.208134 -0.904498 0.372241
t -0.95201 -0.00782247 0.305966
bt 0.128942 -0.904544 0.406415
t 0.991782 -0.125406 -0.0253172
bt -0.000437632 -0.984833 -0.173503
t 0.978981 0.00337681 -0.203921
bt -0.0354242 -0.984833 -0.169848
t 0.978878 0.00198132 -0.204433
bt -0.00417676 -0.998262 -0.058786
t 0.99943 -0.0333705 -0.00515496
bt 0.00396057 -0.998285 -0.0584118
t 0.91787 0.00349086 -0.396866
bt -0.0687647 -0.984834 -0.159293
t 0.917701 0.00196942 -0.397268
bt -0.0158443 -0.998267 -0.056668
t 0.819188 0.00347493 -0.573515
bt -0.0994592 -0.984833 -0.142167
t 0.818943 0.00197664 -0.573872
bt -0.0268699 -0.99826 -0.0524795
t 0.687052 0.00347239 -0.7266
bt -0.126006 -0.984834 -0.119268
t 0.686715 0.00197137 -0.726924
bt -0.036828 -0.998267 -0.0459071
t 0.526699 0.00356305 -0.850044
bt -0.149766 -0.984825 -0.0876858
t 0.5263 0.00197277 -0.850296
bt -0.0466669 -0.998277 -0.0355679
t 0.344773 0.00346278 -0.93868
bt -0.162878 -0.984835 -0.059756
t 0.344295 0.00197863 -0.938859
bt -0.0537593 -0.998288 -0.0230251
t 0.148746 0.00348204 -0.988869
bt -0.171559 -0.984835 -0.0258513
t 0.148359 0.00197183 -0.988932
bt -0.0564737 -0.998268 -0.0165037
t -0.0533045 0.00348583 -0.998572
bt -0.173352 -0.984817 0.00924167
t -0.0537758 0.00198138 -0.998551
bt -0.0588503 -0.998255 -0.00490894
t -0.253155 0.00347484 -0.96742
bt -0.167856 -0.984834 0.0438955
t -0.253625 0.00196867 -0.967301
bt -0.0584333 -0.998267 0.0070104
t -0.44276 0.00347713 -0.896634
bt -0.155542 -0.984834 0.0768607
t -0.442953 0.00591627 -0.896525
bt -0.0575599 -0.998228 0.0151228
t -0.614225 0.00348652 -0.789123
bt -0.136829 -0.984851 0.106515
t -0.614384 0.00589838 -0.788985
bt -0.0530647 -0.998241 0.0264252
t -0.443596 -0.00591933 -0.896207
bt -0.052289 -0.998299 0.0257913
t -0.760481 0.00347372 -0.649351
bt -0.109363 -0.984844 0.134616
t -0.760805 0.00197405 -0.648978
bt -0.0420097 -0.998289 0.0406616
t -0.614945 -0.00589241 -0.788548
bt -0.0458968 -0.998311 0.0356303
t -0.875627 0.0034737 -0.482976
bt -0.0840889 -0.984833 0.151769
t -0.875829 0.00197291 -0.482618
bt -0.0312186 -0.998287 0.0494762
t -0.954908 0.00348099 -0.296882
bt -0.0513404 -0.984851 0.165629
t -0.955061 0.00196749 -0.296403
bt -0.0251531 -0.998271 0.0531296
t 0.980449 -0.0594555 0.187577
bt 0.0231101 -0.984769 -0.172326
t 0.991782 -0.125406 -0.0253172
bt -0.000437632 -0.984833 -0.173503
t 0.99943 -0.0333705 -0.00515496
bt 0.00396057 -0.998285 -0.0584118
t 0.978841 -0.0647651 0.194105
bt 0.0156177 -0.998285 -0.0564222
t 0.920432 -0.0034676 0.390888
bt 0.0571478 -0.984765 -0.164229
t 0.920232 -0.00197379 0.391367
bt 0.0266369 -0.99829 -0.0520255
t 0.822934 -0.0034784 0.568126
bt 0.0893388 -0.98477 -0.149151
t 0.822641 -0.00197314 0.568558
bt 0.0368132 -0.998289 -0.0454231
t 0.691733 -0.00345608 0.722145
bt 0.117433 -0.984769 -0.128218
t 0.691337 -0.00196628 0.72253
bt 0.0434404 -0.998297 -0.038926
t 0.532183 -0.00346972 0.846622
bt 0.138525 -0.984711 -0.10562
t 0.531727 -0.00197445 0.846914
bt 0.0491115 -0.998299 -0.0314245
t 0.350769 -0.00347003 0.936456
bt 0.158462 -0.984769 -0.0715515
t 0.350296 -0.00197647 0.936637
bt 0.0561639 -0.998285 -0.016536
t 0.155147 -0.00347044 0.987885
bt 0.169607 -0.984767 -0.0383021
t 0.15458 -0.00197468 0.987978
bt 0.0582295 -0.998291 -0.00498463
t -0.0468049 -0.00349191 0.998898
bt 0.173943 -0.98475 -0.003332
t -0.0472658 -0.00197999 0.99888
bt 0.0582333 -0.998279 0.00695707
t -0.246956 -0.00347534 0.969021
bt 0.17092 -0.98477 0.0318568
t -0.247511 -0.00197284 0.968883
bt 0.0554178 -0.99829 0.018609
t -0.436972 -0.00345244 0.899468
bt 0.160929 -0.984787 0.0655463
t -0.437546 -0.00196305 0.899194
bt 0.0502523 -0.998307 0.0292866
t -0.609069 -0.00347224 0.79311
bt 0.144412 -0.984787 0.0966472
t -0.609448 -0.00196809 0.792823
bt 0.0449546 -0.998303 0.0370159
t -0.75626 -0.00346618 0.654262
bt 0.125445 -0.98471 0.120872
t -0.756594 -0.00196331 0.653882
bt 0.038492 -0.998305 0.0436559
t -0.872496 -0.00347073 0.48861
bt 0.0947 -0.98477 0.145809
t -0.872757 -0.00197236 0.48815
bt 0.0247078 -0.998296 0.0528672
t -0.952991 -0.00348296 0.302979
bt 0.0635198 -0.984767 0.161862
t -0.953145 -0.00197295 0.302508
bt 0.0138029 -0.998297 0.056677
t 0.979621 -0.0110585 -0.20055
bt 0.11859 -0.936379 0.330351
t 0.999913 -0.0130781 0.00165592
bt 0.00113355 -0.937491 0.348008
t 0.919233 -0.0110205 -0.393559
bt 0.182559 -0.936399 0.299716
t 0.821181 -0.011087 -0.570561
bt 0.239136 -0.936393 0.256871
t 0.689486 -0.0110523 -0.724214
bt 0.285937 -0.936414 0.203394
t 0.529646 -0.0110395 -0.848147
bt 0.32103 -0.936401 0.141748
t 0.348046 -0.0110542 -0.937412
bt 0.343019 -0.936396 0.074168
t 0.152217 -0.0110506 -0.988285
bt 0.351018 -0.936362 0.00363266
t -0.0497669 -0.0110537 -0.9987
bt 0.344585 -0.936358 -0.0670443
t -0.249776 -0.0110563 -0.968241
bt 0.323924 -0.936398 -0.135022
t -0.439612 -0.0110653 -0.89812
bt 0.290063 -0.936408 -0.197494
t -0.611353 -0.0110374 -0.791281
bt 0.244499 -0.936348 -0.251938
t -0.758125 -0.0110382 -0.652016
bt 0.18873 -0.936384 -0.295916
t -0.869415 -0.0331352 -0.492971
bt 0.103871 -0.935045 -0.338971
t -0.953808 -0.0110424 -0.300212
bt 0.0567825 -0.936393 -0.34633
t -0.881299 0.0331558 -0.471395
bt 0.167885 -0.937518 -0.304755
t 0.982863 -0.0274299 0.182285
bt 0.0229324 -0.859741 -0.510215
t 0.979747 -0.0782141 0.184334
bt 0.073205 -0.984642 -0.158496
t 0.999432 -0.0325203 -0.00885294
bt -0.000640761 -0.98544 -0.170022
t 0.999928 -0.00863671 -0.00831569
bt -0.00157043 -0.862412 -0.506205
t 0.922183 -0.00885233 0.386653
bt 0.12527 -0.859755 -0.495105
t 0.920442 -0.00339084 0.390866
bt 0.103563 -0.984641 -0.140556
t 0.8255 -0.00886341 0.564333
bt 0.222224 -0.859737 -0.459857
t 0.822944 -0.00342173 0.568112
bt 0.129833 -0.984635 -0.116782
t 0.695016 -0.00889606 0.71894
bt 0.310241 -0.859758 -0.405668
t 0.693332 -0.0170129 0.720417
bt 0.122982 -0.985418 -0.117588
t 0.536009 -0.00890208 0.844165
bt 0.385559 -0.859761 -0.334895
t 0.532041 -0.00345156 0.846712
bt 0.16538 -0.984627 -0.0561992
t 0.68907 0.0170331 0.724495
bt 0.122982 -0.985418 -0.117588
t 0.355146 -0.0088776 0.934769
bt 0.44506 -0.859747 -0.250511
t 0.350722 -0.00339103 0.936474
bt 0.173193 -0.984649 -0.0217075
t 0.159795 -0.0088549 0.987111
bt 0.486366 -0.85977 -0.155702
t 0.155127 -0.00339027 0.987889
bt 0.174056 -0.984642 0.0135896
t -0.0423128 -0.00891138 0.999065
bt 0.507765 -0.859764 -0.0545969
t -0.0469042 -0.00340704 0.998894
bt 0.167777 -0.984641 0.0483019
t -0.242523 -0.00882236 0.970105
bt 0.508386 -0.859752 0.0486836
t -0.246931 -0.00339304 0.969027
bt 0.154584 -0.984644 0.0811231
t -0.43286 -0.00891456 0.901417
bt 0.48811 -0.859793 0.150014
t -0.436833 -0.00340418 0.899536
bt 0.135092 -0.984641 0.110599
t -0.605397 -0.00885372 0.795874
bt 0.448004 -0.859751 0.245198
t -0.608985 -0.00341929 0.793174
bt 0.110026 -0.984642 0.135555
t -0.753221 -0.00885234 0.657708
bt 0.389436 -0.859766 0.330367
t -0.756341 -0.00340267 0.654169
bt 0.0805401 -0.984641 0.154906
t -0.870167 -0.00888649 0.492677
bt 0.314926 -0.859756 0.402046
t -0.872499 -0.00339804 0.488605
bt 0.0477272 -0.984645 0.167917
t -0.951557 -0.0088939 0.307343
bt 0.227591 -0.859763 0.457176
t -0.952968 -0.00340181 0.303052
bt 0.0128884 -0.984643 0.174104
t -0.993943 -0.00888491 0.10954
bt 0.12831 -0.859916 0.494046
t 0.979366 -0.00683315 -0.201977
bt 0.0189227 -0.931779 0.362533
t 0.978984 0.00337056 -0.20391
bt 0.0161539 -0.984114 -0.176801
t 0.999432 -0.0325203 -0.00885294
bt -0.000640761 -0.98544 -0.170022
t 0.998845 -0.0458227 0.0144312
bt 0.00112763 -0.933219 0.359306
t 0.918688 -0.00677632 -0.394926
bt 0.091528 -0.93178 0.351295
t 0.917882 0.00342164 -0.396839
bt -0.0197998 -0.984114 -0.176433
t 0.820383 -0.00680847 -0.571774
bt 0.160418 -0.931778 0.325662
t 0.819229 0.00339221 -0.573457
bt -0.0548986 -0.984111 -0.168851
t 0.688462 -0.00684472 -0.72524
bt 0.222655 -0.931773 0.286746
t 0.686996 0.00341103 -0.726654
bt -0.0877738 -0.984112 -0.154338
t 0.528361 -0.00682312 -0.848992
bt 0.275837 -0.931778 0.236018
t 0.526731 0.00340566 -0.850025
bt -0.116993 -0.984106 -0.133595
t 0.346737 -0.00682606 -0.937938
bt 0.317687 -0.931788 0.17563
t 0.344856 0.00340009 -0.938649
bt -0.141637 -0.984099 -0.107184
t 0.150893 -0.00681101 -0.988527
bt 0.346537 -0.93178 0.108161
t 0.148731 0.00340489 -0.988872
bt -0.160201 -0.984108 -0.0765955
t -0.051262 -0.00685449 -0.998662
bt 0.361201 -0.931789 0.0361063
t -0.0532963 0.0034128 -0.998573
bt -0.172318 -0.984115 -0.0427165
t -0.251302 -0.00680015 -0.967885
bt 0.361085 -0.931787 -0.0372896
t -0.253218 0.00341736 -0.967403
bt -0.177419 -0.984109 -0.00722401
t -0.440946 -0.00681031 -0.897508
bt 0.34621 -0.931777 -0.10922
t -0.442822 0.00341872 -0.896603
bt -0.175245 -0.984109 0.0286215
t -0.612565 -0.00684116 -0.79039
bt 0.317106 -0.931779 -0.176725
t -0.614195 0.00336517 -0.789147
bt -0.165819 -0.984116 0.0633974
t -0.759109 -0.00679494 -0.650928
bt 0.275161 -0.931771 -0.236833
t -0.760512 0.0034316 -0.649315
bt -0.149621 -0.98412 0.095511
t -0.874636 -0.00683865 -0.484732
bt 0.221807 -0.931769 -0.287415
t -0.875609 0.00342699 -0.483008
bt -0.127451 -0.984108 0.123641
t -0.954298 -0.00678384 -0.298779
bt 0.159402 -0.931775 -0.326169
t -0.95494 0.00340786 -0.296778
bt -0.100009 -0.984109 0.146723
t 0.974346 -0.0543215 0.218401
bt -0.0678716 -0.933217 0.352846
t 0.998845 -0.0458227 0.0144312
bt 0.00112763 -0.933219 0.359306
t 0.921202 0.00683998 0.389025
bt -0.137552 -0.933212 0.331955
t 0.824021 0.00681157 0.566518
bt -0.201575 -0.933214 0.297453
t 0.693175 0.00684442 0.720737
bt -0.257307 -0.933214 0.250809
t 0.703963 -0.0392562 0.709151
bt 0.308091 -0.904549 -0.29474
t 0.533897 0.00680494 0.845522
bt -0.302469 -0.933219 0.193947
t 0.677243 0.0391379 0.734717
bt 0.308091 -0.904549 -0.29474
t 0.352739 0.00681987 0.935697
bt -0.335339 -0.933217 0.129049
t 0.157112 0.00682107 0.987557
bt -0.354452 -0.933215 0.0589344
t 0.172673 -0.039161 0.9842
bt 0.42125 -0.904549 -0.0658773
t -0.0449652 0.00678744 0.998966
bt -0.359047 -0.93322 -0.0136486
t 0.136088 0.0393316 0.989916
bt 0.42125 -0.904549 -0.0658773
t -0.244958 0.00686439 0.969509
bt -0.348951 -0.933218 -0.0856522
t -0.435118 0.00685143 0.900347
bt -0.324559 -0.93322 -0.154151
t -0.607502 0.00679812 0.794289
bt -0.286871 -0.933219 -0.21635
t -0.754978 0.00682918 0.655714
bt -0.237458 -0.933218 -0.269661
t -0.871485 0.00681597 0.490375
bt -0.178329 -0.933216 -0.31194
t -0.862942 -0.0391408 0.503786
bt 0.208104 -0.904548 0.372137
t -0.952353 0.00687976 0.304921
bt -0.111904 -0.933214 -0.341451
t -0.880957 0.0390926 0.471578
bt 0.208104 -0.904548 0.372137
t -0.995645 -0.00885044 -0.0928032
bt -0.0521868 -0.862425 0.503487
t 0.979873 0.00888078 -0.199425
bt -0.100972 -0.862419 -0.496022
t 0.999928 -0.00863671 -0.00831569
bt -0.00157043 -0.862412 -0.506205
t 0.919674 0.00885309 -0.392584
bt -0.198757 -0.862412 -0.465554
t 0.821827 0.00890007 -0.569667
bt -0.288404 -0.862409 -0.416021
t 0.690327 0.00885755 -0.723443
bt -0.366255 -0.862403 -0.349456
t 0.53058 0.00887471 -0.847589
bt -0.429078 -0.862423 -0.268548
t 0.34912 0.00884295 -0.937036
bt -0.474356 -0.862414 -0.176718
t 0.153417 0.00882872 -0.988122
bt -0.500212 -0.862421 -0.0775777
t -0.0486837 0.00892491 -0.998774
bt -0.505581 -0.862427 0.0246505
t -0.248777 0.00885088 -0.96852
bt -0.490267 -0.862423 0.125958
t -0.438593 0.00884086 -0.898642
bt -0.454802 -0.862467 0.222051
t -0.610509 0.00886988 -0.79196
bt -0.400871 -0.862424 0.309074
t -0.75745 0.00892806 -0.652832
bt -0.330477 -0.862411 0.383449
t -0.87334 0.00889979 -0.48703
bt -0.246439 -0.862452 0.442091
t -0.95352 0.00883876 -0.3012
bt -0.152433 -0.862413 0.482708
t 0.979728 -0.00442708 0.200281
bt -0.0940685 -0.902023 0.421314
t 0.999461 -0.0307609 0.0115027
bt 0.00148769 -0.902056 0.431618
t 0.922542 0.0132031 0.385672
bt -0.176984 -0.902018 0.393751
t 0.826048 0.0131751 0.563446
bt -0.252577 -0.90203 0.350068
t 0.695795 0.0132054 0.71812
bt -0.317977 -0.90203 0.291946
t 0.536976 0.0132281 0.843494
bt -0.370192 -0.902032 0.222029
t 0.356173 0.0131671 0.934327
bt -0.407309 -0.902032 0.142963
t 0.16086 0.0131752 0.986889
bt -0.427753 -0.902033 0.0579983
t -0.0412412 0.0132043 0.999062
bt -0.430659 -0.902042 -0.0292218
t -0.241504 0.013194 0.97031
bt -0.416017 -0.902023 -0.115259
t -0.431834 0.013209 0.901857
bt -0.384248 -0.902038 -0.196678
t -0.604509 0.0132202 0.796489
bt -0.336807 -0.902026 -0.27002
t -0.752461 0.0131982 0.658505
bt -0.275498 -0.902018 -0.332361
t -0.869607 0.0132029 0.493569
bt -0.202976 -0.902032 -0.380971
t -0.951163 0.0131855 0.308408
bt -0.122193 -0.902037 -0.414003
t -0.993778 0.0131979 0.110593
bt -0.0363713 -0.902041 -0.430114
t -0.995096 -0.0131937 0.0980289
bt -0.0829142 0.894586 0.439138
t -0.994903 -0.0110497 0.100233
bt 0.103422 0.935364 0.338229
t -0.995527 0.0110367 -0.0938362
bt -0.0342486 0.937501 0.346293
t -0.995699 0.0132033 -0.091701
bt -0.106031 0.900194 0.422385
t 0.980048 -0.0132058 -0.198323
bt 0.0380461 0.894612 -0.445221
t 0.979622 -0.0110752 -0.200544
bt -0.0708122 0.937515 -0.340664
t 0.99966 0.0232493 -0.0118282
bt -0.00116349 0.937501 -0.347982
t 0.999552 0.0256269 -0.0154712
bt -0.00142023 0.902091 -0.431544
t 0.92005 -0.0131864 -0.391578
bt -0.0522655 0.894618 -0.443765
t 0.91923 -0.0109921 -0.393569
bt -0.138322 0.937487 -0.319351
t 0.8224 -0.0132099 -0.568756
bt -0.140662 0.894644 -0.424059
t 0.821187 -0.0111183 -0.570551
bt -0.199701 0.9375 -0.284978
t 0.691065 -0.0132498 -0.722671
bt -0.223167 0.894642 -0.387055
t 0.689481 -0.0110339 -0.724219
bt -0.253117 0.937464 -0.23894
t 0.531434 -0.0131521 -0.846998
bt -0.296571 0.894609 -0.334246
t 0.529644 -0.0110352 -0.848148
bt -0.295899 0.937487 -0.183198
t 0.350123 -0.013205 -0.936611
bt -0.357785 0.894592 -0.267758
t 0.348054 -0.0110778 -0.937409
bt -0.326736 0.937492 -0.119803
t 0.154538 -0.0131673 -0.987899
bt -0.404316 0.894655 -0.190054
t 0.152213 -0.0110413 -0.988286
bt -0.344296 0.937452 -0.0514314
t -0.0476715 -0.0132066 -0.998776
bt -0.434401 0.894589 -0.104913
t -0.0497685 -0.0110492 -0.9987
bt -0.347597 0.93746 0.0185974
t -0.247722 -0.0132145 -0.968741
bt -0.446597 0.894602 -0.015422
t -0.249779 -0.011048 -0.96824
bt -0.33656 0.93749 0.0885384
t -0.437594 -0.0132122 -0.899075
bt -0.440459 0.894642 0.0749022
t -0.439602 -0.0110949 -0.898124
bt -0.312087 0.937473 0.154097
t -0.609638 -0.0132565 -0.792569
bt -0.416556 0.89459 0.161833
t -0.611358 -0.0110192 -0.791277
bt -0.274681 0.93747 0.213777
t -0.756706 -0.0131482 -0.653623
bt -0.37533 0.894649 0.242344
t -0.758125 -0.0110386 -0.652016
bt -0.225698 0.937511 0.264829
t -0.872775 -0.0131848 -0.487944
bt -0.318726 0.894613 0.313179
t -0.869415 -0.0331352 -0.492971
bt -0.167828 0.937458 0.304968
t -0.953125 -0.0131718 -0.30229
bt -0.249134 0.894665 0.370818
t -0.953809 -0.0110409 -0.300212
bt -0.103065 0.9375 0.332372
t -0.881301 0.0331679 -0.471391
bt -0.167828 0.937458 0.304968
t 0.974152 -0.0570404 0.218574
bt -0.0689533 -0.937494 0.341102
t 0.999913 -0.0130781 0.00165592
bt 0.00113355 -0.937491 0.348008
t 0.921741 0.0110796 0.387649
bt -0.136251 -0.937486 0.320244
t 0.824789 0.0110614 0.565333
bt -0.197972 -0.937494 0.286202
t 0.694218 0.0110289 0.719681
bt -0.25142 -0.937493 0.240614
t 0.535102 0.0111024 0.844714
bt -0.294747 -0.937506 0.18495
t 0.354016 0.0110397 0.935174
bt -0.32594 -0.937506 0.121847
t 0.158605 0.0110413 0.98728
bt -0.343928 -0.937454 0.0537899
t -0.0433665 0.0110513 0.998998
bt -0.347708 -0.937458 -0.0164947
t -0.243565 0.0111047 0.969821
bt -0.337148 -0.937498 -0.0861922
t -0.433819 0.0110745 0.900932
bt -0.312922 -0.937491 -0.152283
t -0.606229 0.0110164 0.795214
bt -0.275824 -0.937505 -0.212145
t -0.753954 0.0110903 0.656834
bt -0.227467 -0.937495 -0.263367
t -0.870717 0.0110218 0.491661
bt -0.169816 -0.937504 -0.303725
t -0.951872 0.0110619 0.306295
bt -0.105318 -0.937495 -0.331679
t 0.982075 0.0355778 0.1851
bt -0.0644879 0.928848 -0.364805
t 0.981829 0.0201833 0.188692
bt 0.0858018 0.902086 -0.422942
t 0.999552 0.0256269 -0.0154712
bt -0.00142023 0.902091 -0.431544
t 0.99966 0.0232493 -0.0118282
bt -0.00116349 0.937501 -0.347982
t 0.921739 0.0110682 0.387653
bt 0.0103722 0.928876 -0.370246
t 0.922541 0.0132 0.385673
bt 0.168891 0.902099 -0.397106
t 0.824787 0.0110517 0.565336
bt 0.0845099 0.928828 -0.360745
t 0.826046 0.0131665 0.563449
bt 0.245372 0.902069 -0.355054
t 0.694224 0.0110522 0.719675
bt 0.155453 0.928851 -0.33626
t 0.695795 0.0132081 0.718119
bt 0.311946 0.902065 -0.298277
t 0.535101 0.0110978 0.844715
bt 0.219988 0.928822 -0.298154
t 0.536975 0.0132264 0.843495
bt 0.365486 0.902062 -0.229575
t 0.354017 0.0110441 0.935174
bt 0.275449 0.928799 -0.247912
t 0.35616 0.0131369 0.934333
bt 0.404258 0.902062 -0.151196
t 0.158595 0.0110134 0.987282
bt 0.319772 0.928807 -0.187254
t 0.160856 0.0131668 0.98689
bt 0.426435 0.902057 -0.0666881
t -0.043363 0.0110608 0.998998
bt 0.350934 0.928807 -0.119008
t -0.0412204 0.0132477 0.999062
bt 0.431168 0.902037 0.0205983
t -0.243561 0.0111168 0.969822
bt 0.36761 0.928847 -0.0458838
t -0.241498 0.0132068 0.970311
bt 0.418106 0.902087 0.106892
t -0.43382 0.0110704 0.900932
bt 0.369307 0.928854 0.0290177
t -0.431841 0.013193 0.901854
bt 0.388124 0.902047 0.188867
t -0.606226 0.0110281 0.795216
bt 0.355988 0.928827 0.102726
t -0.604506 0.0132288 0.796491
bt 0.342298 0.902078 0.262844
t -0.753957 0.0110761 0.65683
bt 0.32814 0.928814 0.172133
t -0.752466 0.013183 0.658499
bt 0.282084 0.902095 0.326576
t -0.870715 0.0110302 0.491664
bt 0.28661 0.928829 0.234799
t -0.869607 0.0132002 0.493568
bt 0.210815 0.902059 0.376625
t -0.951871 0.0110746 0.3063
bt 0.233511 0.928835 0.287641
t -0.951159 0.0132109 0.30842
bt 0.130254 0.902049 0.411512
t -0.995699 0.0132128 -0.0916964
bt 0.0424313 -0.902071 -0.429497
t 0.980047 -0.0132028 -0.198325
bt 0.0883668 -0.902064 0.422459
t 0.999461 -0.0307609 0.0115027
bt 0.00148769 -0.902056 0.431618
t 0.920054 -0.0132095 -0.391568
bt 0.17161 -0.902058 0.396032
t 0.82239 -0.0131716 -0.568771
bt 0.247834 -0.902055 0.353376
t 0.691073 -0.0132717 -0.722664
bt 0.313715 -0.902122 0.29624
t 0.531437 -0.0131596 -0.846996
bt 0.367022 -0.90207 0.22708
t 0.35011 -0.0131766 -0.936616
bt 0.405211 -0.902075 0.148544
t 0.154554 -0.0132013 -0.987896
bt 0.426833 -0.902062 0.0640166
t -0.0476837 -0.0131811 -0.998776
bt 0.430939 -0.902077 -0.0234172
t -0.247714 -0.013231 -0.968743
bt 0.41749 -0.902068 -0.109431
t -0.437608 -0.013182 -0.899069
bt 0.386888 -0.902061 -0.191322
t -0.609631 -0.0132747 -0.792574
bt 0.340419 -0.902068 -0.265309
t -0.756697 -0.0131752 -0.653633
bt 0.280153 -0.902049 -0.328361
t -0.87278 -0.0131664 -0.487936
bt 0.208391 -0.902074 -0.377937
t -0.953123 -0.0131875 -0.302297
bt 0.127829 -0.902054 -0.41226
t 0.92413 0.0390714 -0.380075
bt -0.177592 -0.904513 -0.387708
t 0.909475 -0.0391043 -0.413916
bt -0.169413 -0.904549 -0.391268
t 0.693332 -0.0170128 0.720417
bt 0.259244 -0.965338 0.030265
t 0.689076 0.0169914 0.72449
bt 0.122693 -0.985467 -0.117475

