g sponza_185
t -1 0 0
bt 0 0 1
t -1 0 0
bt -7.90052e-06 0 1
t -1 0 0
bt 0 0 1
t -1 0 0
bt 0 0 1
t -1 0 0
bt 0 0 -1
t -1 0 0
bt 6.06864e-06 0 -1
t -1 0 0
bt 0 0 -1
t -1 0 0
bt 0 0 -1
t 0 0 -1
bt 0 -0.999987 0.00505761
t 0 0.00136758 -0.999999
bt 0 -0.999997 0.00246447
t 0 -0.000175933 -1
bt 0 -0.999994 0.00337175
t -1 0 0
bt 0 -0.664233 0.747525
t -1 0 0
bt 0 -0.664234 0.747525
t -1 0 0
bt 0 -0.8527 0.5224
t -1 0 0
bt 0 -0.8527 0.5224
t 0 0 1
bt 0 -0.999987 0.0050605
t 0 0.000175893 1
bt 0 -0.999994 0.00337367
t 0 -0.00123581 0.999999
bt 0 -0.999997 0.00253026
t 0 0 -1
bt 0 -1 -0.000257374
t 0 0.00182345 -0.999998
bt 0 -1 -0.000171583
t -1 0 0
bt 0 -1 0
t -1 0 0
bt 0 -1 0
t -1 0 0
bt 0 -1 0
t -1 0 0
bt 0 -1 0
t 0 0.000527678 1
bt 0 -1 0
t 0 -0.00182365 0.999998
bt 0 -1 -0.000171821
t 0 0.00547032 -0.999985
bt 0 -1 0
t -1 0 0
bt 0 -0.418506 0.908214
t -1 0 0
bt 0 -0.418506 0.908214
t 0 -0.00547092 0.999985
bt 0 -1 0

