g sponza_175
t 0 -0.857464 0.514545
bt 0 -0.515275 -0.857025
t 0 -0.853337 0.52136
bt 0 -0.498681 -0.866786
t 0 -0.85873 0.512429
bt 0 -0.5138 -0.85791
t 0 -0.858466 0.512871
bt 0 -0.513141 -0.858305
t 0 -0.860991 0.50862
bt 0 -0.511634 -0.859204
t 0 -0.860695 0.50912
bt 0 -0.509677 -0.860366
t 0 -0.860694 0.509123
bt 0 -0.511783 -0.859115
t 0 -0.860659 0.509181
bt 0 -0.510479 -0.85989
t 0 -0.858236 0.513256
bt 0 -0.508255 -0.861207
t 0 -0.858236 0.513256
bt 0 -0.508255 -0.861207
t 0 -0.859702 0.510796
bt 0 -0.510474 -0.859893
t 0 -0.859646 0.510891
bt 0 -0.51077 -0.859718
t 0 -0.858683 0.512507
bt 0 -0.509541 -0.860447
t 0 -0.859871 0.510511
bt 0 -0.509587 -0.860419
t 0.999999 0.00111318 -0.000569098
bt -0.00188077 0.890389 -0.455196
t 0.999998 0.00182688 -0.00093396
bt -0.00483232 0.89038 -0.455192
t 0.999998 0.00188164 -8.92822e-05
bt 0 0.998876 -0.0473958
t 0.999998 0.00188164 -8.92822e-05
bt 0 0.998876 -0.0473958
t 1 0 0
bt -0.00548399 0.758291 -0.651893
t 1 0 0
bt -0.00548399 0.758291 -0.651893
t 1 0 0
bt 0 -0.654477 0.756082
t 0.999998 -0.00187956 0.00119586
bt 0 -0.843707 0.536804
t 1 0 0
bt 0 -0.843707 0.536804
t 1 0 0
bt -0.00236441 -0.654475 0.75608
t 1 0.000570994 0.000225273
bt 0 0.930217 0.36701
t 0.999998 0.00194632 0.000767909
bt 0 0.930217 0.36701
t 1 0 0
bt 0 0.621734 0.783229
t 1 0 0
bt 0 0.621734 0.783229
t 1 0 0
bt 0 0.885204 0.465202
t 0.999998 0.00187253 0.000984074
bt -0.00159489 0.885203 0.465202
t 1 0 0
bt 0 0.885204 0.465202
t 1 0 0
bt 0 0.885204 0.465202
t 0.999998 -0.0010413 0.0018669
bt -0.00393497 -0.487116 0.873329
t 1 0 0
bt 0 -0.48712 0.873335
t 0.999998 -0.0010413 0.0018669
bt -0.00393497 -0.487116 0.873329
t 0.999998 -0.0010413 0.0018669
bt -0.00393497 -0.487116 0.873329
t 0 0.143391 -0.989666
bt 0 -0.986911 -0.161269
t 0 0.139707 -0.990193
bt 0 -0.990621 -0.136639
t 0 0.141979 -0.98987
bt 0 -0.987881 -0.155216
t 0 0.143391 -0.989666
bt 0 -0.986911 -0.161269
t 0 0.138977 -0.990296
bt 0 -0.990417 -0.138107
t 0 0.138382 -0.990379
bt 0 -0.990549 -0.137161
t 0 0.138666 -0.990339
bt 0 -0.990368 -0.138462
t 0 0.139222 -0.990261
bt 0 -0.990511 -0.137433
t 0 0.139735 -0.990189
bt 0 -0.990578 -0.136952
t 0 0.139735 -0.990189
bt 0 -0.990578 -0.136952
t 0 0.138103 -0.990418
bt 0 -0.990068 -0.140586
t 0 0.138439 -0.990371
bt 0 -0.99039 -0.1383
t 0 0.13712 -0.990554
bt 0 -0.990267 -0.139179
t 0 0.13712 -0.990554
bt 0 -0.990267 -0.139179
t 0.999998 0.000360239 0.00186147
bt 0 0.189999 0.981784
t 1 0 0
bt -0.00231683 -0.209901 0.97772
t 0.999999 -0.000258072 0.00120214
bt -0.00231683 -0.209901 0.97772
t 0.999999 0.000234585 0.00121215
bt 0 0.189999 0.981784

