g sponza_219
t 0 -0.853386 0.521279
bt 0 -0.498618 -0.866822
t 0 -0.858724 0.512438
bt 0 -0.513795 -0.857913
t 0 -0.856035 0.516918
bt 0 -0.502698 -0.864462
t 0 -0.853386 0.521279
bt 0 -0.498618 -0.866822
t 0 -0.860701 0.509111
bt 0 -0.511778 -0.859118
t 0 -0.860697 0.509118
bt 0 -0.50968 -0.860364
t 0 -0.860999 0.508607
bt 0 -0.511628 -0.859207
t 0 -0.860667 0.509168
bt 0 -0.510473 -0.859894
t 0 -0.858213 0.513293
bt 0 -0.508267 -0.8612
t 0 -0.858213 0.513293
bt 0 -0.508267 -0.8612
t 0 -0.8596 0.510968
bt 0 -0.510959 -0.859605
t 0 -0.859632 0.510914
bt 0 -0.510776 -0.859714
t 0 -0.858696 0.512486
bt 0 -0.509544 -0.860445
t 0 -0.858696 0.512486
bt 0 -0.509544 -0.860445
t -0.999998 0.00188164 -8.92818e-05
bt 0 0.998876 -0.0473958
t -0.999998 0.00182685 -0.000933946
bt 0.00483261 0.89038 -0.455192
t -0.999999 0.00111314 -0.000569079
bt 0.00188079 0.890389 -0.455196
t -0.999998 0.00188164 -8.92818e-05
bt 0 0.998876 -0.0473958
t -1 0 0
bt 0.00548401 0.758291 -0.651893
t -1 0 0
bt 0.00548401 0.758291 -0.651893
t -1 0 0
bt 0 -0.843707 0.536804
t -0.999998 -0.00187949 0.00119582
bt 0 -0.843707 0.536804
t -1 0 0
bt 0 -0.654477 0.756082
t -1 0 0
bt 0.0023645 -0.654475 0.75608
t -1 0 0
bt 0 0.621734 0.783229
t -0.999998 0.00194629 0.000767896
bt 0 0.930217 0.36701
t -1 0.000570986 0.00022527
bt 0 0.930217 0.36701
t -1 0 0
bt 0 0.621734 0.783229
t -1 0 0
bt 0 0.885204 0.465202
t -0.999998 0.00187254 0.000984079
bt 0.00159489 0.885203 0.465202
t -1 0 0
bt 0 0.885204 0.465202
t -1 0 0
bt 0 0.885204 0.465202
t -0.999998 -0.00104126 0.00186684
bt 0.00393509 -0.487116 0.873329
t -1 0 0
bt 0 -0.48712 0.873335
t -0.999998 -0.00104126 0.00186684
bt 0.00393509 -0.487116 0.873329
t -0.999998 -0.00104126 0.00186684
bt 0.00393509 -0.487116 0.873329
t 0 0.139981 -0.990154
bt 0 -0.991066 -0.133375
t 0 0.143384 -0.989667
bt 0 -0.986881 -0.161447
t 0 0.139705 -0.990193
bt 0 -0.990621 -0.136636
t 0 0.139715 -0.990192
bt 0 -0.991 -0.133861
t 0 0.138666 -0.990339
bt 0 -0.990365 -0.138484
t 0 0.138383 -0.990379
bt 0 -0.990549 -0.13716
t 0 0.138977 -0.990295
bt 0 -0.990415 -0.138126
t 0 0.139222 -0.990261
bt 0 -0.990508 -0.137454
t 0 0.139733 -0.990189
bt 0 -0.990585 -0.136896
t 0 0.139733 -0.990189
bt 0 -0.990585 -0.136896
t 0 0.138054 -0.990425
bt 0 -0.990365 -0.138483
t 0 0.138438 -0.990371
bt 0 -0.990395 -0.138268
t 0 0.137123 -0.990554
bt 0 -0.990265 -0.139197
t 0 0.136901 -0.990585
bt 0 -0.990275 -0.139126
t -0.999999 -0.000258086 0.0012022
bt 0.00231693 -0.209901 0.97772
t -1 0 0
bt 0.00231693 -0.209901 0.97772
t -0.999998 0.000360252 0.00186153
bt 0 0.189999 0.981784
t -0.999999 0.000234598 0.00121221
bt 0 0.189999 0.981784

