g sponza_293
t 0.872149 0.407866 0.270188
bt -0.202726 -0.978115 0.0468263
t 0.871896 0.408522 0.270014
bt -0.203126 -0.97804 0.0466698
t 0.874633 0.407874 0.262022
bt 0.00450242 -0.9936 -0.112871
t 0.874633 0.407874 0.262022
bt 0.00450242 -0.9936 -0.112871
t 0.863921 0.406408 0.297442
bt -0.56507 -0.824698 0.0238411
t 0.864113 0.405734 0.297807
bt -0.565041 -0.824717 0.0238635
t 0.843527 0.414856 0.341112
bt -0.677829 -0.734807 0.0246135
t 0.845524 0.399595 0.354136
bt -0.688002 -0.725642 0.00986102
t 0.798025 0.379904 0.467792
bt -0.736762 -0.676139 0.00425683
t 0.797986 0.379687 0.468034
bt -0.736547 -0.676369 0.00482703
t 0.848595 0.368829 0.379278
bt -0.707379 -0.706575 -0.0191486
t 0.637089 0.307292 0.706887
bt -0.757983 -0.652272 0.00153497
t 0.637183 0.307421 0.706746
bt -0.758078 -0.652163 0.00097247
t 0.326268 0.275606 0.904207
bt -0.763917 -0.645314 0.000142001
t 0.327489 0.276638 0.90345
bt -0.763917 -0.645314 0
t -0.559654 -0.208309 0.802119
bt -0.75834 -0.651859 0.000580521
t -0.55985 -0.208546 0.80192
bt -0.758323 -0.651878 0.00048193
t -0.326659 -0.275936 0.903965
bt -0.763917 -0.645314 0
t -0.326659 -0.275936 0.903965
bt -0.763917 -0.645314 0
t -0.79007 -0.342164 0.508639
bt -0.739241 -0.673437 0.00239936
t -0.790063 -0.342135 0.508669
bt -0.739293 -0.673379 0.00254187
t -0.848615 -0.368569 0.379487
bt -0.707603 -0.706342 0.0194947
t -0.848601 -0.368749 0.379342
bt -0.707488 -0.706461 0.0193176
t -0.86582 -0.399619 0.301097
bt -0.603333 -0.797459 0.00701297
t -0.865797 -0.399703 0.301052
bt -0.603153 -0.797596 0.00686476
t -0.843545 -0.414728 0.341222
bt -0.677995 -0.734662 -0.024378
t -0.843545 -0.414728 0.341222
bt -0.677995 -0.734662 -0.024378
t -0.872653 -0.406554 0.270537
bt -0.343272 -0.939186 0.00970147
t -0.872432 -0.40713 0.270384
bt -0.3434 -0.939139 0.00975433
t -0.874204 -0.408793 0.262021
bt 0.00519864 -0.993615 0.112701
t -0.874638 -0.407864 0.262022
bt 0.0031241 -0.993567 0.113206
t -0.872822 -0.406324 0.270339
bt 0.879595 -0.473412 0.0468318
t -0.872781 -0.40642 0.270324
bt 0.879788 -0.473073 0.0466276
t -0.874638 -0.407864 0.262022
bt 0.758232 -0.642126 -0.112948
t -0.874638 -0.407864 0.262022
bt 0.758232 -0.642126 -0.112948
t -0.866201 -0.401232 0.297839
bt 0.994978 -0.0972025 0.0238666
t -0.866321 -0.401056 0.297728
bt 0.994974 -0.0972392 0.0238908
t -0.849598 -0.390902 0.35409
bt 0.998111 0.0606192 0.00996504
t -0.849519 -0.390986 0.354186
bt 0.998106 0.0607219 0.00985489
t -0.804241 -0.367036 0.467419
bt 0.991491 0.130115 0.00383154
t -0.804958 -0.366625 0.466506
bt 0.991485 0.130167 0.00373573
t -0.647412 -0.290394 0.704648
bt 0.986853 0.161615 0.000866403
t -0.647548 -0.290384 0.704527
bt 0.986859 0.161583 0.000994166
t -0.425704 -0.0736089 0.901864
bt 0.985376 0.170396 0.000155225
t -0.422395 -0.0730366 0.903465
bt 0.985376 0.170396 0
t 0.52198 0.294794 0.800396
bt 0.986808 0.161895 0.000627628
t 0.521341 0.294798 0.800811
bt 0.986812 0.161869 0.000524665
t 0.424558 0.0734107 0.90242
bt 0.985376 0.170396 0
t 0.424558 0.0734107 0.90242
bt 0.985376 0.170396 0
t 0.771167 0.384681 0.50727
bt 0.991058 0.133414 0.00241355
t 0.77114 0.384695 0.5073
bt 0.991041 0.133532 0.00263013
t 0.839278 0.4017 0.366402
bt 0.99722 0.0743643 0.00478984
t 0.838937 0.402049 0.3668
bt 0.997233 0.0741944 0.0046073
t 0.862658 0.406407 0.301089
bt 0.998706 -0.0503796 0.0069926
t 0.862716 0.406323 0.301036
bt 0.998693 -0.0506486 0.00681568
t 0.872178 0.407485 0.270668
bt 0.940106 -0.340743 0.00969919
t 0.872088 0.407648 0.270714
bt 0.940171 -0.340562 0.00977373
t 0.874584 0.407981 0.262022
bt 0.757814 -0.642649 0.112785
t 0.874633 0.407874 0.262022
bt 0.759099 -0.641042 0.113285
t 0.631901 0.303837 0.713011
bt 0.126891 -0.990398 -0.0548698
t 0.852867 0.389796 0.347387
bt -0.186898 -0.982377 0.00203699
t 0.840725 0.380389 0.385338
bt -0.454221 -0.890342 0.0311972
t 0.594733 0.302201 0.744961
bt -0.0577343 -0.997854 -0.0308794
t 0.34474 0.162892 0.924457
bt 0.203957 -0.978959 0.00637661
t 0.379023 0.175243 0.908643
bt 0.305114 -0.952281 -0.00815187
t 0.389354 0.181573 0.903014
bt 0.418892 -0.907996 -0.00854089
t 0.645821 0.301133 0.701594
bt 0.416545 -0.909091 -0.00654664
t 0.528282 0.278841 0.801976
bt -0.207636 -0.977392 -0.039904
t 0.810547 0.352248 0.467905
bt -0.6113 -0.791312 0.0117253
t 0.735772 0.334765 0.588703
bt -0.671159 -0.741141 0.015993
t 0.421133 0.258134 0.869491
bt -0.287788 -0.957524 -0.0180356
t 0.209253 0.105178 0.972189
bt 0.0458759 -0.998946 0.00140906
t 0.289535 0.13169 0.948065
bt 0.110504 -0.993871 -0.00304331
t 0.235436 0.123798 0.963973
bt -0.334364 -0.94239 -0.0100628
t 0.494839 0.196688 0.846432
bt -0.702981 -0.711173 0.00708739
t 0.0366295 0.0361159 0.998676
bt -0.71209 -0.702089 0
t 0.0129098 0.0346284 0.999317
bt -0.349304 -0.937009 0
t 6.62093e-05 0.00874603 0.999962
bt -0.00769978 -0.99997 0
t 0.110866 0.0430682 0.992902
bt 0.00511549 -0.999983 -0.00284421
t -0.251534 -0.176403 0.951637
bt -0.334272 -0.942428 0.00953153
t -0.532145 -0.247405 0.809699
bt -0.70297 -0.711184 -0.00714672
t -0.727654 -0.30597 0.613924
bt -0.673936 -0.738733 -0.00911381
t -0.41668 -0.22906 0.879721
bt -0.28989 -0.956762 0.0238922
t -0.210124 -0.0916921 0.973365
bt 0.0455665 -0.998961 -7.56743e-06
t -0.110694 -0.0585354 0.992129
bt 0.00558079 -0.999984 -0.00131676
t -0.52808 -0.290981 0.797786
bt -0.201303 -0.979109 0.028682
t -0.810131 -0.365641 0.458252
bt -0.60274 -0.797589 -0.0236018
t -0.84198 -0.374804 0.388062
bt -0.483327 -0.875403 -0.00803049
t -0.595593 -0.297233 0.746272
bt -0.07662 -0.99554 0.0550411
t -0.345607 -0.159282 0.924762
bt 0.199267 -0.979929 0.00557434
t -0.288537 -0.13862 0.947381
bt 0.112639 -0.993629 -0.00369935
t -0.631484 -0.30514 0.712823
bt 0.166693 -0.985927 0.0127267
t -0.852397 -0.39111 0.347062
bt -0.123497 -0.991854 -0.0312103
t -0.853853 -0.398119 0.335315
bt 0.379286 -0.925127 0.0167976
t -0.645819 -0.301119 0.701602
bt 0.398449 -0.916825 0.0259164
t -0.389353 -0.181573 0.903014
bt 0.419179 -0.90787 0.00788249
t -0.37874 -0.176061 0.908603
bt 0.312045 -0.950035 -0.00780703
t -0.638955 -0.288729 0.713002
bt 0.676322 -0.734655 -0.0535751
t -0.846832 -0.402742 0.347384
bt 0.873802 -0.486281 0.00100516
t -0.831803 -0.399503 0.385358
bt 0.974306 -0.223185 0.0302716
t -0.6138 -0.261291 0.744968
bt 0.801507 -0.597185 -0.0309094
t -0.346426 -0.159296 0.924453
bt 0.618832 -0.785498 0.00634237
t -0.378047 -0.177412 0.908628
bt 0.532652 -0.846312 -0.00619611
t -0.551313 -0.227061 0.802806
bt 0.882393 -0.468748 -0.0407141
t -0.79084 -0.394493 0.467918
bt 0.999163 -0.0394763 0.0107321
t -0.727804 -0.34924 0.590197
bt 0.999151 0.0383663 0.0149847
t -0.46651 -0.157865 0.870314
bt 0.918597 -0.39474 -0.0189426
t -0.214578 -0.0931573 0.972254
bt 0.73539 -0.677633 0.00392523
t -0.286041 -0.138228 0.948195
bt 0.690628 -0.723197 -0.00435254
t -0.246425 -0.100663 0.96392
bt 0.936837 -0.34962 -0.0101225
t -0.468738 -0.252654 0.846434
bt 0.99664 0.0816783 0.00610586
t -0.0512313 -0.00484558 0.998675
bt 0.995553 0.0941982 0
t -0.0348295 0.0123694 0.999317
bt 0.942323 -0.334706 0
t -0.00674575 0.00557452 0.999962
bt 0.770968 -0.636874 0
t -0.10506 -0.0565607 0.992856
bt 0.762516 -0.646969 0.000459875
t 0.296913 0.0791424 0.951619
bt 0.936765 -0.349847 0.00885054
t 0.531558 0.248633 0.809709
bt 0.996672 0.0810622 -0.00856058
t 0.701151 0.361085 0.614821
bt 0.999115 0.0407943 -0.0102258
t 0.442196 0.17262 0.880151
bt 0.919137 -0.393263 0.0230606
t 0.205845 0.101504 0.973306
bt 0.736365 -0.676579 0.00260488
t 0.117555 0.0458381 0.992008
bt 0.762671 -0.646784 0.00169495
t 0.561277 0.218433 0.798283
bt 0.879399 -0.475233 0.0284991
t 0.800805 0.38559 0.458292
bt 0.998404 -0.0511837 -0.0238611
t 0.828322 0.404066 0.38809
bt 0.981162 -0.193006 -0.00835817
t 0.610534 0.26516 0.746283
bt 0.811873 -0.581231 0.0550743
t 0.344207 0.162297 0.92476
bt 0.622584 -0.782533 0.00559674
t 0.291207 0.132459 0.947446
bt 0.688614 -0.725115 -0.00435896
t 0.639695 0.287557 0.712812
bt 0.649723 -0.760025 0.0148994
t 0.847576 0.40147 0.347041
bt 0.83734 -0.545702 -0.0327335
t 0.853853 0.398119 0.335315
bt 0.468311 -0.883376 0.0181988
t 0.378629 0.176599 0.908545
bt 0.527089 -0.849771 -0.0081555
t 0.753749 0.426278 0.50015
bt -0.408366 -0.869488 -0.2779
t 0.745545 0.387373 0.542315
bt -0.338821 -0.938703 -0.0635374
t 0.783647 0.36544 0.502346
bt 0.231273 -0.966019 -0.115413
t 0.75256 0.429249 0.499398
bt -0.0640137 -0.996544 -0.0529304
t 0.700419 0.382303 0.602708
bt -0.472522 -0.879351 -0.0588542
t 0.616307 0.380539 0.689461
bt -0.530784 -0.84683 -0.033872
t 0.406402 0.240095 0.881585
bt -0.562705 -0.826469 -0.0176679
t 0.134298 0.192903 0.971984
bt -0.571386 -0.820681 0.000134214
t -0.442593 -0.310233 0.841349
bt -0.562338 -0.82676 0.0156353
t -0.611285 -0.356253 0.706693
bt -0.531497 -0.846307 0.0357085
t -0.260349 -0.37396 0.890153
bt -0.571375 -0.820689 0
t -0.700087 -0.391393 0.597235
bt -0.467107 -0.88275 0.0506383
t -0.746138 -0.384467 0.543565
bt -0.360389 -0.928979 0.0843651
t -0.771684 -0.377914 0.511551
bt -0.0509102 -0.997718 0.0443428
t -0.783704 -0.365318 0.502346
bt 0.229402 -0.966337 0.116476
t -0.785443 -0.34839 0.51157
bt 0.837665 -0.538076 -0.0937606
t -0.837279 -0.234578 0.493901
bt 0.959322 -0.230304 -0.163282
t -0.783645 -0.365416 0.502365
bt 0.733214 -0.640322 -0.228879
t -0.743087 -0.29081 0.602704
bt 0.977244 -0.204117 -0.0577146
t -0.687676 -0.227525 0.689444
bt 0.989829 -0.138668 -0.031783
t -0.828563 -0.248317 0.501818
bt 0.95997 -0.118205 -0.253937
t -0.445338 -0.15694 0.881501
bt 0.994809 -0.100268 -0.0173403
t -0.234343 0.0211395 0.971924
bt 0.99596 -0.0897975 0.000122099
t 0.522555 0.139517 0.841113
bt 0.994805 -0.100428 0.016647
t 0.666197 0.239104 0.706407
bt 0.989989 -0.136272 0.0367727
t 0.453756 -0.0409321 0.890186
bt 0.995958 -0.0898212 0
t 0.749851 0.284655 0.59724
bt 0.976442 -0.209838 0.0502797
t 0.828672 0.24815 0.501722
bt 0.960106 -0.119883 0.252633
t 0.785573 0.348173 0.511518
bt 0.797862 -0.601137 0.0452855
t 0.783645 0.365416 0.502365
bt 0.731783 -0.642406 0.227614
t 0.837327 0.2345 0.493855
bt 0.95912 -0.232352 0.161557
t 0.391873 0.178081 0.90262
bt 0.303164 -0.952936 -0.00226011
t 0.276651 0.126885 0.952557
bt 0.343936 -0.938993 0.000769179
t 0.251008 0.112704 0.961402
bt 0.270377 -0.962738 0.00560354
t 0.357294 0.160157 0.920158
bt 0.194715 -0.980854 0.00336621
t 0.400766 0.187164 0.896859
bt 0.421682 -0.906741 -0.00206064
t 0.284938 0.132853 0.949295
bt 0.422242 -0.906482 -0.00122108
t 0.388623 0.185175 0.902597
bt 0.533618 -0.845725 -0.00147638
t 0.275026 0.130398 0.952553
bt 0.497233 -0.867606 -0.00431843
t 0.352658 0.17035 0.920116
bt 0.62615 -0.779695 -0.00339958
t 0.247676 0.119846 0.961402
bt 0.563801 -0.825894 -0.00528114
t 0.297291 0.1413 0.944274
bt 0.696868 -0.717185 -0.00450276
t 0.203845 0.0998245 0.973901
bt 0.616976 -0.78696 -0.00589928
t 0.216929 0.101147 0.970933
bt 0.743825 -0.668354 -0.00511057
t 0.145958 0.0715035 0.986703
bt 0.655386 -0.755273 -0.00560699
t 0.116931 0.0520382 0.991776
bt 0.771533 -0.636173 -0.00452145
t 0.0767999 0.0366402 0.996373
bt 0.678334 -0.734744 -0.00366559
t 0.00178975 -0.00143632 0.999997
bt 0.779902 -0.625902 -0.000528302
t 0.000871616 -0.000924134 0.999999
bt 0.686103 -0.727504 -3.66508e-05
t -0.113769 -0.0546773 0.992002
bt 0.771598 -0.6361 0.00368265
t -0.0742629 -0.0393965 0.99646
bt 0.678409 -0.73468 0.00246077
t -0.214218 -0.103679 0.971268
bt 0.744059 -0.668104 0.00360126
t -0.144498 -0.0732034 0.986794
bt 0.655616 -0.755085 0.00373851
t -0.252768 -0.189147 0.948858
bt 0.683922 -0.72751 0.0545887
t -0.20272 -0.101286 0.973984
bt 0.617286 -0.786727 0.00419579
t -0.351768 -0.171513 0.920241
bt 0.627322 -0.77876 -9.80625e-06
t -0.247245 -0.120491 0.961432
bt 0.564248 -0.825598 0.0033852
t -0.259412 -0.182138 0.948436
bt 0.680568 -0.729668 0.0664184
t -0.388766 -0.184939 0.902585
bt 0.535132 -0.844765 -0.00230818
t -0.274769 -0.130852 0.952565
bt 0.498118 -0.867109 0.00113511
t -0.401035 -0.186514 0.896874
bt 0.423398 -0.905942 -0.00187265
t -0.284937 -0.132855 0.949295
bt 0.423142 -0.906062 -0.00177995
t -0.391702 -0.178579 0.902596
bt 0.30502 -0.952344 -0.00185078
t -0.276701 -0.126752 0.95256
bt 0.344707 -0.938704 -0.00335543
t -0.35725 -0.160347 0.920142
bt 0.194535 -0.980891 -0.00292387
t -0.251024 -0.112648 0.961404
bt 0.270446 -0.962717 -0.00585723
t -0.299426 -0.13628 0.944337
bt 0.1022 -0.99474 -0.00692004
t -0.207568 -0.0916984 0.973913
bt 0.206174 -0.978499 -0.00561096
t -0.216906 -0.101678 0.970883
bt 0.0339105 -0.999411 -0.00529091
t -0.148559 -0.0660831 0.986693
bt 0.157063 -0.987578 -0.00455094
t -0.115023 -0.0550448 0.991837
bt -0.00868089 -0.999954 -0.00417465
t -0.0775148 -0.0346365 0.996389
bt 0.126707 -0.991937 -0.00237256
t -5.49263e-05 -0.00253571 0.999997
bt -0.0218019 -0.999762 0.000274093
t 0.000191144 -0.00163357 0.999999
bt 0.116303 -0.993214 -5.50165e-05
t 0.115014 0.0515187 0.992027
bt -0.00869197 -0.999954 0.00407686
t 0.0778745 0.0318611 0.996454
bt 0.126761 -0.991929 0.00304792
t 0.21709 0.0982311 0.971197
bt 0.0336888 -0.999423 0.00431334
t 0.149 0.0634046 0.986802
bt 0.156986 -0.987593 0.00406181
t 0.299757 0.133804 0.944586
bt 0.100827 -0.9949 0.00272986
t 0.207969 0.0898765 0.973998
bt 0.205815 -0.978583 0.00399789
t -0.879283 -0.409543 0.243179
bt 0.8992 -0.434776 0.049093
t -0.879067 -0.409938 0.243293
bt 0.900966 -0.431264 0.0476662
t -0.880799 -0.410713 0.235602
bt 0.785351 -0.609183 -0.110091
t -0.880799 -0.410713 0.235602
bt 0.785351 -0.609183 -0.110091
t -0.873893 -0.405225 0.268521
bt 0.99855 -0.0491999 0.0218378
t -0.874318 -0.404616 0.268055
bt 0.998545 -0.049291 0.0218898
t -0.869741 -0.38567 0.307911
bt 0.996141 0.0848637 0.022413
t -0.869499 -0.385954 0.308237
bt 0.996136 0.0849371 0.0223353
t -0.822273 -0.376183 0.427028
bt 0.987008 0.160629 0.00375851
t -0.822228 -0.376211 0.427091
bt 0.98705 0.16036 0.00424893
t -0.842082 -0.416169 0.343076
bt 0.992284 0.122707 -0.0177857
t -0.842082 -0.416169 0.343076
bt 0.992284 0.122707 -0.0177857
t -0.676691 -0.307627 0.668921
bt 0.981975 0.189006 0.00152468
t -0.675679 -0.307694 0.669912
bt 0.981963 0.189067 0.0012852
t -0.464885 -0.0934996 0.880421
bt 0.980365 0.197193 0.000441736
t -0.463283 -0.0931775 0.881298
bt 0.980365 0.197193 0
t 0.554434 0.311211 0.771848
bt 0.981857 0.18962 0.000877894
t 0.553766 0.311285 0.772299
bt 0.98183 0.189758 0.00142102
t 0.464615 0.0934454 0.880568
bt 0.980365 0.197193 0
t 0.464615 0.0934454 0.880568
bt 0.980365 0.197193 0
t 0.791058 0.394069 0.467906
bt 0.9864 0.164332 0.00299243
t 0.790954 0.394125 0.468035
bt 0.986433 0.164144 0.00264861
t 0.851517 0.406177 0.33157
bt 0.993855 0.11058 0.00488395
t 0.851521 0.406173 0.331565
bt 0.993864 0.110504 0.00480286
t 0.870907 0.409725 0.27138
bt 0.999965 -0.00559644 0.00615177
t 0.870975 0.409661 0.271258
bt 0.999965 -0.00591431 0.00594833
t 0.878773 0.410478 0.243447
bt 0.956355 -0.292117 0.00719844
t 0.87851 0.410958 0.243584
bt 0.955966 -0.2934 0.00670656
t 0.880545 0.411258 0.235602
bt 0.789762 -0.603163 0.111677
t 0.880799 0.410713 0.235602
bt 0.788712 -0.604603 0.111298
t 0.878944 0.410283 0.243158
bt -0.248405 -0.967474 0.0478362
t 0.879073 0.409952 0.243248
bt -0.24772 -0.967637 0.0480919
t 0.880799 0.410713 0.235602
bt -0.0452177 -0.992717 -0.111666
t 0.880799 0.410713 0.235602
bt -0.0452177 -0.992717 -0.111666
t 0.872179 0.408887 0.268544
bt -0.602619 -0.797696 0.0230694
t 0.871968 0.409619 0.268112
bt -0.602492 -0.797788 0.0231724
t 0.856703 0.404541 0.320009
bt -0.714547 -0.699532 0.00884031
t 0.856733 0.404343 0.320181
bt -0.714573 -0.699506 0.00880135
t 0.816744 0.388258 0.426831
bt -0.757783 -0.6525 0.00289672
t 0.816709 0.388019 0.427116
bt -0.757799 -0.652482 0.00285407
t 0.671513 0.321884 0.667429
bt -0.776242 -0.630435 0.00024126
t 0.671216 0.321371 0.667975
bt -0.776281 -0.630387 3.29371e-06
t 0.370421 0.295961 0.880452
bt -0.781239 -0.624231 -0.00072441
t 0.369199 0.294985 0.881292
bt -0.781239 -0.624232 0
t -0.595352 -0.225294 0.771231
bt -0.776347 -0.630306 0.00039991
t -0.595042 -0.224808 0.771613
bt -0.776293 -0.630372 7.20654e-05
t -0.370166 -0.295758 0.880627
bt -0.781239 -0.624232 0
t -0.370166 -0.295758 0.880627
bt -0.781239 -0.624232 0
t -0.810606 -0.353878 0.466571
bt -0.759388 -0.650637 0.00152476
t -0.810592 -0.353813 0.466644
bt -0.759265 -0.650781 0.00118441
t -0.858624 -0.390412 0.332179
bt -0.722878 -0.690965 0.0037885
t -0.858617 -0.390468 0.332131
bt -0.723514 -0.690293 0.00476597
t -0.873691 -0.403755 0.271376
bt -0.639172 -0.769034 0.00672742
t -0.873675 -0.403843 0.271299
bt -0.638977 -0.769198 0.00656481
t -0.879315 -0.409335 0.243414
bt -0.390195 -0.920707 0.00685436
t -0.879501 -0.408858 0.243543
bt -0.389396 -0.921047 0.00653587
t -0.880977 -0.410332 0.235601
bt -0.0362237 -0.993299 0.109749
t -0.880799 -0.410713 0.235602
bt -0.0463185 -0.992639 0.1119
t -0.0645281 -0.03009 0.997462
bt 0.42268 -0.906279 -0.000221336
t -0.0625554 -0.0286898 0.997629
bt 0.439343 -0.89832 -7.72265e-05
t -1.57827e-07 1.39363e-07 1
bt 0.422606 -0.906313 6.08328e-07
t -0.0562726 -0.0254645 0.998091
bt 0.454664 -0.890663 -0.000220953
t -0.0459795 -0.0208683 0.998724
bt 0.467795 -0.883837 0.000123372
t -0.0337135 -0.012528 0.999353
bt 0.477759 -0.878491 -0.000938129
t -0.0310322 -0.0174557 0.999366
bt 0.477722 -0.878511 0.000253315
t -0.0161426 -0.00883214 0.999831
bt 0.48399 -0.875074 0.000297042
t -0.000155406 0.000279349 1
bt 0.486101 -0.873902 0
t 0.0163259 0.00850011 0.999831
bt 0.483993 -0.875072 -0.000124045
t 0.0310538 0.0174159 0.999366
bt 0.477723 -0.878511 -0.000246919
t 0.0337137 0.0125276 0.999353
bt 0.47776 -0.87849 0.000995796
t 0.0463397 0.0201872 0.998722
bt 0.467831 -0.883817 0.000698173
t 0.0559427 0.0261115 0.998092
bt 0.454602 -0.890694 -0.000908867
t 0.0627271 0.0283385 0.997628
bt 0.439264 -0.898357 -0.00118602
t 0.0645281 0.03009 0.997462
bt 0.422682 -0.906278 0.000249311
t 0.0623018 0.0292246 0.997629
bt 0.405821 -0.913952 0.000863894
t 0.0559758 0.0260334 0.998093
bt 0.390122 -0.920761 0.00176854
t 0.0460703 0.0205027 0.998728
bt 0.376379 -0.926466 9.45995e-05
t 0.0323048 0.0151228 0.999364
bt 0.365896 -0.930656 -0.000583327
t 0.0164352 0.00852193 0.999829
bt 0.359259 -0.933238 0.000291771
t -8.8113e-05 0.000230624 1
bt 0.357001 -0.934104 0
t -0.0166745 -0.00790093 0.99983
bt 0.359256 -0.933239 -0.000126489
t -0.0322567 -0.0152465 0.999363
bt 0.365911 -0.93065 0.0001443
t -0.0460759 -0.0204893 0.998728
bt 0.376344 -0.92648 0.000657213
t -0.0562319 -0.0254298 0.998094
bt 0.390018 -0.920807 7.74712e-05
t -0.0622563 -0.0293271 0.997629
bt 0.405717 -0.913998 0.000778899
t 0.359084 0.170059 0.917681
bt 0.190901 -0.981609 0.000916425
t 0.39448 0.181631 0.900775
bt 0.300092 -0.95389 -0.00627772
t 0.418585 0.192061 0.887637
bt 0.28803 -0.957552 -0.011501
t 0.381921 0.18021 0.906455
bt 0.174454 -0.98466 0.00329595
t 0.404909 0.188621 0.894691
bt 0.425255 -0.905054 0.00590787
t 0.394818 0.181963 0.90056
bt 0.533722 -0.845651 -0.00398884
t 0.418671 0.193208 0.887348
bt 0.540045 -0.841598 -0.00798578
t 0.429098 0.199775 0.880889
bt 0.42772 -0.903851 0.0104437
t 0.359081 0.168603 0.917951
bt 0.631796 -0.775102 0.00707145
t 0.302501 0.14004 0.942805
bt 0.700009 -0.714133 -0.00112146
t 0.324081 0.148132 0.93436
bt 0.716875 -0.697201 -0.000974024
t 0.380807 0.180334 0.906899
bt 0.647127 -0.7623 0.0111507
t 0.216525 0.105191 0.970594
bt 0.747795 -0.663928 0.00142569
t 0.120143 0.0508427 0.991454
bt 0.77457 -0.632486 0.00145622
t 0.131955 0.0527916 0.989849
bt 0.792831 -0.609442 0.000609121
t 0.228576 0.115519 0.966648
bt 0.765879 -0.642981 0.00212085
t -0.0047253 0.0037559 0.999982
bt 0.782962 -0.62207 -3.64582e-05
t -0.111615 -0.0579075 0.992063
bt 0.774552 -0.632507 -0.00175871
t -0.115995 -0.0652565 0.991104
bt 0.792903 -0.609346 -0.00158003
t -0.00877064 0.00654563 0.99994
bt 0.80133 -0.598222 0
t -0.222559 -0.0994637 0.969832
bt 0.747531 -0.664227 0.000316804
t -0.299308 -0.143552 0.943296
bt 0.701385 -0.71277 -0.00424668
t -0.316882 -0.15572 0.935594
bt 0.718358 -0.695656 -0.00484584
t -0.240053 -0.105357 0.965026
bt 0.765159 -0.643836 0.00246947
t -0.360536 -0.166523 0.917761
bt 0.628219 -0.778027 0.00394287
t -0.394503 -0.182419 0.900606
bt 0.538043 -0.84289 -0.00685523
t -0.417928 -0.194208 0.887479
bt 0.547268 -0.83691 -0.00886964
t -0.383659 -0.176447 0.906461
bt 0.640322 -0.768061 0.00834405
t -0.404761 -0.188749 0.89473
bt 0.419775 -0.907607 0.00620201
t -0.394259 -0.182275 0.900742
bt 0.304873 -0.952384 -0.00420153
t -0.418096 -0.193504 0.887554
bt 0.297592 -0.95466 -0.00793175
t -0.428858 -0.200015 0.880951
bt 0.417482 -0.908625 0.0104869
t -0.359812 -0.167463 0.917873
bt 0.18857 -0.982048 0.0047855
t -0.301336 -0.144709 0.942473
bt 0.0969942 -0.995284 -0.00102486
t -0.321525 -0.15517 0.934101
bt 0.0745985 -0.997202 -0.00478166
t -0.38297 -0.175958 0.906848
bt 0.170129 -0.985402 0.00623343
t -0.219668 -0.0980925 0.970631
bt 0.0276501 -0.999615 0.00245339
t -0.116278 -0.0593815 0.99144
bt -0.0132718 -0.999912 0.000715086
t -0.125255 -0.0672215 0.989845
bt -0.0427486 -0.999086 0.000227051
t -0.235419 -0.10054 0.96668
bt 0.00031026 -0.999998 0.0021076
t 0.000162519 0.00604253 0.999982
bt -0.0267015 -0.999643 -5.47272e-05
t 0.116205 0.0484915 0.992041
bt -0.0134311 -0.999908 -0.0020833
t 0.124548 0.0469382 0.991103
bt -0.0429065 -0.999078 -0.00151422
t 0.000622176 0.010947 0.99994
bt -0.0567992 -0.998386 0
t 0.21936 0.106611 0.969802
bt 0.0283365 -0.999598 0.000532985
t 0.30206 0.139276 0.94306
bt 0.0948143 -0.99548 -0.00554429
t 0.322688 0.145173 0.935306
bt 0.0712787 -0.997446 -0.00459286
t 0.235004 0.116136 0.965032
bt 0.00148721 -0.999995 0.00272634
t 0.796353 0.297084 0.526843
bt 0.0620485 -0.997625 0.0299226
t 0.794066 0.305591 0.525427
bt 0.218452 -0.966732 0.133068
t -0.682739 -0.426954 0.59294
bt 0.796785 -0.577975 0.17629
t -0.341529 -0.091794 0.935378
bt 0.716937 -0.690661 -0.0948099
t -0.366969 -0.0622995 0.928145
bt 0.710234 -0.701649 -0.0570693
t -0.657541 -0.451221 0.603357
bt 0.863385 -0.49703 0.0867669
t 0.659977 0.448936 0.602401
bt 0.863747 -0.496497 -0.0862055
t 0.68147 0.428212 0.593493
bt 0.795278 -0.579503 -0.178071

