g sponza_131
t 0 -0.857414 0.514627
bt 0 -0.515238 -0.857047
t 0 -0.853335 0.521363
bt 0 -0.498598 -0.866833
t 0 -0.858707 0.512467
bt 0 -0.513773 -0.857926
t 0 -0.858441 0.512912
bt 0 -0.513127 -0.858312
t 0 -0.860975 0.508648
bt 0 -0.511626 -0.859208
t 0 -0.860696 0.50912
bt 0 -0.509665 -0.860373
t 0 -0.860682 0.509143
bt 0 -0.511784 -0.859114
t 0 -0.860656 0.509186
bt 0 -0.51047 -0.859895
t 0 -0.858249 0.513234
bt 0 -0.508254 -0.861207
t 0 -0.858249 0.513234
bt 0 -0.508254 -0.861207
t 0 -0.859695 0.510808
bt 0 -0.51048 -0.85989
t 0 -0.859636 0.510908
bt 0 -0.510782 -0.85971
t 0 -0.858692 0.512492
bt 0 -0.509521 -0.860458
t 0 -0.859874 0.510507
bt 0 -0.509572 -0.860428
t 0.999999 0.00111318 -0.0005691
bt -0.00188073 0.890389 -0.455196
t 0.999998 0.00182693 -0.000933985
bt -0.00483248 0.89038 -0.455192
t 0.999998 0.00188164 -8.92822e-05
bt 0 0.998876 -0.0473958
t 0.999998 0.00188164 -8.92822e-05
bt 0 0.998876 -0.0473958
t 1 0 0
bt -0.00548391 0.758291 -0.651893
t 1 0 0
bt -0.00548391 0.758291 -0.651893
t 1 0 0
bt 0 -0.654477 0.756082
t 0.999998 -0.00187953 0.00119606
bt 0 -0.843661 0.536875
t 1 0 0
bt 0 -0.843661 0.536875
t 1 0 0
bt -0.00236445 -0.654475 0.75608
t 1 0.000570989 0.000225271
bt 0 0.930217 0.36701
t 0.999998 0.00194648 0.00076797
bt 0 0.930217 0.36701
t 1 0 0
bt 0 0.621734 0.783229
t 1 0 0
bt 0 0.621734 0.783229
t 1 0 0
bt 0 0.885204 0.465202
t 0.999998 0.00187261 0.000984114
bt -0.00159479 0.885203 0.465202
t 1 0 0
bt 0 0.885204 0.465202
t 1 0 0
bt 0 0.885204 0.465202
t 0.999998 -0.00104136 0.00186701
bt -0.00393471 -0.487116 0.873329
t 1 0 0
bt 0 -0.48712 0.873335
t 0.999998 -0.00104136 0.00186701
bt -0.00393471 -0.487116 0.873329
t 0.999998 -0.00104136 0.00186701
bt -0.00393471 -0.487116 0.873329
t 0 0.143369 -0.989669
bt 0 -0.986891 -0.161389
t 0 0.139696 -0.990194
bt 0 -0.990621 -0.136637
t 0 0.141966 -0.989872
bt 0 -0.987865 -0.155317
t 0 0.143369 -0.989669
bt 0 -0.986891 -0.161389
t 0 0.138975 -0.990296
bt 0 -0.990421 -0.138084
t 0 0.138385 -0.990379
bt 0 -0.990547 -0.137173
t 0 0.138655 -0.990341
bt 0 -0.990369 -0.13845
t 0 0.139219 -0.990262
bt 0 -0.99051 -0.13744
t 0 0.139737 -0.990189
bt 0 -0.990574 -0.136976
t 0 0.139737 -0.990189
bt 0 -0.990574 -0.136976
t 0 0.138101 -0.990418
bt 0 -0.990068 -0.140587
t 0 0.138422 -0.990373
bt 0 -0.990393 -0.138284
t 0 0.137161 -0.990549
bt 0 -0.990268 -0.139177
t 0 0.137161 -0.990549
bt 0 -0.990268 -0.139177
t 0.999998 0.000360265 0.00186161
bt 0 0.189999 0.981784
t 1 0 0
bt -0.00231682 -0.209901 0.97772
t 0.999999 -0.000258096 0.00120225
bt -0.00231682 -0.209901 0.97772
t 0.999999 0.000234607 0.00121226
bt 0 0.189999 0.981784

