g sponza_52
t 3.94264e-06 0 -1
bt 1 0 0
t 1.18197e-05 0 -1
bt 1 0 0
t 0 0 -1
bt 0.866038 0.499978 0
t 0 0 -1
bt 0.866038 0.499978 0
t 0 0 -1
bt 0.500014 0.866017 0
t 0 0 -1
bt 0.500014 0.866017 0
t 0 0 -1
bt 0 1 0
t 0 0 -1
bt 0 1 0
t 0 0 -1
bt -0.258808 0.965929 0
t 0 0 -1
bt -0.258808 0.965929 0
t 0 0 -1
bt 0.866017 0.500014 0
t 0 0 -1
bt 0.866017 0.500014 0
t 0 0 -1
bt 0.500014 0.866017 0
t 0 0 -1
bt 0.500014 0.866017 0
t 0 0 -1
bt 1 0 0
t 0 0 -1
bt 1 0 0
t 0 0 -1
bt 0.965929 -0.258808 0
t 0 0 -1
bt 0.965929 -0.258808 0
t 5.91397e-06 -3.41433e-06 -1
bt 0.866021 -0.500008 0
t 0 0 -1
bt 0.866038 -0.499978 0
t 0 0 -1
bt 0.500014 -0.866017 0
t 0 0 -1
bt 0.500014 -0.866017 0
t 0 0 -1
bt 0 -1 0
t 0 0 -1
bt 0 -1 0
t 0 0 -1
bt -0.258808 -0.965929 0
t 0 0 -1
bt -0.258808 -0.965929 0
t 0 0 -1
bt 0 -1 0
t 0 0 -1
bt 0 -1 0
t 0 0 -1
bt 0.500008 -0.866021 0
t 0 0 -1
bt 0.500008 -0.866021 0
t 0 0 -1
bt 0.866017 -0.500014 0
t 0 0 -1
bt 0.866017 -0.500014 0
t 0 0 -1
bt 1 0 0
t 0 0 -1
bt 1 0 0
t 0 0 -1
bt 0.965929 0.258808 0
t 0 0 -1
bt 0.965929 0.258808 0
t 0 0 -1
bt 0 1 0
t 0 0 -1
bt 0 1 0
t 0 0 -1
bt -0.866021 0.500008 0
t 0 0 -1
bt -0.866021 0.500008 0
t 0 0 -1
bt -1 0 0
t 0 0 -1
bt -1 0 0
t 0 0 -1
bt -0.500014 0.866017 0
t 0 0 -1
bt -0.500014 0.866017 0
t 0 0 -1
bt 0 1 0
t 0 0 -1
bt 0 1 0
t 0 0 -1
bt 0.258808 0.965929 0
t 0 0 -1
bt 0.258808 0.965929 0
t 0 0 -1
bt 0 1 0
t 0 0 -1
bt 0 1 0
t 0 0 -1
bt -0.500014 0.866017 0
t 0 0 -1
bt -0.500014 0.866017 0
t 0 0 -1
bt -0.866017 0.500014 0
t 0 0 -1
bt -0.866017 0.500014 0
t 0 0 -1
bt -1 0 0
t 0 0 -1
bt -1 0 0
t 0 0 -1
bt -0.965929 -0.258808 0
t 0 0 -1
bt -0.965929 -0.258808 0
t 0 0 -1
bt -0.866021 -0.500008 0
t 0 0 -1
bt -0.866021 -0.500008 0
t 0 0 -1
bt -0.500014 -0.866017 0
t 0 0 -1
bt -0.500014 -0.866017 0
t 0 0 -1
bt 0 -1 0
t 0 0 -1
bt 0 -1 0
t 0 0 -1
bt 0.258808 -0.965929 0
t 0 0 -1
bt 0.258808 -0.965929 0
t 0 0 -1
bt -0.866017 -0.500014 0
t 0 0 -1
bt -0.866017 -0.500014 0
t 0 0 -1
bt -0.500014 -0.866017 0
t 0 0 -1
bt -0.500014 -0.866017 0
t 0 0 -1
bt -1 0 0
t 0 0 -1
bt -1 0 0
t 0 0 -1
bt -0.965929 0.258808 0
t 0 0 -1
bt -0.965929 0.258808 0
t -0.818232 -0.574889 0
bt -0.576009 0.817443 0
t -0.817849 -0.575432 0
bt -0.572291 0.820051 0
t -0.817977 -0.575251 0
bt -0.574567 0.818458 0
t -0.817974 -0.575256 0
bt -0.575991 0.817456 0
t -0.817802 -0.575499 0
bt -0.574943 0.818194 0
t -0.818136 -0.575025 0
bt -0.573753 0.819028 0
t -0.817175 -0.576389 0
bt -0.580134 0.814521 0
t -0.817098 -0.576498 0
bt -0.573089 0.819493 0
t -0.816193 -0.577779 0
bt -0.575396 0.817875 0
t -0.816136 -0.577859 0
bt -0.575942 0.817491 0
t -0.817618 -0.575762 0
bt -0.575244 0.817982 0
t -0.817326 -0.576175 0
bt -0.574978 0.818169 0
t -0.818185 -0.574955 0
bt -0.574768 0.818316 0
t -0.818549 -0.574436 0
bt -0.575267 0.817966 0
t -0.819239 -0.573453 0
bt -0.57396 0.818883 0
t -0.819792 -0.572661 0
bt -0.575405 0.817868 0
t -0.819602 -0.572933 0
bt -0.574191 0.818722 0
t -0.819101 -0.57365 0
bt -0.571779 0.820408 0
t -0.818033 -0.575171 0
bt -0.573335 0.819321 0
t -0.817347 -0.576146 0
bt -0.577469 0.816413 0
t -0.818828 -0.574039 0
bt -0.57152 0.820588 0
t -0.817877 -0.575392 0
bt -0.576475 0.817115 0
t -0.817847 -0.575436 0
bt -0.576658 0.816985 0
t -0.817902 -0.575358 0
bt -0.575168 0.818035 0
t -0.818531 -0.574462 0
bt -0.575126 0.818065 0
t -0.817231 -0.57631 0
bt -0.573396 0.819279 0
t -0.817864 -0.575411 0
bt -0.574451 0.818539 0
t -0.819149 -0.573581 0
bt -0.575498 0.817803 0
t -0.821772 -0.569816 0
bt -0.574596 0.818437 0
t -0.818834 -0.574031 0
bt -0.575758 0.81762 0
t -0.81757 -0.575829 0
bt -0.575425 0.817855 0
t -0.817823 -0.575469 0
bt -0.575274 0.817961 0
t -0.818747 -0.574154 0
bt -0.575064 0.818108 0
t -0.818789 -0.574094 0
bt -0.574947 0.818191 0
t -0.817904 -0.575355 0
bt -0.57418 0.818729 0
t -0.817996 -0.575224 0
bt -0.574746 0.818332 0
t -0.819276 -0.5734 0
bt -0.573446 0.819243 0
t -0.81821 -0.574919 0
bt -0.574106 0.818781 0
t -0.819501 -0.573078 0
bt -0.574631 0.818412 0
t -0.819139 -0.573595 0
bt -0.573826 0.818977 0
t -0.81997 -0.572406 0
bt -0.571096 0.820883 0
t -0.818104 -0.57507 0
bt -0.572031 0.820232 0
t -0.818552 -0.574432 0
bt -0.572914 0.819615 0
t -0.816466 -0.577393 0
bt -0.577381 0.816475 0
t -0.816696 -0.577068 0
bt -0.575629 0.817711 0
t -0.817693 -0.575655 0
bt -0.573255 0.819377 0
t -0.817687 -0.575663 0
bt -0.573293 0.819351 0
t -0.81668 -0.577091 0
bt -0.575651 0.817695 0

