g sponza_90
t 0 0 1
bt -0.0972954 -0.995253 -0.00227914
t 0 0 1
bt -0.0972956 -0.995256 0
t 0 0 1
bt -0.164705 -0.986342 -0.00152295
t 0 0 1
bt -0.172904 -0.984938 -0.00144448
t -1 0 0
bt 0.0019517 -0.992869 -0.119196
t -1 0 0
bt 0.00172457 -0.97802 -0.208503
t -1 0 0
bt 0.00129701 -0.978021 -0.208503
t -1 0 0
bt 0.0019517 -0.992869 -0.119196
t -1 0 0
bt -0.000207678 -1 0
t -1 0 0
bt 0.000172958 -1 0
t -1 0 0
bt -0.000207678 -1 0
t -1 0 0
bt -0.000207678 -1 0
t 0 0 -1
bt 0 -1 -0.000342686
t 0 0 -1
bt 0 -1 0
t 0 0 -1
bt 0 -1 -0.000342686
t 0 0 -1
bt 0 -1 -0.000342686
t 0 0 1
bt -0.678484 -0.734058 0.0286163
t 0 0 1
bt -0.674627 -0.729886 0.110205
t 0 0 1
bt -0.678484 -0.734058 0.0286163
t 0 0 1
bt -0.678484 -0.734058 0.0286163
t -1 0 0
bt 0.512677 -0.567516 -0.644273
t -1 0 0
bt -0.504359 -0.570763 -0.647959
t -1 0 0
bt 0.512677 -0.567516 -0.644273
t -1 0 0
bt 0.512677 -0.567516 -0.644273
t 0 0 1
bt 0.564881 -0.825172 0.00131175
t 0 0 1
bt 0.564881 -0.825172 0
t 0 0 1
bt 0.564881 -0.825172 0.00131175
t 0 0 1
bt 0.564881 -0.825172 0.00131175
t -1 0 0
bt -0.000464597 -0.765378 0.643581
t -1 0 0
bt 0.000509357 -0.765378 0.643581
t -1 0 0
bt -0.000464597 -0.765378 0.643581
t -1 0 0
bt -0.000464597 -0.765378 0.643581
t 0 0 1
bt -0.606773 -0.794865 0.00399919
t 0 0 1
bt -0.606778 -0.794871 0
t 0 0 1
bt -0.606773 -0.794865 0.00399919
t 0 0 1
bt -0.606773 -0.794865 0.00399919
t -1 0 0
bt -0.00297228 -0.729487 -0.683988
t -1 0 0
bt -0.00690278 -0.729473 -0.683975
t -1 0 0
bt -0.00297228 -0.729487 -0.683988
t -1 0 0
bt -0.00297228 -0.729487 -0.683988
t 0 0 1
bt 0.606776 -0.794869 -0.00234965
t 0 0 1
bt 0.606778 -0.794871 0
t 0 0 1
bt 0.606776 -0.794869 -0.00234965
t 0 0 1
bt 0.606776 -0.794869 -0.00234965
t -1 0 0
bt 0.00195989 -0.729489 0.68399
t -1 0 0
bt 0.00825239 -0.729466 0.683968
t -1 0 0
bt 0.00195989 -0.729489 0.68399
t -1 0 0
bt 0.00195989 -0.729489 0.68399
t 0 0 1
bt -0.313106 -0.949718 -1.12214e-05
t 0 0 1
bt -0.298895 -0.954286 7.94462e-05
t 0 0 1
bt -0.365089 -0.930973 -0.000135932
t 0 0 1
bt -0.365089 -0.930973 -0.000135932
t -1 0 0
bt 0.000287273 -0.928394 -0.371597
t -1 0 0
bt -0.000337138 -0.900949 -0.433924
t -1 0 0
bt 0.00041525 -0.900949 -0.433924
t -1 0 0
bt 0.000267984 -0.928394 -0.371597
t -0.593221 0.152306 0.790501
bt -0.0543613 -0.947141 -0.316178
t -0.658685 -0.206674 0.723478
bt -0.0990867 -0.956254 -0.275246
t -0.551878 0.339366 0.761749
bt -0.0192782 -0.975859 -0.217548
t -0.551878 0.339366 0.761749
bt -0.0192782 -0.975859 -0.217548
t -0.635916 0.321476 -0.701615
bt 0.176437 -0.983955 -0.0265147
t -0.57127 -0.217238 -0.791491
bt 0.273772 -0.959784 -0.062162
t -0.652914 0.143249 -0.743762
bt 0.26883 -0.96141 -0.0584823
t -0.635916 0.321476 -0.701615
bt 0.176437 -0.983955 -0.0265147
t -0.610918 -0.246164 0.752451
bt -0.0100364 -0.999741 0.0204054
t -0.590714 -0.34702 0.728447
bt 0.00110884 -0.999977 0.00671626
t -0.610812 -0.246163 0.752537
bt -0.010034 -0.999741 0.0204073
t -0.610812 -0.246163 0.752537
bt -0.010034 -0.999741 0.0204073
t -0.612679 -0.24802 -0.750407
bt -0.0166574 -0.999785 -0.0123807
t -0.586941 -0.374563 -0.717776
bt -0.00549719 -0.999984 0.00132625
t -0.612545 -0.248021 -0.750516
bt -0.0167313 -0.999784 -0.0123205
t -0.612487 -0.248021 -0.750563
bt -0.0167304 -0.999784 -0.0123213
t -0.837785 0.404593 0.366634
bt 0.100163 -0.5723 0.813904
t -0.821309 0.564068 0.0853179
bt 0.0624695 -0.553969 0.830191
t -0.837785 0.404593 0.366634
bt 0.100163 -0.5723 0.813904
t -0.837785 0.404593 0.366634
bt 0.100163 -0.5723 0.813904
t -0.339421 0.291607 -0.894292
bt -0.758078 -0.641265 0.118728
t 0.01514 0.52946 -0.8482
bt -0.762947 -0.63759 0.106731
t -0.339421 0.291607 -0.894292
bt -0.758078 -0.641265 0.118728
t -0.339421 0.291607 -0.894292
bt -0.758078 -0.641265 0.118728
t -0.648203 -0.0156364 0.761307
bt -0.501914 -0.568045 -0.652233
t -0.631335 -6.24433e-07 0.77551
bt -0.522261 -0.570861 -0.63353
t -0.648237 -0.0155743 0.761279
bt -0.501884 -0.568098 -0.652209
t -0.648237 -0.0155743 0.761279
bt -0.501884 -0.568098 -0.652209
t -0.631406 -2.96161e-05 -0.775453
bt 0.515092 -0.569969 -0.640168
t -0.631446 6.99381e-06 -0.77542
bt 0.522204 -0.570909 -0.633534
t -0.631406 -2.96161e-05 -0.775453
bt 0.515092 -0.569969 -0.640168
t -0.631406 -2.96161e-05 -0.775453
bt 0.515092 -0.569969 -0.640168
t -0.831334 -0.301402 0.466948
bt -0.101398 -0.526523 -0.844092
t -0.631269 -4.01663e-05 0.775564
bt -0.0317457 -0.493603 -0.869108
t -0.831376 -0.301339 0.466913
bt -0.101403 -0.526515 -0.844097
t -0.831376 -0.301339 0.466913
bt -0.101403 -0.526515 -0.844097
t -0.25659 -0.323811 -0.910663
bt 0.797614 -0.592857 -0.111054
t -0.631361 5.92685e-05 -0.775489
bt 0.809802 -0.581812 -0.0755945
t -0.256577 -0.323792 -0.910674
bt 0.797573 -0.592918 -0.111022
t -0.25659 -0.323811 -0.910663
bt 0.797614 -0.592857 -0.111054
t -0.631253 6.51472e-05 0.775577
bt 0.0331379 -0.487047 0.872747
t -0.865393 0.454555 0.210889
bt 0.0117578 -0.476441 0.879128
t -0.631253 6.51472e-05 0.775577
bt 0.0331379 -0.487047 0.872747
t -0.631253 6.51472e-05 0.775577
bt 0.0331379 -0.487047 0.872747
t -0.631353 -7.26644e-05 -0.775495
bt -0.826422 -0.561764 0.0380632
t -0.0192692 0.460539 -0.88743
bt -0.829829 -0.557424 0.0257461
t -0.631385 -2.44238e-05 -0.77547
bt -0.826463 -0.5617 0.0380969
t -0.631385 -2.44238e-05 -0.77547
bt -0.826463 -0.5617 0.0380969
t -0.742026 -0.356066 0.567991
bt -0.0621327 -0.755082 -0.65268
t -0.720187 -0.243828 0.649522
bt -0.0801014 -0.76447 -0.639664
t -0.715172 -0.363601 0.596928
bt -0.0418822 -0.813936 -0.579444
t -0.708385 -0.320603 0.628811
bt -0.0376776 -0.819901 -0.571264
t -0.435363 -0.369149 -0.82109
bt 0.494077 -0.86699 -0.0649339
t -0.502096 -0.22568 -0.834846
bt 0.562791 -0.820454 -0.100608
t -0.404215 -0.357543 -0.841887
bt 0.570529 -0.816615 -0.087393
t -0.473202 -0.318598 -0.821325
bt 0.485471 -0.872158 -0.0604851
t -0.659564 -0.222683 0.717905
bt 0.0130292 -0.917714 -0.397027
t -1 0 0.000150924
bt -0.000471476 0 1
t -1 0 0
bt -0.0330648 0 0.999453
t -0.999977 0 -0.00673777
bt -0.000471476 0 1
t -0.999987 0 -0.00505329
bt -0.000353607 0 1
t -0.999786 0 -0.0206651
bt 0 0 1
t -1 0 0
bt 0 0 1
t 0 0 -1
bt 0.0972956 -0.995256 0
t 0 0 -1
bt 0.172904 -0.984936 0.00225006
t 0 0 -1
bt 0.164705 -0.986343 0
t 0 0 -1
bt 0.0972956 -0.995256 0
t 0 0 1
bt 0 -1 0
t 0 0 1
bt 0 -1 -0.000342686
t 0 0 1
bt 0 -1 0
t 0 0 1
bt 0 -1 0
t 0 0 -1
bt 0.579906 -0.627498 -0.519571
t 0 0 -1
bt 0.525962 -0.569127 -0.632028
t 0 0 -1
bt 0.579906 -0.627498 -0.519571
t 0 0 -1
bt 0.579906 -0.627498 -0.519571
t 0 0 -1
bt -0.564881 -0.825172 0
t 0 0 -1
bt -0.56488 -0.825171 -0.00184186
t 0 0 -1
bt -0.564881 -0.825172 0
t 0 0 -1
bt -0.564881 -0.825172 0
t 0 0 -1
bt 0.606778 -0.794871 0
t 0 0 -1
bt 0.606761 -0.794848 -0.0075971
t 0 0 -1
bt 0.606778 -0.794871 0
t 0 0 -1
bt 0.606778 -0.794871 0
t 0 0 -1
bt -0.606778 -0.794871 0
t 0 0 -1
bt -0.606753 -0.794838 0.00918028
t 0 0 -1
bt -0.606778 -0.794871 0
t 0 0 -1
bt -0.606778 -0.794871 0
t 0 0 -1
bt 0.313106 -0.949718 8.03317e-05
t 0 0 -1
bt 0.365089 -0.930973 -0.000135931
t 0 0 -1
bt 0.365089 -0.930973 0
t 0 0 -1
bt 0.298895 -0.954286 0
t 1 0 0
bt -0.00318434 0 -0.999995
t 1 0 0
bt -0.00890505 0 -0.99996
t 1 0 0
bt 0 0 -1
t 1 0 0
bt 0 0 -1
t 1 0 0
bt -0.026713 0 -0.999643
t 1 0 0
bt -0.026713 0 -0.999643

