g sponza_197
t 0 -0.85333 -0.521372
bt 0 -0.498691 0.86678
t 0 -0.858733 -0.512423
bt 0 -0.513798 0.857911
t 0 -0.85599 -0.516993
bt 0 -0.502754 0.864429
t 0 -0.85333 -0.521372
bt 0 -0.498691 0.86678
t 0 -0.860691 -0.509127
bt 0 -0.511789 0.859111
t 0 -0.860706 -0.509102
bt 0 -0.50967 0.86037
t 0 -0.860994 -0.508616
bt 0 -0.511635 0.859203
t 0 -0.860661 -0.509178
bt 0 -0.51048 0.859889
t 0 -0.858233 -0.51326
bt 0 -0.508255 0.861207
t 0 -0.858233 -0.51326
bt 0 -0.508255 0.861207
t 0 -0.859601 -0.510966
bt 0 -0.510958 0.859606
t 0 -0.859645 -0.510892
bt 0 -0.510769 0.859718
t 0 -0.858681 -0.512511
bt 0 -0.509541 0.860446
t 0 -0.858681 -0.512511
bt 0 -0.509541 0.860446
t 0.999998 0.00188163 8.92818e-05
bt 0 0.998876 0.0473958
t 0.999998 0.00182686 0.000933951
bt -0.0048325 0.89038 0.455192
t 0.999999 0.00111317 0.000569091
bt -0.00188083 0.890389 0.455196
t 0.999998 0.00188163 8.92818e-05
bt 0 0.998876 0.0473958
t 1 0 0
bt -0.00548415 0.758291 0.651893
t 1 0 0
bt -0.00548415 0.758291 0.651893
t 1 0 0
bt 0 -0.843707 -0.536804
t 0.999998 -0.00187954 -0.00119585
bt 0 -0.843707 -0.536804
t 1 0 0
bt 0 -0.654477 -0.756082
t 1 0 0
bt -0.00236449 -0.654475 -0.75608
t 1 0 0
bt 0 0.621734 -0.783229
t 0.999998 0.0019463 -0.0007679
bt 0 0.930217 -0.36701
t 1 0.000570996 -0.000225274
bt 0 0.930217 -0.36701
t 1 0 0
bt 0 0.621734 -0.783229
t 1 0 0
bt 0 0.885204 -0.465202
t 0.999998 0.00187254 -0.000984078
bt -0.0015949 0.885203 -0.465202
t 1 0 0
bt 0 0.885204 -0.465202
t 1 0 0
bt 0 0.885204 -0.465202
t 0.999998 -0.00104129 -0.00186689
bt -0.00393498 -0.487116 -0.873329
t 1 0 0
bt 0 -0.48712 -0.873335
t 0.999998 -0.00104129 -0.00186689
bt -0.00393498 -0.487116 -0.873329
t 0.999998 -0.00104129 -0.00186689
bt -0.00393498 -0.487116 -0.873329
t 0 0.139984 0.990154
bt 0 -0.991058 0.13343
t 0 0.143392 0.989666
bt 0 -0.986915 0.161243
t 0 0.139708 0.990193
bt 0 -0.99062 0.136649
t 0 0.139717 0.990191
bt 0 -0.990996 0.133895
t 0 0.138667 0.990339
bt 0 -0.990367 0.138465
t 0 0.138382 0.990379
bt 0 -0.990545 0.13719
t 0 0.138978 0.990295
bt 0 -0.990419 0.138093
t 0 0.139223 0.990261
bt 0 -0.990511 0.137435
t 0 0.139734 0.990189
bt 0 -0.990579 0.136946
t 0 0.139734 0.990189
bt 0 -0.990579 0.136946
t 0 0.138054 0.990425
bt 0 -0.990362 0.138506
t 0 0.138439 0.990371
bt 0 -0.99039 0.1383
t 0 0.13712 0.990554
bt 0 -0.990268 0.139174
t 0 0.136901 0.990585
bt 0 -0.990275 0.139126
t 0.999999 -0.000258066 -0.00120211
bt -0.00231691 -0.209901 -0.97772
t 1 0 0
bt -0.00231691 -0.209901 -0.97772
t 0.999998 0.000360234 -0.00186144
bt 0 0.189999 -0.981784
t 0.999999 0.000234579 -0.00121212
bt 0 0.189999 -0.981784

