g sponza_109
t 0 0 1
bt -0.0972954 -0.995253 -0.00227915
t 0 0 1
bt -0.0972956 -0.995256 0
t 0 0 1
bt -0.164705 -0.986342 -0.00152296
t 0 0 1
bt -0.172904 -0.984938 -0.00144448
t -1 0 0
bt 0.00198118 -0.992869 -0.119196
t -1 0 0
bt 0.00171994 -0.97802 -0.208503
t -1 0 0
bt 0.00131337 -0.978021 -0.208503
t -1 0 0
bt 0.00198118 -0.992869 -0.119196
t -1 0 0
bt -0.000239116 -1 0
t -1 0 0
bt 0.000284394 -1 0
t -1 0 0
bt -0.000239116 -1 0
t -1 0 0
bt -0.000239116 -1 0
t 0 0 -1
bt 0 -1 -0.000342686
t 0 0 -1
bt 0 -1 0
t 0 0 -1
bt 0 -1 -0.000342686
t 0 0 -1
bt 0 -1 -0.000342686
t 0 0 1
bt -0.678484 -0.734058 0.0286151
t 0 0 1
bt -0.674628 -0.729886 0.110201
t 0 0 1
bt -0.678484 -0.734058 0.0286151
t 0 0 1
bt -0.678484 -0.734058 0.0286151
t -1 0 0
bt 0.51263 -0.567535 -0.644294
t -1 0 0
bt -0.504357 -0.570764 -0.64796
t -1 0 0
bt 0.51263 -0.567535 -0.644294
t -1 0 0
bt 0.51263 -0.567535 -0.644294
t 0 0 1
bt 0.564881 -0.825172 0.00131175
t 0 0 1
bt 0.564881 -0.825172 0
t 0 0 1
bt 0.564881 -0.825172 0.00131175
t 0 0 1
bt 0.564881 -0.825172 0.00131175
t -1 0 0
bt -0.00047049 -0.765378 0.643581
t -1 0 0
bt 0.000509355 -0.765378 0.643581
t -1 0 0
bt -0.00047049 -0.765378 0.643581
t -1 0 0
bt -0.00047049 -0.765378 0.643581
t 0 0 1
bt -0.606821 -0.794828 0.00399898
t 0 0 1
bt -0.606826 -0.794834 0
t 0 0 1
bt -0.606821 -0.794828 0.00399898
t 0 0 1
bt -0.606821 -0.794828 0.00399898
t -1 0 0
bt -0.00306883 -0.729487 -0.683988
t -1 0 0
bt -0.00679814 -0.729474 -0.683975
t -1 0 0
bt -0.00306883 -0.729487 -0.683988
t -1 0 0
bt -0.00306883 -0.729487 -0.683988
t 0 0 1
bt 0.606825 -0.794832 -0.00234958
t 0 0 1
bt 0.606826 -0.794834 0
t 0 0 1
bt 0.606825 -0.794832 -0.00234958
t 0 0 1
bt 0.606825 -0.794832 -0.00234958
t -1 0 0
bt 0.00189262 -0.729489 0.68399
t -1 0 0
bt 0.00815753 -0.729466 0.683968
t -1 0 0
bt 0.00189262 -0.729489 0.68399
t -1 0 0
bt 0.00189262 -0.729489 0.68399
t 0 0 1
bt -0.313106 -0.949718 -1.12192e-05
t 0 0 1
bt -0.298895 -0.954286 7.94472e-05
t 0 0 1
bt -0.365089 -0.930973 -0.00013593
t 0 0 1
bt -0.365089 -0.930973 -0.00013593
t -1 0 0
bt 0.00027504 -0.928394 -0.371597
t -1 0 0
bt -0.000366937 -0.90095 -0.433924
t -1 0 0
bt 0.000378691 -0.90095 -0.433924
t -1 0 0
bt 0.000240171 -0.928394 -0.371597
t -0.593221 0.152307 0.790501
bt -0.0543609 -0.947141 -0.316178
t -0.658684 -0.206671 0.723479
bt -0.0990902 -0.956255 -0.275242
t -0.551878 0.339365 0.761749
bt -0.0192761 -0.975859 -0.217551
t -0.551878 0.339365 0.761749
bt -0.0192761 -0.975859 -0.217551
t -0.635917 0.321473 -0.701616
bt 0.176443 -0.983954 -0.0265069
t -0.571157 -0.217234 -0.791574
bt 0.273764 -0.959787 -0.06214
t -0.652809 0.143273 -0.74385
bt 0.268822 -0.961414 -0.0584617
t -0.635917 0.321473 -0.701616
bt 0.176443 -0.983954 -0.0265069
t -0.610919 -0.246159 0.752452
bt -0.0100366 -0.999741 0.0204056
t -0.590709 -0.347039 0.728441
bt 0.00109669 -0.999977 0.00673119
t -0.610813 -0.246158 0.752538
bt -0.0100343 -0.999741 0.0204076
t -0.610813 -0.246158 0.752538
bt -0.0100343 -0.999741 0.0204076
t -0.612577 -0.247997 -0.750497
bt -0.0166118 -0.999786 -0.0123293
t -0.586823 -0.37463 -0.717837
bt -0.00549572 -0.999984 0.0013274
t -0.612636 -0.247997 -0.75045
bt -0.0166127 -0.999786 -0.0123286
t -0.612683 -0.247996 -0.750411
bt -0.016614 -0.999786 -0.0123275
t -0.837785 0.404594 0.366633
bt 0.100161 -0.572299 0.813905
t -0.821308 0.564069 0.0853146
bt 0.0624759 -0.553972 0.830188
t -0.837785 0.404594 0.366633
bt 0.100161 -0.572299 0.813905
t -0.837785 0.404594 0.366633
bt 0.100161 -0.572299 0.813905
t -0.339435 0.291596 -0.894291
bt -0.758078 -0.641265 0.118728
t 0.0151499 0.529466 -0.848196
bt -0.762946 -0.637591 0.106733
t -0.339435 0.291596 -0.894291
bt -0.758078 -0.641265 0.118728
t -0.339435 0.291596 -0.894291
bt -0.758078 -0.641265 0.118728
t -0.648198 -0.0156314 0.761312
bt -0.501914 -0.568045 -0.652232
t -0.631278 5.16469e-05 0.775557
bt -0.522281 -0.570864 -0.633511
t -0.648232 -0.0155693 0.761284
bt -0.501885 -0.568098 -0.652209
t -0.648232 -0.0155693 0.761284
bt -0.501885 -0.568098 -0.652209
t -0.631372 1.66163e-05 -0.77548
bt 0.515037 -0.570007 -0.640179
t -0.631208 -3.78908e-05 -0.775613
bt 0.522243 -0.570905 -0.633507
t -0.631337 7.98619e-05 -0.775509
bt 0.515066 -0.569955 -0.640202
t -0.631372 1.66163e-05 -0.77548
bt 0.515037 -0.570007 -0.640179
t -0.831438 -0.301231 0.466874
bt -0.101449 -0.526609 -0.844032
t -0.631528 -5.86841e-05 0.775353
bt -0.0314742 -0.493549 -0.869148
t -0.831372 -0.301329 0.466927
bt -0.101487 -0.526553 -0.844063
t -0.831372 -0.301329 0.466927
bt -0.101487 -0.526553 -0.844063
t -0.256359 -0.323813 -0.910728
bt 0.797514 -0.59299 -0.111061
t -0.631259 2.9007e-05 -0.775572
bt 0.809744 -0.581891 -0.0756136
t -0.256359 -0.323813 -0.910728
bt 0.797514 -0.59299 -0.111061
t -0.256359 -0.323813 -0.910728
bt 0.797514 -0.59299 -0.111061
t -0.631552 2.26137e-05 0.775333
bt 0.0328411 -0.487022 0.872772
t -0.86546 0.45445 0.210843
bt 0.0118477 -0.476437 0.879129
t -0.631482 0.000130078 0.775391
bt 0.0328832 -0.486958 0.872806
t -0.631552 2.26137e-05 0.775333
bt 0.0328411 -0.487022 0.872772
t -0.631313 5.34786e-05 -0.775528
bt -0.82646 -0.561704 0.0381083
t -0.0194216 0.460553 -0.88742
bt -0.829875 -0.557355 0.0257593
t -0.631243 -5.39964e-05 -0.775585
bt -0.82642 -0.561764 0.0380762
t -0.631243 -5.40035e-05 -0.775585
bt -0.826449 -0.561722 0.038099
t -0.74203 -0.356095 0.567968
bt -0.0620645 -0.755046 -0.652728
t -0.72019 -0.243838 0.649515
bt -0.0801118 -0.764475 -0.639656
t -0.715305 -0.363533 0.59681
bt -0.0417424 -0.813953 -0.579429
t -0.70848 -0.320551 0.628731
bt -0.0376034 -0.819904 -0.571265
t -0.435567 -0.369157 -0.820978
bt 0.494115 -0.866969 -0.0649316
t -0.502297 -0.225708 -0.834718
bt 0.562823 -0.820431 -0.100614
t -0.404424 -0.357564 -0.841777
bt 0.570564 -0.816589 -0.0873996
t -0.47332 -0.31861 -0.821253
bt 0.48551 -0.872136 -0.0604963
t -0.659564 -0.222677 0.717907
bt 0.0130261 -0.917716 -0.397024
t -1 0 0.000150924
bt -0.000467587 0 1
t -1 0 0
bt -0.0328558 0 0.99946
t -0.999977 0 -0.00673856
bt -0.000467587 0 1
t -0.999987 0 -0.00505388
bt -0.00035069 0 1
t -0.999786 0 -0.0206675
bt 0 0 1
t -1 0 0
bt 0 0 1
t 0 0 -1
bt 0.0972956 -0.995256 0
t 0 0 -1
bt 0.172904 -0.984936 0.00225006
t 0 0 -1
bt 0.164705 -0.986343 0
t 0 0 -1
bt 0.0972956 -0.995256 0
t 0 0 1
bt 0 -1 0
t 0 0 1
bt 0 -1 -0.000342686
t 0 0 1
bt 0 -1 0
t 0 0 1
bt 0 -1 0
t -1.65341e-05 1.78928e-05 -1
bt 0.579964 -0.627468 -0.519544
t -1.83727e-05 1.98825e-05 -1
bt 0.526016 -0.569102 -0.632005
t -1.65341e-05 1.78928e-05 -1
bt 0.579964 -0.627468 -0.519544
t -1.65341e-05 1.78928e-05 -1
bt 0.579964 -0.627468 -0.519544
t 0 0 -1
bt -0.564996 -0.825094 0
t -1.27268e-05 -1.8595e-05 -1
bt -0.56488 -0.825171 -0.00184184
t 0 0 -1
bt -0.564928 -0.82514 0
t 0 0 -1
bt -0.564996 -0.825094 0
t 0 0 -1
bt 0.606715 -0.79492 0
t 0 0 -1
bt 0.606697 -0.794897 -0.00759744
t 0 0 -1
bt 0.606715 -0.79492 0
t 0 0 -1
bt 0.606715 -0.79492 0
t 0 0 -1
bt -0.606715 -0.79492 0
t 0 0 -1
bt -0.606689 -0.794886 0.0091809
t 0 0 -1
bt -0.606715 -0.79492 0
t 0 0 -1
bt -0.606715 -0.79492 0
t 3.06143e-06 -9.28237e-06 -1
bt 0.313106 -0.949718 8.03325e-05
t 0 0 -1
bt 0.365089 -0.930973 -0.00013593
t 4.15892e-06 -1.06099e-05 -1
bt 0.365089 -0.930973 0
t 1.85851e-06 -5.93566e-06 -1
bt 0.298895 -0.954286 0
t 1 0 0
bt -0.0032444 0 -0.999995
t 1 0 0
bt -0.00874035 0 -0.999962
t 1 0 0
bt 0 0 -1
t 1 0 0
bt 0 0 -1
t 1 0 0
bt -0.0261471 0 -0.999658
t 1 0 0
bt -0.0261471 0 -0.999658

