g sponza_269
t 0.261992 0 0.96507
bt -0.112892 -0.902413 -0.41582
t 0.270045 0.00173707 0.962846
bt 0.0466802 -0.800565 -0.597424
t 0.270215 0.00104988 0.962799
bt 0.0468355 -0.800801 -0.597096
t 0.261992 0 0.96507
bt -0.112892 -0.902413 -0.41582
t 0.297771 0.00256423 0.954634
bt 0.0238683 -0.508671 -0.86063
t 0.297432 0.003208 0.954738
bt 0.0238398 -0.508634 -0.860653
t 0.354124 0.00479288 0.935186
bt 0.00988598 -0.366895 -0.93021
t 0.353996 0.00493937 0.935234
bt 0.0100162 -0.367008 -0.930164
t 0.467983 0.00685641 0.883711
bt 0.00490768 -0.301695 -0.953392
t 0.467764 0.00701908 0.883826
bt 0.00432059 -0.301387 -0.953492
t 0.706757 0.00935297 0.707395
bt 0.000963016 -0.270715 -0.962659
t 0.70688 0.00928559 0.707273
bt 0.00155573 -0.270862 -0.962617
t 0.903466 0.112312 0.413685
bt 0 -0.261992 -0.96507
t 0.904215 0.111898 0.412158
bt 0.000150159 -0.261992 -0.96507
t 0.903975 -0.112031 -0.412648
bt 0 -0.261992 -0.96507
t 0.801936 0.0475847 -0.595512
bt 0.00049832 -0.270353 -0.962761
t 0.802133 0.0477152 -0.595236
bt 0.000601936 -0.270327 -0.962768
t 0.903975 -0.112031 -0.412648
bt 0 -0.261992 -0.96507
t 0.508673 0.0238699 -0.860629
bt 0.00257039 -0.297768 -0.954635
t 0.508637 0.023842 -0.860651
bt 0.00240009 -0.297857 -0.954607
t 0.366836 0.00981803 -0.930234
bt 0.00480542 -0.354113 -0.93519
t 0.366948 0.00994709 -0.930188
bt 0.00494908 -0.353987 -0.935237
t 0.301031 0.0036405 -0.953607
bt 0.00684135 -0.468003 -0.8837
t 0.301087 0.00374782 -0.953589
bt 0.00702137 -0.46776 -0.883827
t 0.270414 -0.000250879 -0.962744
bt 0.00976141 -0.706009 -0.708136
t 0.27056 0.000334791 -0.962703
bt 0.00968824 -0.706143 -0.708003
t 0.261992 0 -0.96507
bt 0.113232 -0.901793 -0.417071
t 0.261992 -0.00100156 -0.96507
bt 0.112727 -0.902713 -0.415214
t 0.261992 0 -0.96507
bt -0.112895 -0.902407 0.415831
t 0.270342 0.000542202 -0.962764
bt 0.0466737 -0.800556 0.597438
t 0.27032 0.000629282 -0.96277
bt 0.0468314 -0.800795 0.597105
t 0.261992 0 -0.96507
bt -0.112895 -0.902407 0.415831
t 0.297743 0.00261743 -0.954643
bt 0.0238481 -0.508645 0.860646
t 0.297837 0.00243936 -0.954614
bt 0.0238281 -0.508619 0.860662
t 0.354238 0.00466237 -0.935144
bt 0.00978527 -0.366808 0.930245
t 0.354131 0.00478485 -0.935184
bt 0.00990194 -0.366909 0.930204
t 0.466524 0.00793745 -0.884473
bt 0.00369401 -0.301059 0.953598
t 0.467457 0.00724649 -0.883986
bt 0.00378234 -0.301105 0.953583
t 0.704553 0.0105554 -0.709573
bt 0.000962145 -0.270715 0.962659
t 0.704679 0.0104868 -0.709449
bt 0.000821463 -0.27068 0.962669
t 0.903465 0.112313 -0.413687
bt 0 -0.261992 0.96507
t 0.901864 0.113193 -0.416927
bt 0.000146966 -0.261992 0.96507
t 0.902417 -0.11289 0.415812
bt 0 -0.261992 0.96507
t 0.800807 0.046839 0.597089
bt 0.000508246 -0.27035 0.962762
t 0.800388 0.0465634 0.597671
bt 0.00062158 -0.270322 0.96277
t 0.902417 -0.11289 0.415812
bt 0 -0.261992 0.96507
t 0.507253 0.022778 0.861496
bt 0.00255098 -0.297778 0.954632
t 0.507221 0.0227533 0.861516
bt 0.00234782 -0.297885 0.954599
t 0.366815 0.00979341 0.930242
bt 0.00463473 -0.354262 0.935135
t 0.366412 0.00932818 0.930406
bt 0.00479907 -0.354118 0.935188
t 0.301037 0.00365256 0.953605
bt 0.00685526 -0.467985 0.88371
t 0.301083 0.00374052 0.953591
bt 0.00701867 -0.467764 0.883825
t 0.270701 0.000906186 0.962663
bt 0.0097611 -0.70601 0.708135
t 0.270655 0.000720384 0.962676
bt 0.00969385 -0.706133 0.708013
t 0.261992 0 0.96507
bt 0.113229 -0.901798 0.417061
t 0.261992 0.000154912 0.96507
bt 0.112727 -0.902713 0.415214
t 0.385385 -0.0105399 0.922696
bt 0.0311267 -0.614995 -0.787917
t 0.347422 -0.00717025 0.937682
bt 0.00198717 -0.811355 -0.584551
t 0.713019 0.00835577 0.701095
bt -0.0548653 -0.951235 -0.30355
t 0.744968 0.0225938 0.666718
bt -0.0308735 -0.879964 -0.474035
t 0.908636 -0.00121133 0.417587
bt -0.00814413 -0.992007 -0.12592
t 0.924444 0.00200374 0.381312
bt 0.00639543 -0.973425 -0.228916
t 0.903016 0 0.429607
bt -0.00854346 -0.999955 -0.00406527
t 0.701583 0 0.712588
bt -0.00654722 -0.999956 -0.00664934
t 0.58868 -0.00754307 0.808331
bt 0.0160123 -0.388052 -0.921498
t 0.467959 -0.0233244 0.883442
bt 0.0116807 -0.458835 -0.888445
t 0.801954 0.029491 0.596657
bt -0.0398678 -0.798036 -0.601289
t 0.869477 0.0559786 0.490791
bt -0.0180394 -0.746194 -0.665484
t 0.948057 -0.00300618 0.318086
bt -0.00300123 -0.947445 -0.319904
t 0.972189 0.00689033 0.234098
bt 0.00131522 -0.924724 -0.380636
t 0.998676 0.0172514 0.0484546
bt 0 -0.335391 -0.942079
t 0.846431 -0.0308934 0.531601
bt 0.00711101 -0.347408 -0.937687
t 0.964004 0.012712 0.265583
bt -0.0100653 -0.712783 -0.701312
t 0.999318 0.0259111 0.0263152
bt 0 -0.701587 -0.712584
t 0.9929 -0.00779603 0.118698
bt -0.00286024 -0.908442 -0.418001
t 0.999962 0.0078716 0.00374563
bt 0 -0.903016 -0.429607
t 0.61394 0.0301649 -0.788776
bt -0.00915358 -0.384707 -0.922993
t 0.8097 0.00069892 -0.586844
bt -0.00716163 -0.34742 -0.937682
t 0.951667 -0.0535966 -0.30242
bt 0.00949597 -0.712862 -0.70124
t 0.879714 -0.0314987 -0.474458
bt 0.0238816 -0.744618 -0.667064
t 0.992129 -0.00625613 -0.125067
bt -0.00133354 -0.908642 -0.417575
t 0.973367 0.00572363 -0.229179
bt 5.49042e-05 -0.92461 -0.380916
t 0.388112 0.0161368 -0.921471
bt -0.00797342 -0.589169 -0.807971
t 0.458304 0.0110077 -0.888727
bt -0.0235551 -0.468139 -0.883341
t 0.797768 -0.0405667 -0.601598
bt 0.0286444 -0.802269 -0.596275
t 0.74628 -0.0177164 -0.665396
bt 0.0550263 -0.869892 -0.490164
t 0.947373 -0.00368835 -0.320111
bt -0.00374551 -0.94813 -0.317862
t 0.924752 0.00164855 -0.380568
bt 0.00552848 -0.972324 -0.233569
t 0.335391 0 -0.942079
bt 0.0168001 -0.998745 -0.0471869
t 0.347098 0.00578647 -0.937811
bt -0.0311543 -0.84673 -0.53111
t 0.712832 -0.00971336 -0.701268
bt 0.0127457 -0.963995 -0.265613
t 0.701587 0 -0.712584
bt 0.0259228 -0.999317 -0.0263271
t 0.908596 0.000340987 -0.417677
bt -0.00779015 -0.9929 -0.118701
t 0.903016 0 -0.429607
bt 0.00789985 -0.999962 -0.00375907
t 0.385359 -0.0104855 -0.922707
bt 0.0302832 -0.61407 0.78867
t 0.347411 -0.00712308 -0.937686
bt 0.000950372 -0.810023 0.586397
t 0.713017 0.00837043 -0.701097
bt -0.0536161 -0.95166 0.302437
t 0.744968 0.0225919 -0.666717
bt -0.0308433 -0.879977 0.474015
t 0.908633 -0.00115104 -0.417594
bt -0.00632649 -0.992124 0.125099
t 0.924458 0.0018473 -0.38128
bt 0.00640884 -0.973426 0.228911
t 0.590203 -0.00888486 -0.807206
bt 0.0149842 -0.387552 0.921726
t 0.467934 -0.023292 -0.883456
bt 0.0106951 -0.458058 0.888858
t 0.802802 0.0272046 -0.595625
bt -0.0406462 -0.797737 0.601634
t 0.870299 0.0540868 -0.489544
bt -0.018902 -0.745963 0.665719
t 0.948191 -0.00437329 -0.317671
bt -0.00431715 -0.947306 0.3203
t 0.972255 0.00623133 -0.233842
bt 0.00384645 -0.92493 0.380119
t 0.998675 0.0172582 -0.0484738
bt 0 -0.335391 0.942079
t 0.846424 -0.0308869 -0.531613
bt 0.00609299 -0.34717 0.937782
t 0.963919 0.0129042 -0.265885
bt -0.0101014 -0.712779 0.701316
t 0.999317 0.0259335 -0.0263379
bt 0 -0.701587 0.712584
t 0.992855 -0.00685439 -0.119126
bt 0.000471982 -0.908602 0.417664
t 0.999962 0.0079076 -0.00376276
bt 0 -0.903016 0.429607
t 0.614816 0.0309638 0.788062
bt -0.010266 -0.385251 0.922755
t 0.809688 0.000689577 0.58686
bt -0.00858239 -0.347751 0.937548
t 0.951614 -0.053751 0.302558
bt 0.00882742 -0.712954 0.701155
t 0.880144 -0.0304245 0.473731
bt 0.0230219 -0.744851 0.666833
t 0.992002 -0.00821685 0.125953
bt 0.0017246 -0.908498 0.417886
t 0.973307 0.00502996 0.229451
bt 0.00270006 -0.924385 0.381453
t 0.388092 0.0160958 0.92148
bt -0.00836804 -0.589617 0.80764
t 0.458286 0.0109844 0.888737
bt -0.0238404 -0.468361 0.883215
t 0.798277 -0.03924 0.601011
bt 0.0284506 -0.802341 0.596188
t 0.74628 -0.0177168 0.665396
bt 0.0550224 -0.869894 0.490161
t 0.947441 -0.0030418 0.319916
bt -0.00437125 -0.948191 0.317672
t 0.924764 0.00180288 0.380536
bt 0.00557178 -0.97232 0.233586
t 0.335391 0 0.942079
bt 0.0182038 -0.998526 0.0511298
t 0.34707 0.00566649 0.937822
bt -0.0326675 -0.848455 0.528258
t 0.712833 -0.00970656 0.701266
bt 0.0148735 -0.963394 0.267677
t 0.908582 4.7966e-05 0.417707
bt -0.00808346 -0.992913 0.118568
t 0.511511 0.0161212 0.859126
bt -0.0936854 -0.841748 -0.53168
t 0.493953 0.141197 0.857948
bt -0.160001 -0.617567 -0.770072
t 0.502297 -9.34642e-06 0.864695
bt -0.115413 -0.973246 -0.198678
t 0.602683 0.050496 0.796382
bt -0.0588535 -0.597223 -0.799913
t 0.512554 0.254211 0.820162
bt -0.125312 -0.501748 -0.855889
t 0.501868 0.125065 0.855855
bt -0.252501 -0.514624 -0.819394
t 0.876176 0.0528711 0.479083
bt -0.0713067 -0.499343 -0.863465
t 0.971977 0.11808 0.203269
bt 9.30364e-05 -0.502297 -0.864695
t 0.61261 0.27969 0.739245
bt -0.0690417 -0.499877 -0.86334
t 0.615343 0.162174 0.771397
bt -0.141335 -0.493884 -0.857964
t 0.841338 -0.0941362 -0.532248
bt 0.0156298 -0.511612 -0.859075
t 0.615503 -0.162018 -0.771302
bt 0.139891 -0.4946 -0.857789
t 0.890167 -0.228867 -0.393984
bt 0 -0.5023 -0.864693
t 0.59722 -0.058858 -0.799915
bt 0.0506084 -0.60261 -0.79643
t 0.543486 -0.0330757 -0.838766
bt 0.084345 -0.689611 -0.719252
t 0.511981 -0.254683 -0.820373
bt 0.123665 -0.502546 -0.85566
t 0.511461 -0.0163623 -0.859151
bt 0.0443402 -0.882727 -0.467789
t 0.502297 0.000131301 -0.864695
bt 0.116473 -0.972745 -0.200503
t 0.511499 0.0161778 -0.859132
bt -0.0937591 -0.841681 0.531773
t 0.542266 0.0359678 -0.839436
bt -0.0656291 -0.705844 0.705321
t 0.5023 0 -0.864693
bt -0.22889 -0.890143 0.394023
t 0.602687 0.0504887 -0.796379
bt -0.0577259 -0.597964 0.799442
t 0.51256 0.254205 -0.820159
bt -0.123212 -0.502765 0.855597
t 0.881498 0.0459645 -0.469946
bt -0.0173221 -0.511263 0.859249
t 0.971924 0.11819 -0.203458
bt 0.000124206 -0.502297 0.864695
t 0.615361 0.162156 -0.771386
bt -0.139749 -0.49467 0.857771
t 0.841128 -0.094368 0.53254
bt 0.0166655 -0.511399 0.859182
t 0.706467 -0.064896 0.704764
bt 0.0368185 -0.541907 0.839632
t 0.890161 -0.228872 0.393993
bt 0 -0.5023 0.864693
t 0.597213 -0.0588688 0.79992
bt 0.0502766 -0.602825 0.796288
t 0.543491 -0.033065 0.838764
bt 0.0837064 -0.690175 0.718785
t 0.499344 -0.071305 0.863465
bt 0.0512319 -0.877451 0.476923
t 0.5023 0 0.864693
bt 0.227589 -0.891464 0.391784
t 0.500301 -0.0672319 0.863238
bt 0.279689 -0.61261 0.739245
t 0.961403 -0.00397987 0.275114
bt 0.00559483 -0.986807 -0.161807
t 0.952703 -0.00960377 0.303751
bt 0.00276397 -0.996424 -0.084451
t 0.902634 -0.00424361 0.430388
bt -0.00224281 -0.991777 -0.12796
t 0.920162 -0.00583621 0.391495
bt 0.00338014 -0.971262 -0.237988
t 0.952691 -0.00885757 0.303812
bt 0.0162745 -0.99665 -0.0801457
t 0.949291 -4.44046e-05 0.314398
bt -0.00121989 -0.999999 -0.000403923
t 0.896873 0.000255085 0.442289
bt -0.00206195 -0.999997 -0.00101654
t 0.952686 0.00856953 0.303835
bt -0.0180313 -0.996665 0.0795853
t 0.902601 0.00352163 0.430464
bt -0.00149899 -0.992003 0.126203
t 0.952707 0.0098246 0.303733
bt -0.0042962 -0.996459 0.0839642
t 0.961403 0.00396528 0.275116
bt -0.00527726 -0.986794 0.161896
t 0.920115 0.00528303 0.391611
bt -0.00344508 -0.971268 0.237962
t 0.973899 0.0043513 0.226938
bt -0.00587752 -0.973971 0.226597
t 0.944275 0.00242662 0.329148
bt -0.00449982 -0.944493 0.3285
t 0.986704 0.00312099 0.162499
bt -0.00565227 -0.961469 0.274856
t 0.970931 -2.14119e-05 0.239359
bt -0.00511785 -0.920102 0.391646
t 0.996424 0.00278085 0.0844456
bt -0.011752 -0.952734 0.303577
t 0.991776 -0.0022558 0.127966
bt -0.00451167 -0.902646 0.430359
t 0.99665 0.0162706 0.0801469
bt -0.0107311 -0.95272 0.303661
t 0.999999 -0.00121089 0.000400941
bt -2.97932e-05 -0.949291 0.314398
t 0.999997 -0.00205188 0.00101157
bt -0.000504483 -0.896873 0.442289
t 0.996665 -0.01806 -0.0795761
bt 0.00898321 -0.952693 0.303802
t 0.992002 -0.00147646 -0.126214
bt 0.00368964 -0.902609 0.430446
t 0.996458 -0.00421952 -0.0839885
bt 0.00985074 -0.952707 0.303731
t 0.986793 -0.00526106 -0.1619
bt 0.00377694 -0.961395 0.275145
t 0.971262 -0.00337945 -0.237988
bt 0.00360263 -0.919973 0.391965
t 0.973983 -0.00615179 -0.226535
bt 0.00420189 -0.973892 0.226971
t 0.94454 -0.00495487 -0.328358
bt 0.00477801 -0.944522 0.328413
t 0.961433 -0.00473288 -0.274998
bt 0.0033767 -0.986715 0.162427
t 0.920237 -0.00674729 -0.391302
bt -4.64487e-05 -0.970929 0.239369
t 0.952708 -0.00994141 -0.303724
bt 0.00338857 -0.996439 0.0842526
t 0.90259 -0.00328856 -0.430489
bt -0.00230162 -0.991773 0.127988
t 0.952682 -0.00835297 -0.303853
bt 0.0177469 -0.996663 0.079676
t 0.949291 0 -0.314398
bt -0.00176443 -0.999998 0.000584274
t 0.896873 0.000479034 -0.442289
bt -0.00183798 -0.999998 0.000906079
t 0.952693 0.00898908 -0.303802
bt -0.0163951 -0.996651 -0.0801072
t 0.902609 0.00370169 -0.430445
bt -0.00186223 -0.992024 -0.126033
t 0.952707 0.00985886 -0.30373
bt -0.00181059 -0.9964 -0.0847537
t 0.961405 0.00401673 -0.275108
bt -0.00587565 -0.986818 -0.161728
t 0.920142 0.00559626 -0.391545
bt -0.00290351 -0.971217 -0.23818
t 0.973912 0.00462006 -0.226878
bt -0.00557656 -0.973957 -0.226664
t 0.944336 0.00300383 -0.328968
bt -0.00694397 -0.944745 -0.327734
t 0.986694 0.00288758 -0.162564
bt -0.0045558 -0.961426 -0.275025
t 0.970886 -0.000477825 -0.239543
bt -0.00528399 -0.920116 -0.391611
t 0.99644 0.00343346 -0.0842383
bt -0.00966099 -0.952704 -0.303746
t 0.991838 -0.00126149 -0.1275
bt -0.00413277 -0.902629 -0.430399
t 0.996663 0.0177204 -0.0796845
bt -0.00892494 -0.952692 -0.303807
t 0.999999 -0.00156378 -0.000517815
bt 0 -0.949291 -0.314398
t 0.999997 -0.00228798 -0.00112799
bt 0.000192395 -0.896873 -0.442289
t 0.996663 -0.0177677 0.0796694
bt 0.010473 -0.952716 -0.303682
t 0.992027 -0.00191583 0.126008
bt 0.00404967 -0.902625 -0.430408
t 0.996403 -0.00191437 0.0847208
bt 0.0116166 -0.952733 -0.303588
t 0.986803 -0.00551794 0.161828
bt 0.00408027 -0.961408 -0.275098
t 0.9712 -0.00273267 0.238249
bt 0.00435074 -0.920037 -0.391808
t 0.973997 -0.00644377 0.22647
bt 0.00400634 -0.973883 -0.227015
t 0.944589 -0.00542137 0.328211
bt 0.00264008 -0.944298 -0.329082
t 0.235611 0 -0.971847
bt -0.11013 -0.884009 0.454312
t 0.243342 -0.000111909 -0.969941
bt 0.0476166 -0.771647 0.634266
t 0.243213 0.000398586 -0.969973
bt 0.0490271 -0.774056 0.631216
t 0.235611 0 -0.971847
bt -0.11013 -0.884009 0.454312
t 0.264986 0.00855093 -0.964214
bt 0.0501152 -0.504698 0.86184
t 0.265605 0.00740077 -0.964054
bt 0.0500332 -0.504589 0.861909
t 0.274334 -0.00890433 -0.961593
bt -0.0347742 -0.386613 0.921586
t 0.319987 0.00468483 -0.94741
bt 0.00894018 -0.332164 0.943179
t 0.319797 0.00489744 -0.947474
bt 0.00898465 -0.332204 0.943165
t 0.274334 -0.00890433 -0.961593
bt -0.0347742 -0.386613 0.921586
t 0.38546 0.0355666 -0.922039
bt 0.00992495 -0.274878 0.961428
t 0.385484 0.0355506 -0.92203
bt 0.00913439 -0.274457 0.961556
t 0.506454 -0.0514395 -0.860731
bt -0.00700056 -0.26582 0.963997
t 0.669919 0.00676612 -0.742404
bt 0.00131035 -0.243643 0.969864
t 0.668899 0.00726845 -0.743318
bt 0.00158197 -0.243712 0.969846
t 0.506454 -0.0514395 -0.860731
bt -0.00700056 -0.26582 0.963997
t 0.881335 0.111325 -0.459191
bt 0 -0.235589 0.971853
t 0.88044 0.111717 -0.460808
bt 0.000449001 -0.235589 0.971853
t 0.88059 -0.111651 0.460538
bt 0 -0.235589 0.971853
t 0.772318 0.0480087 0.63342
bt 0.00145361 -0.242947 0.970038
t 0.771871 0.0477475 0.633984
bt 0.000893582 -0.243088 0.970004
t 0.88059 -0.111651 0.460538
bt 0 -0.235589 0.971853
t 0.507284 0.052066 0.860205
bt 0.0081998 -0.265175 0.964165
t 0.507095 0.0519235 0.860325
bt 0.00872303 -0.264893 0.964238
t 0.385479 -0.0355541 0.922032
bt -0.00838693 -0.274059 0.961676
t 0.331569 0.00827176 0.943395
bt 0.00478926 -0.319894 0.947441
t 0.331576 0.0082796 0.943392
bt 0.00488032 -0.319812 0.947469
t 0.385479 -0.0355541 0.922032
bt -0.00838693 -0.274059 0.961676
t 0.274386 0.00900103 0.961578
bt 0.034682 -0.386747 0.921533
t 0.274456 0.00913262 0.961556
bt 0.0348937 -0.38644 0.921654
t 0.265139 -0.00826762 0.964175
bt -0.0514284 -0.506439 0.860741
t 0.24363 0.001258 0.969867
bt 0.00676948 -0.669912 0.74241
t 0.243494 0.000717155 0.969902
bt 0.00727161 -0.668893 0.743323
t 0.265139 -0.00826762 0.964175
bt -0.0514284 -0.506439 0.860741
t 0.235611 0 0.971847
bt 0.11132 -0.88132 0.459219
t 0.235611 0.000687096 0.971847
bt 0.111714 -0.880423 0.460843
t 0.235611 0 0.971847
bt -0.111635 -0.880603 -0.460517
t 0.243287 0.000107354 0.969954
bt 0.0480018 -0.772306 -0.633435
t 0.243208 0.000417582 0.969974
bt 0.0477566 -0.771887 -0.633964
t 0.235611 0 0.971847
bt -0.111635 -0.880603 -0.460517
t 0.264961 0.00859696 0.964221
bt 0.0520796 -0.507302 -0.860193
t 0.26557 0.00746576 0.964063
bt 0.0519301 -0.507104 -0.860319
t 0.274306 -0.00885166 0.961602
bt -0.0347596 -0.386635 -0.921578
t 0.320242 0.0044013 0.947326
bt 0.00876849 -0.332011 -0.943235
t 0.320038 0.00462809 0.947393
bt 0.00881381 -0.332052 -0.94322
t 0.274306 -0.00885166 0.961602
bt -0.0347596 -0.386635 -0.921578
t 0.386857 0.034607 0.92149
bt 0.00841937 -0.274076 -0.961671
t 0.386398 0.0349224 0.921671
bt 0.0084903 -0.274114 -0.96166
t 0.504244 -0.0497736 0.862125
bt -0.00834082 -0.265099 -0.964185
t 0.668021 0.00770074 0.744103
bt -6.29574e-05 -0.243297 -0.969952
t 0.667441 0.0079859 0.74462
bt 0.000196215 -0.243363 -0.969935
t 0.504244 -0.0497736 0.862125
bt -0.00834082 -0.265099 -0.964185
t 0.881293 0.111343 0.459266
bt 0 -0.235589 -0.971853
t 0.880436 0.111719 0.460816
bt -0.000772276 -0.235589 -0.971853
t 0.880616 -0.11164 -0.460491
bt 0 -0.235589 -0.971853
t 0.771646 0.0476159 -0.634268
bt 9.1934e-05 -0.24329 -0.969953
t 0.771223 0.0473692 -0.6348
bt 0.000414273 -0.243209 -0.969974
t 0.880616 -0.11164 -0.460491
bt 0 -0.235589 -0.971853
t 0.50469 0.0501095 -0.861845
bt 0.00687741 -0.265887 -0.96398
t 0.504577 0.0500239 -0.861916
bt 0.00746567 -0.26557 -0.964063
t 0.386643 -0.0347539 -0.921574
bt -0.0103714 -0.275115 -0.961355
t 0.332186 0.00896492 -0.943171
bt 0.0048391 -0.319849 -0.947456
t 0.332225 0.00900858 -0.943157
bt 0.00380628 -0.320776 -0.947147
t 0.386643 -0.0347539 -0.921574
bt -0.0103714 -0.275115 -0.961355
t 0.274356 0.00894423 -0.961587
bt 0.0346091 -0.386854 -0.921492
t 0.274463 0.00914608 -0.961554
bt 0.0349376 -0.386376 -0.92168
t 0.265099 -0.00834196 -0.964185
bt -0.0497906 -0.504267 -0.862111
t 0.243596 0.00112275 -0.969876
bt 0.00663092 -0.670193 -0.742158
t 0.243459 0.000577267 -0.969911
bt 0.00691693 -0.669613 -0.742678
t 0.265099 -0.00834196 -0.964185
bt -0.0497906 -0.504267 -0.862111
t 0.235611 0 -0.971847
bt 0.111874 -0.880055 -0.461505
t 0.235611 0.000424819 -0.971847
bt 0.109725 -0.884916 -0.452642
t 0.997462 0 -0.0711973
bt -0.000250996 -1 1.76745e-05
t 1 8.7847e-09 0
bt -2.96566e-06 -1 0
t 0.997629 0.000438589 -0.0688169
bt -0.000136327 -0.99983 0.0184526
t 0.998091 0.000748144 -0.0617631
bt -0.000189791 -0.999363 0.0356785
t 0.998724 0.000578862 -0.0504909
bt 0.000134152 -0.998726 0.0504554
t 0.999361 0.00105182 -0.0357313
bt -0.000619072 -0.998091 0.0617588
t 0.999831 -0.00112942 -0.0183649
bt 0.000309344 -0.99763 0.0688033
t 1 0.000237936 -1.67419e-05
bt 0 -0.997462 0.0711973
t 0.999831 0.000852118 0.0183844
bt -0.000141411 -0.99763 0.0688063
t 0.999365 0.000740165 0.035621
bt 0.000128005 -0.998092 0.0617411
t 0.998722 -0.00129252 0.0505272
bt 0.000686519 -0.998724 0.0504964
t 0.998092 -5.77977e-05 0.0617388
bt -0.000918832 -0.999365 0.0356095
t 0.997628 -0.000833176 0.0688243
bt -0.00114016 -0.999831 0.0183641
t 0.997462 0 0.0711973
bt 0.000289635 -1 2.04324e-05
t 0.99763 0.000152202 0.0688117
bt 0.000779879 -0.999831 -0.0183894
t 0.998093 -9.26761e-05 0.0617332
bt 0.0017723 -0.999366 -0.0355572
t 0.998728 -0.000964076 0.0504132
bt 0.000109021 -0.998726 -0.0504566
t 0.999364 3.47774e-05 0.0356684
bt -0.000556415 -0.998091 -0.0617566
t 0.999828 0.000885939 0.0185038
bt 0.00032687 -0.99763 -0.068803
t 1 0.000263671 1.85793e-05
bt 0 -0.997462 -0.0711973
t 0.99983 -0.000193975 -0.0184566
bt -0.000132612 -0.99763 -0.0688065
t 0.999363 -0.000244406 -0.0356818
bt 0.000172344 -0.998092 -0.0617427
t 0.998728 0.000988897 -0.0504123
bt 0.000713957 -0.998724 -0.0504977
t 0.998094 0.000765216 -0.0617096
bt 2.29893e-05 -0.999364 -0.0356677
t 0.997629 -0.000260275 -0.0688138
bt 0.000808416 -0.999829 -0.0184985
t 0.88756 -0.00196012 0.460688
bt -0.0298882 -0.987769 -0.153035
t 0.900763 -0.00205723 0.434307
bt -0.00624328 -0.991333 -0.131223
t 0.917666 0.0024652 0.397344
bt 0.000955857 -0.970335 -0.241763
t 0.906432 0.002106 0.422346
bt 0.0034203 -0.966136 -0.258012
t 0.887318 -0.00156096 0.461155
bt -0.00797815 -0.990975 0.133806
t 0.900561 -0.00192725 0.434725
bt -0.00399351 -0.991976 0.126367
t 0.894687 0 0.446693
bt 0.00590122 -0.999978 0.00294591
t 0.880901 0 0.473301
bt 0.010471 -0.999929 0.00562603
t 0.934335 -0.00285775 0.356383
bt -0.000936479 -0.934819 0.355123
t 0.942814 -0.000817037 0.333319
bt -0.0011689 -0.943034 0.332696
t 0.91793 0.000820628 0.396741
bt 0.00709321 -0.969463 0.245134
t 0.906865 0.0021052 0.421417
bt 0.0112871 -0.964354 0.264376
t 0.988177 -0.0260361 0.151092
bt -0.00132073 -0.887525 0.460759
t 0.991441 -0.00465148 0.130469
bt 0.00147964 -0.900584 0.434679
t 0.970589 0.00378096 0.240715
bt 0.00151374 -0.917718 0.397231
t 0.966642 0.00802652 0.256006
bt 0.00233112 -0.906369 0.42248
t 0.991102 -0.0100657 -0.132727
bt -0.00150541 -0.887384 0.461028
t 0.992051 -0.00534777 -0.125723
bt -0.00167183 -0.900574 0.434699
t 0.999982 0.00540261 -0.00269696
bt -2.96367e-05 -0.894687 0.446693
t 0.99994 0.00965781 -0.00518794
bt 0 -0.880859 0.473378
t 0.93559 -0.00725105 -0.353015
bt -0.00484593 -0.934076 0.357041
t 0.943291 -0.00354059 -0.331949
bt -0.00415322 -0.942435 0.334364
t 0.969838 0.00385578 -0.24372
bt 0.000250835 -0.917916 0.396774
t 0.965038 0.00588059 -0.262044
bt 0.00235546 -0.90689 0.421361
t 0.887368 0.000704383 -0.461062
bt -0.00884325 -0.989773 0.142378
t 0.900591 0.00135979 -0.434666
bt -0.00680318 -0.991295 0.131488
t 0.917713 0.001564 -0.397241
bt 0.00393539 -0.970629 0.240549
t 0.906399 0.00241734 -0.422415
bt 0.0083769 -0.96668 0.255852
t 0.887486 0.00138082 -0.460833
bt -0.0079835 -0.990976 -0.133803
t 0.900731 0.00141132 -0.434375
bt -0.00421645 -0.991988 -0.126261
t 0.894687 0 -0.446693
bt 0.00620959 -0.999976 -0.00309987
t 0.880859 0 -0.473378
bt 0.0104908 -0.999929 -0.00563557
t 0.934076 -0.00484951 -0.357042
bt -0.00475387 -0.93529 -0.35385
t 0.942481 -0.00375084 -0.334238
bt -0.00112691 -0.943029 -0.332709
t 0.917908 0.000158078 -0.396794
bt 0.00486731 -0.96973 -0.244131
t 0.906866 0.00211729 -0.421414
bt 0.00640181 -0.964974 -0.262269
t 0.989843 -0.00797994 -0.14194
bt 0.000219616 -0.887396 -0.461009
t 0.99144 -0.00467798 -0.130482
bt 0.000868424 -0.900616 -0.434615
t 0.970628 0.00392782 -0.240552
bt 0.00233057 -0.917642 -0.397402
t 0.966679 0.00836695 -0.255856
bt 0.00192741 -0.906451 -0.422307
t 0.991101 -0.0100836 0.13273
bt -0.00158771 -0.887316 -0.461158
t 0.99204 -0.00515197 0.125816
bt -0.00217667 -0.900548 -0.434751
t 0.999982 0.00541549 0.00270339
bt 0 -0.894687 -0.446693
t 0.99994 0.00965691 0.00518745
bt 0 -0.880859 -0.473378
t 0.935287 -0.00472482 0.35386
bt -0.0046815 -0.934098 -0.356986
t 0.943057 -0.00138577 0.332627
bt -0.00551362 -0.942277 -0.334788
t 0.969799 0.00398216 0.243872
bt 0.000489671 -0.9179 -0.396811
t 0.965019 0.00603953 0.262112
bt 0.00264417 -0.906879 -0.421382
t 0.99532 0.0251782 0.0933004
bt -0.00763212 -0.952284 -0.305118
t 0.99653 0.00768536 -0.0828851
bt 0.00731252 -0.952293 -0.305097
t 0.952271 -0.00801791 -0.305147
bt 0.0241821 -0.995374 -0.0929866
t 0.952205 0.00998779 -0.305297
bt 0.00661494 -0.996509 0.0832256
t 0.995237 0.0266554 -0.0937657
bt -0.0058404 -0.95234 0.304983
t 0.99653 0.00773608 0.082869
bt 0.0100027 -0.952204 0.305299
t 0.952281 -0.0077118 0.305124
bt 0.026636 -0.995239 0.0937596
t 0.952215 0.00967691 0.305274
bt 0.00770367 -0.99653 -0.0828793
t 0.952216 -0.00966053 0.305273
bt -0.00789453 -0.996533 0.0828186
t 0.99529 -0.0257216 0.0934716
bt 0.00598194 -0.952336 0.304993
t 0.996534 -0.00793131 -0.0828069
bt -0.00973538 -0.952213 0.305279
t 0.952334 0.00602627 -0.304997
bt -0.0254447 -0.995305 0.0933844
t 0.952216 -0.00966053 -0.305273
bt -0.00635616 -0.996504 -0.0833079
t 0.995305 -0.0254398 -0.0933829
bt 0.00889472 -0.952243 -0.305213
t 0.996533 -0.00785966 0.0828296
bt -0.00965665 -0.952216 -0.305273
t 0.952242 0.00891815 0.305215
bt -0.0257414 -0.995289 -0.0934778
t 0.887684 -0.00427596 0.460434
bt 0.0255925 -0.991855 -0.124774
t 0.991953 0.0282188 0.123423
bt 0.00499555 -0.887153 0.461449
t 0.592956 -0.0984111 0.799199
bt 0.177814 -0.861234 -0.476086
t 0.815035 -0.0861711 0.572968
bt 0.127873 -0.602391 -0.787892
t 0.603325 -0.1309 0.786679
bt 0.0867607 -0.815381 -0.572387
t 0.968553 -0.133433 0.210004
bt 0.0591246 -0.525519 -0.848725
t 0.930497 -0.0301435 0.365058
bt 0.0645552 -0.526409 -0.847777
t 0.861339 -0.178065 0.475802
bt 0.0959351 -0.592136 -0.800107
t 0.861893 0.179396 -0.474296
bt -0.0980318 -0.592831 -0.799338
t 0.815363 0.0867297 -0.572417
bt -0.128444 -0.602568 -0.787664
t 0.815007 -0.086124 -0.573015
bt 0.132561 -0.603835 0.786009
t 0.861321 -0.178023 -0.47585
bt 0.0958485 -0.592107 0.800139
t 0.525434 0.0586124 0.848813
bt -0.132936 -0.968451 0.210786
t 0.527125 0.0690096 0.846981
bt -0.0301468 -0.930498 0.365053

