g sponza_335
t -0.996236 0.00619022 0.0864583
bt 0.131691 -0.3245 0.936674
t -0.996793 -0.0062617 -0.0797751
bt -0.059576 -0.324487 0.944012
t -0.997953 0 -0.0639506
bt 0.0353907 0 0.999373
t -0.997482 0 0.0709195
bt 0.102683 0 0.994714
t -0.994886 0.0078108 0.100697
bt 0.046273 -0.904535 0.423882
t -0.995517 -0.00785743 -0.09426
bt -0.039953 -0.904537 0.424518
t -0.995242 -0.00346745 -0.0973769
bt -0.016971 -0.984851 0.172569
t -0.994595 0.00347168 0.103771
bt 0.0296556 -0.984769 0.171323
t -0.994548 0.0019743 0.10426
bt -0.00169447 -0.998275 0.0586929
t -0.995199 -0.00196654 -0.0978519
bt -0.00962291 -0.998297 0.0575337
t -0.994903 -0.0110485 0.100234
bt -0.0844084 -0.936388 -0.340666
t -0.995526 0.0110194 -0.0938426
bt 0.00994629 -0.937215 -0.34861
t -0.994786 -0.00682927 0.101754
bt 0.0161635 -0.931861 -0.362456
t -0.994599 0.0033916 0.103734
bt -0.0743444 -0.981217 0.178008
t -0.995245 -0.00340859 -0.0973401
bt -0.0682681 -0.984117 0.163871
t -0.995423 0.006845 -0.0953171
bt 0.0628103 -0.932856 -0.354732
t 0.982402 0.00626523 -0.186672
bt -0.226582 -0.324372 -0.918392
t 0.999129 -0.0125955 -0.0397803
bt 0.00645494 -0.32458 -0.945836
t 0.998735 0 -0.0502779
bt -0.13717 0 -0.990548
t 0.985245 0 -0.171149
bt -0.269478 0 -0.963006
t 0.924711 0.00623983 -0.380618
bt -0.406625 -0.324437 -0.854047
t 0.930535 0 -0.366203
bt -0.457776 0 -0.889068
t 0.866954 0.0309734 -0.497425
bt -0.542612 -0.324571 -0.774743
t 0.837748 0 -0.546057
bt -0.627827 0 -0.778353
t 0.699691 0.00629599 -0.714417
bt -0.711034 -0.324357 -0.623878
t 0.763193 -0.0310502 -0.645424
bt -0.542612 -0.324571 -0.774743
t 0.710806 0 -0.703388
bt -0.771736 0 -0.635943
t 0.541464 0.00618744 -0.840701
bt -0.821637 -0.324383 -0.46871
t 0.554645 0 -0.832087
bt -0.883528 0 -0.468379
t 0.361329 0.00632486 -0.932417
bt -0.899145 -0.324431 -0.29374
t 0.376012 0 -0.926615
bt -0.95971 0 -0.280991
t 0.237145 0.0311018 -0.970976
bt -0.935274 -0.324566 -0.141138
t 0.18159 0 -0.983374
bt -0.996621 0 -0.0821403
t 0.0365455 0.0310007 -0.998851
bt -0.944548 -0.324553 0.0499417
t 0.0577627 -0.0311387 -0.997845
bt -0.935274 -0.324566 -0.141138
t -0.0203405 0 -0.999793
bt -0.992799 0 0.119795
t -0.236116 0.00626772 -0.971705
bt -0.905993 -0.324446 0.271867
t -0.144062 -0.0310612 -0.989081
bt -0.944548 -0.324553 0.0499418
t -0.221163 0 -0.975237
bt -0.948519 0 0.316719
t -0.426958 0.00621326 -0.90425
bt -0.832588 -0.324461 0.448912
t -0.412619 0 -0.910904
bt -0.865114 0 0.501576
t -0.600152 0.00635711 -0.79986
bt -0.724946 -0.324443 0.607611
t -0.587413 0 -0.809287
bt -0.746309 0 0.6656
t -0.698656 0.0310962 -0.714782
bt -0.614984 -0.324577 0.718641
t -0.738562 0 -0.674186
bt -0.597427 0 0.801924
t -0.828399 0.0309506 -0.559283
bt -0.458025 -0.324558 0.827572
t -0.816142 -0.031035 -0.577017
bt -0.614984 -0.324577 0.718641
t -0.859249 0 -0.511558
bt -0.424078 0 0.905626
t -0.94955 0.00622308 -0.313553
bt -0.248625 -0.324507 0.912623
t -0.915604 -0.0310963 -0.400876
bt -0.458025 -0.324558 0.827572
t -0.94455 0 -0.328368
bt -0.233192 0 0.972431
t 0.990112 0 0.140276
bt 0.200347 0 -0.979725
t 0.998735 0 -0.0502779
bt -0.13717 0 -0.990548
t 0.999129 -0.0125955 -0.0397803
bt 0.00645494 -0.32458 -0.945836
t 0.987733 -0.0148538 0.155443
bt 0.197159 -0.324606 -0.925073
t 0.933009 0 0.359852
bt 0.394194 0 -0.919027
t 0.927163 -0.00628844 0.374606
bt 0.379842 -0.324591 -0.866234
t 0.841303 0 0.540564
bt 0.571968 0 -0.820276
t 0.832639 -0.00617949 0.553782
bt 0.544628 -0.324599 -0.773315
t 0.715239 0 0.69888
bt 0.716825 0 -0.697253
t 0.704121 -0.00611125 0.710054
bt 0.687064 -0.324559 -0.650081
t 0.560054 0 0.828456
bt 0.848311 0 -0.529498
t 0.547012 -0.00622733 0.837102
bt 0.806268 -0.32457 -0.494556
t 0.382037 0 0.924147
bt 0.937324 0 -0.34846
t 0.367288 -0.00624308 0.930086
bt 0.889224 -0.324546 -0.322412
t 0.187818 0 0.982204
bt 0.988257 0 -0.1528
t 0.1725 -0.00621086 0.98499
bt 0.93592 -0.324582 -0.136752
t -0.0135307 0 0.999908
bt 0.998756 0 0.0498619
t -0.029101 -0.00629662 0.999557
bt 0.944268 -0.324655 0.0543703
t -0.214442 0 0.976737
bt 0.968669 0 0.248357
t -0.229886 -0.00628621 0.973197
bt 0.914117 -0.324609 0.242939
t -0.406762 0 0.913534
bt 0.898338 0 0.439305
t -0.421126 -0.00620083 0.906981
bt 0.847192 -0.324589 0.420603
t -0.582391 0 0.812909
bt 0.797363 0 0.6035
t -0.595133 -0.00624294 0.803603
bt 0.746483 -0.324607 0.580856
t -0.734072 0 0.679072
bt 0.652083 0 0.758148
t -0.74463 -0.00625385 0.667449
bt 0.610953 -0.324552 0.722082
t -0.855691 0 0.517487
bt 0.485858 0 0.874038
t -0.824533 -0.03113 0.564957
bt 0.459315 -0.324556 0.826857
t -0.942435 0 0.334389
bt 0.300235 0 0.953865
t -0.913025 0.0310806 0.406719
bt 0.263561 -0.316998 0.91107
t -0.947522 -0.00618164 0.319631
bt 0.276869 -0.324602 0.904421
t 0.97958 0.00784754 -0.2009
bt -0.0890073 -0.904495 -0.417092
t 0.999223 -0.0343088 -0.0193808
bt -0.00138539 -0.904492 -0.426488
t 0.919094 0.00781827 -0.393961
bt -0.171111 -0.904482 -0.390684
t 0.820967 0.00789276 -0.570921
bt -0.246162 -0.904537 -0.348163
t 0.867156 0.0311145 -0.497064
bt -0.542816 -0.324635 -0.774573
t 0.699387 0.0392135 -0.713666
bt -0.310031 -0.9045 -0.29285
t 0.763193 -0.0310502 -0.645424
bt -0.674846 -0.319859 -0.665036
t 0.529262 0.0078415 -0.848422
bt -0.363537 -0.904528 -0.222867
t 0.672482 -0.0392356 -0.739073
bt -0.310031 -0.9045 -0.29285
t 0.361207 0.0391604 -0.931663
bt -0.400402 -0.904489 -0.146891
t 0.151819 0.00787485 -0.988377
bt -0.421986 -0.904518 -0.0614355
t 0.326534 -0.0391151 -0.944376
bt -0.400402 -0.904489 -0.146891
t 0.23716 0.0311069 -0.970973
bt -0.935395 -0.324632 -0.140183
t -0.0501838 0.00776376 -0.99871
bt -0.425698 -0.904527 0.0247487
t 0.0577626 -0.0311387 -0.997845
bt -0.946961 -0.319856 0.0309312
t 0.0365683 0.0310085 -0.99885
bt -0.94447 -0.324624 0.0509528
t -0.250247 0.00784621 -0.96815
bt -0.411991 -0.904531 0.109943
t -0.144062 -0.0310613 -0.989081
bt -0.921344 -0.319846 0.22096
t -0.439938 0.00795793 -0.897993
bt -0.381435 -0.904536 0.190585
t -0.611757 0.00776824 -0.791008
bt -0.335209 -0.904539 0.263523
t -0.758401 0.00784826 -0.651741
bt -0.275325 -0.904534 0.325598
t -0.698581 0.0311318 -0.714854
bt -0.613741 -0.324639 0.719674
t -0.8741 0.00785544 -0.485683
bt -0.204187 -0.904533 0.374335
t -0.816142 -0.0310349 -0.577017
bt -0.474671 -0.319869 0.819983
t -0.828198 0.0310713 -0.559574
bt -0.456374 -0.324627 0.828457
t -0.953972 0.00780323 -0.299794
bt -0.124562 -0.904528 0.407816
t -0.915604 -0.0310963 -0.400876
bt -0.299791 -0.319844 0.898791
t 0.999223 -0.0343088 -0.0193808
bt -0.00138539 -0.904492 -0.426488
t 0.982362 -0.0289797 0.184728
bt 0.0845359 -0.904504 -0.418002
t 0.921595 -0.00783888 0.388074
bt 0.166909 -0.904489 -0.392479
t 0.824609 -0.00782236 0.565649
bt 0.242449 -0.904529 -0.35078
t 0.693899 -0.00790218 0.720029
bt 0.308199 -0.904483 -0.294829
t 0.534764 -0.00783135 0.844965
bt 0.361181 -0.904499 -0.22678
t 0.353709 -0.00785737 0.935323
bt 0.399397 -0.904523 -0.149395
t 0.172673 -0.039161 0.9842
bt 0.421339 -0.904495 -0.0660458
t 0.13622 0.0390529 0.989909
bt 0.421339 -0.904495 -0.0660458
t -0.0438408 -0.00784897 0.999008
bt 0.425929 -0.904531 0.0201925
t -0.243925 -0.00786591 0.969762
bt 0.413118 -0.904539 0.105563
t -0.420464 -0.0391888 0.906462
bt 0.383522 -0.904485 0.186596
t -0.453744 0.0392535 0.890267
bt 0.383522 -0.904485 0.186596
t -0.606667 -0.0078251 0.794918
bt 0.33811 -0.904527 0.259832
t -0.754199 -0.00784044 0.6566
bt 0.278799 -0.904531 0.322638
t -0.87096 -0.00784715 0.491291
bt 0.208169 -0.904542 0.372114
t -0.824533 -0.03113 0.564957
bt 0.604085 -0.319843 0.729919
t -0.95201 -0.00782518 0.305968
bt 0.128964 -0.904544 0.406408
t -0.913025 0.0310806 0.406719
bt 0.461791 -0.324626 0.825449
t 0.991783 -0.125403 -0.0253166
bt -0.000461237 -0.984833 -0.173503
t 0.978982 0.00338038 -0.203921
bt -0.0354694 -0.984833 -0.169838
t 0.978878 0.00198105 -0.204433
bt -0.00417676 -0.998262 -0.058786
t 0.99943 -0.0333627 -0.00515451
bt 0.00409489 -0.998284 -0.0584122
t 0.917869 0.00348314 -0.396867
bt -0.0689035 -0.984834 -0.159233
t 0.917701 0.0019727 -0.397268
bt -0.0159687 -0.998262 -0.0567228
t 0.819219 0.00347296 -0.573471
bt -0.0995048 -0.984835 -0.142122
t 0.818943 0.00197181 -0.573872
bt -0.0269704 -0.998268 -0.0522875
t 0.688686 0.0173686 -0.724852
bt -0.12595 -0.984834 -0.119322
t 0.686666 0.00197159 -0.726971
bt -0.0368788 -0.998267 -0.0458598
t 0.684217 -0.0173649 -0.729072
bt -0.12595 -0.984834 -0.119322
t 0.5267 0.00356898 -0.850044
bt -0.149795 -0.984825 -0.0876393
t 0.526301 0.00197656 -0.850296
bt -0.0467042 -0.998277 -0.0355077
t 0.344812 0.00347988 -0.938665
bt -0.162982 -0.984816 -0.0597926
t 0.344381 0.00197708 -0.938828
bt -0.0537732 -0.998289 -0.0229807
t 0.148765 0.0034811 -0.988866
bt -0.171667 -0.984815 -0.0258769
t 0.148262 0.00198269 -0.988946
bt -0.0566717 -0.998256 -0.0165384
t -0.0533075 0.00346697 -0.998572
bt -0.173254 -0.984834 0.00923672
t -0.0537759 0.00197199 -0.998551
bt -0.058651 -0.998266 -0.00491612
t -0.253248 0.00349367 -0.967395
bt -0.167841 -0.984834 0.0439372
t -0.253721 0.00196917 -0.967276
bt -0.0584261 -0.998267 0.00703503
t -0.44276 0.00347715 -0.896634
bt -0.15553 -0.984835 0.0768849
t -0.443257 0.00197871 -0.896392
bt -0.0557561 -0.998268 0.0187719
t -0.614163 0.00346914 -0.789172
bt -0.136973 -0.984833 0.106502
t -0.614536 0.00197595 -0.788886
bt -0.0508423 -0.998268 0.0295971
t -0.760437 0.00346502 -0.649402
bt -0.109497 -0.984826 0.134643
t -0.760593 0.00592019 -0.649202
bt -0.0469922 -0.998227 0.0365436
t -0.875626 0.00348265 -0.482977
bt -0.0838555 -0.984833 0.151897
t -0.875829 0.00196689 -0.482618
bt -0.0311441 -0.998293 0.0494035
t -0.761057 -0.00592609 -0.648658
bt -0.032707 -0.998276 0.0487319
t -0.954908 0.00347579 -0.29688
bt -0.0515251 -0.984834 0.165674
t -0.955061 0.0019699 -0.296403
bt -0.0249388 -0.998273 0.0531962
t 0.980449 -0.0594471 0.187579
bt 0.0233271 -0.984771 -0.172283
t 0.991783 -0.125403 -0.0253166
bt -0.000461237 -0.984833 -0.173503
t 0.99943 -0.0333627 -0.00515451
bt 0.00409489 -0.998284 -0.0584122
t 0.978841 -0.0647499 0.194106
bt 0.0160048 -0.998283 -0.0563438
t 0.920432 -0.00347564 0.390887
bt 0.05739 -0.984751 -0.164233
t 0.920232 -0.00197504 0.391367
bt 0.0267613 -0.998284 -0.0520808
t 0.822886 -0.0034804 0.568196
bt 0.0891327 -0.984769 -0.149285
t 0.822563 -0.00197874 0.568671
bt 0.036632 -0.99829 -0.0455495
t 0.691733 -0.00346055 0.722145
bt 0.117487 -0.98477 -0.128162
t 0.691288 -0.00197583 0.722576
bt 0.0435635 -0.998291 -0.0389471
t 0.532182 -0.00346324 0.846623
bt 0.13851 -0.98471 -0.105645
t 0.531727 -0.00197166 0.846914
bt 0.0490926 -0.998299 -0.0314546
t 0.350891 -0.00345297 0.93641
bt 0.158375 -0.984785 -0.0715202
t 0.350297 -0.00197226 0.936637
bt 0.0559772 -0.998296 -0.0164662
t 0.155148 -0.00347464 0.987885
bt 0.169607 -0.984767 -0.0383036
t 0.154677 -0.00197137 0.987963
bt 0.058229 -0.998291 -0.00498458
t -0.0469085 -0.00347792 0.998893
bt 0.173846 -0.984767 -0.00333399
t -0.0474662 -0.00197621 0.998871
bt 0.0580329 -0.998291 0.00694599
t -0.246956 -0.00346997 0.96902
bt 0.170922 -0.98477 0.0318478
t -0.247511 -0.00197082 0.968883
bt 0.0554261 -0.99829 0.0185768
t -0.436969 -0.00347466 0.89947
bt 0.160948 -0.984787 0.0655064
t -0.437429 -0.00196975 0.899251
bt 0.0504555 -0.998296 0.02932
t -0.609069 -0.00346979 0.793109
bt 0.144407 -0.984787 0.0966543
t -0.609515 -0.00196901 0.792772
bt 0.0449266 -0.998303 0.0370462
t -0.75626 -0.00346827 0.654263
bt 0.125375 -0.984711 0.120933
t -0.756594 -0.00196661 0.653882
bt 0.038492 -0.998305 0.0436559
t -0.872495 -0.00348106 0.488611
bt 0.0948852 -0.984767 0.145705
t -0.872757 -0.00197945 0.48815
bt 0.0249355 -0.998291 0.0528541
t -0.952991 -0.00348356 0.302979
bt 0.0634699 -0.984768 0.161878
t -0.953145 -0.00197509 0.302508
bt 0.0136805 -0.998291 0.0568203
t 0.979641 -0.0110317 -0.200456
bt 0.118423 -0.936392 0.330372
t 0.999913 -0.0130716 0.00165353
bt 0.00106003 -0.937491 0.348009
t 0.919236 -0.0110373 -0.393553
bt 0.182494 -0.936402 0.299745
t 0.82118 -0.0110851 -0.570561
bt 0.239147 -0.936392 0.256863
t 0.689538 -0.0110497 -0.724165
bt 0.28595 -0.93639 0.203487
t 0.688686 0.0173686 -0.724852
bt -0.126145 -0.984829 -0.11916
t 0.529641 -0.0110257 -0.84815
bt 0.321051 -0.936399 0.141714
t 0.684214 -0.0173894 -0.729074
bt -0.126145 -0.984829 -0.11916
t 0.348052 -0.011071 -0.93741
bt 0.343022 -0.936395 0.0741589
t 0.152221 -0.0110592 -0.988285
bt 0.350882 -0.936413 0.00361723
t -0.0498695 -0.0110617 -0.998694
bt 0.344444 -0.936405 -0.0671078
t -0.24988 -0.0110482 -0.968214
bt 0.323925 -0.936387 -0.135098
t -0.439603 -0.0110921 -0.898124
bt 0.290055 -0.936407 -0.19751
t -0.611345 -0.0110607 -0.791287
bt 0.244402 -0.9364 -0.251839
t -0.75817 -0.0110588 -0.651963
bt 0.188677 -0.936409 -0.295871
t -0.869412 -0.0331455 -0.492974
bt 0.1039 -0.935048 -0.338956
t -0.953835 -0.0110685 -0.300126
bt 0.0567147 -0.936402 -0.346315
t -0.881301 0.0331701 -0.47139
bt 0.167885 -0.937518 -0.304755
t 0.982863 -0.0274348 0.182282
bt 0.0228913 -0.859738 -0.510221
t 0.979746 -0.0782382 0.18433
bt 0.0732907 -0.984639 -0.158478
t 0.999432 -0.0325265 -0.00885398
bt -0.000494694 -0.98544 -0.170022
t 0.999928 -0.00863085 -0.00831225
bt -0.00163161 -0.862412 -0.506205
t 0.922187 -0.00887136 0.386643
bt 0.125149 -0.859746 -0.495151
t 0.920405 -0.003395 0.390952
bt 0.103602 -0.984644 -0.140509
t 0.82549 -0.00883503 0.564347
bt 0.222297 -0.859743 -0.459811
t 0.822894 -0.00341115 0.568185
bt 0.129768 -0.984643 -0.116781
t 0.695012 -0.00888768 0.718943
bt 0.310282 -0.859762 -0.405628
t 0.691674 -0.00340002 0.722202
bt 0.150653 -0.98463 -0.0883633
t 0.536059 -0.00889325 0.844133
bt 0.385604 -0.859733 -0.334915
t 0.532156 -0.00342178 0.846639
bt 0.165314 -0.984639 -0.0561821
t 0.355149 -0.00888422 0.934767
bt 0.445065 -0.859748 -0.250501
t 0.350853 -0.00343452 0.936424
bt 0.173235 -0.984641 -0.0217129
t 0.159684 -0.00885871 0.987128
bt 0.48638 -0.85976 -0.155716
t 0.155031 -0.00340218 0.987904
bt 0.174147 -0.984626 0.013559
t -0.0422397 -0.00883849 0.999068
bt 0.507761 -0.859767 -0.0545893
t -0.0468089 -0.00337141 0.998898
bt 0.167782 -0.984639 0.0483271
t -0.24248 -0.00889889 0.970116
bt 0.508383 -0.859753 0.0486978
t -0.247022 -0.00342147 0.969004
bt 0.154569 -0.984647 0.0811029
t -0.43281 -0.00883012 0.901442
bt 0.488195 -0.859742 0.150031
t -0.437036 -0.00341034 0.899437
bt 0.135103 -0.984644 0.110558
t -0.605371 -0.0089084 0.795893
bt 0.447986 -0.859753 0.245223
t -0.609099 -0.00340747 0.793087
bt 0.110039 -0.984641 0.135547
t -0.75322 -0.00885391 0.657709
bt 0.389468 -0.859763 0.330337
t -0.756293 -0.00339858 0.654225
bt 0.0804717 -0.984645 0.154916
t -0.870212 -0.00889857 0.492597
bt 0.315031 -0.859728 0.402024
t -0.872497 -0.00341551 0.488607
bt 0.0476717 -0.984643 0.167947
t -0.951545 -0.00889463 0.30738
bt 0.227609 -0.85973 0.457229
t -0.952996 -0.00342288 0.302965
bt 0.0129275 -0.984642 0.174108
t -0.993943 -0.00888494 0.10954
bt 0.128308 -0.859916 0.494046
t 0.979367 -0.00683814 -0.201975
bt 0.0190141 -0.931783 0.362516
t 0.978984 0.00337929 -0.203908
bt 0.01621 -0.984111 -0.176812
t 0.999432 -0.0325265 -0.00885398
bt -0.000494694 -0.98544 -0.170022
t 0.998845 -0.0458326 0.014435
bt 0.00123685 -0.933219 0.359306
t 0.918653 -0.00680997 -0.395006
bt 0.0915695 -0.931788 0.351264
t 0.917883 0.00343543 -0.396836
bt -0.0198203 -0.984115 -0.176424
t 0.82034 -0.00685161 -0.571835
bt 0.160369 -0.931784 0.325668
t 0.820433 0.01701 -0.571489
bt -0.0975079 -0.985465 -0.139108
t 0.688454 -0.00681537 -0.725248
bt 0.222682 -0.931775 0.286718
t 0.686996 0.00341241 -0.726653
bt -0.0877992 -0.984113 -0.154312
t 0.817049 -0.0170311 -0.576316
bt -0.0975079 -0.985465 -0.139108
t 0.528434 -0.00681512 -0.848947
bt 0.275808 -0.931788 0.23601
t 0.526729 0.0033914 -0.850027
bt -0.116984 -0.984105 -0.13361
t 0.346662 -0.00687543 -0.937965
bt 0.317704 -0.93178 0.175644
t 0.34477 0.00340797 -0.938681
bt -0.141522 -0.984117 -0.107166
t 0.15079 -0.00681223 -0.988542
bt 0.346549 -0.931775 0.108165
t 0.148735 0.00342931 -0.988871
bt -0.160202 -0.984108 -0.0765938
t -0.0512932 -0.00677352 -0.998661
bt 0.361201 -0.931789 0.036106
t -0.0533012 0.00338463 -0.998573
bt -0.172319 -0.984114 -0.0427222
t -0.25129 -0.00683243 -0.967888
bt 0.361083 -0.931787 -0.0372945
t -0.253219 0.00341244 -0.967403
bt -0.177424 -0.984108 -0.00724382
t -0.44093 -0.00685576 -0.897515
bt 0.34621 -0.931778 -0.109222
t -0.442823 0.00341371 -0.896603
bt -0.175226 -0.984111 0.0286617
t -0.612585 -0.00677664 -0.790376
bt 0.317124 -0.931777 -0.176701
t -0.614189 0.00340824 -0.789152
bt -0.165872 -0.984112 0.0633288
t -0.759139 -0.00686398 -0.650893
bt 0.275041 -0.93179 -0.236898
t -0.760466 0.00341515 -0.649369
bt -0.149706 -0.984111 0.0954633
t -0.874595 -0.00682253 -0.484807
bt 0.22178 -0.931781 -0.2874
t -0.875611 0.00340747 -0.483005
bt -0.127391 -0.984112 0.123675
t -0.954298 -0.00678947 -0.298781
bt 0.159404 -0.931775 -0.326168
t -0.954913 0.00339259 -0.296867
bt -0.0999425 -0.984112 0.14675
t 0.974365 -0.0543515 0.218309
bt -0.0679107 -0.933215 0.352842
t 0.998845 -0.0458326 0.014435
bt 0.00123685 -0.933219 0.359306
t 0.921203 0.00684541 0.389023
bt -0.137563 -0.933212 0.33195
t 0.824023 0.00681931 0.566516
bt -0.201551 -0.933214 0.297469
t 0.693168 0.00681865 0.720744
bt -0.257277 -0.933213 0.250841
t 0.533844 0.00687158 0.845555
bt -0.302489 -0.933214 0.193939
t 0.352639 0.00679924 0.935735
bt -0.335338 -0.933214 0.129073
t 0.1572 0.00677851 0.987544
bt -0.354448 -0.933217 0.0589346
t 0.172673 -0.039161 0.9842
bt 0.421246 -0.904549 -0.0659001
t -0.0448503 0.00680765 0.998971
bt -0.359048 -0.933219 -0.0136389
t 0.136135 0.0392322 0.989913
bt 0.421246 -0.904549 -0.0659001
t -0.244974 0.0068204 0.969506
bt -0.348948 -0.933218 -0.085665
t -0.43512 0.00684519 0.900346
bt -0.324574 -0.93322 -0.15412
t -0.420464 -0.0391888 0.906462
bt 0.383422 -0.904553 0.186473
t -0.607496 0.00681453 0.794293
bt -0.286908 -0.933219 -0.216302
t -0.453717 0.0391876 0.890284
bt 0.383422 -0.904553 0.186473
t -0.754981 0.00681921 0.655711
bt -0.237464 -0.933218 -0.269656
t -0.871488 0.00679928 0.49037
bt -0.178356 -0.933216 -0.311925
t -0.952353 0.00688212 0.304922
bt -0.111954 -0.933214 -0.341435
t -0.995645 -0.00885557 -0.0928001
bt -0.0522002 -0.862425 0.503486
t 0.979874 0.00889028 -0.19942
bt -0.100993 -0.862419 -0.496017
t 0.999928 -0.00863085 -0.00831225
bt -0.00163161 -0.862412 -0.506205
t 0.919673 0.00885099 -0.392585
bt -0.198769 -0.862412 -0.465549
t 0.820433 0.01701 -0.571489
bt 0.117366 -0.951921 -0.282971
t 0.821828 0.00890221 -0.569666
bt -0.288414 -0.862409 -0.416014
t 0.690292 0.00891718 -0.723475
bt -0.366206 -0.862429 -0.349441
t 0.817051 -0.0170208 -0.576315
bt -0.0976034 -0.985421 -0.139354
t 0.530579 0.00887249 -0.847589
bt -0.429074 -0.862423 -0.268553
t 0.349136 0.00887197 -0.93703
bt -0.474361 -0.862414 -0.176705
t 0.153316 0.00884952 -0.988138
bt -0.500219 -0.862415 -0.0775975
t -0.0486999 0.00889723 -0.998774
bt -0.50558 -0.862427 0.0246531
t -0.248772 0.00885854 -0.968521
bt -0.490267 -0.862423 0.125959
t -0.438587 0.0088539 -0.898645
bt -0.454861 -0.862429 0.222075
t -0.610506 0.00887613 -0.791962
bt -0.400859 -0.862424 0.309089
t -0.757452 0.00892394 -0.65283
bt -0.330446 -0.862411 0.383475
t -0.873343 0.00889022 -0.487024
bt -0.246478 -0.862415 0.442142
t -0.953518 0.00885046 -0.301207
bt -0.152481 -0.862413 0.482694
t 0.979728 -0.00443341 0.200284
bt -0.0941036 -0.902023 0.421306
t 0.99946 -0.0307673 0.0115057
bt 0.00143277 -0.902056 0.431618
t 0.922578 0.0131778 0.385586
bt -0.177007 -0.902027 0.39372
t 0.826056 0.0132057 0.563433
bt -0.252638 -0.902029 0.350025
t 0.695786 0.0131804 0.718128
bt -0.317856 -0.902031 0.292074
t 0.536962 0.0131951 0.843503
bt -0.370156 -0.902032 0.222086
t 0.356183 0.0131889 0.934323
bt -0.407313 -0.902031 0.142952
t 0.160758 0.0131871 0.986906
bt -0.427753 -0.902037 0.0579433
t -0.041156 0.0131538 0.999066
bt -0.43071 -0.902019 -0.0291691
t -0.241404 0.0131818 0.970335
bt -0.416014 -0.902029 -0.115223
t -0.431827 0.0132231 0.901859
bt -0.384248 -0.902038 -0.196677
t -0.604517 0.0132002 0.796483
bt -0.336772 -0.902025 -0.270065
t -0.752448 0.013237 0.658518
bt -0.275561 -0.902019 -0.332306
t -0.86961 0.0131884 0.493563
bt -0.202934 -0.902032 -0.380994
t -0.951162 0.0131881 0.308409
bt -0.122093 -0.902036 -0.414034
t -0.993768 0.0131599 0.110684
bt -0.0363902 -0.902039 -0.430119
t -0.995087 -0.0132348 0.0981197
bt -0.082873 0.894592 0.439133
t -0.994903 -0.0110485 0.100234
bt 0.103704 0.935346 0.338192
t -0.995526 0.0110341 -0.0938372
bt -0.0342486 0.937501 0.346293
t -0.995699 0.0132019 -0.0917017
bt -0.106054 0.900192 0.422382
t 0.980048 -0.0132097 -0.198321
bt 0.0378804 0.894632 -0.445195
t 0.979641 -0.0110387 -0.200454
bt -0.0712653 0.937503 -0.340602
t 0.99966 0.0232494 -0.0118282
bt -0.00124224 0.937501 -0.347981
t 0.999552 0.0256269 -0.0154712
bt -0.00149447 0.902091 -0.431544
t 0.920051 -0.0131879 -0.391578
bt -0.0524794 0.894644 -0.443687
t 0.919232 -0.0110127 -0.393561
bt -0.138322 0.937487 -0.319351
t 0.822395 -0.0131892 -0.568764
bt -0.140679 0.894647 -0.424048
t 0.821182 -0.0110936 -0.570559
bt -0.199754 0.9375 -0.284941
t 0.691161 -0.0131998 -0.72258
bt -0.223212 0.894635 -0.387047
t 0.689541 -0.011062 -0.724162
bt -0.252888 0.937505 -0.239025
t 0.531516 -0.013166 -0.846946
bt -0.296462 0.894639 -0.334263
t 0.529638 -0.011016 -0.848152
bt -0.295942 0.937487 -0.183128
t 0.350075 -0.0131907 -0.936629
bt -0.357683 0.894653 -0.267692
t 0.348049 -0.011063 -0.937411
bt -0.326745 0.937492 -0.119777
t 0.154428 -0.0131614 -0.987916
bt -0.404334 0.894633 -0.19012
t 0.152222 -0.0110605 -0.988285
bt -0.344246 0.937467 -0.051483
t -0.0475705 -0.0131874 -0.998781
bt -0.434264 0.89466 -0.104868
t -0.0498622 -0.0110812 -0.998695
bt -0.347551 0.937478 0.0185361
t -0.247717 -0.0132263 -0.968742
bt -0.446593 0.894604 -0.0154038
t -0.249881 -0.0110442 -0.968213
bt -0.336544 0.937505 0.0884419
t -0.437593 -0.0132145 -0.899076
bt -0.440475 0.894638 0.074866
t -0.439604 -0.0110883 -0.898123
bt -0.312118 0.937473 0.154034
t -0.609651 -0.0132227 -0.79256
bt -0.416543 0.894593 0.161852
t -0.611347 -0.0110546 -0.791286
bt -0.274499 0.937485 0.213942
t -0.756697 -0.0131773 -0.653633
bt -0.375181 0.894673 0.242487
t -0.758168 -0.0110648 -0.651965
bt -0.225715 0.937473 0.26495
t -0.872771 -0.013204 -0.487952
bt -0.318658 0.894623 0.313221
t -0.869412 -0.0331455 -0.492974
bt -0.167828 0.937458 0.304968
t -0.953126 -0.0131681 -0.302288
bt -0.249156 0.894663 0.37081
t -0.953836 -0.0110656 -0.300125
bt -0.103216 0.937483 0.332374
t -0.881302 0.0331741 -0.471388
bt -0.167828 0.937458 0.304968
t 0.974151 -0.0570456 0.218576
bt -0.0689886 -0.937494 0.341095
t 0.999913 -0.0130716 0.00165353
bt 0.00106003 -0.937491 0.348009
t 0.92174 0.0110783 0.387649
bt -0.136236 -0.937486 0.32025
t 0.82905 0.0331491 0.558191
bt -0.197888 -0.937515 0.286191
t 0.699716 0.0331311 0.713652
bt -0.251434 -0.937519 0.240499
t 0.815037 -0.0331718 0.578459
bt -0.197888 -0.937515 0.286191
t 0.53508 0.0110308 0.844729
bt -0.294721 -0.937506 0.184991
t 0.681923 -0.0331321 0.730673
bt -0.251434 -0.937519 0.240499
t 0.354127 0.0110979 0.935132
bt -0.325955 -0.937492 0.121907
t 0.1586 0.0110233 0.987282
bt -0.343792 -0.937505 0.0537686
t -0.0433757 0.0110235 0.998998
bt -0.347571 -0.937509 -0.0164855
t -0.24357 0.011092 0.96982
bt -0.337153 -0.937498 -0.0861702
t -0.433812 0.0110931 0.900935
bt -0.312929 -0.937491 -0.152268
t -0.606288 0.0110558 0.795168
bt -0.275857 -0.937482 -0.212204
t -0.748132 0.033121 0.662723
bt -0.227423 -0.937523 -0.263305
t -0.87071 0.0110576 0.491672
bt -0.169858 -0.937504 -0.303702
t -0.764237 -0.0331578 0.644083
bt -0.227423 -0.937523 -0.263305
t -0.951875 0.0110415 0.306288
bt -0.105234 -0.937495 -0.331706
t 0.982075 0.0355726 0.185102
bt -0.0646129 0.928832 -0.364824
t 0.981828 0.0201741 0.188697
bt 0.0855876 0.902086 -0.422985
t 0.999552 0.0256269 -0.0154712
bt -0.00149447 0.902091 -0.431544
t 0.99966 0.0232494 -0.0118282
bt -0.00124224 0.937501 -0.347981
t 0.92174 0.011072 0.387651
bt 0.0102374 0.928857 -0.370296
t 0.922577 0.0131769 0.385587
bt 0.168961 0.902074 -0.397134
t 0.82905 0.0331491 0.558191
bt 0.0273753 0.918061 -0.395492
t 0.826053 0.0131924 0.563439
bt 0.245372 0.902069 -0.355054
t 0.699716 0.0331311 0.713652
bt 0.106386 0.918044 -0.38194
t 0.695782 0.0131682 0.718132
bt 0.311981 0.902065 -0.29824
t 0.815036 -0.0331742 0.57846
bt 0.19789 0.937462 -0.286366
t 0.535092 0.0110688 0.844721
bt 0.220028 0.928831 -0.298095
t 0.536973 0.0132219 0.843496
bt 0.365549 0.902062 -0.229475
t 0.681911 -0.0331746 0.730683
bt 0.251623 0.937456 -0.240544
t 0.354124 0.0110879 0.935133
bt 0.275433 0.928839 -0.247781
t 0.356175 0.0131709 0.934327
bt 0.404249 0.902062 -0.15122
t 0.158595 0.0110102 0.987282
bt 0.319725 0.928818 -0.187279
t 0.160757 0.013185 0.986906
bt 0.426441 0.902047 -0.0667826
t -0.0433697 0.0110397 0.998998
bt 0.350892 0.928822 -0.119017
t -0.0411485 0.0131695 0.999066
bt 0.431037 0.902098 0.0206677
t -0.24357 0.0110922 0.96982
bt 0.367603 0.928852 -0.0458486
t -0.2414 0.0131904 0.970336
bt 0.418124 0.902071 0.106955
t -0.433812 0.0110932 0.900935
bt 0.369312 0.928853 0.0290073
t -0.431825 0.0132286 0.90186
bt 0.388138 0.902047 0.188838
t -0.606292 0.0110434 0.795166
bt 0.355942 0.928854 0.102645
t -0.604529 0.0131699 0.796475
bt 0.342215 0.902078 0.262952
t -0.748132 0.033121 0.662723
bt 0.37611 0.918029 0.125553
t -0.752446 0.0132456 0.658521
bt 0.282297 0.902095 0.326393
t -0.870712 0.0110484 0.49167
bt 0.28677 0.928805 0.234699
t -0.869614 0.0131742 0.493557
bt 0.210758 0.902059 0.376656
t -0.764233 -0.0331413 0.644088
bt 0.227757 0.93745 0.263277
t -0.951873 0.0110566 0.306293
bt 0.233536 0.928832 0.287632
t -0.951158 0.0132124 0.30842
bt 0.130456 0.902049 0.411448
t -0.995699 0.0132116 -0.091697
bt 0.0422137 -0.902071 -0.429519
t 0.980047 -0.0132028 -0.198325
bt 0.0883142 -0.902064 0.42247
t 0.99946 -0.0307673 0.0115057
bt 0.00143277 -0.902056 0.431618
t 0.920055 -0.013214 -0.391566
bt 0.171471 -0.902058 0.396092
t 0.82239 -0.0131718 -0.568771
bt 0.24776 -0.902055 0.353428
t 0.691163 -0.0132068 -0.722578
bt 0.313828 -0.902064 0.296298
t 0.531517 -0.0131678 -0.846946
bt 0.36702 -0.902057 0.227134
t 0.350076 -0.013193 -0.936628
bt 0.405256 -0.902052 0.148561
t 0.154432 -0.01317 -0.987916
bt 0.426838 -0.902066 0.0639294
t -0.0475767 -0.0131746 -0.998781
bt 0.43099 -0.902054 -0.0233619
t -0.24772 -0.013219 -0.968741
bt 0.417497 -0.902068 -0.109404
t -0.437597 -0.0132058 -0.899074
bt 0.386866 -0.902061 -0.191366
t -0.609644 -0.013241 -0.792565
bt 0.34046 -0.902068 -0.265256
t -0.756694 -0.0131862 -0.653637
bt 0.280216 -0.902049 -0.328307
t -0.872773 -0.013193 -0.487947
bt 0.208264 -0.902074 -0.378006
t -0.953124 -0.0131787 -0.302293
bt 0.127829 -0.902054 -0.41226
t 0.699381 0.0391924 -0.713674
bt -0.316224 -0.90451 -0.286119
t 0.672482 -0.0392356 -0.739072
bt -0.309945 -0.904547 -0.292793
t 0.361219 0.0391878 -0.931657
bt -0.403409 -0.904514 -0.13826
t 0.326534 -0.0391151 -0.944376
bt -0.400284 -0.904551 -0.146832

