g sponza_362
t 0.996239 0.00620014 -0.0864295
bt -0.131706 -0.3245 -0.936671
t 0.996792 -0.00625431 0.0797965
bt 0.0595696 -0.324487 -0.944012
t 0.99795 0 0.0640045
bt -0.035408 0 -0.999373
t 0.997486 0 -0.0708656
bt -0.102709 0 -0.994711
t 0.994887 0.00781717 -0.100694
bt -0.0462627 -0.904535 -0.423883
t 0.995516 -0.00785331 0.0942619
bt 0.0399118 -0.904537 -0.424523
t 0.995242 -0.00347453 0.097376
bt 0.0171614 -0.984834 -0.172649
t 0.994595 0.0034701 -0.103771
bt -0.0296576 -0.984769 -0.171323
t 0.994548 0.00197741 -0.104264
bt 0.00188277 -0.998267 -0.0588186
t 0.995199 -0.00196599 0.0978519
bt 0.00985571 -0.998296 -0.0575108
t 0.994902 -0.0110298 -0.100241
bt 0.0844043 -0.936388 0.340666
t 0.995527 0.0110559 0.0938291
bt -0.00995233 -0.937215 0.348609
t 0.994786 -0.0068206 -0.101757
bt -0.0161758 -0.93186 0.362457
t 0.994589 0.00339635 -0.103834
bt 0.0743151 -0.981217 -0.178019
t 0.995245 -0.00340187 0.0973412
bt 0.0682814 -0.984116 -0.163869
t 0.995423 0.00684513 0.0953171
bt -0.0627883 -0.932857 0.354734
t -0.98244 0.00633442 0.186474
bt 0.226614 -0.324372 0.918384
t -0.999129 -0.0125986 0.0397894
bt -0.00707234 -0.324578 0.945833
t -0.998737 0 0.0502522
bt 0.136705 0 0.990612
t -0.985245 0 0.171149
bt 0.269287 0 0.96306
t -0.924658 0.00619131 0.380749
bt 0.406238 -0.324441 0.85423
t -0.930535 0 0.366203
bt 0.456991 0 0.889471
t -0.829128 0.00621448 0.559025
bt 0.569832 -0.324401 0.75502
t -0.837737 0 0.546074
bt 0.627132 0 0.778913
t -0.6997 0.0062245 0.71441
bt 0.710947 -0.324421 0.623944
t -0.710878 0 0.703315
bt 0.771433 0 0.636311
t -0.541762 0.0062201 0.840509
bt 0.821286 -0.324453 0.469275
t -0.554725 0 0.832034
bt 0.883302 0 0.468804
t -0.360932 0.00617802 0.932572
bt 0.899281 -0.324442 0.293312
t -0.375695 0 0.926744
bt 0.959797 0 0.280696
t -0.166348 0.00629289 0.986047
bt 0.93987 -0.324302 0.107108
t -0.181681 0 0.983358
bt 0.996592 0 0.0824848
t 0.0356537 0.00616339 0.999345
bt 0.94211 -0.324485 -0.0844851
t 0.0201792 0 0.999796
bt 0.992805 0 -0.119742
t 0.236276 0.00631351 0.971665
bt 0.905983 -0.324488 -0.271849
t 0.220998 0 0.975274
bt 0.948449 0 -0.31693
t 0.42713 0.00619317 0.904169
bt 0.83243 -0.324358 -0.44928
t 0.412937 0 0.91076
bt 0.864941 0 -0.501874
t 0.600101 0.00623148 0.7999
bt 0.725082 -0.324457 -0.607441
t 0.587546 0 0.809191
bt 0.746229 0 -0.66569
t 0.748974 0.00618087 0.662571
bt 0.587583 -0.324476 -0.741257
t 0.738571 0 0.674176
bt 0.596898 0 -0.802317
t 0.828196 0.0310725 0.559576
bt 0.458025 -0.324558 -0.827572
t 0.859113 0 0.511786
bt 0.423497 0 -0.905897
t 0.923981 0.0309542 0.381184
bt 0.280465 -0.324566 -0.903325
t 0.915688 -0.0311689 0.40068
bt 0.458025 -0.324558 -0.827572
t 0.94455 0 0.328368
bt 0.231937 0 -0.972731
t 0.977486 -0.0310123 0.208707
bt 0.280465 -0.324566 -0.903325
t -0.990113 0 -0.140272
bt -0.200297 0 0.979735
t -0.998737 0 0.0502522
bt 0.136705 0 0.990612
t -0.999129 -0.0125986 0.0397894
bt -0.00707234 -0.324578 0.945833
t -0.987724 -0.0148486 -0.155504
bt -0.196699 -0.324515 0.925202
t -0.932985 0 -0.359914
bt -0.392393 0 0.919798
t -0.927177 -0.0062026 -0.374573
bt -0.379004 -0.324556 0.866614
t -0.841363 0 -0.54047
bt -0.571628 0 0.820513
t -0.832723 -0.00623275 -0.553654
bt -0.544567 -0.324583 0.773365
t -0.715285 0 -0.698833
bt -0.717071 0 0.697
t -0.70429 -0.00619308 -0.709886
bt -0.6871 -0.324559 0.650043
t -0.560341 0 -0.828262
bt -0.848055 0 0.529908
t -0.547038 -0.00629562 -0.837084
bt -0.806158 -0.324667 0.494672
t -0.381639 0 -0.924311
bt -0.937406 0 0.348237
t -0.366934 -0.00624964 -0.930226
bt -0.889237 -0.324603 0.322322
t -0.187673 0 -0.982231
bt -0.988257 0 0.1528
t -0.17251 -0.00621443 -0.984988
bt -0.935917 -0.324582 0.136772
t 0.0133188 0 -0.999911
bt -0.99876 0 -0.0497864
t 0.0290476 -0.00631825 -0.999558
bt -0.944308 -0.324545 -0.05434
t 0.214393 0 -0.976748
bt -0.968669 0 -0.248357
t 0.22985 -0.00627489 -0.973206
bt -0.914086 -0.3247 -0.242935
t 0.406808 0 -0.913514
bt -0.898338 0 -0.439305
t 0.421153 -0.00619036 -0.906968
bt -0.847194 -0.324589 -0.420601
t 0.582321 0 -0.812959
bt -0.797362 0 -0.603501
t 0.595109 -0.00625322 -0.803621
bt -0.746436 -0.324607 -0.580916
t 0.734143 0 -0.678995
bt -0.651792 0 -0.758398
t 0.744607 -0.00626552 -0.667474
bt -0.61104 -0.324552 -0.722008
t 0.855601 0 -0.517636
bt -0.487016 0 -0.873393
t 0.863702 -0.00626577 -0.503963
bt -0.45348 -0.3247 -0.830016
t 0.942467 0 -0.3343
bt -0.300235 0 -0.953865
t 0.947553 -0.00614829 -0.319539
bt -0.276841 -0.324602 -0.904429
t -0.979583 0.00788059 0.200884
bt 0.0890052 -0.904495 0.417093
t -0.999223 -0.0343269 0.0193894
bt 0.00144909 -0.904492 0.426488
t -0.924167 0.0393239 0.37996
bt 0.16946 -0.904496 0.39137
t -0.820935 0.00776896 0.570969
bt 0.246219 -0.904537 0.348123
t -0.909448 -0.0392217 0.413964
bt 0.16946 -0.904496 0.39137
t -0.689262 0.00788488 0.724469
bt 0.311321 -0.904483 0.291529
t -0.529374 0.0077975 0.848353
bt 0.363635 -0.904485 0.222882
t -0.347754 0.00787471 0.937553
bt 0.400964 -0.904522 0.145147
t -0.151769 0.00776709 0.988385
bt 0.421985 -0.904518 0.0614398
t 0.0501014 0.00793834 0.998713
bt 0.4257 -0.904527 -0.0247165
t 0.250354 0.00784208 0.968123
bt 0.411967 -0.904538 -0.109975
t 0.440011 0.00778938 0.897958
bt 0.381502 -0.904502 -0.190612
t 0.611656 0.00784713 0.791085
bt 0.335251 -0.904522 -0.263529
t 0.758399 0.00785593 0.651743
bt 0.275339 -0.904534 -0.325586
t 0.874099 0.00785963 0.485685
bt 0.204187 -0.904534 -0.374335
t 0.828198 0.0310713 0.559574
bt 0.456374 -0.324627 -0.828457
t 0.953978 0.00776362 0.299777
bt 0.12467 -0.904528 -0.407783
t 0.915688 -0.0311689 0.40068
bt 0.299992 -0.319856 -0.89872
t 0.923989 0.0309472 0.381165
bt 0.280361 -0.324632 -0.903334
t 0.977486 -0.0310123 0.208707
bt 0.11273 -0.319843 -0.94074
t -0.999223 -0.0343269 0.0193894
bt 0.00144909 -0.904492 0.426488
t -0.98236 -0.0289421 -0.184746
bt -0.0845953 -0.904504 0.41799
t -0.9216 -0.007868 -0.38806
bt -0.166935 -0.904523 0.39239
t -0.824615 -0.00784422 -0.56564
bt -0.242451 -0.904529 0.350779
t -0.703961 -0.0392474 -0.709154
bt -0.308104 -0.904496 0.294888
t -0.677299 0.0389891 -0.734674
bt -0.308104 -0.904496 0.294888
t -0.534684 -0.00782612 -0.845016
bt -0.361213 -0.904485 0.226788
t -0.353684 -0.00780289 -0.935332
bt -0.399442 -0.904489 0.149483
t -0.172729 -0.0392832 -0.984186
bt -0.421343 -0.904495 0.0660231
t -0.13622 0.0390528 -0.989909
bt -0.421343 -0.904495 0.0660231
t 0.0437479 -0.00781161 -0.999012
bt -0.425931 -0.90453 -0.020204
t 0.24393 -0.00785598 -0.969761
bt -0.413117 -0.904539 -0.105567
t 0.434136 -0.0077998 -0.900813
bt -0.383428 -0.904537 -0.186536
t 0.606663 -0.00783583 -0.794921
bt -0.338074 -0.904527 -0.25988
t 0.754274 -0.00792823 -0.656512
bt -0.278809 -0.904534 -0.322622
t 0.862966 -0.0390525 -0.503751
bt -0.208134 -0.904498 -0.372241
t 0.880998 0.0393083 -0.471484
bt -0.208134 -0.904498 -0.372241
t 0.952005 -0.0078576 -0.305982
bt -0.128964 -0.904544 -0.406409
t -0.991783 -0.1254 0.0253162
bt 0.000443447 -0.984833 0.173503
t -0.978982 0.00338439 0.20392
bt 0.0356103 -0.984833 0.169809
t -0.978878 0.00198105 0.204433
bt 0.00426656 -0.998263 0.0587672
t -0.99943 -0.033363 0.00515453
bt -0.00406141 -0.998284 0.0584121
t -0.917869 0.00348471 0.396867
bt 0.0689612 -0.984834 0.159208
t -0.917701 0.00196932 0.397268
bt 0.0161271 -0.99827 0.0565457
t -0.819188 0.0034841 0.573514
bt 0.0995 -0.984833 0.142138
t -0.818943 0.00197751 0.573872
bt 0.0270726 -0.998262 0.0523376
t -0.68705 0.0034586 0.726602
bt 0.126138 -0.984834 0.119127
t -0.686715 0.00197137 0.726924
bt 0.0369388 -0.998268 0.0457898
t -0.526701 0.00357552 0.850043
bt 0.1498 -0.984825 0.0876313
t -0.5263 0.00197277 0.850296
bt 0.0467786 -0.998278 0.0353876
t -0.344773 0.00346606 0.93868
bt 0.162878 -0.984835 0.0597567
t -0.344295 0.00197766 0.93886
bt 0.0537753 -0.998289 0.0229816
t -0.148748 0.00348938 0.988869
bt 0.171587 -0.984835 0.0256666
t -0.148359 0.00196992 0.988932
bt 0.0564903 -0.998268 0.0163937
t 0.0533049 0.0034839 0.998572
bt 0.173352 -0.984817 -0.00924167
t 0.0537757 0.0019823 0.998551
bt 0.0588375 -0.998257 0.004671
t 0.253156 0.0034681 0.967419
bt 0.167866 -0.984834 -0.0438563
t 0.253625 0.00197057 0.967301
bt 0.0584395 -0.998266 -0.00698645
t 0.442762 0.00346365 0.896633
bt 0.155559 -0.984835 -0.0768268
t 0.442953 0.00591673 0.896525
bt 0.0575997 -0.998226 -0.0150424
t 0.614224 0.00349874 0.789124
bt 0.136826 -0.984851 -0.10652
t 0.614384 0.00589544 0.788985
bt 0.0531543 -0.99824 -0.0263101
t 0.443596 -0.00592228 0.896207
bt 0.0523284 -0.998299 -0.0257117
t 0.760482 0.00346463 0.64935
bt 0.109317 -0.984844 -0.134655
t 0.760805 0.00196895 0.648978
bt 0.0419903 -0.99829 -0.0406782
t 0.614945 -0.00590005 0.788548
bt 0.0458968 -0.998311 -0.0356303
t 0.875626 0.00348265 0.482977
bt 0.0838976 -0.984833 -0.151874
t 0.875829 0.00197429 0.482618
bt 0.031064 -0.998288 -0.0495614
t 0.954908 0.00347471 0.296881
bt 0.0515463 -0.984851 -0.165565
t 0.955061 0.00197042 0.296403
bt 0.0250307 -0.998272 -0.0531677
t -0.980449 -0.0594475 -0.187579
bt -0.0232771 -0.984771 0.172293
t -0.991783 -0.1254 0.0253162
bt 0.000443447 -0.984833 0.173503
t -0.99943 -0.033363 0.00515453
bt -0.00406141 -0.998284 0.0584121
t -0.978841 -0.0647505 -0.194106
bt -0.015908 -0.998284 0.0563634
t -0.920432 -0.00347213 -0.390888
bt -0.057299 -0.984767 0.164165
t -0.920232 -0.00197166 -0.391367
bt -0.0266654 -0.99829 0.0520133
t -0.822933 -0.00346503 -0.568128
bt -0.0891399 -0.984768 0.149288
t -0.822641 -0.00196887 -0.568558
bt -0.0365633 -0.998291 0.0455959
t -0.691732 -0.00345448 -0.722146
bt -0.117409 -0.984768 0.128244
t -0.691337 -0.00196698 -0.72253
bt -0.0433922 -0.998298 0.0389764
t -0.532183 -0.0034706 -0.846622
bt -0.13851 -0.98471 0.105645
t -0.531727 -0.00197585 -0.846914
bt -0.0490924 -0.998299 0.0314549
t -0.350771 -0.00348074 -0.936455
bt -0.158463 -0.984769 0.0715486
t -0.350296 -0.00197647 -0.936637
bt -0.0561475 -0.998285 0.0165799
t -0.155146 -0.00346399 -0.987885
bt -0.169601 -0.984767 0.038337
t -0.15458 -0.00197468 -0.987978
bt -0.058223 -0.998291 0.00502563
t 0.0468066 -0.00348255 -0.998898
bt -0.173943 -0.98475 0.00333188
t 0.0472659 -0.00197911 -0.99888
bt -0.0582333 -0.998279 -0.00695707
t 0.246955 -0.00347659 -0.969021
bt -0.170919 -0.98477 -0.0318602
t 0.247511 -0.00197358 -0.968883
bt -0.0554199 -0.99829 -0.018601
t 0.436971 -0.00345882 -0.899469
bt -0.160941 -0.984787 -0.0655212
t 0.437546 -0.00196599 -0.899194
bt -0.0502586 -0.998307 -0.0292737
t 0.609069 -0.00347156 -0.79311
bt -0.144397 -0.984787 -0.0966679
t 0.609449 -0.00196469 -0.792823
bt -0.0448927 -0.998303 -0.0370963
t 0.75626 -0.00346761 -0.654263
bt -0.125326 -0.984712 -0.120976
t 0.756594 -0.00196625 -0.653882
bt -0.0384369 -0.998305 -0.0437035
t 0.872495 -0.00347888 -0.488611
bt -0.094892 -0.984767 -0.145701
t 0.872757 -0.00197429 -0.48815
bt -0.0248101 -0.998296 -0.05281
t 0.952991 -0.00348049 -0.302978
bt -0.0633121 -0.984769 -0.161928
t 0.953145 -0.00197032 -0.302508
bt -0.0134673 -0.998296 -0.0567834
t -0.979622 -0.0110763 0.200544
bt -0.118566 -0.93638 -0.330356
t -0.999913 -0.0130675 -0.00165201
bt -0.00111513 -0.937491 -0.348009
t -0.919238 -0.0110533 0.393547
bt -0.182548 -0.936399 -0.299721
t -0.821175 -0.0110611 0.570569
bt -0.239142 -0.936392 -0.256867
t -0.689485 -0.0110475 0.724216
bt -0.285949 -0.936413 -0.203382
t -0.529644 -0.0110341 0.848148
bt -0.321043 -0.9364 -0.141727
t -0.348045 -0.0110515 0.937413
bt -0.343019 -0.936396 -0.0741673
t -0.152213 -0.0110407 0.988286
bt -0.351021 -0.936361 -0.00361285
t 0.0497556 -0.011084 0.9987
bt -0.344582 -0.936356 0.0670835
t 0.24978 -0.0110448 0.96824
bt -0.323926 -0.936399 0.135018
t 0.43963 -0.0110116 0.898112
bt -0.290075 -0.936409 0.19747
t 0.611348 -0.0110517 0.791284
bt -0.24452 -0.93635 0.251911
t 0.75811 -0.0110974 0.652032
bt -0.188739 -0.936384 0.295908
t 0.869412 -0.0331455 0.492974
bt -0.103914 -0.935049 0.338948
t 0.953809 -0.0110353 0.30021
bt -0.0568105 -0.936394 0.346322
t 0.881301 0.0331701 0.47139
bt -0.167899 -0.937518 0.304747
t -0.982864 -0.0274398 -0.18228
bt -0.0228909 -0.859738 0.510221
t -0.979746 -0.078223 -0.184333
bt -0.0732177 -0.984642 0.158493
t -0.999432 -0.0325184 0.0088526
bt 0.000569492 -0.98544 0.170022
t -0.999928 -0.00862691 0.00830993
bt 0.0016316 -0.862412 0.506205
t -0.922188 -0.00887858 -0.386639
bt -0.125205 -0.85975 0.49513
t -0.920441 -0.00338421 -0.390867
bt -0.103607 -0.98464 0.140537
t -0.825499 -0.00886261 -0.564334
bt -0.222311 -0.859744 0.459802
t -0.822941 -0.0033946 -0.568116
bt -0.129796 -0.984636 0.116807
t -0.694996 -0.00884981 -0.718959
bt -0.310275 -0.859761 0.405635
t -0.693332 -0.0170129 -0.720417
bt -0.122982 -0.985418 0.117588
t -0.536013 -0.00890966 -0.844163
bt -0.385554 -0.859761 0.334903
t -0.532039 -0.00344053 -0.846713
bt -0.165385 -0.984627 0.056191
t -0.68907 0.0170331 -0.724495
bt -0.122982 -0.985418 0.117588
t -0.355139 -0.00886607 -0.934771
bt -0.44507 -0.859749 0.250488
t -0.350723 -0.00339654 -0.936473
bt -0.173197 -0.984648 0.0216963
t -0.159795 -0.00885518 -0.987111
bt -0.486367 -0.859771 0.155698
t -0.155129 -0.0034003 -0.987888
bt -0.174061 -0.984641 -0.0136229
t 0.0423097 -0.00891666 -0.999065
bt -0.507765 -0.859759 0.0546706
t 0.0469019 -0.00341981 -0.998894
bt -0.167776 -0.984641 -0.0483116
t 0.242506 -0.00885313 -0.97011
bt -0.508383 -0.859753 -0.0486981
t 0.246929 -0.00340659 -0.969028
bt -0.154581 -0.984643 -0.081133
t 0.432876 -0.00888412 -0.90141
bt -0.48811 -0.859793 -0.150016
t 0.436838 -0.00337617 -0.899534
bt -0.135089 -0.984641 -0.110604
t 0.605389 -0.00887044 -0.79588
bt -0.447997 -0.859751 -0.245207
t 0.608985 -0.00342086 -0.793174
bt -0.11002 -0.984641 -0.135563
t 0.753204 -0.00889442 -0.657727
bt -0.389437 -0.859766 -0.330367
t 0.756339 -0.00341702 -0.654171
bt -0.080556 -0.984642 -0.154893
t 0.870171 -0.00887393 -0.492671
bt -0.314954 -0.859754 -0.402029
t 0.872499 -0.0033893 -0.488603
bt -0.0477466 -0.984646 -0.167906
t 0.951559 -0.00888455 -0.307338
bt -0.227561 -0.859765 -0.457187
t 0.952968 -0.0033906 -0.30305
bt -0.0129005 -0.984643 -0.174101
t 0.993943 -0.00887701 -0.109536
bt -0.128358 -0.859913 -0.494039
t -0.979368 -0.0068544 0.201969
bt -0.0189402 -0.93178 -0.36253
t -0.978984 0.00338165 0.203908
bt -0.0161024 -0.984117 0.176791
t -0.999432 -0.0325184 0.0088526
bt 0.000569492 -0.98544 0.170022
t -0.998847 -0.0457905 -0.0144187
bt -0.00116101 -0.933219 -0.359306
t -0.918686 -0.00676153 0.394932
bt -0.0915176 -0.93178 -0.3513
t -0.917882 0.00342446 0.396838
bt 0.0198173 -0.984115 0.176425
t -0.820388 -0.00683283 0.571767
bt -0.160387 -0.931776 -0.325683
t -0.819228 0.00338957 0.573458
bt 0.0548507 -0.984109 0.168884
t -0.688458 -0.00683106 0.725244
bt -0.222672 -0.931775 -0.286729
t -0.686994 0.00339853 0.726655
bt 0.0877236 -0.984108 0.154391
t -0.528355 -0.00680468 0.848996
bt -0.275853 -0.931779 -0.235994
t -0.526732 0.00341551 0.850025
bt 0.11699 -0.984106 0.133599
t -0.346735 -0.00682031 0.937938
bt -0.317692 -0.931789 -0.175618
t -0.34486 0.00342185 0.938648
bt 0.141641 -0.9841 0.107173
t -0.150891 -0.00680578 0.988527
bt -0.346535 -0.931779 -0.108174
t -0.148727 0.0033853 0.988872
bt 0.1602 -0.984108 0.0766053
t 0.0512853 -0.00679393 0.998661
bt -0.361203 -0.931786 -0.0361645
t 0.0533011 0.00338486 0.998573
bt 0.172319 -0.984114 0.0427343
t 0.251298 -0.00681146 0.967886
bt -0.361088 -0.931786 0.0372759
t 0.25322 0.00340816 0.967403
bt 0.177428 -0.984107 0.00725948
t 0.440935 -0.00684207 0.897513
bt -0.346205 -0.931778 0.109233
t 0.442824 0.00340441 0.896602
bt 0.175221 -0.984112 -0.028671
t 0.612576 -0.00680473 0.790382
bt -0.317166 -0.931774 0.176644
t 0.614186 0.00342867 0.789154
bt 0.165883 -0.984111 -0.0633134
t 0.75909 -0.00687046 0.65095
bt -0.275067 -0.931777 0.236916
t 0.760514 0.00341888 0.649313
bt 0.14961 -0.98412 -0.0955204
t 0.874638 -0.00683105 0.484729
bt -0.221834 -0.931768 0.287399
t 0.875612 0.00339633 0.483003
bt 0.12739 -0.984112 -0.123675
t 0.954298 -0.0067878 0.29878
bt -0.159448 -0.931772 0.326154
t 0.954942 0.00338875 0.296775
bt 0.099943 -0.984113 -0.146744
t -0.974353 -0.0542663 -0.218381
bt 0.0679046 -0.933217 -0.352839
t -0.998847 -0.0457905 -0.0144187
bt -0.00116101 -0.933219 -0.359306
t -0.921193 0.00677518 -0.389048
bt 0.137458 -0.933212 -0.331995
t -0.824025 0.00682868 -0.566513
bt 0.201564 -0.933214 -0.29746
t -0.693175 0.00684502 -0.720737
bt 0.257259 -0.933213 -0.25086
t -0.703961 -0.0392474 -0.709154
bt -0.308028 -0.904549 0.294806
t -0.533898 0.00680931 -0.845521
bt 0.302507 -0.933219 -0.193887
t -0.677256 0.0391046 -0.734708
bt -0.308028 -0.904549 0.294806
t -0.352727 0.00678418 -0.935702
bt 0.335324 -0.933217 -0.129088
t -0.157116 0.00683093 -0.987557
bt 0.354462 -0.933215 -0.0588698
t -0.172729 -0.0392832 -0.984186
bt -0.421241 -0.904549 0.0659319
t 0.044939 0.00685548 -0.998966
bt 0.359047 -0.93322 0.0136527
t -0.136151 0.0391991 -0.989912
bt -0.421241 -0.904549 0.0659319
t 0.24498 0.00680425 -0.969504
bt 0.348949 -0.933218 0.0856628
t 0.43512 0.00684759 -0.900347
bt 0.324578 -0.93322 0.154112
t 0.607509 0.00677367 -0.794284
bt 0.286893 -0.933219 0.216321
t 0.754972 0.00685441 -0.655721
bt 0.237481 -0.933218 0.269641
t 0.871488 0.00679928 -0.49037
bt 0.178349 -0.933216 0.311929
t 0.862966 -0.0390525 -0.503751
bt -0.208142 -0.904548 -0.372115
t 0.952356 0.0068522 -0.304911
bt 0.111905 -0.933214 0.341451
t 0.880957 0.0390926 -0.471578
bt -0.208142 -0.904548 -0.372115
t 0.995649 -0.00892383 0.0927602
bt 0.0521547 -0.862425 -0.50349
t -0.979872 0.00887352 0.199429
bt 0.100993 -0.862419 0.496017
t -0.999928 -0.00862691 0.00830993
bt 0.0016316 -0.862412 0.506205
t -0.919669 0.00883318 0.392594
bt 0.198733 -0.862412 0.465565
t -0.821827 0.00889886 0.569668
bt 0.288411 -0.862409 0.416016
t -0.690333 0.00887118 0.723437
bt 0.366266 -0.862403 0.349444
t -0.530607 0.00893066 0.847571
bt 0.429077 -0.862423 0.268549
t -0.349118 0.0088387 0.937037
bt 0.474351 -0.862414 0.17673
t -0.15341 0.00881641 0.988123
bt 0.500212 -0.862421 0.0775797
t 0.0487086 0.0088825 0.998774
bt 0.505579 -0.862427 -0.0246821
t 0.248769 0.00886484 0.968522
bt 0.490279 -0.862423 -0.125913
t 0.438561 0.0089013 0.898657
bt 0.454823 -0.862466 -0.222009
t 0.610524 0.00883653 0.791948
bt 0.400865 -0.862424 -0.309081
t 0.757459 0.00890399 0.652822
bt 0.330456 -0.862411 -0.383466
t 0.873357 0.00884117 0.487
bt 0.24646 -0.862452 -0.442079
t 0.953504 0.00892455 0.301248
bt 0.152443 -0.862413 -0.482705
t -0.979729 -0.00442153 -0.200279
bt 0.0941036 -0.902023 -0.421306
t -0.999461 -0.030761 -0.0115027
bt -0.00143277 -0.902056 -0.431618
t -0.922545 0.0132205 -0.385664
bt 0.177015 -0.902018 -0.393737
t -0.826051 0.0131874 -0.563441
bt 0.252551 -0.90203 -0.350086
t -0.695786 0.0131804 -0.718128
bt 0.317818 -0.902032 -0.292114
t -0.536962 0.0131951 -0.843503
bt 0.370156 -0.902032 -0.222086
t -0.356185 0.013195 -0.934322
bt 0.407306 -0.902032 -0.14297
t -0.160849 0.0131513 -0.986892
bt 0.42775 -0.902033 -0.0580173
t 0.041248 0.0131902 -0.999062
bt 0.430655 -0.902041 0.0292877
t 0.241495 0.0132132 -0.970312
bt 0.415988 -0.902022 0.11537
t 0.431835 0.0132058 -0.901856
bt 0.384262 -0.902038 0.196648
t 0.604504 0.0132325 -0.796492
bt 0.336811 -0.902026 0.270014
t 0.752448 0.013238 -0.658519
bt 0.275512 -0.902019 0.332349
t 0.869612 0.0131804 -0.493559
bt 0.202979 -0.902032 0.380968
t 0.951165 0.0131718 -0.308402
bt 0.122237 -0.902037 0.413989
t 0.993777 0.0132108 -0.110599
bt 0.0363895 -0.902042 0.430112
t 0.995096 -0.0131875 -0.0980319
bt 0.0828244 0.894596 -0.439133
t 0.994902 -0.0110298 -0.100241
bt -0.103614 0.935351 -0.338204
t 0.995526 0.0110341 0.0938372
bt 0.0342486 0.937501 -0.346293
t 0.995699 0.0131968 0.0917041
bt 0.105961 0.900198 -0.422394
t -0.980047 -0.0131963 0.198328
bt -0.0378804 0.894632 0.445195
t -0.979621 -0.0110621 0.200549
bt 0.07119 0.937515 0.340585
t -0.99966 0.023246 0.011827
bt 0.00124224 0.937501 0.347981
t -0.999552 0.0256234 0.0154695
bt 0.00149447 0.902091 0.431544
t -0.92005 -0.0131827 0.39158
bt 0.0524436 0.89464 0.4437
t -0.919238 -0.0110508 0.393548
bt 0.138209 0.937487 0.3194
t -0.822403 -0.0132201 0.568752
bt 0.140635 0.894641 0.424075
t -0.821178 -0.0110751 0.570565
bt 0.199754 0.9375 0.284941
t -0.691054 -0.0132165 0.722682
bt 0.223144 0.894639 0.387077
t -0.689483 -0.0110407 0.724218
bt 0.252968 0.937464 0.239098
t -0.531441 -0.0131697 0.846993
bt 0.296504 0.894595 0.334342
t -0.529642 -0.0110268 0.84815
bt 0.295895 0.937487 0.183205
t -0.350127 -0.0132139 0.936609
bt 0.357775 0.894589 0.267782
t -0.348059 -0.0110912 0.937407
bt 0.326704 0.937492 0.119889
t -0.15455 -0.0131922 0.987897
bt 0.404308 0.89465 0.190095
t -0.152209 -0.0110298 0.988287
bt 0.344297 0.937452 0.0514198
t 0.04767 -0.0132097 0.998776
bt 0.434401 0.894589 0.104913
t 0.0497664 -0.0110549 0.9987
bt 0.347597 0.93746 -0.0185932
t 0.247734 -0.0131897 0.968738
bt 0.446611 0.894594 0.0154931
t 0.249768 -0.0110765 0.968242
bt 0.336613 0.93749 -0.0883383
t 0.437591 -0.01322 0.899077
bt 0.440483 0.894635 -0.0748474
t 0.439626 -0.0110215 0.898113
bt 0.312024 0.937473 -0.154225
t 0.609656 -0.013211 0.792556
bt 0.416503 0.894601 -0.161909
t 0.611358 -0.0110205 0.791278
bt 0.274632 0.93747 -0.213839
t 0.756737 -0.0132146 0.653586
bt 0.375344 0.894611 -0.242462
t 0.758111 -0.0110933 0.652031
bt 0.225561 0.937511 -0.264946
t 0.872775 -0.0131875 0.487945
bt 0.318654 0.894623 -0.313224
t 0.869412 -0.0331455 0.492974
bt 0.167928 0.937458 -0.304913
t 0.953122 -0.0131882 0.302297
bt 0.249119 0.894667 -0.370824
t 0.953809 -0.0110366 0.30021
bt 0.102849 0.9375 -0.332439
t 0.881299 0.0331551 0.471395
bt 0.167928 0.937458 -0.304913
t -0.974153 -0.0570315 -0.218571
bt 0.0689904 -0.937494 -0.341094
t -0.999913 -0.0130675 -0.00165201
bt -0.00111513 -0.937491 -0.348009
t -0.92174 0.0110759 -0.38765
bt 0.136239 -0.937486 -0.320249
t -0.824788 0.0110597 -0.565333
bt 0.197934 -0.937494 -0.286228
t -0.694216 0.0110249 -0.719682
bt 0.25142 -0.937493 -0.240614
t -0.535098 0.0110884 -0.844717
bt 0.294737 -0.937506 -0.184967
t -0.354022 0.0110589 -0.935171
bt 0.325937 -0.937506 -0.121853
t -0.158602 0.0110332 -0.987281
bt 0.343926 -0.937454 -0.0538011
t 0.0433503 0.0110949 -0.998998
bt 0.347709 -0.937458 0.0164912
t 0.243579 0.0110659 -0.969818
bt 0.337149 -0.937498 0.0861878
t 0.433825 0.0110546 -0.900929
bt 0.312915 -0.937491 0.152297
t 0.606216 0.0110619 -0.795223
bt 0.275845 -0.937505 0.212119
t 0.75396 0.011064 -0.656827
bt 0.227435 -0.937495 0.263395
t 0.870715 0.0110297 -0.491664
bt 0.169816 -0.937504 0.303725
t 0.951873 0.011057 -0.306294
bt 0.105234 -0.937495 0.331706
t -0.982075 0.0355658 -0.185105
bt 0.0646406 0.928828 0.364828
t -0.981828 0.0201769 -0.188696
bt -0.0855089 0.902086 0.423001
t -0.999552 0.0256234 0.0154695
bt 0.00149447 0.902091 0.431544
t -0.99966 0.023246 0.011827
bt 0.00124224 0.937501 0.347981
t -0.921738 0.011063 -0.387654
bt -0.0102249 0.928856 0.370301
t -0.922544 0.0132179 -0.385665
bt -0.169003 0.902099 0.397059
t -0.824788 0.0110589 -0.565334
bt -0.0846273 0.928846 0.360672
t -0.826048 0.0131741 -0.563446
bt -0.245523 0.902069 0.35495
t -0.69422 0.0110395 -0.719678
bt -0.155587 0.928874 0.336133
t -0.695794 0.0132024 -0.718121
bt -0.312088 0.902065 0.298129
t -0.535098 0.0110882 -0.844717
bt -0.220056 0.928837 0.298056
t -0.536955 0.0131764 -0.843508
bt -0.365486 0.902062 0.229575
t -0.354019 0.01105 -0.935173
bt -0.27546 0.928803 0.247887
t -0.356178 0.0131779 -0.934325
bt -0.404285 0.902062 0.151123
t -0.158608 0.0110494 -0.98728
bt -0.31978 0.928811 0.187216
t -0.160864 0.0131834 -0.986889
bt -0.426437 0.902057 0.0666767
t 0.0433539 0.0110854 -0.998998
bt -0.350934 0.928798 0.119078
t 0.0412453 0.0131959 -0.999062
bt -0.431178 0.902037 -0.0203935
t 0.24358 0.011063 -0.969818
bt -0.367631 0.928834 0.0459861
t 0.241493 0.0132182 -0.970313
bt -0.418106 0.902087 -0.106892
t 0.433818 0.0110745 -0.900932
bt -0.369307 0.928854 -0.029018
t 0.431832 0.0132136 -0.901857
bt -0.388123 0.902047 -0.188868
t 0.606219 0.0110503 -0.795221
bt -0.355959 0.928834 -0.102768
t 0.604514 0.0132075 -0.796485
bt -0.342197 0.902078 -0.262975
t 0.753962 0.0110584 -0.656825
bt -0.3281 0.928821 -0.172171
t 0.752451 0.013229 -0.658515
bt -0.282236 0.902095 -0.326445
t 0.870716 0.0110278 -0.491663
bt -0.2868 0.928801 -0.234681
t 0.869611 0.0131849 -0.493561
bt -0.210985 0.902059 -0.37653
t 0.951873 0.0110532 -0.306292
bt -0.233643 0.928817 -0.287592
t 0.951165 0.013171 -0.308402
bt -0.130254 0.902049 -0.411512
t 0.995699 0.0132066 0.0916994
bt -0.0423769 -0.902071 0.429503
t -0.980047 -0.013192 0.19833
bt -0.0883142 -0.902064 -0.42247
t -0.999461 -0.030761 -0.0115027
bt -0.00143277 -0.902056 -0.431618
t -0.920052 -0.0131931 0.391575
bt -0.17162 -0.902058 -0.396028
t -0.822399 -0.0132025 0.568759
bt -0.24765 -0.902055 -0.353505
t -0.691065 -0.0132506 0.722671
bt -0.313715 -0.902122 -0.29624
t -0.531441 -0.0131701 0.846993
bt -0.36704 -0.90207 -0.227051
t -0.350116 -0.0131903 0.936613
bt -0.405217 -0.902075 -0.148527
t -0.15455 -0.0131935 0.987897
bt -0.42681 -0.902062 -0.0641697
t 0.0476655 -0.013219 0.998776
bt -0.430938 -0.902077 0.0234291
t 0.24773 -0.0131986 0.968739
bt -0.417446 -0.902068 0.109597
t 0.437598 -0.013205 0.899074
bt -0.386899 -0.902061 0.1913
t 0.609654 -0.0132162 0.792558
bt -0.34038 -0.902068 0.265359
t 0.756735 -0.0132197 0.653588
bt -0.280163 -0.902065 0.328309
t 0.872774 -0.0131891 0.487946
bt -0.208222 -0.902074 0.37803
t 0.953121 -0.0131977 0.302301
bt -0.128029 -0.902054 0.412198
t -0.924151 0.0392142 0.38001
bt 0.177717 -0.904512 0.387654
t -0.909448 -0.0392217 0.413964
bt 0.169384 -0.904549 0.391281
t -0.693332 -0.0170128 -0.720417
bt -0.25914 -0.965369 -0.0301489
t -0.689074 0.0170073 -0.724492
bt -0.122802 -0.985467 0.117361

