g sponza_264
t 1 -1.01004e-06 8.59937e-06
bt 0 -0.258808 -0.965929
t 0.86602 -0.482976 0.129399
bt 1.85886e-05 -0.258787 -0.965934
t 0.866021 -0.482965 0.129432
bt 1.81067e-05 -0.258787 -0.965935
t 1 -3.65587e-06 6.97166e-06
bt 0 -0.258808 -0.965929
t 0.500037 -0.836507 0.224098
bt 1.65581e-05 -0.25881 -0.965928
t 0.500037 -0.836494 0.224146
bt 1.58087e-05 -0.258809 -0.965928
t 0 -0.965916 0.258855
bt 0 -0.258818 -0.965926
t 0 -0.965935 0.258785
bt 0 -0.25882 -0.965926
t -0.500036 -0.836492 0.224154
bt -1.58057e-05 -0.258809 -0.965928
t -0.500035 -0.836489 0.224166
bt -1.57247e-05 -0.258809 -0.965928
t -0.866017 -0.482985 0.129379
bt -1.93645e-05 -0.258787 -0.965934
t -0.866017 -0.482968 0.12945
bt -1.86638e-05 -0.258787 -0.965935
t -1 -5.0502e-06 -6.47854e-06
bt 0 -0.258808 -0.965929
t -1 -3.65587e-06 6.97166e-06
bt 0 -0.258808 -0.965929
t -0.86602 0.482975 -0.1294
bt 1.91126e-05 -0.258787 -0.965934
t -0.866021 0.482965 -0.129432
bt 1.97325e-05 -0.258787 -0.965934
t -0.500037 0.836503 -0.224112
bt 1.55506e-05 -0.258809 -0.965929
t -0.500037 0.836487 -0.224172
bt 1.64273e-05 -0.25881 -0.965928
t 0 0.965921 -0.258836
bt 0 -0.258819 -0.965926
t 0 0.965927 -0.258813
bt 0 -0.258817 -0.965926
t 0.500036 0.83649 -0.224164
bt -1.65498e-05 -0.25881 -0.965928
t 0.500035 0.836502 -0.224118
bt -1.62728e-05 -0.25881 -0.965928
t 0.866017 0.482985 -0.12938
bt -1.83367e-05 -0.258787 -0.965934
t 0.866017 0.482967 -0.129452
bt -1.91844e-05 -0.258787 -0.965934
t 1 -1.01004e-06 8.59937e-06
bt 0 -0.258808 -0.965929
t 1 -3.65587e-06 6.97166e-06
bt 0 -0.258808 -0.965929
t 1 -4.6268e-06 -4.89589e-06
bt 0 -0.258808 -0.965929
t 0.86602 -0.482978 0.129391
bt 1.93388e-05 -0.258787 -0.965934
t 0.86602 -0.482976 0.129399
bt 1.85886e-05 -0.258787 -0.965934
t 1 -1.01004e-06 8.59937e-06
bt 0 -0.258808 -0.965929
t 0.500037 -0.836499 0.224127
bt 1.58344e-05 -0.258809 -0.965928
t 0.500037 -0.836507 0.224098
bt 1.65581e-05 -0.25881 -0.965928
t 0 -0.965922 0.258834
bt 0 -0.258819 -0.965926
t 0 -0.965916 0.258855
bt 0 -0.258818 -0.965926
t -0.500036 -0.836496 0.224139
bt -1.6144e-05 -0.25881 -0.965928
t -0.500036 -0.836492 0.224154
bt -1.58057e-05 -0.258809 -0.965928
t -0.866017 -0.482983 0.12939
bt -1.85555e-05 -0.258787 -0.965934
t -0.866017 -0.482985 0.129379
bt -1.93645e-05 -0.258787 -0.965934
t -1 -3.74429e-06 -1.60433e-06
bt 0 -0.258808 -0.965929
t -1 -5.0502e-06 -6.47854e-06
bt 0 -0.258808 -0.965929
t -0.86602 0.482979 -0.129386
bt 1.87342e-05 -0.258787 -0.965934
t -0.86602 0.482975 -0.1294
bt 1.91126e-05 -0.258787 -0.965934
t -0.500037 0.836498 -0.224131
bt 1.65171e-05 -0.25881 -0.965928
t -0.500037 0.836503 -0.224112
bt 1.55506e-05 -0.258809 -0.965929
t 0 0.965918 -0.258849
bt 0 -0.258819 -0.965926
t 0 0.965921 -0.258836
bt 0 -0.258819 -0.965926
t 0.500036 0.8365 -0.224125
bt -1.57104e-05 -0.258809 -0.965928
t 0.500036 0.83649 -0.224164
bt -1.65498e-05 -0.25881 -0.965928
t 0.866017 0.482982 -0.129394
bt -1.93879e-05 -0.258787 -0.965934
t 0.866017 0.482985 -0.12938
bt -1.83367e-05 -0.258787 -0.965934
t 1 -4.6268e-06 -4.89589e-06
bt 0 -0.258808 -0.965929
t 1 -1.01004e-06 8.59937e-06
bt 0 -0.258808 -0.965929
t 1 -8.80289e-06 -2.0429e-05
bt 0 -0.258808 -0.965929
t 0.86602 -0.482961 0.129453
bt 1.88367e-05 -0.258787 -0.965934
t 0.86602 -0.482978 0.129391
bt 1.93388e-05 -0.258787 -0.965934
t 1 -4.6268e-06 -4.89589e-06
bt 0 -0.258808 -0.965929
t 0.500037 -0.836503 0.224114
bt 1.67998e-05 -0.258811 -0.965928
t 0.500037 -0.836499 0.224127
bt 1.58344e-05 -0.258809 -0.965928
t 0 -0.965919 0.258845
bt 0 -0.258818 -0.965926
t 0 -0.965922 0.258834
bt 0 -0.258819 -0.965926
t -0.500036 -0.836509 0.224093
bt -1.60274e-05 -0.25881 -0.965928
t -0.500036 -0.836496 0.224139
bt -1.6144e-05 -0.25881 -0.965928
t -0.866017 -0.482973 0.129424
bt -1.96406e-05 -0.258787 -0.965934
t -0.866017 -0.482983 0.12939
bt -1.85555e-05 -0.258787 -0.965934
t -1 -9.0848e-07 8.98358e-06
bt 0 -0.258808 -0.965929
t -1 -3.74429e-06 -1.60433e-06
bt 0 -0.258808 -0.965929
t -0.86602 0.482971 -0.129416
bt 1.97427e-05 -0.258787 -0.965934
t -0.86602 0.482979 -0.129386
bt 1.87342e-05 -0.258787 -0.965934
t -0.500037 0.836496 -0.22414
bt 1.5928e-05 -0.258809 -0.965928
t -0.500037 0.836498 -0.224131
bt 1.65171e-05 -0.25881 -0.965928
t 0 0.965934 -0.258789
bt 0 -0.258818 -0.965926
t 0 0.965918 -0.258849
bt 0 -0.258819 -0.965926
t 0.500036 0.836492 -0.224156
bt -1.69457e-05 -0.258811 -0.965928
t 0.500036 0.8365 -0.224125
bt -1.57104e-05 -0.258809 -0.965928
t 0.866017 0.48298 -0.129401
bt -1.8834e-05 -0.258787 -0.965934
t 0.866017 0.482982 -0.129394
bt -1.93879e-05 -0.258787 -0.965934
t 1 -8.80289e-06 -2.0429e-05
bt 0 -0.258808 -0.965929
t 1 -4.6268e-06 -4.89589e-06
bt 0 -0.258808 -0.965929
t 0.866039 -0.482942 0.129398
bt -0.706979 0.683138 -0.183038
t 0.866039 -0.482942 0.129398
bt -0.706979 0.683138 -0.183038
t 0.939077 -0.331996 0.088954
bt -0.765829 0.621135 -0.166425
t 0 0.965929 -0.258808
bt -1 0 0
t 0 0.965929 -0.258808
bt -1 0 0
t 0 0.965929 -0.258808
bt -1 0 0
t -0.964267 0.255906 -0.0685667
bt -0.252681 -0.934584 0.250409
t 2.94959e-09 0.965929 -0.258808
bt -0.25872 -0.933035 0.250021
t -0.866052 0.48292 -0.129392
bt 0 -0.965929 0.258808
t -0.866052 0.48292 -0.129392
bt 0 -0.965929 0.258808
t -1 0 0
bt 0.866023 -0.482969 0.129405
t -0.866023 0.482969 -0.129405
bt 0.707044 -0.683076 0.183021
t -0.98512 -0.166012 0.0444806
bt 0.96427 -0.255894 0.0685633
t -0.98512 -0.166012 0.0444806
bt 0.96427 -0.255894 0.0685633
t -0.866017 -0.482979 0.129408
bt 0.965937 0.249959 -0.0669732
t 0.258743 0.933042 -0.249969
bt -0.258765 0.933023 -0.250018
t 0.258743 0.933035 -0.249994
bt -0.258765 0.93303 -0.249993
t 0.258743 0.933035 -0.249994
bt -0.258765 0.93303 -0.249993
t -0.965983 -0.249796 0.0669296
bt -0.707003 -0.683115 0.183032
t -0.965983 -0.249796 0.0669296
bt -0.707003 -0.683115 0.183032
t 0.999981 0.000900307 0.00607199
bt 0.000998375 -0.1466 -0.989195
t 0.866357 -0.483947 0.123374
bt 0.0581021 -0.161849 -0.985104
t 0.866433 -0.483946 0.122837
bt 0.0199583 -0.12923 -0.991414
t 0.999978 0.000913756 0.00661569
bt -0.0242842 -0.13676 -0.990307
t 0.500604 -0.837728 0.218192
bt 0.0996218 -0.202665 -0.974167
t 0.500725 -0.837788 0.217683
bt 0.0831697 -0.155916 -0.984263
t 0.000702636 -0.967497 0.252883
bt 0.114402 -0.258104 -0.95932
t 0.000770368 -0.967616 0.252427
bt 0.124069 -0.209561 -0.969892
t -0.499418 -0.838398 0.218336
bt 0.0986032 -0.313225 -0.944546
t -0.499298 -0.838602 0.217827
bt 0.131747 -0.275785 -0.952148
t -0.865664 -0.485106 0.123688
bt 0.0563483 -0.353326 -0.933802
t -0.865609 -0.485324 0.123214
bt 0.104125 -0.336832 -0.93579
t -0.999981 -0.00224871 -0.00570245
bt -0.00101024 -0.367678 -0.929953
t -0.999978 -0.00251055 -0.00617315
bt 0.0486075 -0.376353 -0.925201
t -0.866366 0.480781 -0.135129
bt -0.058086 -0.352357 -0.934061
t -0.866435 0.480526 -0.135592
bt -0.019948 -0.383772 -0.923212
t -0.500634 0.834572 -0.229902
bt -0.0996123 -0.311536 -0.944999
t -0.500733 0.834378 -0.230392
bt -0.0831447 -0.357091 -0.930362
t -0.000717244 0.964322 -0.26473
bt -0.114402 -0.256159 -0.959841
t -0.000776199 0.964197 -0.265187
bt -0.124094 -0.303462 -0.944728
t 0.499384 0.83526 -0.230124
bt -0.0986195 -0.200988 -0.974617
t 0.499294 0.835171 -0.230641
bt -0.131775 -0.237229 -0.962475
t 0.865651 0.481979 -0.135442
bt -0.0563651 -0.16088 -0.985363
t 0.865603 0.481906 -0.136005
bt -0.104135 -0.17617 -0.978836
t 0.999981 0.000900307 0.00607199
bt 0.000998375 -0.1466 -0.989195
t 0.999978 0.000913756 0.00661569
bt -0.0242842 -0.13676 -0.990307
t 0.999946 -0.00458855 -0.00933964
bt 0.0357637 -0.441004 -0.896792
t 0.867144 -0.478317 0.138833
bt -0.0764837 -0.430247 -0.899466
t 0.865595 -0.484081 0.128102
bt 0.0156052 -0.23549 -0.971751
t 0.999999 0.000373376 0.00157602
bt 0.00796638 -0.229589 -0.973255
t 0.502197 -0.832473 0.234064
bt -0.185565 -0.336478 -0.923227
t 0.498684 -0.8376 0.223027
bt 0.0118713 -0.230674 -0.972959
t 0.00288029 -0.963005 0.269469
bt -0.21313 -0.197747 -0.956803
t -0.00175982 -0.966206 0.257765
bt 0.0194328 -0.238519 -0.970943
t -0.497308 -0.834948 0.235683
bt -0.184071 -0.129159 -0.97439
t -0.50128 -0.836003 0.223199
bt 0.0218606 -0.24956 -0.968112
t -0.864413 -0.482417 0.141644
bt -0.136524 -0.0713341 -0.988065
t -0.866458 -0.482379 0.128687
bt 0.0107677 -0.264303 -0.96438
t -0.999922 0.000333029 0.0124666
bt -0.0353211 -0.0269864 -0.999012
t -1 -0.000127655 -0.000465521
bt -0.015911 -0.267363 -0.963465
t -0.867252 0.483881 -0.117185
bt 0.0752344 -0.0371369 -0.996474
t -0.866467 0.482073 -0.129768
bt -0.0245463 -0.256572 -0.966213
t -0.501929 0.838405 -0.212471
bt 0.166171 -0.0994095 -0.981073
t -0.501297 0.835605 -0.224647
bt -0.0258451 -0.242864 -0.969716
t -0.00199306 0.968789 -0.24788
bt 0.21313 -0.197747 -0.956803
t -0.00180229 0.965669 -0.25977
bt -0.0194431 -0.230785 -0.972811
t 0.498346 0.840158 -0.213977
bt 0.203198 -0.306164 -0.93004
t 0.49862 0.836954 -0.225581
bt -0.00789947 -0.223966 -0.974565
t 0.865069 0.487138 -0.119802
bt 0.138311 -0.395428 -0.908023
t 0.865558 0.483346 -0.1311
bt 0.00508578 -0.22387 -0.974606
t 0.999946 -0.00458855 -0.00933964
bt 0.0357637 -0.441004 -0.896792
t 0.999999 0.000373376 0.00157602
bt 0.00796638 -0.229589 -0.973255
t 0.999553 -0.016967 -0.0246118
bt 0 -0.56742 -0.823429
t 0.871521 -0.465701 0.153534
bt -0.177488 -0.520929 -0.834944
t 0.527606 -0.794346 0.301074
bt -0.306584 -0.394391 -0.866292
t 0.472801 -0.86956 0.142562
bt -0.306584 -0.394391 -0.866292
t 0.0142934 -0.958132 0.28597
bt -0.352736 -0.222611 -0.908857
t -0.487272 -0.835539 0.25385
bt -0.304432 -0.052022 -0.951113
t -0.858715 -0.486424 0.161246
bt -0.175314 0.0720743 -0.981871
t -0.999456 -0.0038666 0.0327407
bt 0 0.1173 -0.993097
t -0.870816 0.481995 -0.0967495
bt 0.175314 0.0720743 -0.981871
t -0.507495 0.839841 -0.192656
bt 0.304435 -0.0520271 -0.951111
t -0.00789793 0.973365 -0.229124
bt 0.352736 -0.222611 -0.908857
t 0.493003 0.847654 -0.196038
bt 0.306625 -0.394404 -0.866272
t 0.861378 0.497334 -0.10338
bt 0.177488 -0.520929 -0.834944
t 0.999553 -0.016967 -0.0246118
bt 0 -0.56742 -0.823429
t 0.866121 -0.48355 0.126549
bt 0.00693743 -0.200805 -0.979607
t 0.999996 0.000603757 0.00288987
bt -0.0118849 -0.205189 -0.97865
t 0.500153 -0.837191 0.221265
bt 0.0358185 -0.211877 -0.97664
t 0.000206326 -0.966694 0.255935
bt 0.0550705 -0.235378 -0.970342
t -0.499878 -0.837339 0.221327
bt 0.0595529 -0.265054 -0.962393
t -0.86596 -0.483823 0.126605
bt 0.0481157 -0.292929 -0.954923
t -0.999996 -0.000925143 -0.00281682
bt 0.0237734 -0.311516 -0.949943
t -0.866123 0.482035 -0.132189
bt -0.00695027 -0.315884 -0.948772
t -0.50016 0.835651 -0.226994
bt -0.0357781 -0.304827 -0.951735
t -0.000117209 0.965158 -0.261669
bt -0.0550726 -0.281309 -0.958036
t 0.49987 0.835823 -0.227003
bt -0.0595931 -0.251651 -0.965982
t 0.865957 0.482311 -0.132269
bt -0.0481308 -0.223776 -0.973451
t 0.999996 0.000603757 0.00288987
bt -0.0118849 -0.205189 -0.97865
t 0.86602 -0.482961 0.129453
bt 1.88367e-05 -0.258787 -0.965934
t 1 -8.80289e-06 -2.0429e-05
bt 0 -0.258808 -0.965929
t 0.500037 -0.836503 0.224114
bt 1.67998e-05 -0.258811 -0.965928
t 0 -0.965919 0.258845
bt 0 -0.258818 -0.965926
t -0.500036 -0.836509 0.224093
bt -1.60274e-05 -0.25881 -0.965928
t -0.866017 -0.482973 0.129424
bt -1.96406e-05 -0.258787 -0.965934
t -1 -9.0848e-07 8.98358e-06
bt 0 -0.258808 -0.965929
t -0.86602 0.482971 -0.129416
bt 1.97427e-05 -0.258787 -0.965934
t -0.500037 0.836496 -0.22414
bt 1.5928e-05 -0.258809 -0.965928
t 0 0.965934 -0.258789
bt 0 -0.258818 -0.965926
t 0.500036 0.836492 -0.224156
bt -1.69457e-05 -0.258811 -0.965928
t 0.866017 0.48298 -0.129401
bt -1.8834e-05 -0.258787 -0.965934
t 1 -8.80289e-06 -2.0429e-05
bt 0 -0.258808 -0.965929

