g sponza_144
t -0.319332 -0.947643 0
bt 0.939587 -0.342311 0
t -0.339156 -0.94073 0
bt 0.942038 -0.335505 0
t -0.325161 -0.945659 0
bt 0.940284 -0.34039 0
t -0.319332 -0.947643 0
bt 0.939587 -0.342311 0
t -0.339612 -0.940566 0
bt 0.941418 -0.337241 0
t -0.337943 -0.941167 0
bt 0.941903 -0.335886 0
t -0.337846 -0.941201 0
bt 0.941575 -0.336802 0
t -0.337988 -0.94115 0
bt 0.941744 -0.336329 0
t -0.3319 -0.943315 0
bt 0.942288 -0.334803 0
t -0.3319 -0.943315 0
bt 0.942288 -0.334803 0
t -0.333868 -0.94262 0
bt 0.941559 -0.336848 0
t -0.333567 -0.942726 0
bt 0.941795 -0.336186 0
t -0.335741 -0.941955 0
bt 0.941001 -0.338403 0
t -0.335741 -0.941955 0
bt 0.941001 -0.338403 0
t 0.000710832 0.0149809 0.999887
bt -0.0473876 -0.998703 0.0186143
t 0.00838134 0.0163944 0.99983
bt -0.455156 -0.89031 0.0134327
t 0.00743897 0.0145511 0.999866
bt -0.455121 -0.890243 0.0182356
t 0.000710832 0.0149809 0.999887
bt -0.0473876 -0.998703 0.0186143
t 0.0129021 0.015008 0.999804
bt -0.651863 -0.758257 0.0109885
t 0.0129021 0.015008 0.999804
bt -0.651863 -0.758257 0.0109885
t -0.00956727 -0.0150343 0.999841
bt 0.536821 0.843576 0.0142441
t -0.0106726 -0.0167712 0.999802
bt 0.536821 0.843576 0.0142446
t -0.0125775 -0.0108873 0.999862
bt 0.756001 0.654407 0.0146566
t -0.0125778 -0.0108876 0.999862
bt 0.756001 0.654407 0.01464
t -0.0132393 0.0105095 0.999857
bt 0.783169 -0.621686 0.0123401
t -0.00617176 0.0156428 0.999859
bt 0.366982 -0.930147 0.0122753
t -0.00617223 0.015644 0.999859
bt 0.366982 -0.930147 0.0122752
t -0.0132393 0.0105095 0.999857
bt 0.783169 -0.621686 0.0123401
t -0.00787216 0.0149794 0.999857
bt 0.465155 -0.885114 0.0143268
t -0.00887168 0.0168814 0.999818
bt 0.465155 -0.885114 0.0143268
t -0.00787216 0.0149794 0.999857
bt 0.465155 -0.885114 0.0143268
t -0.00787216 0.0149794 0.999857
bt 0.465155 -0.885114 0.0143268
t -0.0168767 -0.00941329 0.999813
bt 0.873275 0.487086 0.0117831
t -0.0149345 -0.00833 0.999854
bt 0.873275 0.487086 0.0117828
t -0.0168767 -0.00941329 0.999813
bt 0.873275 0.487086 0.0117831
t -0.0168767 -0.00941329 0.999813
bt 0.873275 0.487086 0.0117831
t 0.987743 0.15609 0
bt 0.148722 -0.988879 0
t 0.987736 0.156135 0
bt 0.176444 -0.984311 0
t 0.987779 0.155862 0
bt 0.149427 -0.988773 0
t 0.987784 0.155829 0
bt 0.152053 -0.988372 0
t 0.987877 0.155239 0
bt 0.156473 -0.987682 0
t 0.987745 0.156078 0
bt 0.155625 -0.987816 0
t 0.987935 0.154872 0
bt 0.157931 -0.98745 0
t 0.987876 0.155247 0
bt 0.156737 -0.98764 0
t 0.987746 0.156069 0
bt 0.1527 -0.988273 0
t 0.987746 0.156069 0
bt 0.1527 -0.988273 0
t 0.98772 0.156237 0
bt 0.154773 -0.98795 0
t 0.987789 0.155798 0
bt 0.154175 -0.988044 0
t 0.987677 0.156507 0
bt 0.154276 -0.988028 0
t 0.98751 0.157555 0
bt 0.156565 -0.987668 0
t -0.015955 -0.00342529 0.999867
bt 0.977565 0.209868 0.0179271
t -0.0148587 -0.00318993 0.999885
bt 0.97766 0.209888 0.0112691
t -0.0166075 0.00321394 0.999857
bt 0.981597 -0.189963 0.0195407
t -0.0159973 0.00309586 0.999867
bt 0.981635 -0.18997 0.0174328

