g sponza_307
t -0.874634 0.407873 0.262022
bt -0.00450292 -0.9936 -0.11287
t -0.871901 0.408508 0.270018
bt 0.20312 -0.978041 0.0466722
t -0.872151 0.40786 0.27019
bt 0.202729 -0.978115 0.0468252
t -0.874634 0.407873 0.262022
bt -0.00450292 -0.9936 -0.11287
t -0.864112 0.405736 0.297806
bt 0.565039 -0.824719 0.0238654
t -0.863923 0.406402 0.297446
bt 0.565073 -0.824696 0.0238385
t -0.843553 0.414676 0.341267
bt 0.677952 -0.7347 0.0244388
t -0.843526 0.414857 0.341111
bt 0.677828 -0.734808 0.0246156
t -0.848595 0.368828 0.379279
bt 0.70737 -0.706584 -0.0191357
t -0.797986 0.379684 0.468037
bt 0.736542 -0.676374 0.00483987
t -0.798024 0.379898 0.467798
bt 0.736758 -0.676143 0.00426721
t -0.848595 0.368828 0.379279
bt 0.70737 -0.706584 -0.0191357
t -0.637184 0.307422 0.706745
bt 0.758077 -0.652164 0.000981048
t -0.637084 0.307285 0.706895
bt 0.757982 -0.652274 0.00154296
t -0.327485 0.276634 0.903453
bt 0.763917 -0.645314 0
t -0.326268 0.275606 0.904207
bt 0.763917 -0.645314 0.000147637
t 0.326655 -0.275933 0.903967
bt 0.763917 -0.645314 0
t 0.559848 -0.208543 0.801923
bt 0.758322 -0.65188 0.000473169
t 0.559652 -0.208307 0.802121
bt 0.758339 -0.65186 0.000575497
t 0.326655 -0.275933 0.903967
bt 0.763917 -0.645314 0
t 0.790063 -0.342136 0.508668
bt 0.739291 -0.673381 0.00253588
t 0.79007 -0.342165 0.508638
bt 0.739238 -0.67344 0.00239077
t 0.848601 -0.36875 0.379341
bt 0.707487 -0.706463 0.0193156
t 0.848615 -0.368571 0.379484
bt 0.707599 -0.706346 0.019489
t 0.843545 -0.414729 0.341221
bt 0.677994 -0.734663 -0.0243802
t 0.865798 -0.399703 0.301053
bt 0.603151 -0.797598 0.00686298
t 0.86582 -0.39962 0.301097
bt 0.603328 -0.797462 0.00700935
t 0.843545 -0.414729 0.341221
bt 0.677994 -0.734663 -0.0243802
t 0.872437 -0.407117 0.270388
bt 0.343434 -0.939126 0.00976839
t 0.872655 -0.406549 0.270538
bt 0.343279 -0.939183 0.00970437
t 0.874624 -0.407868 0.262061
bt -0.00317476 -0.993556 0.113298
t 0.874211 -0.408778 0.262021
bt -0.0051449 -0.993614 0.112714
t 0.874624 -0.407868 0.262061
bt -0.758255 -0.64211 -0.112891
t 0.87279 -0.406404 0.270319
bt -0.87979 -0.47307 0.0466261
t 0.872822 -0.406323 0.270338
bt -0.879602 -0.4734 0.0468267
t 0.874634 -0.407872 0.262022
bt -0.758245 -0.64211 -0.112953
t 0.866319 -0.401059 0.29773
bt -0.994974 -0.0972404 0.0238916
t 0.866207 -0.401224 0.297833
bt -0.994978 -0.0972024 0.0238665
t 0.859898 -0.379651 0.341235
bt -0.998591 0.0470903 0.0244575
t 0.849595 -0.390905 0.354093
bt -0.998111 0.0606178 0.00996658
t 0.827721 -0.413274 0.379582
bt -0.995941 0.0879112 -0.0193432
t 0.804957 -0.366626 0.466509
bt -0.991485 0.130165 0.00373928
t 0.804241 -0.367037 0.46742
bt -0.991492 0.130113 0.00383508
t 0.647571 -0.290383 0.704506
bt -0.986859 0.161584 0.000989978
t 0.647424 -0.290393 0.704638
bt -0.986853 0.161615 0.000868053
t 0.422388 -0.0730354 0.903468
bt -0.985376 0.170396 0
t 0.425743 -0.0736157 0.901844
bt -0.985376 0.170396 0.000149596
t -0.424586 0.0734155 0.902406
bt -0.985376 0.170396 0
t -0.52135 0.294798 0.800805
bt -0.986812 0.161867 0.000517739
t -0.521999 0.294794 0.800383
bt -0.986808 0.161895 0.000625824
t -0.424586 0.0734155 0.902406
bt -0.985376 0.170396 0
t -0.771129 0.3847 0.507313
bt -0.991041 0.133534 0.00263337
t -0.771163 0.384683 0.507273
bt -0.991058 0.133412 0.00240955
t -0.838933 0.402053 0.366804
bt -0.997233 0.0741939 0.0046068
t -0.839268 0.40171 0.366413
bt -0.99722 0.0743656 0.00479132
t -0.862714 0.406326 0.301038
bt -0.998693 -0.0506492 0.00681531
t -0.862656 0.40641 0.301091
bt -0.998706 -0.0503802 0.00699218
t -0.872078 0.407666 0.270719
bt -0.940166 -0.340578 0.00976738
t -0.872174 0.407493 0.27067
bt -0.940103 -0.340753 0.00969515
t -0.874634 0.407873 0.262022
bt -0.759107 -0.641033 0.113288
t -0.874575 0.407998 0.262022
bt -0.757795 -0.642672 0.112778
t -0.840724 0.380397 0.385334
bt 0.454221 -0.890343 0.0311979
t -0.85287 0.389788 0.347389
bt 0.186913 -0.982374 0.00202987
t -0.631903 0.303831 0.713012
bt -0.126886 -0.990398 -0.0548747
t -0.594733 0.302199 0.744962
bt 0.0577428 -0.997853 -0.0308902
t -0.379014 0.175271 0.908641
bt -0.305121 -0.952279 -0.0081349
t -0.34474 0.162892 0.924457
bt -0.203955 -0.97896 0.00637208
t -0.389352 0.181575 0.903014
bt -0.418891 -0.907996 -0.008542
t -0.645822 0.30113 0.701594
bt -0.416544 -0.909092 -0.00654789
t -0.735773 0.33477 0.5887
bt 0.671162 -0.741138 0.015985
t -0.810547 0.352257 0.467899
bt 0.61129 -0.79132 0.011739
t -0.528282 0.27884 0.801977
bt 0.207646 -0.977389 -0.0399219
t -0.421133 0.258136 0.86949
bt 0.287794 -0.957522 -0.0180529
t -0.289536 0.131689 0.948065
bt -0.11048 -0.993873 -0.00311949
t -0.209253 0.105176 0.972189
bt -0.0458725 -0.998946 0.00139351
t -0.0366227 0.0361092 0.998677
bt 0.71209 -0.702089 0
t -0.494848 0.196699 0.846425
bt 0.702979 -0.711175 0.00709979
t -0.235433 0.123788 0.963975
bt 0.334366 -0.94239 -0.0100695
t -0.0129076 0.0346227 0.999317
bt 0.349304 -0.937009 0
t -0.110866 0.0430681 0.992902
bt -0.00511344 -0.999983 -0.00286257
t -6.62011e-05 0.00874558 0.999962
bt 0.00769977 -0.99997 0
t 0.727613 -0.306013 0.613951
bt 0.67394 -0.73873 -0.0091032
t 0.532151 -0.247413 0.809693
bt 0.702973 -0.711181 -0.00713108
t 0.251533 -0.1764 0.951638
bt 0.334273 -0.942428 0.00953538
t 0.416681 -0.229063 0.87972
bt 0.289893 -0.956761 0.0239006
t 0.110694 -0.0585428 0.992129
bt -0.00559288 -0.999983 -0.00142481
t 0.210124 -0.0916921 0.973365
bt -0.0455683 -0.998961 -1.5685e-05
t 0.841981 -0.374799 0.388065
bt 0.483345 -0.875393 -0.00801555
t 0.810131 -0.365636 0.458255
bt 0.602736 -0.797592 -0.023608
t 0.528079 -0.29098 0.797786
bt 0.201309 -0.979107 0.0286939
t 0.59554 -0.297235 0.746313
bt 0.0766082 -0.99554 0.0550612
t 0.288536 -0.138631 0.94738
bt -0.112653 -0.993627 -0.00374372
t 0.345605 -0.159289 0.924762
bt -0.19928 -0.979927 0.00553979
t 0.85386 -0.398104 0.335315
bt -0.379299 -0.925122 0.0167928
t 0.852399 -0.391106 0.347063
bt 0.123505 -0.991853 -0.0312068
t 0.631486 -0.305133 0.712824
bt -0.166691 -0.985927 0.0127294
t 0.645821 -0.301114 0.701602
bt -0.398446 -0.916825 0.0259187
t 0.378694 -0.176086 0.908617
bt -0.312008 -0.950048 -0.00780387
t 0.389352 -0.181575 0.903014
bt -0.419179 -0.90787 0.00788244
t 0.831807 -0.399498 0.385355
bt -0.974307 -0.223179 0.0302669
t 0.846854 -0.402703 0.347373
bt -0.873814 -0.486259 0.000993589
t 0.638951 -0.288734 0.713003
bt -0.67632 -0.734658 -0.0535709
t 0.613786 -0.261307 0.744973
bt -0.801501 -0.597194 -0.0308957
t 0.378041 -0.177422 0.908629
bt -0.532673 -0.846298 -0.00625201
t 0.34639 -0.159344 0.924458
bt -0.618815 -0.78551 0.00639441
t 0.727803 -0.349177 0.590235
bt -0.999155 0.0382773 0.0149388
t 0.790857 -0.394478 0.467902
bt -0.999163 -0.0394694 0.0107245
t 0.551268 -0.227016 0.80285
bt -0.88239 -0.468757 -0.0406898
t 0.466477 -0.157886 0.870328
bt -0.918596 -0.394744 -0.0189331
t 0.286039 -0.138231 0.948195
bt -0.690623 -0.723202 -0.00433384
t 0.214541 -0.0931926 0.972259
bt -0.735387 -0.677636 0.00394488
t 0.051245 -0.00484688 0.998674
bt -0.995553 0.0941982 0
t 0.468714 -0.252655 0.846447
bt -0.99664 0.0816802 0.00609808
t 0.246418 -0.100666 0.963922
bt -0.936836 -0.349621 -0.0101181
t 0.0348393 0.0123729 0.999316
bt -0.942323 -0.334706 0
t 0.10505 -0.0565695 0.992857
bt -0.762509 -0.646978 0.000567803
t 0.00675194 0.00557963 0.999962
bt -0.770968 -0.636874 0
t -0.70114 0.36109 0.614831
bt -0.999115 0.0407929 -0.0102285
t -0.531531 0.248635 0.809725
bt -0.996673 0.0810573 -0.00857997
t -0.296889 0.0791526 0.951626
bt -0.936765 -0.349847 0.00885316
t -0.442161 0.17264 0.880164
bt -0.919137 -0.393261 0.0230655
t -0.117575 0.0458212 0.992006
bt -0.762673 -0.646782 0.00171841
t -0.205811 0.101537 0.97331
bt -0.736367 -0.676577 0.00261848
t -0.828336 0.404048 0.388079
bt -0.98116 -0.193014 -0.00836375
t -0.800827 0.38557 0.45827
bt -0.998404 -0.0511828 -0.02386
t -0.561268 0.218441 0.798287
bt -0.879397 -0.475236 0.0284929
t -0.610521 0.265176 0.746288
bt -0.811869 -0.581238 0.0550636
t -0.291226 0.132438 0.947443
bt -0.688624 -0.725106 -0.00431945
t -0.344168 0.16235 0.924765
bt -0.622579 -0.782537 0.00558071
t -0.85386 0.398104 0.335315
bt -0.468306 -0.883379 0.0181966
t -0.847596 0.401435 0.347031
bt -0.837357 -0.545676 -0.032719
t -0.639692 0.287561 0.712813
bt -0.649719 -0.760028 0.0148943
t -0.378554 0.176563 0.908583
bt -0.527095 -0.849767 -0.0081378
t -0.753744 0.426289 0.500147
bt 0.40834 -0.869505 -0.277883
t -0.745544 0.387378 0.542313
bt 0.338816 -0.938705 -0.063533
t -0.752558 0.429254 0.499397
bt 0.0639548 -0.99655 -0.0528918
t -0.783681 0.365462 0.502277
bt -0.231272 -0.966018 -0.115426
t -0.700419 0.382298 0.602711
bt 0.472533 -0.879345 -0.05887
t -0.616306 0.380537 0.689462
bt 0.530783 -0.846831 -0.0338679
t -0.406406 0.240102 0.881581
bt 0.562709 -0.826466 -0.0176878
t -0.134304 0.192911 0.971981
bt 0.571386 -0.820681 9.28384e-05
t 0.442595 -0.310237 0.841346
bt 0.562339 -0.826759 0.0156402
t 0.611287 -0.35626 0.706688
bt 0.5315 -0.846305 0.0357156
t 0.260352 -0.373964 0.890151
bt 0.571375 -0.820689 0
t 0.700087 -0.391396 0.597233
bt 0.467116 -0.882744 0.0506522
t 0.746159 -0.384467 0.543536
bt 0.360448 -0.928962 0.0843006
t 0.752454 -0.429513 0.499331
bt 0.0583891 -0.997079 0.0492387
t 0.783744 -0.365327 0.502277
bt -0.229421 -0.966333 0.116477
t 0.753946 -0.425783 0.500274
bt 0.41044 -0.868078 0.279248
t 0.785434 -0.348405 0.511574
bt -0.83766 -0.538085 -0.0937538
t 0.837282 -0.234573 0.493898
bt -0.959322 -0.230303 -0.163284
t 0.78371 -0.365406 0.502273
bt -0.733285 -0.640262 -0.228819
t 0.743102 -0.290796 0.602691
bt -0.977244 -0.204113 -0.0577198
t 0.687678 -0.227455 0.689466
bt -0.989815 -0.138755 -0.0318328
t 0.828563 -0.248317 0.501818
bt -0.959971 -0.118207 -0.253936
t 0.445332 -0.156941 0.881504
bt -0.994809 -0.100269 -0.0173352
t 0.23434 0.0211392 0.971925
bt -0.99596 -0.0897975 0.000126862
t -0.52254 0.139521 0.841122
bt -0.994805 -0.100427 0.016652
t -0.666172 0.23905 0.706448
bt -0.989975 -0.136354 0.0368327
t -0.453738 -0.0409306 0.890194
bt -0.995958 -0.0898213 0
t -0.749868 0.284639 0.597226
bt -0.976443 -0.209834 0.0502849
t -0.828688 0.248125 0.501708
bt -0.960108 -0.119899 0.252621
t -0.78558 0.348162 0.511515
bt -0.79786 -0.60114 0.0452831
t -0.78371 0.365406 0.502273
bt -0.731836 -0.642372 0.227538
t -0.837343 0.234476 0.493841
bt -0.959118 -0.23238 0.161533
t -0.251011 0.112692 0.961402
bt -0.270378 -0.962738 0.00560559
t -0.276651 0.126885 0.952557
bt -0.343935 -0.938993 0.000767752
t -0.391878 0.178068 0.902621
bt -0.303165 -0.952935 -0.00225934
t -0.357296 0.160148 0.920159
bt -0.194703 -0.980857 0.00333798
t -0.284944 0.132841 0.949295
bt -0.422244 -0.906481 -0.00121381
t -0.400722 0.187185 0.896874
bt -0.421652 -0.906755 -0.00203327
t -0.275027 0.130396 0.952553
bt -0.497234 -0.867606 -0.00431453
t -0.388626 0.185171 0.902597
bt -0.533622 -0.845722 -0.00146643
t -0.247681 0.119854 0.961399
bt -0.563732 -0.825941 -0.00526409
t -0.352658 0.17035 0.920116
bt -0.626156 -0.779691 -0.00338273
t -0.203834 0.0998383 0.973901
bt -0.616976 -0.78696 -0.00589528
t -0.2973 0.14129 0.944272
bt -0.696869 -0.717184 -0.0044958
t -0.145955 0.0715062 0.986704
bt -0.655386 -0.755273 -0.00560632
t -0.216924 0.101151 0.970934
bt -0.743825 -0.668355 -0.00511306
t -0.0768091 0.0366302 0.996373
bt -0.678334 -0.734745 -0.00367152
t -0.116932 0.0520376 0.991776
bt -0.771537 -0.636168 -0.00447073
t -0.000866624 -0.000918841 0.999999
bt -0.686103 -0.727504 -3.20824e-05
t -0.00178817 -0.00143504 0.999997
bt -0.779902 -0.625902 -0.000533081
t 0.0742624 -0.0393971 0.99646
bt -0.67841 -0.734679 0.00244019
t 0.113774 -0.0546725 0.992001
bt -0.771598 -0.6361 0.0036763
t 0.144494 -0.073208 0.986794
bt -0.655617 -0.755085 0.00373619
t 0.21423 -0.103668 0.971266
bt -0.744063 -0.6681 0.00357622
t 0.202696 -0.101317 0.973986
bt -0.617285 -0.786728 0.00420305
t 0.252777 -0.189137 0.948858
bt -0.683921 -0.727511 0.0545917
t 0.247249 -0.1205 0.96143
bt -0.564181 -0.825644 0.00336433
t 0.351773 -0.171528 0.920236
bt -0.627265 -0.778806 -3.68859e-05
t 0.259374 -0.182177 0.948439
bt -0.680568 -0.729668 0.0664195
t 0.274771 -0.130849 0.952565
bt -0.498116 -0.867109 0.00113923
t 0.38876 -0.184948 0.902585
bt -0.535133 -0.844765 -0.00231124
t 0.28494 -0.132848 0.949295
bt -0.423142 -0.906061 -0.00178217
t 0.401024 -0.186538 0.896874
bt -0.423397 -0.905942 -0.00187112
t 0.276697 -0.126761 0.95256
bt -0.344709 -0.938704 -0.00336193
t 0.391711 -0.178554 0.902597
bt -0.30502 -0.952344 -0.00185072
t 0.251024 -0.112648 0.961404
bt -0.270444 -0.962718 -0.00585027
t 0.357249 -0.160353 0.920142
bt -0.194534 -0.980891 -0.00292061
t 0.207567 -0.0917021 0.973913
bt -0.206177 -0.978499 -0.00562462
t 0.299427 -0.136273 0.944337
bt -0.102193 -0.994741 -0.00689764
t 0.148559 -0.0660842 0.986693
bt -0.157063 -0.987578 -0.00455362
t 0.216906 -0.101677 0.970883
bt -0.0339107 -0.999411 -0.00529161
t 0.0775147 -0.0346378 0.996389
bt -0.126706 -0.991937 -0.00236829
t 0.115023 -0.0550453 0.991837
bt 0.008681 -0.999954 -0.00417368
t -0.000190898 -0.00163146 0.999999
bt -0.116303 -0.993214 -5.95825e-05
t 5.49294e-05 -0.00253585 0.999997
bt 0.0218019 -0.999762 0.000278856
t -0.077875 0.0318574 0.996454
bt -0.126761 -0.991929 0.00304963
t -0.115014 0.0515168 0.992027
bt 0.00869926 -0.999954 0.0040137
t -0.148999 0.06341 0.986802
bt -0.156987 -0.987592 0.00406709
t -0.21709 0.0982293 0.971197
bt -0.0336889 -0.999423 0.00431357
t -0.207968 0.0898785 0.973997
bt -0.205814 -0.978583 0.00399436
t -0.299757 0.133805 0.944586
bt -0.100824 -0.994901 0.00272171
t 0.8808 -0.41071 0.235602
bt -0.785324 -0.60922 -0.110081
t 0.879069 -0.409936 0.243292
bt -0.90096 -0.431276 0.0476714
t 0.879281 -0.409547 0.24318
bt -0.899189 -0.434798 0.0491018
t 0.8808 -0.41071 0.235602
bt -0.785324 -0.60922 -0.110081
t 0.874314 -0.404622 0.268059
bt -0.998545 -0.0492893 0.0218887
t 0.873892 -0.405227 0.268522
bt -0.99855 -0.0491979 0.0218365
t 0.869528 -0.38592 0.308198
bt -0.996137 0.0849141 0.0223596
t 0.869738 -0.385674 0.307915
bt -0.996141 0.0848496 0.0224279
t 0.842104 -0.416146 0.34305
bt -0.992286 0.122688 -0.0177662
t 0.822222 -0.376214 0.427099
bt -0.98705 0.160358 0.00425154
t 0.822294 -0.37617 0.427
bt -0.987009 0.160619 0.00377678
t 0.842104 -0.416146 0.34305
bt -0.992286 0.122688 -0.0177662
t 0.675724 -0.307691 0.669868
bt -0.981964 0.189065 0.00129298
t 0.676704 -0.307626 0.668908
bt -0.981975 0.189005 0.00152791
t 0.463263 -0.0931733 0.88131
bt -0.980365 0.197193 0
t 0.464928 -0.0935083 0.880397
bt -0.980365 0.197193 0.000448536
t -0.464533 0.0934289 0.880613
bt -0.980365 0.197193 0
t -0.553784 0.311285 0.772285
bt -0.981827 0.189771 0.00147039
t -0.554387 0.311211 0.771883
bt -0.981856 0.189624 0.000894997
t -0.464533 0.0934289 0.880613
bt -0.980365 0.197193 0
t -0.790952 0.394126 0.468038
bt -0.986432 0.164146 0.00265372
t -0.791062 0.394067 0.467901
bt -0.986398 0.164349 0.0030241
t -0.851516 0.406178 0.331571
bt -0.993864 0.110503 0.00480165
t -0.851512 0.406182 0.331576
bt -0.993855 0.110579 0.00488318
t -0.87097 0.409668 0.271262
bt -0.999965 -0.00589326 0.00596183
t -0.870906 0.409726 0.27138
bt -0.999965 -0.00558832 0.00615698
t -0.87851 0.410959 0.243585
bt -0.955964 -0.293408 0.00670347
t -0.878769 0.410484 0.243449
bt -0.956356 -0.292114 0.00719968
t -0.8808 0.41071 0.235602
bt -0.788684 -0.604643 0.111288
t -0.880546 0.411254 0.235602
bt -0.789733 -0.603201 0.111666
t -0.8808 0.41071 0.235602
bt 0.0452279 -0.992716 -0.111668
t -0.879082 0.409929 0.243254
bt 0.247678 -0.967647 0.0481075
t -0.878948 0.410273 0.243161
bt 0.248414 -0.967472 0.0478327
t -0.8808 0.41071 0.235602
bt 0.0452279 -0.992716 -0.111668
t -0.871968 0.40962 0.268111
bt 0.602508 -0.797777 0.0231604
t -0.872182 0.408877 0.268549
bt 0.602626 -0.79769 0.0230639
t -0.856734 0.404337 0.320187
bt 0.714574 -0.699504 0.00879916
t -0.856705 0.40453 0.320019
bt 0.714547 -0.699532 0.00884053
t -0.816709 0.388023 0.427112
bt 0.757802 -0.652478 0.00284383
t -0.816745 0.388262 0.426827
bt 0.757786 -0.652496 0.00288725
t -0.671214 0.321369 0.667977
bt 0.776289 -0.630377 -4.6877e-05
t -0.671524 0.321898 0.667411
bt 0.776247 -0.630429 0.000211345
t -0.369155 0.29495 0.881322
bt 0.781239 -0.624232 0
t -0.370451 0.295985 0.880431
bt 0.781239 -0.624231 -0.00076609
t 0.370211 -0.295794 0.880596
bt 0.781239 -0.624232 0
t 0.595032 -0.224797 0.771623
bt 0.776293 -0.630372 7.24747e-05
t 0.595375 -0.225321 0.771207
bt 0.776346 -0.630307 0.000395047
t 0.370211 -0.295794 0.880596
bt 0.781239 -0.624232 0
t 0.810594 -0.353823 0.466633
bt 0.759271 -0.650773 0.00120106
t 0.810608 -0.353887 0.466561
bt 0.759392 -0.650631 0.00153694
t 0.858615 -0.390488 0.332115
bt 0.723493 -0.690315 0.00473437
t 0.858622 -0.390426 0.332167
bt 0.722881 -0.690962 0.00379227
t 0.873672 -0.403852 0.271294
bt 0.638948 -0.769222 0.00654045
t 0.873688 -0.403767 0.27137
bt 0.639151 -0.769052 0.00670921
t 0.879508 -0.40884 0.243548
bt 0.389473 -0.921015 0.00656634
t 0.879314 -0.409337 0.243414
bt 0.390159 -0.920722 0.00684015
t 0.8808 -0.41071 0.235602
bt 0.0462274 -0.992646 0.11188
t 0.880988 -0.410307 0.235602
bt 0.0362602 -0.993297 0.109757
t 0.0645265 -0.0300933 0.997462
bt -0.422682 -0.906278 -0.00024648
t -8.96573e-09 -2.16891e-07 1
bt -0.422606 -0.906313 -2.62443e-06
t 0.0625497 -0.0287014 0.997629
bt -0.439346 -0.898318 -0.000129061
t 0.0562685 -0.0254724 0.998091
bt -0.454665 -0.890663 -0.000227636
t 0.0459837 -0.0208603 0.998724
bt -0.467795 -0.883837 0.000120115
t 0.0336884 -0.0125741 0.999353
bt -0.477758 -0.878491 -0.000931288
t 0.0310493 -0.0174241 0.999366
bt -0.477723 -0.878511 0.000246763
t 0.0161514 -0.00881619 0.999831
bt -0.48399 -0.875073 0.000292235
t 0.00014384 0.000258556 1
bt -0.486101 -0.873902 0
t -0.0163356 0.00848257 0.999831
bt -0.483993 -0.875072 -0.000122915
t -0.0310493 0.0174241 0.999366
bt -0.477723 -0.878511 -0.000242682
t -0.0336886 0.0125737 0.999353
bt -0.47776 -0.87849 0.000993827
t -0.0463298 0.0202059 0.998722
bt -0.467831 -0.883818 0.000690262
t -0.0559493 0.0260984 0.998092
bt -0.454601 -0.890695 -0.000921551
t -0.0627174 0.0283584 0.997628
bt -0.439265 -0.898357 -0.00117776
t -0.0645292 0.0300945 0.997462
bt -0.4226 -0.906316 0.000259354
t -0.0622963 0.0292371 0.997629
bt -0.40582 -0.913953 0.000855761
t -0.0559681 0.0260515 0.998093
bt -0.390122 -0.920761 0.00176851
t -0.0460756 0.0204897 0.998728
bt -0.376379 -0.926466 0.000107758
t -0.0323106 0.0151127 0.999364
bt -0.36581 -0.93069 -0.000577004
t -0.0164268 0.00854365 0.999829
bt -0.359259 -0.933238 0.000289042
t 9.13679e-05 0.000239139 1
bt -0.357002 -0.934104 0
t 0.0166654 -0.00792462 0.99983
bt -0.359256 -0.933239 -0.000123825
t 0.0322562 -0.0152513 0.999363
bt -0.365824 -0.930684 0.000142546
t 0.046084 -0.0204692 0.998728
bt -0.376344 -0.92648 0.00065321
t 0.0562293 -0.0254358 0.998094
bt -0.390018 -0.920807 8.88006e-05
t 0.0622466 -0.029349 0.997629
bt -0.405715 -0.913999 0.000809151
t -0.418558 0.192141 0.887632
bt -0.288047 -0.957547 -0.0114657
t -0.394477 0.18164 0.900774
bt -0.30009 -0.95389 -0.00628318
t -0.359077 0.170092 0.917678
bt -0.190912 -0.981607 0.000942332
t -0.381907 0.180277 0.906448
bt -0.174478 -0.984655 0.00335019
t -0.418769 0.193197 0.887303
bt -0.540055 -0.841592 -0.00796477
t -0.394846 0.181917 0.900557
bt -0.533724 -0.845649 -0.00398416
t -0.404916 0.188606 0.894691
bt -0.425261 -0.905052 0.00592039
t -0.429101 0.199767 0.880889
bt -0.427725 -0.903848 0.010455
t -0.324032 0.148184 0.934368
bt -0.716871 -0.697205 -0.000992431
t -0.302417 0.14 0.942838
bt -0.700006 -0.714136 -0.00113114
t -0.359089 0.168647 0.91794
bt -0.631842 -0.775065 0.00704493
t -0.380834 0.180436 0.906867
bt -0.647123 -0.762304 0.0111384
t -0.131977 0.0527736 0.989847
bt -0.792829 -0.609444 0.000587448
t -0.12016 0.0508284 0.991452
bt -0.774571 -0.632486 0.00146149
t -0.21654 0.105177 0.970592
bt -0.747792 -0.663932 0.00140324
t -0.228601 0.115497 0.966645
bt -0.765874 -0.642987 0.00208919
t 0.116011 -0.0652442 0.991103
bt -0.792903 -0.609346 -0.00158082
t 0.111623 -0.0578955 0.992063
bt -0.774592 -0.632459 -0.00175532
t 0.00472579 0.00375628 0.999982
bt -0.782962 -0.62207 -3.19139e-05
t 0.00877058 0.00654983 0.99994
bt -0.801282 -0.598287 0
t 0.316942 -0.155676 0.935582
bt -0.718335 -0.69568 -0.0049554
t 0.299284 -0.143556 0.943303
bt -0.701283 -0.71287 -0.00426844
t 0.222607 -0.0994189 0.969826
bt -0.747541 -0.664216 0.000250029
t 0.240166 -0.105256 0.965008
bt -0.76518 -0.643813 0.00234116
t 0.417909 -0.194239 0.887481
bt -0.547257 -0.836918 -0.00884389
t 0.394526 -0.18245 0.900589
bt -0.538083 -0.842864 -0.00682597
t 0.360522 -0.166541 0.917763
bt -0.628212 -0.778032 0.0039646
t 0.383675 -0.176533 0.906438
bt -0.640364 -0.768025 0.00841335
t 0.418094 -0.193509 0.887554
bt -0.297599 -0.954658 -0.00794569
t 0.39425 -0.182299 0.900741
bt -0.304877 -0.952383 -0.00421007
t 0.404832 -0.188786 0.894691
bt -0.419779 -0.907605 0.00619573
t 0.428933 -0.200039 0.880909
bt -0.417486 -0.908623 0.0104816
t 0.321524 -0.155175 0.9341
bt -0.0746009 -0.997202 -0.00478845
t 0.301336 -0.144715 0.942473
bt -0.0969956 -0.995284 -0.00102911
t 0.359809 -0.167478 0.917872
bt -0.188578 -0.982047 0.00476688
t 0.382999 -0.17598 0.906831
bt -0.17015 -0.985399 0.00622082
t 0.125255 -0.0672149 0.989845
bt 0.0427522 -0.999086 0.000255275
t 0.116278 -0.0593813 0.99144
bt 0.0132721 -0.999912 0.000717784
t 0.219668 -0.0980968 0.97063
bt -0.0276491 -0.999615 0.00245754
t 0.235419 -0.100541 0.96668
bt -0.000311495 -0.999998 0.00210246
t -0.124548 0.0469375 0.991103
bt 0.0429057 -0.999078 -0.00150741
t -0.116205 0.0484915 0.992041
bt 0.0134313 -0.999908 -0.00208438
t -0.000162516 0.0060424 0.999982
bt 0.0267015 -0.999643 -5.92691e-05
t -0.000621164 0.0109442 0.99994
bt 0.0566995 -0.998391 0
t -0.32269 0.145151 0.935309
bt -0.0712498 -0.997448 -0.00467435
t -0.302061 0.139271 0.94306
bt -0.0948117 -0.99548 -0.00555199
t -0.219361 0.106607 0.969802
bt -0.0283258 -0.999599 0.000486533
t -0.235015 0.116131 0.965029
bt -0.00136851 -0.999995 0.00266155
t -0.796361 0.297054 0.526848
bt -0.0620246 -0.997626 0.0299069
t -0.794053 0.305639 0.525419
bt -0.218533 -0.966707 0.133122
t 0.794208 -0.30507 0.525515
bt -0.220436 -0.966101 -0.134379
t 0.796819 -0.295318 0.527131
bt -0.0605919 -0.997742 -0.0289636
t 0.682747 -0.426946 0.592936
bt -0.796779 -0.577982 0.176297
t 0.341556 -0.0917627 0.935371
bt -0.716941 -0.690654 -0.0948301
t 0.367018 -0.0622425 0.928129
bt -0.710239 -0.701641 -0.0570961
t 0.657576 -0.451188 0.603344
bt -0.863387 -0.497026 0.0867626
t -0.660055 0.448863 0.60237
bt -0.863777 -0.496454 -0.0861594
t -0.681471 0.428211 0.593492
bt -0.795281 -0.5795 -0.178067

