g sponza_20
t 0 -0.980784 0.195098
bt -1 0 0
t 0 -0.980784 0.195098
bt -1 0 0
t 0 -0.997773 0.0666965
bt -1 0 0
t 0 -0.997773 0.0666965
bt -1 0 0
t 0 -0.995413 0.0956749
bt 0 0.181271 0.983433
t 0 -0.984437 0.175738
bt 0 0.195067 0.98079
t 0 -0.989452 0.144862
bt 0 0.136386 0.990656
t 0 -0.995413 0.0956737
bt 0 0.116645 0.993174
t 0 -0.995185 0.0980164
bt 0 0 1
t 0 0.995185 0.0980166
bt 0 0 1
t 0 0.986658 0.162807
bt 0 -0.195091 0.980785
t 0 0.986659 0.162803
bt 0 -0.0653097 0.997865
t 0 0.995185 0.0980166
bt 0 0 1
t 0 0.984437 0.175739
bt 0 0.117598 -0.993061
t 0 0.986659 0.162801
bt 0 0.195091 -0.980785
t 0 0.995184 0.0980239
bt 0 0 -1
t 0 0.995184 0.0980239
bt 0 0 -1
t 0 0.999235 0.0391055
bt -1 0 0
t 0 0.980784 0.195098
bt -1 0 0
t 0 0.980784 0.195098
bt -1 0 0
t 0 0.999235 0.0391055
bt -1 0 0
t 0.0163858 0.983588 0.179685
bt -0.720381 -0.0459035 0.692058
t 0.016385 0.983588 0.179686
bt -0.723315 -0.134712 0.67725
t -0.029724 0.997315 0.0669231
bt -0.723909 2.29684e-05 0.689895
t -0.0310293 0.997362 0.0656169
bt -0.723321 -8.15816e-07 0.690511
t 0 0 1
bt -1 0 0
t 0 0.195098 0.980784
bt -1 0 0
t 0 0.195098 0.980784
bt -1 0 0
t 0 0 1
bt -1 0 0
t 0 0.0196958 0.999806
bt 0 1 0
t 0 0.175739 0.984437
bt 0 0.980785 -0.195092
t 0 0.162808 0.986658
bt 0 0.997865 -0.065307
t 0 0.0328148 0.999461
bt 0 0.997865 0.0653104
t 0 -0.0328155 0.999461
bt 0 -1 0
t 0 -0.162808 0.986658
bt 0 -0.980785 -0.195093
t 0 -0.162808 0.986658
bt 0 -0.997865 -0.0653104
t 0 -0.0328147 0.999461
bt 0 -0.997865 0.065307
t 0 -0.175739 0.984437
bt 0 0.980786 0.195086
t 0 -0.162803 0.986659
bt 0 0.997865 0.0653067
t 0 -0.0328138 0.999461
bt 0 0.997865 -0.0653148
t 0 0.0328126 0.999461
bt 0 -1 0
t 0 0.162801 0.986659
bt 0 -0.980781 0.195112
t 0 0.162803 0.986659
bt 0 -0.997865 0.0653167
t 0 0.0328133 0.999462
bt 0 -0.997865 -0.0653052
t 0 0 1
bt 1 0 0
t 0 0.195098 0.980784
bt 1 0 0
t 0 0.195098 0.980784
bt 1 0 0
t 0 0 1
bt 1 0 0
t 0 0 1
bt -1 0 0
t 0 -0.195098 0.980784
bt -1 0 0
t 0 -0.195098 0.980784
bt -1 0 0
t 0 0 1
bt -1 0 0
t -0.0163948 -0.0156528 0.999743
bt -0.723317 -0.690516 0
t 0.0163855 -0.179685 0.983588
bt -0.723315 -0.677251 -0.13471
t 0.0163851 -0.179686 0.983588
bt -0.720381 -0.692058 -0.0459038
t -0.016394 -0.0156521 0.999743
bt -0.722584 -0.689817 0.0449985
t 0 0.683525 0.729928
bt 0 -0.707111 0.707103
t 0 0.582552 0.812793
bt 0 -0.831471 0.555569
t 0 0.582554 0.812792
bt 0 -0.751781 0.659413
t 0 0.683524 0.729928
bt 0 -0.659418 0.751777
t 0 0.693043 0.720897
bt 0 0.707108 -0.707105
t 0 0.571838 0.820366
bt 0 0.831471 -0.555567
t 0 0.582554 0.812792
bt 0 0.751779 -0.659415
t 0 0.683524 0.729928
bt 0 0.659415 -0.751779
t 0 0.707106 0.707107
bt -1 0 0
t 0 0.555574 0.831467
bt -1 0 0
t 0 0.555574 0.831467
bt -1 0 0
t 0 0.707106 0.707107
bt -1 0 0
t -0.0163943 0.695861 0.71799
bt -0.72335 -0.488245 0.488243
t 0.0163607 0.568469 0.822542
bt -0.723331 -0.574129 0.383626
t 0.0163603 0.568468 0.822543
bt -0.720399 -0.521801 0.45689
t -0.0163946 0.695861 0.71799
bt -0.722618 -0.455932 0.519566
t 0 0.707107 0.707106
bt -1 0 0
t 0 0.831467 0.555574
bt -1 0 0
t 0 0.831467 0.555574
bt -1 0 0
t 0 0.707107 0.707106
bt -1 0 0
t 0 0.820366 0.571839
bt 0 0.555566 -0.831472
t 0 0.81279 0.582557
bt 0 0.659418 -0.751777
t 0 0.729926 0.683526
bt 0 0.751781 -0.659413
t 0 0.729928 0.683524
bt 0 -0.707105 0.707109
t 0 0.812792 0.582554
bt 0 -0.555566 0.831473
t 0 0.812792 0.582554
bt 0 -0.659413 0.751781
t 0 0.729928 0.683524
bt 0 -0.751781 0.659413
t 0 0.707107 0.707106
bt 1 0 0
t 0 0.831467 0.555574
bt 1 0 0
t 0 0.831467 0.555574
bt 1 0 0
t 0 0.707107 0.707106
bt 1 0 0
t 0 -0.707106 0.707107
bt -1 0 0
t 0 -0.555574 0.831467
bt -1 0 0
t 0 -0.555574 0.831467
bt -1 0 0
t 0 -0.707106 0.707107
bt -1 0 0
t 0 -0.693046 0.720894
bt 0 0.707105 0.707108
t 0 -0.571838 0.820367
bt 0 0.831467 0.555574
t 0 -0.582556 0.812791
bt 0 0.751776 0.659418
t 0 -0.683528 0.729925
bt 0 0.659416 0.751779
t 0 -0.683524 0.729928
bt 0 -0.707114 -0.7071
t 0 -0.582558 0.812789
bt 0 -0.831458 -0.555588
t 0 -0.582555 0.812791
bt 0 -0.751778 -0.659417
t 0 -0.683524 0.729928
bt 0 -0.659424 -0.751772
t 0 -0.707106 0.707107
bt 1 0 0
t 0 -0.555574 0.831467
bt 1 0 0
t 0 -0.555574 0.831467
bt 1 0 0
t 0 -0.707106 0.707107
bt 1 0 0
t 0 -0.72993 0.683522
bt 0 -0.707106 -0.707107
t 0 -0.812792 0.582555
bt 0 -0.555569 -0.83147
t 0 -0.812792 0.582554
bt 0 -0.659416 -0.751779
t 0 -0.729931 0.683521
bt 0 -0.751776 -0.659418
t 0 -0.831469 0.555571
bt 0 0.531219 0.847235
t 0 -0.812791 0.582555
bt 0 0.659413 0.751781
t 0 -0.729928 0.683524
bt 0 0.751776 0.659419
t 0 -0.707107 0.707106
bt -1 0 0
t 0 -0.831467 0.555574
bt -1 0 0
t 0 -0.831467 0.555574
bt -1 0 0
t 0 -0.707107 0.707106
bt -1 0 0
t -0.0163952 -0.71799 0.69586
bt -0.72335 -0.488237 -0.48825
t 0.0163608 -0.822542 0.568469
bt -0.723331 -0.383614 -0.574136
t 0.0163606 -0.822542 0.568468
bt -0.7204 -0.456882 -0.521808
t -0.0163947 -0.71799 0.69586
bt -0.722618 -0.519564 -0.455935
t 0 -0.923877 0.382689
bt -1 0 0
t 0 -0.831464 0.555579
bt -1 0 0
t 0 -0.831464 0.555579
bt -1 0 0
t 0 -0.923877 0.382689
bt -1 0 0
t 0 -0.916164 0.400804
bt 0 0.350322 0.936629
t 0 -0.849251 0.527989
bt 0 0.442208 0.896913
t 0 -0.910824 0.412794
bt 0 0.32153 0.946899
t 0 0.910825 0.412792
bt 0 -0.382683 0.92388
t 0 0.84925 0.52799
bt 0 -0.555566 0.831472
t 0 0.849251 0.52799
bt 0 -0.442203 0.896915
t 0 0.910825 0.412793
bt 0 -0.321528 0.9469
t 0 0.916164 0.400804
bt 0 0.382681 -0.923881
t 0 0.849252 0.527988
bt 0 0.442201 -0.896916
t 0 0.910825 0.412793
bt 0 0.321526 -0.946901
t 0 0.923877 0.382689
bt -1 0 0
t 0 0.831464 0.555579
bt -1 0 0
t 0 0.831464 0.555579
bt -1 0 0
t 0 0.923877 0.382689
bt -1 0 0
t -0.0164067 0.917659 0.397031
bt -0.723343 -0.264231 0.637931
t 0.0164272 0.839932 0.542443
bt -0.723331 -0.38362 0.574133
t 0.0164255 0.839931 0.542445
bt -0.720393 -0.307237 0.621804
t -0.016406 0.917659 0.397031
bt -0.722611 -0.222394 0.654503
t 0 0.382689 0.923877
bt -1 0 0
t 0 0.555579 0.831464
bt -1 0 0
t 0 0.555579 0.831464
bt -1 0 0
t 0 0.382689 0.923877
bt -1 0 0
t 0 0.400802 0.916165
bt 0 0.923879 -0.382684
t 0 0.527985 0.849253
bt 0 0.896916 -0.442201
t 0 0.412789 0.910826
bt 0 0.946902 -0.321523
t 0 -0.412788 0.910827
bt 0 -0.923879 -0.382686
t 0 -0.52799 0.84925
bt 0 -0.831467 -0.555575
t 0 -0.527987 0.849253
bt 0 -0.896913 -0.442208
t 0 -0.41279 0.910826
bt 0 -0.946899 -0.321531
t 0 -0.400806 0.916163
bt 0 0.923879 0.382684
t 0 -0.52799 0.849251
bt 0 0.896914 0.442205
t 0 -0.412793 0.910825
bt 0 0.946901 0.321525
t 0 0.412791 0.910826
bt 0 -0.923872 0.382701
t 0 0.527989 0.849251
bt 0 -0.831481 0.555554
t 0 0.527988 0.849252
bt 0 -0.896912 0.44221
t 0 0.412792 0.910826
bt 0 -0.946894 0.321547
t 0 0.382689 0.923877
bt 1 0 0
t 0 0.555579 0.831464
bt 1 0 0
t 0 0.555579 0.831464
bt 1 0 0
t 0 0.382689 0.923877
bt 1 0 0
t 0 -0.382689 0.923877
bt -1 0 0
t 0 -0.555579 0.831464
bt -1 0 0
t 0 -0.555579 0.831464
bt -1 0 0
t 0 -0.382689 0.923877
bt -1 0 0
t -0.0164063 -0.397031 0.917659
bt -0.723343 -0.637927 -0.264241
t 0.0164288 -0.542442 0.839933
bt -0.723331 -0.574135 -0.383617
t 0.0164256 -0.542445 0.839931
bt -0.720393 -0.6218 -0.307243
t -0.0164059 -0.39703 0.917659
bt -0.722611 -0.6545 -0.222401
t 0 0.352164 0.935938
bt 0 -0.923881 0.382679
t 0 0.22717 0.973855
bt 0 -0.980787 0.195083
t 0 0.227171 0.973855
bt 0 -0.946902 0.321523
t 0 0.352162 0.935939
bt 0 -0.896916 0.442201
t 0 0.227167 0.973856
bt 0 0.946896 -0.321539
t 0 0.352161 0.93594
bt 0 0.896912 -0.442209
t 0 0.382692 0.923876
bt -1 0 0
t 0 0.195096 0.980784
bt -1 0 0
t 0 0.195096 0.980784
bt -1 0 0
t 0 0.382692 0.923876
bt -1 0 0
t -0.016381 0.368117 0.929635
bt -0.723343 -0.637927 0.26424
t 0.0163971 0.210384 0.977481
bt -0.723315 -0.677248 0.134722
t 0.0163992 0.210385 0.977481
bt -0.72038 -0.656945 0.222434
t -0.0163812 0.368117 0.929635
bt -0.72261 -0.620062 0.305545
t 0 0.923876 0.382692
bt -1 0 0
t 0 0.980784 0.195096
bt -1 0 0
t 0 0.980784 0.195096
bt -1 0 0
t 0 0.923876 0.382692
bt -1 0 0
t 0 0.973856 0.227167
bt 0 0.321528 -0.9469
t 0 0.935939 0.352162
bt 0 0.442203 -0.896915
t 0 0.935939 0.352163
bt 0 -0.38269 0.923877
t 0 0.973856 0.227167
bt 0 -0.195096 0.980784
t 0 0.973855 0.227168
bt 0 -0.321535 0.946898
t 0 0.935938 0.352164
bt 0 -0.442208 0.896913
t 0 0.923876 0.382692
bt 1 0 0
t 0 0.980784 0.195096
bt 1 0 0
t 0 0.980784 0.195096
bt 1 0 0
t 0 0.923876 0.382692
bt 1 0 0
t 0 -0.382692 0.923876
bt -1 0 0
t 0 -0.195096 0.980784
bt -1 0 0
t 0 -0.195096 0.980784
bt -1 0 0
t 0 -0.382692 0.923876
bt -1 0 0
t 0 -0.227171 0.973855
bt 0 0.946899 0.321531
t 0 -0.352162 0.935939
bt 0 0.896913 0.442208
t 0 -0.352157 0.935941
bt 0 -0.923883 -0.382674
t 0 -0.227169 0.973855
bt 0 -0.980788 -0.195077
t 0 -0.227166 0.973856
bt 0 -0.946904 -0.321518
t 0 -0.352161 0.935939
bt 0 -0.896914 -0.442205
t 0 -0.382692 0.923876
bt 1 0 0
t 0 -0.195096 0.980784
bt 1 0 0
t 0 -0.195096 0.980784
bt 1 0 0
t 0 -0.382692 0.923876
bt 1 0 0
t 0 -0.935938 0.352164
bt 0 -0.382689 -0.923877
t 0 -0.980786 0.195089
bt 0 -0.146702 -0.989181
t 0 -0.973855 0.227169
bt 0 -0.32153 -0.946899
t 0 -0.935938 0.352164
bt 0 -0.442208 -0.896913
t 0 -0.923876 0.382692
bt -1 0 0
t 0 -0.980784 0.195096
bt -1 0 0
t 0 -0.980784 0.195096
bt -1 0 0
t 0 -0.923876 0.382692
bt -1 0 0
t -0.278509 -0.911602 0.30235
bt -0.130065 -0.425348 -0.895635
t -0.210172 -0.948696 0.236228
bt -0.0846857 -0.382017 -0.920267
t 0.0246043 -0.975645 0.21797
bt -0.722993 -0.165927 -0.670634
t -0.0245704 -0.93233 0.360773
bt -0.721603 -0.199548 -0.662925
t -0.0163825 -0.929636 0.368116
bt -0.72261 -0.305534 -0.620067
t 0 -0.913461 0.406926
bt 0 0.382671 0.923885
t 0 -0.88192 0.471399
bt 0 0.455222 0.890378
t 0 -0.812698 0.582686
bt 0 -0.555578 -0.831464
t 0 -0.831402 0.555672
bt 0 -0.512766 -0.858528
t 0 -0.831467 0.555574
bt 1 0 0
t 0 -0.831467 0.555574
bt 1 -7.54643e-07 5.04306e-07
t 0 0.999023 0.0442034
bt -1 0 0
t 0 0.999023 0.0442034
bt -1 0 0
t 0 0.995185 0.0980166
bt 0 0.195091 -0.980785
t 0 0.995184 0.0980216
bt 0 0 1
t 0 0.995185 0.0980128
bt 0 -0.195095 0.980784
t 0 0.999356 0.0358928
bt 1 0 0
t 0 0.999356 0.0358928
bt 1 0 0
t 0 -0.995184 0.0980201
bt 0 0.000573318 -1
t 0 -0.995042 0.0994516
bt 0 0 -1
t 0 -0.995184 0.0980189
bt 0 -0.0649252 -0.99789
t 0 0 1
bt -1 0 0
t 0 0 1
bt -1 0 0
t -0.102098 -0.989882 0.0985352
bt -0.0301927 -0.292278 -0.955857
t 0 0.997773 -0.0666999
bt -1 0 0
t 0 0.999377 -0.0352992
bt -1 0 0
t 0 0.999377 -0.0352992
bt -1 0 0
t 0 0.997773 -0.0666999
bt -1 0 0
t 0 0.999377 -0.0353015
bt 0 0 1
t 0 0.999755 -0.0221545
bt 0 -0.186623 0.982432
t 0 0.999377 -0.0353015
bt 0 0 1
t 0 0.999377 -0.0353015
bt 0 0 1
t 0 -0.9998 0.0200117
bt 0 0 1
t 0 -0.999952 0.00979885
bt 0 0.166951 0.985965
t 0 -0.9998 0.0200117
bt 0 0 1
t 0 -0.9998 0.0200117
bt 0 0 1
t 0 -0.9998 0.0200117
bt 0 -0.104766 -0.994497
t 0 -0.999652 0.0263725
bt 0 0 -1
t 0 -0.9998 0.0200117
bt 0 -0.156717 -0.987644
t 0 -0.9998 0.0200117
bt 0 -0.104766 -0.994497
t 0 -0.9998 0.02
bt -1 0 0
t 0 -0.9998 0.02
bt -1 0 0
t 0 -0.999235 -0.0390972
bt -1 0 0
t 0 -0.999235 -0.0390972
bt -1 0 0
t -0.0313036 -0.999471 -0.00883776
bt -0.723909 2.29697e-05 0.689895
t 2.50709e-05 -0.999799 0.0200383
bt -0.724355 0.109729 0.680639
t -0.0014613 -0.999747 0.0224397
bt -0.726485 -6.98004e-05 0.687182
t -0.030012 -0.999522 -0.00743084
bt -0.723321 -8.14627e-07 0.690511
t 0 -0.999952 0.00979953
bt -1 0 0
t 0 -0.999023 -0.0441986
bt -1 0 0
t 0 -0.999023 -0.0441986
bt -1 0 0
t 0 -0.999952 0.00979953
bt -1 0 0
t 0 -0.999952 0.00979886
bt 0 -0.166951 -0.985965
t 0 -0.9998 0.0200117
bt 0 0 -1
t 0 -0.999712 0.0239845
bt 0 0.161071 0.986943
t 0 -0.999652 0.0263725
bt 0 0 1
t 0 -0.999712 0.0239845
bt 0 0.161071 0.986943
t 0 -0.999712 0.0239845
bt 0 0.161071 0.986943
t 0 -0.999651 0.0263987
bt 1 0 0
t 0 -0.999355 -0.035904
bt 1 0 0
t 0 -0.999355 -0.035904
bt 1 0 0
t 0 -0.999651 0.0263987
bt 1 0 0
t 0 -0.903834 0.427883
bt 0 -0.469902 -0.882719
t 0 -0.910825 0.412793
bt 0 -0.382671 -0.923885
t 0 -0.881922 0.471396
bt 0 -0.376408 -0.926454
t 0 0 1
bt 1 0 0
t 0 0 1
bt 1 0 0
t 0 -0.973856 0.227166
bt 0 0.195043 0.980795
t 0 -0.956939 0.290288
bt 0 -0.382671 -0.923885
t 0 0.999377 -0.0353015
bt 0 0 -1
t 0 0.999799 -0.0200758
bt 0 0.186623 -0.982432
t 0 0.999377 -0.0353015
bt 0 0 -1
t 0 0.999377 -0.0353015
bt 0 0 -1
t 0 -0.997773 -0.0666965
bt -1 0 0
t 0 -0.980784 -0.195098
bt -1 0 0
t 0 -0.980784 -0.195098
bt -1 0 0
t 0 -0.997773 -0.0666965
bt -1 0 0
t 0 -0.989452 -0.144862
bt 0 0.136386 -0.990656
t 0 -0.984438 -0.175734
bt 0 0.195072 -0.980789
t 0 -0.995413 -0.0956724
bt 0 0.181275 -0.983432
t 0 -0.995413 -0.0956737
bt 0 0.116645 -0.993174
t 0 -0.995185 -0.0980165
bt 0 0 -1
t 0 0.986659 -0.162803
bt 0 -0.0653091 -0.997865
t 0 0.986658 -0.162804
bt 0 -0.195089 -0.980786
t 0 0.995185 -0.0980166
bt 0 0 -1
t 0 0.995185 -0.0980166
bt 0 0 -1
t 0 0.995185 -0.0980184
bt 0 0 1
t 0 0.986658 -0.162804
bt 0 0.195091 0.980785
t 0 0.984437 -0.175737
bt 0 0.117597 0.993061
t 0 0.995185 -0.0980184
bt 0 0 1
t 0 0.980784 -0.195098
bt -1 0 0
t 0 0.980784 -0.195098
bt -1 0 0
t 0 0.999235 -0.0391055
bt -1 0 0
t 0 0.999235 -0.0391055
bt -1 0 0
t -0.0297214 0.997316 -0.0669206
bt -0.723909 2.29684e-05 -0.689895
t 0.0163868 0.983588 -0.179684
bt -0.723315 -0.134712 -0.67725
t 0.0163875 0.983588 -0.179683
bt -0.720381 -0.0459035 -0.692058
t -0.0310267 0.997363 -0.0656144
bt -0.723321 -8.15816e-07 -0.690511
t 0 0.195098 -0.980784
bt -1 0 0
t 0 0.195098 -0.980784
bt -1 0 0
t 0 0 -1
bt -1 0 0
t 0 0 -1
bt -1 0 0
t 0 0.162808 -0.986658
bt 0 0.997865 0.065307
t 0 0.175739 -0.984437
bt 0 0.980786 0.195088
t 0 0.0196958 -0.999806
bt 0 1 0
t 0 0.0328147 -0.999461
bt 0 0.997865 -0.0653103
t 0 -0.162808 -0.986658
bt 0 -0.997865 0.0653104
t 0 -0.162808 -0.986658
bt 0 -0.980785 0.195093
t 0 -0.0328156 -0.999461
bt 0 -1 0
t 0 -0.0328147 -0.999461
bt 0 -0.997865 -0.0653071
t 0 -0.162803 -0.986659
bt 0 0.997865 -0.0653106
t 0 -0.175739 -0.984437
bt 0 0.980785 -0.195093
t 0 -0.0328133 -0.999461
bt 0 0.997865 0.0653111
t 0 0.162804 -0.986658
bt 0 -0.997865 -0.0653082
t 0 0.162801 -0.986659
bt 0 -0.980786 -0.195086
t 0 0.0328129 -0.999461
bt 0 -1 0
t 0 0.0328138 -0.999461
bt 0 -0.997865 0.0653153
t 0 0.195098 -0.980784
bt 1 0 0
t 0 0.195098 -0.980784
bt 1 0 0
t 0 0 -1
bt 1 0 0
t 0 0 -1
bt 1 0 0
t 0 -0.195098 -0.980784
bt -1 0 0
t 0 -0.195098 -0.980784
bt -1 0 0
t 0 0 -1
bt -1 0 0
t 0 0 -1
bt -1 0 0
t 0.0163851 -0.179686 -0.983588
bt -0.720381 -0.692058 0.0459038
t 0.0163855 -0.179685 -0.983588
bt -0.723315 -0.677251 0.13471
t -0.0163948 -0.0156528 -0.999743
bt -0.723317 -0.690516 0
t -0.016394 -0.0156521 -0.999743
bt -0.722584 -0.689817 -0.0449982
t 0 0.582556 -0.812791
bt 0 -0.751778 -0.659416
t 0 0.582552 -0.812793
bt 0 -0.831471 -0.555569
t 0 0.683526 -0.729926
bt 0 -0.707106 -0.707107
t 0 0.683525 -0.729927
bt 0 -0.659415 -0.751779
t 0 0.582554 -0.812792
bt 0 0.751778 0.659417
t 0 0.571838 -0.820367
bt 0 0.831469 0.555572
t 0 0.693043 -0.720896
bt 0 0.707107 0.707106
t 0 0.683526 -0.729926
bt 0 0.659417 0.751777
t 0 0.555574 -0.831467
bt -1 0 0
t 0 0.555574 -0.831467
bt -1 0 0
t 0 0.707106 -0.707107
bt -1 0 0
t 0 0.707106 -0.707107
bt -1 0 0
t 0.0163602 0.568468 -0.822543
bt -0.720399 -0.521806 -0.456885
t 0.0163618 0.568469 -0.822542
bt -0.723331 -0.574129 -0.383625
t -0.016395 0.69586 -0.71799
bt -0.72335 -0.488252 -0.488236
t -0.0163946 0.695861 -0.71799
bt -0.722618 -0.455937 -0.519562
t 0 0.831467 -0.555574
bt -1 0 0
t 0 0.831467 -0.555574
bt -1 0 0
t 0 0.707107 -0.707106
bt -1 0 0
t 0 0.707107 -0.707106
bt -1 0 0
t 0 0.812789 -0.582558
bt 0 0.659415 0.751779
t 0 0.820367 -0.571838
bt 0 0.555568 0.831471
t 0 0.729925 -0.683527
bt 0 0.751778 0.659416
t 0 0.812792 -0.582554
bt 0 -0.659408 -0.751785
t 0 0.81279 -0.582557
bt 0 -0.55558 -0.831463
t 0 0.72993 -0.683522
bt 0 -0.707091 -0.707122
t 0 0.72993 -0.683522
bt 0 -0.751768 -0.659428
t 0 0.831467 -0.555574
bt 1 0 0
t 0 0.831467 -0.555574
bt 1 0 0
t 0 0.707107 -0.707106
bt 1 0 0
t 0 0.707107 -0.707106
bt 1 0 0
t 0 -0.555574 -0.831467
bt -1 0 0
t 0 -0.555574 -0.831467
bt -1 0 0
t 0 -0.707106 -0.707107
bt -1 0 0
t 0 -0.707106 -0.707107
bt -1 0 0
t 0 -0.582554 -0.812792
bt 0 0.751779 -0.659415
t 0 -0.571838 -0.820367
bt 0 0.831467 -0.555574
t 0 -0.693045 -0.720895
bt 0 0.707108 -0.707106
t 0 -0.683526 -0.729926
bt 0 0.65942 -0.751775
t 0 -0.582555 -0.812791
bt 0 -0.751778 0.659417
t 0 -0.582558 -0.812789
bt 0 -0.831457 0.555589
t 0 -0.683524 -0.729928
bt 0 -0.707114 0.707099
t 0 -0.683524 -0.729928
bt 0 -0.659424 0.751772
t 0 -0.555574 -0.831467
bt 1 0 0
t 0 -0.555574 -0.831467
bt 1 0 0
t 0 -0.707106 -0.707107
bt 1 0 0
t 0 -0.707106 -0.707107
bt 1 0 0
t 0 -0.812793 -0.582552
bt 0 -0.65942 0.751775
t 0 -0.812793 -0.582553
bt 0 -0.555573 0.831467
t 0 -0.72993 -0.683522
bt 0 -0.707111 0.707103
t 0 -0.72993 -0.683522
bt 0 -0.751779 0.659415
t 0 -0.812791 -0.582555
bt 0 0.659413 -0.751781
t 0 -0.831469 -0.555571
bt 0 0.53122 -0.847234
t 0 -0.729928 -0.683524
bt 0 0.751776 -0.659419
t 0 -0.831467 -0.555574
bt -1 0 0
t 0 -0.831467 -0.555574
bt -1 0 0
t 0 -0.707107 -0.707106
bt -1 0 0
t 0 -0.707107 -0.707106
bt -1 0 0
t 0.0163606 -0.822542 -0.568468
bt -0.7204 -0.456882 0.521808
t 0.0163608 -0.822542 -0.568469
bt -0.723331 -0.383614 0.574136
t -0.0163952 -0.71799 -0.69586
bt -0.72335 -0.488237 0.48825
t -0.0163947 -0.71799 -0.69586
bt -0.722618 -0.519564 0.455935
t 0 -0.831464 -0.555579
bt -1 0 0
t 0 -0.831464 -0.555579
bt -1 0 0
t 0 -0.923877 -0.382689
bt -1 0 0
t 0 -0.923877 -0.382689
bt -1 0 0
t 0 -0.849253 -0.527986
bt 0 0.442209 -0.896912
t 0 -0.916165 -0.4008
bt 0 0.38671 -0.922201
t 0 -0.910826 -0.412791
bt 0 0.321529 -0.9469
t 0 0.849252 -0.527988
bt 0 -0.442201 -0.896916
t 0 0.84925 -0.527992
bt 0 -0.555566 -0.831472
t 0 0.910827 -0.412789
bt 0 -0.382679 -0.923881
t 0 0.910827 -0.412789
bt 0 -0.321525 -0.946901
t 0 0.849251 -0.52799
bt 0 0.442202 0.896915
t 0 0.916163 -0.400806
bt 0 0.382679 0.923881
t 0 0.910824 -0.412796
bt 0 0.321526 0.946901
t 0 0.831464 -0.555579
bt -1 0 0
t 0 0.831464 -0.555579
bt -1 0 0
t 0 0.923877 -0.382689
bt -1 0 0
t 0 0.923877 -0.382689
bt -1 0 0
t 0.0164255 0.839931 -0.542445
bt -0.720393 -0.307233 -0.621806
t 0.0164257 0.839931 -0.542445
bt -0.723331 -0.38362 -0.574133
t -0.0164059 0.917659 -0.39703
bt -0.723343 -0.264226 -0.637933
t -0.016406 0.917659 -0.397031
bt -0.722611 -0.222391 -0.654504
t 0 0.555579 -0.831464
bt -1 0 0
t 0 0.555579 -0.831464
bt -1 0 0
t 0 0.382689 -0.923877
bt -1 0 0
t 0 0.382689 -0.923877
bt -1 0 0
t 0 0.527986 -0.849253
bt 0 0.896916 0.442201
t 0 0.400802 -0.916165
bt 0 0.923881 0.38268
t 0 0.412789 -0.910826
bt 0 0.946902 0.321522
t 0 -0.527985 -0.849253
bt 0 -0.896913 0.442208
t 0 -0.527989 -0.849251
bt 0 -0.831467 0.555575
t 0 -0.412788 -0.910827
bt 0 -0.923878 0.382686
t 0 -0.41279 -0.910826
bt 0 -0.946899 0.321531
t 0 -0.527991 -0.84925
bt 0 0.896911 -0.442211
t 0 -0.400807 -0.916163
bt 0 0.923877 -0.382689
t 0 -0.412794 -0.910824
bt 0 0.946898 -0.321535
t 0 0.527987 -0.849253
bt 0 -0.89691 -0.442214
t 0 0.527989 -0.849251
bt 0 -0.831469 -0.555572
t 0 0.412788 -0.910827
bt 0 -0.923874 -0.382697
t 0 0.412789 -0.910827
bt 0 -0.946897 -0.321536
t 0 0.555579 -0.831464
bt 1 0 0
t 0 0.555579 -0.831464
bt 1 0 0
t 0 0.382689 -0.923877
bt 1 0 0
t 0 0.382689 -0.923877
bt 1 0 0
t 0 -0.555579 -0.831464
bt -1 0 0
t 0 -0.555579 -0.831464
bt -1 0 0
t 0 -0.382689 -0.923877
bt -1 0 0
t 0 -0.382689 -0.923877
bt -1 0 0
t 0.0164256 -0.542445 -0.839931
bt -0.720393 -0.6218 0.307243
t 0.0164287 -0.542442 -0.839933
bt -0.723331 -0.574135 0.383616
t -0.0164063 -0.397031 -0.917659
bt -0.723343 -0.637927 0.264241
t -0.0164059 -0.39703 -0.917659
bt -0.722611 -0.6545 0.222401
t 0 0.227171 -0.973855
bt 0 -0.946902 -0.321522
t 0 0.22717 -0.973855
bt 0 -0.980787 -0.195083
t 0 0.352164 -0.935938
bt 0 -0.923882 -0.382678
t 0 0.352162 -0.935939
bt 0 -0.896916 -0.442201
t 0 0.227167 -0.973856
bt 0 0.9469 0.321529
t 0 0.352159 -0.93594
bt 0 0.896914 0.442205
t 0 0.195096 -0.980784
bt -1 0 0
t 0 0.195096 -0.980784
bt -1 0 0
t 0 0.382692 -0.923876
bt -1 0 0
t 0 0.382692 -0.923876
bt -1 0 0
t 0.0163992 0.210386 -0.977481
bt -0.72038 -0.656946 -0.222427
t 0.0163975 0.210384 -0.977481
bt -0.723315 -0.677249 -0.134721
t -0.0163813 0.368117 -0.929635
bt -0.723343 -0.637931 -0.264231
t -0.0163812 0.368117 -0.929635
bt -0.72261 -0.620065 -0.305538
t 0 0.980784 -0.195096
bt -1 0 0
t 0 0.980784 -0.195096
bt -1 0 0
t 0 0.923876 -0.382692
bt -1 0 0
t 0 0.923876 -0.382692
bt -1 0 0
t 0 0.973856 -0.227167
bt 0 0.321525 0.946901
t 0 0.93594 -0.352161
bt 0 0.442201 0.896916
t 0 0.973855 -0.227168
bt 0 -0.321542 -0.946895
t 0 0.973857 -0.227164
bt 0 -0.195096 -0.980784
t 0 0.935938 -0.352165
bt 0 -0.382701 -0.923872
t 0 0.935938 -0.352165
bt 0 -0.44222 -0.896907
t 0 0.980784 -0.195096
bt 1 0 0
t 0 0.980784 -0.195096
bt 1 0 0
t 0 0.923876 -0.382692
bt 1 0 0
t 0 0.923876 -0.382692
bt 1 0 0
t 0 -0.195096 -0.980784
bt -1 0 0
t 0 -0.195096 -0.980784
bt -1 0 0
t 0 -0.382692 -0.923876
bt -1 0 0
t 0 -0.382692 -0.923876
bt -1 0 0
t 0 -0.227171 -0.973855
bt 0 0.946899 -0.321531
t 0 -0.352162 -0.935939
bt 0 0.896913 -0.442208
t 0 -0.227167 -0.973856
bt 0 -0.9469 0.321527
t 0 -0.227169 -0.973855
bt 0 -0.980782 0.195107
t 0 -0.352158 -0.935941
bt 0 -0.923884 0.382673
t 0 -0.352162 -0.935939
bt 0 -0.896914 0.442205
t 0 -0.195096 -0.980784
bt 1 3.41624e-07 1.71734e-06
t 0 -0.195096 -0.980784
bt 1 0 0
t 0 -0.382692 -0.923876
bt 1 9.4484e-07 2.28086e-06
t 0 -0.382692 -0.923876
bt 1 6.3124e-07 1.52383e-06
t 0 -0.973855 -0.227169
bt 0 -0.321529 0.9469
t 0 -0.980785 -0.19509
bt 0 -0.146701 0.989181
t 0 -0.935938 -0.352164
bt 0 -0.382689 0.923877
t 0 -0.935939 -0.352163
bt 0 -0.442209 0.896912
t 0 -0.980784 -0.195096
bt -1 0 0
t 0 -0.980784 -0.195096
bt -1 0 0
t 0 -0.923876 -0.382692
bt -1 0 0
t 0 -0.923876 -0.382692
bt -1 0 0
t 0.0246038 -0.975645 -0.217969
bt -0.722993 -0.165931 0.670633
t -0.210173 -0.9487 -0.23621
bt -0.0846914 -0.382043 0.920256
t -0.278509 -0.911602 -0.302349
bt -0.130067 -0.425355 0.895631
t -0.0245699 -0.93233 -0.360773
bt -0.721604 -0.19955 0.662924
t -0.0163809 -0.929635 -0.368117
bt -0.72261 -0.305534 0.620067
t 0 -0.88192 -0.471399
bt 0 0.455222 -0.890378
t 0 -0.913461 -0.406926
bt 0 0.382671 -0.923884
t 0 -0.812698 -0.582686
bt 0 -0.555578 0.831465
t 0 -0.831402 -0.555672
bt 0 -0.512766 0.858528
t 0 -0.831467 -0.555574
bt 1 0 0
t 0 -0.831467 -0.555574
bt 1 -7.51722e-07 -5.02354e-07
t 0 0.999023 -0.0442034
bt -1 0 0
t 0 0.999023 -0.0442034
bt -1 0 0
t 0 0.995185 -0.0980166
bt 0 0.195089 0.980786
t 0 0.995185 -0.0980128
bt 0 -0.195096 -0.980784
t 0 0.995185 -0.0980164
bt 0 0 -1
t 0 0.999356 -0.0358928
bt 1 0 0
t 0 0.999356 -0.0358928
bt 1 8.81223e-08 -2.94641e-09
t 0 -0.995185 -0.0980138
bt 0 -0.0649246 0.99789
t 0 -0.995042 -0.0994515
bt 0 0 1
t 0 -0.995185 -0.0980125
bt 0 0.000573383 1
t 0 0 -1
bt -1 0 0
t 0 0 -1
bt -1 0 0
t -0.102098 -0.989883 -0.0985274
bt -0.0301949 -0.292299 0.95585
t 0 0.999377 0.0352992
bt -1 0 0
t 0 0.999377 0.0352992
bt -1 0 0
t 0 0.997773 0.0666999
bt -1 0 0
t 0 0.997773 0.0666999
bt -1 0 0
t 0 0.999377 0.0352954
bt 0 0 -1
t 0 0.999755 0.0221547
bt 0 -0.186622 -0.982432
t 0 0.999377 0.0352954
bt 0 0 -1
t 0 0.999377 0.0352954
bt 0 0 -1
t 0 -0.999952 -0.0097924
bt 0 0.16695 -0.985965
t 0 -0.9998 -0.0200053
bt 0 0 -1
t 0 -0.999952 -0.0097924
bt 0 0.16695 -0.985965
t 0 -0.999952 -0.0097924
bt 0 0.16695 -0.985965
t 0 -0.999706 -0.0242539
bt 0 0 1
t 0 -0.999862 -0.0166012
bt 0 -0.16013 0.987096
t 0 -0.999652 -0.026378
bt 0 0 1
t 0 -0.999652 -0.026378
bt 0 0 1
t 0 -0.999235 0.0390972
bt -1 0 0
t 0 -0.9998 -0.02
bt -1 0 0
t 0 -0.9998 -0.02
bt -1 0 0
t 0 -0.999235 0.0390972
bt -1 0 0
t -0.00145809 -0.999747 -0.0224367
bt -0.726485 -6.98004e-05 -0.687182
t 2.82895e-05 -0.999799 -0.0200353
bt -0.724355 0.109729 -0.680639
t -0.0313004 -0.999471 0.00884083
bt -0.723909 2.29697e-05 -0.689895
t -0.0300088 -0.999522 0.00743392
bt -0.723321 -8.14627e-07 -0.690511
t 0 -0.999023 0.0441986
bt -1 0 0
t 0 -0.999023 0.0441986
bt -1 0 0
t 0 -0.999952 -0.00979953
bt -1 0 0
t 0 -0.999952 -0.00979953
bt -1 0 0
t 0 -0.999952 -0.0097924
bt 0 -0.16695 0.985965
t 0 -0.999952 -0.0097924
bt 0 -0.16695 0.985965
t 0 -0.999713 -0.0239781
bt 0 0.161071 -0.986943
t 0 -0.999652 -0.0263725
bt 0 0 -1
t 0 -0.999713 -0.0239781
bt 0 0.161071 -0.986943
t 0 -0.999713 -0.0239781
bt 0 0.161071 -0.986943
t 0 -0.999355 0.035904
bt 1 0 0
t 0 -0.999355 0.035904
bt 1 8.81223e-08 -2.9464e-09
t 0 -0.999651 -0.0263987
bt 1 0 0
t 0 -0.999651 -0.0263987
bt 1 0 0
t 0 -0.910825 -0.412793
bt 0 -0.382672 0.923884
t 0 -0.903834 -0.427883
bt 0 -0.469902 0.882719
t 0 -0.881922 -0.471396
bt 0 -0.376408 0.926454
t 0 0 -1
bt 1 0 0
t 0 0 -1
bt 1 0 0
t 0 -0.973859 -0.227152
bt 0 0.321509 -0.946906
t 0 -0.956939 -0.290288
bt 0 -0.382672 0.923884
t 0 0.999799 0.020076
bt 0 0.186622 0.982432
t 0 0.999377 0.0352954
bt 0 0 1
t 0 0.999799 0.020076
bt 0 0.186622 0.982432
t 0 0.999799 0.020076
bt 0 0.186622 0.982432

