g sponza_317
t 0.872148 0.407868 0.270188
bt -0.202732 -0.978114 0.0468238
t 0.871898 0.408516 0.270016
bt -0.203123 -0.97804 0.0466707
t 0.874629 0.407882 0.262022
bt 0.004494 -0.993599 -0.112873
t 0.874629 0.407882 0.262022
bt 0.004494 -0.993599 -0.112873
t 0.863922 0.406406 0.297444
bt -0.565069 -0.824699 0.0238415
t 0.864112 0.405736 0.297806
bt -0.565038 -0.82472 0.0238663
t 0.843526 0.414857 0.341112
bt -0.677826 -0.73481 0.0246186
t 0.843553 0.414673 0.341269
bt -0.677955 -0.734698 0.0244354
t 0.798024 0.3799 0.467796
bt -0.736761 -0.67614 0.00425933
t 0.797986 0.379686 0.468035
bt -0.736545 -0.676371 0.00483222
t 0.848595 0.368827 0.379279
bt -0.707377 -0.706577 -0.0191457
t 0.848595 0.368827 0.379279
bt -0.707377 -0.706577 -0.0191457
t 0.637088 0.307291 0.706888
bt -0.757983 -0.652273 0.00153788
t 0.637192 0.307432 0.706733
bt -0.758078 -0.652163 0.000973609
t 0.326279 0.275615 0.904201
bt -0.763917 -0.645314 0.000147645
t 0.327495 0.276643 0.903446
bt -0.763917 -0.645314 0
t -0.559659 -0.208316 0.802113
bt -0.75834 -0.651859 0.000583083
t -0.559855 -0.208552 0.801915
bt -0.758323 -0.651879 0.000480755
t -0.326666 -0.275942 0.903961
bt -0.763917 -0.645314 0
t -0.326666 -0.275942 0.903961
bt -0.763917 -0.645314 0
t -0.790071 -0.342169 0.508634
bt -0.739241 -0.673437 0.00239894
t -0.790064 -0.342139 0.508665
bt -0.73929 -0.673382 0.00253387
t -0.848615 -0.368571 0.379485
bt -0.707597 -0.706347 0.0194865
t -0.848601 -0.368746 0.379344
bt -0.70751 -0.706438 0.0193522
t -0.865822 -0.399613 0.301101
bt -0.603353 -0.797444 0.0070296
t -0.865795 -0.399711 0.301048
bt -0.603125 -0.797617 0.00684146
t -0.843546 -0.414723 0.341226
bt -0.678025 -0.734636 -0.0243359
t -0.843546 -0.414723 0.341226
bt -0.678025 -0.734636 -0.0243359
t -0.872651 -0.406561 0.270535
bt -0.343245 -0.939196 0.00969054
t -0.872434 -0.407124 0.270386
bt -0.343415 -0.939133 0.0097609
t -0.874207 -0.408786 0.262021
bt 0.00517426 -0.993615 0.112707
t -0.874634 -0.407872 0.262022
bt 0.00315088 -0.993567 0.113199
t -0.872822 -0.406323 0.270338
bt 0.879595 -0.473412 0.0468321
t -0.872791 -0.406404 0.270319
bt 0.879783 -0.473082 0.0466317
t -0.874634 -0.407873 0.262022
bt 0.75823 -0.642129 -0.112947
t -0.874634 -0.407873 0.262022
bt 0.75823 -0.642129 -0.112947
t -0.866209 -0.401221 0.297832
bt 0.994979 -0.0972004 0.0238652
t -0.866324 -0.401051 0.297725
bt 0.994974 -0.0972377 0.0238898
t -0.849603 -0.390896 0.354084
bt 0.998111 0.0606174 0.00996697
t -0.849525 -0.390979 0.354178
bt 0.998106 0.0607189 0.00985816
t -0.804252 -0.36703 0.467405
bt 0.991492 0.130112 0.00383659
t -0.804975 -0.366615 0.466485
bt 0.991485 0.130164 0.00374148
t -0.647426 -0.290393 0.704636
bt 0.986854 0.161615 0.000869004
t -0.64754 -0.290385 0.704534
bt 0.986858 0.161584 0.000989233
t -0.425719 -0.0736115 0.901856
bt 0.985376 0.170396 0.000149578
t -0.422388 -0.0730354 0.903468
bt 0.985376 0.170396 0
t 0.521987 0.294794 0.800391
bt 0.986808 0.161895 0.00062615
t 0.521343 0.294798 0.800809
bt 0.986812 0.161868 0.000518746
t 0.424569 0.0734127 0.902414
bt 0.985376 0.170396 0
t 0.424569 0.0734127 0.902414
bt 0.985376 0.170396 0
t 0.771166 0.384682 0.50727
bt 0.991058 0.133412 0.00240995
t 0.771138 0.384696 0.507302
bt 0.991041 0.133532 0.00263026
t 0.839282 0.401696 0.366397
bt 0.99722 0.0743639 0.00478945
t 0.838946 0.402039 0.366789
bt 0.997233 0.0741922 0.00460496
t 0.862665 0.406396 0.301082
bt 0.998706 -0.0503789 0.00699309
t 0.86272 0.406317 0.301032
bt 0.998693 -0.0506475 0.0068164
t 0.87218 0.407482 0.270667
bt 0.940106 -0.340745 0.00969847
t 0.872088 0.407648 0.270714
bt 0.94017 -0.340566 0.00977225
t 0.874584 0.40798 0.262022
bt 0.757804 -0.642662 0.112781
t 0.874629 0.407882 0.262022
bt 0.759078 -0.641068 0.113277
t 0.6319 0.30384 0.71301
bt 0.1269 -0.990397 -0.0548598
t 0.852867 0.389794 0.347387
bt -0.186876 -0.982381 0.0020473
t 0.840722 0.380402 0.385332
bt -0.454203 -0.890351 0.0312116
t 0.594675 0.302219 0.745
bt -0.0577108 -0.997856 -0.0308713
t 0.34474 0.162892 0.924457
bt 0.203955 -0.97896 0.00637205
t 0.378991 0.175232 0.908658
bt 0.30508 -0.952292 -0.00816378
t 0.389373 0.181531 0.903014
bt 0.418891 -0.907997 -0.0085442
t 0.645835 0.301102 0.701594
bt 0.416543 -0.909093 -0.00654961
t 0.528282 0.278843 0.801975
bt -0.207636 -0.977392 -0.0399045
t 0.810547 0.352257 0.467899
bt -0.611292 -0.791318 0.0117367
t 0.735772 0.334766 0.588703
bt -0.671159 -0.741141 0.0159936
t 0.421113 0.258133 0.869501
bt -0.287708 -0.957547 -0.0180797
t 0.209263 0.105178 0.972186
bt 0.0457751 -0.998951 0.00141501
t 0.289549 0.131681 0.948062
bt 0.110375 -0.993885 -0.00312196
t 0.235439 0.123806 0.963971
bt -0.334366 -0.942389 -0.010075
t 0.494811 0.19665 0.846458
bt -0.702975 -0.711179 0.00712114
t 0.0366481 0.0361342 0.998675
bt -0.71209 -0.702089 0
t 0.0129107 0.034631 0.999317
bt -0.349304 -0.937009 0
t 6.6207e-05 0.00874583 0.999962
bt -0.00769977 -0.99997 0
t 0.110969 0.0430662 0.99289
bt 0.00501404 -0.999983 -0.00284982
t -0.251536 -0.176409 0.951635
bt -0.334273 -0.942428 0.00953545
t -0.532127 -0.24738 0.809718
bt -0.702969 -0.711185 -0.00715456
t -0.727654 -0.305969 0.613924
bt -0.673936 -0.738733 -0.00911405
t -0.416662 -0.229063 0.879729
bt -0.289808 -0.956786 0.0239275
t -0.210133 -0.0916908 0.973364
bt 0.0454707 -0.998966 -3.71664e-05
t -0.110798 -0.0585433 0.992117
bt 0.00549246 -0.999984 -0.00142621
t -0.528079 -0.290985 0.797784
bt -0.201297 -0.97911 0.0286727
t -0.810131 -0.365637 0.458254
bt -0.602739 -0.797589 -0.0236033
t -0.84198 -0.374801 0.388064
bt -0.483319 -0.875407 -0.00803666
t -0.595538 -0.29725 0.746309
bt -0.0765869 -0.995543 0.0550339
t -0.345605 -0.159289 0.924762
bt 0.19928 -0.979927 0.00553977
t -0.288551 -0.138617 0.947377
bt 0.112554 -0.993638 -0.00375816
t -0.631486 -0.305135 0.712824
bt 0.166697 -0.985926 0.0127229
t -0.852401 -0.3911 0.347064
bt -0.123496 -0.991854 -0.0312109
t -0.853851 -0.398123 0.335315
bt 0.379275 -0.925131 0.0168021
t -0.64583 -0.301095 0.701602
bt 0.398446 -0.916825 0.0259188
t -0.389373 -0.181531 0.903014
bt 0.419178 -0.90787 0.00788458
t -0.378705 -0.176054 0.908618
bt 0.311998 -0.950051 -0.00778051
t -0.638966 -0.288711 0.713
bt 0.676323 -0.734654 -0.0535763
t -0.846832 -0.402742 0.347384
bt 0.8738 -0.486284 0.00100655
t -0.831809 -0.399496 0.385354
bt 0.974307 -0.22318 0.0302678
t -0.613811 -0.261278 0.744963
bt 0.801502 -0.597193 -0.030898
t -0.346432 -0.159288 0.924453
bt 0.618818 -0.785508 0.00638569
t -0.378057 -0.177396 0.908627
bt 0.532673 -0.846298 -0.00625272
t -0.55133 -0.227046 0.802799
bt 0.882389 -0.468757 -0.0406958
t -0.790865 -0.394471 0.467894
bt 0.999163 -0.0394668 0.0107215
t -0.727829 -0.349229 0.590174
bt 0.999151 0.0383677 0.0149822
t -0.466521 -0.157858 0.870309
bt 0.918595 -0.394746 -0.0189282
t -0.214538 -0.0931956 0.972259
bt 0.735385 -0.677638 0.0039541
t -0.286003 -0.138271 0.9482
bt 0.690619 -0.723206 -0.00431624
t -0.246308 -0.10061 0.963955
bt 0.936837 -0.349621 -0.0101155
t -0.468808 -0.252651 0.846396
bt 0.99664 0.0816807 0.00609621
t -0.051187 -0.00484138 0.998677
bt 0.995553 0.0941982 0
t -0.0347945 0.012357 0.999318
bt 0.942323 -0.334706 0
t -0.00672121 0.00555424 0.999962
bt 0.770968 -0.636874 0
t -0.105094 -0.0565312 0.992854
bt 0.762507 -0.646979 0.00058625
t 0.296871 0.0791605 0.951631
bt 0.936765 -0.349846 0.00885514
t 0.531619 0.248628 0.80967
bt 0.996673 0.0810578 -0.00857823
t 0.701169 0.361138 0.614769
bt 0.999111 0.0408828 -0.0102725
t 0.442204 0.172615 0.880147
bt 0.919136 -0.393265 0.0230552
t 0.205809 0.101538 0.97331
bt 0.736365 -0.67658 0.00260004
t 0.117575 0.0458212 0.992006
bt 0.762672 -0.646784 0.00170168
t 0.561289 0.218422 0.798277
bt 0.879395 -0.47524 0.0284856
t 0.800835 0.385563 0.458263
bt 0.998405 -0.0511795 -0.0238564
t 0.828339 0.404043 0.388077
bt 0.98116 -0.193016 -0.00836563
t 0.610547 0.265144 0.746278
bt 0.811869 -0.581237 0.0550646
t 0.344213 0.162288 0.924759
bt 0.622581 -0.782536 0.00558458
t 0.291164 0.132506 0.947452
bt 0.688622 -0.725107 -0.00432523
t 0.639707 0.287538 0.712809
bt 0.649723 -0.760025 0.0148997
t 0.84758 0.401462 0.347039
bt 0.837337 -0.545705 -0.0327352
t 0.853851 0.398123 0.335315
bt 0.468318 -0.883372 0.0182017
t 0.378568 0.17654 0.908581
bt 0.527099 -0.849765 -0.00812663
t 0.771751 0.377721 0.511593
bt -0.126129 -0.987579 -0.0936929
t 0.745545 0.387369 0.542316
bt -0.338823 -0.938702 -0.0635394
t 0.783682 0.365459 0.502277
bt 0.231275 -0.966017 -0.115424
t 0.700419 0.382305 0.602707
bt -0.472548 -0.879335 -0.0588932
t 0.616264 0.38058 0.689476
bt -0.530792 -0.846824 -0.033885
t 0.406363 0.240125 0.881595
bt -0.562651 -0.826505 -0.0176904
t 0.134301 0.192908 0.971982
bt -0.571386 -0.820681 9.28604e-05
t -0.44254 -0.310263 0.841365
bt -0.562281 -0.826798 0.0156414
t -0.611284 -0.356249 0.706696
bt -0.531494 -0.846309 0.0357008
t -0.260312 -0.373907 0.890186
bt -0.571375 -0.820689 0
t -0.700087 -0.391395 0.597233
bt -0.467123 -0.882739 0.0506633
t -0.746223 -0.384425 0.543478
bt -0.360446 -0.928957 0.0843625
t -0.77168 -0.377927 0.511548
bt -0.0509273 -0.997717 0.044354
t -0.783741 -0.365333 0.502277
bt 0.229392 -0.966338 0.116494
t -0.785451 -0.348376 0.511567
bt 0.837677 -0.538055 -0.0937758
t -0.77596 -0.322105 0.542342
bt 0.937521 -0.34168 -0.0656448
t -0.783687 -0.365455 0.502273
bt 0.733248 -0.640315 -0.228786
t -0.74309 -0.290808 0.602701
bt 0.977244 -0.204116 -0.0577158
t -0.687666 -0.227462 0.689476
bt 0.989815 -0.138754 -0.0318355
t -0.445369 -0.156933 0.881486
bt 0.994809 -0.100269 -0.0173377
t -0.234359 0.0211409 0.97192
bt 0.99596 -0.0897975 0.000126844
t 0.522574 0.139513 0.841102
bt 0.994805 -0.100424 0.0166635
t 0.666164 0.238994 0.706476
bt 0.989976 -0.136351 0.0368317
t 0.453829 -0.0409387 0.890148
bt 0.995958 -0.0898213 0
t 0.749876 0.284677 0.597198
bt 0.976442 -0.209836 0.0502911
t 0.774149 0.324418 0.543549
bt 0.943105 -0.32178 0.0837301
t 0.785563 0.34819 0.511522
bt 0.797872 -0.601123 0.0452964
t 0.783687 0.365455 0.502273
bt 0.731847 -0.642357 0.227547
t 0.391874 0.178079 0.90262
bt 0.303167 -0.952935 -0.00225489
t 0.276648 0.126894 0.952557
bt 0.343936 -0.938993 0.000769107
t 0.250914 0.112689 0.961428
bt 0.270378 -0.962738 0.00560615
t 0.357295 0.160155 0.920158
bt 0.194703 -0.980857 0.00333734
t 0.400743 0.187139 0.896874
bt 0.421647 -0.906758 -0.00204616
t 0.28494 0.13285 0.949295
bt 0.422243 -0.906482 -0.0012184
t 0.388619 0.185183 0.902598
bt 0.533622 -0.845722 -0.00146567
t 0.275026 0.130398 0.952553
bt 0.497234 -0.867606 -0.0043157
t 0.352636 0.170357 0.920123
bt 0.626211 -0.779647 -0.0034196
t 0.247674 0.119849 0.961402
bt 0.563799 -0.825895 -0.00528635
t 0.297312 0.141276 0.94427
bt 0.696869 -0.717184 -0.00449833
t 0.203844 0.0998248 0.973901
bt 0.616975 -0.78696 -0.00590094
t 0.216908 0.101166 0.970936
bt 0.743825 -0.668355 -0.00511375
t 0.145952 0.0715099 0.986704
bt 0.655386 -0.755273 -0.0056053
t 0.116905 0.0520595 0.991778
bt 0.771538 -0.636168 -0.00446885
t 0.0767809 0.0366608 0.996374
bt 0.678334 -0.734745 -0.00366852
t 0.00180023 -0.00144472 0.999997
bt 0.779902 -0.625902 -0.000533073
t 0.0008748 -0.000927511 0.999999
bt 0.686103 -0.727504 -3.2088e-05
t -0.113758 -0.0546859 0.992002
bt 0.771598 -0.6361 0.00367754
t -0.0742543 -0.0394059 0.99646
bt 0.67841 -0.734679 0.00243934
t -0.21421 -0.103687 0.971269
bt 0.744063 -0.6681 0.00357708
t -0.144483 -0.0732211 0.986794
bt 0.655617 -0.755085 0.0037335
t -0.295501 -0.143283 0.944536
bt 0.696908 -0.717144 0.00477908
t -0.20272 -0.101286 0.973984
bt 0.617285 -0.786729 0.00420459
t -0.351772 -0.171529 0.920236
bt 0.627262 -0.778808 -2.80005e-05
t -0.247244 -0.120493 0.961432
bt 0.564247 -0.825599 0.0033887
t -0.388762 -0.184944 0.902585
bt 0.535133 -0.844765 -0.00231018
t -0.274761 -0.130865 0.952565
bt 0.498117 -0.867109 0.00113706
t -0.40107 -0.186512 0.896859
bt 0.423435 -0.905924 -0.00185981
t -0.28494 -0.13285 0.949295
bt 0.423141 -0.906062 -0.00177811
t -0.391705 -0.178571 0.902596
bt 0.305017 -0.952345 -0.00184411
t -0.276699 -0.126756 0.95256
bt 0.344708 -0.938704 -0.00336012
t -0.357248 -0.160356 0.920141
bt 0.194533 -0.980892 -0.00291898
t -0.251023 -0.11265 0.961404
bt 0.270444 -0.962718 -0.00585032
t -0.299428 -0.136266 0.944338
bt 0.102191 -0.994741 -0.00689131
t -0.207559 -0.0917019 0.973915
bt 0.206268 -0.97848 -0.00559648
t -0.217001 -0.101678 0.970862
bt 0.0339122 -0.999411 -0.00530149
t -0.14856 -0.0660795 0.986693
bt 0.157065 -0.987578 -0.00456389
t -0.115023 -0.0550456 0.991837
bt -0.00867896 -0.999954 -0.00419147
t -0.0775146 -0.0346382 0.996389
bt 0.126706 -0.991938 -0.00236617
t -5.49327e-05 -0.00253597 0.999997
bt -0.0218019 -0.999762 0.000278839
t 0.00019084 -0.00163097 0.999999
bt 0.116303 -0.993214 -5.95762e-05
t 0.115009 0.0515173 0.992028
bt -0.00859846 -0.999955 0.00401448
t 0.0778753 0.0318544 0.996454
bt 0.126761 -0.991929 0.00304804
t 0.21709 0.0982266 0.971197
bt 0.0336907 -0.999423 0.00432166
t 0.149001 0.0634019 0.986802
bt 0.156987 -0.987592 0.00406855
t 0.299849 0.1338 0.944557
bt 0.100816 -0.994901 0.00269851
t 0.207967 0.0898845 0.973997
bt 0.205816 -0.978582 0.00400214
t -0.879289 -0.409531 0.243176
bt 0.899192 -0.434791 0.0490991
t -0.879068 -0.409937 0.243292
bt 0.900977 -0.431242 0.0476575
t -0.88081 -0.410689 0.235602
bt 0.785333 -0.609207 -0.110084
t -0.88081 -0.410689 0.235602
bt 0.785333 -0.609207 -0.110084
t -0.87389 -0.40523 0.268524
bt 0.99855 -0.0492016 0.0218389
t -0.874308 -0.40461 0.268099
bt 0.998545 -0.0492867 0.0218962
t -0.869727 -0.385686 0.307929
bt 0.996141 0.0848493 0.0224283
t -0.869506 -0.385947 0.308229
bt 0.996137 0.0849141 0.0223596
t -0.82229 -0.376173 0.427006
bt 0.987009 0.160621 0.00377366
t -0.822238 -0.376204 0.427077
bt 0.98705 0.160359 0.00424998
t -0.842098 -0.416153 0.343057
bt 0.992285 0.122694 -0.0177717
t -0.842098 -0.416153 0.343057
bt 0.992285 0.122694 -0.0177717
t -0.676678 -0.307628 0.668933
bt 0.981975 0.189005 0.00152715
t -0.675664 -0.307695 0.669927
bt 0.981964 0.189066 0.00129089
t -0.464834 -0.0934893 0.880448
bt 0.980365 0.197193 0.000448563
t -0.463317 -0.0931843 0.88128
bt 0.980365 0.197193 0
t 0.554371 0.311287 0.771864
bt 0.981856 0.189624 0.000894234
t 0.553802 0.311285 0.772272
bt 0.981827 0.189771 0.00147038
t 0.464543 0.093431 0.880608
bt 0.980365 0.197193 0
t 0.464543 0.093431 0.880608
bt 0.980365 0.197193 0
t 0.791051 0.394074 0.467916
bt 0.986398 0.164349 0.00302403
t 0.790939 0.394133 0.468053
bt 0.986432 0.164146 0.00265319
t 0.851512 0.406182 0.331576
bt 0.993855 0.11058 0.00488422
t 0.851506 0.406244 0.331517
bt 0.993856 0.110579 0.00473873
t 0.870892 0.409746 0.271393
bt 0.999965 -0.00559002 0.00615589
t 0.87096 0.409661 0.271306
bt 0.999965 -0.00589735 0.00595946
t 0.878767 0.410488 0.24345
bt 0.956355 -0.29212 0.00719751
t 0.878511 0.410958 0.243584
bt 0.955963 -0.293411 0.00670248
t 0.880546 0.411254 0.235602
bt 0.789733 -0.603201 0.111666
t 0.88081 0.410689 0.235602
bt 0.788732 -0.604576 0.111306
t 0.878951 0.410265 0.243163
bt -0.248402 -0.967475 0.0478374
t 0.879078 0.40994 0.243251
bt -0.247738 -0.967633 0.0480851
t 0.88081 0.410689 0.235602
bt -0.0452049 -0.992717 -0.111663
t 0.88081 0.410689 0.235602
bt -0.0452049 -0.992717 -0.111663
t 0.872182 0.408877 0.26855
bt -0.60263 -0.797687 0.0230606
t 0.871972 0.409605 0.268119
bt -0.602505 -0.797779 0.0231626
t 0.856706 0.404525 0.320023
bt -0.71455 -0.699529 0.00883552
t 0.856733 0.404337 0.320187
bt -0.714575 -0.699503 0.00879783
t 0.816745 0.388264 0.426825
bt -0.757788 -0.652494 0.00288319
t 0.81671 0.388025 0.427109
bt -0.757805 -0.652475 0.00283698
t 0.671469 0.321932 0.66745
bt -0.7762 -0.630487 0.000190469
t 0.671152 0.321389 0.668031
bt -0.776289 -0.630378 -4.41612e-05
t 0.37035 0.295905 0.8805
bt -0.781239 -0.624231 -0.000766108
t 0.36914 0.294938 0.881333
bt -0.781239 -0.624232 0
t -0.595335 -0.225274 0.771251
bt -0.776347 -0.630306 0.000399179
t -0.594966 -0.224836 0.771663
bt -0.776293 -0.630373 6.84589e-05
t -0.370127 -0.295727 0.880654
bt -0.781239 -0.624232 0
t -0.370127 -0.295727 0.880654
bt -0.781239 -0.624232 0
t -0.810607 -0.353885 0.466563
bt -0.75939 -0.650634 0.00153201
t -0.810594 -0.35382 0.466636
bt -0.759272 -0.650773 0.00120262
t -0.858622 -0.390425 0.332168
bt -0.722878 -0.690965 0.00378864
t -0.858615 -0.390487 0.332115
bt -0.723491 -0.690318 0.00473073
t -0.87369 -0.40376 0.271373
bt -0.639154 -0.76905 0.00671207
t -0.873676 -0.403841 0.2713
bt -0.638973 -0.769201 0.00656148
t -0.879317 -0.409329 0.243416
bt -0.390177 -0.920715 0.00684718
t -0.879505 -0.408846 0.243546
bt -0.389413 -0.92104 0.00654248
t -0.880984 -0.410316 0.235601
bt -0.0361997 -0.9933 0.109744
t -0.88081 -0.410689 0.235602
bt -0.0463663 -0.992636 0.11191
t -0.0645234 -0.0300999 0.997462
bt 0.422682 -0.906278 -0.000249276
t -0.0625496 -0.0287016 0.997629
bt 0.439346 -0.898318 -0.000133336
t 1.32935e-07 -4.8467e-07 1
bt 0.422606 -0.906313 -2.63333e-06
t -0.0562662 -0.025477 0.998091
bt 0.454665 -0.890663 -0.000228711
t -0.0459852 -0.0208575 0.998724
bt 0.467795 -0.883837 0.000117046
t -0.0328298 -0.0141444 0.999361
bt 0.477705 -0.87852 -0.000537794
t -0.0161374 -0.00884151 0.999831
bt 0.48399 -0.875073 0.00029168
t -0.00014914 0.000268084 1
bt 0.486101 -0.873902 0
t 0.0163365 0.00848098 0.999831
bt 0.483993 -0.875072 -0.000122638
t 0.031925 0.0158094 0.999365
bt 0.477693 -0.878527 0.00017074
t 0.0463548 0.0201587 0.998722
bt 0.467831 -0.883818 0.000688555
t 0.0559377 0.0261211 0.998093
bt 0.454601 -0.890695 -0.00091625
t 0.0627206 0.0283519 0.997628
bt 0.439264 -0.898357 -0.00117746
t 0.0645234 0.0300999 0.997462
bt 0.422682 -0.906278 0.000255706
t 0.0622972 0.0292351 0.997629
bt 0.40582 -0.913953 0.000852802
t 0.0559726 0.026041 0.998093
bt 0.390122 -0.920761 0.00177329
t 0.0460738 0.0204942 0.998728
bt 0.376379 -0.926466 0.000108307
t 0.0323052 0.0151217 0.999364
bt 0.365896 -0.930656 -0.000580196
t 0.0164184 0.00856542 0.999829
bt 0.359259 -0.933238 0.000288745
t -9.41274e-05 0.00024636 1
bt 0.357001 -0.934104 0
t -0.016657 -0.0079464 0.99983
bt 0.359256 -0.933239 -0.000123527
t -0.0322486 -0.015267 0.999363
bt 0.365911 -0.93065 0.000146091
t -0.0460823 -0.0204733 0.998728
bt 0.376344 -0.92648 0.000652608
t -0.0562305 -0.0254331 0.998094
bt 0.390018 -0.920807 8.60626e-05
t -0.0622512 -0.0293385 0.997629
bt 0.405715 -0.913999 0.000806708
t 0.359224 0.170051 0.917628
bt 0.190811 -0.981626 0.000898008
t 0.394402 0.181609 0.900814
bt 0.300097 -0.953888 -0.00626527
t 0.418528 0.191984 0.887681
bt 0.288006 -0.957559 -0.0115472
t 0.382166 0.180187 0.906356
bt 0.174258 -0.984695 0.00328464
t 0.404916 0.188606 0.894691
bt 0.425253 -0.905055 0.00590437
t 0.394775 0.182035 0.900564
bt 0.533719 -0.845653 -0.00399682
t 0.418544 0.193192 0.887411
bt 0.539999 -0.841628 -0.00797919
t 0.429067 0.19975 0.880909
bt 0.427678 -0.903871 0.0104551
t 0.358997 0.168573 0.917989
bt 0.631793 -0.775105 0.00705879
t 0.302392 0.140028 0.942842
bt 0.700004 -0.714138 -0.00114098
t 0.323934 0.148115 0.934414
bt 0.716821 -0.697256 -0.000980293
t 0.380697 0.180311 0.90695
bt 0.647022 -0.762389 0.0111878
t 0.21652 0.105223 0.970591
bt 0.74784 -0.663877 0.00138317
t 0.120153 0.0508347 0.991453
bt 0.774571 -0.632486 0.00146249
t 0.13193 0.0528111 0.989851
bt 0.792829 -0.609444 0.000580245
t 0.228535 0.115555 0.966653
bt 0.765871 -0.642991 0.00206796
t -0.00472933 0.0037591 0.999982
bt 0.782962 -0.62207 -3.19194e-05
t -0.111602 -0.0579188 0.992064
bt 0.774552 -0.632508 -0.00175771
t -0.115992 -0.065259 0.991104
bt 0.792903 -0.609346 -0.00158129
t -0.00877398 0.00654812 0.99994
bt 0.80133 -0.598222 0
t -0.222537 -0.0994833 0.969835
bt 0.747536 -0.664221 0.000284098
t -0.299294 -0.143567 0.943298
bt 0.701379 -0.712776 -0.00422395
t -0.316841 -0.155763 0.935601
bt 0.718363 -0.695651 -0.0048659
t -0.240014 -0.105391 0.965032
bt 0.765168 -0.643826 0.00241296
t -0.360512 -0.166554 0.917764
bt 0.628213 -0.778031 0.00396201
t -0.394527 -0.182448 0.900589
bt 0.538082 -0.842865 -0.00682402
t -0.418005 -0.194304 0.887422
bt 0.5473 -0.83689 -0.00881902
t -0.383531 -0.17642 0.906521
bt 0.640268 -0.768106 0.00834772
t -0.404835 -0.188779 0.894691
bt 0.419776 -0.907607 0.00620282
t -0.394176 -0.182266 0.90078
bt 0.304875 -0.952383 -0.00420561
t -0.417944 -0.193463 0.887634
bt 0.297599 -0.954658 -0.00794157
t -0.428967 -0.200055 0.880889
bt 0.417513 -0.90861 0.0105068
t -0.35981 -0.16747 0.917873
bt 0.188576 -0.982047 0.00477138
t -0.301233 -0.144712 0.942506
bt 0.0970939 -0.995275 -0.0010101
t -0.321407 -0.155172 0.934141
bt 0.0748007 -0.997187 -0.00475619
t -0.382984 -0.175975 0.906839
bt 0.170243 -0.985382 0.00625149
t -0.219764 -0.0980924 0.970609
bt 0.0276404 -0.999615 0.0024963
t -0.116278 -0.0593813 0.99144
bt -0.0132736 -0.999912 0.00073039
t -0.125255 -0.0672195 0.989845
bt -0.042757 -0.999085 0.000294641
t -0.235419 -0.100535 0.96668
bt 0.000294851 -0.999998 0.00217084
t 0.000162532 0.00604292 0.999982
bt -0.0267015 -0.999643 -5.92628e-05
t 0.116106 0.0484929 0.992052
bt -0.0134324 -0.999908 -0.00209459
t 0.124548 0.0469393 0.991103
bt -0.0429073 -0.999078 -0.00152071
t 0.000621218 0.0109452 0.99994
bt -0.0566995 -0.998391 0
t 0.219232 0.106604 0.969831
bt 0.028424 -0.999596 0.000482401
t 0.301958 0.139264 0.943094
bt 0.0949068 -0.99547 -0.00558042
t 0.322572 0.145166 0.935347
bt 0.0714577 -0.997433 -0.0046834
t 0.234888 0.116129 0.96506
bt 0.00166899 -0.999995 0.00262668

