g sponza_152
t 1 0 0
bt 0 0 1
t 1 0 -1.32326e-05
bt 0 0 1
t 1 0 0
bt 0 0 1
t 1 0 0
bt 0 0 1
t 1 0 0
bt 0 0 -1
t 1 0 0
bt 0 0 -1
t 1 0 0
bt 0 0 -1
t 1 0 0
bt 0 0 -1
t 0 0 -1
bt 0 -0.999987 0.00512174
t 0 -0.000175926 -1
bt 0 -0.999994 0.00341451
t 0 0.00136758 -0.999999
bt 0 -0.999997 0.00249614
t 1 5.89446e-06 -3.61121e-06
bt 0 -0.8527 0.5224
t 1 0 0
bt 0 -0.664233 0.747525
t 1 4.37989e-06 -4.92992e-06
bt 0 -0.664234 0.747525
t 1 5.89446e-06 -3.61121e-06
bt 0 -0.8527 0.5224
t 0 0 1
bt 0 -0.999987 0.0050541
t 0 -0.00136773 0.999999
bt 0 -0.999997 0.00246224
t 0 0.000175891 1
bt 0 -0.999994 0.00336941
t 0 0 -1
bt 0 -1 -0.000258968
t 0 0.00182345 -0.999998
bt 0 -1 -0.000172645
t 1 0 0
bt 0 -1 0
t 1 0 0
bt 0 -1 0
t 1 0 0
bt 0 -1 0
t 1 0 0
bt 0 -1 0
t 0 0 1
bt 0 -1 -0.000259281
t 0 -0.00182365 0.999998
bt 0 -1 -0.000172854
t 0 0.00547032 -0.999985
bt 0 -1 0
t 1 0 0
bt 0 -0.418506 0.908214
t 1 0 0
bt 0 -0.418506 0.908214
t 0 -0.00547092 0.999985
bt 0 -1 0

