g sponza_217
t -0.319296 -0.947655 0
bt 0.939591 -0.3423 0
t -0.339141 -0.940736 0
bt 0.94204 -0.3355 0
t -0.32513 -0.945669 0
bt 0.940288 -0.340381 0
t -0.319296 -0.947655 0
bt 0.939591 -0.3423 0
t -0.339576 -0.940579 0
bt 0.941422 -0.337232 0
t -0.337974 -0.941156 0
bt 0.9419 -0.335894 0
t -0.337832 -0.941206 0
bt 0.941577 -0.336797 0
t -0.337956 -0.941162 0
bt 0.941748 -0.336321 0
t -0.331906 -0.943312 0
bt 0.942289 -0.334801 0
t -0.331906 -0.943312 0
bt 0.942289 -0.334801 0
t -0.333892 -0.942611 0
bt 0.941558 -0.33685 0
t -0.333609 -0.942712 0
bt 0.941794 -0.336191 0
t -0.335733 -0.941957 0
bt 0.941001 -0.338403 0
t -0.335733 -0.941957 0
bt 0.941001 -0.338403 0
t 0.000709341 0.0149809 0.999887
bt -0.0472885 -0.998708 0.0186145
t 0.00838122 0.0163942 0.99983
bt -0.455156 -0.89031 0.0134329
t 0.00743887 0.0145509 0.999866
bt -0.455121 -0.890243 0.018236
t 0.000709341 0.0149809 0.999887
bt -0.0472885 -0.998708 0.0186145
t 0.0129022 0.0150081 0.999804
bt -0.651863 -0.758257 0.0109884
t 0.0129022 0.0150081 0.999804
bt -0.651863 -0.758257 0.0109884
t -0.00956732 -0.0150344 0.999841
bt 0.536821 0.843576 0.014244
t -0.0106726 -0.0167713 0.999802
bt 0.536821 0.843576 0.0142444
t -0.0125775 -0.0108873 0.999862
bt 0.756001 0.654407 0.0146399
t -0.0125778 -0.0108875 0.999862
bt 0.756001 0.654407 0.01464
t -0.0132394 0.0105096 0.999857
bt 0.783169 -0.621686 0.01234
t -0.00617172 0.0156427 0.999859
bt 0.366982 -0.930147 0.0122754
t -0.00617219 0.0156439 0.999859
bt 0.366982 -0.930147 0.0122753
t -0.0132394 0.0105096 0.999857
bt 0.783169 -0.621686 0.01234
t -0.00787229 0.0149797 0.999857
bt 0.465155 -0.885114 0.0143265
t -0.00887184 0.0168817 0.999818
bt 0.465155 -0.885114 0.0143266
t -0.00787229 0.0149797 0.999857
bt 0.465155 -0.885114 0.0143265
t -0.00787229 0.0149797 0.999857
bt 0.465155 -0.885114 0.0143265
t -0.0168768 -0.00941337 0.999813
bt 0.873275 0.487086 0.011783
t -0.0149346 -0.00833007 0.999854
bt 0.873275 0.487086 0.0117827
t -0.0168768 -0.00941337 0.999813
bt 0.873275 0.487086 0.011783
t -0.0168768 -0.00941337 0.999813
bt 0.873275 0.487086 0.011783
t 0.987743 0.156089 0
bt 0.14874 -0.988876 0
t 0.987736 0.156134 0
bt 0.176493 -0.984302 0
t 0.987779 0.155861 0
bt 0.149449 -0.98877 0
t 0.987784 0.155828 0
bt 0.152065 -0.988371 0
t 0.987877 0.155238 0
bt 0.156495 -0.987679 0
t 0.987745 0.156079 0
bt 0.155583 -0.987823 0
t 0.987935 0.154871 0
bt 0.157979 -0.987442 0
t 0.987876 0.155246 0
bt 0.156782 -0.987633 0
t 0.987746 0.156067 0
bt 0.152698 -0.988273 0
t 0.987746 0.156067 0
bt 0.152698 -0.988273 0
t 0.98772 0.156236 0
bt 0.154738 -0.987955 0
t 0.987789 0.155796 0
bt 0.154128 -0.988051 0
t 0.987677 0.156508 0
bt 0.154283 -0.988027 0
t 0.98751 0.157555 0
bt 0.156568 -0.987667 0
t -0.0159552 -0.00342533 0.999867
bt 0.977565 0.209868 0.0179269
t -0.0148589 -0.00318997 0.999885
bt 0.977661 0.209888 0.0112688
t -0.0166078 0.003214 0.999857
bt 0.981597 -0.189963 0.0195403
t -0.0159976 0.00309592 0.999867
bt 0.981635 -0.18997 0.0174324

