g sponza_39
t -0.965204 0.247011 0.0858251
bt 0.348722 0.805079 -0.479834
t -0.983864 0.15697 -0.085861
bt 0 0.877319 -0.479907
t -0.98579 0.138088 -0.095651
bt 0.261714 0.793419 -0.549538
t -0.928214 0.371543 0.0193716
bt 0.397445 0.720986 -0.567641
t -0.337697 0.941255 0
bt 0 0 -1
t 0.0561985 0.99842 0
bt 2.38946e-08 4.1931e-07 -1
t 0.0519006 0.998581 0.0119605
bt 0.316043 -0.0644431 -0.946554
t -0.333656 0.942611 -0.0125588
bt 0.317436 0.0625799 -0.946213
t 0.400062 0.916349 0.0159723
bt 0.79403 -0.374673 -0.478682
t 0.0866767 0.996092 -0.0169632
bt 0.875805 -0.0565569 -0.479339
t 0.0831498 0.996361 -0.0187364
bt 0.80186 -0.197305 -0.563995
t 0.403469 0.91482 0.0178384
bt 0.709053 -0.414564 -0.570421
t -0.20837 0.973165 -0.0976279
bt 0.826082 -0.04386 -0.561841
t -0.307505 0.951386 -0.0174617
bt 0.825769 0.296291 -0.479914
t 0.0134797 0.9994 0.0319148
bt 0.793334 -0.150979 -0.589768
t -0.337697 0.941255 0
bt 0 0 1
t -0.337697 0.941255 0
bt 0 0 1
t 0.0561985 0.99842 0
bt 0 0 1
t 0.0561985 0.99842 0
bt 0 0 1
t 0.929904 0.367801 0
bt 0 0 -1
t 1 0 0
bt 0 0 -1
t 0.998159 0.0193412 0.0574781
bt 0 -0.318802 -0.947821
t 0.931266 0.364158 -0.0115149
bt 0.0755451 -0.312605 -0.946874
t 0.943825 0.329056 -0.0302701
bt 0.104623 -0.807031 -0.581167
t 0.940184 0.340289 -0.016027
bt 0.322901 -0.816422 -0.478738
t 0.986289 0.144889 0.0789999
bt 0 -0.877984 -0.47869
t 0.988432 0.12211 0.0899496
bt 0 -0.805119 -0.593114
t 0.929904 0.367801 0
bt 0 0 1
t 0.929904 0.367801 0
bt 0 0 1
t 1 0 0
bt 0 0 1
t 1 0 0
bt 0 0 1
t 0.983864 0.156971 -0.0858617
bt -0.109496 0.872044 -0.477022
t 0.965205 0.24701 0.0858254
bt -0.34874 0.805071 -0.479834
t 0.928214 0.371542 0.0193721
bt -0.178386 0.807462 -0.562302
t 0.985789 0.138093 -0.0956544
bt 0 0.822071 -0.569385
t -0.0561985 0.99842 0
bt 0 0 -1
t 0.337697 0.941255 0
bt 0 0 -1
t 0.333656 0.942611 -0.0125598
bt -0.284807 0.153529 -0.94621
t -0.0519009 0.998581 0.0119635
bt -0.321347 0.028472 -0.946533
t -0.0867324 0.996087 -0.0169937
bt -0.876703 -0.0403504 -0.479337
t -0.399963 0.916391 0.0160309
bt -0.766773 -0.428671 -0.477807
t -0.403508 0.914803 0.0178084
bt -0.796044 -0.214822 -0.565832
t -0.0831327 0.996362 -0.0187377
bt -0.819474 -0.0528737 -0.570672
t 0.307502 0.951387 -0.0174632
bt -0.79742 0.367638 -0.478502
t 0.20837 0.973165 -0.0976279
bt -0.826082 -0.0438601 -0.561841
t -0.0134798 0.9994 0.0319148
bt -0.803484 -0.0517067 -0.593076
t -0.0561985 0.99842 0
bt 0 0 1
t 0.337697 0.941255 0
bt 0 0 1
t 0.337697 0.941255 0
bt 0 0 1
t -0.0561985 0.99842 0
bt 0 0 1
t -1 0 0
bt 0 0 -1
t -0.929904 0.367801 0
bt 0 0 -1
t -0.931266 0.364158 -0.0115146
bt -0.158723 -0.279708 -0.946874
t -0.998159 0.0193414 0.0574789
bt -0.0746685 -0.317911 -0.945176
t -0.986289 0.144891 0.0790006
bt -0.118659 -0.871781 -0.475307
t -0.940184 0.34029 -0.0160263
bt -0.388033 -0.788284 -0.477534
t -0.943825 0.329056 -0.0302697
bt -0.104623 -0.807031 -0.581167
t -0.988432 0.12211 0.0899494
bt 0 -0.805119 -0.593114
t -1 0 0
bt 0 0 1
t -0.929904 0.367801 0
bt 0 0 1
t -0.929904 0.367801 0
bt 0 0 1
t -1 0 0
bt 0 0 1
t -0.660315 0.750786 -0.0174476
bt 0.639945 0.6001 -0.479948
t -0.663224 0.748169 -0.0194327
bt 0.699789 0.440619 -0.562272
t -0.363815 0.931271 0.0193234
bt 0.79781 0.203261 -0.567612
t -0.917602 0.397501 0
bt 5.80041e-06 -2.5127e-06 -1
t -0.68399 0.729492 0
bt 0 0 -1
t -0.687087 0.726467 0.0125672
bt 0.266443 0.183574 -0.946207
t -0.915858 0.401304 -0.0125948
bt 0.171525 0.274352 -0.946208
t 0.749121 0.662238 -0.0160422
bt 0.600547 -0.640439 -0.478729
t 0.74664 0.664989 -0.0178617
bt 0.449039 -0.691509 -0.565844
t 0.920032 0.391433 0.0178958
bt 0.233656 -0.787436 -0.570395
t -0.852416 0.513667 -0.09764
bt 0.597057 0.572592 -0.561837
t -0.840419 0.535093 -0.0858572
bt 0.348718 0.805062 -0.479864
t -0.715605 0.69773 0.0329132
bt 0.657774 0.468699 -0.589623
t -0.917602 0.397501 0
bt 0 0 1
t -0.917602 0.397501 0
bt 0 0 1
t -0.68399 0.729492 0
bt 0 0 1
t -0.68399 0.729492 0
bt 0 0 1
t 0.426697 0.904395 0
bt 0 0 -1
t 0.729492 0.68399 0
bt 0 0 -1
t 0.726771 0.686783 0.0115264
bt 0.185221 -0.262917 -0.946873
t 0.430226 0.902648 -0.0115128
bt 0.268932 -0.176364 -0.946875
t 0.463379 0.885642 -0.030306
bt 0.628329 -0.517122 -0.581195
t 0.700362 0.713146 0.0302657
bt 0.475211 -0.652621 -0.590135
t 0.426774 0.904358 0
bt 0 0 1
t 0.426774 0.904358 0
bt 0 0 1
t 0.729492 0.68399 0
bt 0 0 1
t 0.729492 0.68399 0
bt 0 0 1
t 0.363893 0.931239 0.0193813
bt -0.77379 0.277645 -0.569353
t 0.663225 0.748168 -0.0194316
bt -0.599684 0.56232 -0.569363
t 0.660319 0.750783 -0.0174451
bt -0.63226 0.608216 -0.479918
t 0.917602 0.397501 0
bt 0 0 -1
t 0.915858 0.401304 -0.0125946
bt -0.0828029 0.312778 -0.94621
t 0.687087 0.726466 0.0125714
bt -0.20031 0.254096 -0.946209
t 0.68399 0.729492 0
bt 0 0 -1
t -0.920011 0.391486 0.0178245
bt -0.301709 -0.762813 -0.571916
t -0.746642 0.664986 -0.0178641
bt -0.561109 -0.59838 -0.571925
t -0.749121 0.662239 -0.0160417
bt -0.608103 -0.633289 -0.478703
t 0.840419 0.535093 -0.0858572
bt -0.627632 0.632503 -0.453892
t 0.852416 0.513667 -0.09764
bt -0.320022 0.73881 -0.593081
t 0.71561 0.697724 0.0329191
bt -0.587314 0.550726 -0.593096
t 0.917602 0.397501 0
bt 0 0 1
t 0.917602 0.397501 0
bt 0 0 1
t 0.68399 0.729492 0
bt 0 0 1
t 0.68399 0.729492 0
bt 0 0 1
t -0.426697 0.904395 0
bt 0 0 -1
t -0.430226 0.902648 -0.0115131
bt -0.307119 -0.0954388 -0.946874
t -0.726772 0.686782 0.0115241
bt -0.250466 -0.201739 -0.946873
t -0.729492 0.68399 0
bt 0 0 -1
t -0.463379 0.885642 -0.0303062
bt -0.728114 -0.343591 -0.593123
t -0.70036 0.713148 0.0302678
bt -0.550733 -0.587307 -0.593096
t -0.426774 0.904359 0
bt 0 0 1
t -0.426774 0.904359 0
bt 0 0 1
t -0.729492 0.68399 0
bt 0 0 1
t -0.729492 0.68399 0
bt 0 0 1
t -0.840419 0.535093 -0.0858572
bt 0.348722 0.805079 -0.479834
t -0.337737 0.941241 0
bt 0 0 -1
t -0.457887 0.883635 0.0976124
bt 0.75784 0.271907 -0.593081
t -0.337737 0.941241 0
bt 0 0 1
t -0.337737 0.941241 0
bt 0 0 1
t 0.840419 0.535093 -0.0858572
bt -0.34874 0.805071 -0.479834
t 0.337737 0.941241 0
bt 0 0 -1
t 0.457882 0.883639 0.0976074
bt -0.75784 0.271907 -0.593081
t 0.337737 0.941241 0
bt 0 0 1
t 0.337737 0.941241 0
bt 0 0 1
t -1 0 0
bt 0 0 -1
t -0.997803 0.0212249 -0.0627549
bt 0.0807127 0.319256 -0.944225
t 0.988001 0.126701 0.0883287
bt 0 -0.820317 -0.571909
t -0.986359 0.132531 -0.0976261
bt 0.320272 0.762708 -0.561873
t -0.965205 0.247008 0.0858269
bt 0.348718 0.805063 -0.479864
t -0.957783 0.270419 0.0975961
bt 0.320023 0.73881 -0.593081
t -1 0 0
bt 0 0 1
t -1 0 0
bt 0 0 1
t 1 0 0
bt 0 0 -1
t 0.997803 0.021227 -0.0627609
bt 0 0.320301 -0.947316
t -0.988001 0.126698 0.0883269
bt 0 -0.820317 -0.571909
t 0.986359 0.132531 -0.0976261
bt 0 0.805119 -0.593114
t 0.957783 0.270421 0.0975944
bt -0.320022 0.73881 -0.593081
t 0.965205 0.24701 0.0858254
bt -0.348717 0.805063 -0.479864
t 1 0 0
bt 0 0 1
t 1 0 0
bt 0 0 1

