g sponza_237
t 0 -0.853344 0.521348
bt 0 -0.498677 -0.866788
t 0 -0.858738 0.512415
bt 0 -0.513796 -0.857912
t 0 -0.856007 0.516965
bt 0 -0.502741 -0.864437
t 0 -0.853344 0.521348
bt 0 -0.498677 -0.866788
t 0 -0.860694 0.509124
bt 0 -0.511782 -0.859115
t 0 -0.860689 0.509132
bt 0 -0.509678 -0.860366
t 0 -0.860985 0.508631
bt 0 -0.511636 -0.859202
t 0 -0.860659 0.509181
bt 0 -0.510478 -0.859891
t 0 -0.858236 0.513255
bt 0 -0.508253 -0.861208
t 0 -0.858236 0.513255
bt 0 -0.508253 -0.861208
t 0 -0.859598 0.510971
bt 0 -0.510959 -0.859605
t 0 -0.859641 0.510899
bt 0 -0.510771 -0.859717
t 0 -0.858684 0.512506
bt 0 -0.509536 -0.860449
t 0 -0.858684 0.512506
bt 0 -0.509536 -0.860449
t -0.999998 0.00188161 -8.92807e-05
bt 0 0.998876 -0.0473958
t -0.999998 0.00182684 -0.00093394
bt 0.00483255 0.89038 -0.455192
t -0.999999 0.00111316 -0.000569086
bt 0.00188086 0.890389 -0.455196
t -0.999998 0.00188161 -8.92807e-05
bt 0 0.998876 -0.0473958
t -1 0 0
bt 0.00548425 0.758291 -0.651893
t -1 0 0
bt 0.00548425 0.758291 -0.651893
t -1 0 0
bt 0 -0.843707 0.536804
t -0.999998 -0.00187947 0.0011958
bt 0 -0.843707 0.536804
t -1 0 0
bt 0 -0.654477 0.756082
t -1 0 0
bt 0.00236454 -0.654475 0.75608
t -1 0 0
bt 0 0.621734 0.783229
t -0.999998 0.00194629 0.000767894
bt 0 0.930217 0.36701
t -1 0.000570979 0.000225267
bt 0 0.930217 0.36701
t -1 0 0
bt 0 0.621734 0.783229
t -1 0 0
bt 0 0.885204 0.465202
t -0.999998 0.00187252 0.000984065
bt 0.00159491 0.885203 0.465202
t -1 0 0
bt 0 0.885204 0.465202
t -1 0 0
bt 0 0.885204 0.465202
t -0.999998 -0.00104128 0.00186686
bt 0.00393498 -0.487116 0.873329
t -1 0 0
bt 0 -0.48712 0.873335
t -0.999998 -0.00104128 0.00186686
bt 0.00393498 -0.487116 0.873329
t -0.999998 -0.00104128 0.00186686
bt 0.00393498 -0.487116 0.873329
t 0 0.139985 -0.990154
bt 0 -0.99106 -0.133417
t 0 0.143391 -0.989666
bt 0 -0.986907 -0.161288
t 0 0.139708 -0.990193
bt 0 -0.990618 -0.136659
t 0 0.139718 -0.990191
bt 0 -0.990994 -0.133906
t 0 0.138666 -0.990339
bt 0 -0.99037 -0.138447
t 0 0.138381 -0.990379
bt 0 -0.99055 -0.137149
t 0 0.138977 -0.990296
bt 0 -0.990417 -0.138106
t 0 0.139222 -0.990261
bt 0 -0.990511 -0.137435
t 0 0.139734 -0.990189
bt 0 -0.990577 -0.136954
t 0 0.139734 -0.990189
bt 0 -0.990577 -0.136954
t 0 0.138053 -0.990425
bt 0 -0.990363 -0.138497
t 0 0.138439 -0.990371
bt 0 -0.990392 -0.13829
t 0 0.137119 -0.990555
bt 0 -0.990266 -0.139186
t 0 0.136897 -0.990585
bt 0 -0.990276 -0.139118
t -0.999999 -0.000258066 0.00120211
bt 0.00231696 -0.209901 0.97772
t -1 0 0
bt 0.00231696 -0.209901 0.97772
t -0.999998 0.000360232 0.00186143
bt 0 0.189999 0.981784
t -0.999999 0.000234579 0.00121212
bt 0 0.189999 0.981784

