g sponza_233
t 0.996664 -0.0717843 0.0388317
bt 0.0387877 0.40736 0.912443
t 0.972282 -0.205223 0.112038
bt -0.159527 0.387297 0.908049
t 0.937893 -0.33501 0.090137
bt 0.0827196 0.216537 0.972764
t 0.912423 -0.408188 -0.0294428
bt -0.0316039 -0.0750401 0.99668
t 0.923776 -0.382671 -0.0141315
bt 0 0 1
t 0.923864 -0.382708 0.00321655
bt 0 0 1
t 0.912353 -0.408797 0.0222993
bt 0.0334198 0.0742226 0.996682
t 0.50751 0.0259503 0.861255
bt 0.0826629 0.216558 0.972764
t 0.432459 -0.179145 0.883678
bt 0 0 1
t 0.400565 -0.259076 0.878878
bt -0.0334198 -0.0742226 0.996682
t 0.937759 -0.332545 -0.100113
bt -0.132712 -0.197098 0.97136
t 0.972764 -0.216531 -0.082733
bt -0.246412 -0.290123 0.924721
t 0.996677 0.0730441 0.0360365
bt 0.0410408 -0.407155 0.912436
t 1 0 0
bt 0.0297216 -0.382541 0.923461
t 1 0 0
bt -0.299835 -0.365102 0.881362
t 0.996682 -0.0742226 -0.0334198
bt -0.00660165 -0.410059 0.912035
t 0.996682 0.0742226 0.0334198
bt -0.713575 -0.339773 0.61267
t 0.972292 0.205349 0.111713
bt -0.0573943 -0.368767 0.927748
t 0.913904 0.383089 -0.134247
bt 0.279995 -0.135528 0.950387
t 0.90919 0.413643 0.0476677
bt -0.0859103 0.05044 0.995025
t 0.921774 0.381819 -0.0674331
bt 0.000106984 4.43126e-05 1
t 0.923877 0.38269 0.000613971
bt 0 0 1
t 0.90764 0.414567 -0.0657531
bt 0.126206 -0.0319798 0.991488
t 0.472464 -0.0441702 0.880243
bt 0.0826629 -0.216558 0.972764
t 0.394445 0.163398 0.904276
bt 0 0 1
t 0.361514 0.243389 0.900038
bt -0.0334198 0.0742226 0.996682
t 0.89971 0.392327 0.191315
bt -0.340494 0.108225 0.933997
t 0.972764 0.216522 -0.0827573
bt -0.116985 0.327979 0.937414
t 0.972764 0.216558 -0.0826629
bt 0.960141 0.271011 0.068428
t 1 -7.43644e-05 -0.000179517
bt -0.0834989 0.381373 0.920642
t 1 0 0
bt 0.988308 0.0583531 0.140866
t 0.996682 -0.0742226 0.0334198
bt 0.985375 -0.011715 0.169997
t 0.996682 0.0742226 -0.0334198
bt -0.15541 0.393965 0.905892
t 0.912445 -0.407416 0.0381788
bt -0.0310111 -0.0753068 -0.996678
t 0.937838 -0.337965 0.0789851
bt 0.181906 -0.307689 -0.933937
t 0.972764 -0.216533 0.0827288
bt -0.0799903 -0.337595 -0.937886
t 0.996681 0.0748009 -0.0321352
bt 0.0398529 -0.407264 -0.912441
t 1 0 0
bt 0.00583133 -0.382703 -0.923853
t 1 0 0
bt 0.119849 -0.379951 -0.91721
t 0.996682 -0.0742226 0.0334198
bt -0.0306458 -0.408084 -0.91243
t 0.972764 -0.216558 0.0826629
bt -0.911745 0.0786607 -0.403155
t 1 0 0
bt -0.937876 -0.132789 -0.320555
t 0.996682 0.0742226 -0.0334198
bt -0.934344 -0.212499 -0.286086
t 0.972464 0.207634 -0.105842
bt 0.221998 -0.297778 -0.928464
t 0.904275 0.389673 0.174474
bt 0.279868 -0.135584 -0.950416
t 0.911028 0.411905 -0.019025
bt -0.0928859 0.047257 -0.994555
t 0.920232 0.38118 0.0887435
bt -0.00018138 -7.51272e-05 -1
t 0.919451 0.380857 -0.0977624
bt 0 0 -1
t 0.902854 0.416187 0.107902
bt 0.114065 -0.0375605 -0.992763
t 0.220142 -0.161344 -0.962032
bt 0.0826629 -0.216558 -0.972764
t 0.133488 0.0552971 -0.989507
bt 0 0 -1
t 0.0980997 0.132512 -0.986315
bt -0.0334198 0.0742226 -0.996682
t 0.89654 0.393969 -0.202498
bt -0.31101 0.121675 -0.942586
t 0.972764 0.216533 0.0827299
bt -0.0610495 0.342317 -0.937599
t 0.996681 -0.0748016 -0.0321338
bt 0.0130854 0.40955 -0.912194
t 1 0 0
bt 0.168568 0.377233 -0.910648
t 1 0 0
bt -0.0983355 0.380855 -0.919391
t 0.996682 0.0742226 0.0334198
bt 0.134359 0.416818 -0.899005
t 0.972764 0.216558 0.0826629
bt 0.968471 0.249069 -0.00537666
t 1 0 0
bt 0.995981 0.0342769 -0.0827451
t 0.996682 -0.0742226 -0.0334198
bt 0.992779 -0.037634 -0.113905
t 0.97245 -0.207433 -0.10636
bt 0.222608 0.29759 -0.928378
t 0.93776 -0.340404 -0.0687902
bt 0.0821779 0.216743 -0.972764
t 0.549082 0.00357907 -0.835761
bt 0.0826629 0.216558 -0.972764
t 0.923186 -0.382427 0.0384291
bt 0 0 -1
t 0.478115 -0.198058 -0.855675
bt 0 0 -1
t 0.447674 -0.277699 -0.849983
bt -0.0334198 -0.0742226 -0.996682
t 0.911645 -0.410944 0.00523548
bt 0.0334198 0.0742226 -0.996682
t 0.0999062 0.928267 0.358244
bt -0.982228 -0.0221775 0.186379
t 0 1 0
bt -0.980783 0.000812133 0.195099
t 0 1 0
bt -0.999999 0.00154726 0
t 0 1 0
bt -1 0.000928358 0
t -0.356613 0.928032 0.107627
bt -0.19186 -0.00830744 -0.981387
t 0 1 0
bt -0.195101 0.000559956 -0.980783
t 0 1 0
bt 0 0.0026204 -0.999997
t 0 1 0
bt 0 0.00157224 -0.999999
t -0.153882 0.926825 0.342514
bt -0.831364 -0.000477662 -0.555728
t 0.263511 0.926376 -0.269052
bt -0.828463 0.0131625 -0.559889
t 0.344251 0.926632 -0.151144
bt -0.555568 5.09388e-06 -0.831471
t -0.30837 0.928683 0.206046
bt -0.576783 0.0683425 -0.814033
t 0.263416 0.926421 0.26899
bt -0.82824 0.0142669 0.560192
t 0.333062 0.927697 0.168664
bt -0.560247 -0.0142707 0.828203
t -0.285021 0.92787 -0.240459
bt -0.555487 -0.000472991 0.831525
t -0.153793 0.926866 -0.342443
bt -0.831603 0.000448388 0.555371
t -0.349229 0.926021 -0.143262
bt 0.560239 -0.0142449 -0.828209
t 0.30837 0.928683 0.206046
bt 0.576773 0.0683087 -0.814043
t 0.174892 0.927982 0.329033
bt 0.831571 0.000455437 -0.555418
t -0.247316 0.927475 -0.280401
bt 0.828334 0.0137107 -0.560066
t 0 1 0
bt -0.980783 -0.00146553 -0.195097
t 0.10641 0.928073 -0.356871
bt -0.980778 1.52555e-05 -0.195128
t -0.0440948 0.928248 0.369339
bt -0.980751 -0.000351748 -0.19526
t -0.0443272 0.928254 -0.369295
bt -0.980781 2.12906e-05 0.195114
t -0.369296 0.928254 -0.044324
bt 0.195167 -0.000114912 -0.98077
t 0 1 0
bt 0.195097 -0.00122396 -0.980783
t 0.30837 0.928683 0.206046
bt 0.530309 -0.0710819 -0.844819
t 0.366604 0.92854 -0.0584396
bt -0.195112 2.65414e-05 -0.980781
t -0.30837 0.928683 0.206046
bt -0.531339 -0.0683527 -0.844398
t 0.362211 0.928601 0.0806481
bt -0.195168 -0.000117552 0.98077
t 0 1 0
bt -0.195097 -0.0012017 0.980783
t -0.355349 0.927814 -0.113528
bt -0.195125 7.22805e-06 0.980778
t 0 1 0
bt 0.980784 0.00013392 -0.195097
t -0.0931472 0.928425 -0.359653
bt 0.980754 0.000314593 -0.195245
t -0.904439 0.41579 -0.095443
bt 0.141122 0.0251013 -0.989674
t -0.922142 0.381949 -0.061384
bt 0 0 -1
t -0.382474 0.923353 -0.0336601
bt 0 0 -1
t -0.0945014 0.415757 0.904553
bt -0.989668 0.0250806 -0.141167
t -0.0637843 0.381892 0.922003
bt -1 2.27301e-07 5.48709e-07
t -0.0339944 0.923343 0.382469
bt -1 2.27302e-07 9.41209e-08
t -0.0955063 0.415792 -0.904431
bt -0.989675 0.0251062 0.141111
t -0.0609244 0.38196 -0.922168
bt -1 -2.27301e-07 5.4871e-07
t -0.0321383 0.923399 -0.382493
bt -1 -2.27302e-07 9.4121e-08
t 0.911028 0.411905 -0.019025
bt -0.0928859 0.047257 -0.994555
t 0.919451 0.380857 -0.0977624
bt 0 0 -1
t 0.381976 0.922151 -0.0610913
bt 0 0 -1
t 0.504851 0.417224 0.755678
bt -0.799614 0.0250728 0.599991
t 0.89971 0.392327 0.191315
bt -0.340494 0.108225 0.933997
t -0.132765 0.88816 0.439939
bt -0.576783 0.0683426 -0.814033
t -0.779721 0.416807 0.467233
bt -0.599985 0.0250691 -0.799618
t -0.504851 0.417224 0.755678
bt -0.788526 -0.0332866 -0.6141
t -0.467097 0.416804 -0.779804
bt 0.841205 -0.00818549 -0.540654
t -0.755581 0.41727 -0.504958
bt 0.577528 -0.0123145 -0.816278
t -0.779638 0.41681 -0.467369
bt -0.646429 0.0526074 0.761158
t -0.504851 0.417224 -0.755678
bt -0.799563 -0.0251108 0.600057
t 0.504851 0.417224 -0.755678
bt -0.829415 0.00168324 -0.55863
t 0.89654 0.393969 -0.202498
bt -0.31101 0.121675 -0.942586
t 0.0979256 0.871666 0.480217
bt 0.576773 0.0683087 -0.814043
t 0.904275 0.389673 0.174474
bt 0.279868 -0.135584 -0.950416
t 0.461986 0.416684 0.782906
bt 0.762 -0.0520316 -0.645483
t 0.0783672 0.415134 0.906379
bt -0.977006 0.00841702 0.213045
t 0.236662 0.416451 0.877815
bt 0.968347 -0.0250863 -0.248344
t 0.108496 0.928005 0.35642
bt 0.979605 -0.0136899 -0.200464
t 0.90919 0.413643 0.0476677
bt -0.0859103 0.05044 0.995025
t -0.891334 0.417224 0.177336
bt -0.280797 0.0405445 -0.95891
t -0.332824 0.927724 0.168988
bt -0.531339 -0.0683527 -0.844398
t -0.213934 0.416931 -0.883403
bt 0.97704 0.00834431 -0.212891
t -0.873359 0.415947 -0.253441
bt -0.218267 0.0108738 0.975828
t 0.109651 0.416242 -0.902618
bt -0.958878 0.0405942 -0.280901
t 0.338278 0.922141 0.187681
bt 0.200464 0.0136899 -0.979605
t 0.902854 0.416187 0.107902
bt 0.114065 -0.0375605 -0.992763
t 0.308407 0.928639 0.20619
bt 0.531348 -0.0683283 -0.844394
t -0.0931472 0.928425 -0.359653
bt 0.980754 0.000314593 -0.195245
t 0 1 0
bt 0.980784 0.00013392 -0.195097
t 0 1 0
bt 0.999999 0.00150409 0
t 0 1 0
bt 1 0.000902452 0
t 0.356617 0.928033 -0.107608
bt 0.191743 -0.0086054 0.981408
t 0 1 0
bt 0.195101 0.000367793 0.980783
t 0 1 0
bt 0 0.00172115 0.999999
t 0 1 0
bt 0 0.00103269 0.999999
t 0.153852 0.926823 -0.342533
bt 0.831366 -0.000467813 0.555725
t -0.263505 0.926377 0.269056
bt 0.828463 0.0131654 0.55989
t -0.344256 0.926631 0.151136
bt 0.555574 -1.42344e-05 0.831467
t 0.30837 0.928683 -0.206046
bt 0.576768 0.0682893 0.814049
t 0 1 0
bt 0.980783 -0.00125463 0.195097
t -0.106714 0.928063 0.356806
bt 0.980781 -2.12931e-05 0.195114
t 0.0443554 0.928255 -0.36929
bt 0.980769 -0.000134324 0.195175
t -0.366602 0.92854 0.0584517
bt 0.19513 -1.94715e-05 0.980777
t 0.30837 0.928683 -0.206046
bt 0.531373 -0.068261 0.844383
t 0.90919 0.413643 0.0476677
bt -0.0859103 0.05044 0.995025
t 0.923877 0.38269 0.000613971
bt 0 0 1
t 0.382493 0.9234 0.032122
bt 0 0 1
t 0.362211 0.928601 0.0806481
bt -0.195168 -0.000117552 0.98077
t 0.0956333 0.415796 -0.904416
bt 0.989675 0.0251062 0.141111
t 0.062504 0.381923 -0.922078
bt 1 0 0
t 0.0331727 0.923368 -0.38248
bt 1 0 0
t 0.236662 0.416451 0.877815
bt 0.968347 -0.0250863 -0.248344
t 0.0608131 0.381963 0.922175
bt 1 0 0
t 0.0327747 0.92338 0.382485
bt 1 0 0
t 0.108496 0.928005 0.35642
bt 0.979605 -0.0136899 -0.200464
t -0.898582 0.416874 0.136992
bt 0.141173 0.0250776 0.989667
t -0.914177 0.37865 0.14458
bt 0 0 1
t -0.381999 0.922208 0.0600704
bt 0 0 1
t 0.132765 0.88816 -0.439939
bt 0.576768 0.0682893 0.814049
t 0.913904 0.383089 -0.134247
bt 0.279995 -0.135528 0.950387
t 0.504851 0.417224 -0.755678
bt 0.788499 -0.0333058 0.614133
t -0.504851 0.417224 0.755678
bt 0.829466 0.00164197 0.558556
t -0.78192 0.416772 0.463575
bt 0.599937 -0.0251103 0.799653
t 0.90764 0.414567 -0.0657531
bt 0.126206 -0.0319798 0.991488
t 0.332851 0.927722 -0.168946
bt 0.531373 -0.068261 0.844383
t -0.110097 0.416255 0.902558
bt 0.958904 0.0405541 0.280817
t 0 1 0
bt -1 0 0
t 0 1 0
bt 0 0 -1
t 0.382697 0.923874 0.000713985
bt 0 0 -1
t 0 1 0
bt 1 0 0
t 0 1 0
bt -0.195097 -0.0012017 0.980783
t 0 1 0
bt 0 0 1
t -0.355349 0.927814 -0.113528
bt -0.195125 7.22805e-06 0.980778
t -0.00790022 0.923845 0.382685
bt -1 2.27302e-07 9.41209e-08
t -0.000899427 1 0
bt -1 0 0
t 0.0188844 0.382603 0.92372
bt -1 6.15284e-05 0.000148548
t 0.0240406 0.38256 -0.923618
bt -1 0 0
t -0.00892669 0.92384 -0.382675
bt -1 -3.40953e-07 1.41181e-07
t 0 1 0
bt -1 0 0
t 0.00228718 0.999997 0
bt -1 0 0
t -0.362657 0.84071 0.402104
bt -0.822354 0.168171 0.543555
t -0.341866 0.627537 0.699518
bt -0.439102 0 0.898437
t -0.193154 0.59801 0.777866
bt -0.241006 0 0.970524
t 0 1 0
bt -0.999999 -0.0013216 0
t 0 1 0
bt 0 -0.00050755 -1
t -0.913889 0.378531 0.1467
bt -0.000282198 0.000116886 -1
t -0.382688 0.923871 0.00354002
bt 0 0 -1
t 0.920232 0.38118 0.0887435
bt -0.00018138 -7.51272e-05 -1
t -0.251604 0.967829 0.00139808
bt 0 0 -1
t -0.267523 0.919954 -0.286559
bt -0.459462 0.131224 -0.87845
t -0.432514 0.879982 -0.196377
bt -0.910582 0 -0.413329
t -0.668192 0.722001 -0.179538
bt -0.96574 0 -0.259511
t 0.251605 0.96783 -8.39074e-05
bt 0 0 -1
t 0 1 0
bt 0 0 -1
t 0 1 0
bt 1 -0.000611264 0
t -0.0189157 0.382603 -0.923719
bt 1 0.000124343 -0.000300203
t 0.0168085 0.923746 -0.382636
bt 1 0 0
t -0.0123211 0.923807 0.382661
bt 1 0 0
t -0.0625333 0.381922 0.922077
bt 1 0 0
t -0.000426293 1 0
bt 1 0 0
t 0.285445 0.916484 -0.280319
bt 0.874627 0.137379 -0.464925
t 0.296162 0.741048 -0.602608
bt 0.441106 0 -0.897455
t 0.192342 0.717665 -0.669299
bt 0.2762 0 -0.9611
t -0.000105687 1 0
bt 1 0 0
t -0.213934 0.416931 -0.883403
bt 0.97704 0.00834431 -0.212891
t 0 1 0
bt 1 0 0
t 0 1 0
bt 0 -0.000433353 1
t 0.921774 0.381819 -0.0674331
bt 0.000106984 4.43126e-05 1
t 0.382685 0.923863 -0.00552185
bt 0 0 1
t -0.382551 0.92354 -0.0269843
bt 0 0 1
t -0.914353 0.378723 -0.143276
bt 0.000244491 -0.000101267 1
t -0.873359 0.415947 -0.253441
bt -0.218267 0.0108738 0.975828
t 0 0.999999 0.00108453
bt 0 0 1
t 0.364505 0.868103 0.336947
bt 0.519499 0.160119 0.839335
t 0.665527 0.66745 0.334042
bt 0.893732 0 0.448602
t 0.743747 0.638277 0.198602
bt 0.966142 0 0.258011
t 0 0.999999 0.0014243
bt 0 0 1
t 0 1 0
bt 0 0 1
t 0 1 0
bt -0.323852 0 -0.946108
t -0.140977 0.592514 -0.793128
bt -0.174995 0 -0.984569
t 0.0672799 0.991774 -0.108889
bt -0.853379 -0.0781918 -0.515394
t 0 1 0
bt 0.839314 0 -0.543646
t 0.638223 0.732292 -0.23753
bt 0.937198 0 -0.348799
t 0.145571 0.986677 0.0726537
bt 0.433289 -0.0798551 -0.897711
t 0 1 0
bt 0.479898 0 0.877324
t 0.209617 0.720538 0.660973
bt 0.302304 0 0.953212
t -0.0648851 0.989664 0.127886
bt 0.894126 -0.0718169 0.44202
t 0 1 0
bt -0.934863 0 0.355009
t -0.758222 0.633084 0.155899
bt -0.979509 0 0.201402
t -0.110743 0.991749 -0.0645816
bt -0.494091 -0.0739378 0.866261
t 0.780478 0.625183 0
bt 0 0 1
t 0.780478 0.625183 0
bt 0 0 1
t 0.780478 0.625183 0
bt 0 0 1
t 0.780478 0.625183 0
bt 0 0 1
t -0.142956 0.986226 0.0832008
bt 0.48703 0.0945036 0.868257
t -0.743738 0.638288 -0.198599
bt 0.966142 0 0.258011
t 0 1 0
bt 0.893674 0 0.448717
t -0.780478 0.625183 0
bt 0 0 1
t -0.780478 0.625183 0
bt 0 0 1
t -0.780478 0.625183 0
bt 0 0 1
t -0.780478 0.625183 0
bt 0 0 1
t 0.110743 0.991749 0.0645816
bt -0.494091 0.0739378 0.866261
t 0.758232 0.633072 -0.155901
bt -0.979509 0 0.201402
t 0 0.703699 -0.710499
bt 1 0 0
t 0 0.703699 -0.710499
bt 1 0 0
t 0 0.703699 -0.710499
bt 1 0 0
t 0 0.703699 -0.710499
bt 1 0 0
t 0.0591064 0.991461 0.11624
bt 0.893323 0.0655986 -0.444602
t -0.192339 0.717676 0.669288
bt 0.2762 0 -0.9611
t 0 1 0
bt 0.441313 0 -0.897353
t 0 0.703699 0.710499
bt 1 0 0
t 0 0.703699 0.710499
bt 1 0 0
t 0 0.703699 0.710499
bt 1 0 0
t 0 0.703699 0.710499
bt 1 0 0
t 0.0648851 0.989664 -0.127886
bt 0.894126 0.0718169 0.44202
t -0.20962 0.720527 -0.660984
bt 0.302304 0 0.953212
t 0 1 0
bt 0 0 -1
t 0 1 0
bt 0 0 -1
t -0.251617 0.967827 0.000101505
bt 0 0 -1
t 0.106308 0.992894 -0.0534778
bt -0.442243 0.0593314 -0.894931
t 0.668181 0.722012 0.179536
bt -0.96574 0 -0.259511
t 0.251617 0.967826 -0.00138235
bt 0 0 -1
t -0.145571 0.986676 -0.0726538
bt 0.433289 0.0798551 -0.897711
t -0.638233 0.732281 0.237534
bt 0.937198 0 -0.348799
t 0 0.586523 0.809932
bt -1 9.35616e-07 1.29215e-06
t 0 0.586523 0.809932
bt -1 0 0
t 0 0.586523 0.809932
bt -1 9.35616e-07 1.29215e-06
t 0 0.586523 0.809932
bt -1 9.35616e-07 1.29215e-06
t -0.0932121 0.98414 -0.150931
bt -0.855935 0.107176 0.505854
t 0.193152 0.598022 -0.777858
bt -0.241006 0 0.970524
t 0 1 0
bt -0.439241 0 0.898369
t 0 0.586523 -0.809932
bt -1 -9.35616e-07 1.29215e-06
t 0 0.586523 -0.809932
bt -1 0 0
t 0 0.586523 -0.809932
bt -1 -9.35616e-07 1.29215e-06
t 0 0.586523 -0.809932
bt -1 -9.35616e-07 1.29215e-06
t -0.0672799 0.991774 0.108889
bt -0.853379 0.0781918 -0.515394
t 0.140979 0.592502 0.793137
bt -0.174995 0 -0.984569
t 0 1 0
bt -1 -0.000769418 0
t 0.00182712 0.999998 0
bt -1 0 0
t -0.00226489 0.999997 0
bt -1 0 0
t 0 1 0
bt 0 -0.000295485 -1
t 0.000839507 1 0
bt 1 0 0
t 0.000100012 1 0
bt 1 0 0
t 0 1 0
bt 1 -0.000355865 0
t 0 0.999998 -0.00210506
bt 0 0 1
t 0 0.999999 -0.00140435
bt 0 0 1
t 0 1 0
bt 0 -0.000252288 1
t 0.30837 0.928683 0.206046
bt 0.531348 -0.0683283 -0.844394

