g sponza_68
t 0 0 1
bt 0 -1 0
t 0.000199997 6.42658e-06 1
bt 0.000500001 -1 6.33144e-06
t 0.000499919 6.77779e-05 1
bt 0.00120002 -0.999999 3.77021e-05
t 0 0 1
bt 0 -1 0
t -1 0 0
bt 0 -1 0
t -1 0 0
bt 0 -1 0
t -1 0 0
bt 0 -1 0
t -1 0 0
bt 0 -1 0
t 0 0 -1
bt 0 -1 0
t 0 0 -1
bt 0 -1 0
t 0 0 -1
bt 0 -1 0
t 0 0 -1
bt 0 -1 0
t 1 0 0
bt 0 -1 0
t 1 0 0
bt 0 -1 0
t 1 0 0
bt 0 -1 0
t 1 0 0
bt 0 -1 0
t 0 -6.21016e-07 1
bt 0 -1 0
t 0 0 1
bt 0 -1 0
t 0.000499934 -5.54605e-05 1
bt -0.00120007 -0.999999 -0.000139771
t 0.000199998 -2.78935e-06 1
bt -0.000499991 -1 4.5298e-05
t 0.00119984 -5.94851e-05 0.999999
bt -0.00270008 -0.999996 -7.44966e-05
t 0.00239933 0.000460229 0.999997
bt 0.0013998 -0.999999 -8.46169e-05
t 0.00159999 0.000260171 0.999999
bt 0 -1 1.28918e-09
t 0.00629987 0.000260168 0.99998
bt 0 -1 5.07615e-09
t 0.00239932 -0.000466911 0.999997
bt -0.00139951 -0.999999 0.000206541
t 0.00120012 -4.6375e-05 0.999999
bt 0.00269984 -0.999996 -0.000128948

