g sponza_296
t 0.872152 0.407858 0.27019
bt -0.202716 -0.978117 0.0468301
t 0.871895 0.408524 0.270013
bt -0.203126 -0.97804 0.0466696
t 0.87464 0.407859 0.262022
bt 0.00451688 -0.9936 -0.112867
t 0.87464 0.407859 0.262022
bt 0.00451688 -0.9936 -0.112867
t 0.863921 0.406409 0.297442
bt -0.565069 -0.824699 0.0238418
t 0.864113 0.405733 0.297807
bt -0.565042 -0.824717 0.0238634
t 0.843527 0.414856 0.341112
bt -0.67783 -0.734807 0.0246128
t 0.843553 0.414676 0.341267
bt -0.677957 -0.734695 0.0244319
t 0.798025 0.379901 0.467794
bt -0.736759 -0.676142 0.00426259
t 0.797986 0.379684 0.468038
bt -0.736543 -0.676374 0.00483862
t 0.848595 0.368829 0.379278
bt -0.707377 -0.706577 -0.0191457
t 0.848595 0.368829 0.379278
bt -0.707377 -0.706577 -0.0191457
t 0.637085 0.307287 0.706893
bt -0.757982 -0.652273 0.00153944
t 0.637187 0.307426 0.70674
bt -0.758079 -0.652163 0.000971895
t 0.326271 0.275609 0.904205
bt -0.763917 -0.645314 0.000142
t 0.32749 0.276639 0.90345
bt -0.763917 -0.645314 0
t -0.559655 -0.208311 0.802118
bt -0.75834 -0.651859 0.000581165
t -0.559851 -0.208547 0.801919
bt -0.758323 -0.651878 0.000482886
t -0.326661 -0.275938 0.903964
bt -0.763917 -0.645314 0
t -0.326661 -0.275938 0.903964
bt -0.763917 -0.645314 0
t -0.79007 -0.342164 0.508638
bt -0.739241 -0.673437 0.00239927
t -0.790063 -0.342135 0.508669
bt -0.739293 -0.67338 0.00253928
t -0.848615 -0.368568 0.379487
bt -0.7076 -0.706345 0.0194903
t -0.848601 -0.368747 0.379343
bt -0.707497 -0.706451 0.0193322
t -0.865822 -0.399615 0.301099
bt -0.603347 -0.797448 0.00702525
t -0.865797 -0.399703 0.301052
bt -0.603154 -0.797595 0.00686525
t -0.843545 -0.414726 0.341224
bt -0.678009 -0.73465 -0.024358
t -0.843545 -0.414726 0.341224
bt -0.678009 -0.73465 -0.024358
t -0.872653 -0.406555 0.270537
bt -0.343263 -0.939189 0.0096976
t -0.872431 -0.407132 0.270384
bt -0.343386 -0.939144 0.00974878
t -0.874204 -0.408794 0.262021
bt 0.0052318 -0.993616 0.112693
t -0.874645 -0.407849 0.262022
bt 0.00310162 -0.993566 0.113211
t -0.872828 -0.406313 0.270336
bt 0.879594 -0.473414 0.0468329
t -0.872782 -0.406419 0.270324
bt 0.87979 -0.473071 0.0466267
t -0.874645 -0.407849 0.262022
bt 0.75823 -0.64213 -0.112947
t -0.874645 -0.407849 0.262022
bt 0.75823 -0.64213 -0.112947
t -0.866202 -0.401232 0.297839
bt 0.994978 -0.0972026 0.0238666
t -0.866322 -0.401055 0.297728
bt 0.994974 -0.0972393 0.0238909
t -0.849602 -0.390897 0.354085
bt 0.998111 0.0606186 0.00996574
t -0.849531 -0.390973 0.354171
bt 0.998106 0.0607211 0.00985576
t -0.804252 -0.36703 0.467405
bt 0.991492 0.130114 0.0038326
t -0.80496 -0.366624 0.466505
bt 0.991485 0.130167 0.00373586
t -0.647408 -0.290394 0.704652
bt 0.986853 0.161615 0.0008659
t -0.647524 -0.290386 0.704548
bt 0.986859 0.161583 0.00099264
t -0.425689 -0.0736062 0.901871
bt 0.985376 0.170396 0.000155232
t -0.422432 -0.073043 0.903447
bt 0.985376 0.170396 0
t 0.521981 0.294794 0.800395
bt 0.986808 0.161895 0.000627535
t 0.521344 0.294798 0.800809
bt 0.986812 0.161869 0.000524926
t 0.42456 0.073411 0.902419
bt 0.985376 0.170396 0
t 0.42456 0.073411 0.902419
bt 0.985376 0.170396 0
t 0.771161 0.384684 0.507275
bt 0.991057 0.133414 0.00241437
t 0.771132 0.384699 0.507309
bt 0.991041 0.133533 0.00263242
t 0.839271 0.401706 0.366409
bt 0.99722 0.0743655 0.00479114
t 0.838936 0.40205 0.366801
bt 0.997233 0.0741939 0.00460676
t 0.862659 0.406406 0.301088
bt 0.998706 -0.0503796 0.00699258
t 0.862717 0.406322 0.301035
bt 0.998693 -0.0506486 0.00681569
t 0.872176 0.407489 0.270669
bt 0.940104 -0.34075 0.00969619
t 0.872081 0.407661 0.270717
bt 0.940167 -0.340575 0.00976846
t 0.874578 0.407994 0.262022
bt 0.757797 -0.64267 0.112779
t 0.87464 0.407859 0.262022
bt 0.75912 -0.641016 0.113294
t 0.6319 0.303839 0.71301
bt 0.126893 -0.990398 -0.0548675
t 0.852868 0.389793 0.347388
bt -0.186907 -0.982376 0.00203298
t 0.840725 0.380391 0.385337
bt -0.454217 -0.890344 0.0312006
t 0.594732 0.302204 0.74496
bt -0.0577387 -0.997854 -0.0308849
t 0.344739 0.162893 0.924457
bt 0.203954 -0.97896 0.00636981
t 0.379016 0.175264 0.908642
bt 0.305122 -0.952279 -0.00813359
t 0.389357 0.181564 0.903014
bt 0.418891 -0.907996 -0.00854197
t 0.645821 0.301132 0.701594
bt 0.416544 -0.909092 -0.00654772
t 0.528219 0.278858 0.802012
bt -0.207642 -0.977391 -0.0399059
t 0.810547 0.352246 0.467907
bt -0.611288 -0.791321 0.0117419
t 0.735773 0.334768 0.588701
bt -0.671157 -0.741143 0.0159995
t 0.421113 0.258138 0.869499
bt -0.287705 -0.957548 -0.0180723
t 0.209253 0.105176 0.972189
bt 0.0458754 -0.998946 0.00140683
t 0.289548 0.131688 0.948061
bt 0.110401 -0.993882 -0.00303872
t 0.235439 0.123806 0.963971
bt -0.334365 -0.94239 -0.0100674
t 0.494829 0.196675 0.846441
bt -0.702981 -0.711173 0.007088
t 0.0366416 0.0361279 0.998675
bt -0.71209 -0.702089 0
t 0.0129101 0.0346293 0.999317
bt -0.349304 -0.937009 0
t 6.62093e-05 0.008746 0.999962
bt -0.00769978 -0.99997 0
t 0.11087 0.0430661 0.992901
bt 0.0050161 -0.999983 -0.00283317
t -0.251537 -0.176413 0.951634
bt -0.334272 -0.942428 0.00953272
t -0.532143 -0.247402 0.809701
bt -0.70297 -0.711184 -0.00714825
t -0.727656 -0.305974 0.613919
bt -0.673934 -0.738736 -0.00912058
t -0.416663 -0.229068 0.879727
bt -0.289808 -0.956786 0.0239275
t -0.210124 -0.0916887 0.973366
bt 0.0455667 -0.998961 -8.59469e-06
t -0.1107 -0.0585363 0.992128
bt 0.00548151 -0.999984 -0.00132871
t -0.528018 -0.291 0.797819
bt -0.201309 -0.979108 0.0286874
t -0.810131 -0.36564 0.458252
bt -0.602723 -0.7976 -0.0236246
t -0.841979 -0.374806 0.388061
bt -0.483329 -0.875402 -0.00802833
t -0.595539 -0.297241 0.746312
bt -0.0766065 -0.99554 0.055059
t -0.345606 -0.159285 0.924762
bt 0.199262 -0.97993 0.00558694
t -0.288551 -0.138618 0.947377
bt 0.112539 -0.99364 -0.00370927
t -0.631483 -0.305143 0.712823
bt 0.166695 -0.985926 0.0127246
t -0.852397 -0.391111 0.347062
bt -0.123501 -0.991854 -0.0312087
t -0.853854 -0.398118 0.335315
bt 0.379291 -0.925125 0.0167959
t -0.645817 -0.301123 0.701602
bt 0.398449 -0.916825 0.0259163
t -0.389357 -0.181564 0.903014
bt 0.419178 -0.90787 0.00788356
t -0.378697 -0.176078 0.908617
bt 0.312012 -0.950046 -0.00781439
t -0.638954 -0.28873 0.713003
bt 0.676321 -0.734656 -0.0535735
t -0.846847 -0.402715 0.347376
bt 0.873814 -0.486259 0.000993793
t -0.831802 -0.399505 0.385359
bt 0.974306 -0.223186 0.0302719
t -0.613799 -0.261292 0.744968
bt 0.801507 -0.597186 -0.0309084
t -0.346424 -0.159298 0.924454
bt 0.618831 -0.785498 0.00634377
t -0.378051 -0.177405 0.908628
bt 0.532654 -0.84631 -0.00620329
t -0.551284 -0.227002 0.802842
bt 0.882393 -0.468748 -0.0407058
t -0.790866 -0.39447 0.467894
bt 0.999163 -0.0394709 0.0107261
t -0.727804 -0.349177 0.590234
bt 0.999155 0.0382773 0.0149389
t -0.466494 -0.157875 0.870321
bt 0.918598 -0.39474 -0.0189447
t -0.214569 -0.0931653 0.972255
bt 0.73539 -0.677633 0.00392282
t -0.286043 -0.138227 0.948195
bt 0.690627 -0.723198 -0.00434976
t -0.246361 -0.100588 0.963944
bt 0.936837 -0.34962 -0.0101177
t -0.468771 -0.252653 0.846416
bt 0.99664 0.0816782 0.00610631
t -0.0512253 -0.00484501 0.998675
bt 0.995553 0.0941982 0
t -0.0348222 0.0123668 0.999317
bt 0.942323 -0.334706 0
t -0.00674318 0.0055724 0.999962
bt 0.770968 -0.636874 0
t -0.10503 -0.0565866 0.992858
bt 0.762517 -0.646968 0.00045255
t 0.296879 0.0791572 0.951629
bt 0.936765 -0.349847 0.00885133
t 0.531542 0.248634 0.809718
bt 0.996672 0.0810617 -0.00856247
t 0.701148 0.361087 0.614824
bt 0.999115 0.0407935 -0.0102273
t 0.442173 0.172633 0.880159
bt 0.919137 -0.393262 0.0230628
t 0.205826 0.101523 0.973308
bt 0.736366 -0.676579 0.00260875
t 0.117548 0.0458439 0.992008
bt 0.762672 -0.646784 0.00170142
t 0.561277 0.218433 0.798283
bt 0.879398 -0.475233 0.0284986
t 0.800829 0.385569 0.458268
bt 0.998405 -0.0511776 -0.0238542
t 0.828322 0.404066 0.38809
bt 0.981162 -0.193007 -0.00835866
t 0.610533 0.26516 0.746283
bt 0.811873 -0.581231 0.0550732
t 0.344206 0.162299 0.92476
bt 0.622584 -0.782533 0.0055948
t 0.291208 0.132458 0.947446
bt 0.688614 -0.725115 -0.0043614
t 0.639693 0.28756 0.712813
bt 0.649721 -0.760027 0.0148967
t 0.847587 0.40145 0.347035
bt 0.837359 -0.545674 -0.0327178
t 0.853854 0.398118 0.335315
bt 0.468302 -0.883381 0.018195
t 0.378564 0.176547 0.908582
bt 0.52709 -0.84977 -0.00815082
t 0.75375 0.426276 0.50015
bt -0.408345 -0.869502 -0.277886
t 0.745545 0.387372 0.542315
bt -0.338808 -0.938709 -0.0635249
t 0.78369 0.365443 0.502277
bt 0.231251 -0.966021 -0.115438
t 0.752568 0.42923 0.499403
bt -0.0640403 -0.996542 -0.0529479
t 0.700419 0.382309 0.602705
bt -0.472527 -0.879348 -0.0588615
t 0.616308 0.380544 0.689457
bt -0.530789 -0.846826 -0.0338846
t 0.406367 0.240131 0.881591
bt -0.562649 -0.826507 -0.0176812
t 0.134299 0.192904 0.971983
bt -0.571386 -0.820681 0.000134225
t -0.442593 -0.310233 0.841348
bt -0.562338 -0.82676 0.0156347
t -0.611237 -0.356284 0.706719
bt -0.531495 -0.846309 0.0356938
t -0.260323 -0.373922 0.890177
bt -0.571375 -0.820689 0
t -0.700087 -0.391398 0.597232
bt -0.46712 -0.882741 0.0506588
t -0.74616 -0.384464 0.543537
bt -0.360444 -0.928964 0.0842967
t -0.771689 -0.3779 0.511554
bt -0.0509158 -0.997718 0.0443465
t -0.783741 -0.365333 0.502277
bt 0.229368 -0.966342 0.116508
t -0.785453 -0.348412 0.511539
bt 0.837659 -0.538086 -0.0937639
t -0.837277 -0.234581 0.493902
bt 0.959322 -0.230304 -0.163282
t -0.78371 -0.365406 0.502273
bt 0.733293 -0.64025 -0.228826
t -0.743094 -0.290804 0.602698
bt 0.977244 -0.204112 -0.0577205
t -0.687667 -0.227461 0.689475
bt 0.989815 -0.138757 -0.0318287
t -0.828559 -0.248324 0.501822
bt 0.959971 -0.118206 -0.253937
t -0.445336 -0.15694 0.881502
bt 0.994809 -0.100269 -0.0173352
t -0.234353 0.0211403 0.971922
bt 0.99596 -0.0897975 0.000122114
t 0.522564 0.139515 0.841108
bt 0.994805 -0.100429 0.0166434
t 0.666172 0.238989 0.706469
bt 0.989975 -0.136365 0.0368024
t 0.453773 -0.0409337 0.890177
bt 0.995958 -0.0898212 0
t 0.749843 0.284707 0.597225
bt 0.976442 -0.209837 0.0502899
t 0.828669 0.248153 0.501724
bt 0.960106 -0.119883 0.252634
t 0.812704 0.30028 0.499343
bt 0.803028 -0.593733 0.0512541
t 0.78371 0.365406 0.502273
bt 0.731826 -0.642387 0.227529
t 0.837327 0.2345 0.493855
bt 0.95912 -0.232354 0.161555
t 0.810751 0.303925 0.500313
bt 0.928874 -0.242785 0.279729
t 0.391873 0.17808 0.90262
bt 0.303167 -0.952935 -0.0022551
t 0.276647 0.126894 0.952556
bt 0.343935 -0.938993 0.000766851
t 0.251011 0.112693 0.961402
bt 0.270378 -0.962738 0.00560703
t 0.357295 0.160155 0.920158
bt 0.194719 -0.980853 0.00337632
t 0.400724 0.187181 0.896874
bt 0.421648 -0.906757 -0.00204345
t 0.284938 0.132853 0.949295
bt 0.422244 -0.906481 -0.00121608
t 0.388637 0.185153 0.902596
bt 0.533619 -0.845724 -0.00147401
t 0.275025 0.130399 0.952553
bt 0.497234 -0.867606 -0.00431487
t 0.35265 0.170338 0.920121
bt 0.626207 -0.779649 -0.0034304
t 0.247677 0.119846 0.961402
bt 0.5638 -0.825895 -0.00528404
t 0.297304 0.141285 0.944272
bt 0.696869 -0.717184 -0.00449807
t 0.203842 0.0998275 0.973901
bt 0.616975 -0.786961 -0.00590293
t 0.216907 0.101167 0.970936
bt 0.743824 -0.668356 -0.00512033
t 0.145964 0.0714957 0.986703
bt 0.655386 -0.755273 -0.00560424
t 0.116906 0.0520591 0.991778
bt 0.771533 -0.636173 -0.00452359
t 0.0767926 0.0366482 0.996373
bt 0.678334 -0.734744 -0.00366486
t 0.00179097 -0.00143729 0.999997
bt 0.779902 -0.625902 -0.000528301
t 0.000872287 -0.000924842 0.999999
bt 0.686103 -0.727504 -3.66531e-05
t -0.113745 -0.0546973 0.992003
bt 0.771597 -0.6361 0.00368509
t -0.0742456 -0.0394153 0.996461
bt 0.678409 -0.73468 0.00246175
t -0.214208 -0.103688 0.971269
bt 0.744058 -0.668105 0.00360784
t -0.144502 -0.0731986 0.986793
bt 0.655616 -0.755085 0.00373934
t -0.252787 -0.189126 0.948857
bt 0.68392 -0.727511 0.0545959
t -0.202715 -0.101293 0.973985
bt 0.617286 -0.786728 0.0041972
t -0.351773 -0.171527 0.920236
bt 0.627265 -0.778806 -3.74333e-05
t -0.247244 -0.120492 0.961432
bt 0.564248 -0.825599 0.00338641
t -0.259375 -0.182176 0.948439
bt 0.680568 -0.729668 0.066419
t -0.388777 -0.184921 0.902584
bt 0.535134 -0.844764 -0.00231349
t -0.274762 -0.130864 0.952565
bt 0.498117 -0.867109 0.00113713
t -0.401025 -0.186535 0.896874
bt 0.423394 -0.905944 -0.00186447
t -0.284938 -0.132853 0.949295
bt 0.42314 -0.906062 -0.00177543
t -0.391704 -0.178574 0.902596
bt 0.30502 -0.952344 -0.00185118
t -0.276696 -0.126766 0.95256
bt 0.344711 -0.938703 -0.00336824
t -0.357249 -0.160351 0.920142
bt 0.194539 -0.980891 -0.00293191
t -0.251023 -0.112651 0.961404
bt 0.270445 -0.962718 -0.00585268
t -0.299427 -0.136273 0.944337
bt 0.102193 -0.994741 -0.00689863
t -0.207566 -0.0917039 0.973913
bt 0.206174 -0.978499 -0.00561172
t -0.216907 -0.101675 0.970883
bt 0.0339096 -0.999411 -0.0052868
t -0.148559 -0.0660823 0.986693
bt 0.157063 -0.987578 -0.00455299
t -0.115023 -0.055045 0.991837
bt -0.00868009 -0.999954 -0.00418167
t -0.0775146 -0.0346379 0.996389
bt 0.126706 -0.991937 -0.00236929
t -5.49335e-05 -0.00253615 0.999997
bt -0.0218019 -0.999762 0.000274092
t 0.000190879 -0.0016313 0.999999
bt 0.116303 -0.993214 -5.50166e-05
t 0.115009 0.0515192 0.992028
bt -0.00859179 -0.999955 0.00407229
t 0.0778753 0.031855 0.996454
bt 0.126761 -0.991929 0.00304665
t 0.21709 0.0982282 0.971197
bt 0.0336856 -0.999423 0.00429907
t 0.148994 0.0634096 0.986803
bt 0.157082 -0.987577 0.00404997
t 0.299758 0.133799 0.944586
bt 0.100821 -0.994901 0.00271122
t 0.207966 0.0898876 0.973997
bt 0.205816 -0.978583 0.00399962
t -0.879281 -0.409547 0.24318
bt 0.899186 -0.434803 0.0491041
t -0.879059 -0.409954 0.243297
bt 0.900962 -0.431271 0.0476694
t -0.8808 -0.41071 0.235602
bt 0.785322 -0.609223 -0.11008
t -0.8808 -0.41071 0.235602
bt 0.785322 -0.609223 -0.11008
t -0.873886 -0.405235 0.268528
bt 0.99855 -0.0491991 0.0218373
t -0.874318 -0.404616 0.268055
bt 0.998545 -0.0492907 0.0218896
t -0.869741 -0.385669 0.307911
bt 0.99614 0.0848637 0.0224129
t -0.869499 -0.385955 0.308238
bt 0.996136 0.0849372 0.0223352
t -0.822267 -0.376187 0.427037
bt 0.987007 0.16063 0.00375696
t -0.822209 -0.376222 0.427117
bt 0.987049 0.160361 0.00424648
t -0.842086 -0.416164 0.343071
bt 0.992283 0.122708 -0.017787
t -0.842086 -0.416164 0.343071
bt 0.992283 0.122708 -0.017787
t -0.676673 -0.307628 0.668938
bt 0.981975 0.189006 0.00152456
t -0.675718 -0.307692 0.669874
bt 0.981963 0.189067 0.00128724
t -0.464908 -0.0935044 0.880407
bt 0.980365 0.197193 0.000441714
t -0.463219 -0.0931647 0.881333
bt 0.980365 0.197193 0
t 0.554432 0.311211 0.77185
bt 0.981857 0.189619 0.000877485
t 0.553764 0.311285 0.7723
bt 0.98183 0.189758 0.00142062
t 0.464623 0.0934469 0.880564
bt 0.980365 0.197193 0
t 0.464623 0.0934469 0.880564
bt 0.980365 0.197193 0
t 0.791046 0.394076 0.467922
bt 0.9864 0.164332 0.00299287
t 0.790944 0.39413 0.468047
bt 0.986433 0.164146 0.0026521
t 0.851513 0.406181 0.331575
bt 0.993855 0.110582 0.00488659
t 0.85152 0.406174 0.331567
bt 0.993864 0.110504 0.0048029
t 0.870905 0.409727 0.271381
bt 0.999965 -0.00559506 0.00615265
t 0.870974 0.409662 0.271259
bt 0.999965 -0.00591308 0.00594912
t 0.878772 0.41048 0.243447
bt 0.956352 -0.292128 0.00719429
t 0.87851 0.410958 0.243584
bt 0.955963 -0.293409 0.00670298
t 0.880546 0.411254 0.235602
bt 0.789733 -0.603201 0.111666
t 0.8808 0.41071 0.235602
bt 0.788682 -0.604646 0.111287
t 0.878946 0.410276 0.24316
bt -0.248418 -0.967471 0.0478315
t 0.87908 0.409934 0.243253
bt -0.247692 -0.967644 0.0481024
t 0.8808 0.41071 0.235602
bt -0.0452271 -0.992716 -0.111668
t 0.8808 0.41071 0.235602
bt -0.0452271 -0.992716 -0.111668
t 0.872181 0.40888 0.268548
bt -0.602628 -0.797689 0.0230619
t 0.871967 0.409621 0.268111
bt -0.602507 -0.797778 0.0231613
t 0.856703 0.404542 0.320009
bt -0.714547 -0.699532 0.00884022
t 0.856733 0.404343 0.320181
bt -0.714573 -0.699506 0.00880102
t 0.816744 0.38826 0.426829
bt -0.757785 -0.652498 0.00289134
t 0.816709 0.388023 0.427112
bt -0.757803 -0.652477 0.00284227
t 0.671484 0.321952 0.667425
bt -0.776196 -0.630492 0.000216418
t 0.671177 0.321427 0.667987
bt -0.776234 -0.630445 -1.71689e-05
t 0.370428 0.296033 0.880425
bt -0.781191 -0.624292 -0.000724412
t 0.369146 0.295008 0.881307
bt -0.781191 -0.624293 0
t -0.595368 -0.225313 0.771214
bt -0.776346 -0.630307 0.000394867
t -0.59501 -0.224849 0.771625
bt -0.776246 -0.63043 9.21898e-05
t -0.370162 -0.29582 0.880608
bt -0.781191 -0.624293 0
t -0.370162 -0.29582 0.880608
bt -0.781191 -0.624293 0
t -0.810634 -0.353848 0.466545
bt -0.75939 -0.650634 0.0015311
t -0.810592 -0.353813 0.466644
bt -0.759271 -0.650773 0.00120226
t -0.858624 -0.390411 0.33218
bt -0.722887 -0.690956 0.0038012
t -0.858617 -0.390467 0.332132
bt -0.723511 -0.690297 0.00476083
t -0.873691 -0.403755 0.271376
bt -0.63917 -0.769036 0.00672573
t -0.873675 -0.403844 0.271298
bt -0.638974 -0.769201 0.006562
t -0.879317 -0.40933 0.243416
bt -0.390195 -0.920707 0.00685464
t -0.879507 -0.408843 0.243547
bt -0.389449 -0.921025 0.00655702
t -0.880986 -0.410312 0.235602
bt -0.0362538 -0.993297 0.109756
t -0.8808 -0.41071 0.235602
bt -0.0462372 -0.992645 0.111882
t -0.0645281 -0.03009 0.997462
bt 0.42268 -0.906279 -0.000223152
t -0.0625551 -0.0286903 0.997629
bt 0.439343 -0.89832 -7.70282e-05
t -4.14006e-07 6.88634e-07 1
bt 0.422606 -0.906313 6.16979e-07
t -0.056272 -0.0254656 0.998091
bt 0.454664 -0.890663 -0.000221219
t -0.0459786 -0.0208699 0.998724
bt 0.467795 -0.883837 0.0001232
t -0.0337108 -0.0125329 0.999353
bt 0.477759 -0.878491 -0.000938494
t -0.0310575 -0.0174091 0.999366
bt 0.477722 -0.878511 0.000255163
t -0.016152 -0.00881508 0.999831
bt 0.48399 -0.875074 0.000297695
t -0.00013882 0.000249532 1
bt 0.486101 -0.873902 0
t 0.0163284 0.00849552 0.999831
bt 0.483993 -0.875072 -0.000124092
t 0.0310575 0.0174091 0.999366
bt 0.477723 -0.878511 -0.000247055
t 0.033711 0.0125326 0.999353
bt 0.47776 -0.87849 0.000996161
t 0.046338 0.0201905 0.998722
bt 0.467831 -0.883817 0.00069852
t 0.0559389 0.0261188 0.998093
bt 0.454602 -0.890694 -0.000907098
t 0.0627226 0.028354 0.997628
bt 0.439184 -0.898396 -0.00117817
t 0.0645308 0.0300912 0.997462
bt 0.4226 -0.906316 0.000253263
t 0.0622991 0.0292308 0.997629
bt 0.405821 -0.913952 0.000866288
t 0.0559707 0.0260455 0.998093
bt 0.390122 -0.920762 0.00176529
t 0.0460743 0.020493 0.998728
bt 0.376379 -0.926466 9.59044e-05
t 0.0323086 0.0151177 0.999364
bt 0.36581 -0.93069 -0.000578499
t 0.016425 0.00854824 0.999829
bt 0.359259 -0.933238 0.000291414
t -8.84581e-05 0.000231527 1
bt 0.357001 -0.934104 0
t -0.0166689 -0.00791545 0.99983
bt 0.359256 -0.933239 -0.000126291
t -0.0322516 -0.0152631 0.999363
bt 0.365824 -0.930684 0.00014073
t -0.0460837 -0.02047 0.998728
bt 0.376344 -0.92648 0.000654604
t -0.0562293 -0.0254358 0.998094
bt 0.390018 -0.920807 7.91255e-05
t -0.0622507 -0.0293396 0.997629
bt 0.405717 -0.913998 0.000780484
t 0.359078 0.170087 0.917678
bt 0.190914 -0.981606 0.000947839
t 0.394478 0.181637 0.900775
bt 0.30009 -0.95389 -0.00628296
t 0.418566 0.192117 0.887634
bt 0.288047 -0.957548 -0.0114672
t 0.38191 0.180263 0.906449
bt 0.17448 -0.984655 0.00335514
t 0.404903 0.188633 0.894691
bt 0.425259 -0.905052 0.00591725
t 0.394907 0.181971 0.900519
bt 0.533723 -0.84565 -0.00398706
t 0.418746 0.193235 0.887306
bt 0.540052 -0.841594 -0.00797321
t 0.429086 0.1998 0.880889
bt 0.427724 -0.903849 0.010453
t 0.359102 0.16863 0.917938
bt 0.631842 -0.775065 0.00704366
t 0.302452 0.140093 0.942813
bt 0.700006 -0.714136 -0.00113255
t 0.324037 0.148179 0.934368
bt 0.716871 -0.697206 -0.000993443
t 0.380864 0.180397 0.906862
bt 0.647126 -0.762301 0.0111485
t 0.216546 0.105198 0.970588
bt 0.747844 -0.663873 0.00140886
t 0.120163 0.0508354 0.991452
bt 0.77453 -0.632535 0.00146219
t 0.131961 0.0527869 0.989848
bt 0.792831 -0.609442 0.00060679
t 0.228574 0.115521 0.966648
bt 0.765878 -0.642982 0.00211363
t -0.00472862 0.00375643 0.999982
bt 0.782923 -0.622118 -3.64607e-05
t -0.111623 -0.0578959 0.992063
bt 0.774592 -0.632459 -0.00175863
t -0.11603 -0.0652292 0.991101
bt 0.792903 -0.609345 -0.00158582
t -0.00878607 0.0065614 0.99994
bt 0.801282 -0.598287 0
t -0.222552 -0.0994702 0.969833
bt 0.74753 -0.664228 0.000319837
t -0.299265 -0.143577 0.943306
bt 0.701284 -0.712869 -0.00427173
t -0.316841 -0.155782 0.935598
bt 0.718309 -0.695708 -0.00484697
t -0.240039 -0.105369 0.965028
bt 0.765158 -0.643837 0.00247535
t -0.360528 -0.166533 0.917762
bt 0.628219 -0.778026 0.00394166
t -0.394495 -0.182433 0.900607
bt 0.538041 -0.842891 -0.00685167
t -0.417923 -0.194217 0.88748
bt 0.547267 -0.836911 -0.00886676
t -0.38365 -0.176459 0.906463
bt 0.640322 -0.768062 0.00834476
t -0.404822 -0.188807 0.894691
bt 0.419777 -0.907606 0.0062001
t -0.394258 -0.182277 0.900742
bt 0.304874 -0.952383 -0.00420348
t -0.418091 -0.19352 0.887553
bt 0.297594 -0.95466 -0.00793479
t -0.428951 -0.200089 0.880889
bt 0.417512 -0.90861 0.0105082
t -0.359812 -0.167464 0.917873
bt 0.18857 -0.982048 0.00478701
t -0.301336 -0.144714 0.942473
bt 0.0969961 -0.995284 -0.00103064
t -0.321525 -0.155169 0.934101
bt 0.0745967 -0.997202 -0.00477655
t -0.38297 -0.175958 0.906848
bt 0.170129 -0.985402 0.00623369
t -0.219668 -0.0980962 0.97063
bt 0.0276546 -0.999615 0.00243386
t -0.116278 -0.0593815 0.99144
bt -0.0132714 -0.999912 0.000711702
t -0.125255 -0.0672198 0.989845
bt -0.0427465 -0.999086 0.000209827
t -0.235419 -0.100543 0.966679
bt 0.000321263 -0.999998 0.00206241
t 0.000162533 0.00604287 0.999982
bt -0.0267015 -0.999643 -5.47272e-05
t 0.116205 0.0484915 0.992041
bt -0.0134315 -0.999908 -0.00208656
t 0.124548 0.0469385 0.991103
bt -0.042906 -0.999078 -0.00151021
t 0.000621201 0.0109449 0.99994
bt -0.0566995 -0.998391 0
t 0.219361 0.106606 0.969802
bt 0.0283284 -0.999599 0.000497968
t 0.301957 0.139269 0.943094
bt 0.0949109 -0.99547 -0.00556796
t 0.322574 0.145152 0.935349
bt 0.0714427 -0.997434 -0.00472555
t 0.235015 0.116132 0.965029
bt 0.0013733 -0.999995 0.00268119
t 0.796354 0.297078 0.526844
bt 0.0620924 -0.997621 0.0299515
t 0.794059 0.305617 0.525423
bt 0.218458 -0.966731 0.133072
t -0.682793 -0.426901 0.592916
bt 0.796803 -0.577957 0.176269
t -0.341545 -0.0917752 0.935374
bt 0.716941 -0.690654 -0.0948305
t -0.366999 -0.0622643 0.928135
bt 0.710238 -0.701643 -0.0570883
t -0.657552 -0.45121 0.603353
bt 0.863389 -0.497023 0.0867601
t 0.660025 0.448891 0.602382
bt 0.863762 -0.496475 -0.086182
t 0.744507 0.41185 0.525442
bt 0.600281 -0.78867 -0.1329
t 0.738385 0.420594 0.527151
bt 0.724106 -0.689033 -0.0300713
t 0.681482 0.4282 0.593487
bt 0.795282 -0.579499 -0.178066

