g sponza_92
t 1 0 0
bt -0.00228471 -0.989993 0.141099
t 1 0 0
bt 0 -0.989995 0.141099
t 1 0 0
bt -0.00153019 -0.971897 0.2354
t 1 0 0
bt -0.00144638 -0.969116 0.246602
t 0 0 1
bt -0.119196 -0.992867 -0.00284348
t 0 0 1
bt -0.211898 -0.977288 -0.00253658
t 0 0 1
bt -0.211898 -0.97729 -0.00189034
t 0 0 1
bt -0.119196 -0.992867 -0.00284348
t 0 0 1
bt 0 -1 0.000368112
t 0 0 1
bt 0 -1 -0.000371454
t 0 0 1
bt 0 -1 0.000368112
t 0 0 1
bt 0 -1 0.000368112
t -1 0 0
bt -0.000342646 -1 0
t -1 0 0
bt 0 -1 0
t -1 0 0
bt -0.000342646 -1 0
t -1 0 0
bt -0.000342646 -1 0
t 1 0 0
bt 0.0232528 -0.595655 0.802904
t 1 0 0
bt 0.0895966 -0.593419 0.799891
t 1 0 0
bt 0.0232528 -0.595655 0.802904
t 1 0 0
bt 0.0232528 -0.595655 0.802904
t 0 0 1
bt -0.566004 -0.498497 -0.656612
t 0 0 1
bt -0.571346 -0.503201 0.648346
t 0 0 1
bt -0.566004 -0.498497 -0.656612
t 0 0 1
bt -0.566004 -0.498497 -0.656612
t 1 0 0
bt 0.00100449 -0.707706 -0.706506
t 1 0 0
bt 0 -0.707707 -0.706507
t 1 0 0
bt 0.00100449 -0.707706 -0.706506
t 1 0 0
bt 0.00100449 -0.707706 -0.706506
t 0 0 1
bt 0.643689 -0.765287 0.000674428
t 0 0 1
bt 0.643689 -0.765287 -0.000634722
t 0 0 1
bt 0.643689 -0.765287 0.000674428
t 0 0 1
bt 0.643689 -0.765287 0.000674428
t 1 0 0
bt 0.00344077 -0.668292 0.743891
t 1 0 0
bt 0 -0.668296 0.743896
t 1 0 0
bt 0.00344077 -0.668292 0.743891
t 1 0 0
bt 0.00344077 -0.668292 0.743891
t 0 0 1
bt -0.683881 -0.72958 0.00440554
t 0 0 1
bt -0.683854 -0.729551 0.00998752
t 0 0 1
bt -0.683881 -0.72958 0.00440554
t 0 0 1
bt -0.683881 -0.72958 0.00440554
t 1 0 0
bt -0.00195967 -0.668295 -0.743894
t 1 0 0
bt 0 -0.668296 -0.743896
t 1 0 0
bt -0.00195967 -0.668295 -0.743894
t 1 0 0
bt -0.00195967 -0.668295 -0.743894
t 0 0 1
bt 0.683885 -0.729584 -0.00282084
t 0 0 1
bt 0.683839 -0.729535 -0.011982
t 0 0 1
bt 0.683885 -0.729584 -0.00282084
t 0 0 1
bt 0.683885 -0.729584 -0.00282084
t 1 0 0
bt -1.56069e-05 -0.9024 0.4309
t 1 0 0
bt 8.56843e-05 -0.910374 0.413786
t 1 0 0
bt -0.000151771 -0.868138 0.496322
t 1 0 0
bt -0.000151771 -0.868138 0.496322
t 0 0 1
bt -0.376883 -0.926261 -0.000401402
t 0 0 1
bt -0.434005 -0.90091 0.000501994
t 0 0 1
bt -0.434005 -0.90091 -0.000566563
t 0 0 1
bt -0.376883 -0.926261 -0.000364689
t 0.658176 0.272329 0.701884
bt -0.214945 -0.976125 0.031273
t 0.588326 -0.182159 0.787839
bt -0.327897 -0.9419 0.0728583
t 0.667108 0.118302 0.735507
bt -0.322265 -0.944165 0.0685366
t 0.658176 0.272329 0.701884
bt -0.214945 -0.976125 0.031273
t -0.609014 0.125003 0.783247
bt -0.0641099 -0.927871 -0.36735
t -0.675468 -0.176238 0.716019
bt -0.0729263 -0.926834 -0.36832
t -0.574642 0.286326 0.766684
bt -0.0235659 -0.96645 -0.255771
t -0.574642 0.286326 0.766684
bt -0.0235659 -0.96645 -0.255771
t 0.63142 -0.206553 0.747425
bt 0.020426 -0.999684 0.0146232
t 0.617244 -0.294047 0.729758
bt 0.00675226 -0.999976 -0.00160856
t 0.631477 -0.206553 0.747377
bt 0.0204271 -0.999684 0.0146222
t 0.631477 -0.206553 0.747377
bt 0.0204271 -0.999684 0.0146222
t -0.629164 -0.207913 0.74895
bt -0.0123258 -0.99963 0.0242541
t -0.609286 -0.317961 0.72641
bt 0.00134728 -0.999967 0.00802452
t -0.629221 -0.207914 0.748901
bt -0.0123277 -0.99963 0.0242525
t -0.629221 -0.207914 0.748901
bt -0.0123277 -0.99963 0.0242525
t 0.358389 0.244596 0.900961
bt 0.817247 -0.562849 -0.123726
t -0.0301566 0.471856 0.88116
bt 0.821684 -0.559028 -0.111004
t 0.358329 0.244497 0.901011
bt 0.817214 -0.562903 -0.123698
t 0.358329 0.244497 0.901011
bt 0.817214 -0.562903 -0.123698
t -0.865941 0.340536 0.366307
bt 0.109263 -0.506611 0.855223
t -0.871137 0.48089 0.0993251
bt 0.0675123 -0.488807 0.869776
t -0.866018 0.340411 0.366242
bt 0.109187 -0.506736 0.855159
t -0.8659 0.340604 0.366342
bt 0.109258 -0.506619 0.855219
t 0.627153 -0.0129361 0.778789
bt -0.554676 -0.499378 0.665549
t 0.644207 -4.33122e-05 0.764851
bt -0.575101 -0.501328 0.646474
t 0.627153 -0.0129361 0.778789
bt -0.554676 -0.499378 0.665549
t 0.627153 -0.0129361 0.778789
bt -0.554676 -0.499378 0.665549
t -0.644346 -0.000137908 0.764734
bt -0.554292 -0.499388 -0.665862
t -0.644119 -5.23564e-05 0.764925
bt -0.562034 -0.500112 -0.658791
t -0.644401 -1.63184e-05 0.764688
bt -0.554288 -0.499398 -0.665858
t -0.644401 -1.63184e-05 0.764688
bt -0.554288 -0.499398 -0.665858
t 0.301848 -0.256438 0.91822
bt -0.849853 -0.514432 0.114501
t 0.644136 2.04499e-05 0.764911
bt -0.86051 -0.503472 0.0777115
t 0.301793 -0.256339 0.918265
bt -0.84982 -0.514491 0.114474
t 0.301848 -0.256438 0.91822
bt -0.849853 -0.514432 0.114501
t -0.860563 -0.270291 0.431711
bt -0.109234 -0.462342 -0.879948
t -0.64416 -4.25421e-05 0.764891
bt -0.0339943 -0.431322 -0.901557
t -0.860563 -0.270291 0.431711
bt -0.109234 -0.462342 -0.879948
t -0.860582 -0.270256 0.431695
bt -0.109195 -0.462414 -0.879915
t 0.644232 0.00015783 0.76483
bt 0.874337 -0.483748 -0.0390227
t 0.0361496 0.393599 0.918571
bt 0.877139 -0.479506 -0.0264877
t 0.644137 -2.04934e-05 0.76491
bt 0.874302 -0.483814 -0.0389934
t 0.644137 -2.04934e-05 0.76491
bt 0.874302 -0.483814 -0.0389934
t -0.644194 -2.02876e-05 0.764862
bt 0.0355086 -0.425216 0.904395
t -0.899106 0.390927 0.196938
bt 0.0122438 -0.415264 0.909619
t -0.644256 -0.000135872 0.76481
bt 0.0354706 -0.425287 0.904363
t -0.644161 4.24394e-05 0.76489
bt 0.0355482 -0.425142 0.904428
t 0.472699 -0.29428 0.830635
bt -0.569995 -0.818407 0.072908
t 0.518407 -0.190613 0.833619
bt -0.640445 -0.759974 0.110769
t 0.442595 -0.283936 0.850582
bt -0.64829 -0.755303 0.0961076
t 0.50166 -0.258322 0.825595
bt -0.561283 -0.824785 0.0685
t -0.77231 -0.322412 0.547347
bt -0.0703498 -0.696212 -0.714381
t -0.738182 -0.203423 0.6432
bt -0.0908546 -0.706513 -0.701844
t -0.744336 -0.332245 0.57929
bt -0.0497387 -0.765254 -0.641805
t -0.734291 -0.289049 0.61422
bt -0.0461766 -0.772431 -0.633417
t 0.000101014 0 1
bt 1 0 0.000681788
t 0 0 1
bt 0.998846 0 0.0480392
t -0.00451056 0 0.99999
bt 1 0 0.000681788
t -0.00338291 0 0.999994
bt 1 0 0.000511341
t -0.0138344 0 0.999904
bt 1 0 0
t 0 0 1
bt 1 0 0
t -1 0 0
bt 0 -0.989981 -0.141197
t -1 0 0
bt 0.00223283 -0.969114 -0.246602
t -1 0 0
bt 0 -0.971875 -0.235496
t -1 0 0
bt 0 -0.989981 -0.141197
t 1 0 0
bt 0 -1 0
t 1 0 0
bt -0.000342646 -1 0
t 1 0 0
bt 0 -1 0
t 1 0 0
bt 0 -1 0
t -1 9.24957e-06 1.24644e-05
bt -0.44245 -0.534381 -0.720191
t -1 1.33608e-05 1.80047e-05
bt -0.551814 -0.496945 -0.669737
t -1 9.24957e-06 1.24644e-05
bt -0.44245 -0.534381 -0.720191
t -1 9.24957e-06 1.24644e-05
bt -0.44245 -0.534381 -0.720191
t -1 0 0
bt 0 -0.707707 0.706506
t -1 -1.39622e-05 1.3939e-05
bt -0.00169996 -0.707706 0.706506
t -1 0 0
bt 0 -0.707707 0.706506
t -1 0 0
bt 0 -0.707707 0.706506
t -1 0 0
bt 0 -0.668296 -0.743896
t -1 0 0
bt -0.00630893 -0.668283 -0.743881
t -1 0 0
bt 0 -0.668296 -0.743896
t -1 0 0
bt 0 -0.668296 -0.743896
t -1 0 0
bt 0 -0.668296 0.743896
t -1 0 0
bt 0.00773447 -0.668276 0.743873
t -1 0 0
bt 0 -0.668296 0.743896
t -1 0 0
bt 0 -0.668296 0.743896
t -1 -3.73557e-06 -1.78374e-06
bt 8.66229e-05 -0.9024 -0.4309
t -1 0 0
bt -0.000151768 -0.868095 -0.496397
t -1 -4.13884e-06 -2.36658e-06
bt 0 -0.868095 -0.496397
t -1 -2.41217e-06 -1.09602e-06
bt 0 -0.910374 -0.413786
t 0 0 -1
bt -0.999989 0 0.00471881
t 0 0 -1
bt -0.999917 0 0.0128506
t 0 0 -1
bt -1 0 0
t 0 0 -1
bt -1 0 0
t 0 0 -1
bt -0.999258 0 0.038507
t 0 0 -1
bt -0.999258 0 0.038507

