g sponza_69
t 1 4.52106e-06 0
bt 0 -1 0
t 1 0 0
bt 0 -1 0
t 1 8.60566e-06 0.000200013
bt -4.63233e-05 -0.999999 -0.00150001
t 1 9.68883e-06 1.9248e-09
bt -3.62979e-05 -1 -0.0002
t 0 0 -1
bt 0 -1 0
t 0 0 -1
bt 0 -1 0
t 0 0 -1
bt 0 -1 0
t 0 0 -1
bt 0 -1 0
t -1 -1.25657e-05 0
bt -5.85889e-06 -1 0
t -1 -7.61206e-06 0
bt -6.22306e-05 -1 0
t -1 -1.25657e-05 0
bt -4.65846e-06 -1 0
t -1 -1.25657e-05 0
bt -5.85889e-06 -1 0
t 0 0 1
bt 0 -1 0
t 0 0 1
bt 0 -1 0
t 0 0 1
bt 0 -1 0
t 0 0 1
bt 0 -1 0
t 1 0 0
bt 0 -1 0
t 1 -7.16331e-06 1.41713e-09
bt 7.98952e-05 -1 0.0002
t 1 9.66496e-06 0.000199986
bt 1.69728e-05 -0.999999 0.0015
t 1 0 0
bt 0 -1 0
t 1 8.9364e-07 0.000499998
bt 0.000120803 -0.999995 0.00320004
t 0.999999 -9.95037e-05 0.00149999
bt -8.74284e-10 -1 0
t 0.999998 -0.000187004 0.00179964
bt -5.44033e-05 -0.999998 -0.0018001
t 0.99998 -9.95025e-05 0.00629987
bt -3.67199e-09 -1 0
t 0.999998 0.000175997 0.00179966
bt 8.54732e-05 -0.999998 0.00180016
t 1 2.03223e-05 0.000500065
bt -0.000157797 -0.999995 -0.00320006
t -1 -4.76626e-05 0
bt -8.7371e-05 -1 0
t -1 4.01157e-06 0
bt 2.98959e-06 -1 0
t -1 -6.14654e-05 0
bt 5.59499e-05 -1 0
t -1 -6.14654e-05 0
bt 0.000101714 -1 0
t -1 -5.1437e-05 0
bt 8.25765e-05 -1 0
t -1 4.05796e-05 0
bt -2.41107e-06 -1 0
t -1 2.60748e-05 0
bt -6.32737e-06 -1 0
t -1 -2.17001e-06 0
bt 2.98959e-06 -1 0
t -1 2.43491e-05 0
bt 2.35729e-05 -1 0
t -1 -2.17001e-06 0
bt 2.35729e-05 -1 0
t -1 -2.17001e-06 0
bt 2.98959e-06 -1 0
t -1 6.08999e-05 0
bt 2.98981e-05 -1 0
t -1 6.34171e-05 0
bt -4.6673e-05 -1 0
t -1 4.73124e-05 0
bt -6.22306e-05 -1 0

