g sponza_81
t 0 0 -1
bt -0.137598 -0.990488 0
t 0 0 -1
bt -0.240907 -0.970547 0.00154417
t 0 0 -1
bt -0.229998 -0.973191 0
t 0 0 -1
bt -0.137598 -0.990488 0
t -1 0 0
bt 0.00187716 -0.977356 0.211594
t -1 0 0
bt 0.00248424 -0.977355 0.211594
t -1 0 0
bt 0.00284295 -0.992867 0.119196
t -1 0 0
bt 0.00284295 -0.992867 0.119196
t -1 0 0
bt -0.000323518 -1 0
t -1 0 0
bt 0.000266893 -1 0
t -1 0 0
bt -0.000323518 -1 0
t -1 0 0
bt -0.000323518 -1 0
t 0 0 1
bt 0 -1 0.000328683
t 0 0 1
bt 0 -1 0
t 0 0 1
bt 0 -1 0.000328683
t 0 0 1
bt 0 -1 0.000328683
t 0 0 -1
bt -0.792475 -0.60307 -0.0910528
t 0 0 -1
bt -0.795559 -0.605416 -0.0236085
t 0 0 -1
bt -0.792475 -0.60307 -0.0910528
t 0 0 -1
bt -0.792475 -0.60307 -0.0910528
t -1 0 0
bt 0.647218 -0.503878 0.572028
t -1 0 0
bt -0.638861 -0.508517 0.577293
t -1 0 0
bt 0.647218 -0.503878 0.572028
t -1 0 0
bt 0.647218 -0.503878 0.572028
t 0 0 -1
bt 0.697492 -0.716592 -0.00114814
t 0 0 -1
bt 0.697492 -0.716592 0
t 0 0 -1
bt 0.697492 -0.716592 -0.00114814
t 0 0 -1
bt 0.697492 -0.716592 -0.00114814
t -1 0 0
bt -0.00074303 -0.765378 -0.643581
t -1 0 0
bt 0.000572478 -0.765378 -0.643581
t -1 0 0
bt -0.00074303 -0.765378 -0.643581
t -1 0 0
bt -0.00074303 -0.765378 -0.643581
t 0 0 -1
bt -0.735462 -0.677565 0
t 0 0 -1
bt -0.735458 -0.677562 -0.00340652
t 0 0 -1
bt -0.735462 -0.677565 0
t 0 0 -1
bt -0.735462 -0.677565 0
t -1 0 0
bt -0.00416451 -0.729484 0.683985
t -1 0 0
bt -0.0097783 -0.729456 0.683958
t -1 0 0
bt -0.00416451 -0.729484 0.683985
t -1 0 0
bt -0.00416451 -0.729484 0.683985
t 0 0 -1
bt 0.735461 -0.677564 0.00201914
t 0 0 -1
bt 0.735462 -0.677565 0
t 0 0 -1
bt 0.735461 -0.677564 0.00201914
t 0 0 -1
bt 0.735461 -0.677564 0.00201914
t -1 0 0
bt 0.00264797 -0.729488 -0.683989
t -1 0 0
bt 0.011625 -0.729441 -0.683945
t -1 0 0
bt 0.00264797 -0.729488 -0.683989
t -1 0 0
bt 0.00264797 -0.729488 -0.683989
t 0 0 -1
bt -0.422282 -0.906464 -8.19464e-05
t 0 0 -1
bt -0.486925 -0.873444 0.000127529
t 0 0 -1
bt -0.486925 -0.873444 0
t 0 0 -1
bt -0.405293 -0.914187 0
t -1 0 0
bt 0.000598243 -0.900949 0.433924
t -1 0 0
bt -0.000480171 -0.900949 0.433924
t -1 0 0
bt 0.000413428 -0.926414 0.376506
t -1 0 0
bt 0.000373053 -0.926414 0.376506
t -0.765538 -0.19293 -0.613783
bt -0.030112 -0.976081 0.215311
t -0.692593 0.275615 -0.666597
bt -0.0304811 -0.976137 0.215006
t -0.779243 -0.185452 -0.598655
bt -0.0676696 -0.944144 0.322511
t -0.781225 -0.228751 -0.580827
bt -0.069597 -0.941931 0.328515
t -0.758532 0.290405 0.583347
bt 0.249892 -0.967989 0.0234675
t -0.709065 -0.17248 0.683723
bt 0.318679 -0.941109 0.112949
t -0.775343 0.127197 0.618599
bt 0.360498 -0.930563 0.0639838
t -0.758581 0.290391 0.58329
bt 0.249908 -0.967985 0.0234861
t -0.739022 -0.209436 -0.640299
bt -0.0142883 -0.99969 -0.0204068
t -0.721178 -0.297923 -0.625415
bt 0.00156512 -0.999976 -0.00670905
t -0.739112 -0.209437 -0.640195
bt -0.0142905 -0.99969 -0.0204042
t -0.739022 -0.209436 -0.640299
bt -0.0142883 -0.99969 -0.0204068
t -0.740521 -0.210868 0.638093
bt -0.023744 -0.999642 0.0123247
t -0.717767 -0.322119 0.617293
bt -0.00779761 -0.999969 -0.0013257
t -0.740646 -0.210867 0.637949
bt -0.0236826 -0.999643 0.0123958
t -0.740479 -0.210869 0.638142
bt -0.0237432 -0.999642 0.0123256
t -0.896524 0.249427 -0.366102
bt 0.120661 -0.563021 -0.817587
t -0.876079 0.481171 0.0309884
bt 0.108311 -0.559168 -0.821949
t -0.896524 0.249427 -0.366102
bt 0.120661 -0.563021 -0.817587
t -0.896509 0.249456 -0.366119
bt 0.120695 -0.562957 -0.817626
t -0.0969873 0.481019 0.871329
bt -0.864358 -0.498115 -0.0690382
t -0.358554 0.3415 0.868802
bt -0.849465 -0.515851 -0.11094
t -0.0969833 0.481012 0.871333
bt -0.864323 -0.498182 -0.0689971
t -0.0969833 0.481012 0.871333
bt -0.864323 -0.498182 -0.0689971
t -0.756733 3.31164e-05 -0.653724
bt -0.63697 -0.506605 0.581051
t -0.771004 -0.0131127 -0.636695
bt -0.656074 -0.50496 0.560876
t -0.756733 3.31164e-05 -0.653724
bt -0.63697 -0.506605 0.581051
t -0.756733 3.31164e-05 -0.653724
bt -0.63697 -0.506605 0.581051
t -0.756741 -2.62421e-05 0.653715
bt 0.656498 -0.504919 0.560417
t -0.756695 7.84405e-06 0.653768
bt 0.649415 -0.505536 0.568061
t -0.756741 -2.62421e-05 0.653715
bt 0.656498 -0.504919 0.560417
t -0.756741 -2.62421e-05 0.653715
bt 0.656498 -0.504919 0.560417
t -0.75674 -6.63146e-06 -0.653715
bt -0.0757389 -0.503434 0.860708
t -0.914544 -0.261899 -0.30825
bt -0.111572 -0.514537 0.850178
t -0.75674 -6.63146e-06 -0.653715
bt -0.0757389 -0.503434 0.860708
t -0.75674 -6.63146e-06 -0.653715
bt -0.0757389 -0.503434 0.860708
t -0.422915 -0.271377 0.864579
bt 0.874863 -0.471385 0.111406
t -0.756576 -3.35418e-07 0.653906
bt 0.897198 -0.440265 0.0346667
t -0.422899 -0.271342 0.864598
bt 0.87483 -0.471456 0.111368
t -0.422931 -0.271411 0.864561
bt 0.874896 -0.471314 0.111445
t -0.75673 2.99295e-05 -0.653728
bt 0.0379814 -0.483778 -0.874366
t -0.914875 0.402067 -0.0366767
bt 0.0258154 -0.479546 -0.877137
t -0.75673 2.99295e-05 -0.653728
bt 0.0379814 -0.483778 -0.874366
t -0.756758 -3.19151e-05 -0.653695
bt 0.0379828 -0.483775 -0.874368
t -0.192266 0.391334 0.89994
bt -0.905572 -0.424002 -0.0127115
t -0.756565 -2.4396e-05 0.653919
bt -0.900138 -0.434102 -0.036146
t -0.192266 0.391334 0.89994
bt -0.905572 -0.424002 -0.0127115
t -0.192273 0.39135 0.899931
bt -0.905606 -0.423928 -0.012751
t -0.817339 -0.232085 -0.527346
bt -0.0794658 -0.821789 0.564224
t -0.821912 -0.301145 -0.483501
bt -0.0645544 -0.823451 0.563703
t -0.827109 -0.193976 -0.527507
bt -0.107955 -0.760258 0.640589
t -0.827109 -0.193976 -0.527507
bt -0.107955 -0.760258 0.640589
t -0.569929 -0.334974 0.750315
bt 0.631818 -0.77351 0.0498818
t -0.633539 -0.205533 0.745912
bt 0.692758 -0.715286 0.0919331
t -0.537638 -0.324742 0.778131
bt 0.705484 -0.705146 0.0711452
t -0.604641 -0.291149 0.741378
bt 0.62418 -0.779839 0.047435
t -0.70253 -0.190739 0.685617
bt 0.441046 -0.89742 -0.0107581
t -1 0 -0.000106145
bt -0.000662924 0 -1
t -0.999894 0 0.0145376
bt 0 0 -1
t -1 0 -0.000106145
bt -0.0162261 0 -0.999868
t -1 0 -7.96088e-05
bt -0.0121692 0 -0.999926
t -1 0 0
bt -0.0466784 0 -0.99891
t -1 0 0
bt 0 0 -1
t 0 0 1
bt 0.229998 -0.973191 0
t 0 0 1
bt 0.240907 -0.970546 -0.00222163
t 0 0 1
bt 0.137696 -0.990475 0
t 0 0 1
bt 0.137696 -0.990475 0
t 0 0 -1
bt 0 -1 0
t 0 0 -1
bt 0 -1 0.000328683
t 0 0 -1
bt 0 -1 0
t 0 0 -1
bt 0 -1 0
t -5.59541e-05 4.25689e-05 1
bt 0.711408 -0.541289 0.448225
t -2.02125e-05 1.53773e-05 1
bt 0.66041 -0.502486 0.558003
t -5.59541e-05 4.25689e-05 1
bt 0.711408 -0.541289 0.448225
t -0.000116503 -3.70041e-05 1
bt 0.711338 -0.541381 0.448225
t -1.5525e-05 -1.59509e-05 1
bt -0.697492 -0.716591 0.00159047
t 0 0 1
bt -0.697542 -0.716544 0
t -1.5525e-05 -1.59509e-05 1
bt -0.697492 -0.716591 0.00159047
t -1.5525e-05 -1.59509e-05 1
bt -0.697492 -0.716591 0.00159047
t 0 0 1
bt 0.735417 -0.677615 0
t 0 0 1
bt 0.735401 -0.677601 0.00647962
t 0 0 1
bt 0.735417 -0.677615 0
t 0 0 1
bt 0.735417 -0.677615 0
t 0 0 1
bt -0.735394 -0.677595 -0.00780992
t 0 0 1
bt -0.735417 -0.677615 0
t 0 0 1
bt -0.735394 -0.677595 -0.00780992
t 0 0 1
bt -0.735394 -0.677595 -0.00780992
t 0 0 1
bt 0.487001 -0.873401 0
t 0 0 1
bt 0.487001 -0.873402 0.000127445
t 0 0 1
bt 0.422282 -0.906464 -8.27322e-05
t 0 0 1
bt 0.405293 -0.914187 0
t 1 0 0
bt 0 0 1
t 1 0 0
bt -0.0125506 0 0.999921
t 1 0 0
bt -0.00454771 0 0.99999
t 1 0 0
bt 0 0 1
t 1 0 0
bt -0.0374692 0 0.999298
t 1 0 0
bt -0.0374692 0 0.999298

