g sponza_09
t 0 0 -1
bt -1 0 0
t 0 0 -1
bt -1 0 0
t 0 0 -1
bt -1 0 0
t 0 0 -1
bt -1 0 0
t 0 -1 0
bt 0.707111 0 -0.707102
t 0 -1 0
bt 0.707111 0.000390153 0.707102
t 0.209038 -0.955466 -0.208297
bt 0.718128 -0.0558203 0.693669
t -0.208254 -0.955466 -0.209081
bt 0.718128 0.0558222 -0.693668
t 0 -1 0
bt -0.707102 0 0.707111
t 0.208746 -0.955466 0.208589
bt -0.693811 -0.0556823 0.718001
t 0 -1 0
bt -0.707111 -0.000395092 -0.707102
t -0.208336 -0.955466 0.208999
bt -0.718281 -0.0566941 -0.69344
t 0 -1 0
bt 0.707111 0 -0.707102
t -0.208254 -0.955466 -0.209081
bt 0.718128 0.0558222 -0.693668
t -0.805721 -0.576336 -0.136564
bt 0.240758 -0.394791 -0.886666
t -0.805897 -0.576189 0.136147
bt -0.241297 0.394461 -0.886666
t -0.135814 -0.575886 0.80617
bt -0.886509 -0.394786 -0.24134
t 0.136862 -0.576257 0.805727
bt -0.886509 0.394786 0.24134
t 0.805394 -0.576609 0.137338
bt -0.241846 -0.394125 0.886666
t 0.805709 -0.576347 -0.136594
bt 0.241297 0.394461 0.886666
t 0.140175 -0.577424 -0.804321
bt 0.886509 -0.394786 0.24134
t -0.139388 -0.577147 -0.804656
bt 0.886509 0.394786 -0.24134
t -0.969715 -0.235367 -0.0652271
bt 0.0479413 -0.210809 -0.976351
t -0.969636 -0.236237 0.0632279
bt -0.048394 0.211538 -0.976171
t -0.046639 -0.232213 0.971546
bt -0.976004 -0.213317 -0.043728
t 0.048427 -0.233685 0.971106
bt -0.975871 0.213874 0.0439796
t 0.968541 -0.238541 0.0708935
bt -0.0487622 -0.212472 0.97595
t 0.969064 -0.236871 -0.0693338
bt 0.0483073 0.211764 0.976126
t 0.0394923 -0.230875 -0.972181
bt 0.976136 -0.212803 0.0432919
t -0.0390881 -0.229753 -0.972464
bt 0.976272 0.212227 -0.0430444
t 0.382684 0 -0.923879
bt 0 -1 0
t 0.923879 0 -0.382684
bt 0 -1 0
t 0.923879 0 -0.382684
bt 0 -1 0
t 0.382684 0 -0.923879
bt 0 -1 0
t 1 0 0
bt 0 -1 0
t 1 0 0
bt 0 -1 0
t 0.707107 0 0.707107
bt 0 -1 0
t 0.382684 0 0.923879
bt 0 -1 0
t 0.382684 0 0.923879
bt 0 -1 0
t 0.707107 0 0.707107
bt 0 -1 0
t -0.382697 0 0.923874
bt 0 -1 0
t -0.382697 0 0.923874
bt 0 -1 0
t -0.707107 0 0.707107
bt 0 -1 0
t -0.707107 0 0.707107
bt 0 -1 0
t -1 0 0
bt 0 -1 0
t -0.923874 0 -0.382697
bt 0 -1 0
t -0.923874 0 -0.382697
bt 0 -1 0
t -1 0 0
bt 0 -1 0
t -0.707107 0 -0.707107
bt 0 -1 0
t -0.707107 0 -0.707107
bt 0 -1 0
t 0 0 -1
bt 0 -1 0
t 0 0 -1
bt 0 -1 0
t 0.461677 -0.065844 -0.884601
bt 0.739944 -0.598776 0.306515
t 0.884601 0.0658441 -0.461678
bt 0.306492 -0.598776 0.739953
t 0.884601 0.0658443 -0.461678
bt 0.64851 -0.549421 0.52685
t 0.461677 -0.065844 -0.884601
bt 0.801248 -0.586835 0.116731
t 0.951979 0.065777 0.299013
bt -0.306516 -0.598776 0.739943
t 0.951979 0.065777 0.299013
bt 0.086044 -0.549444 0.831088
t 0.461676 0.0658428 0.884602
bt -0.739944 -0.598776 0.306515
t 0.461677 0.0658432 0.884601
bt -0.526843 -0.549419 0.648518
t -0.299013 0.0657774 0.951979
bt -0.739928 -0.598776 -0.306551
t -0.299013 0.0657774 0.951979
bt -0.831088 -0.549443 0.0860465
t -0.8846 0.0658444 0.461678
bt -0.306538 -0.598776 -0.739934
t -0.884601 0.0658441 0.461678
bt -0.648506 -0.549422 -0.526854
t -0.951979 0.0657775 -0.299013
bt 0.306488 -0.598776 -0.739955
t -0.951979 0.0657775 -0.299013
bt -0.0860883 -0.549433 -0.831091
t -0.461679 0.0658451 -0.8846
bt 0.739928 -0.598776 -0.306552
t -0.461678 0.0658441 -0.884601
bt 0.526824 -0.549411 -0.64854
t 0.461677 -0.065844 -0.884601
bt 0.739944 -0.598776 0.306515
t 0.461677 -0.065844 -0.884601
bt 0.801248 -0.586835 0.116731
t 0.393474 -0.155046 -0.906167
bt 0.712184 -0.65182 0.260622
t 0.906326 0.155317 -0.393
bt 0.260372 -0.652742 0.711432
t 0.921211 0.0219944 -0.388442
bt 0.250803 -0.948907 0.191501
t 0.388442 -0.0219949 -0.921211
bt 0.284684 -0.958063 0.0327288
t 0.969072 -0.0191357 0.246035
bt -0.260236 -0.652737 0.711486
t 0.926051 0.0220067 0.376756
bt 0.041942 -0.948904 0.312765
t 0.321336 0.0713741 0.944272
bt -0.758922 -0.625639 0.180592
t 0.388442 0.0219953 0.921211
bt -0.191498 -0.948906 0.250809
t -0.250916 -0.0125459 0.967928
bt -0.734285 -0.623196 -0.269168
t -0.376757 0.0220062 0.926051
bt -0.312758 -0.948907 0.0419231
t -0.900471 0.144439 0.410231
bt -0.271286 -0.616288 -0.73932
t -0.921211 0.0219945 0.388442
bt -0.250783 -0.948911 -0.19151
t -0.96761 -0.0105741 -0.25223
bt 0.271418 -0.616385 -0.73919
t -0.926051 0.0220061 -0.376757
bt -0.0419197 -0.948908 -0.312757
t -0.311583 0.0785298 -0.946968
bt 0.735998 -0.654673 -0.172366
t -0.388442 0.0219941 -0.921211
bt 0.191506 -0.948909 -0.250791
t 0.393474 -0.155046 -0.906167
bt 0.712184 -0.65182 0.260622
t 0.388442 -0.0219949 -0.921211
bt 0.284684 -0.958063 0.0327288
t 0.0395755 -0.640921 0.766586
bt -0.988916 -0.124602 -0.0807462
t -0.0427618 -0.640395 0.766855
bt -0.988865 0.12507 0.0806508
t -0.0505664 -0.150128 0.987373
bt -0.770052 0.62971 0.102395
t 0.764952 -0.644049 -0.0071042
bt -0.0951818 -0.112806 0.989048
t 0.764914 -0.644091 0.00726552
bt 0.094933 0.112494 0.989107
t -0.311583 0.0785298 -0.946968
bt 0.735998 -0.654673 -0.172366
t -0.0670217 -0.598021 -0.798674
bt 0.988345 -0.139387 0.0612017
t 0.0392331 -0.60232 -0.79729
bt 0.988877 0.12806 -0.0756547
t 0.0486864 -0.148799 -0.987668
bt 0.793782 0.601009 -0.093267
t -0.789375 -0.613869 0.00718375
bt 0.0906718 -0.116337 -0.989062
t -0.788981 -0.614413 -0.00213668
bt -0.0909049 0.116662 -0.989003
t 0.321336 0.0713741 0.944272
bt -0.758922 -0.625639 0.180592
t 0.454435 -0.0677392 -0.888201
bt 0.508495 -0.598499 0.619057
t 0.454434 -0.067738 -0.888201
bt 0.705008 -0.646284 0.29203
t 0.8882 0.0677395 -0.454435
bt 0.29204 -0.646284 0.705003
t 0.8882 0.0677396 -0.454435
bt 0.112481 -0.634681 0.764544
t 0.949398 0.0676988 0.306692
bt -0.292011 -0.646284 0.705016
t 0.949398 0.0676987 0.306692
bt -0.461082 -0.634674 0.620155
t 0.454434 0.0677384 0.888201
bt -0.705008 -0.646284 0.29203
t 0.454434 0.0677385 0.888201
bt -0.764549 -0.634679 0.112461
t -0.306692 0.0676989 0.949398
bt -0.704999 -0.646284 -0.292052
t -0.306692 0.0676991 0.949398
bt -0.620138 -0.63467 -0.46111
t -0.8882 0.0677393 0.454435
bt -0.292026 -0.646284 -0.70501
t -0.8882 0.0677394 0.454435
bt -0.11246 -0.634679 -0.764549
t -0.949398 0.0676991 -0.306692
bt 0.29204 -0.646284 -0.705003
t -0.949398 0.0676991 -0.306692
bt 0.461095 -0.634672 -0.620147
t -0.454435 0.0677394 -0.8882
bt 0.704998 -0.646284 -0.292052
t -0.454435 0.0677394 -0.8882
bt 0.764543 -0.634682 -0.112484
t 0.454434 -0.067738 -0.888201
bt 0.705008 -0.646284 0.29203
t 0.454435 -0.0677392 -0.888201
bt 0.508495 -0.598499 0.619057
t 0.454434 0.067738 -0.888201
bt -0.508491 -0.598497 -0.619063
t 0.454435 0.0677392 -0.888201
bt -0.705008 -0.646284 -0.29203
t 0.8882 -0.0677407 -0.454437
bt -0.29204 -0.646284 -0.705004
t 0.8882 -0.0677407 -0.454436
bt -0.112477 -0.634681 -0.764545
t 0.949398 -0.0676987 0.306692
bt 0.292011 -0.646284 -0.705016
t 0.949398 -0.0676988 0.306692
bt 0.461085 -0.634674 -0.620153
t 0.454434 -0.0677387 0.888201
bt 0.705008 -0.646284 -0.29203
t 0.454434 -0.0677387 0.888201
bt 0.76455 -0.634678 -0.112457
t -0.306692 -0.0676991 0.949398
bt 0.704999 -0.646284 0.292052
t -0.306692 -0.0676989 0.949398
bt 0.620136 -0.63467 0.461113
t -0.888201 -0.0677389 0.454435
bt 0.292025 -0.646284 0.70501
t -0.888201 -0.0677389 0.454435
bt 0.112457 -0.634678 0.76455
t -0.949398 -0.0676991 -0.306692
bt -0.29204 -0.646284 0.705003
t -0.949398 -0.0676991 -0.306692
bt -0.461098 -0.634672 0.620145
t -0.454435 -0.0677392 -0.888201
bt -0.704999 -0.646284 0.292052
t -0.454435 -0.0677392 -0.888201
bt -0.764544 -0.634681 0.112481
t 0.454435 0.0677392 -0.888201
bt -0.705008 -0.646284 -0.29203
t 0.454434 0.067738 -0.888201
bt -0.508491 -0.598497 -0.619063
t 0.394018 0.0296561 -0.918624
bt -0.352163 -0.921263 -0.165092
t 0.918624 -0.0296563 -0.394018
bt -0.140494 -0.921372 -0.362401
t 0.928191 -0.0296404 0.370922
bt 0.156929 -0.921372 -0.355594
t 0.394018 -0.0296565 0.918624
bt 0.3624 -0.921372 -0.140496
t -0.370922 -0.0296398 0.928191
bt 0.35559 -0.921372 0.156937
t -0.918624 -0.0296563 0.394018
bt 0.140515 -0.921373 0.362392
t -0.928191 -0.0296392 -0.370922
bt -0.156919 -0.921372 0.355598
t -0.394018 -0.0296558 -0.918624
bt -0.362395 -0.921372 0.140508
t 0.394018 0.0296561 -0.918624
bt -0.352163 -0.921263 -0.165092
t 0.431433 0.0672289 -0.899637
bt -0.435184 -0.74048 -0.512156
t 0.899637 -0.0672289 -0.431433
bt -0.0959339 -0.768751 -0.632312
t 0.941206 -0.0672342 0.331076
bt 0.379272 -0.768753 -0.514949
t 0.431432 -0.0672275 0.899637
bt 0.632306 -0.768754 -0.0959539
t -0.331076 -0.067235 0.941206
bt 0.51495 -0.768753 0.37927
t -0.899637 -0.0672292 0.431433
bt 0.0960145 -0.768761 0.632288
t -0.941206 -0.0672354 -0.331076
bt -0.379248 -0.768756 0.514962
t -0.431433 -0.0672406 -0.899635
bt -0.632355 -0.768706 0.0960144
t 0.431433 0.0672289 -0.899637
bt -0.435184 -0.74048 -0.512156
t 0 -1 0
bt 1 0 0
t 0 -1 0
bt 1 0 0
t 0 -1 0
bt 1 0 0
t 0 -1 0
bt 1 0 0
t 0 -1 0
bt 0 0 1
t 0 -1 0
bt 0 0 1
t 0 -1 0
bt 0 0 1
t 0 -1 0
bt 0 0 1
t 0 -1 0
bt -1 0 0
t 0 -1 0
bt -1 0 0
t 0 -1 0
bt -1 0 0
t 0 -1 0
bt -1 0 0
t 0 -1 0
bt 0 0 -1
t 0 -1 0
bt 0 0 -1
t 0 -1 0
bt 0 0 -1
t 0 -1 0
bt 0 0 -1
t 0 -1 0
bt 1 0 0
t 0 -1 0
bt 1 0 0
t 0 -1 0
bt 1 0 0
t 0 -1 0
bt 1 0 0
t 0 -1 0
bt 0 0 1
t 0 -1 0
bt 0 0 1
t 0 -1 0
bt 0 0 1
t 0 -1 0
bt 0 0 1
t 0 -1 0
bt -1 0 0
t 0 -1 0
bt -1 0 0
t 0 -1 0
bt -1 0 0
t 0 -1 0
bt -1 0 0
t 0 -1 0
bt 0 0 -1
t 0 -1 0
bt 0 0 -1
t 0 -1 0
bt 0 0 -1
t 0 -1 0
bt 0 0 -1
t 0.00537814 0 0.999986
bt 1 0 0
t -0.707054 0 0.70716
bt 1 0 0
t 0.00537814 0 0.999986
bt 1 0 0
t 0.00537814 0 0.999986
bt 1 0 0
t -0.707054 0 0.707159
bt 0 0 1
t -0.707055 0 -0.707159
bt 0 0 1
t -0.707054 0 0.707159
bt 0 0 1
t -0.707054 0 0.707159
bt 0 0 1
t -0.707054 0 -0.707159
bt -1 0 0
t 0.707102 0 -0.707111
bt -1 0 0
t -0.707054 0 -0.707159
bt -1 0 0
t -0.707054 0 -0.707159
bt -1 0 0
t 0.707101 0 -0.707113
bt 0 0 -1
t 0.999869 0 -0.0161976
bt 0 0 -1
t 0.707101 0 -0.707113
bt 0 0 -1
t 0.707101 0 -0.707113
bt 0 0 -1
t -0.0164046 0 -0.999865
bt 1 0 0
t -0.01763 0 -0.999845
bt 1 0 0
t -0.0164046 0 -0.999865
bt 1 0 0
t -0.0164046 0 -0.999865
bt 1 0 0
t -0.999868 0 0.0162367
bt 0 0 -1
t -0.999844 0 0.0176524
bt 0 0 -1
t -0.999868 0 0.0162367
bt 0 0 -1
t -0.999868 0 0.0162367
bt 0 0 -1
t 0.0162631 0 0.999868
bt -1 0 0
t 0.0174835 0 0.999847
bt -1 0 0
t 0.0162631 0 0.999868
bt -1 0 0
t 0.0162631 0 0.999868
bt -1 0 0
t 0.999868 0 -0.0162388
bt 0 0 1
t 0.999844 0 -0.0176547
bt 0 0 1
t 0.999868 0 -0.0162388
bt 0 0 1
t 0.999868 0 -0.0162388
bt 0 0 1

