g sponza_183
t 0 0 1
bt 1 0 0
t 0 0 1
bt 1 0 0
t 0 0 1
bt 1 0 0
t 0 0 1
bt 1 0 0
t 0 0 1
bt -1 0 0
t 0 0 1
bt -1 0 0
t 0 0 1
bt -1 0 0
t 0 0 1
bt -1 0 0
t -0.0036833 0.999993 0
bt 1 0 0
t -0.0018524 0.999998 0
bt 1 -0.000689838 0
t -0.00245554 0.999997 0
bt 1 0.000198621 0
t 0 0 1
bt 0.747525 0.664233 0
t 0 0 1
bt 0.747525 0.664233 0
t 0 0 1
bt 0.5224 0.8527 0
t 0 0 1
bt 0.5224 0.8527 0
t -0.00511665 -0.999987 0
bt 1 0 0
t -0.00341111 -0.999994 0
bt 1 0.000262329 0
t -0.00255833 -0.999997 0
bt 1 -0.000493078 0
t -4.29668e-05 1 0
bt 1 0 0
t -2.86446e-05 1 0
bt 1 -0.000919784 0
t 0 0 1
bt 0 1 0
t 0 0 1
bt 0 1 0
t 0 0 1
bt 0 1 0
t 0 0 1
bt 0 1 0
t 0 -1 0
bt 1 0.000786986 0
t 0.000178414 -1 0
bt 1 -0.00017416 0
t 0 1 0
bt 0.999996 -0.00275935 0
t 0 0 1
bt 0.908214 0.418506 0
t 0 0 1
bt 0.908214 0.418506 0
t 0 -1 0
bt 0.999996 -0.0027593 0

