g sponza_249
t 0 0 -1
bt 1 0 0
t 0 0 -1
bt 1 0 0
t 0 0 -1
bt 1 0 0
t 0 0 -1
bt 1 0 0
t 0 0 -1
bt -1 0 0
t 0 0 -1
bt -1 0 0
t 0 0 -1
bt -1 0 0
t 0 0 -1
bt -1 0 0
t -0.00374714 0.999993 0
bt 1 0 0
t -0.0024981 0.999997 0
bt 1 0.000197178 0
t -0.00188065 0.999998 0
bt 1 -0.000680415 0
t 0 0 -1
bt 0.5224 0.8527 0
t 0 0 -1
bt 0.747525 0.664234 0
t 0 0 -1
bt 0.747525 0.664234 0
t 0 0 -1
bt 0.5224 0.8527 0
t -0.00505302 -0.999987 0
bt 1 0 0
t -0.00246331 -0.999997 0
bt 1 -0.000400732 0
t -0.00336869 -0.999994 0
bt 1 0.000260883 0
t -2.82964e-05 1 0
bt 1 0 0
t -1.88643e-05 1 0
bt 1 -0.00090722 0
t 0 0 -1
bt 0 1 0
t 0 0 -1
bt 0 1 0
t 0 0 -1
bt 0 1 0
t 0 0 -1
bt 0 1 0
t 0.000252837 -1 0
bt 0.999999 0.00111842 0
t 0.000168558 -1 0
bt 1 -0.000161503 0
t 0 1 0
bt 0.999996 -0.00272166 0
t 0 0 -1
bt 0.908214 0.418506 0
t 0 0 -1
bt 0.908214 0.418506 0
t 0 -1 0
bt 0.999996 -0.00272134 0

