g sponza_191
t -0.0443558 0.60498 0.795004
bt 0.992211 0.03028 -0.12083
t 0.136989 0.614085 0.77726
bt 0.992017 0.0311001 -0.122212
t -0.181964 0.612017 0.769626
bt 0.997565 -0.00900331 0.0691557
t -0.137085 0.61407 0.777255
bt 0.99776 -0.00702273 0.0665314
t 0.146032 0.591268 0.793144
bt 0.912163 0.0846078 -0.400998
t 0.394628 0.614084 0.683498
bt 0.912164 0.0846098 -0.400995
t 0.477895 0.603834 0.637967
bt 0.670111 0.0284653 -0.741715
t 0.604631 0.614038 0.507326
bt 0.670108 0.0284623 -0.741717
t 0.394628 0.614084 0.683498
bt 0.803374 -0.0846555 -0.589427
t 0.394628 0.614084 0.683498
bt 0.803374 -0.0846555 -0.589427
t 0.670338 0.60004 0.436575
bt 0.350155 0.0360977 -0.935996
t 0.74166 0.614076 0.269908
bt 0.352648 0.0325364 -0.93519
t 0.777489 0.613779 0.137061
bt 0.0413281 0.0152145 -0.99903
t 0.762576 0.606 0.226366
bt 0.0474655 0.0109034 -0.998813
t -0.769095 0.612557 -0.182392
bt 0.265258 0.0332982 -0.963602
t -0.74166 0.614076 -0.269909
bt 0.269547 0.03551 -0.962332
t -0.776717 0.61476 -0.137045
bt 0.0457492 -0.00955077 -0.998907
t -0.784838 0.617984 -0.0460938
bt 0.0408897 -0.0148694 -0.999053
t -0.711283 0.603831 -0.359811
bt 0.614075 0.028449 -0.788735
t -0.604631 0.614037 -0.507326
bt 0.614077 0.0284473 -0.788733
t -0.613845 0.591261 -0.523072
bt 0.803374 0.0846555 -0.589427
t -0.394628 0.614084 -0.683498
bt 0.80337 0.0846598 -0.589431
t -0.313569 0.60249 -0.733948
bt 0.9795 0.0313135 -0.198996
t -0.136989 0.614085 -0.77726
bt 0.97936 0.0301199 -0.199869
t -0.394628 0.614084 -0.683498
bt 0.912163 -0.0846077 -0.400998
t -0.394628 0.614084 -0.683498
bt 0.912163 -0.0846077 -0.400998
t 0.13709 0.61407 -0.777254
bt 0.99776 0.00702273 0.0665314
t -0.0456133 0.612743 -0.788965
bt 0.997635 0.00990045 0.0680116
t -0.00233594 0.998931 0.0461672
bt 0.987107 0.00286772 -0.160034
t 0.00784576 0.998982 0.0444191
bt 0.987086 0.00857663 -0.159964
t -0.0103871 0.998981 0.0439201
bt 0.99695 -0.000750733 0.0780423
t -0.00784989 0.998982 0.0444236
bt 0.996989 -0.000747338 0.0775439
t 0.0136449 0.99893 0.0441983
bt 0.866069 0.00264945 -0.499917
t 0.0225539 0.998982 0.0390573
bt 0.866069 0.0026492 -0.499917
t 0.0078457 0.998982 0.0444191
bt 0.986955 -0.00857043 -0.160768
t 0.0279374 0.99893 0.0368654
bt 0.64284 0.00265028 -0.765996
t 0.0345568 0.998982 0.0289795
bt 0.64284 0.00265045 -0.765996
t 0.0426955 0.998968 0.0155193
bt 0.308156 0.00324742 -0.95133
t 0.0392508 0.998913 0.0251458
bt 0.308844 0.0031916 -0.951107
t 0.0444111 0.998983 0.00783114
bt 0.025775 0.00115247 -0.999667
t 0.044164 0.998941 0.0129251
bt 0.0268732 0.00113634 -0.999638
t -0.0198169 0.993433 -0.112682
bt 0.987199 -0.00719112 -0.15933
t 0.0198209 0.993443 -0.112595
bt 0.996999 0.00188074 0.0773896
t -0.00646264 0.993398 -0.11454
bt 0.996945 0.00196795 0.0780816
t -0.0326775 0.993331 -0.110574
bt 0.987151 -0.00722618 -0.159627
t -0.0572278 0.993434 -0.0990629
bt 0.866391 -0.0066793 -0.499322
t -0.0685285 0.993349 -0.0925268
bt 0.866391 -0.00667971 -0.499322
t -0.0876631 0.993435 -0.0735004
bt 0.643388 -0.00667598 -0.765511
t -0.0960274 0.99335 -0.0635177
bt 0.643388 -0.00667591 -0.765511
t -0.109616 0.993431 -0.0328448
bt 0.308915 -0.00811567 -0.951055
t -0.107462 0.993438 -0.0391517
bt 0.3099 -0.00800334 -0.950736
t -0.112961 0.993577 -0.006621
bt 0.0277938 -0.00278506 -0.99961
t -0.112616 0.993441 -0.0198346
bt 0.0267665 -0.00872168 -0.999604
t -0.23089 0.603839 -0.762934
bt -0.883391 0.0284321 0.467773
t -0.394647 0.614035 -0.683531
bt -0.883391 0.028432 0.467773
t -0.137045 0.614362 -0.777031
bt -0.973054 -0.0250115 0.229217
t -0.137084 0.614107 -0.777227
bt -0.972739 -0.022952 0.230765
t -0.477888 0.603833 -0.637972
bt -0.670111 0.0284647 0.741715
t -0.604614 0.614038 -0.507346
bt -0.670112 0.0284657 0.741714
t -0.69746 0.609948 -0.376183
bt -0.376017 0.0284634 0.926175
t -0.741702 0.61402 -0.269923
bt -0.376015 0.0284611 0.926176
t -0.782595 0.618821 -0.067866
bt -0.153245 0.026194 0.987841
t -0.782899 0.618432 -0.067903
bt -0.154035 0.0252058 0.987744
t 0.711279 0.603832 0.359818
bt -0.614076 0.0284481 0.788734
t 0.604614 0.614038 0.507346
bt -0.614074 0.0284499 0.788735
t 0.741702 0.61402 0.269923
bt -0.376017 -0.0284629 0.926176
t 0.763332 0.612584 0.205098
bt -0.376017 -0.0284633 0.926175
t 0.545307 0.603827 0.581407
bt -0.846817 0.0284802 0.531121
t 0.394647 0.614036 0.683531
bt -0.846818 0.0284791 0.53112
t 0.313493 0.606412 0.730744
bt -0.972739 0.022952 0.230765
t 0.137043 0.614362 0.777032
bt -0.973054 0.0250117 0.229218
t 0.0688324 0.614115 0.786209
bt -0.999155 0.0182421 -0.0368323
t -0.068061 0.6184 0.782911
bt -0.999067 0.0189948 -0.0387801
t -0.0136234 0.998929 -0.0442107
bt -0.866069 0.0026495 0.499917
t -0.0225539 0.998982 -0.0390573
bt -0.866069 0.00264948 0.499917
t -0.00780568 0.998982 -0.0444344
bt -0.979836 -0.0022434 0.19979
t -0.0373105 0.996841 -0.0701102
bt -0.985129 -0.0028845 0.171794
t -0.0279331 0.99893 -0.0368704
bt -0.64284 0.00265064 0.765996
t -0.034544 0.998982 -0.0289949
bt -0.64284 0.00265039 0.765996
t -0.042385 0.998982 -0.015415
bt -0.34217 0.00264583 0.939634
t -0.0388601 0.99893 -0.0250913
bt -0.34217 0.00264622 0.939634
t -0.0444597 0.999004 -0.00385677
bt -0.121916 0.00233767 0.992538
t -0.0428333 0.998962 -0.015477
bt -0.121722 0.00233567 0.992561
t 1.28547e-05 0.993561 0.113302
bt -0.998195 0.00428242 -0.0599008
t -0.00965331 0.993592 0.112616
bt -0.998171 0.00430529 -0.0603007
t 0.0197408 0.993441 0.112632
bt -0.980123 -0.016859 0.197674
t 0.0197407 0.993441 0.112631
bt -0.979866 -0.00566561 0.199573
t 0.0572208 0.993434 0.099067
bt -0.866391 -0.00667967 0.499322
t 0.0583504 0.992792 0.104689
bt -0.979339 0.0169373 0.201515
t 0.0685054 0.99335 0.0925402
bt -0.866391 -0.0066799 0.499322
t 0.0876284 0.993435 0.0735418
bt -0.643388 -0.00667566 0.765511
t 0.096007 0.99335 0.0635422
bt -0.643388 -0.00667576 0.765511
t 0.107496 0.993435 0.0391453
bt -0.342766 -0.00667574 0.939397
t 0.107496 0.993435 0.0391453
bt -0.342766 -0.00667574 0.939397
t -0.762964 0.60383 0.230813
bt 0.467769 0.0284355 0.883393
t -0.683534 0.614035 0.394642
bt 0.467771 0.0284337 0.883392
t -0.777299 0.614038 0.136979
bt 0.268198 -0.0993361 0.958229
t -0.777551 0.613711 0.137014
bt 0.265676 -0.102816 0.958564
t -0.637966 0.603834 0.477895
bt 0.741716 0.0284641 0.67011
t -0.507312 0.614038 0.604642
bt 0.741719 0.0284607 0.670107
t -0.43641 0.601381 0.669244
bt 0.932462 0.0332304 0.359736
t -0.269938 0.614045 0.741675
bt 0.931952 0.0310682 0.361249
t -0.137085 0.61407 0.777255
bt 0.99776 -0.00702273 0.0665314
t -0.181964 0.612017 0.769626
bt 0.997565 -0.00900331 0.0691557
t 0.182566 0.612086 -0.769428
bt 0.959308 0.0317432 0.280572
t 0.269939 0.614045 -0.741675
bt 0.958418 0.0328594 0.283468
t -0.0456133 0.612743 -0.788965
bt 0.997635 0.00990045 0.0680116
t 0.13709 0.61407 -0.777254
bt 0.99776 0.00702273 0.0665314
t 0.359819 0.603832 -0.711278
bt 0.788735 0.0284497 0.614074
t 0.507312 0.614038 -0.604642
bt 0.788734 0.0284476 0.614077
t 0.581396 0.603825 -0.545321
bt 0.531119 0.0284783 0.846818
t 0.683534 0.614035 -0.394642
bt 0.531123 0.0284817 0.846816
t 0.705774 0.586137 -0.397904
bt 0.265676 0.102816 0.958564
t 0.777299 0.614038 -0.136981
bt 0.268201 0.0993389 0.958227
t -0.0442003 0.99893 0.0136416
bt 0.499917 0.00264938 0.866069
t -0.0390578 0.998982 0.022553
bt 0.499917 0.00264959 0.866069
t -0.0444396 0.998981 0.00783403
bt 0.140244 -0.00954471 0.990071
t -0.0446419 0.998972 0.00786247
bt 0.139691 -0.00961435 0.990148
t -0.036867 0.99893 0.027936
bt 0.765996 0.00265015 0.64284
t -0.0289849 0.998982 0.0345523
bt 0.765996 0.00265033 0.64284
t -0.0155181 0.998968 0.0426792
bt 0.947253 0.00303526 0.320472
t -0.0251284 0.998919 0.0391039
bt 0.947123 0.00299551 0.320856
t -0.00784989 0.998982 0.0444236
bt 0.996989 -0.000747338 0.0775439
t -0.0103871 0.998981 0.0439201
bt 0.99695 -0.000750733 0.0780423
t 0.099071 0.993434 -0.0572137
bt 0.499322 -0.00668058 0.866391
t 0.112636 0.993438 -0.0198453
bt 0.14163 0.0241594 0.989625
t 0.107177 0.992526 -0.0583475
bt 0.142692 0.0240493 0.989475
t 0.0925379 0.99335 -0.0685095
bt 0.499322 -0.0066807 0.866391
t 0.0735148 0.993435 -0.0876509
bt 0.765511 -0.0066757 0.643388
t 0.0635231 0.99335 -0.0960229
bt 0.765511 -0.00667562 0.643388
t 0.032877 0.993415 -0.109749
bt 0.947008 -0.00760154 0.32112
t 0.0391352 0.993432 -0.107527
bt 0.946806 -0.00753416 0.321716
t -0.00646264 0.993398 -0.11454
bt 0.996945 0.00196795 0.0780816
t 0.0198209 0.993443 -0.112595
bt 0.996999 0.00188074 0.0773896
t 0.777489 0.613779 0.137061
bt 0.0413281 0.0152145 -0.99903
t 0.777228 0.61411 -0.137061
bt -0.168108 0.0253972 -0.985441
t 0.797134 0.602235 0.0434822
bt -0.165812 0.0241819 -0.985861
t 0.762576 0.606 0.226366
bt 0.0474655 0.0109034 -0.998813
t 0.76293 0.60384 -0.230899
bt -0.467773 0.0284323 -0.883391
t 0.683495 0.614036 -0.394708
bt -0.46777 0.0284349 -0.883393
t 0.637951 0.603836 -0.477913
bt -0.741713 0.0284671 -0.670113
t 0.507366 0.614038 -0.604598
bt -0.741715 0.0284649 -0.670111
t 0.436092 0.603811 -0.66726
bt -0.926175 0.028464 -0.376018
t 0.269994 0.61402 -0.741676
bt -0.926175 0.028464 -0.376018
t -0.000216515 0.617585 -0.786504
bt -0.996302 0.0188056 -0.0838325
t 0.204018 0.610983 -0.764903
bt -0.996194 0.0177289 -0.0853428
t -0.359867 0.603838 0.711249
bt -0.788733 0.028447 -0.614077
t -0.507366 0.614038 0.604598
bt -0.788733 0.028447 -0.614077
t -0.269994 0.61402 0.741676
bt -0.926175 -0.028464 -0.376018
t -0.205192 0.612588 0.763303
bt -0.926176 -0.0284611 -0.376015
t -0.581404 0.603826 0.545311
bt -0.531119 0.0284782 -0.846818
t -0.683495 0.614036 0.394708
bt -0.531121 0.0284804 -0.846817
t -0.730855 0.606253 0.313541
bt -0.229404 0.0232784 -0.973053
t -0.776969 0.614449 0.137008
bt -0.227949 0.0252011 -0.973347
t -0.784838 0.617984 -0.0460938
bt 0.0408897 -0.0148694 -0.999053
t -0.776717 0.61476 -0.137045
bt 0.0457492 -0.00955077 -0.998907
t 0.046263 0.998927 0.00224199
bt -0.198304 0.00224848 -0.980138
t 0.0444289 0.998982 -0.0078327
bt -0.197901 0.00225839 -0.980219
t 0.044164 0.998941 0.0129251
bt 0.0268732 0.00113634 -0.999638
t 0.0444111 0.998983 0.00783114
bt 0.025775 0.00115247 -0.999667
t 0.0442029 0.99893 -0.0136371
bt -0.499917 0.00264911 -0.866069
t 0.0390656 0.998982 -0.0225394
bt -0.499917 0.00264919 -0.866069
t 0.0368734 0.99893 -0.0279307
bt -0.765996 0.00265023 -0.64284
t 0.0289862 0.998982 -0.0345513
bt -0.765996 0.00265062 -0.64284
t 0.0154613 0.998979 -0.0424411
bt -0.957035 0.00351972 -0.289951
t 0.0339193 0.997281 -0.0654215
bt -0.948455 0.00351969 -0.316893
t -0.0198629 0.990854 -0.133469
bt -0.995374 -0.00410633 -0.0959893
t -0.107236 0.984551 -0.138419
bt -0.996195 0.00668886 -0.0868928
t -0.112601 0.993442 0.0198419
bt -0.19775 -0.00573892 -0.980236
t -0.112616 0.993441 -0.0198345
bt 0.0247863 0.00853571 -0.999656
t -0.112961 0.993577 -0.006621
bt 0.0277938 -0.00278506 -0.99961
t -0.110105 0.993383 0.0326714
bt -0.197253 -0.00568439 -0.980336
t -0.0991131 0.993434 0.0571409
bt -0.499322 -0.00667957 -0.866391
t -0.092566 0.99335 0.0684609
bt -0.499322 -0.00667995 -0.866391
t -0.0735148 0.993435 0.0876509
bt -0.765511 -0.00667649 -0.643388
t -0.0635077 0.99335 0.0960358
bt -0.765511 -0.00667633 -0.643388
t -0.0390647 0.993435 0.107525
bt -0.939397 -0.00667584 -0.342766
t -0.0390647 0.993435 0.107525
bt -0.939397 -0.00667584 -0.342766
t 0.964641 -0.0322644 0.261584
bt 0.134893 -0.618395 -0.774204
t 0.964641 -0.0322648 0.261583
bt 0.235523 -0.62178 -0.74694
t 0.998394 0.0322535 -0.0465803
bt -0.0682134 -0.621768 -0.780225
t 0.998394 0.0322535 -0.0465803
bt -0.0682134 -0.621768 -0.780225
t 0.953763 0.00350347 0.300538
bt -0.00954569 -0.998578 0.0524552
t 0.953763 0.00350317 0.300538
bt -0.0159379 -0.9986 0.0504407
t 0.996208 -0.00350691 -0.0869366
bt 0.00446713 -0.998595 0.0528115
t 0.996208 -0.00350691 -0.0869366
bt 0.00446713 -0.998595 0.0528115
t 0.96383 0.0328329 0.264486
bt -0.130064 -0.654033 0.7452
t 0.96383 0.0328304 0.264489
bt -0.22665 -0.657334 0.718708
t 0.998231 -0.0328189 -0.0495832
bt 0.0658274 -0.65721 0.750828
t 0.998231 -0.0328189 -0.0495832
bt 0.0658274 -0.65721 0.750828
t 0.955642 -0.0205868 0.29381
bt 0.0585167 -0.943559 -0.325995
t 0.955642 -0.020586 0.293811
bt 0.0987358 -0.944401 -0.313621
t 0.996583 0.0205806 -0.0799863
bt -0.0285385 -0.944399 -0.327561
t 0.996583 0.0205806 -0.0799863
bt -0.0285385 -0.944399 -0.327561
t 0.955642 0.020586 0.293811
bt -0.0585258 -0.943559 0.325993
t 0.955642 0.0205868 0.29381
bt -0.0987362 -0.944401 0.313621
t 0.996584 -0.0205814 -0.079986
bt 0.0285386 -0.944399 0.327561
t 0.996584 -0.0205814 -0.079986
bt 0.0285386 -0.944399 0.327561
t 0.954201 -0.0107514 0.298972
bt 0.0294953 -0.986177 -0.163047
t 0.954201 -0.0107497 0.298972
bt 0.0494136 -0.986393 -0.156805
t 0.996289 0.0107563 -0.0853935
bt -0.0142548 -0.986393 -0.163787
t 0.996289 0.0107563 -0.0853935
bt -0.0142548 -0.986393 -0.163787
t 0.955015 0.0126581 0.296287
bt -0.0638535 -0.940189 0.334615
t 0.958307 0.0289979 0.284264
bt -0.152626 -0.861546 0.484193
t 0.997118 -0.0289926 -0.070102
bt 0.0441924 -0.861546 0.505753
t 0.996503 -0.0126709 -0.0825969
bt 0.0294772 -0.940937 0.337296
t 0.954073 0.00927443 0.299432
bt -0.0252999 -0.989807 0.140149
t 0.996265 -0.00927688 -0.0858518
bt 0.0123176 -0.989967 0.140762
t 0.967484 0.0277282 0.251408
bt -0.149674 -0.473183 0.868157
t 0.967486 0.0277334 0.251399
bt -0.264365 -0.476532 0.838468
t 0.998967 -0.0277053 -0.0360235
bt 0.0766218 -0.476497 0.875831
t 0.998967 -0.0277053 -0.0360235
bt 0.0766218 -0.476497 0.875831
t 0.969145 0.0225509 0.245457
bt -0.157398 -0.362392 0.918639
t 0.969145 0.0225509 0.245457
bt -0.279932 -0.365316 0.887796
t 0.999302 -0.0224679 -0.0298507
bt 0.0811479 -0.365285 0.927352
t 0.999302 -0.0224679 -0.0298507
bt 0.0811479 -0.365285 0.927352
t 0.995247 0.0972891 -0.00432524
bt -0.0563191 -0.76305 -0.643881
t 0.960892 -0.0336136 0.274875
bt 0.293205 -0.757415 -0.583399
t 0.961605 -0.0315253 0.272621
bt 0.038822 -0.751746 -0.658309
t 0.995247 0.0972891 -0.00432524
bt -0.0563191 -0.76305 -0.643881
t 0.960065 0.0317242 0.277972
bt -0.104531 -0.800014 0.590806
t 0.960065 0.0317215 0.277974
bt -0.179384 -0.802456 0.56911
t 0.997474 -0.0317025 -0.0635583
bt 0.0519459 -0.802411 0.594506
t 0.997474 -0.0317025 -0.0635583
bt 0.0519459 -0.802411 0.594506
t 0.962229 -0.0326391 0.270279
bt 0.213475 -0.733337 -0.645481
t 0.99785 0.0331537 -0.0565353
bt -0.059174 -0.73431 -0.67623
t 0.996908 0.0174964 -0.0766082
bt 0.0358473 -0.853117 -0.520487
t 0.956733 -0.0172229 0.290458
bt 0.187708 -0.854878 -0.483684
t 0.954794 -0.0109773 0.297065
bt 0.0514868 -0.955763 -0.289597
t 0.954204 -0.00750014 0.299063
bt 0.0410454 -0.993297 -0.108061
t 0.99624 0.00751673 -0.0863073
bt -0.0099263 -0.993469 -0.113666
t 0.996421 0.0110361 -0.0838075
bt -0.0252695 -0.957028 -0.288894
t 0.915592 0.00183964 -0.402105
bt -0.4616 -0.0279547 -0.886648
t 0.988252 -0.00187735 -0.152822
bt -0.0871152 -0.0279037 -0.995807
t 0.988251 -0.00187746 -0.152826
bt -0.222528 -0.0276372 -0.974535
t 0.915592 0.00183964 -0.402105
bt -0.4616 -0.0279547 -0.886648
t 0.901328 0.0331126 -0.431869
bt -0.24227 -0.704016 -0.667582
t 0.901328 0.033113 -0.431869
bt -0.326567 -0.707104 -0.627182
t 0.992217 -0.0331348 -0.120034
bt -0.061764 -0.707101 -0.70441
t 0.992217 -0.0331348 -0.120034
bt -0.061764 -0.707101 -0.70441
t 0.962635 0.0330884 0.268772
bt -0.122461 -0.704015 0.699547
t 0.962636 0.033089 0.268771
bt -0.212653 -0.707115 0.674364
t 0.99799 -0.0330969 -0.0540484
bt 0.0617647 -0.707101 0.70441
t 0.99799 -0.0330969 -0.0540484
bt 0.0617647 -0.707101 0.70441
t 0.953718 0 0.300703
bt 0 -1 0
t 0.996191 0 -0.0872004
bt 0 -1 0
t 0.996191 0 -0.0872004
bt 0 -1 0
t 0.953718 0 0.300703
bt 0 -1 0
t 0.953738 -0.00255776 0.300629
bt 0.00686331 -0.999242 -0.0383088
t 0.953738 -0.00255838 0.300629
bt 0.0116483 -0.999255 -0.0368005
t 0.996199 0.00256455 -0.0870684
bt -0.0033746 -0.999251 -0.0385506
t 0.996199 0.00256464 -0.0870639
bt -0.00337494 -0.999251 -0.0385544
t 0.962188 -0.0330955 0.27037
bt 0.0347916 -0.712705 -0.700601
t 0.962189 -0.0330995 0.270366
bt 0.207415 -0.724207 -0.65765
t 0.997901 0.0330614 -0.0556796
bt -0.0601734 -0.724221 -0.686938
t 0.997901 0.0330639 -0.0556772
bt -0.148317 -0.721358 -0.676495
t 0.962188 0.0330925 0.270368
bt -0.119777 -0.721259 0.682231
t 0.962188 0.0330907 0.27037
bt -0.207399 -0.724257 0.6576
t 0.997901 -0.0330565 -0.0556797
bt 0.0601689 -0.724271 0.686886
t 0.997901 -0.0330565 -0.0556797
bt 0.0601689 -0.724271 0.686886
t 0.954139 -0.00161403 0.29936
bt -0.00251618 -0.999633 -0.0269909
t 0.95352 0.000660018 0.301327
bt -0.0108639 -0.999849 0.0135561
t 0.996199 -0.000608451 -0.0871007
bt 0.00132933 -0.999884 0.0151418
t 0.9962 0.00179435 -0.0870822
bt -0.00237676 -0.99963 -0.0270967
t 0.953752 0.00202521 0.300588
bt -0.0117041 -0.998691 0.0497833
t 0.953735 0.00140698 0.300646
bt -0.0142999 -0.999366 0.0326099
t 0.996198 -0.00140731 -0.0871046
bt 0.00308439 -0.999373 0.0352641
t 0.996205 -0.00201995 -0.0870102
bt 0.00443754 -0.998704 0.0507066
t 0.953962 -0.00620886 0.299863
bt 0.0528453 -0.985784 -0.159491
t 0.996271 0.00647105 -0.0860347
bt -0.0146021 -0.985855 -0.166963
t 0.953787 -0.00365102 0.30046
bt 0.0098563 -0.99845 -0.0547682
t 0.953787 -0.00365128 0.30046
bt 0.0165994 -0.998475 -0.0526438
t 0.996208 0.00365317 -0.0869321
bt -0.0048391 -0.998475 -0.0549863
t 0.996208 0.00365317 -0.0869321
bt -0.0048391 -0.998475 -0.0549863
t 0.915592 -0.00183966 -0.402104
bt 0.335963 -0.0276934 0.941468
t 0.915597 -0.00184 -0.402093
bt 0.4616 -0.0279547 0.886648
t 0.988252 0.00187735 -0.152822
bt 0.0871102 -0.0279037 0.995808
t 0.988252 0.00187735 -0.152822
bt 0.0871102 -0.0279037 0.995808
t -0.964643 -0.0322692 -0.261578
bt -0.235629 -0.62178 0.746906
t -0.998394 0.0322515 0.0465828
bt 0.0684447 -0.621768 0.780205
t -0.998394 0.0322498 0.0465849
bt -0.134423 -0.608943 0.781741
t -0.964642 -0.0322667 -0.261581
bt -0.330718 -0.618596 0.712716
t -0.953763 0.00350999 -0.300538
bt 0.0159593 -0.998595 -0.0505386
t -0.996208 -0.00350731 0.0869366
bt -0.00482566 -0.998594 -0.0527801
t -0.996208 -0.0035071 0.0869366
bt 0.00877028 -0.998504 -0.0539644
t -0.953763 0.00350337 -0.300538
bt 0.0223658 -0.998577 -0.0484128
t -0.96383 0.0328306 -0.264489
bt 0.226605 -0.657334 -0.718723
t -0.998231 -0.0328097 0.0495899
bt -0.0657152 -0.657316 -0.750745
t -0.998231 -0.0328118 0.0495875
bt 0.12909 -0.644793 -0.753378
t -0.96383 0.032833 -0.264486
bt 0.3182 -0.654227 -0.686102
t -0.955642 -0.020586 -0.293811
bt -0.0989183 -0.944401 0.313563
t -0.996584 0.0205786 0.079987
bt 0.0286182 -0.944399 0.327554
t -0.996583 0.0205801 0.0799865
bt -0.0552144 -0.941054 0.333719
t -0.955642 -0.0205876 -0.29381
bt -0.138908 -0.943565 0.300649
t -0.955642 0.0205891 -0.29381
bt 0.0989183 -0.944401 -0.313563
t -0.996583 -0.0205805 0.0799863
bt -0.0286176 -0.944399 -0.327554
t -0.996583 -0.020579 0.0799869
bt 0.0551958 -0.941056 -0.333718
t -0.955642 0.0205875 -0.29381
bt 0.138899 -0.943565 -0.300652
t -0.954201 -0.0107496 -0.298972
bt -0.0292728 -0.986172 0.163116
t -0.954201 -0.0107508 -0.298972
bt -0.0493695 -0.986393 0.156819
t -0.996289 0.0107571 0.0853934
bt 0.0144251 -0.986393 0.163772
t -0.996289 0.0107571 0.0853934
bt 0.0144251 -0.986393 0.163772
t -0.958307 0.0289937 -0.284267
bt 0.152563 -0.861546 -0.484213
t -0.997118 -0.0289923 0.0701021
bt -0.0444566 -0.861546 -0.50573
t -0.996503 -0.0126673 0.0825968
bt 0.0491621 -0.938037 -0.34303
t -0.955015 0.0126513 -0.296288
bt 0.139242 -0.940233 -0.310763
t -0.996265 -0.00927824 0.0858516
bt 0.0235972 -0.989324 -0.143812
t -0.954072 0.00927342 -0.299432
bt 0.0596725 -0.989807 -0.129311
t -0.967485 0.0277311 -0.251403
bt 0.264375 -0.476532 -0.838465
t -0.994505 -0.0820494 -0.0650283
bt -0.0766198 -0.476539 -0.875808
t -0.994504 -0.0820516 -0.0650325
bt 0.263187 -0.448742 -0.854028
t -0.967485 0.027731 -0.251403
bt 0.371078 -0.473442 -0.798846
t -0.969144 0.0225497 -0.24546
bt 0.279931 -0.365316 -0.887797
t -0.999302 -0.0224697 0.029846
bt -0.0811082 -0.365285 -0.927356
t -0.999302 -0.0224686 0.0298489
bt 0.161468 -0.354515 -0.921003
t -0.969145 0.0225499 -0.24546
bt 0.392855 -0.362657 -0.845071
t -0.962472 -0.032223 -0.26946
bt -0.0294003 -0.711445 0.702127
t -0.961863 -0.0342191 -0.271384
bt -0.192899 -0.723396 0.662939
t -0.997913 0.0330659 0.0554604
bt 0.0603087 -0.72197 0.689291
t -0.997913 0.0330659 0.0554604
bt 0.0603087 -0.72197 0.689291
t -0.953738 0.0021671 -0.300631
bt 0.0167323 -0.998514 -0.0518684
t -0.996205 -0.0021597 0.0870118
bt -0.00474153 -0.998519 -0.0541942
t -0.996198 -0.00167438 0.087107
bt 0.00489764 -0.999076 -0.0426884
t -0.95394 0.00160448 -0.299994
bt 0.0126137 -0.999155 -0.0391184
t -0.960065 0.0317257 -0.277971
bt 0.179523 -0.802456 -0.569066
t -0.997475 -0.0316971 0.0635585
bt -0.0520282 -0.802459 -0.594434
t -0.997475 -0.0316978 0.0635579
bt 0.101327 -0.792978 -0.600766
t -0.960065 0.0317242 -0.277972
bt 0.252033 -0.800094 -0.544361
t -0.962373 -0.0338867 -0.26961
bt -0.202739 -0.710746 0.6736
t -0.997969 0.0329976 0.0544884
bt 0.0613877 -0.709903 0.701619
t -0.996976 0.0181554 0.0755544
bt -0.0313896 -0.839585 0.54232
t -0.956992 -0.0183971 -0.28953
bt -0.154529 -0.842678 0.515766
t -0.962651 -0.0219321 -0.269857
bt -0.311655 -0.688863 0.654477
t -0.998565 0.0210702 0.0492248
bt 0.16199 -0.692547 0.70295
t -0.997362 -0.00832762 -0.0721048
bt -0.0830001 -0.648626 0.756568
t -0.968017 -0.0433225 -0.247118
bt -0.31823 -0.609954 0.725731
t -0.915598 0.00184004 0.402091
bt 0.461548 -0.0279547 0.886675
t -0.988251 -0.00187744 0.152825
bt 0.0871428 -0.0279037 0.995805
t -0.988253 -0.00187707 0.152812
bt 0.342589 -0.02694 0.939099
t -0.915598 0.00184004 0.402091
bt 0.461548 -0.0279547 0.886675
t -0.901329 0.0331154 0.431867
bt 0.326378 -0.707104 0.627281
t -0.992217 -0.0331343 0.120033
bt 0.0615264 -0.707101 0.704431
t -0.992217 -0.0331349 0.120034
bt 0.241805 -0.695302 0.67682
t -0.901328 0.0331126 0.431869
bt 0.405813 -0.704175 0.582627
t -0.974043 0.098466 -0.203823
bt 0.212449 -0.707067 -0.674478
t -0.99799 -0.0330953 0.0540499
bt -0.0615263 -0.707101 -0.704431
t -0.99799 -0.0330965 0.0540487
bt 0.120704 -0.695296 -0.708515
t -0.962635 0.0330876 -0.268773
bt 0.298348 -0.704192 -0.644284
t -0.953718 0 -0.300703
bt 0 -1 0
t -0.996191 0 0.0872004
bt 0 -1 0
t -0.996191 0 0.0872004
bt 0 -1 0
t -0.953718 0 -0.300703
bt 0 -1 0
t -0.953738 -0.0025582 -0.300629
bt -0.0115696 -0.999255 0.0368254
t -0.996199 0.00255812 0.0870684
bt 0.00329907 -0.999255 0.038457
t -0.996199 0.00255788 0.0870684
bt -0.00642964 -0.999207 0.0393065
t -0.953738 -0.00255818 -0.300629
bt -0.0162478 -0.999243 0.0353497
t -0.962187 -0.0330881 -0.270372
bt -0.207336 -0.724257 0.657619
t -0.997901 0.0330614 0.055675
bt 0.0600403 -0.724271 0.686897
t -0.997901 0.033061 0.0556755
bt -0.117629 -0.71278 0.691453
t -0.962187 -0.0330881 -0.270372
bt -0.207336 -0.724257 0.657619
t -0.962187 0.0330877 -0.270372
bt 0.207336 -0.724257 -0.657619
t -0.997901 -0.0330597 0.0556767
bt -0.0600401 -0.724271 -0.686897
t -0.997901 -0.0330601 0.0556763
bt 0.117638 -0.712779 -0.691453
t -0.962187 0.0330872 -0.270373
bt 0.291103 -0.721406 -0.628357
t -0.996199 -0.00192143 0.087082
bt -0.0022927 -0.999579 -0.0289095
t -0.95332 0.00182072 -0.301956
bt -0.00204813 -0.999581 -0.0288637
t -0.954145 -0.00689071 -0.299264
bt -0.0510006 -0.984172 0.169718
t -0.996286 0.00703532 0.085817
bt 0.0154751 -0.984103 0.176921
t -0.996198 -0.00137945 0.0871046
bt 0.00378458 -0.999374 -0.0351627
t -0.953742 0.00137813 -0.300625
bt 0.0157477 -0.999382 -0.0314171
t -0.953787 -0.00365131 -0.30046
bt -0.0165423 -0.998475 0.0526618
t -0.996208 0.00365295 0.0869321
bt 0.00483898 -0.998475 0.0549863
t -0.996208 0.00365312 0.0869321
bt -0.00916801 -0.998377 0.056206
t -0.953787 -0.00365134 -0.30046
bt -0.0232939 -0.998451 0.0505321
t -0.915592 -0.00183968 0.402103
bt -0.461548 -0.0279547 -0.886675
t -0.988254 0.00187699 0.152809
bt -0.0871427 -0.0279037 -0.995805
t -0.988252 0.00187736 0.152822
bt -0.342589 -0.02694 -0.939099
t -0.915592 -0.00183966 0.402104
bt -0.572723 -0.0277174 -0.819281
t -0.261581 -0.0322671 0.964642
bt 0.746929 -0.62178 0.235558
t 0.0465855 0.0322494 0.998394
bt 0.780228 -0.621768 -0.0681766
t 0.046583 0.0322514 0.998394
bt 0.781738 -0.608939 0.134457
t -0.26158 -0.0322673 0.964642
bt 0.712714 -0.618596 0.330722
t -0.300538 0.00351014 0.953763
bt -0.050584 -0.998595 -0.0158152
t 0.0869365 -0.00350802 0.996208
bt -0.052806 -0.998595 0.00452984
t 0.0869366 -0.00350725 0.996208
bt -0.0539666 -0.998504 -0.00879588
t -0.300538 0.00351018 0.953763
bt -0.0485421 -0.998573 -0.0222875
t -0.264489 0.0328301 0.96383
bt -0.718678 -0.657334 -0.226746
t 0.0495903 -0.0328094 0.998231
bt -0.750743 -0.657316 0.0657304
t 0.0495866 -0.0328125 0.998231
bt -0.753373 -0.644783 -0.129166
t -0.264491 0.0328291 0.963829
bt -0.686067 -0.654221 -0.318288
t -0.293811 -0.0205839 0.955642
bt 0.313593 -0.944401 0.0988234
t 0.0799872 0.0205779 0.996583
bt 0.327545 -0.944399 -0.0287232
t 0.0799858 0.020582 0.996583
bt 0.333713 -0.941062 0.0551153
t -0.293811 -0.0205858 0.955642
bt 0.300674 -0.943568 0.138831
t -0.293809 0.0205898 0.955642
bt -0.313593 -0.944401 -0.0988234
t 0.0799851 -0.020584 0.996584
bt -0.327545 -0.944399 0.0287232
t 0.0799865 -0.02058 0.996584
bt -0.333712 -0.941064 -0.0550967
t -0.29381 0.0205879 0.955642
bt -0.300677 -0.943569 -0.138822
t -0.298972 -0.0107493 0.954201
bt 0.163078 -0.986175 0.029394
t -0.298972 -0.010751 0.954201
bt 0.1568 -0.986393 0.049431
t 0.0853934 0.0107572 0.996289
bt 0.163782 -0.986393 -0.0143073
t 0.0853934 0.0107572 0.996289
bt 0.163782 -0.986393 -0.0143073
t -0.284266 0.0289952 0.958307
bt -0.484172 -0.861546 -0.152693
t 0.0701018 -0.0289929 0.997118
bt -0.505748 -0.861546 0.0442529
t 0.0825972 -0.0126663 0.996503
bt -0.343036 -0.93803 -0.0492559
t -0.296374 0.0126918 0.954988
bt -0.310802 -0.940203 -0.139356
t 0.085852 -0.00926946 0.996265
bt -0.143717 -0.989336 -0.023636
t -0.299432 0.00927442 0.954073
bt -0.129294 -0.989806 -0.059728
t -0.251398 0.0277304 0.967486
bt -0.838445 -0.476574 -0.26436
t -0.065024 -0.0820471 0.994505
bt -0.875808 -0.476539 0.0766247
t -0.0650253 -0.0820478 0.994505
bt -0.85403 -0.448743 -0.263178
t -0.251402 0.0277284 0.967485
bt -0.798823 -0.473485 -0.371072
t -0.245465 0.0225477 0.969143
bt -0.887808 -0.365316 -0.279894
t 0.0298525 -0.0224672 0.999302
bt -0.927353 -0.365285 0.0811408
t 0.0298441 -0.0224705 0.999302
bt -0.921008 -0.354518 -0.161433
t -0.245458 0.0225504 0.969145
bt -0.845079 -0.362658 -0.392837
t 0.0549672 0.0306222 0.998019
bt 0.670551 -0.741664 -0.0172362
t -0.273435 -0.0351565 0.961248
bt 0.605345 -0.729154 0.319206
t -0.208735 -0.0955279 0.973295
bt 0.696582 -0.717416 -0.00934687
t 0.0605831 0.0358899 0.997518
bt 0.670536 -0.741677 -0.0172344
t -0.300537 0.00218164 0.953767
bt -0.0527167 -0.998486 -0.015705
t 0.0871115 -0.00220093 0.996196
bt -0.0550053 -0.998469 0.00575926
t 0.0853044 -0.001087 0.996354
bt -0.0302207 -0.999406 -0.016572
t -0.302222 0.00140544 0.953236
bt -0.0280828 -0.999328 -0.0235767
t -0.277975 0.0317196 0.960064
bt -0.569104 -0.802456 -0.179402
t 0.0635515 -0.0317117 0.997475
bt -0.594494 -0.802411 0.0520892
t 0.0635518 -0.0317113 0.997475
bt -0.600832 -0.792942 -0.101216
t -0.277977 0.0317172 0.960064
bt -0.544379 -0.800097 -0.251984
t -0.268325 -0.0312746 0.962821
bt 0.657563 -0.717165 0.230838
t 0.0571344 0.0349375 0.997755
bt 0.691199 -0.72177 -0.0359468
t 0.076172 0.0184566 0.996924
bt 0.532575 -0.844688 0.0535307
t -0.289173 -0.0183083 0.957102
bt 0.494399 -0.845497 0.201753
t -0.103575 -0.00954588 0.994576
bt 0.77464 -0.618076 -0.133845
t -0.307759 -0.0370995 0.950741
bt 0.664367 -0.623078 0.412784
t -0.279773 -0.0185768 0.959886
bt 0.702453 -0.692951 0.162415
t 0.0480601 0.0214406 0.998614
bt 0.717097 -0.680735 -0.149571
t -0.402111 0.00183945 -0.915589
bt -0.886682 -0.0279547 0.461534
t -0.152815 -0.00187715 -0.988253
bt -0.995808 -0.0279037 0.087107
t -0.152831 -0.00187761 -0.98825
bt -0.939107 -0.0269401 0.342568
t -0.402111 0.00183945 -0.915589
bt -0.819295 -0.0277175 0.572702
t -0.431843 0.0330851 -0.901342
bt -0.62707 -0.707198 0.326579
t -0.120038 -0.0331385 -0.992216
bt -0.704405 -0.707101 0.0618257
t -0.120031 -0.0331318 -0.992217
bt -0.676772 -0.695273 0.242023
t -0.431844 0.0330834 -0.901341
bt -0.58241 -0.704249 0.405995
t -0.268763 0.0330972 0.962637
bt -0.674366 -0.707115 -0.212648
t 0.0540483 -0.033097 0.99799
bt -0.704438 -0.707101 0.0614456
t 0.0540554 -0.0330899 0.997989
bt -0.70851 -0.695279 -0.120834
t -0.268767 0.0330931 0.962636
bt -0.644182 -0.704174 -0.298613
t -0.300703 0 0.953718
bt 0 -1 0
t 0.0872004 0 0.996191
bt 0 -1 0
t 0.0872004 0 0.996191
bt 0 -1 0
t -0.300703 0 0.953718
bt 0 -1 0
t -0.300629 -0.00255773 0.953738
bt 0.0368211 -0.999255 0.0115831
t 0.0870684 0.00255788 0.996199
bt 0.0384475 -0.999255 -0.00340756
t 0.0870684 0.00255805 0.996199
bt 0.0393031 -0.999207 0.00639083
t -0.300629 -0.00255815 0.953738
bt 0.0353287 -0.999243 0.0163145
t -0.270366 -0.0330943 0.962189
bt 0.65761 -0.724257 0.207364
t 0.0556732 0.0330634 0.997901
bt 0.686888 -0.724271 -0.0601431
t 0.0556807 0.0330555 0.997901
bt 0.691453 -0.71278 0.117633
t -0.270368 -0.0330923 0.962188
bt 0.628333 -0.721402 0.291164
t -0.270375 0.0330844 0.962186
bt -0.65761 -0.724257 -0.207364
t 0.0556805 -0.0330557 0.997901
bt -0.686888 -0.724271 0.0601431
t 0.055673 -0.0330636 0.997901
bt -0.691453 -0.712779 -0.117641
t -0.270374 0.0330864 0.962187
bt -0.628332 -0.721402 -0.291168
t -0.297615 0.000730059 0.954686
bt -0.00340732 -0.999601 -0.0280334
t 0.0906006 -5.59257e-05 0.995887
bt -0.00333051 -0.999608 -0.0277834
t -0.299977 -0.00734507 0.953918
bt 0.164673 -0.984641 0.0580116
t 0.0853989 0.00686589 0.996323
bt 0.172486 -0.984973 -0.00875537
t 0.0870048 -0.00139168 0.996207
bt -0.0355168 -0.999364 -0.00325041
t -0.300739 0.00139061 0.953705
bt -0.0318064 -0.999379 -0.0151815
t -0.30046 -0.00365145 0.953787
bt 0.0526468 -0.998475 0.0165898
t 0.0869321 0.00365242 0.996208
bt 0.0549863 -0.998475 -0.00483899
t 0.0869321 0.00365264 0.996208
bt 0.0562087 -0.998377 0.00919831
t -0.30046 -0.00365152 0.953787
bt 0.0505335 -0.998451 0.0232894
t -0.402096 -0.00183991 -0.915596
bt 0.886682 -0.0279547 -0.461534
t -0.152832 0.00187765 -0.98825
bt 0.995808 -0.0279037 -0.0871069
t -0.152816 0.00187719 -0.988253
bt 0.939107 -0.0269401 -0.342568
t -0.402096 -0.00183992 -0.915596
bt 0.819295 -0.0277175 -0.572702
t 0.261581 -0.032267 -0.964642
bt -0.746966 -0.62178 -0.235439
t -0.0465876 0.0322478 -0.998394
bt -0.780225 -0.621768 0.0682158
t -0.046581 0.0322529 -0.998394
bt -0.781747 -0.608954 -0.134336
t 0.261578 -0.0322695 -0.964643
bt -0.712767 -0.618605 -0.330593
t 0.300538 0.0035096 -0.953763
bt 0.0505235 -0.998595 0.0160072
t -0.0869366 -0.0035008 -0.996208
bt 0.0527039 -0.9986 -0.00455257
t -0.0869366 -0.00350101 -0.996208
bt 0.0538784 -0.998507 0.00893378
t 0.300538 0.00350961 -0.953763
bt 0.0485024 -0.998572 0.0224131
t 0.264486 0.0328329 -0.96383
bt 0.718731 -0.657334 0.226578
t -0.049589 -0.0328104 -0.998231
bt 0.750741 -0.657316 -0.0657567
t -0.049586 -0.0328131 -0.998231
bt 0.753381 -0.644799 0.129039
t 0.264486 0.0328331 -0.96383
bt 0.686123 -0.654231 0.318147
t 0.29381 -0.0205807 -0.955642
bt -0.313488 -0.944432 -0.0988587
t -0.079987 0.0205786 -0.996583
bt -0.327558 -0.944399 0.0285799
t -0.0799862 0.0205809 -0.996584
bt -0.333721 -0.941052 -0.0552454
t 0.29381 -0.0205805 -0.955642
bt -0.300575 -0.943598 -0.138845
t 0.29381 0.0205891 -0.955642
bt 0.313573 -0.944401 0.0988855
t -0.0799853 -0.0205834 -0.996584
bt 0.327558 -0.944399 -0.0285799
t -0.0799862 -0.0205811 -0.996583
bt 0.333719 -0.941053 0.0552268
t 0.29381 0.0205894 -0.955642
bt 0.300664 -0.943567 0.138863
t 0.298972 -0.0107503 -0.954201
bt -0.163076 -0.986175 -0.029403
t 0.298972 -0.0107491 -0.954201
bt -0.15676 -0.986393 -0.0495565
t -0.0853934 0.0107574 -0.996289
bt -0.163781 -0.986393 0.0143233
t -0.0853934 0.0107574 -0.996289
bt -0.163781 -0.986393 0.0143233
t 0.284264 0.0289978 -0.958307
bt 0.484182 -0.861546 0.152663
t -0.0700997 -0.0289965 -0.997118
bt 0.505745 -0.861546 -0.0442861
t -0.0825966 -0.0126678 -0.996503
bt 0.343035 -0.938031 0.0492438
t 0.296375 0.0126917 -0.954987
bt 0.310809 -0.940204 0.139333
t -0.085852 -0.00926942 -0.996265
bt 0.143719 -0.989336 0.0236552
t 0.299432 0.00927532 -0.954073
bt 0.129287 -0.989806 0.059749
t 0.251408 0.0277284 -0.967484
bt 0.838467 -0.476532 0.264367
t -0.036026 -0.027704 -0.998967
bt 0.875831 -0.476497 -0.0766219
t -0.0360236 -0.0277052 -0.998967
bt 0.872704 -0.464022 0.151893
t 0.251411 0.0277236 -0.967483
bt 0.798823 -0.473485 0.371071
t 0.245446 0.0225554 -0.969148
bt 0.887797 -0.365316 0.279931
t -0.0298525 -0.0224672 -0.999302
bt 0.927355 -0.365285 -0.0811129
t -0.0298584 -0.0224649 -0.999302
bt 0.921003 -0.354515 0.161466
t 0.245448 0.0225548 -0.969148
bt 0.845072 -0.362657 0.392854
t 0.270524 -0.0306876 -0.962224
bt -0.679427 -0.73371 0.00691103
t 0.275663 -0.0356191 -0.960594
bt -0.64176 -0.749616 -0.161925
t -0.0543189 0.029987 -0.998073
bt -0.663317 -0.741697 0.0994804
t -0.0599231 0.0352878 -0.997579
bt -0.650886 -0.736508 0.184127
t 0.300652 0.00221248 -0.953731
bt 0.0527632 -0.998453 0.0175588
t -0.0870118 -0.00219494 -0.996205
bt 0.0551707 -0.998469 -0.00387374
t -0.0889026 -0.00119464 -0.99604
bt 0.0284197 -0.999586 -0.00442791
t 0.299055 0.000896821 -0.954236
bt 0.0241302 -0.999707 0.00191444
t 0.277969 0.0317275 -0.960066
bt 0.569105 -0.802456 0.179402
t -0.0635595 -0.0316956 -0.997475
bt 0.594429 -0.802459 -0.0520835
t -0.06356 -0.0316949 -0.997475
bt 0.600766 -0.792991 0.101221
t 0.277971 0.0317251 -0.960065
bt 0.544379 -0.800097 0.251984
t 0.290264 -0.0185315 -0.956767
bt -0.527267 -0.847389 -0.0626222
t 0.272018 -0.0349234 -0.961658
bt -0.661815 -0.726526 -0.184827
t -0.0538585 0.0311234 -0.998063
bt -0.686957 -0.72175 0.0846551
t -0.0759834 0.0172469 -0.99696
bt -0.522005 -0.848031 0.0914042
t 0.27437 -0.0156764 -0.961496
bt -0.649239 -0.679463 -0.341788
t -0.0683116 0.0204987 -0.997453
bt -0.695652 -0.703167 0.147053
t 0.083683 0.0223422 -0.996242
bt -0.704474 -0.607403 -0.367121
t 0.267757 -0.0388218 -0.962704
bt -0.693965 -0.597483 -0.401779
t 0.402099 0.00183981 0.915594
bt 0.886671 -0.0279547 -0.461555
t 0.152829 -0.00187756 0.988251
bt 0.995804 -0.0279037 -0.087156
t 0.15282 -0.00187731 0.988252
bt 0.974546 -0.0276374 -0.222479
t 0.402104 0.00183965 0.915592
bt 0.819286 -0.0277174 -0.572714
t 0.431872 0.0331143 0.901327
bt 0.627231 -0.707054 -0.326582
t 0.120032 -0.0331327 0.992217
bt 0.704438 -0.707101 -0.0614475
t 0.120038 -0.0331387 0.992216
bt 0.67678 -0.695278 -0.241987
t 0.431867 0.0331199 0.901329
bt 0.582568 -0.704111 -0.406009
t 0.26877 0.0330901 -0.962636
bt 0.674349 -0.707115 0.212702
t -0.0540459 -0.0330994 -0.99799
bt 0.704405 -0.707101 -0.0618258
t -0.054049 -0.0330963 -0.99799
bt 0.708513 -0.69529 0.120748
t 0.268771 0.0330891 -0.962636
bt 0.644141 -0.704166 0.298718
t 0.300703 0 -0.953718
bt 0 -1 0
t -0.0872004 0 -0.996191
bt 0 -1 0
t -0.0872004 0 -0.996191
bt 0 -1 0
t 0.300703 0 -0.953718
bt 0 -1 0
t 0.300629 -0.00255802 -0.953738
bt -0.0368211 -0.999255 -0.0115831
t -0.0868513 0.0076717 -0.996192
bt -0.0384541 -0.999255 0.00337627
t -0.0870684 0.00256424 -0.996199
bt -0.0394035 -0.999203 -0.00639261
t 0.300629 -0.00255818 -0.953738
bt -0.0353416 -0.999243 -0.0162737
t 0.270358 -0.0330738 -0.962192
bt -0.657552 -0.724303 -0.207389
t -0.0556821 0.033054 -0.997901
bt -0.686888 -0.724271 0.0601371
t -0.0556788 0.0330574 -0.997901
bt -0.691453 -0.712779 -0.117643
t 0.27036 -0.0330719 -0.962191
bt -0.62829 -0.721444 -0.291154
t 0.270357 0.0330752 -0.962192
bt 0.657552 -0.724303 0.207389
t -0.055677 -0.0330593 -0.997901
bt 0.686888 -0.724271 -0.0601371
t -0.0556802 -0.033056 -0.997901
bt 0.691452 -0.712777 0.117652
t 0.270355 0.0330772 -0.962192
bt 0.628289 -0.721443 0.291158
t -0.0837004 -5.0153e-05 -0.996491
bt -0.00153479 -0.999612 -0.0278269
t 0.303806 -0.000689989 -0.952734
bt -0.00158972 -0.999618 -0.0275895
t 0.29907 -0.00679525 -0.954207
bt -0.164457 -0.985324 -0.0457187
t -0.0865522 0.00665812 -0.996225
bt -0.171386 -0.984973 0.0213236
t -0.0872045 -0.00139892 -0.996189
bt 0.0356052 -0.999357 0.00425285
t 0.300339 0.00699283 -0.953807
bt 0.0332825 -0.99938 0.0115004
t 0.30046 -0.00365221 -0.953787
bt -0.0526267 -0.998475 -0.0166538
t -0.086932 0.00365344 -0.996208
bt -0.0549854 -0.998475 0.00484943
t -0.0869321 0.00365232 -0.996208
bt -0.0562153 -0.998376 -0.00927464
t 0.30046 -0.00365187 -0.953787
bt -0.0505185 -0.99845 -0.0233369
t 0.402105 -0.00183964 0.915592
bt -0.886671 -0.0279547 0.461555
t 0.152829 0.00187755 0.988251
bt -0.995804 -0.0279037 0.0871559
t 0.152829 0.00187756 0.988251
bt -0.939096 -0.0269399 0.342598
t 0.402099 -0.0018398 0.915594
bt -0.819286 -0.0277174 0.572714
t 0.49716 -0.0322394 0.86706
bt 0.69474 -0.62176 -0.361593
t 0.738919 0.0322848 0.673021
bt 0.503531 -0.621742 -0.599911
t 0.738895 0.0322245 0.67305
bt 0.647854 -0.608955 -0.457667
t 0.497159 -0.0322387 0.86706
bt 0.737828 -0.618576 -0.270136
t 0.461893 0.003504 0.886929
bt -0.0469454 -0.9986 0.0243803
t 0.765929 -0.00350343 0.642916
bt -0.034007 -0.9986 0.0405187
t 0.765929 -0.00350296 0.642916
bt -0.0443358 -0.998509 0.0318459
t 0.461893 0.00350337 0.886929
bt -0.0500878 -0.998576 0.018341
t 0.49454 0.0327924 0.868536
bt -0.66846 -0.657296 0.348027
t 0.740908 -0.0327938 0.670805
bt -0.484515 -0.657304 0.577232
t 0.740907 -0.0327955 0.670806
bt -0.624014 -0.644783 0.441431
t 0.494542 0.0327942 0.868535
bt -0.710149 -0.654192 0.260235
t 0.468009 -0.0205782 0.883484
bt 0.291613 -0.944402 -0.15188
t 0.761256 0.0205828 0.648124
bt 0.211238 -0.944407 -0.25194
t 0.761297 0.0206071 0.648075
bt 0.274928 -0.941063 -0.197015
t 0.46801 -0.0205802 0.883484
bt 0.310772 -0.943569 -0.114451
t 0.46801 0.0205798 0.883484
bt -0.291613 -0.944402 0.15188
t 0.761297 -0.0206073 0.648075
bt -0.21125 -0.9444 0.251956
t 0.761211 -0.0205596 0.648178
bt -0.274911 -0.941067 0.19702
t 0.468009 0.0205778 0.883484
bt -0.310768 -0.943569 0.114459
t 0.463356 -0.0107483 0.886107
bt 0.145909 -0.986377 -0.0759676
t 0.764855 0.0107541 0.644113
bt 0.105779 -0.986393 -0.125859
t 0.764855 0.0107553 0.644113
bt 0.13775 -0.985523 -0.0988433
t 0.463356 -0.0107492 0.886107
bt 0.155577 -0.986159 -0.0573197
t 0.476625 0.0289906 0.878629
bt -0.450325 -0.861535 0.234447
t 0.754636 -0.0289889 0.655503
bt -0.326317 -0.861542 0.388925
t 0.763053 -0.0126787 0.646212
bt -0.27742 -0.938021 0.207738
t 0.465778 0.0126628 0.884811
bt -0.318326 -0.940197 0.121235
t 0.765196 -0.009275 0.64373
bt -0.11837 -0.989335 0.0848832
t 0.462897 0.00927024 0.886364
bt -0.133582 -0.989819 0.0491448
t 0.506328 0.0277642 0.861894
bt -0.779832 -0.476508 0.405959
t 0.731878 -0.0277695 0.68087
bt -0.565117 -0.476542 0.673462
t 0.731877 -0.02777 0.680871
bt -0.72449 -0.46405 0.509678
t 0.506332 0.0277665 0.861892
bt -0.82727 -0.473422 0.302483
t 0.511723 0.0225184 0.858855
bt -0.825674 -0.365363 0.429852
t 0.727748 -0.0225482 0.685474
bt -0.598345 -0.365333 0.713103
t 0.727736 -0.0225551 0.685487
bt -0.765392 -0.354546 0.537097
t 0.511722 0.0225177 0.858856
bt -0.875323 -0.362701 0.319778
t 0.489676 -0.0300659 0.871386
bt 0.603883 -0.749626 -0.270897
t 0.70701 0.0996831 0.700143
bt 0.442702 -0.756581 -0.481248
t 0.745953 0.0311175 0.665271
bt 0.567324 -0.741261 -0.358714
t 0.484905 -0.035019 0.873866
bt 0.639403 -0.744493 -0.192078
t 0.461924 0.00220398 0.886917
bt -0.0508312 -0.998448 0.0227665
t 0.765979 -0.00222215 0.642862
bt -0.038611 -0.99843 0.0405697
t 0.765197 -0.000737543 0.643796
bt -0.02462 -0.999687 0.00437272
t 0.460274 0.0009801 0.887776
bt -0.0273909 -0.999624 -0.00156008
t 0.482291 0.03175 0.875435
bt -0.529263 -0.80246 0.27557
t 0.750276 -0.0317253 0.660363
bt -0.383564 -0.802455 0.457105
t 0.75028 -0.0317176 0.660359
bt -0.496398 -0.792981 0.353227
t 0.48229 0.0317485 0.875436
bt -0.563084 -0.800106 0.206801
t 0.541028 -0.0961962 0.835485
bt 0.619689 -0.726493 -0.296974
t 0.745993 0.034683 0.665051
bt 0.452186 -0.730562 -0.511671
t 0.758708 0.0188745 0.651157
bt 0.40582 -0.849986 -0.335909
t 0.471327 -0.0169249 0.881796
bt 0.484969 -0.850756 -0.202532
t 0.533212 -0.0260878 0.84558
bt 0.589274 -0.592676 -0.549082
t 0.48761 -0.0252683 0.872696
bt 0.610625 -0.677036 -0.410803
t 0.756349 0.0171738 0.653943
bt 0.475912 -0.684987 -0.551635
t 0.740193 0.0257297 0.671902
bt 0.551698 -0.607787 -0.57116
t 0.36309 0.0018685 -0.931752
bt -0.953331 -0.0279904 -0.300627
t 0.590742 -0.00188227 -0.806858
bt -0.765748 -0.0279638 -0.642532
t 0.59074 -0.00188236 -0.80686
bt -0.846423 -0.0276968 -0.53179
t 0.363091 0.00186854 -0.931752
bt -0.98429 -0.0277563 -0.174361
t 0.331937 0.0331448 -0.942719
bt -0.674349 -0.707115 -0.212702
t 0.616698 -0.0330941 -0.786504
bt -0.541462 -0.707113 -0.454763
t 0.6167 -0.0330919 -0.786503
bt -0.649521 -0.695328 -0.307637
t 0.331936 0.0331433 -0.94272
bt -0.698941 -0.704182 -0.124934
t 0.49061 0.0331114 0.87075
bt -0.627231 -0.707054 0.326582
t 0.743936 -0.0331318 0.667429
bt -0.454298 -0.707113 0.541852
t 0.743928 -0.033143 0.667437
bt -0.58637 -0.695295 0.415614
t 0.490613 0.0331143 0.870748
bt -0.666706 -0.704114 0.244389
t 0.461719 0 0.887026
bt 0 -1 0
t 0.766018 0 0.642819
bt 0 -1 0
t 0.766018 0 0.642819
bt 0 -1 0
t 0.461719 0 0.887026
bt 0 -1 0
t 0.461857 -0.00255646 0.886951
bt 0.0341908 -0.999255 -0.0179193
t 0.765995 0.00256491 0.642842
bt 0.0248698 -0.999251 -0.0296501
t 0.765995 0.00256513 0.642842
bt 0.0323451 -0.999203 -0.0233756
t 0.461857 -0.00255662 0.886951
bt 0.0364722 -0.999243 -0.0135356
t 0.489191 -0.0330811 0.871549
bt 0.611672 -0.724207 -0.318406
t 0.74501 0.0330938 0.666231
bt 0.443261 -0.724254 -0.528181
t 0.745009 0.0330953 0.666232
bt 0.511012 -0.721258 -0.467605
t 0.489191 -0.0330765 0.871549
bt 0.650169 -0.721403 -0.238449
t 0.489197 0.0330889 0.871545
bt -0.611672 -0.724207 0.318406
t 0.745008 -0.0330975 0.666234
bt -0.443261 -0.724254 0.528181
t 0.745013 -0.0330899 0.666229
bt -0.572134 -0.712757 0.405759
t 0.489197 0.0330839 0.871545
bt -0.650171 -0.721403 0.238445
t 0.46461 -0.000623229 0.885515
bt -0.00316813 -0.999621 -0.0273388
t 0.767608 0.00131569 0.640919
bt -0.00294355 -0.999626 -0.0272041
t 0.462289 -0.00657257 0.886705
bt 0.154025 -0.985323 -0.0735837
t 0.765048 0.00683618 0.643937
bt 0.112071 -0.985606 -0.126571
t 0.765976 -0.00140143 0.642868
bt -0.0276539 -0.999356 0.0228766
t 0.461726 0.00140194 0.887021
bt -0.0334907 -0.999368 0.0118949
t 0.461871 -0.00365701 0.88694
bt 0.0489483 -0.998475 -0.0255148
t 0.765924 0.00365534 0.642921
bt 0.0354938 -0.998475 -0.0422747
t 0.765924 0.00365596 0.642921
bt 0.0462215 -0.998377 -0.0332665
t 0.461871 -0.00365756 0.88694
bt 0.0522005 -0.998451 -0.0192636
t 0.363099 -0.00186877 -0.931749
bt 0.953331 -0.0279904 0.300627
t 0.590736 0.0018825 -0.806863
bt 0.765748 -0.0279638 0.642532
t 0.590742 0.00188227 -0.806858
bt 0.906282 -0.0269979 0.421811
t 0.363098 -0.00186873 -0.931749
bt 0.98429 -0.0277563 0.174361
t -0.497161 -0.0322409 -0.867059
bt -0.69474 -0.62176 0.361594
t -0.738893 0.0322269 -0.673052
bt -0.503442 -0.621782 0.599945
t -0.738897 0.032222 -0.673047
bt -0.647835 -0.608959 0.457689
t -0.497159 -0.032239 -0.86706
bt -0.737821 -0.618577 0.270152
t -0.461893 0.00351021 -0.886929
bt 0.0469731 -0.998595 -0.024543
t -0.765929 -0.00350282 -0.642916
bt 0.0340217 -0.9986 -0.0405064
t -0.765928 -0.00350297 -0.642916
bt 0.0443185 -0.998509 -0.0318604
t -0.461893 0.00351024 -0.886929
bt 0.0501101 -0.998572 -0.0185141
t -0.494541 0.0327938 -0.868535
bt 0.668547 -0.657296 -0.347859
t -0.740912 -0.0327898 -0.670802
bt 0.484503 -0.657304 -0.577243
t -0.740911 -0.0327905 -0.670802
bt 0.624093 -0.644767 -0.441342
t -0.494544 0.0327961 -0.868534
bt 0.710195 -0.654184 -0.260126
t -0.468008 -0.0205757 -0.883484
bt -0.291613 -0.944402 0.15188
t -0.750604 0.0616275 -0.657872
bt -0.211358 -0.944392 0.251896
t -0.750603 0.0616309 -0.657873
bt -0.306046 -0.936891 0.16903
t -0.468009 -0.0205782 -0.883484
bt -0.310795 -0.943567 0.114404
t -0.46801 0.0205805 -0.883484
bt 0.291613 -0.944402 -0.15188
t -0.761252 -0.0205912 -0.648129
bt 0.211415 -0.944361 -0.251965
t -0.761253 -0.0205889 -0.648129
bt 0.275013 -0.941024 -0.197081
t -0.468009 0.020578 -0.883484
bt 0.310791 -0.943567 -0.114412
t -0.463357 -0.0107445 -0.886107
bt -0.145823 -0.986393 0.0759226
t -0.764855 0.0107546 -0.644113
bt -0.105606 -0.986393 0.126004
t -0.764855 0.0107534 -0.644113
bt -0.137692 -0.985526 0.098892
t -0.463306 -0.0107532 -0.886133
bt -0.155465 -0.986179 0.0572924
t -0.47663 0.028994 -0.878626
bt 0.450202 -0.861579 -0.234522
t -0.754637 -0.0289808 -0.655502
bt 0.32627 -0.861586 -0.388868
t -0.763054 -0.0126726 -0.64621
bt 0.277368 -0.938026 -0.207785
t -0.465778 0.0126594 -0.884811
bt 0.318214 -0.940231 -0.121262
t -0.765196 -0.00928199 -0.64373
bt 0.118452 -0.98932 -0.0849422
t -0.462897 0.00927578 -0.886364
bt 0.133656 -0.989805 -0.0492138
t -0.589164 0.0821148 -0.80383
bt 0.779826 -0.47655 -0.405921
t -0.731876 -0.0277675 -0.680871
bt 0.565076 -0.476584 -0.673466
t -0.731875 -0.0277689 -0.680873
bt 0.72448 -0.464093 -0.509653
t -0.589164 0.0821148 -0.80383
bt 0.779826 -0.47655 -0.405921
t -0.511734 0.0225234 -0.858849
bt 0.825687 -0.365363 -0.429826
t -0.727743 -0.022551 -0.685479
bt 0.598342 -0.365333 -0.713105
t -0.727744 -0.0225506 -0.685478
bt 0.765402 -0.354544 -0.537083
t -0.511732 0.0225226 -0.85885
bt 0.875333 -0.362699 -0.319751
t -0.490291 -0.0309064 -0.87101
bt -0.493122 -0.718955 0.489831
t -0.485811 -0.035741 -0.873333
bt -0.58409 -0.733968 0.346597
t -0.743862 0.0309665 -0.667616
bt -0.418664 -0.727548 0.543502
t -0.746267 0.0346458 -0.664745
bt -0.351494 -0.723337 0.594336
t -0.461802 0.00218817 -0.88698
bt 0.0511099 -0.998474 -0.0209285
t -0.765979 -0.00217352 -0.642862
bt 0.0388675 -0.998491 -0.0387924
t -0.766841 -0.00157008 -0.641835
bt 0.0254332 -0.999269 -0.0285292
t -0.463309 0.00128732 -0.886196
bt 0.0275506 -0.999411 -0.0204719
t -0.482289 0.0317454 -0.875437
bt 0.529279 -0.80246 -0.275538
t -0.750277 -0.0317226 -0.660362
bt 0.383519 -0.802455 -0.457143
t -0.750279 -0.0317205 -0.660361
bt 0.496408 -0.79298 -0.353217
t -0.482289 0.0317456 -0.875437
bt 0.563094 -0.800105 -0.20678
t -0.470736 -0.0170848 -0.882109
bt -0.425184 -0.842242 0.331431
t -0.488401 -0.0348381 -0.871924
bt -0.607486 -0.717158 0.341533
t -0.742725 0.0330675 -0.668779
bt -0.437279 -0.713313 0.547697
t -0.758071 0.0184875 -0.65191
bt -0.314408 -0.843432 0.435626
t -0.535412 -0.0200643 -0.844353
bt -0.46202 -0.614555 0.639422
t -0.482662 -0.0294273 -0.875312
bt -0.569982 -0.698074 0.433375
t -0.754701 0.0139125 -0.655921
bt -0.451382 -0.695342 0.559245
t -0.746135 0.0365124 -0.664793
bt -0.3866 -0.619907 0.68283
t -0.363082 0.00186827 0.931755
bt 0.953337 -0.0279904 0.300608
t -0.590742 -0.00188227 0.806858
bt 0.765748 -0.0279638 0.642532
t -0.590726 -0.00188286 0.80687
bt 0.846421 -0.0276968 0.531794
t -0.363082 0.00186827 0.931755
bt 0.953337 -0.0279904 0.300608
t -0.331937 0.0331448 0.942719
bt 0.674366 -0.707115 0.212647
t -0.616693 -0.0331003 0.786508
bt 0.54166 -0.707113 0.454527
t -0.6167 -0.0330919 0.786503
bt 0.649594 -0.695311 0.307523
t -0.331934 0.0331413 0.94272
bt 0.698925 -0.704186 0.125002
t -0.490583 0.0331491 -0.870764
bt 0.62707 -0.707198 -0.326579
t -0.743896 -0.0330966 -0.667476
bt 0.454325 -0.707025 -0.541945
t -0.743898 -0.0330932 -0.667473
bt 0.586293 -0.695241 -0.415814
t -0.49058 0.0331458 -0.870765
bt 0.666501 -0.704274 -0.244487
t -0.461719 0 -0.887026
bt 0 -1 0
t -0.766018 0 -0.642819
bt 0 -1 0
t -0.766018 0 -0.642819
bt 0 -1 0
t -0.461719 0 -0.887026
bt 0 -1 0
t -0.461806 -0.00255854 -0.886977
bt -0.0341974 -0.999255 0.0178992
t -0.765995 0.00255852 -0.642842
bt -0.0247619 -0.999255 0.0296103
t -0.765995 0.0025585 -0.642842
bt -0.0322741 -0.999207 0.0233048
t -0.461857 -0.00255676 -0.886951
bt -0.0364885 -0.999243 0.0135043
t -0.489196 -0.033082 -0.871546
bt -0.611625 -0.724257 0.318382
t -0.74498 0.033042 -0.666268
bt -0.443119 -0.724285 0.528259
t -0.745012 0.0330913 -0.66623
bt -0.511004 -0.721258 0.467612
t -0.489197 -0.0330839 -0.871545
bt -0.650172 -0.721402 0.238443
t -0.489196 0.0330829 -0.871546
bt 0.611625 -0.724257 -0.318382
t -0.745012 -0.0330918 -0.66623
bt 0.443139 -0.724254 -0.528284
t -0.74498 -0.033042 -0.666268
bt 0.572074 -0.712801 -0.405766
t -0.489195 0.0330809 -0.871547
bt 0.650173 -0.721402 -0.238439
t -0.764458 -0.00131987 -0.644672
bt -0.00169925 -0.999592 -0.0285055
t -0.4589 0.00234637 -0.888485
bt -0.00161966 -0.999595 -0.0284093
t -0.463165 -0.006336 -0.886249
bt -0.152096 -0.984641 0.0857194
t -0.765538 0.00655757 -0.643357
bt -0.109802 -0.984362 0.137749
t -0.766021 -0.00138424 -0.642814
bt 0.0278782 -0.999368 -0.022034
t -0.461849 0.00138545 -0.886957
bt 0.0336567 -0.999374 -0.0109305
t -0.461871 -0.00365757 -0.88694
bt -0.0489687 -0.998475 0.0254756
t -0.765924 0.00365545 -0.642921
bt -0.0355307 -0.998475 0.0422437
t -0.765924 0.00365576 -0.642921
bt -0.0462777 -0.998376 0.0332192
t -0.461871 -0.00365749 -0.88694
bt -0.0522052 -0.998451 0.0192547
t -0.363102 -0.00186887 0.931747
bt -0.953337 -0.0279904 -0.300608
t -0.590725 0.00188287 0.806871
bt -0.765748 -0.0279638 -0.642532
t -0.590742 0.00188227 0.806858
bt -0.906287 -0.0269978 -0.421799
t -0.363094 -0.00186863 0.931751
bt -0.984296 -0.0277562 -0.174332
t -0.867061 -0.032237 0.497157
bt 0.361723 -0.62176 0.694673
t -0.673046 0.03222 0.738899
bt 0.599854 -0.621782 0.503551
t -0.673048 0.0322231 0.738896
bt 0.457737 -0.608967 0.647794
t -0.867061 -0.0322382 0.497158
bt 0.270308 -0.618587 0.737756
t -0.886929 0.00350329 0.461893
bt -0.0244238 -0.9986 -0.0469227
t -0.642916 -0.00350301 0.765929
bt -0.0405336 -0.9986 -0.0339893
t -0.642916 -0.00350337 0.765928
bt -0.0318216 -0.998508 -0.0443647
t -0.886929 0.00350329 0.461893
bt -0.0184823 -0.998578 -0.0500142
t -0.868534 0.0327953 0.494543
bt -0.348058 -0.657296 -0.668444
t -0.670805 -0.0327987 0.740908
bt -0.577302 -0.657254 -0.484499
t -0.670804 -0.0327971 0.740909
bt -0.441492 -0.644736 -0.62402
t -0.868534 0.0327952 0.494543
bt -0.260242 -0.654192 -0.710145
t -0.883485 -0.020574 0.468008
bt 0.151764 -0.944402 0.291674
t -0.648124 0.0205803 0.761257
bt 0.25189 -0.944407 0.211297
t -0.648125 0.0205838 0.761256
bt 0.196931 -0.941064 0.274986
t -0.883485 -0.0205745 0.468008
bt 0.114358 -0.943565 0.310819
t -0.883484 0.0205779 0.468009
bt -0.151764 -0.944402 -0.291674
t -0.657874 -0.0616364 0.750601
bt -0.251924 -0.944392 -0.211325
t -0.657873 -0.0616313 0.750603
bt -0.168978 -0.936881 -0.306104
t -0.883484 0.0205775 0.468009
bt -0.114367 -0.943565 -0.310814
t -0.886107 -0.0107434 0.463357
bt 0.0759408 -0.986393 0.145813
t -0.644113 0.0107526 0.764855
bt 0.125912 -0.986393 0.105716
t -0.644113 0.0107533 0.764855
bt 0.0988675 -0.985524 0.137721
t -0.886107 -0.0107441 0.463357
bt 0.0573232 -0.986177 0.155465
t -0.884811 0.0126606 0.465778
bt -0.191451 -0.940218 -0.281667
t -0.878627 0.0289912 0.476628
bt -0.234373 -0.861579 -0.45028
t -0.655503 -0.0289885 0.754636
bt -0.388911 -0.861542 -0.326334
t -0.646211 -0.0126811 0.763053
bt -0.259382 -0.940929 -0.217653
t -0.64373 -0.00928191 0.765196
bt -0.0850057 -0.989323 -0.118377
t -0.886364 0.00927708 0.462897
bt -0.0492511 -0.989806 -0.133637
t -0.803822 0.0821217 0.589175
bt -0.405949 -0.47655 -0.779811
t -0.680878 -0.0277757 0.73187
bt -0.673471 -0.476542 -0.565106
t -0.68087 -0.0277662 0.731878
bt -0.509666 -0.464095 -0.72447
t -0.803822 0.0821217 0.589175
bt -0.405949 -0.47655 -0.779811
t -0.858845 0.0224703 0.511742
bt -0.429841 -0.365287 -0.825713
t -0.685474 -0.0225482 0.727748
bt -0.713093 -0.365333 -0.598356
t -0.685487 -0.0225553 0.727735
bt -0.537078 -0.354543 -0.765406
t -0.858842 0.0224723 0.511747
bt -0.319766 -0.362618 -0.875362
t -0.667231 0.03147 0.744185
bt 0.506674 -0.727565 0.462527
t -0.871904 -0.0339227 0.4885
bt 0.229029 -0.720012 0.655079
t -0.870981 -0.0319438 0.490276
bt 0.450902 -0.715124 0.534121
t -0.664354 0.0351371 0.746592
bt 0.506704 -0.727527 0.462553
t -0.886941 0.00216358 0.461877
bt -0.0217966 -0.998507 -0.050094
t -0.642862 -0.00217413 0.765979
bt -0.0396533 -0.998497 -0.0378419
t -0.643791 -0.0014685 0.7652
bt -0.0189249 -0.999142 -0.0368339
t -0.88732 0.00166541 0.461152
bt -0.0115823 -0.999121 -0.0402976
t -0.875436 0.0317473 0.48229
bt -0.343866 -0.800015 -0.491663
t -0.875439 0.0317393 0.482285
bt -0.275419 -0.80246 -0.529342
t -0.660359 -0.0317174 0.75028
bt -0.457074 -0.802455 -0.383601
t -0.660359 -0.0317174 0.75028
bt -0.457074 -0.802455 -0.383601
t -0.871047 -0.031686 0.490177
bt 0.31661 -0.710772 0.628141
t -0.70981 0.0997138 0.697299
bt 0.525751 -0.713288 0.463473
t -0.651261 0.0181897 0.758636
bt 0.34927 -0.84044 0.414332
t -0.881655 -0.017303 0.471578
bt 0.219621 -0.842233 0.492352
t -0.845869 -0.0250664 0.532801
bt 0.566416 -0.61243 0.551455
t -0.873389 -0.0260632 0.486325
bt 0.422352 -0.686966 0.591352
t -0.654665 0.0157837 0.755755
bt 0.562578 -0.692826 0.451108
t -0.718394 0.0846629 0.690465
bt 0.587977 -0.627171 0.510823
t -0.931748 0.00186879 -0.3631
bt -0.300592 -0.0279904 0.953342
t -0.80686 -0.00188235 -0.59074
bt -0.642567 -0.0279638 0.765719
t -0.806858 -0.00188226 -0.590743
bt -0.421802 -0.0269978 0.906286
t -0.93175 0.00186871 -0.363097
bt -0.174325 -0.0277562 0.984297
t -0.914798 0.0984778 -0.391722
bt -0.212449 -0.707067 0.674478
t -0.786479 -0.0331404 -0.616727
bt -0.454326 -0.707025 0.541945
t -0.786517 -0.0330825 -0.616682
bt -0.30735 -0.695157 0.649841
t -0.94272 0.0331427 -0.331935
bt -0.124846 -0.704176 0.698963
t -0.870745 0.0331155 0.490618
bt -0.326379 -0.707104 -0.627281
t -0.667438 -0.0331442 0.743927
bt -0.541661 -0.707113 -0.454526
t -0.667434 -0.0331385 0.743931
bt -0.415507 -0.695276 -0.586468
t -0.870745 0.0331158 0.490618
bt -0.244278 -0.704159 -0.666699
t -0.887026 0 0.461719
bt 0 -1 0
t -0.642819 0 0.766018
bt 0 -1 0
t -0.642819 0 0.766018
bt 0 -1 0
t -0.887026 0 0.461719
bt 0 -1 0
t -0.886977 -0.00255877 0.461806
bt 0.0178126 -0.999255 0.0342424
t -0.642842 0.00255775 0.765995
bt 0.029553 -0.999255 0.0248301
t -0.642842 0.00255808 0.765995
bt 0.0232163 -0.999206 0.0323795
t -0.886951 -0.00255634 0.461857
bt 0.0134476 -0.999242 0.0365181
t -0.871545 -0.0330841 0.489197
bt 0.31834 -0.724257 0.611647
t -0.666229 0.0330908 0.745012
bt 0.528193 -0.724254 0.443248
t -0.666232 0.0330949 0.74501
bt 0.405746 -0.712755 0.572146
t -0.871546 -0.0330828 0.489196
bt 0.238391 -0.721399 0.650195
t -0.871543 0.0330882 0.489201
bt -0.397659 -0.721263 -0.567139
t -0.871546 0.0330828 0.489196
bt -0.31834 -0.724257 -0.611647
t -0.666228 -0.0330888 0.745014
bt -0.528193 -0.724254 -0.443248
t -0.666228 -0.0330888 0.745014
bt -0.528193 -0.724254 -0.443248
t -0.886364 0.0017455 0.462985
bt -0.00299901 -0.999581 -0.0287787
t -0.640919 -0.00142505 0.767608
bt -0.00320026 -0.99959 -0.0284571
t -0.886527 -0.00708275 0.462622
bt 0.0796926 -0.984172 0.158285
t -0.644055 0.00724219 0.764945
bt 0.132055 -0.984362 0.116588
t -0.643016 -0.0069154 0.765822
bt -0.0224482 -0.999373 -0.0273847
t -0.887021 0.00138216 0.461726
bt -0.0114218 -0.999384 -0.0331737
t -0.88694 -0.0036581 0.461871
bt 0.0254859 -0.998475 0.0489633
t -0.642921 0.00365582 0.765924
bt 0.0423226 -0.998475 0.0354367
t -0.642921 0.00365527 0.765924
bt 0.033226 -0.998376 0.0462697
t -0.88694 -0.00365796 0.461871
bt 0.0192444 -0.998451 0.0522105
t -0.931751 -0.00186862 -0.363094
bt 0.300592 -0.0279904 -0.953342
t -0.806858 0.00188226 -0.590743
bt 0.642568 -0.0279638 -0.765719
t -0.80686 0.00188235 -0.59074
bt 0.421802 -0.0269978 -0.906286
t -0.93175 -0.0018687 -0.363097
bt 0.174325 -0.0277562 -0.984297
t 0.867059 -0.0322412 -0.497162
bt -0.36156 -0.62176 -0.694758
t 0.673049 0.0322238 -0.738896
bt -0.599954 -0.621782 -0.503431
t 0.673047 0.0322216 -0.738897
bt -0.457678 -0.608957 -0.647845
t 0.86706 -0.0322401 -0.49716
bt -0.270127 -0.618575 -0.737832
t 0.886929 0.00350327 -0.461893
bt 0.0244238 -0.9986 0.0469227
t 0.642916 -0.00350972 -0.765928
bt 0.040645 -0.998595 0.0340117
t 0.642916 -0.00350982 -0.765928
bt 0.0319097 -0.998503 0.0444149
t 0.886929 0.0035034 -0.461893
bt 0.0183873 -0.998577 0.0500636
t 0.868535 0.0327939 -0.494541
bt 0.347986 -0.657296 0.668482
t 0.670803 -0.0327916 -0.74091
bt 0.577316 -0.657304 0.484415
t 0.670805 -0.0327933 -0.740909
bt 0.441442 -0.644785 0.624004
t 0.868536 0.0327928 -0.49454
bt 0.260222 -0.654191 0.710154
t 0.883484 -0.0205756 -0.468008
bt -0.151756 -0.944402 -0.291678
t 0.648075 0.0206062 -0.761298
bt -0.251905 -0.9444 -0.21131
t 0.657874 0.0616345 -0.750602
bt -0.168949 -0.936876 -0.306135
t 0.883484 -0.0205758 -0.468009
bt -0.114329 -0.943563 -0.310833
t 0.883484 0.0205789 -0.468009
bt 0.151756 -0.944402 0.291678
t 0.657874 -0.0616345 -0.750602
bt 0.251924 -0.944392 0.211325
t 0.657873 -0.0616298 -0.750603
bt 0.168968 -0.93688 0.306115
t 0.883484 0.0205787 -0.468009
bt 0.114338 -0.943564 0.310829
t 0.886107 -0.0107433 -0.463357
bt -0.0758746 -0.986393 -0.145848
t 0.644113 0.0107531 -0.764855
bt -0.125999 -0.986393 -0.105612
t 0.644113 0.0107535 -0.764855
bt -0.0988442 -0.985523 -0.137749
t 0.886107 -0.0107421 -0.463356
bt -0.0572492 -0.986175 -0.155503
t 0.884811 0.0126581 -0.465778
bt 0.191513 -0.940216 0.281633
t 0.878629 0.0289857 -0.476625
bt 0.234359 -0.861579 0.450287
t 0.655503 -0.0289886 -0.754636
bt 0.389021 -0.861542 0.326203
t 0.646211 -0.0126762 -0.763054
bt 0.259361 -0.940961 0.217544
t 0.64373 -0.00927644 -0.765196
bt 0.084934 -0.989338 0.11831
t 0.886364 0.00927479 -0.462897
bt 0.0492918 -0.989807 0.133616
t 0.861891 0.0277669 -0.506332
bt 0.405946 -0.476508 0.779839
t 0.680876 -0.027774 -0.731872
bt 0.673473 -0.476542 0.565103
t 0.680873 -0.027772 -0.731875
bt 0.509676 -0.464049 0.724492
t 0.86189 0.0277683 -0.506334
bt 0.302472 -0.473421 0.827274
t 0.858847 0.0224691 -0.51174
bt 0.429826 -0.365287 0.825721
t 0.685485 -0.0225542 -0.727737
bt 0.713109 -0.365333 0.598337
t 0.68549 -0.0225571 -0.727732
bt 0.537075 -0.354543 0.765408
t 0.858853 0.0225204 -0.511727
bt 0.319753 -0.362699 0.875333
t 0.872874 -0.0318032 -0.486908
bt -0.464048 -0.74745 -0.475371
t 0.873923 -0.0338141 -0.484886
bt -0.3137 -0.761345 -0.567403
t 0.665674 0.0306355 -0.745613
bt -0.519561 -0.756584 -0.397034
t 0.662439 0.0344306 -0.748324
bt -0.572252 -0.751893 -0.327392
t 0.886956 0.00222901 -0.461849
bt 0.0218889 -0.998415 0.0518521
t 0.642916 -0.00221756 -0.765934
bt 0.0397133 -0.998425 0.0396373
t 0.641838 -0.000788664 -0.76684
bt 0.013971 -0.999815 0.0132228
t 0.886693 0.000632874 -0.462358
bt 0.00724598 -0.999869 0.014491
t 0.875437 0.0317456 -0.482289
bt 0.343834 -0.800017 0.491682
t 0.875437 0.0317452 -0.482288
bt 0.2756 -0.80246 0.529247
t 0.660362 -0.031723 -0.750277
bt 0.457073 -0.802455 0.383602
t 0.660362 -0.031723 -0.750277
bt 0.457073 -0.802455 0.383602
t 0.881765 -0.0183859 -0.471331
bt -0.294811 -0.853657 -0.429367
t 0.872298 -0.0336952 -0.487813
bt -0.322305 -0.73337 -0.598572
t 0.666246 0.0309893 -0.745088
bt -0.534148 -0.73058 -0.425369
t 0.650582 0.0163429 -0.75926
bt -0.42418 -0.853172 -0.303595
t 0.844325 -0.0214773 -0.5354
bt -0.622698 -0.597416 -0.505314
t 0.874416 -0.0284132 -0.484344
bt -0.461323 -0.683488 -0.565707
t 0.65815 0.0158053 -0.752721
bt -0.54832 -0.685885 -0.478442
t 0.668724 0.0311511 -0.742858
bt -0.642395 -0.609547 -0.464523
t 0.931748 0.00186885 0.363102
bt 0.300565 -0.0279904 -0.953351
t 0.806862 -0.00188248 0.590737
bt 0.642567 -0.0279638 -0.765719
t 0.806858 -0.00188226 0.590743
bt 0.421784 -0.0269976 -0.906294
t 0.931748 0.00186885 0.363102
bt 0.300565 -0.0279904 -0.953351
t 0.942721 0.0331396 0.331932
bt 0.212654 -0.707115 -0.674364
t 0.786502 -0.0330902 0.616701
bt 0.454298 -0.707113 -0.541852
t 0.786503 -0.0330928 0.616699
bt 0.307403 -0.695292 -0.64967
t 0.942721 0.0331406 0.331933
bt 0.12492 -0.704181 -0.698945
t 0.870745 0.0331155 -0.490618
bt 0.326568 -0.707104 0.627182
t 0.667434 -0.0331379 -0.743932
bt 0.541462 -0.707113 0.454763
t 0.667434 -0.0331385 -0.743931
bt 0.415522 -0.695279 0.586454
t 0.870745 0.0331158 -0.490618
bt 0.244477 -0.704173 0.666612
t 0.887026 0 -0.461719
bt 0 -1 0
t 0.642819 0 -0.766018
bt 0 -1 0
t 0.642819 0 -0.766018
bt 0 -1 0
t 0.887026 0 -0.461719
bt 0 -1 0
t 0.886977 -0.00255826 -0.461806
bt -0.0178127 -0.999255 -0.0342424
t 0.642842 0.00255899 -0.765995
bt -0.029595 -0.999255 -0.0247801
t 0.642842 0.00255871 -0.765995
bt -0.0232303 -0.999206 -0.0323628
t 0.886977 -0.00255842 -0.461806
bt -0.013429 -0.999243 -0.0365238
t 0.871545 -0.0330838 -0.489197
bt -0.318449 -0.724257 -0.61159
t 0.666275 0.0330523 -0.744973
bt -0.528199 -0.724285 -0.44319
t 0.666269 0.033044 -0.744979
bt -0.405778 -0.712803 -0.572063
t 0.871545 -0.0330838 -0.489197
bt -0.318449 -0.724257 -0.61159
t 0.87155 0.0330741 -0.489189
bt 0.397699 -0.72126 0.567115
t 0.871545 0.0330838 -0.489197
bt 0.318449 -0.724257 0.61159
t 0.666274 -0.0330504 -0.744975
bt 0.528199 -0.724285 0.44319
t 0.666274 -0.0330504 -0.744975
bt 0.528199 -0.724285 0.44319
t 0.644724 0.00121037 -0.764414
bt -0.0018973 -0.999628 -0.027215
t 0.887546 -0.00500483 -0.460692
bt -0.00199975 -0.99963 -0.0271273
t 0.886377 -0.00687471 -0.462913
bt -0.0797364 -0.985783 -0.147895
t 0.643333 0.00641618 -0.76556
bt -0.132341 -0.985607 -0.105186
t 0.64276 -0.0014065 -0.766067
bt 0.0224183 -0.999351 0.0282007
t 0.886957 0.00140532 -0.461849
bt 0.0114033 -0.999358 0.0339738
t 0.88694 -0.00365772 -0.461871
bt -0.025531 -0.998475 -0.0489399
t 0.642921 0.00365604 -0.765924
bt -0.0423151 -0.998475 -0.0354457
t 0.642921 0.00365599 -0.765924
bt -0.0332595 -0.998377 -0.0462298
t 0.88694 -0.00365785 -0.461871
bt -0.0192745 -0.998451 -0.0521949
t 0.931753 -0.00186845 0.363088
bt -0.300565 -0.0279904 0.953351
t 0.806854 0.00188211 0.590747
bt -0.642568 -0.0279638 0.765719
t 0.806859 0.00188232 0.590741
bt -0.421785 -0.0269976 0.906294
t 0.931751 -0.00186858 0.363093
bt -0.174317 -0.0277561 0.984298
t 0.815322 -0.0954501 0.571086
bt 0.442702 -0.756581 -0.481248
t 0.953684 -0.00222935 0.300801
bt -0.0125511 -0.998415 0.0548658
t 0.934035 0.01596 0.356824
bt 0.458555 -0.60739 -0.648695
t 0.94908 0.0269379 0.313883
bt 0.223926 -0.695322 -0.682924
t -0.778224 -0.0616288 -0.624956
bt -0.211358 -0.944392 0.251896
t -0.778224 -0.0616288 -0.624956
bt -0.211358 -0.944392 0.251896
t -0.914798 -0.0984782 -0.391722
bt 0.212448 -0.707067 -0.674479
t -0.624956 0.0616296 0.778224
bt -0.251924 -0.944392 -0.211325
t -0.624956 0.0616296 0.778224
bt -0.251924 -0.944392 -0.211325
t -0.381876 0.100955 0.918683
bt 0.635436 -0.733932 0.239927
t -0.560048 -0.0989855 0.822525
bt 0.525751 -0.713288 0.463473
t -0.556023 -0.085999 0.826706
bt 0.587977 -0.627171 0.510823
t -0.64261 0.00691891 0.766162
bt -0.0271315 -0.999394 -0.0218054
t 0.624956 -0.0616288 -0.778224
bt -0.251924 -0.944392 -0.211325
t 0.624956 0.0616296 -0.778224
bt 0.251924 -0.944392 0.211325
t 0.624956 0.0616296 -0.778224
bt 0.251924 -0.944392 0.211325
t 0.300855 -0.00700081 -0.953644
bt 0.0310926 -0.999346 0.0184439
t 0.236708 0.0821042 0.968105
bt -0.875808 -0.476539 0.0766247
t 0.236708 0.0821042 0.968105
bt -0.875808 -0.476539 0.0766247
t 0.376446 0.0999863 0.921027
bt 0.619689 -0.726493 -0.296974
t 0.188559 -0.0270296 0.98169
bt 0.685375 -0.565904 -0.458272
t -0.320493 -0.0820492 -0.943691
bt 0.779826 -0.47655 -0.405921
t -0.320505 -0.0820428 -0.943687
bt 0.88973 -0.448754 -0.0836715
t -0.229858 -0.020225 -0.973014
bt -0.577645 -0.598787 0.55478
t -0.0874824 -0.00767188 -0.996137
bt -0.038454 -0.999255 0.00337647
t -0.458813 -0.00226789 -0.88853
bt -0.00146085 -0.999604 -0.028102
t -0.968106 0.0821025 0.236705
bt -0.0766198 -0.476539 -0.875808
t -0.94369 -0.082048 0.320495
bt -0.405949 -0.47655 -0.779811
t -0.943691 -0.0820507 0.32049
bt -0.0836715 -0.448754 -0.88973
t -0.968106 0.0821025 0.236705
bt -0.0766198 -0.476539 -0.875808
t -0.981637 -0.0265906 0.188896
bt 0.474521 -0.586782 0.656138
t -0.974044 -0.0984678 -0.203822
bt -0.21245 -0.707067 0.674478
t 0.998394 0.0322535 -0.0465803
bt -0.0682134 -0.621768 -0.780225
t 0.998394 0.0322535 -0.0465803
bt -0.0682134 -0.621768 -0.780225
t 0.996208 -0.00350691 -0.0869366
bt 0.00446713 -0.998595 0.0528115
t 0.996208 -0.00350691 -0.0869366
bt 0.00446713 -0.998595 0.0528115
t 0.998231 -0.0328189 -0.0495832
bt 0.0658274 -0.65721 0.750828
t 0.998231 -0.0328189 -0.0495832
bt 0.0658274 -0.65721 0.750828
t 0.996583 0.0205806 -0.0799863
bt -0.0285385 -0.944399 -0.327561
t 0.996583 0.0205806 -0.0799863
bt -0.0285385 -0.944399 -0.327561
t 0.996584 -0.0205814 -0.079986
bt 0.0285386 -0.944399 0.327561
t 0.996584 -0.0205814 -0.079986
bt 0.0285386 -0.944399 0.327561
t 0.996289 0.0107563 -0.0853935
bt -0.0142548 -0.986393 -0.163787
t 0.996289 0.0107563 -0.0853935
bt -0.0142548 -0.986393 -0.163787
t 0.997118 -0.0289926 -0.070102
bt 0.0441924 -0.861546 0.505753
t 0.996503 -0.0126709 -0.0825969
bt 0.0294772 -0.940937 0.337296
t 0.996265 -0.00927688 -0.0858518
bt 0.0123176 -0.989967 0.140762
t 0.998967 -0.0277053 -0.0360235
bt 0.0766218 -0.476497 0.875831
t 0.998967 -0.0277053 -0.0360235
bt 0.0766218 -0.476497 0.875831
t 0.999302 -0.0224679 -0.0298507
bt 0.0811479 -0.365285 0.927352
t 0.999302 -0.0224679 -0.0298507
bt 0.0811479 -0.365285 0.927352
t 0.980876 -0.0972963 -0.168569
bt -0.316607 -0.736136 -0.598218
t 0.980876 -0.097295 -0.168568
bt -0.0563191 -0.76305 -0.643881
t 0.996183 0.00223293 -0.0872663
bt 0.00490981 -0.998419 0.0559864
t 0.996199 -0.000608451 -0.0871007
bt 0.00132933 -0.999884 0.0151418
t 0.997474 -0.0317025 -0.0635583
bt 0.0519459 -0.802411 0.594506
t 0.997474 -0.0317025 -0.0635583
bt 0.0519459 -0.802411 0.594506
t 0.99785 0.0331537 -0.0565353
bt -0.059174 -0.73431 -0.67623
t 0.996908 0.0174964 -0.0766082
bt 0.0358473 -0.853117 -0.520487
t 0.978677 -0.0221603 -0.204207
bt -0.537145 -0.578504 -0.613847
t 0.996043 -0.0135619 -0.0878351
bt -0.253266 -0.687171 -0.68092
t 0.988251 -0.00187746 -0.152826
bt -0.222528 -0.0276372 -0.974535
t 0.988252 -0.00187735 -0.152822
bt -0.0871152 -0.0279037 -0.995807
t 0.992217 -0.0331348 -0.120034
bt -0.061764 -0.707101 -0.70441
t 0.992217 -0.0331348 -0.120034
bt -0.061764 -0.707101 -0.70441
t 0.99799 -0.0330969 -0.0540484
bt 0.0617647 -0.707101 0.70441
t 0.99799 -0.0330969 -0.0540484
bt 0.0617647 -0.707101 0.70441
t 0.996191 0 -0.0872004
bt 0 -1 0
t 0.996191 0 -0.0872004
bt 0 -1 0
t 0.996199 0.00256455 -0.0870684
bt -0.0033746 -0.999251 -0.0385506
t 0.996199 0.00256464 -0.0870639
bt -0.00337494 -0.999251 -0.0385544
t 0.997901 0.0330639 -0.0556772
bt -0.148317 -0.721358 -0.676495
t 0.997901 0.0330614 -0.0556796
bt -0.0601734 -0.724221 -0.686938
t 0.997901 -0.0330565 -0.0556797
bt 0.0601689 -0.724271 0.686886
t 0.997901 -0.0330565 -0.0556797
bt 0.0601689 -0.724271 0.686886
t 0.88768 0.00491343 -0.460435
bt -0.00232336 -0.999634 -0.0269595
t 0.9962 0.00179435 -0.0870822
bt -0.00237676 -0.99963 -0.0270967
t 0.996271 0.00647105 -0.0860347
bt -0.0146021 -0.985855 -0.166963
t 0.996198 -0.00140731 -0.0871046
bt 0.00308439 -0.999373 0.0352641
t 0.996208 0.00365317 -0.0869321
bt -0.0048391 -0.998475 -0.0549863
t 0.996208 0.00365317 -0.0869321
bt -0.0048391 -0.998475 -0.0549863
t 0.988252 0.00187735 -0.152822
bt 0.0871102 -0.0279037 0.995808
t 0.988252 0.00187735 -0.152822
bt 0.0871102 -0.0279037 0.995808
t 0.956966 -0.0186183 0.289603
bt 0.253239 -0.83122 -0.494918
t 0.997005 0.0182448 -0.0751598
bt -0.0479002 -0.835489 -0.547416
t 0.996043 -0.0135619 -0.0878351
bt -0.253266 -0.687171 -0.68092
t -0.996496 0.0126327 0.0826861
bt -0.0427619 -0.93908 0.341029
t -0.99708 0.0187496 0.0740296
bt 0.00145321 -0.81662 0.577173
t -0.957539 -0.018412 -0.287715
bt -0.164769 -0.818277 0.550704
t -0.954859 -0.0127055 -0.296787
bt -0.0905982 -0.942089 0.322892
t -0.295773 -0.0117964 0.955185
bt 0.296715 -0.945866 0.131517
t 0.0843308 0.0122262 0.996363
bt 0.315761 -0.948775 0.0110003
t 0.0734061 0.0176765 0.997146
bt 0.567369 -0.817923 0.0953662
t -0.289365 -0.0193242 0.957024
bt 0.506642 -0.81854 0.270751
t 0.287792 -0.0176604 -0.95753
bt -0.557986 -0.826274 -0.0769627
t 0.298204 -0.0119096 -0.954428
bt -0.301494 -0.951772 -0.056846
t -0.0821563 0.0114741 -0.996553
bt -0.309055 -0.948775 0.0656639
t -0.0757782 0.0193522 -0.996937
bt -0.554674 -0.825076 0.107638
t 0.465951 -0.0111898 0.88474
bt 0.287042 -0.951773 -0.108326
t 0.764258 0.0115502 0.644807
bt 0.214165 -0.954397 -0.207988
t 0.757482 0.0177459 0.652615
bt 0.458904 -0.824804 -0.33031
t 0.471649 -0.0191741 0.881578
bt 0.541239 -0.82523 -0.161416
t -0.473933 -0.0178431 -0.88038
bt -0.458446 -0.819585 0.343668
t -0.464515 -0.0124982 -0.885477
bt -0.26938 -0.945863 0.181043
t -0.762699 0.0121208 -0.646639
bt -0.189151 -0.943485 0.272135
t -0.75796 0.0192081 -0.652018
bt -0.327585 -0.819116 0.47089
t -0.884689 -0.0124193 0.466017
bt 0.14529 -0.942091 0.30225
t -0.645463 0.012679 0.763686
bt 0.23354 -0.943476 0.235187
t -0.653206 0.0180795 0.756964
bt 0.346064 -0.812561 0.469026
t -0.880905 -0.0190125 0.472911
bt 0.18135 -0.81475 0.550721
t 0.881004 -0.0179406 -0.472769
bt -0.284536 -0.834296 -0.472217
t 0.885602 -0.0112546 -0.46431
bt -0.120562 -0.956328 -0.266274
t 0.646049 0.0110257 -0.763216
bt -0.247029 -0.954397 -0.167641
t 0.651276 0.018963 -0.758604
bt -0.457454 -0.831708 -0.314639
t 0.997005 0.0182448 -0.0751598
bt -0.0479002 -0.835489 -0.547416
t 0.996421 0.0110361 -0.0838075
bt -0.0252695 -0.957028 -0.288894
t 0.996367 -0.00386196 0.0850734
bt -0.139899 -0.640434 -0.755164
t -0.996273 0.00972537 0.0857077
bt -0.0203781 -0.98839 0.150563
t -0.953864 -0.00976276 -0.30008
bt -0.0378946 -0.989114 0.14219
t -0.29758 -0.00875439 0.954657
bt 0.126525 -0.990341 0.0567033
t 0.088193 0.00892504 0.996063
bt 0.132231 -0.991202 0.0058568
t 0.30163 -0.00846548 -0.953387
bt -0.123763 -0.992063 -0.022202
t -0.0838348 0.0083224 -0.996445
bt -0.129202 -0.991202 0.0287412
t 0.464373 -0.00794841 0.885604
bt 0.118032 -0.992063 -0.0433498
t 0.76642 0.00803594 0.642289
bt 0.0859964 -0.992805 -0.0833289
t -0.461097 -0.00932706 -0.887301
bt -0.114749 -0.990343 0.0778055
t -0.762112 0.0279671 -0.646841
bt -0.0827292 -0.989601 0.117668
t -0.885919 -0.00950916 0.463743
bt 0.0471554 -0.988864 0.141151
t -0.642663 0.00962609 0.766088
bt 0.101897 -0.989602 0.101512
t 0.886976 -0.00770315 -0.461751
bt -0.0443022 -0.993269 -0.107019
t 0.644663 0.00764826 -0.764429
bt -0.0991538 -0.992805 -0.0671346
t -0.767389 -0.0284263 -0.640551
bt -0.0827292 -0.989601 0.117668
t 0.99624 0.00751673 -0.0863073
bt -0.0099263 -0.993469 -0.113666
t 0.953745 0.00210573 0.300609
bt -0.0123987 -0.998588 0.051661
t 0.996205 -0.00210362 -0.087011
bt 0.00462144 -0.998595 0.052798
t -0.996205 -0.00204406 0.0870102
bt -0.000582795 -0.998665 -0.051644
t -0.953752 0.00204505 -0.300588
bt 0.0191196 -0.998666 -0.0479682
t 0.0870102 -0.00203235 0.996205
bt -0.0513722 -0.99868 0.000255688
t -0.300588 0.00204115 0.953752
bt -0.0477554 -0.998669 -0.0194627
t -0.0870102 -0.00203178 -0.996205
bt 0.0513198 -0.998682 -0.000856276
t 0.300588 0.00202926 -0.953752
bt 0.0476384 -0.998687 0.0188391
t 0.300339 0.00699283 -0.953807
bt 0.0336579 -0.99938 0.0103221
t 0.76566 -0.0101305 0.643165
bt -0.0329499 -0.998698 0.0389321
t 0.462195 0.0101504 0.88672
bt -0.0454595 -0.998693 0.0233469
t -0.765978 -0.00204662 -0.642863
bt 0.0359461 -0.998666 -0.0370685
t -0.462194 0.0102105 -0.88672
bt 0.0454651 -0.998678 -0.0239841
t -0.643016 -0.00691541 0.765822
bt -0.0139111 -0.999198 -0.037554
t -0.642863 -0.00204641 0.765978
bt -0.036794 -0.998664 -0.0362731
t -0.886966 0.00204686 0.46183
bt -0.0201984 -0.998665 -0.0475476
t 0.642918 -0.00202309 -0.765932
bt 0.0366836 -0.998692 0.0356236
t 0.886991 0.00202974 -0.461783
bt 0.020174 -0.998691 0.046993
t 0.766361 0.0101302 0.642331
bt -0.0329499 -0.998698 0.0389321
t -0.64261 0.00691891 0.766162
bt -0.0265248 -0.999394 -0.0225346
t 0.300855 -0.00700081 -0.953644
bt 0.027755 -0.999193 0.0290271
t 0.461226 -0.0101481 0.887225
bt -0.0454595 -0.998693 0.0233469
t -0.461226 -0.0102087 -0.887224
bt 0.0454651 -0.998678 -0.0239841
t 0.996205 -0.00201995 -0.0870102
bt 0.00443754 -0.998704 0.0507066
t -0.996205 -0.00209128 0.087011
bt -0.000440526 -0.998602 -0.0528628
t -0.953745 0.00209397 -0.300609
bt 0.0198425 -0.998602 -0.049
t 0.0871108 -0.00210099 0.996196
bt -0.0529552 -0.998597 0.000528488
t -0.300516 0.00209246 0.953774
bt -0.0491258 -0.998597 -0.0197818
t -0.087011 -0.00209545 -0.996205
bt 0.0529682 -0.998596 -0.000380653
t 0.300609 0.00210239 -0.953745
bt 0.0491776 -0.998591 0.0199427
t 0.76566 -0.0101305 0.643165
bt -0.0479672 -0.998502 0.0263175
t 0.765978 -0.00210226 0.642863
bt -0.0339625 -0.9986 0.0405561
t 0.461953 0.00209489 0.886902
bt -0.0468935 -0.9986 0.0244847
t -0.765978 -0.00209415 -0.642863
bt 0.0339166 -0.99861 -0.0403343
t -0.46183 0.00209841 -0.886966
bt 0.0468644 -0.998605 -0.0243199
t -0.642863 -0.00209437 0.765978
bt -0.0404018 -0.99861 -0.0338361
t -0.886966 0.00209462 0.46183
bt -0.0243605 -0.99861 -0.0467308
t 0.642917 -0.00209834 -0.765933
bt 0.0404949 -0.9986 0.0340417
t 0.886966 0.00210613 -0.46183
bt 0.0244461 -0.998595 0.0470235
t 0.461226 -0.0101481 0.887225
bt -0.0545038 -0.998496 0.00594915
t -0.461226 -0.0102087 -0.887224
bt 0.0545134 -0.998491 -0.00658006
t 0.996205 -0.00210362 -0.087011
bt 0.00462144 -0.998595 0.052798
t 0.996183 0.00223293 -0.0872663
bt 0.00490981 -0.998419 0.0559864
t 0.782595 0.618821 0.0678643
bt -0.153245 -0.026194 0.987841
t 0.782899 0.618432 0.0679012
bt -0.154035 -0.0252058 0.987744
t 0.112631 0.993588 0.00985262
bt -0.121938 -0.0059517 0.99252
t 0.108893 0.993275 0.0393233
bt -0.12225 -0.00591071 0.992482
t -0.068061 0.6184 0.782911
bt -0.999067 0.0189948 -0.0387801
t 0.0688324 0.614115 0.786209
bt -0.999155 0.0182421 -0.0368323
t -0.00965331 0.993592 0.112616
bt -0.998171 0.00430529 -0.0603007
t 1.28547e-05 0.993561 0.113302
bt -0.998195 0.00428242 -0.0599008
t 0.204018 0.610983 -0.764903
bt -0.996194 0.0177289 -0.0853428
t -0.000216515 0.617585 -0.786504
bt -0.996302 0.0188056 -0.0838325
t -0.107236 0.984551 -0.138419
bt -0.996195 0.00668886 -0.0868928
t -0.0198629 0.990854 -0.133469
bt -0.995374 -0.00410633 -0.0959893
t -0.00616361 -0.0529848 -0.998576
bt -0.683526 -0.549262 0.480732
t 0.978677 -0.0221603 -0.204207
bt -0.537145 -0.578504 -0.613847
t 0.138793 0.00961492 0.990275
bt 0.13734 0.0396784 0.989729
t -0.116637 -0.336505 -0.93443
bt -0.139418 -0.00956676 -0.990187
t -0.121517 -0.00231979 0.992587
bt -0.122772 0.0271373 0.992064
t -0.121717 -0.00233918 0.992562
bt -0.122977 0.0271179 0.992039
t -0.793768 0.604584 -0.0664214
bt -0.00756453 -0.0999233 -0.994966
t -0.777299 0.614038 0.136979
bt -0.0117524 -0.102236 -0.994691
t -0.782595 0.618821 -0.0678658
bt 0.0885884 0.0251385 -0.995751
t -0.782899 0.618432 -0.0679028
bt 0.0893326 0.0261172 -0.995659
t 0.782595 0.618821 0.0678644
bt 0.0885884 -0.0251385 -0.995751
t 0.777299 0.614038 -0.136981
bt -0.0117524 0.102236 -0.994691
t 0.793768 0.604582 0.0664324
bt -0.00756454 0.0999233 -0.994966
t 0.782899 0.618432 0.0679012
bt 0.0893326 -0.0261172 -0.995659
t 0.116062 0.993052 -0.0194107
bt 0.120909 -0.00591011 -0.992646
t 0.112631 0.993588 0.00985208
bt 0.120606 -0.0059152 -0.992683
t 0.112723 0.993428 -0.0198578
bt -0.137235 0.0241839 -0.990243
t 0.112636 0.993438 -0.0198454
bt -0.136128 0.0240298 -0.9904

