g sponza_267
t 0.866021 -0.482975 -0.129394
bt 1.78443e-05 -0.258786 0.965935
t 0.86602 -0.482974 -0.129404
bt 1.84571e-05 -0.258787 0.965934
t 1 -3.5799e-06 9.94463e-07
bt 0 -0.258808 0.965929
t 1 -5.89913e-06 1.40466e-06
bt 0 -0.258808 0.965929
t 0.500037 -0.836498 -0.22413
bt 1.57707e-05 -0.258809 0.965928
t 0.500036 -0.836489 -0.224164
bt 1.67252e-05 -0.258811 0.965928
t 0 -0.965929 -0.258807
bt 0 -0.25882 0.965926
t 0 -0.965927 -0.258815
bt 0 -0.258818 0.965926
t -0.500035 -0.836503 -0.224116
bt -1.57379e-05 -0.258809 0.965928
t -0.500036 -0.836499 -0.224129
bt -1.58336e-05 -0.258809 0.965928
t -0.866017 -0.482965 -0.129459
bt -1.87608e-05 -0.258787 0.965934
t -0.866017 -0.482975 -0.12942
bt -1.9493e-05 -0.258787 0.965934
t -1 -5.89913e-06 1.40466e-06
bt 0 -0.258808 0.965929
t -1 -3.78392e-06 1.75827e-06
bt 0 -0.258808 0.965929
t -0.866021 0.482967 0.129424
bt 2.00051e-05 -0.258788 0.965934
t -0.86602 0.48297 0.129421
bt 1.92441e-05 -0.258787 0.965934
t -0.500037 0.83649 0.224159
bt 1.65866e-05 -0.25881 0.965928
t -0.500037 0.8365 0.224125
bt 1.55732e-05 -0.258809 0.965929
t 0 0.965937 0.258777
bt 0 -0.258817 0.965926
t 0 0.96593 0.258803
bt 0 -0.258819 0.965926
t 0.500035 0.836495 0.224145
bt -1.63657e-05 -0.25881 0.965928
t 0.500036 0.83649 0.224162
bt -1.67232e-05 -0.258811 0.965928
t 0.866017 0.482981 0.1294
bt -1.93125e-05 -0.258787 0.965934
t 0.866017 0.482972 0.129428
bt -1.82035e-05 -0.258787 0.965935
t 1 -5.89913e-06 1.40466e-06
bt 0 -0.258808 0.965929
t 1 -3.5799e-06 9.94463e-07
bt 0 -0.258808 0.965929
t 0.86602 -0.482974 -0.129404
bt 1.84571e-05 -0.258787 0.965934
t 0.86602 -0.48297 -0.129422
bt 1.93861e-05 -0.258787 0.965934
t 1 -3.90131e-06 2.21379e-06
bt 0 -0.258808 0.965929
t 1 -3.5799e-06 9.94463e-07
bt 0 -0.258808 0.965929
t 0.500036 -0.836489 -0.224164
bt 1.67252e-05 -0.258811 0.965928
t 0.500037 -0.836486 -0.224175
bt 1.58132e-05 -0.258809 0.965928
t 0 -0.965927 -0.258815
bt 0 -0.258818 0.965926
t 0 -0.965929 -0.258806
bt 0 -0.258819 0.965926
t -0.500036 -0.836499 -0.224129
bt -1.58336e-05 -0.258809 0.965928
t -0.500036 -0.836501 -0.22412
bt -1.61384e-05 -0.25881 0.965928
t -0.866017 -0.482975 -0.12942
bt -1.9493e-05 -0.258787 0.965934
t -0.866017 -0.48297 -0.129437
bt -1.86105e-05 -0.258787 0.965934
t -1 -3.78392e-06 1.75827e-06
bt 0 -0.258808 0.965929
t -1 -3.14128e-06 -6.79709e-07
bt 0 -0.258808 0.965929
t -0.86602 0.48297 0.129421
bt 1.92441e-05 -0.258787 0.965934
t -0.86602 0.48297 0.129419
bt 1.87388e-05 -0.258787 0.965934
t -0.500037 0.8365 0.224125
bt 1.55732e-05 -0.258809 0.965929
t -0.500036 0.836494 0.224145
bt 1.65702e-05 -0.25881 0.965928
t 0 0.96593 0.258803
bt 0 -0.258819 0.965926
t 0 0.965932 0.258798
bt 0 -0.258819 0.965926
t 0.500036 0.83649 0.224162
bt -1.67232e-05 -0.258811 0.965928
t 0.500036 0.83649 0.224162
bt -1.56311e-05 -0.258809 0.965929
t 0.866017 0.482972 0.129428
bt -1.82035e-05 -0.258787 0.965935
t 0.866017 0.482969 0.129442
bt -1.93863e-05 -0.258787 0.965934
t 1 -3.5799e-06 9.94463e-07
bt 0 -0.258808 0.965929
t 1 -3.90131e-06 2.21379e-06
bt 0 -0.258808 0.965929
t 0.86602 -0.48297 -0.129422
bt 1.93861e-05 -0.258787 0.965934
t 0.86602 -0.482966 -0.129437
bt 1.88884e-05 -0.258787 0.965934
t 1 -4.68203e-06 5.11469e-06
bt 0 -0.258808 0.965929
t 1 -3.90131e-06 2.21379e-06
bt 0 -0.258808 0.965929
t 0.500037 -0.836486 -0.224175
bt 1.58132e-05 -0.258809 0.965928
t 0.500037 -0.836494 -0.224146
bt 1.68529e-05 -0.258811 0.965928
t 0 -0.965929 -0.258806
bt 0 -0.258819 0.965926
t 0 -0.965933 -0.258792
bt 0 -0.258818 0.965926
t -0.500036 -0.836501 -0.22412
bt -1.61384e-05 -0.25881 0.965928
t -0.500036 -0.836491 -0.224159
bt -1.61895e-05 -0.25881 0.965928
t -0.866017 -0.48297 -0.129437
bt -1.86105e-05 -0.258787 0.965934
t -0.866017 -0.482972 -0.129429
bt -1.96103e-05 -0.258787 0.965934
t -1 -3.14128e-06 -6.79709e-07
bt 0 -0.258808 0.965929
t -1 -2.02945e-06 -4.80189e-06
bt 0 -0.258808 0.965929
t -0.86602 0.48297 0.129419
bt 1.87388e-05 -0.258787 0.965934
t -0.86602 0.482968 0.129428
bt 1.97059e-05 -0.258787 0.965934
t -0.500036 0.836494 0.224145
bt 1.65702e-05 -0.25881 0.965928
t -0.500037 0.836495 0.224143
bt 1.60365e-05 -0.25881 0.965928
t 0 0.965932 0.258798
bt 0 -0.258819 0.965926
t 0 0.965925 0.258823
bt 0 -0.258818 0.965926
t 0.500036 0.83649 0.224162
bt -1.56311e-05 -0.258809 0.965929
t 0.500036 0.836497 0.224137
bt -1.69554e-05 -0.258811 0.965928
t 0.866017 0.482969 0.129442
bt -1.93863e-05 -0.258787 0.965934
t 0.866017 0.482971 0.129433
bt -1.88851e-05 -0.258787 0.965934
t 1 -3.90131e-06 2.21379e-06
bt 0 -0.258808 0.965929
t 1 -4.68203e-06 5.11469e-06
bt 0 -0.258808 0.965929
t 0.707165 -0.682958 -0.18299
bt -0.866102 0.482837 0.12937
t 0.707165 -0.682958 -0.18299
bt -0.866102 0.482837 0.12937
t 0.707165 -0.682958 -0.18299
bt -0.866102 0.482837 0.12937
t 0 -0.965929 -0.258808
bt -0.866041 -0.482938 -0.129397
t 0.866041 0.482938 0.129397
bt -0.707124 -0.682998 -0.183
t 0 -0.965929 -0.258808
bt -0.866041 -0.482938 -0.129397
t 0 -0.965929 -0.258808
bt -0.866041 -0.482938 -0.129397
t 0.499935 -0.836555 -0.224144
bt -0.865954 0.483085 0.129436
t 0.865954 -0.483085 -0.129436
bt -0.965914 0.250044 0.0669961
t 0.343676 -0.907093 -0.243043
bt -0.711529 0.678716 0.181853
t 0.343676 -0.907093 -0.243043
bt -0.711529 0.678716 0.181853
t -2.94959e-09 -0.965929 -0.258808
bt -0.259035 0.932966 0.249949
t -0.499935 0.836555 0.224144
bt 1 0 0
t -1 0 0
bt 0.866014 0.482984 0.129409
t -0.499935 0.836555 0.224144
bt 1 0 0
t -0.499935 0.836555 0.224144
bt 1 0 0
t 0.258744 -0.933028 -0.250019
bt -0.258765 -0.933036 -0.249968
t 0.258744 -0.933035 -0.249994
bt -0.258765 -0.93303 -0.249993
t 0.258744 -0.933035 -0.249994
bt -0.258765 -0.93303 -0.249993
t 0.70702 0.683098 0.183027
bt 0.96596 0.249876 0.0669509
t 0.70702 0.683098 0.183027
bt 0.96596 0.249876 0.0669509
t 0.70702 0.683098 0.183027
bt 0.96596 0.249876 0.0669509
t 0.866432 -0.483943 -0.122857
bt 0.0199538 -0.129227 0.991414
t 0.866358 -0.483949 -0.123362
bt 0.058093 -0.161844 0.985105
t 0.999981 0.000900126 -0.00607077
bt 0.00100473 -0.1466 0.989195
t 0.999978 0.000911111 -0.00659658
bt -0.0242834 -0.13676 0.990307
t 0.500729 -0.837794 -0.21765
bt 0.0831676 -0.155913 0.984263
t 0.500609 -0.837737 -0.218146
bt 0.099626 -0.202672 0.974166
t 0.000773083 -0.967621 -0.252406
bt 0.124069 -0.209561 0.969892
t 0.000695585 -0.967481 -0.252943
bt 0.114402 -0.258108 0.959319
t -0.499303 -0.838589 -0.217865
bt 0.131744 -0.275789 0.952147
t -0.499414 -0.838408 -0.218304
bt 0.0986101 -0.313213 0.944549
t -0.865606 -0.485339 -0.123176
bt 0.104131 -0.336828 0.93579
t -0.865663 -0.485108 -0.123681
bt 0.0563361 -0.353333 0.9338
t -0.999978 -0.00249698 0.00613982
bt 0.0485953 -0.376353 0.925201
t -0.999981 -0.00224553 0.00569443
bt -0.00100294 -0.367678 0.929953
t -0.866437 0.480514 0.135621
bt -0.0199474 -0.383772 0.923212
t -0.866367 0.480774 0.135146
bt -0.0580762 -0.352362 0.93406
t -0.500731 0.834385 0.230372
bt -0.0831439 -0.357093 0.930361
t -0.500634 0.834572 0.229903
bt -0.0996054 -0.311548 0.944996
t -0.000778023 0.964193 0.265201
bt -0.124094 -0.303459 0.944729
t -0.000711467 0.964335 0.264682
bt -0.114402 -0.256165 0.959839
t 0.499297 0.835176 0.230613
bt -0.131778 -0.237234 0.962473
t 0.499384 0.83526 0.230123
bt -0.0986146 -0.20098 0.974619
t 0.865604 0.481908 0.135991
bt -0.104128 -0.176166 0.978837
t 0.865651 0.481978 0.135444
bt -0.056357 -0.160875 0.985364
t 0.999978 0.000911111 -0.00659658
bt -0.0242834 -0.13676 0.990307
t 0.999981 0.000900126 -0.00607077
bt 0.00100473 -0.1466 0.989195
t 0.865595 -0.484082 -0.1281
bt 0.0224965 -0.239331 0.970677
t 0.867144 -0.478314 -0.138838
bt -0.0764901 -0.430243 0.899467
t 0.999946 -0.00458708 0.00933661
bt 0.0357637 -0.441004 0.896792
t 0.999999 0.000370479 -0.00156373
bt 0.00796627 -0.229589 0.973255
t 0.498684 -0.837605 -0.223005
bt 0.0158415 -0.237366 0.971291
t 0.502201 -0.832465 -0.234086
bt -0.159653 -0.379542 0.911295
t -0.00176064 -0.966195 -0.257806
bt 0.0194211 -0.246243 0.969014
t 0.00287729 -0.963008 -0.269456
bt -0.213446 -0.247846 0.944994
t -0.501279 -0.836009 -0.223178
bt 0.0178738 -0.256242 0.966447
t -0.497302 -0.834943 -0.235712
bt -0.192102 -0.142577 0.970963
t -0.866458 -0.482383 -0.128674
bt 0.0107617 -0.264306 0.964379
t -0.864417 -0.482419 -0.141619
bt -0.150352 -0.0790526 0.985467
t -1 -0.000128859 0.000469869
bt -0.0159172 -0.267363 0.963464
t -0.999923 0.000332283 -0.0124383
bt -0.0353207 -0.0269864 0.999012
t -0.866467 0.482086 0.129723
bt -0.024549 -0.256571 0.966214
t -0.867253 0.483882 0.117175
bt 0.0752333 -0.0371363 0.996474
t -0.501297 0.835602 0.224658
bt -0.0258457 -0.242863 0.969716
t -0.501933 0.838408 0.212449
bt 0.166171 -0.0994095 0.981073
t -0.00180288 0.965661 0.2598
bt -0.0194431 -0.230787 0.97281
t -0.00198967 0.968785 0.247895
bt 0.21313 -0.197756 0.956801
t 0.49862 0.836953 0.225583
bt -0.00790228 -0.22397 0.974564
t 0.498348 0.840155 0.213985
bt 0.203199 -0.306163 0.93004
t 0.865558 0.483356 0.131058
bt 0.00508604 -0.22387 0.974606
t 0.865068 0.487139 0.119802
bt 0.138311 -0.395428 0.908023
t 0.999999 0.000370479 -0.00156373
bt 0.00796627 -0.229589 0.973255
t 0.999946 -0.00458708 0.00933661
bt 0.0357637 -0.441004 0.896792
t 0.871522 -0.4657 -0.153536
bt -0.177485 -0.52093 0.834943
t 0.999554 -0.0169586 0.0245997
bt 0 -0.56742 0.823429
t 0.527556 -0.794443 -0.300907
bt -0.306584 -0.394391 0.866292
t 0.0142916 -0.958133 -0.285966
bt -0.350721 -0.335994 0.87413
t 0.472904 -0.869461 -0.142827
bt -0.306584 -0.394391 0.866292
t -0.48729 -0.835545 -0.253798
bt -0.361654 -0.150669 0.920057
t -0.858686 -0.486431 -0.161377
bt -0.175312 0.0720751 0.981871
t -0.999456 -0.00386729 -0.0327467
bt 0 0.1173 0.993097
t -0.870814 0.481996 0.0967624
bt 0.175314 0.0720744 0.981871
t -0.507429 0.839832 0.192868
bt 0.304433 -0.0520247 0.951112
t -0.0079978 0.973425 0.228866
bt 0.352736 -0.222596 0.908861
t 0.493091 0.847546 0.196282
bt 0.306625 -0.394404 0.866272
t 0.86134 0.497433 0.103218
bt 0.177485 -0.52093 0.834943
t 0.999554 -0.0169586 0.0245997
bt 0 -0.56742 0.823429
t 0.866122 -0.483561 -0.126499
bt 0.00694672 -0.20081 0.979605
t 0.999996 0.000603521 -0.00288873
bt -0.011885 -0.205189 0.97865
t 0.500151 -0.837185 -0.22129
bt 0.0358175 -0.211875 0.97664
t 0.000204249 -0.966684 -0.255971
bt 0.0550705 -0.235378 0.970342
t -0.499877 -0.837348 -0.221297
bt 0.0595516 -0.265056 0.962392
t -0.865959 -0.48383 -0.126586
bt 0.0481172 -0.292928 0.954923
t -0.999996 -0.000918082 0.00279529
bt 0.0237717 -0.311516 0.949943
t -0.866124 0.482025 0.132221
bt -0.00693666 -0.315891 0.94877
t -0.500157 0.835669 0.226935
bt -0.0357785 -0.304827 0.951736
t -0.000117114 0.965158 0.261667
bt -0.0550726 -0.281308 0.958036
t 0.49987 0.835819 0.227016
bt -0.0595916 -0.251649 0.965982
t 0.865956 0.482305 0.132293
bt -0.0481201 -0.22377 0.973453
t 0.999996 0.000603521 -0.00288873
bt -0.011885 -0.205189 0.97865
t 0.86602 -0.482966 -0.129437
bt 1.88884e-05 -0.258787 0.965934
t 1 -4.68203e-06 5.11469e-06
bt 0 -0.258808 0.965929
t 0.500037 -0.836494 -0.224146
bt 1.68529e-05 -0.258811 0.965928
t 0 -0.965933 -0.258792
bt 0 -0.258818 0.965926
t -0.500036 -0.836491 -0.224159
bt -1.61895e-05 -0.25881 0.965928
t -0.866017 -0.482972 -0.129429
bt -1.96103e-05 -0.258787 0.965934
t -1 -2.02945e-06 -4.80189e-06
bt 0 -0.258808 0.965929
t -0.86602 0.482968 0.129428
bt 1.97059e-05 -0.258787 0.965934
t -0.500037 0.836495 0.224143
bt 1.60365e-05 -0.25881 0.965928
t 0 0.965925 0.258823
bt 0 -0.258818 0.965926
t 0.500036 0.836497 0.224137
bt -1.69554e-05 -0.258811 0.965928
t 0.866017 0.482971 0.129433
bt -1.88851e-05 -0.258787 0.965934
t 1 -4.68203e-06 5.11469e-06
bt 0 -0.258808 0.965929

