g sponza_253
t 0 0 1
bt -1 0 0
t 0 0 1
bt -1 0 0
t 0 0 1
bt -1 0 0
t 0 0 1
bt -1 0 0
t 0 0 1
bt 1 0 0
t 0 0 1
bt 1 0 0
t 0 0 1
bt 1 0 0
t 0 0 1
bt 1 0 0
t 0.00370256 0.999993 0
bt -1 0 0
t 0.00246838 0.999997 0
bt -1 0.00019718 0
t 0.00186214 0.999998 0
bt -1 -0.000680479 0
t 0 0 1
bt -0.5224 0.8527 0
t 0 0 1
bt -0.747484 0.664279 0
t 0 0 1
bt -0.747484 0.664279 0
t 0 0 1
bt -0.5224 0.8527 0
t 0.0050974 -0.999987 0
bt -1 0 0
t 0.00248173 -0.999997 0
bt -1 -0.000400791 0
t 0.00339828 -0.999994 0
bt -1 0.000260884 0
t 4.34153e-05 1 0
bt -1 0 0
t 2.89435e-05 1 0
bt -1 -0.000907306 0
t 0 0 1
bt 0 1 0
t 0 0 1
bt 0 1 0
t 0 0 1
bt 0 1 0
t 0 0 1
bt 0 1 0
t -0.000267904 -1 0
bt -0.999999 0.00111844 0
t -0.000178603 -1 0
bt -1 -0.000161575 0
t 0 1 0
bt -0.999996 -0.00272191 0
t 0 0 1
bt -0.908214 0.418506 0
t 0 0 1
bt -0.908214 0.418506 0
t 0 -1 0
bt -0.999996 -0.0027216 0

