g sponza_250
t 0.3403 -0.940317 0
bt -0.942235 -0.334951 0
t 0.3192 -0.947688 0
bt -0.939607 -0.342255 0
t 0.339098 -0.940751 0
bt -0.942045 -0.335486 0
t 0.339427 -0.940633 0
bt -0.942092 -0.335353 0
t 0.3378 -0.941218 0
bt -0.941581 -0.336785 0
t 0.337997 -0.941147 0
bt -0.941904 -0.335882 0
t 0.339569 -0.940581 0
bt -0.941426 -0.337221 0
t 0.337954 -0.941163 0
bt -0.941751 -0.336311 0
t 0.331936 -0.943302 0
bt -0.942285 -0.334813 0
t 0.331936 -0.943302 0
bt -0.942285 -0.334813 0
t 0.334752 -0.942306 0
bt -0.941665 -0.336551 0
t 0.333543 -0.942735 0
bt -0.941787 -0.33621 0
t 0.335702 -0.941968 0
bt -0.941013 -0.338372 0
t 0.338374 -0.941012 0
bt -0.941299 -0.337575 0
t -0.00743874 0.0145506 0.999866
bt 0.455121 -0.890243 0.0182365
t -0.00838108 0.0163939 0.99983
bt 0.455156 -0.89031 0.0134334
t -0.000709313 0.0149803 0.999887
bt 0.0472885 -0.998708 0.0186151
t -0.000709313 0.0149803 0.999887
bt 0.0472885 -0.998708 0.0186151
t -0.0129017 0.0150097 0.999804
bt 0.651806 -0.758307 0.0109878
t -0.0129017 0.0150097 0.999804
bt 0.651806 -0.758307 0.0109878
t 0.0125769 -0.0108868 0.999862
bt -0.756001 0.654407 0.0146406
t 0.0106725 -0.0167711 0.999802
bt -0.536821 0.843576 0.0142447
t 0.00956725 -0.0150342 0.999841
bt -0.536821 0.843576 0.0142442
t 0.0125772 -0.010887 0.999862
bt -0.756001 0.654407 0.0146407
t 0.00617255 0.0156448 0.999859
bt -0.366982 -0.930147 0.0122746
t 0.00617208 0.0156436 0.999859
bt -0.366982 -0.930147 0.0122747
t 0.0132399 0.01051 0.999857
bt -0.783169 -0.621686 0.0123395
t 0.0132399 0.01051 0.999857
bt -0.783169 -0.621686 0.0123395
t 0.0078724 0.0149799 0.999857
bt -0.465155 -0.885114 0.0143263
t 0.00887198 0.0168819 0.999818
bt -0.465155 -0.885114 0.0143263
t 0.0078724 0.0149799 0.999857
bt -0.465155 -0.885114 0.0143263
t 0.0078724 0.0149799 0.999857
bt -0.465155 -0.885114 0.0143263
t 0.0168776 -0.00941273 0.999813
bt -0.873298 0.487043 0.0117828
t 0.0149353 -0.00832951 0.999854
bt -0.873298 0.487043 0.0117826
t 0.0168776 -0.00941273 0.999813
bt -0.873298 0.487043 0.0117828
t 0.0168776 -0.00941273 0.999813
bt -0.873298 0.487043 0.0117828
t -0.987738 0.156123 0
bt -0.176648 -0.984274 0
t -0.987779 0.155859 0
bt -0.14951 -0.98876 0
t -0.987775 0.155888 0
bt -0.168081 -0.985773 0
t -0.987738 0.156123 0
bt -0.176648 -0.984274 0
t -0.987935 0.154867 0
bt -0.158003 -0.987439 0
t -0.987745 0.156079 0
bt -0.155572 -0.987825 0
t -0.987879 0.155228 0
bt -0.156551 -0.98767 0
t -0.987876 0.155242 0
bt -0.156798 -0.987631 0
t -0.987746 0.15607 0
bt -0.152651 -0.98828 0
t -0.987746 0.15607 0
bt -0.152651 -0.98828 0
t -0.987756 0.156005 0
bt -0.152258 -0.988341 0
t -0.987791 0.155788 0
bt -0.154185 -0.988042 0
t -0.98767 0.156549 0
bt -0.154307 -0.988023 0
t -0.98767 0.156549 0
bt -0.154307 -0.988023 0
t 0.016608 0.00321231 0.999857
bt -0.981616 -0.189864 0.0195405
t 0.0148583 -0.00318985 0.999885
bt -0.97766 0.209888 0.0112694
t 0.0159547 -0.00342521 0.999867
bt -0.977565 0.209868 0.0179274
t 0.0159978 0.00309429 0.999867
bt -0.981654 -0.189871 0.0174325

