g sponza_301
t -0.874629 0.407882 0.262022
bt -0.00449465 -0.993599 -0.112872
t -0.871901 0.408508 0.270018
bt 0.203118 -0.978041 0.0466727
t -0.872149 0.407866 0.270188
bt 0.202733 -0.978114 0.0468233
t -0.874629 0.407882 0.262022
bt -0.00449465 -0.993599 -0.112872
t -0.864114 0.40573 0.297809
bt 0.565044 -0.824716 0.0238615
t -0.863924 0.406401 0.297447
bt 0.565075 -0.824695 0.0238368
t -0.845524 0.399598 0.354133
bt 0.687994 -0.725649 0.00987326
t -0.843527 0.414855 0.341113
bt 0.677832 -0.734805 0.02461
t -0.797986 0.379686 0.468035
bt 0.736545 -0.676372 0.00483331
t -0.798025 0.379901 0.467794
bt 0.736758 -0.676143 0.0042668
t -0.848595 0.368831 0.379276
bt 0.70737 -0.706585 -0.0191343
t -0.637194 0.307436 0.706729
bt 0.75808 -0.652161 0.00096443
t -0.637089 0.307292 0.706887
bt 0.757983 -0.652272 0.00153436
t -0.327501 0.276647 0.903443
bt 0.763917 -0.645314 0
t -0.326282 0.275618 0.904199
bt 0.763917 -0.645314 0.000141974
t 0.326671 -0.275947 0.903957
bt 0.763917 -0.645314 0
t 0.559861 -0.208558 0.80191
bt 0.758323 -0.651878 0.000482545
t 0.55966 -0.208317 0.802113
bt 0.758341 -0.651858 0.000586201
t 0.326671 -0.275947 0.903957
bt 0.763917 -0.645314 0
t 0.790085 -0.34211 0.508651
bt 0.739335 -0.673333 0.00251526
t 0.790092 -0.342138 0.508622
bt 0.739281 -0.673393 0.00237015
t 0.848601 -0.368749 0.379342
bt 0.707486 -0.706463 0.0193148
t 0.848615 -0.368568 0.379487
bt 0.707607 -0.706337 0.0195016
t 0.843545 -0.414729 0.341221
bt 0.677994 -0.734663 -0.0243802
t 0.865798 -0.399702 0.301053
bt 0.603149 -0.797599 0.00686145
t 0.86582 -0.399619 0.301097
bt 0.603326 -0.797464 0.00700783
t 0.843545 -0.414729 0.341221
bt 0.677994 -0.734663 -0.0243802
t 0.872437 -0.407117 0.270388
bt 0.343427 -0.939129 0.00976568
t 0.872655 -0.406548 0.270538
bt 0.343273 -0.939185 0.0097021
t 0.874629 -0.407859 0.262061
bt -0.00314146 -0.993555 0.113306
t 0.874202 -0.408773 0.262061
bt -0.00516886 -0.993603 0.112813
t 0.874629 -0.407859 0.262061
bt -0.758252 -0.642114 -0.11289
t 0.87279 -0.406404 0.270319
bt -0.879791 -0.473068 0.0466254
t 0.872825 -0.406318 0.270337
bt -0.879601 -0.473402 0.0468276
t 0.874629 -0.407859 0.262061
bt -0.758252 -0.642114 -0.11289
t 0.866325 -0.40105 0.297724
bt -0.994974 -0.0972384 0.0238903
t 0.866209 -0.40122 0.297831
bt -0.994979 -0.0972011 0.0238656
t 0.859896 -0.379653 0.341237
bt -0.998591 0.0470931 0.0244544
t 0.849599 -0.3909 0.354088
bt -0.998111 0.0606191 0.00996515
t 0.827718 -0.413277 0.379585
bt -0.99594 0.0879135 -0.0193456
t 0.804972 -0.366617 0.46649
bt -0.991485 0.130166 0.00373765
t 0.804243 -0.367035 0.467417
bt -0.991492 0.130115 0.00383241
t 0.647572 -0.290322 0.704531
bt -0.986874 0.161488 0.000970672
t 0.64744 -0.290331 0.704648
bt -0.986869 0.16152 0.000843103
t 0.422397 -0.073037 0.903464
bt -0.985376 0.170396 0
t 0.425731 -0.0736135 0.901851
bt -0.985376 0.170396 0.000155251
t -0.424576 0.0734139 0.902411
bt -0.985376 0.170396 0
t -0.52135 0.294798 0.800804
bt -0.986812 0.161869 0.000523456
t -0.521994 0.294794 0.800386
bt -0.986808 0.161895 0.000627062
t -0.424576 0.0734139 0.902411
bt -0.985376 0.170396 0
t -0.771135 0.384697 0.507305
bt -0.991041 0.133533 0.00263171
t -0.771167 0.384681 0.507269
bt -0.991058 0.133413 0.00241252
t -0.838934 0.402052 0.366803
bt -0.997233 0.0741944 0.00460731
t -0.839272 0.401706 0.366408
bt -0.99722 0.074365 0.00479068
t -0.86272 0.406318 0.301033
bt -0.998693 -0.0506481 0.00681604
t -0.862658 0.406407 0.301088
bt -0.998706 -0.0503788 0.0069931
t -0.872078 0.407666 0.270719
bt -0.940166 -0.340578 0.00976738
t -0.872177 0.407487 0.270668
bt -0.940104 -0.34075 0.00969645
t -0.874629 0.407882 0.262022
bt -0.759093 -0.64105 0.113283
t -0.874575 0.407998 0.262022
bt -0.757795 -0.642672 0.112778
t -0.840725 0.380391 0.385337
bt 0.454219 -0.890344 0.0311993
t -0.85287 0.389787 0.347389
bt 0.186942 -0.982369 0.00201655
t -0.6319 0.303841 0.71301
bt -0.126899 -0.990397 -0.0548615
t -0.594734 0.302198 0.744962
bt 0.0577413 -0.997854 -0.0308883
t -0.37898 0.175264 0.908656
bt -0.305097 -0.952287 -0.00812485
t -0.344737 0.162903 0.924456
bt -0.203959 -0.978959 0.00638171
t -0.389362 0.181553 0.903014
bt -0.418896 -0.907994 -0.00853113
t -0.645816 0.301144 0.701594
bt -0.416557 -0.909086 -0.00653391
t -0.727651 0.305952 0.613936
bt 0.646663 -0.759287 0.0728658
t -0.810547 0.352248 0.467905
bt 0.611293 -0.791317 0.0117342
t -0.528219 0.278855 0.802013
bt 0.207644 -0.97739 -0.0399107
t -0.421133 0.258136 0.86949
bt 0.287792 -0.957523 -0.0180483
t -0.289535 0.131693 0.948065
bt -0.110512 -0.99387 -0.00301863
t -0.209253 0.105177 0.972189
bt -0.0458751 -0.998946 0.00140539
t -0.0366364 0.0361227 0.998676
bt 0.71209 -0.702089 0
t -0.494821 0.196664 0.846449
bt 0.70298 -0.711174 0.0070918
t -0.235346 0.123825 0.963991
bt 0.334366 -0.94239 -0.010065
t -0.0129086 0.0346252 0.999317
bt 0.349304 -0.937009 0
t -0.11087 0.0430665 0.992901
bt -0.00501561 -0.999983 -0.00283756
t -6.62035e-05 0.00874589 0.999962
bt 0.00769977 -0.99997 0
t 0.670668 -0.156573 0.725045
bt 0.66059 -0.749604 -0.0414093
t 0.532134 -0.247389 0.809711
bt 0.702969 -0.711185 -0.00715438
t 0.251449 -0.176435 0.951653
bt 0.334274 -0.942428 0.0095352
t 0.416681 -0.229063 0.87972
bt 0.289895 -0.95676 0.0239051
t 0.110694 -0.0585365 0.992129
bt -0.00558159 -0.999983 -0.00132388
t 0.210107 -0.0916906 0.973369
bt -0.0455628 -0.998962 -4.11962e-06
t 0.841979 -0.374808 0.388061
bt 0.483334 -0.875399 -0.00802481
t 0.810131 -0.36564 0.458252
bt 0.602733 -0.797594 -0.0236117
t 0.528018 -0.290996 0.797821
bt 0.201311 -0.979107 0.0286913
t 0.595594 -0.29723 0.746272
bt 0.0766291 -0.995539 0.0550528
t 0.288536 -0.138629 0.94738
bt -0.112643 -0.993629 -0.00371198
t 0.345604 -0.159295 0.924761
bt -0.199268 -0.979929 0.00557123
t 0.853841 -0.398145 0.335315
bt -0.379316 -0.925115 0.0167864
t 0.852397 -0.391109 0.347062
bt 0.123541 -0.991849 -0.0311905
t 0.631479 -0.305156 0.712821
bt -0.166712 -0.985924 0.0127067
t 0.645806 -0.301146 0.701602
bt -0.398465 -0.916818 0.0258985
t 0.378693 -0.176087 0.908617
bt -0.312012 -0.950046 -0.00781345
t 0.389362 -0.181553 0.903014
bt -0.419183 -0.907868 0.0078727
t 0.831793 -0.399516 0.385366
bt -0.974305 -0.22319 0.0302752
t 0.846846 -0.402717 0.347377
bt -0.873819 -0.486251 0.000989294
t 0.638943 -0.288748 0.713005
bt -0.676317 -0.73466 -0.0535674
t 0.613785 -0.261309 0.744974
bt -0.801503 -0.597192 -0.0308993
t 0.378055 -0.177399 0.908628
bt -0.532662 -0.846305 -0.00622343
t 0.346407 -0.159321 0.924456
bt -0.618828 -0.7855 0.00635322
t 0.727809 -0.349175 0.59023
bt -0.999155 0.0382773 0.014939
t 0.790856 -0.394479 0.467903
bt -0.999163 -0.039472 0.0107273
t 0.551271 -0.227014 0.802848
bt -0.882391 -0.468753 -0.0406964
t 0.466471 -0.157802 0.870347
bt -0.918597 -0.394743 -0.0189304
t 0.286028 -0.138244 0.948197
bt -0.690626 -0.723199 -0.00434744
t 0.214554 -0.0931798 0.972257
bt -0.735388 -0.677635 0.00393504
t 0.051187 -0.00484139 0.998677
bt -0.995553 0.0941982 0
t 0.468799 -0.252651 0.846401
bt -0.99664 0.0816784 0.00610552
t 0.246358 -0.100691 0.963934
bt -0.936837 -0.34962 -0.0101236
t 0.0348043 0.0123605 0.999318
bt -0.942323 -0.334706 0
t 0.10514 -0.0566186 0.992844
bt -0.762557 -0.64692 0.000469368
t 0.00672863 0.00556038 0.999962
bt -0.770968 -0.636874 0
t -0.701159 0.361082 0.614814
bt -0.999115 0.0407934 -0.0102275
t -0.531595 0.24863 0.809685
bt -0.996672 0.0810624 -0.00855993
t -0.296873 0.0791598 0.95163
bt -0.936765 -0.349846 0.00885332
t -0.44219 0.172623 0.880153
bt -0.919137 -0.393264 0.0230586
t -0.11755 0.045833 0.992009
bt -0.762713 -0.646735 0.00168566
t -0.20584 0.10151 0.973307
bt -0.736365 -0.67658 0.00260217
t -0.828311 0.40408 0.388098
bt -0.981161 -0.19301 -0.00836116
t -0.800824 0.385573 0.458273
bt -0.998405 -0.0511794 -0.0238563
t -0.561266 0.218442 0.798288
bt -0.879397 -0.475237 0.0284913
t -0.61052 0.265176 0.746289
bt -0.811869 -0.581238 0.055064
t -0.291209 0.132456 0.947445
bt -0.688612 -0.725117 -0.00437149
t -0.344191 0.162319 0.924762
bt -0.62258 -0.782536 0.00558266
t -0.853841 0.398145 0.335315
bt -0.468307 -0.883378 0.0181971
t -0.847569 0.401482 0.347044
bt -0.837351 -0.545685 -0.0327239
t -0.639677 0.287586 0.712817
bt -0.649716 -0.760032 0.0148889
t -0.378569 0.176538 0.908581
bt -0.527094 -0.849768 -0.00814009
t -0.771818 0.377724 0.511489
bt 0.126109 -0.987585 -0.0936609
t -0.745543 0.387379 0.542313
bt 0.33881 -0.938708 -0.0635266
t -0.783687 0.365449 0.502277
bt -0.231231 -0.966025 -0.115449
t -0.700419 0.382306 0.602707
bt 0.472529 -0.879348 -0.0588633
t -0.760749 0.492634 0.422579
bt 0.695108 -0.717368 -0.0469976
t -0.616307 0.380542 0.689458
bt 0.530785 -0.846829 -0.0338739
t -0.406408 0.240107 0.881579
bt 0.562705 -0.826469 -0.0176664
t -0.134296 0.1929 0.971985
bt 0.571386 -0.820681 0.000134186
t -0.749182 0.392869 0.533273
bt 0.700614 -0.710758 -0.062961
t 0.442615 -0.310237 0.841335
bt 0.562398 -0.826719 0.0156189
t 0.749149 -0.392697 0.533446
bt 0.700168 -0.711312 0.0616449
t 0.611286 -0.356257 0.70669
bt 0.531499 -0.846306 0.035713
t 0.260309 -0.373902 0.890189
bt 0.571375 -0.820689 0
t 0.700087 -0.391401 0.59723
bt 0.467121 -0.882741 0.050659
t 0.746158 -0.384474 0.543533
bt 0.360439 -0.928966 0.0842925
t 0.760763 -0.493084 0.422027
bt 0.69457 -0.717987 0.0454696
t 0.771762 -0.377887 0.511454
bt 0.0509338 -0.997717 0.0443506
t 0.783753 -0.365308 0.502277
bt -0.229382 -0.966339 0.116499
t 0.785441 -0.348393 0.511571
bt -0.837664 -0.538078 -0.0937594
t 0.83727 -0.234591 0.493908
bt -0.959321 -0.230311 -0.163277
t 0.78371 -0.365406 0.502273
bt -0.733308 -0.640229 -0.228839
t 0.743106 -0.290793 0.602688
bt -0.977245 -0.204106 -0.0577291
t 0.687675 -0.227526 0.689445
bt -0.989829 -0.138669 -0.0317815
t 0.828548 -0.24834 0.501831
bt -0.95997 -0.118203 -0.253939
t 0.445338 -0.15694 0.881501
bt -0.994809 -0.100269 -0.017337
t 0.234356 0.0211406 0.971921
bt -0.99596 -0.0897975 0.000122132
t -0.522546 0.139519 0.841118
bt -0.994805 -0.100429 0.0166411
t -0.666196 0.239104 0.706408
bt -0.989989 -0.136275 0.0367673
t -0.453855 -0.040941 0.890135
bt -0.995958 -0.0898213 0
t -0.749833 0.284716 0.597233
bt -0.976442 -0.209835 0.0502919
t -0.828656 0.248173 0.501736
bt -0.960106 -0.119881 0.252635
t -0.785597 0.348132 0.511508
bt -0.797878 -0.601114 0.045304
t -0.78371 0.365406 0.502273
bt -0.731863 -0.642334 0.227562
t -0.837314 0.234521 0.493867
bt -0.95912 -0.232355 0.161555
t -0.251009 0.1127 0.961402
bt -0.270379 -0.962738 0.0056088
t -0.276645 0.126902 0.952556
bt -0.343935 -0.938993 0.000768429
t -0.391879 0.178062 0.902621
bt -0.303165 -0.952935 -0.00225831
t -0.357299 0.160137 0.92016
bt -0.194713 -0.980855 0.00336125
t -0.284962 0.132853 0.949288
bt -0.422279 -0.906465 -0.00122888
t -0.400762 0.187173 0.896859
bt -0.421679 -0.906743 -0.00206644
t -0.275028 0.130394 0.952553
bt -0.497235 -0.867605 -0.00431
t -0.388612 0.185194 0.902598
bt -0.533622 -0.845722 -0.0014658
t -0.241678 0.128623 0.961794
bt -0.559553 -0.828489 -0.0225054
t -0.352701 0.170292 0.92011
bt -0.626152 -0.779694 -0.00339544
t -0.239149 0.132372 0.961918
bt -0.56237 -0.826813 -0.0109632
t -0.203849 0.099819 0.9739
bt -0.616976 -0.78696 -0.00589659
t -0.297279 0.141312 0.944275
bt -0.696866 -0.717187 -0.00450964
t -0.145966 0.0714939 0.986703
bt -0.655386 -0.755274 -0.00560813
t -0.21692 0.101155 0.970934
bt -0.743825 -0.668354 -0.00511051
t -0.0768024 0.0366376 0.996373
bt -0.678334 -0.734744 -0.00366642
t -0.116927 0.0520411 0.991776
bt -0.771533 -0.636173 -0.00452835
t -0.000861164 -0.00091305 0.999999
bt -0.686103 -0.727504 -3.66667e-05
t -0.0017846 -0.00143218 0.999997
bt -0.779902 -0.625902 -0.00052835
t 0.0742388 -0.0394227 0.996461
bt -0.678409 -0.734681 0.00246287
t 0.113772 -0.0546745 0.992001
bt -0.771598 -0.6361 0.00368286
t 0.144496 -0.0732057 0.986794
bt -0.655616 -0.755085 0.00374196
t 0.214207 -0.10369 0.971269
bt -0.744058 -0.668105 0.00360744
t 0.202733 -0.101269 0.973983
bt -0.617287 -0.786727 0.00419529
t 0.252725 -0.189191 0.948861
bt -0.683921 -0.727511 0.0545935
t 0.247243 -0.120509 0.96143
bt -0.56418 -0.825645 0.00336702
t 0.351806 -0.171462 0.920236
bt -0.627326 -0.778757 -2.20249e-05
t 0.259439 -0.182109 0.948434
bt -0.680564 -0.729671 0.0664335
t 0.274768 -0.130854 0.952565
bt -0.498117 -0.867109 0.00113788
t 0.388753 -0.18496 0.902586
bt -0.535129 -0.844767 -0.00230171
t 0.284936 -0.132857 0.949295
bt -0.423141 -0.906062 -0.00177914
t 0.401067 -0.186518 0.896859
bt -0.423433 -0.905925 -0.00185474
t 0.276695 -0.126768 0.95256
bt -0.34471 -0.938703 -0.00336593
t 0.391708 -0.178561 0.902596
bt -0.305018 -0.952345 -0.00184681
t 0.250931 -0.112631 0.96143
bt -0.270446 -0.962717 -0.00585482
t 0.357252 -0.160338 0.920143
bt -0.194535 -0.980891 -0.00292308
t 0.207566 -0.0917056 0.973913
bt -0.206175 -0.978499 -0.00561741
t 0.299427 -0.136275 0.944337
bt -0.102191 -0.994741 -0.00689298
t 0.148559 -0.0660817 0.986693
bt -0.157064 -0.987578 -0.00456027
t 0.216907 -0.101674 0.970883
bt -0.0339087 -0.999411 -0.00528313
t 0.0775149 -0.0346359 0.996389
bt -0.126707 -0.991937 -0.00237312
t 0.115023 -0.0550449 0.991837
bt 0.00868024 -0.999954 -0.00418034
t -0.000191161 -0.00163371 0.999999
bt -0.116303 -0.993214 -5.49992e-05
t 5.49313e-05 -0.00253599 0.999997
bt 0.0218019 -0.999762 0.000274101
t -0.0778749 0.0318577 0.996454
bt -0.126761 -0.991929 0.0030485
t -0.115014 0.0515187 0.992027
bt 0.00869175 -0.999954 0.00407876
t -0.148994 0.0634081 0.986803
bt -0.157082 -0.987577 0.00405266
t -0.21709 0.0982289 0.971197
bt -0.0336859 -0.999423 0.00430055
t -0.207969 0.0898767 0.973998
bt -0.205815 -0.978583 0.00399598
t -0.299757 0.133807 0.944585
bt -0.100826 -0.9949 0.00272719
t 0.8808 -0.41071 0.235602
bt -0.785322 -0.609222 -0.11008
t 0.879069 -0.409936 0.243292
bt -0.900952 -0.431291 0.0476775
t 0.879284 -0.409542 0.243179
bt -0.899186 -0.434802 0.0491038
t 0.8808 -0.41071 0.235602
bt -0.785322 -0.609222 -0.11008
t 0.874318 -0.404617 0.268055
bt -0.998545 -0.0492886 0.0218882
t 0.873894 -0.405224 0.26852
bt -0.99855 -0.0491976 0.0218364
t 0.869507 -0.385946 0.308227
bt -0.996136 0.0849376 0.0223348
t 0.869743 -0.385667 0.307908
bt -0.99614 0.0848643 0.0224124
t 0.842077 -0.416174 0.343082
bt -0.992284 0.122705 -0.0177836
t 0.8222 -0.376228 0.427129
bt -0.987049 0.160361 0.00424756
t 0.822265 -0.376188 0.427039
bt -0.987008 0.160629 0.00375866
t 0.842077 -0.416174 0.343082
bt -0.992284 0.122705 -0.0177836
t 0.675738 -0.307691 0.669854
bt -0.981963 0.189067 0.00128703
t 0.676704 -0.307564 0.668937
bt -0.981975 0.189006 0.00152394
t 0.463323 -0.0931855 0.881276
bt -0.980365 0.197193 0
t 0.464927 -0.0935081 0.880397
bt -0.980365 0.197193 0.000441703
t -0.46458 0.0934383 0.880588
bt -0.980365 0.197193 0
t -0.553829 0.311209 0.772284
bt -0.98183 0.189759 0.00142346
t -0.554414 0.311211 0.771863
bt -0.981857 0.189619 0.000877182
t -0.46458 0.0934383 0.880588
bt -0.980365 0.197193 0
t -0.790951 0.394127 0.46804
bt -0.986433 0.164146 0.00265223
t -0.791055 0.394071 0.46791
bt -0.9864 0.164334 0.00299585
t -0.851513 0.406182 0.331575
bt -0.993864 0.110501 0.00480001
t -0.851505 0.40619 0.331585
bt -0.993855 0.110581 0.0048854
t -0.870977 0.409658 0.271256
bt -0.999965 -0.00591258 0.00594944
t -0.87091 0.40972 0.271377
bt -0.999965 -0.00559542 0.00615242
t -0.878511 0.410958 0.243584
bt -0.955963 -0.293411 0.00670247
t -0.878772 0.410479 0.243447
bt -0.956352 -0.292129 0.00719388
t -0.8808 0.41071 0.235602
bt -0.788682 -0.604646 0.111287
t -0.880546 0.411254 0.235602
bt -0.789733 -0.603201 0.111666
t -0.8808 0.41071 0.235602
bt 0.0452272 -0.992716 -0.111668
t -0.879082 0.409928 0.243254
bt 0.247671 -0.967649 0.04811
t -0.878947 0.410274 0.243161
bt 0.24841 -0.967473 0.0478344
t -0.8808 0.41071 0.235602
bt 0.0452272 -0.992716 -0.111668
t -0.871966 0.409628 0.268107
bt 0.602498 -0.797784 0.0231682
t -0.872181 0.408879 0.268548
bt 0.602616 -0.797697 0.0230714
t -0.856732 0.404344 0.32018
bt 0.71457 -0.699508 0.00880489
t -0.856703 0.404544 0.320007
bt 0.714544 -0.699535 0.00884488
t -0.816708 0.388016 0.42712
bt 0.757795 -0.652487 0.00286435
t -0.816744 0.388256 0.426834
bt 0.75778 -0.652503 0.00290408
t -0.671225 0.321384 0.667959
bt 0.776282 -0.630386 -2.59886e-06
t -0.671507 0.321875 0.667439
bt 0.776242 -0.630435 0.00024248
t -0.36914 0.294938 0.881333
bt 0.781239 -0.624232 0
t -0.370417 0.295958 0.880455
bt 0.781239 -0.624231 -0.000724381
t 0.370151 -0.295746 0.880637
bt 0.781239 -0.624231 0
t 0.594973 -0.224844 0.771655
bt 0.776295 -0.63037 7.94693e-05
t 0.595348 -0.225289 0.771236
bt 0.776347 -0.630305 0.000402519
t 0.370151 -0.295746 0.880637
bt 0.781239 -0.624231 0
t 0.810593 -0.353817 0.466639
bt 0.759262 -0.650784 0.00117738
t 0.810606 -0.353881 0.466567
bt 0.75939 -0.650634 0.0015316
t 0.858617 -0.39047 0.33213
bt 0.723513 -0.690295 0.00476419
t 0.858624 -0.390414 0.332177
bt 0.722877 -0.690966 0.00378646
t 0.873673 -0.403849 0.271295
bt 0.63896 -0.769212 0.00655042
t 0.87369 -0.40376 0.271374
bt 0.639161 -0.769044 0.006718
t 0.879508 -0.408839 0.243548
bt 0.389456 -0.921022 0.00655995
t 0.879316 -0.409332 0.243415
bt 0.390167 -0.920719 0.00684352
t 0.8808 -0.41071 0.235602
bt 0.046209 -0.992647 0.111876
t 0.880988 -0.410307 0.235602
bt 0.0362602 -0.993297 0.109757
t 0.0645323 -0.0300879 0.997462
bt -0.422598 -0.906317 -0.000226034
t 1.16677e-07 5.13817e-08 1
bt -0.422606 -0.906313 6.16682e-07
t 0.0625567 -0.0286938 0.997629
bt -0.439262 -0.898359 -8.02824e-05
t 0.0562708 -0.0254679 0.998091
bt -0.454664 -0.890663 -0.000221745
t 0.0459727 -0.0208811 0.998724
bt -0.467795 -0.883837 0.000123694
t 0.0328051 -0.0141942 0.999361
bt -0.477824 -0.878455 -0.000540271
t 0.0162655 -0.00881649 0.999829
bt -0.48399 -0.875074 0.00029811
t 0.000149145 0.000268093 1
bt -0.486101 -0.873902 0
t -0.0164443 0.00849267 0.999829
bt -0.483993 -0.875072 -0.000124391
t -0.0319423 0.0157805 0.999365
bt -0.477812 -0.878462 0.000165337
t -0.0463151 0.0202337 0.998722
bt -0.467832 -0.883817 0.000701448
t -0.055947 0.026103 0.998092
bt -0.454602 -0.890694 -0.000910838
t -0.0627254 0.0283485 0.997628
bt -0.439184 -0.898396 -0.00117936
t -0.0645323 0.0300879 0.997462
bt -0.4226 -0.906316 0.000254013
t -0.0623 0.0292287 0.997629
bt -0.405821 -0.913952 0.000867642
t -0.0559698 0.0260475 0.998093
bt -0.390122 -0.920762 0.00176474
t -0.0460684 0.0205073 0.998728
bt -0.376379 -0.926466 9.34033e-05
t -0.0323103 0.0151089 0.999364
bt -0.365896 -0.930656 -0.000583049
t -0.0164408 0.00850734 0.999829
bt -0.359259 -0.933238 0.000292428
t 9.41258e-05 0.000246356 1
bt -0.357001 -0.934104 0
t 0.0166682 -0.00791737 0.99983
bt -0.359256 -0.933239 -0.000126724
t 0.0322685 -0.0152164 0.999363
bt -0.365911 -0.93065 0.000143115
t 0.0460745 -0.0204928 0.998728
bt -0.376344 -0.92648 0.000658255
t 0.0562276 -0.0254399 0.998094
bt -0.390018 -0.920807 8.02254e-05
t 0.0622512 -0.0293385 0.997629
bt -0.405717 -0.913998 0.000779807
t -0.418587 0.192056 0.887637
bt -0.288035 -0.957551 -0.0114905
t -0.394486 0.181616 0.900776
bt -0.300094 -0.953889 -0.00627449
t -0.359083 0.170063 0.917681
bt -0.190904 -0.981608 0.000923176
t -0.381921 0.180213 0.906454
bt -0.174458 -0.984659 0.00330408
t -0.418835 0.193239 0.887263
bt -0.540049 -0.841595 -0.00798082
t -0.394913 0.181961 0.900519
bt -0.533719 -0.845652 -0.00399618
t -0.404919 0.188599 0.894691
bt -0.42526 -0.905052 0.00591876
t -0.429101 0.199767 0.880889
bt -0.427723 -0.90385 0.0104492
t -0.324014 0.148203 0.934372
bt -0.716869 -0.697208 -0.00100152
t -0.302387 0.140033 0.942843
bt -0.700006 -0.714136 -0.0011335
t -0.359084 0.168653 0.91794
bt -0.63184 -0.775067 0.007037
t -0.380834 0.180436 0.906867
bt -0.647122 -0.762305 0.0111369
t -0.13194 0.0528029 0.98985
bt -0.79283 -0.609442 0.000600635
t -0.120155 0.0508331 0.991453
bt -0.77457 -0.632487 0.0014538
t -0.216526 0.10519 0.970593
bt -0.747794 -0.663929 0.00141973
t -0.228549 0.115543 0.966651
bt -0.765876 -0.642985 0.00210199
t 0.115986 -0.0652635 0.991104
bt -0.792903 -0.609346 -0.00157748
t 0.111612 -0.0579105 0.992063
bt -0.774552 -0.632508 -0.00175705
t 0.00470956 0.00374129 0.999982
bt -0.782923 -0.622118 -3.64742e-05
t 0.0087652 0.00654581 0.99994
bt -0.801282 -0.598287 0
t 0.316825 -0.1558 0.935601
bt -0.718306 -0.695711 -0.00483626
t 0.29926 -0.143582 0.943307
bt -0.701284 -0.712869 -0.00426989
t 0.22254 -0.099481 0.969835
bt -0.74753 -0.664229 0.000325652
t 0.240015 -0.10539 0.965031
bt -0.765156 -0.64384 0.00248766
t 0.417908 -0.194241 0.887481
bt -0.547263 -0.836914 -0.00885712
t 0.394427 -0.182388 0.900645
bt -0.538042 -0.84289 -0.00685178
t 0.360512 -0.166554 0.917764
bt -0.628217 -0.778028 0.00395053
t 0.383699 -0.176561 0.906422
bt -0.640415 -0.767983 0.00841733
t 0.4181 -0.193493 0.887555
bt -0.29759 -0.954661 -0.00792787
t 0.394264 -0.182258 0.900743
bt -0.304873 -0.952384 -0.00420232
t 0.404832 -0.188786 0.894691
bt -0.419776 -0.907607 0.00620227
t 0.428967 -0.200055 0.880889
bt -0.417511 -0.908611 0.0105101
t 0.321527 -0.155152 0.934103
bt -0.0745841 -0.997204 -0.0047408
t 0.301336 -0.144713 0.942473
bt -0.0969938 -0.995284 -0.00102359
t 0.359817 -0.167442 0.917875
bt -0.188563 -0.982049 0.00480337
t 0.383096 -0.175929 0.9068
bt -0.170117 -0.985404 0.00629502
t 0.125255 -0.0672217 0.989845
bt 0.0427487 -0.999086 0.000227467
t 0.116278 -0.0593814 0.99144
bt 0.0132715 -0.999912 0.000712044
t 0.219659 -0.0980942 0.970633
bt -0.0277488 -0.999612 0.00247027
t 0.235315 -0.100542 0.966705
bt -0.000409313 -0.999998 0.00212251
t -0.124444 0.0469431 0.991116
bt 0.042803 -0.999082 -0.00149025
t -0.116101 0.0484939 0.992053
bt 0.0133307 -0.999909 -0.00208558
t -0.000162514 0.00604236 0.999982
bt 0.0267015 -0.999643 -5.47099e-05
t -0.000621161 0.0109442 0.99994
bt 0.0566995 -0.998391 0
t -0.322821 0.14516 0.935262
bt -0.0711649 -0.997454 -0.00463049
t -0.302061 0.139268 0.943061
bt -0.0948057 -0.99548 -0.00557003
t -0.219361 0.106608 0.969802
bt -0.0283319 -0.999599 0.000513191
t -0.235015 0.116133 0.965029
bt -0.00137842 -0.999995 0.00270223
t -0.259969 0.101213 0.960298
bt -0.565377 -0.824831 0.00174034
t -0.255391 0.108124 0.960773
bt -0.571259 -0.820295 0.027907
t -0.670668 0.156573 0.725045
bt 0.65942 -0.750478 0.0441301
t 0.727651 -0.305952 0.613936
bt 0.648018 -0.758411 -0.0698882
t 0.682725 -0.426969 0.592946
bt -0.796732 -0.578029 0.176352
t 0.341511 -0.0918148 0.935383
bt -0.716938 -0.690659 -0.0948159
t 0.366989 -0.0622769 0.928138
bt -0.710232 -0.701651 -0.0570606
t 0.657655 -0.451113 0.603312
bt -0.863431 -0.496961 0.0866948
t -0.659958 0.448954 0.602408
bt -0.863754 -0.496487 -0.0861945
t -0.681627 0.428057 0.593424
bt -0.795282 -0.579499 -0.178066

