g sponza_194
t 0 0 1
bt 1 0 0
t 0 0 1
bt 1 0 0
t 0 0 1
bt 1 0 0
t 0 0 1
bt 1 0 0
t 0 0 1
bt -1 0 0
t 0 0 1
bt -1 0 0
t 0 0 1
bt -1 0 0
t 0 0 1
bt -1 0 0
t -0.00372649 0.999993 0
bt 1 0 0
t -0.00187223 0.999998 0
bt 1 -0.000689819 0
t -0.00248433 0.999997 0
bt 1 0.000198624 0
t 0 0 1
bt 0.747525 0.664233 0
t 0 0 1
bt 0.747525 0.664234 0
t 0 0 1
bt 0.5224 0.8527 0
t 0 0 1
bt 0.5224 0.8527 0
t -0.00507341 -0.999987 0
bt 1 0 0
t -0.00338228 -0.999994 0
bt 1 0.000262332 0
t -0.00253671 -0.999997 0
bt 1 -0.000493056 0
t -3.59445e-05 1 0
bt 1 0 0
t -2.3963e-05 1 0
bt 1 -0.000919759 0
t 0 0 1
bt 0 1 0
t 0 0 1
bt 0 1 0
t 0 0 1
bt 0 1 0
t 0 0 1
bt 0 1 0
t 0 -1 0
bt 1 0.000786997 0
t 0.000173648 -1 0
bt 1 -0.000174129 0
t 0 1 0
bt 0.999996 -0.00275928 0
t 0 0 1
bt 0.908214 0.418506 0
t 0 0 1
bt 0.908214 0.418506 0
t 0 -1 0
bt 0.999996 -0.00275922 0

