g sponza_356
t 0.03573 -0.0505667 -0.998081
bt -0.999591 -0.0014682 -0.028545
t 0.0187345 5.72238e-05 -0.999825
bt -0.480831 -0.876807 0.00339729
t -0.0442909 -0.00595359 -0.999001
bt -0.500032 -0.865971 -0.00787238
t -0.069043 0.0400045 -0.996811
bt -0.99975 -0.000891553 0.0223394
t -0.0600048 0.00395163 -0.99819
bt 0.515327 -0.856946 -0.00904365
t -0.0298101 3.61292e-05 -0.999556
bt 0.500007 -0.865998 -0.00629081
t -0.104497 -0.0807556 -0.991241
bt 0.999059 -0.00351836 -0.0432173
t -0.0364911 -0.0209864 -0.999114
bt 0.999917 -0.000247456 -0.012912
t 0.104447 -0.0807561 -0.991246
bt -0.998931 -0.00375124 -0.0460759
t 0.0520533 -0.00929486 -0.998601
bt -0.516773 -0.855567 0.0308386
t 0.0307464 0.00165906 -0.999526
bt -0.500149 -0.865931 0.00390654
t 0.0366851 -0.0209863 -0.999107
bt -0.999917 -0.000247455 -0.0129097
t 0.0493314 -0.0138238 -0.998687
bt -0.513852 -0.857199 -0.0341376
t -0.0206926 0.00362907 -0.999779
bt 0.480739 -0.876861 -0.00235276
t 0.0407452 3.24086e-06 -0.99917
bt 0.499636 -0.866218 0.00546082
t -0.0357842 -0.0505666 -0.998079
bt 0.999673 -0.00131622 -0.0255458
t 0.0691708 0.0400041 -0.996802
bt 0.99975 -0.000891628 0.0223417
t 0.253204 -0.150527 -0.955631
bt -0.996151 -0.0136612 -0.0865788
t 0.105592 0.0302216 -0.99395
bt -0.4928 -0.870064 0.0117414
t -0.0936619 0.00599146 -0.995586
bt 0.497882 -0.867163 -0.0119394
t -0.253194 -0.150527 -0.955633
bt 0.996039 -0.0138591 -0.087835
t 0.25343 -0.150517 -0.955572
bt -0.996035 -0.013866 -0.087879
t 0.105757 0.0272597 -0.994018
bt -0.499143 -0.866497 0.00622994
t 0.105734 0.0805775 -0.991124
bt -0.516771 -0.855571 0.0307766
t -0.0929661 0.00760881 -0.99564
bt 0.491607 -0.870793 -0.00653754
t 0.0432859 -0.0238722 -0.998778
bt -0.51385 -0.857199 -0.0341828
t -0.250411 -0.15064 -0.956348
bt 0.996166 -0.0136347 -0.0864104
t 0.316331 -0.187555 -0.929923
bt -0.993445 -0.0225579 -0.112067
t 0.127785 0.0302389 -0.991341
bt -0.486637 -0.873517 0.0123123
t -0.119021 0.00628424 -0.992872
bt 0.498179 -0.866998 -0.0115168
t -0.312805 -0.187786 -0.931069
bt 0.993087 -0.0231647 -0.115075
t 0.31231 -0.187818 -0.931229
bt -0.992998 -0.023312 -0.115806
t 0.132678 0.030425 -0.990692
bt -0.500133 -0.865882 0.0107529
t -0.115765 0.00822059 -0.993243
bt 0.484857 -0.874551 -0.00863895
t -0.317534 -0.187475 -0.92953
bt 0.993077 -0.0231805 -0.115154
t 0.415961 -0.244443 -0.875913
bt -0.987113 -0.0430108 -0.154138
t 0.173611 0.0468328 -0.9837
bt -0.4773 -0.878549 0.0183341
t -0.161916 0.00785798 -0.986773
bt 0.49429 -0.869162 -0.0153262
t -0.415511 -0.244498 -0.876111
bt 0.987137 -0.0429703 -0.153993
t 0.415309 -0.244523 -0.876201
bt -0.98708 -0.0430651 -0.154333
t 0.179738 0.0401251 -0.982896
bt -0.497933 -0.867087 0.0149291
t -0.15548 0.0121795 -0.987764
bt 0.473879 -0.88052 -0.0111029
t -0.414204 -0.244658 -0.876685
bt 0.9871 -0.0430313 -0.154212
t 0.54685 -0.308511 -0.778316
bt -0.975154 -0.0816613 -0.205925
t 0.224239 0.0492375 -0.97329
bt -0.462518 -0.886145 0.0287135
t -0.165548 -0.0919907 -0.981902
bt 0.466077 -0.878536 -0.104626
t -0.276167 0.117655 -0.953881
bt 0.501406 -0.858909 0.104245
t -0.541126 -0.309879 -0.781766
bt 0.974853 -0.0821491 -0.207156
t 0.540722 -0.309975 -0.782007
bt -0.974816 -0.0822076 -0.207304
t 0.240165 0.0468955 -0.969599
bt -0.489649 -0.871705 0.0193432
t -0.205341 0.0104472 -0.978635
bt 0.456085 -0.889854 -0.0121111
t -0.545323 -0.308878 -0.779241
bt 0.976113 -0.08009 -0.201961
t 0.678093 -0.361518 -0.639917
bt -0.952435 -0.149951 -0.265295
t 0.287037 0.0608978 -0.955982
bt -0.439109 -0.897592 0.0388854
t -0.283664 -0.00257882 -0.95892
bt 0.459387 -0.887855 -0.0260097
t -0.166738 -0.0898521 -0.981899
bt 0.465809 -0.878533 -0.105832
t -0.675191 -0.36283 -0.642239
bt 0.951727 -0.151036 -0.267214
t -0.307994 0.182791 -0.933663
bt 0.50076 -0.859935 0.0987514
t 0.677601 -0.361742 -0.640312
bt -0.9512 -0.151837 -0.268633
t 0.30881 0.0503892 -0.949788
bt -0.472139 -0.881047 0.0289891
t -0.264743 0.00950818 -0.964272
bt 0.428277 -0.903569 -0.011895
t -0.678237 -0.361453 -0.639801
bt 0.951358 -0.151598 -0.268209
t 0.799733 -0.376225 -0.467848
bt -0.911124 -0.258333 -0.321118
t 0.343848 0.0570193 -0.937292
bt -0.405776 -0.912287 0.0554915
t -0.350161 -0.0141804 -0.936582
bt 0.420898 -0.906821 -0.0228096
t -0.800735 -0.375416 -0.466782
bt 0.911028 -0.258384 -0.32135
t 0.798253 -0.377487 -0.469356
bt -0.910274 -0.259425 -0.322645
t 0.375103 0.0471762 -0.925782
bt -0.441201 -0.896353 0.0435156
t -0.323606 0.00208874 -0.94619
bt 0.388485 -0.921431 -0.00664353
t -0.798315 -0.377406 -0.469316
bt 0.91207 -0.257019 -0.319483
t 0.866735 -0.35538 -0.349965
bt -0.864576 -0.358012 -0.352613
t 0.391966 0.0533242 -0.918433
bt -0.389482 -0.919123 0.0592992
t -0.381718 -0.0128032 -0.92419
bt 0.376227 -0.92642 -0.0140976
t -0.86656 -0.355597 -0.350179
bt 0.866122 -0.35611 -0.35074
t 0.86655 -0.355609 -0.350191
bt -0.866112 -0.356122 -0.350752
t 0.402806 0.0486695 -0.91399
bt -0.399069 -0.915489 0.0512131
t -0.32717 -0.127639 -0.936305
bt 0.321929 -0.938274 -0.126508
t -0.426264 0.169844 -0.888511
bt 0.427973 -0.88366 0.189693
t -0.866725 -0.355392 -0.349977
bt 0.864566 -0.358025 -0.352625
t 0.864265 -0.352713 -0.358663
bt -0.865384 -0.351427 -0.357224
t 0.402221 0.0515791 -0.914088
bt -0.406388 -0.91238 0.0491085
t -0.363549 -0.00661214 -0.931551
bt 0.368835 -0.929471 -0.00664676
t -0.863472 -0.353667 -0.359633
bt 0.865192 -0.35166 -0.357461
t 0.863662 -0.353438 -0.3594
bt -0.865244 -0.351597 -0.357397
t 0.384847 0.0568402 -0.921228
bt -0.388545 -0.91989 0.0532387
t -0.378998 -0.0140991 -0.92529
bt 0.385224 -0.922741 -0.0122957
t -0.32606 -0.130434 -0.936308
bt 0.319438 -0.938273 -0.132679
t -0.864423 -0.352524 -0.35847
bt 0.865387 -0.351424 -0.357221
t -0.429377 0.181545 -0.88469
bt 0.423293 -0.889434 0.172423
t 0.812139 -0.361642 -0.45787
bt -0.90577 -0.262618 -0.332585
t 0.372147 0.0586042 -0.926322
bt -0.436945 -0.898749 0.0364618
t -0.324787 0.00127802 -0.945786
bt 0.396093 -0.918181 -0.00733244
t -0.813342 -0.360602 -0.456553
bt 0.906559 -0.26157 -0.331259
t 0.81249 -0.361339 -0.457486
bt -0.906728 -0.261345 -0.330973
t 0.349089 0.0660196 -0.934761
bt -0.411491 -0.910158 0.0478223
t -0.28851 -0.135821 -0.947794
bt 0.377293 -0.914852 -0.143858
t -0.421892 0.196713 -0.885049
bt 0.466262 -0.87195 0.149343
t -0.813235 -0.360695 -0.456671
bt 0.905752 -0.262642 -0.332615
t 0.719066 -0.346288 -0.602519
bt -0.946978 -0.160107 -0.278564
t 0.320667 0.0667608 -0.944836
bt -0.47198 -0.881147 0.0285322
t -0.266633 0.00963982 -0.96375
bt 0.425123 -0.90506 -0.0116968
t -0.717109 -0.347294 -0.604269
bt 0.946477 -0.160842 -0.279842
t 0.717506 -0.347091 -0.603915
bt -0.946327 -0.161061 -0.280223
t 0.293168 0.0717032 -0.953368
bt -0.435542 -0.899429 0.0364741
t -0.288457 -0.00174595 -0.957491
bt 0.45992 -0.887671 -0.0226728
t -0.288837 -0.135129 -0.947794
bt 0.377244 -0.914852 -0.143989
t -0.719414 -0.346108 -0.602206
bt 0.94675 -0.160442 -0.279147
t -0.411281 0.165236 -0.896407
bt 0.470923 -0.86568 0.169793
t 0.551225 -0.279186 -0.786261
bt -0.978996 -0.068175 -0.192143
t 0.231753 0.057453 -0.971076
bt -0.501785 -0.864831 0.0166937
t -0.183629 0.0120308 -0.982922
bt 0.452377 -0.891795 -0.00757808
t -0.547284 -0.27996 -0.788735
bt 0.979447 -0.0674651 -0.190086
t 0.550208 -0.279318 -0.786926
bt -0.978901 -0.0683461 -0.192568
t 0.209976 0.0664413 -0.975446
bt -0.457283 -0.888891 0.0276435
t -0.201571 0.00211932 -0.979472
bt 0.49572 -0.868196 -0.0223141
t -0.549187 -0.279635 -0.787526
bt 0.979564 -0.0672551 -0.189553
t 0.280787 -0.133213 -0.95048
bt -0.996782 -0.0111504 -0.0793854
t 0.107974 0.0384276 -0.993411
bt -0.519674 -0.85435 0.00503039
t -0.0778351 0.00654003 -0.996945
bt 0.469416 -0.882963 -0.0050966
t -0.289721 -0.132746 -0.947861
bt 0.996643 -0.0113957 -0.0810781
t 0.284591 -0.13296 -0.949384
bt -0.996856 -0.0110302 -0.0784684
t 0.0954925 0.0400488 -0.994624
bt -0.470251 -0.882482 0.00945667
t -0.0866522 0.00294819 -0.996234
bt 0.51864 -0.854919 -0.011192
t -0.281033 -0.133203 -0.950409
bt 0.996612 -0.0114392 -0.0814464
t -0.0512834 0.0650157 -0.996566
bt -0.999259 -0.00248129 0.0384122
t -0.0374587 0.00389736 -0.999291
bt -0.52145 -0.853281 -0.00134314
t 0.0362671 -0.00221002 -0.99934
bt 0.473585 -0.880747 0.00154412
t 0.0553078 0.0650018 -0.996351
bt 0.999396 -0.00223804 0.0346833
t -0.0549678 0.065003 -0.99637
bt -0.999336 -0.00234759 0.036363
t -0.0334097 0.0031094 -0.999437
bt -0.473805 -0.880603 -0.00685405
t 0.040663 -0.0013538 -0.999172
bt 0.52124 -0.853393 0.00544183
t 0.0513088 0.0650156 -0.996564
bt 0.999178 -0.00261381 0.0404435
t -0.351021 0.224084 -0.909159
bt -0.989778 -0.0340687 0.13849
t -0.15947 -0.0286798 -0.986786
bt -0.507296 -0.861699 -0.0112298
t 0.136322 -0.0120133 -0.990592
bt 0.469162 -0.883074 0.00822196
t 0.353726 0.223841 -0.90817
bt 0.990807 -0.0323126 0.131365
t -0.352735 0.22393 -0.908534
bt -0.990777 -0.0323648 0.131577
t -0.148161 -0.0347973 -0.988351
bt -0.471864 -0.881469 -0.0188953
t 0.145469 -0.00422994 -0.989354
bt 0.504215 -0.863418 0.0166578
t 0.350292 0.22415 -0.909424
bt 0.98978 -0.0340639 0.138471
t -0.562417 0.323142 -0.761095
bt -0.971609 -0.0924361 0.21779
t -0.254716 -0.0459887 -0.965922
bt -0.49142 -0.870656 -0.021566
t 0.214258 -0.0121521 -0.976702
bt 0.447071 -0.894448 0.00956797
t 0.560423 0.32367 -0.762341
bt 0.971534 -0.0925552 0.218071
t -0.55914 0.324009 -0.763139
bt -0.972368 -0.0912082 0.214898
t -0.233637 -0.0532282 -0.970866
bt -0.453689 -0.890638 -0.0304853
t 0.232013 -0.00246955 -0.97271
bt 0.48335 -0.875126 0.0229429
t 0.563479 0.322859 -0.76043
bt 0.971721 -0.092256 0.217366
t -0.740677 0.380736 -0.553568
bt -0.93112 -0.206705 0.300481
t -0.350336 -0.0446291 -0.93556
bt -0.463033 -0.885663 -0.0346522
t 0.291867 -0.00790327 -0.956426
bt 0.399971 -0.916508 0.00598801
t 0.741679 0.380109 -0.552657
bt 0.931173 -0.206628 0.30037
t -0.741664 0.380119 -0.55267
bt -0.931167 -0.206636 0.300382
t -0.311849 -0.059209 -0.948285
bt -0.413396 -0.909194 -0.0497091
t 0.325287 0.0114441 -0.945546
bt 0.445983 -0.894632 0.0270848
t 0.740662 0.380746 -0.553582
bt 0.931114 -0.206713 0.300493
t -0.896396 0.346963 -0.275845
bt -0.816031 -0.452512 0.359621
t -0.458792 -0.0270047 -0.888133
bt -0.37305 -0.925888 -0.0597066
t 0.292432 0.119237 -0.948824
bt 0.326929 -0.937835 0.11655
t 0.392645 -0.177727 -0.902354
bt 0.41414 -0.892975 -0.176303
t 0.860504 0.357332 -0.363107
bt 0.866148 -0.350526 0.356256
t -0.86049 0.357348 -0.363124
bt -0.866144 -0.350531 0.356261
t -0.392642 -0.177718 -0.902357
bt -0.414138 -0.892978 -0.176295
t -0.292432 0.119237 -0.948824
bt -0.326929 -0.937835 0.11655
t 0.442519 0.0279718 -0.896323
bt 0.339726 -0.940375 0.0167572
t 0.896388 0.346976 -0.275855
bt 0.816018 -0.452525 0.359632
t -0.941683 0.279372 -0.187576
bt -0.726565 -0.580968 0.366851
t -0.47175 -0.0210816 -0.88148
bt -0.438917 -0.898009 -0.0305372
t 0.502089 -0.0530367 -0.863188
bt -0.0463037 -0.995289 -0.0851851
t 0.287004 0.132889 -0.948667
bt 0.333675 -0.937634 0.0974841
t 0.508944 0.0353479 -0.860074
bt 0.194747 -0.859385 -0.47279
t 0.999231 0.0391468 -0.00201937
bt 0.783465 -0.620647 0.0313188
t 0.400741 -0.207331 -0.892424
bt 0.404669 -0.904037 -0.137698
t -0.999231 0.0391506 -0.00201957
bt -0.783436 -0.620683 0.0313207
t -0.508944 0.0353434 -0.860074
bt -0.194753 -0.859379 -0.4728
t -0.400735 -0.207311 -0.892431
bt -0.40467 -0.904035 -0.137703
t -0.287009 0.132875 -0.948668
bt -0.33367 -0.937635 0.0974988
t -0.50209 -0.0530335 -0.863188
bt 0.0462669 -0.995285 -0.0852471
t 0.433937 0.0486719 -0.899628
bt 0.419093 -0.907638 0.0235313
t 0.939385 0.292147 -0.179459
bt 0.736487 -0.566237 0.370084
t -0.967732 0.230235 -0.102407
bt -0.62519 -0.719685 0.301978
t -0.482515 -0.0296804 -0.875385
bt -0.380285 -0.92259 -0.0648884
t 0.52981 -0.00720956 -0.848086
bt -0.222512 -0.974132 0.0394378
t 0.50453 -0.0269796 -0.862973
bt -0.208638 -0.957931 0.197073
t 0.510264 0.0628284 -0.85772
bt -0.337808 -0.833471 0.437277
t 0.998508 -0.0541098 -0.00731234
bt -0.815211 -0.573956 -0.0774914
t 0.999811 0.0194414 -0.00100449
bt -0.812321 -0.58247 0.0293935
t -0.998508 -0.054115 -0.00731301
bt 0.815185 -0.573993 -0.0774963
t -0.533964 0.0226077 -0.845205
bt 0.224914 -0.973407 0.0434993
t -0.510264 0.062824 -0.85772
bt 0.337793 -0.833493 0.437247
t -0.99981 0.0194433 -0.00100458
bt 0.812294 -0.582507 0.0293953
t 0.458261 0.0404082 -0.887899
bt 0.350802 -0.936307 -0.0163642
t -0.504531 -0.0269681 -0.862972
bt 0.208658 -0.95792 0.197108
t 0.97062 0.223247 -0.0897616
bt 0.648989 -0.699283 0.299695
t -0.997983 -0.0630408 -0.0074113
bt -0.301042 -0.947828 -0.104861
t -0.540557 0.0792865 -0.837563
bt 0.0364569 -0.972979 -0.227998
t -0.51582 -0.0992297 -0.850931
bt 0.123481 -0.987901 -0.0938339
t 0.457923 0.0183616 -0.888802
bt 0.276758 -0.960899 0.00878972
t 0.984265 0.16825 -0.0539898
bt 0.387336 -0.877894 0.281553
t 0.996796 -0.0792611 -0.0107111
bt 0.221511 -0.96639 -0.130475
t -0.984264 0.168254 -0.0539911
bt -0.387331 -0.877896 0.281554
t -0.470472 -0.0372671 -0.881628
bt -0.287013 -0.957844 -0.0126
t -0.996796 -0.079264 -0.0107115
bt -0.221503 -0.966392 -0.130475
t 0.521701 -0.0638379 -0.850737
bt -0.209487 -0.976746 0.0456338
t 0.997936 -0.0638891 -0.00650126
bt 0.301909 -0.947589 -0.104531
t -0.915499 -0.251044 -0.314387
bt 0.849612 -0.32913 -0.412107
t -0.345453 -0.122252 -0.930439
bt 0.830373 -0.555953 0.0373711
t -0.539591 0.068739 -0.839117
bt 0.350796 -0.88795 0.297469
t -0.997081 -0.0758423 -0.00882899
bt 0.694786 -0.714906 -0.078631
t 0.191305 0.261962 -0.945927
bt 0.824503 -0.562867 0.0581019
t -0.517917 -0.0878535 -0.850908
bt 0.238047 -0.966614 0.0948213
t 0.740546 -0.225066 -0.633196
bt 0.816409 -0.570479 0.089607
t 0.831988 0.335705 -0.441699
bt 0.783568 -0.376009 0.494609
t -0.831988 0.335705 -0.441699
bt -0.783568 -0.376009 0.494609
t -0.609834 -0.0759101 -0.788885
bt -0.83553 -0.549393 0.00758441
t -0.182794 0.267572 -0.94604
bt -0.793177 -0.58619 0.165079
t 0.28922 -0.165666 -0.942818
bt -0.815159 -0.577459 -0.045348
t 0.533006 -0.260235 -0.805098
bt -0.935983 -0.342608 -0.0809713
t 0.914447 -0.252532 -0.316251
bt -0.873096 -0.304257 -0.380961
t 0.997078 -0.0759928 -0.00784239
bt -0.69473 -0.714883 -0.0793275
t 0.913918 -0.253275 -0.317183
bt 0.999181 0.02525 0.0316211
t 0.188125 -0.415847 -0.889764
bt 0.961872 0.255715 -0.097018
t 0.0581505 0.604054 -0.794819
bt 0.999529 -0.0185673 0.024431
t -0.101736 0.601939 -0.792035
bt -0.999515 -0.0188525 0.0248063

