g sponza_378
t -0.515307 -0.045497 -0.855797
bt 0.824466 -0.563985 -0.0466425
t -0.406637 -0.0760747 -0.910417
bt 0.798673 -0.601379 0.0215634
t -0.399612 0.0149156 -0.916563
bt 0.894403 -0.444702 -0.0477888
t -0.316954 -0.0950149 -0.943669
bt 0.807985 -0.588972 0.0164915
t -0.131028 0.223988 -0.965744
bt 0.925372 -0.375223 -0.0537972
t -0.132025 0.105961 -0.985567
bt 0.886603 -0.458481 -0.0610738
t -0.240926 0.0068143 -0.97052
bt 0.688697 -0.724064 -0.0377948
t -0.384921 -0.0690439 -0.920363
bt 0.554566 -0.831349 0.0362551
t -0.195678 -0.238207 -0.951298
bt 0.719524 -0.691215 0.0671337
t -0.418738 -0.13447 -0.898096
bt 0.438281 -0.8981 0.0364248
t -0.401591 -0.261163 -0.877792
bt 0.508548 -0.855334 0.0989044
t -0.434891 -0.332769 -0.83674
bt 0.641993 -0.754047 0.138772
t -0.544685 -0.330636 -0.770713
bt 0.534513 -0.815123 0.223317
t -0.692378 -0.230711 -0.683656
bt 0.645972 -0.756836 0.0995963
t -0.599978 -0.302934 -0.740444
bt 0.562813 -0.824247 -0.0621138
t -0.589258 -0.413258 -0.694257
bt 0.478252 -0.502225 0.720448
t -0.607042 -0.460854 -0.64739
bt 0.522522 -0.513673 0.680522
t -0.641554 -0.287631 -0.71111
bt -0.374773 -0.870132 -0.320026
t -0.603863 -0.316647 -0.731494
bt -0.325134 -0.910592 -0.255167
t -0.840534 -0.246701 -0.48233
bt -0.777068 -0.583937 0.234911
t -0.434857 -0.198372 -0.878378
bt -0.013383 -0.749701 -0.661642
t -0.666678 -0.198813 -0.718341
bt -0.317862 -0.766831 -0.557615
t -0.57863 -0.0979026 -0.809693
bt 0.218386 -0.851486 -0.476739
t -0.427159 -0.171304 -0.887801
bt 0.525421 -0.84172 -0.124261
t -0.420368 -0.262795 -0.868464
bt 0.188991 -0.952624 0.238307
t -0.29443 -0.355877 -0.88694
bt 0.649444 -0.733422 0.200785
t -0.00746189 -0.212535 -0.977125
bt 0.80853 -0.582286 0.0849861
t -0.145825 -0.522726 -0.839936
bt 0.650084 -0.732172 0.203262
t -0.333944 -0.304968 -0.891895
bt 0.616682 -0.781821 0.091977
t -0.296537 -0.205188 -0.932718
bt 0.562529 -0.820559 0.101214
t -0.686791 -0.128159 -0.715468
bt 0.616565 -0.686238 0.385908
t -0.329591 -0.163899 -0.929789
bt 0.347441 -0.931674 0.106154
t -0.355296 -0.309353 -0.88208
bt 0.684769 -0.704365 0.18698
t -0.524988 -0.28553 -0.801786
bt 0.423584 -0.87009 0.252033
t -0.312714 -0.494952 -0.810699
bt 0.433583 -0.779588 0.451939
t -0.012951 -0.570255 -0.821365
bt 0.688389 -0.597071 0.411859
t 0.0586351 -0.312717 -0.948035
bt 0.923422 -0.373711 0.0873563
t -0.214863 -0.580063 -0.785723
bt -0.047047 -0.758297 0.65021
t -0.154643 -0.637656 -0.754639
bt 0.0820771 -0.663926 0.74328
t 0.189728 -0.535639 -0.822857
bt 0.801084 -0.507427 0.317461
t -0.40264 -0.495564 -0.769609
bt -0.203347 -0.720963 0.662467
t -0.199403 -0.558283 -0.805331
bt -0.0250524 -0.769491 0.638166
t -0.65663 -0.374543 -0.654642
bt 0.0693617 -0.843942 0.531931
t -0.314401 -0.381056 -0.869453
bt 0.462762 -0.823859 0.327273
t -0.474936 -0.242388 -0.845981
bt 0.767257 -0.639356 -0.0503945
t -0.477301 -0.239573 -0.845452
bt 0.483295 -0.861095 0.157929
t -0.545824 -0.258568 -0.797006
bt 0.709463 -0.703946 0.033513
t -0.504257 -0.239261 -0.829746
bt 0.45244 -0.869788 0.196892
t -0.416368 -0.28199 -0.864361
bt 0.464745 -0.847398 0.256766
t -0.118812 -0.232393 -0.965338
bt 0.429609 -0.883764 0.185464
t -0.258023 -0.141552 -0.955713
bt 0.289876 -0.953016 0.0879359
t -0.509523 -0.241182 -0.825964
bt 0.419699 -0.850742 0.316371
t -0.412552 -0.320643 -0.852636
bt -0.213419 -0.788491 0.576832
t -0.574393 -0.0117139 -0.818496
bt 0.0958953 -0.91021 0.402893
t -0.363949 -0.392671 -0.844601
bt 0.516627 -0.0050356 0.856196
t -0.539145 -0.224819 -0.811652
bt 0.14696 -0.93608 0.319621
t -0.4186 -0.339151 -0.842467
bt -0.216252 -0.791017 0.5723
t -0.45306 -0.249241 -0.85593
bt 0.361857 -0.864004 0.350079
t -0.649378 -0.253134 -0.7171
bt 0.401858 -0.780541 0.478817
t -0.0707282 -0.0637145 -0.995459
bt 0.409441 -0.899827 0.150565
t -0.471832 -0.025896 -0.881308
bt 0.13236 -0.920096 0.368652
t -0.443079 -0.17408 -0.879419
bt 0.245745 -0.949525 0.194964
t -0.524829 -0.1874 -0.830323
bt 0.543519 -0.838864 -0.0299238
t -0.394416 -0.046508 -0.917754
bt 0.245615 -0.960184 0.133115
t -0.316959 -0.00965198 -0.94839
bt 0.299637 -0.953749 -0.0241037
t -0.319018 0.012226 -0.94767
bt 0.329171 -0.943049 -0.0480152
t -0.473726 -0.119604 -0.872513
bt 0.326676 -0.93791 0.116652
t -0.498775 -0.108027 -0.859973
bt 0.35762 -0.926969 0.113298
t -0.0670937 0.0416524 -0.996877
bt 0.317674 -0.948168 0.00781676
t 0.0327632 0.0697811 -0.997024
bt 0.410796 -0.910249 0.0518899
t -0.218713 -0.0386615 -0.975023
bt 0.441815 -0.889059 0.119894
t -0.452802 -0.0331193 -0.890996
bt 0.249124 -0.93172 0.264263
t -0.369963 -0.200115 -0.907238
bt -0.232974 -0.807079 0.542538
t -0.623201 0.0761851 -0.778342
bt 0.210611 -0.953307 0.216448
t -0.615147 0.0128739 -0.788307
bt 0.452383 -0.891635 -0.018361
t -0.560811 -0.148942 -0.814437
bt 0.54868 -0.836001 -0.00728776
t -0.632728 -0.0109374 -0.774297
bt 0.405719 -0.908538 -0.0997479
t -0.355456 -0.0758186 -0.931613
bt 0.295489 -0.954457 0.0412138
t -0.724986 -0.0266203 -0.688249
bt 0.366817 -0.929009 -0.0488653
t -0.671082 -0.0189223 -0.741142
bt 0.399179 -0.914216 -0.0697586
t -0.595303 -0.223865 -0.771685
bt 0.471349 -0.881538 0.0268512
t -0.370206 -0.161516 -0.914801
bt 0.420031 -0.907465 -0.00904258
t -0.0118644 0.053334 -0.998506
bt 0.341696 -0.938265 -0.0538852
t 0.012401 0.0773053 -0.99693
bt 0.597191 -0.800769 -0.0461734
t 0.215917 0.157035 -0.963701
bt 0.408608 -0.908892 -0.0833911
t -0.0963979 -0.166114 -0.981384
bt 0.748131 -0.663457 0.0111496
t 0.506541 0.182164 -0.842753
bt 0.857978 -0.513437 0.0160112
t 0.421828 0.194397 -0.885591
bt 0.666588 -0.742062 -0.070742
t -0.474586 -0.260461 -0.84079
bt 0.622955 -0.78222 0.00763274
t -0.344038 -0.0586567 -0.937122
bt 0.735594 -0.676908 -0.0264132
t -0.352105 -0.22453 -0.90863
bt 0.719246 -0.688855 0.0903559
t -0.204755 -0.0360052 -0.978151
bt 0.716873 -0.696619 -0.0285503
t -0.472749 -0.156661 -0.86716
bt 0.542311 -0.81931 0.186093
t -0.458147 0.0855051 -0.884754
bt 0.786861 -0.614648 0.0553071
t 0.532069 -0.307301 -0.788966
bt 0.90756 -0.419008 0.027702
t 0.350877 -0.528736 -0.772867
bt 0.791549 -0.601451 0.108199
t 0.149533 -0.658373 -0.737689
bt 0.733963 -0.637687 0.233782
t -0.502217 0.16807 -0.848251
bt 0.907565 -0.418741 0.0313295
t 0.0866229 0.123383 -0.988571
bt 0.917646 -0.389246 0.0800898
t -0.464608 0.323019 -0.824499
bt 0.915132 -0.39108 0.0979312
t -0.477832 0.113876 -0.871039
bt 0.896669 -0.440392 0.0451549
t -0.499349 -0.0415886 -0.865402
bt 0.704124 -0.704831 0.0861546
t 0.687858 0.211643 -0.694304
bt 0.756838 -0.652687 -0.0345821
t -0.106394 -0.0596227 -0.992535
bt 0.738226 -0.665396 -0.110776
t -0.129726 -0.00254949 -0.991547
bt 0.330729 -0.943617 -0.0143597
t -0.60344 0.310657 -0.734406
bt 0.889873 -0.455025 0.0328414
t -0.329179 0.155464 -0.931382
bt 0.756997 -0.643554 -0.113111
t -0.233678 -0.125319 -0.964204
bt 0.493371 -0.866254 -0.0786671
t -0.836681 -0.10995 -0.53654
bt 0.600395 -0.789708 0.126044
t 0.882286 -0.252594 -0.397199
bt 0.906114 -0.422542 0.0203956
t 0.985542 0.0593964 -0.158678
bt 0.98639 -0.162524 0.0248985
t 0.823869 -0.420091 -0.380477
bt 0.890371 -0.455201 0.00565528
t 0.668288 -0.644295 -0.371854
bt 0.753101 -0.657391 0.0260041
t 0.190664 0.0611174 -0.979751
bt 0.570816 -0.817325 -0.0784128
t 0.170642 0.0358033 -0.984682
bt 0.277629 -0.958846 -0.05946
t -0.250722 -0.112338 -0.961519
bt 0.164905 -0.985796 0.0318267
t 0.0941261 -0.00552146 -0.995545
bt 0.120651 -0.992654 -0.00903479
t -0.439441 0.818435 -0.370211
bt 0.699085 -0.690658 -0.185127
t -0.753307 0.306284 -0.581995
bt 0.936297 -0.349178 0.0377304
t -0.715413 0.509528 -0.478086
bt 0.90512 -0.424341 0.0263165
t 0.804657 -0.274476 -0.526489
bt 0.936323 -0.349169 0.0371418
t -0.733332 0.382244 -0.56224
bt 0.912604 -0.406156 0.0468181
t 0.902986 -0.374437 -0.210747
bt 0.914753 -0.403724 0.0152825
t 0.781557 -0.227081 -0.581036
bt 0.922053 -0.384822 0.0415868
t 0.92782 0.103485 -0.358387
bt 0.987156 -0.15928 0.0123597
t 0.850941 -0.277222 -0.446148
bt 0.925786 -0.377887 -0.0110103
t 0.821358 -0.457772 -0.340317
bt 0.896819 -0.438029 0.0620105
t 0.284951 -0.410087 0.86639
bt -0.0910521 -0.721175 0.686743
t -0.867906 -0.0271856 -0.495983
bt -0.343577 -0.935395 -0.0836078
t 0.833876 -0.223796 0.504546
bt 0.363185 -0.916899 0.165507
t -0.00138037 -0.166869 0.985978
bt -0.000864656 -0.786483 0.617612
t -0.531925 0.0806457 -0.842942
bt -0.619456 -0.78494 0.0120076
t 0.0875025 -0.159235 -0.983355
bt -0.82996 -0.49122 0.264327
t -0.510166 -0.0866639 -0.855698
bt -0.479507 -0.877518 0.0059025
t -0.554918 -0.0939712 -0.826581
bt -0.451762 -0.891428 -0.0356049
t -0.667142 8.35246e-05 -0.74493
bt -0.438445 -0.895603 -0.0752445
t -0.760751 -0.0250255 -0.648562
bt -0.121841 -0.990897 -0.0572484
t -0.435047 -0.188128 -0.880535
bt -0.244695 -0.962558 -0.11665
t -0.226784 -0.176951 -0.957736
bt -0.256771 -0.961867 -0.0942422
t 0.456385 -0.334196 -0.824637
bt -0.349059 -0.931044 0.106378
t -0.260384 -0.19944 -0.944682
bt -0.150704 -0.988335 -0.0219625
t 0.016046 -0.226055 -0.973982
bt -0.528697 -0.831825 0.168954
t -0.256062 -0.503222 -0.825348
bt -0.100613 -0.993091 0.0603952
t -0.0506489 -0.21016 -0.976354
bt -0.526389 -0.846096 0.0838759
t -0.715991 0.115386 -0.688508
bt -0.510079 -0.859357 0.0364034
t -0.683136 0.0670824 -0.727204
bt -0.151866 -0.987909 -0.0311804
t -0.73509 0.159576 -0.658922
bt -0.36053 -0.925209 0.118345
t -0.662675 0.0637284 -0.746191
bt -0.136204 -0.987872 0.0745452
t -0.853601 0.114015 -0.508297
bt -0.000590916 -0.994156 -0.107949
t -0.929276 0.163379 -0.331289
bt -0.313894 -0.946076 0.0800704
t -0.413706 0.0720469 -0.907555
bt 0.233289 -0.969897 -0.0698344
t -0.759735 0.0219667 -0.649861
bt 0.33933 -0.916586 -0.211481
t -0.93248 -0.0448422 -0.358429
bt 0.343315 -0.88431 -0.316435
t -0.946951 0.00256999 -0.321367
bt 0.171772 -0.937012 -0.304143
t -0.97854 0.143274 -0.148095
bt -0.28778 -0.957016 0.0360903
t -0.447784 0.0112232 -0.894071
bt 0.13732 -0.986419 0.0901113
t -0.393548 0.0196584 -0.919094
bt 0.234981 -0.971818 0.0188336
t -0.470009 0.0246964 -0.882316
bt 0.288658 -0.955088 -0.0669573
t -0.452417 0.0199008 -0.891585
bt 0.310707 -0.949063 -0.0523495
t -0.724801 0.0245462 -0.688521
bt 0.064766 -0.997789 0.0149038
t -0.801562 -0.0935635 -0.590545
bt 0.128283 -0.99141 -0.0255027
t -0.800049 -0.0535417 -0.597541
bt 0.226011 -0.973644 -0.0305882
t -0.648179 -0.165323 -0.743325
bt 0.257469 -0.959282 -0.116136
t -0.475464 -0.124032 -0.870948
bt 0.16696 -0.938119 -0.303409
t -0.779162 0.141031 -0.610751
bt -0.251298 -0.967266 -0.0352887
t -0.594064 0.00784164 -0.80438
bt -0.0186156 -0.986181 -0.164624
t -0.54778 -0.0485727 -0.835212
bt -0.343254 -0.938199 -0.0442755
t -0.494887 -0.0700162 -0.866132
bt -0.164957 -0.982052 -0.0914523
t -0.685274 0.00272944 -0.728281
bt -0.300576 -0.948143 -0.103337
t -0.911853 0.178857 -0.369505
bt -0.402994 -0.9045 0.139552
t -0.100741 -0.761243 -0.640594
bt 0.277423 -0.952212 -0.127784
t -0.627179 -0.156709 -0.762947
bt 0.111775 -0.992493 -0.0496349
t -0.4038 -0.0491161 -0.913528
bt 0.0927863 -0.993331 0.0684443
t -0.441357 -0.0675426 -0.894786
bt 0.0694483 -0.993509 0.0900881
t -0.458751 -0.0417612 -0.887583
bt -0.0259177 -0.994345 0.102986
t -0.555842 -0.0787568 -0.827549
bt 0.0638699 -0.996996 0.0438237
t -0.592431 -0.0787603 -0.801762
bt 0.293029 -0.953672 0.0681418
t -0.545769 -0.0621034 -0.835631
bt -0.12194 -0.986533 0.109011
t -0.638426 -0.114746 -0.761082
bt 0.0716701 -0.994791 -0.0724827
t -0.425877 -0.251338 -0.869171
bt -0.0929948 -0.993992 -0.0577237
t -0.669447 -0.0574024 -0.740639
bt -0.420443 -0.905965 0.0495473
t -0.849233 0.0172173 -0.527737
bt -0.38011 -0.876721 -0.294748
t -0.714666 -0.0548799 -0.697309
bt 0.0915041 -0.977892 0.18803
t -0.842205 -0.0947055 -0.530775
bt 0.461012 -0.85697 0.230371
t -0.672213 -0.068677 -0.737166
bt 0.115575 -0.790592 0.601337
t -0.618168 -0.145123 -0.772534
bt -0.398803 -0.903834 0.155048
t -0.0145569 -0.364431 -0.931117
bt -0.116433 -0.948759 0.293767
t -0.289822 -0.347268 -0.891857
bt -0.101308 -0.993558 0.0507831
t -0.699442 -0.273137 -0.660437
bt -0.302804 -0.930851 -0.204514
t -0.684003 0.01098 -0.729397
bt -0.428472 -0.884538 0.184403
t -0.684634 0.060326 -0.726386
bt -0.208829 -0.970767 0.118326
t -0.558468 0.119538 -0.820868
bt -0.280447 -0.959654 -0.0203465
t -0.600804 -0.00704141 -0.799366
bt -0.317566 -0.946059 0.0642114
t -0.586135 -0.00823791 -0.810172
bt -0.243918 -0.969199 0.0340152
t -0.727779 0.0328725 -0.685023
bt -0.369919 -0.921813 0.115851
t -0.0152054 -0.259255 -0.965689
bt -0.274127 -0.957456 0.0901846
t -0.163866 -0.107833 -0.980571
bt -0.23354 -0.972344 0.00238645
t -0.534054 -0.0847562 -0.841191
bt -0.543036 -0.827194 0.144437
t -0.586266 -0.00898832 -0.810068
bt -0.221031 -0.972952 0.0671568
t -0.0614233 -0.388193 -0.919529
bt -0.0272619 -0.990635 0.133787
t -0.578201 -0.435951 -0.68966
bt 0.194595 -0.97956 -0.050945
t -0.613989 -0.055183 -0.787383
bt -0.476613 -0.86163 0.174454
t -0.407066 -0.147852 -0.901353
bt -0.679584 -0.723277 0.122621
t -0.615478 0.0126896 -0.788052
bt -0.518852 -0.846509 0.119232
t -0.600926 -0.0244606 -0.79893
bt -0.524525 -0.846182 0.0940727
t -0.294173 -0.0456075 -0.954663
bt -0.394632 -0.906223 0.151739
t -0.364592 0.00641283 -0.931145
bt -0.143104 -0.987076 0.0721233
t -0.306134 -0.049095 -0.950722
bt -0.495886 -0.83534 0.237285
t -0.119749 -0.119367 -0.985602
bt -0.237494 -0.943699 0.23028
t -0.573628 -0.204213 -0.793251
bt -0.566773 -0.761234 0.315105
t -0.734643 -0.0169045 -0.678243
bt -0.490282 -0.800107 0.345618
t -0.107446 -0.072101 -0.991593
bt -0.247339 -0.956128 0.156981
t -0.616264 -0.149443 -0.77323
bt -0.574534 -0.808854 0.125163
t -0.62837 -0.0909863 -0.772575
bt -0.525075 -0.84595 0.0930862
t -0.585766 -0.314141 -0.747123
bt -0.593069 -0.785762 0.175635
t 0.191315 -0.718972 -0.668191
bt -0.735032 -0.60523 0.305654
t -0.732544 -0.269182 -0.625236
bt -0.635248 -0.759748 0.138718
t -0.658699 -0.738914 0.141851
bt -0.6973 -0.683227 0.216733
t -0.0908463 -0.417204 -0.904261
bt -0.590647 -0.803393 0.0754674
t -0.298038 -0.359929 -0.884095
bt -0.488236 -0.872113 0.0323381
t -0.504615 -0.240255 -0.829241
bt -0.436771 -0.898965 -0.0330712
t -0.610034 -0.0455689 -0.791064
bt -0.535219 -0.841393 0.0748224
t -0.166749 -0.232009 -0.958314
bt -0.443259 -0.88648 0.132945
t 0.00496409 -0.331442 -0.943463
bt 0.00859427 -0.989142 0.146713
t -0.583563 0.0138546 -0.81195
bt -0.538643 -0.839737 0.0685964
t -0.418191 -0.0300058 -0.907863
bt -0.432936 -0.900005 -0.0505663
t -0.634347 -0.0107751 -0.772974
bt 0.0946469 -0.994551 -0.0437117
t -0.547253 -0.0316004 -0.836371
bt -0.105785 -0.99308 -0.0509998
t -0.349318 -0.025559 -0.936656
bt -0.0199886 -0.997874 0.062026
t -0.264865 -0.0142705 -0.96418
bt 0.168239 -0.98335 0.0686944
t -0.542094 -0.0233295 -0.839994
bt -0.284938 -0.940008 0.187602
t -0.177804 -0.0531786 -0.982628
bt -0.0874191 -0.995666 0.0317342
t -0.577418 -0.136512 -0.804956
bt -0.410496 -0.907451 0.0895898
t -0.517972 0.0394754 -0.854486
bt -0.519775 -0.843409 -0.135996
t -0.550675 -0.0698233 -0.831794
bt -0.291362 -0.950072 0.111675
t -0.570907 -0.0893256 -0.816141
bt -0.0156714 -0.994612 0.102473
t -0.561277 -0.146434 -0.814571
bt -0.0834305 -0.973771 0.211684
t -0.571931 -0.069029 -0.817392
bt -0.756294 -0.571755 0.317987
t -0.459327 -0.0901863 -0.883677
bt -0.181397 -0.978682 0.0963119
t -0.434055 -0.081423 -0.897199
bt 0.0217025 -0.997805 0.0625694
t -0.44008 -0.119333 -0.889994
bt 0.281841 -0.958798 -0.035663
t -0.224729 -0.0806302 -0.97108
bt -0.0176203 -0.999083 -0.0390317
t -0.578543 -0.081764 -0.811543
bt -0.126308 -0.982758 0.135031
t -0.851649 0.030859 -0.523203
bt 0.0817016 -0.974685 -0.20812
t -0.502497 -0.259894 -0.824592
bt -0.399272 -0.890271 0.219086
t -0.716365 -0.129847 -0.685538
bt 0.196252 -0.980156 0.0279126
t -0.541686 -0.305511 -0.783096
bt -0.354408 -0.865678 0.353549
t -0.0435332 -0.434408 -0.899663
bt -0.727077 -0.622146 0.290334
t -0.502216 -0.173556 -0.847147
bt -0.547033 -0.829698 -0.111158
t -0.384051 -0.20386 -0.900525
bt -0.612094 -0.786642 -0.0808425
t -0.660736 0.146865 -0.73611
bt -0.887825 -0.457177 0.0525097
t -0.477204 0.15458 -0.86509
bt -0.948149 -0.315574 0.0377764
t -0.312447 -0.238739 -0.919446
bt -0.65408 -0.752068 -0.0810788
t -0.711137 0.462926 -0.529134
bt -0.883026 -0.457327 0.105439
t -0.457536 0.325295 -0.827553
bt -0.992939 -0.0308779 0.114539
t -0.462262 0.386517 -0.798072
bt -0.982823 -0.0927334 0.159558
t -0.670779 0.569044 -0.475651
bt -0.850958 -0.519978 0.0741231
t -0.0354448 0.00264569 -0.999368
bt -0.99564 -0.01246 -0.092441
t -0.00756476 -0.0145889 -0.999865
bt -0.997528 0.000370293 -0.0702704
t 0.438679 -0.337702 -0.832777
bt -0.897434 -0.43945 -0.0386744
t 0.496927 -0.399871 -0.770173
bt -0.961057 -0.167528 -0.21978
t 0.0437949 -0.0417316 -0.998169
bt -0.959303 -0.277434 -0.0526129
t 0.656936 -0.360129 -0.662377
bt -0.566107 -0.822509 -0.0547946
t 0.332603 -0.219885 -0.917075
bt -0.561283 -0.82114 -0.103395
t 0.384344 -0.166998 -0.90796
bt -0.353809 -0.930896 0.0908412
t -0.00304929 -0.224852 -0.974388
bt -0.404208 -0.890117 0.210493
t 0.54131 -0.331602 -0.772672
bt -0.665419 -0.745664 0.0346857
t 0.566333 -0.236686 -0.789459
bt -0.668599 -0.740331 -0.069892
t 0.0757887 -0.0467878 -0.996026
bt -0.390791 -0.918676 -0.0575891
t 0.104684 -0.0423234 -0.993605
bt -0.610258 -0.792197 -0.00301147
t 0.295384 -0.0529476 -0.95391
bt -0.353087 -0.93559 -0.000571642
t 0.731928 -0.124017 -0.670001
bt -0.289164 -0.957269 -0.00459143
t -0.49134 0.316042 -0.811605
bt -0.597854 -0.8014 0.0181438
t -0.394068 0.230692 -0.889658
bt -0.444567 -0.85204 -0.276385
t 0.0821893 -0.0318002 -0.996109
bt -0.404232 -0.890278 0.209766
t -0.0288154 -0.0743292 -0.996817
bt -0.328636 -0.940766 0.0834168
t 0.7305 -0.507133 -0.457369
bt -0.752769 -0.60976 -0.248057
t 0.731817 -0.537097 -0.419489
bt -0.866875 -0.475905 -0.148465
t 0.838884 -0.303059 -0.452138
bt -0.717657 -0.666977 -0.200275
t 0.79654 -0.432646 -0.422305
bt -0.789293 -0.573817 -0.218518
t 0.140395 0.105659 -0.984442
bt -0.397642 -0.917254 0.0229399
t -0.0134619 0.0913977 -0.995723
bt 0.165818 -0.980363 0.106739
t -0.0856044 0.0853913 -0.992663
bt -0.398134 -0.915067 0.0643591
t 0.0635926 0.184708 -0.980734
bt -0.272842 -0.962056 0.00229664
t -0.345009 0.34986 -0.870957
bt -0.304789 -0.947744 -0.0942617
t 0.162554 0.159378 -0.973743
bt -0.402415 -0.909283 0.106144
t 0.0779758 0.0549855 -0.995438
bt -0.582759 -0.81251 -0.0148276
t -0.216849 0.308063 -0.926323
bt -0.595721 -0.801514 -0.0518935
t -0.328387 0.401943 -0.854754
bt -0.89121 -0.451241 0.0461215
t 0.782554 -0.501735 -0.368606
bt -0.884631 -0.437596 -0.161049
t 0.622533 -0.486532 -0.612975
bt -0.946534 -0.187879 -0.262249
t 0.541253 -0.148732 -0.827601
bt -0.717475 -0.695237 0.0433062
t 0.55286 -0.25076 -0.794648
bt -0.787952 -0.61545 -0.018812
t 0.336766 0.0429652 -0.940608
bt -0.468391 -0.858128 0.210301
t 0.610899 -0.0460837 -0.790366
bt -0.710066 -0.703703 0.0246391
t 0.39349 -0.0819604 -0.915668
bt -0.366354 -0.916687 0.159593
t 0.297362 0.0872724 -0.950768
bt -0.396022 -0.895681 0.202293
t 0.20216 0.162153 -0.965835
bt -0.853756 -0.506985 0.118602
t 0.44223 -0.272427 -0.854527
bt -0.704026 -0.710108 0.00965499
t 0.518014 -0.179629 -0.836298
bt -0.788817 -0.485545 0.376847
t 0.605028 -0.111672 -0.788334
bt -0.613006 -0.786643 0.0735986
t 0.3674 0.112418 -0.923244
bt -0.524159 -0.776231 0.350318
t 0.573644 -0.102998 -0.812603
bt -0.750101 -0.646227 0.140499
t 0.457094 -0.255108 -0.852048
bt -0.701778 -0.712382 0.00445867
t 0.833559 -0.456008 -0.311828
bt -0.813267 -0.481373 -0.326921
t 0.81836 -0.324701 -0.47419
bt -0.726251 -0.656522 -0.203807
t 0.778795 -0.45421 -0.432633
bt -0.799257 -0.563147 -0.209892
t 0.881129 -0.377179 -0.285215
bt -0.700181 -0.586289 -0.407445
t 0.785914 -0.166815 -0.59541
bt -0.585226 -0.801378 -0.123712
t 0.828767 -0.390119 -0.401188
bt -0.73128 -0.628807 -0.264254
t 0.564124 -0.462458 -0.68403
bt -0.842927 -0.537967 0.0081187
t -0.0914684 0.186526 -0.978183
bt -0.764211 -0.644966 0.000688705
t 0.649078 -0.378232 -0.660028
bt -0.841873 -0.535679 -0.0655585
t -0.563884 0.338521 -0.753285
bt -0.972618 -0.230819 0.0271368
t -0.0145076 -0.181942 -0.983202
bt -0.689951 -0.721792 -0.0546161
t -0.20756 -0.218159 -0.953586
bt -0.843114 -0.537688 -0.00711332
t -0.197337 -0.0725358 -0.977649
bt -0.493627 -0.869662 -0.00447419
t -0.116499 -0.266735 -0.956703
bt -0.579262 -0.815111 0.007011
t 0.157212 -0.36244 -0.918652
bt -0.41068 -0.911711 0.0112211
t -0.0197287 -0.207703 -0.977993
bt -0.377468 -0.924346 0.055694
t -0.0734789 0.0420066 -0.996412
bt -0.705654 -0.708525 0.00669117
t -0.873342 -0.255648 -0.41463
bt -0.920252 -0.386191 0.0631849
t -0.208839 -0.0562414 -0.976332
bt -0.387229 -0.921375 0.0334841
t -0.134341 0.128821 -0.982526
bt -0.403117 -0.915142 -0.00351626
t -0.34407 0.146003 -0.927523
bt -0.375562 -0.919495 0.116117
t -0.478624 0.211136 -0.852257
bt -0.739053 -0.666948 -0.0947658
t -0.514944 0.24391 -0.821791
bt -0.884114 -0.45782 -0.0935093
t -0.59005 0.324881 -0.739116
bt -0.670294 -0.739688 -0.0597217
t -0.297547 0.0266644 -0.954335
bt -0.890628 -0.45433 0.0191032
t -0.28212 0.130013 -0.950529
bt -0.589188 -0.806984 -0.0404223
t -0.322018 0.209472 -0.923269
bt -0.492547 -0.870245 0.00844288
t 0.572099 -0.295252 -0.765199
bt -0.470301 -0.876821 0.100003
t 0.486576 -0.208259 -0.848453
bt -0.526209 -0.842338 0.116492
t -0.293181 0.171261 -0.940593
bt -0.55155 -0.826394 0.113425
t -0.269484 0.147675 -0.951615
bt -0.456942 -0.88638 0.0743977
t -0.44876 0.178979 -0.875546
bt -0.534807 -0.840464 0.0871904
t -0.288132 0.0287441 -0.957159
bt -0.58325 -0.799723 0.142345
t -0.624908 0.476988 -0.61804
bt -0.58612 -0.80515 -0.0905352
t -0.75753 0.430585 -0.490657
bt -0.727088 -0.662872 0.178728
t -0.568802 0.351643 -0.743513
bt -0.6081 -0.790769 0.0699932
t -0.821728 0.253584 -0.510351
bt -0.621406 -0.719231 0.310743
t -0.583889 0.194047 -0.788301
bt -0.631989 -0.743613 0.218243
t -0.872807 0.199969 -0.445219
bt -0.294396 -0.954282 0.0517484
t -0.70874 0.175426 -0.683311
bt -0.240516 -0.968025 0.0712679
t -0.867332 0.0170874 -0.497437
bt 0.0549946 -0.977001 -0.20602
t -0.705289 0.0111771 -0.708832
bt 0.126477 -0.986239 -0.106473
t -0.810202 -0.134992 -0.570395
bt 0.122085 -0.9468 -0.297766
t -0.750646 -0.141693 -0.645332
bt -0.0812889 -0.98107 -0.175766
t -0.256297 0.15582 -0.953956
bt -0.284303 -0.921241 0.265493
t -0.0792844 0.10191 -0.991629
bt -0.588954 -0.802371 0.0966087
t -0.336051 0.0154464 -0.941717
bt 0.157661 -0.975267 0.154911
t -0.922276 0.281905 -0.264454
bt -0.597967 -0.711902 0.368282
t -0.867248 0.255119 -0.427545
bt -0.688918 -0.690509 0.220432
t -0.760045 0.0826628 -0.644591
bt -0.767722 -0.63987 -0.0342023
t -0.856427 0.117704 -0.502672
bt -0.577261 -0.816344 0.0187662
t -0.671084 -0.129773 -0.729935
bt 0.104684 -0.993571 0.0431072
t -0.578838 -0.0575008 -0.813412
bt 0.164524 -0.98575 0.0350651
t -0.767266 -0.0632944 -0.638198
bt 0.23997 -0.970725 0.01039
t -0.798165 -0.0242163 -0.601952
bt 0.112737 -0.970644 0.212463
t -0.568806 -0.00655088 -0.822446
bt -0.322415 -0.780126 0.536145
t -0.523791 0.0099628 -0.851789
bt -0.0184613 -0.967019 0.254033
t -0.700527 -0.0031224 -0.713619
bt -0.0430445 -0.939199 0.340664
t -0.618197 -0.029118 -0.785484
bt -0.460693 -0.635162 0.619944
t -0.442309 -0.121973 -0.88853
bt -0.562513 -0.530801 0.633901
t -0.392833 -0.0402514 -0.918729
bt -0.136192 -0.938451 0.317429
t -0.400772 0.00220581 -0.916175
bt 0.304442 -0.951502 -0.0442549
t -0.261444 0.0542496 -0.963693
bt 0.238883 -0.970622 0.028762
t -0.448434 0.00559459 -0.893798
bt 0.305022 -0.950159 -0.0645002
t -0.597573 -0.0981523 -0.795784
bt 0.421223 -0.898928 -0.120417
t -0.432757 -0.0478403 -0.90024
bt 0.325991 -0.945184 -0.0189264
t -0.537583 -0.0501886 -0.841716
bt 0.0264696 -0.969558 0.243427
t -0.590983 -0.113527 -0.798655
bt 0.450735 -0.88926 -0.0778155
t -0.593621 -0.121532 -0.795515
bt -0.231884 -0.854941 0.46401
t -0.627388 -0.0281917 -0.778196
bt 0.305207 -0.9517 0.0333981
t -0.601541 -0.00988194 -0.798781
bt -0.522289 -0.566657 0.637271
t -0.35211 -0.0885525 -0.93176
bt -0.107337 -0.910457 0.399432
t -0.195538 0.0866138 -0.976864
bt 0.234452 -0.968473 0.0842152
t -0.638603 0.0101658 -0.769469
bt 0.431538 -0.895866 -0.105827
t -0.458316 0.0417076 -0.88781
bt 0.331606 -0.943396 -0.00636274
t -0.647591 0.0375939 -0.76106
bt 0.407029 -0.902583 -0.140255
t -0.659377 -0.0185403 -0.751584
bt -0.163421 -0.897872 0.408803
t -0.305386 -0.21738 -0.927084
bt -0.272519 -0.827442 0.490991
t -0.671501 -0.0503277 -0.739292
bt -0.169262 -0.911504 0.374847
t -0.691091 -0.283582 -0.664812
bt 0.505428 -0.862787 0.0118438
t -0.852304 -0.108567 -0.511655
bt 0.363725 -0.927936 0.0814804
t -0.839558 -0.0440158 -0.541484
bt 0.273114 -0.961085 0.0415111
t -0.472182 -0.0602816 -0.879438
bt 0.457914 -0.879313 0.130854
t -0.244144 -0.131966 -0.960718
bt 0.295042 -0.953666 0.0589203
t -0.957945 -0.0458663 -0.283263
bt 0.405252 -0.892079 -0.199917
t -0.879877 -0.240541 -0.409825
bt 0.472724 -0.864647 -0.170052
t -0.913035 -0.231462 -0.335846
bt 0.562823 -0.816384 -0.129412
t -0.810936 -0.24482 -0.531456
bt 0.579544 -0.804914 -0.127447
t -0.76795 -0.236813 -0.595124
bt 0.567693 -0.815229 -0.114572
t -0.820608 -0.0890517 -0.564511
bt 0.428671 -0.90251 -0.0414434
t -0.947801 -0.104821 -0.301141
bt 0.507906 -0.847255 -0.155536
t -0.934682 -0.0397315 -0.353257
bt 0.426781 -0.903031 -0.048916
t -0.961991 -0.012807 -0.27278
bt 0.513458 -0.844368 -0.152984
t -0.9502 -0.0926957 -0.297537
bt 0.45252 -0.873364 -0.180168
t -0.861703 -0.0452982 -0.505388
bt -0.0320822 -0.946867 0.320022
t -0.323781 -0.117635 -0.938791
bt 0.107698 -0.971918 0.20923
t -0.141576 -0.0739051 -0.987165
bt 0.466602 -0.879252 0.0959097
t -0.0805372 0.11519 -0.990073
bt 0.436106 -0.899721 0.0176926
t -0.360687 0.0349546 -0.932032
bt 0.577418 -0.813507 -0.0692456
t 0.0878338 0.0992554 -0.991178
bt 0.557653 -0.82816 0.0563436
t -0.36975 -0.83742 -0.402508
bt -0.233138 -0.968543 0.0870087
t -0.68314 -0.300058 -0.665797
bt -0.250855 -0.797327 -0.548946
t -0.606224 -0.19915 -0.769956
bt 0.411162 -0.909945 -0.0542742
t -0.672739 -0.0131258 -0.739764
bt 0.409439 -0.910588 -0.0564835
t -0.865152 -0.0786953 -0.495298
bt 0.319407 -0.945952 -0.056167
t -0.703648 -0.0593916 -0.708062
bt 0.270214 -0.962705 -0.0135305
t -0.532028 -0.0439575 -0.845585
bt -0.0032162 -0.993824 0.110918
t -0.829582 0.0766531 -0.553099
bt -0.175062 -0.976331 0.127005
t -0.823892 0.130318 -0.55156
bt -0.595487 -0.727927 0.339879
t -0.388898 0.00440169 -0.92127
bt -0.0491758 -0.998403 0.0278038
t -0.782194 0.030945 -0.622266
bt -0.136299 -0.979003 0.151575
t -0.802592 0.104307 -0.587339
bt -0.531926 -0.765816 0.361361
t -0.490393 0.0668808 -0.868931
bt -0.313296 -0.947643 -0.0617879
t -0.18823 0.0458041 -0.981056
bt 0.737696 -0.597552 -0.314224
t -0.591124 0.0677188 -0.803733
bt -0.700838 -0.665323 0.257238
t -0.409608 -0.0404725 -0.911363
bt -0.0413981 -0.984809 0.168633
t -0.717311 -0.00570285 -0.69673
bt 0.392072 -0.915914 -0.0859107
t -0.565158 -0.133132 -0.81417
bt 0.37239 -0.919941 -0.122614
t -0.565785 -0.000566994 -0.824552
bt 0.306851 -0.947827 0.0864113
t -0.426414 -0.0779706 -0.901161
bt 0.262546 -0.961536 0.0807325
t -0.262202 -0.138551 -0.955015
bt 0.324292 -0.94306 0.0739748
t -0.221058 -0.105234 -0.969566
bt 0.652375 -0.757292 -0.0302674
t 0.0788979 -0.160536 -0.983872
bt 0.141839 -0.98026 0.137738
t 0.025961 -0.0533285 -0.99824
bt 0.680395 -0.732762 -0.0110569
t -0.257053 -0.0246956 -0.966082
bt -0.0730759 -0.993575 0.0864197
t -0.268725 -0.216535 -0.938562
bt -0.728045 -0.637771 0.251392
t -0.362514 -0.0538306 -0.930423
bt 0.0540048 -0.994161 0.0934168
t -0.679119 -0.069486 -0.730732
bt 0.303264 -0.952484 -0.0283769
t -0.834915 -0.0671485 -0.546268
bt 0.292448 -0.956169 -0.0146716
t -0.601606 -0.731269 -0.321427
bt -0.777613 -0.595982 0.200308
t 0.598665 0.0952202 -0.79532
bt -0.778613 -0.5912 0.210344
t 0.650679 0.411677 -0.638075
bt -0.902365 -0.401062 0.157759
t 0.64377 -0.213286 -0.734894
bt -0.917825 -0.382721 0.105457
t -0.427749 -0.662438 -0.614986
bt -0.917424 -0.384373 0.102916
t 0.696087 0.717948 -0.00373236
bt -0.648312 -0.753 0.112615
t -0.619444 -0.166001 -0.767289
bt -0.663631 -0.740429 0.106583
t -0.637118 -0.580133 -0.50747
bt -0.693661 -0.709902 0.121956
t -0.332429 -0.077627 -0.939928
bt -0.495937 -0.852714 0.164092
t -0.359716 -0.0465774 -0.931899
bt -0.791463 -0.584609 0.178377
t -0.656235 -0.0836878 -0.749901
bt -0.796772 -0.600508 0.0674149
t -0.244149 -0.23345 -0.941218
bt -0.663196 -0.731709 0.157397
t -0.312921 0.399966 -0.861457
bt -0.851153 -0.519886 0.0725092
t -0.303782 -0.0268864 -0.952362
bt -0.499203 -0.85279 0.153449
t -0.273792 -0.0196677 -0.961588
bt -0.398908 -0.911749 0.0979109
t -0.338324 -0.0882137 -0.936886
bt -0.482023 -0.8513 0.207224
t 0.597011 0.166926 -0.784675
bt -0.696509 -0.715326 0.0564314
t 0.685605 0.196996 -0.700813
bt 0.184173 -0.73558 -0.651922
t 0.574111 0.646459 -0.50248
bt -0.289433 -0.349631 0.891059
t 0.68778 0.357186 -0.631963
bt 0.138128 -0.400031 -0.906033
t -0.670148 -0.587897 0.453076
bt -0.636701 -0.683817 0.35638
t -0.578509 -0.610806 -0.540596
bt -0.791351 -0.599873 0.117962
t -0.55003 -0.0740263 -0.831858
bt -0.85967 -0.504804 0.0783632
t 0.654088 0.0403089 -0.755344
bt -0.584854 -0.774398 0.241359
t 0.734957 0.447029 -0.509906
bt -0.786063 -0.61677 0.0412187
t -0.0819262 0.470937 -0.878354
bt -0.836756 -0.545685 0.0454654
t -0.845455 -0.12262 -0.519779
bt -0.836861 -0.536404 0.109248
t -0.816763 -0.180768 -0.547925
bt -0.820942 -0.563547 0.0920246
t -0.769251 -0.407289 -0.492309
bt -0.83784 -0.539102 0.0859824
t -0.249527 0.0376848 -0.967634
bt -0.858592 -0.503434 0.0968184
t -0.819482 -0.384965 -0.424561
bt -0.872249 -0.488336 -0.0266513
t -0.948845 0.0254029 -0.314718
bt -0.959115 -0.282201 -0.0214511
t 0.380428 0.442802 -0.811912
bt -0.855712 -0.508102 0.0979313
t 0.367465 0.362117 -0.856645
bt -0.837472 -0.539262 0.0885253
t -0.688343 0.0235171 -0.725004
bt -0.797428 -0.602989 0.0226432
t -0.638232 -0.0625595 -0.767298
bt -0.801484 -0.597299 0.0292845
t -0.240589 -0.679252 -0.69335
bt -0.702492 -0.707108 0.0806467
t -0.271472 0.100395 -0.957196
bt -0.702986 -0.709874 0.0434611
t -0.309938 -0.230097 -0.922493
bt -0.782265 -0.617412 0.0828437
t -0.606442 -0.639635 -0.472329
bt -0.769051 -0.629728 0.109562
t -0.823206 0.0211755 -0.567347
bt -0.79488 -0.601292 0.0813308
t -0.703834 -0.502102 -0.502506
bt -0.825991 -0.537887 0.168573
t 0.909337 -0.17438 -0.377754
bt -0.901035 -0.417024 0.119273
t 0.713313 0.437436 -0.547571
bt -0.831031 -0.54523 0.110054
t 0.640495 0.376246 -0.669481
bt -0.770018 -0.619027 0.154525
t 0.685175 0.230423 -0.690971
bt -0.831303 -0.549043 0.0865272
t 0.59986 0.482092 -0.638557
bt -0.780128 -0.616115 0.108639
t 0.0619744 -0.23286 -0.970534
bt -0.557752 -0.824994 0.0910879
t -0.557958 0.187904 -0.808316
bt -0.870975 -0.485517 -0.075341
t -0.370438 -0.531486 -0.761773
bt -0.825545 -0.5632 0.0358041
t -0.149398 -0.60227 -0.784188
bt -0.689395 -0.714469 0.119448
t 0.0571489 -0.598609 -0.799
bt -0.677571 -0.727384 0.108676
t 0.570732 0.00313065 -0.821131
bt -0.665445 -0.742913 0.0725496
t -0.311047 -0.0396903 -0.949566
bt -0.475481 -0.850102 0.226374
t -0.0881601 -0.251261 -0.963896
bt -0.298147 -0.898595 0.321925
t 0.488756 0.747234 -0.450287
bt -0.366815 -0.700531 0.612129
t 0.642378 -0.181964 -0.744473
bt -0.255182 -0.898857 -0.356284
t -0.424622 -0.748653 -0.509131
bt -0.561837 -0.730673 0.387887
t -0.7883 0.0379363 -0.614121
bt -0.435505 -0.814079 0.384202
t 0.23054 0.101727 -0.967731
bt -0.556874 -0.71472 0.423164
t -0.645622 -0.0270039 -0.763179
bt -0.406237 -0.839256 0.361415
t -0.518449 -0.161989 -0.839625
bt -0.412703 -0.816664 0.403407
t -0.0268245 0.021399 -0.999411
bt 0.348716 -0.936653 0.0328488
t -0.0865437 -0.0700214 -0.993784
bt 0.221677 -0.974743 0.0271092
t -0.0344426 -0.0606551 -0.997564
bt 0.576117 -0.817248 0.0139835
t -0.0226595 0.0117831 -0.999674
bt 0.588299 -0.808641 -0.00206938
t 0.277319 0.0717939 -0.958092
bt 0.27046 -0.962717 0.00530692
t 0.252717 0.110854 -0.961169
bt 0.611172 -0.791488 0.0039867
t 0.366716 0.108915 -0.923936
bt 0.338364 -0.938424 -0.0697913
t 0.54981 0.191654 -0.813005
bt 0.596029 -0.80279 0.0166442
t 0.132409 0.0921604 -0.986901
bt 0.458634 -0.88708 -0.0523779
t -0.10642 -0.0812029 -0.991
bt 0.564218 -0.825454 -0.0168458
t 0.058269 -0.0680803 -0.995977
bt 0.435861 -0.899375 -0.0339136
t 0.323846 0.125428 -0.937759
bt 0.102098 -0.976193 -0.19137
t 0.86059 0.037109 -0.507945
bt -0.0348276 -0.947878 -0.316725
t 0.939252 -0.0228537 -0.342468
bt 0.382267 -0.921547 0.0679924
t 0.821645 0.0791375 -0.564479
bt 0.390847 -0.917697 0.071212
t 0.298445 0.198017 -0.933659
bt -0.281649 -0.838049 -0.467277
t 0.669393 0.0324729 -0.742199
bt -0.187273 -0.915936 -0.35495
t 0.372177 0.155282 -0.91508
bt 0.412487 -0.910689 0.0223816
t 0.658868 0.0232122 -0.7519
bt -0.152445 -0.894742 -0.419758
t 0.642086 0.113048 -0.758251
bt 0.406624 -0.911251 0.0654199
t 0.609387 0.0166275 -0.792698
bt -0.541582 -0.567541 -0.62015
t 0.65377 0.0700164 -0.753447
bt -0.459012 -0.634125 -0.622248
t 0.702749 0.0167647 -0.71124
bt -0.0576041 -0.942974 -0.327845
t 0.714829 0.0704452 -0.695742
bt 0.365127 -0.928548 0.0669338
t 0.600431 0.0962223 -0.793866
bt 0.530346 -0.84321 0.087923
t 0.383886 0.0384466 -0.92258
bt 0.357484 -0.928844 -0.0972293
t 0.864286 -0.0639359 -0.498921
bt 0.420491 -0.898479 -0.12619
t 0.844208 -0.0532741 -0.533362
bt 0.305786 -0.949685 -0.0677733
t 0.946677 0.109566 -0.302982
bt 0.517697 -0.842115 0.151103
t 0.44709 -0.0164434 -0.894338
bt 0.16516 -0.974673 -0.15078
t 0.76538 -0.0419178 -0.642213
bt 0.403744 -0.90261 0.149283
t 0.400102 0.0151188 -0.916346
bt 0.265357 -0.964109 -0.00887851
t 0.386041 0.021679 -0.922227
bt 0.258209 -0.962468 -0.0835713
t 0.203419 -0.110406 -0.972847
bt 0.249982 -0.954222 -0.164224
t 0.61751 0.0708619 -0.783364
bt 0.338872 -0.937655 -0.0772623
t 0.473945 0.0536319 -0.87892
bt 0.48424 -0.85293 -0.194991
t 0.848083 0.149656 -0.50829
bt 0.584785 -0.802872 0.115857
t 0.904607 0.148979 -0.399364
bt 0.503876 -0.851544 0.144849
t 0.821839 0.0813259 -0.563885
bt 0.579652 -0.81092 0.0800779
t 0.918536 0.0945981 -0.383853
bt 0.396416 -0.870968 0.29029
t 0.712466 0.238401 -0.659968
bt 0.583288 -0.807482 -0.0880271
t 0.231917 0.173546 -0.957129
bt 0.322574 -0.93414 -0.152734
t 0.654461 0.354911 -0.667622
bt -0.118561 -0.86739 0.483298
t 0.35943 0.870577 -0.336015
bt -0.20807 -0.964475 -0.162776
t 0.362715 0.125742 -0.923378
bt -0.129228 -0.926015 -0.354678
t 0.337094 0.00159888 -0.94147
bt 0.580841 -0.812217 0.0541011
t 0.00626789 -0.00903725 -0.999939
bt 0.523505 -0.850528 0.0504472
t 0.0136116 -0.0137333 -0.999813
bt 0.563808 -0.825904 -0.00138275
t 0.056261 0.0626346 -0.996449
bt 0.573388 -0.819175 -0.0133393
t -0.00673593 0.0103463 -0.999924
bt 0.643294 -0.765604 0.00480358
t 0.277495 0.0468988 -0.959582
bt 0.175919 -0.980449 -0.0881666
t 0.370737 0.078584 -0.925407
bt 0.207636 -0.974592 -0.0840072
t 0.260159 0.0958479 -0.960797
bt 0.341048 -0.927793 -0.151284
t -0.825223 0.410476 -0.387965
bt 0.959744 -0.266118 -0.0898513
t -0.593931 0.0936205 -0.79905
bt 0.836865 -0.536963 -0.106437
t -0.821628 0.0701324 -0.565693
bt 0.995795 -0.0916064 0.000241797
t -0.669371 0.71156 -0.213601
bt 0.855779 -0.448864 -0.257222
t -0.736546 0.66888 -0.100495
bt 0.929737 -0.265432 -0.255216
t 0.81473 -0.154433 -0.558896
bt 0.516991 -0.755684 0.402071
t 0.901104 0.0239003 -0.432945
bt 0.0199601 -0.838593 0.544393
t 0.865025 -0.0150097 -0.501504
bt 0.277168 -0.869536 0.408761
t 0.428155 0.503452 -0.75048
bt 0.670944 -0.503448 -0.544403
t 0.396205 0.565547 -0.723311
bt 0.521296 -0.783383 -0.33847
t 0.300706 0.705048 -0.642249
bt 0.883373 -0.383201 -0.269832
t -0.248855 0.0890003 -0.964443
bt 0.984244 -0.176636 0.00797771
t -0.110708 0.808916 -0.577407
bt 0.872706 -0.422447 -0.244792
t 0.782998 -0.0574753 -0.619363
bt 0.485356 -0.83323 0.26487
t 0.60045 0.164933 -0.782468
bt -0.00525203 -0.992385 -0.123064
t 0.629652 -0.0311629 -0.776252
bt 0.262466 -0.963198 0.0579813
t 0.937851 0.124195 -0.324055
bt -0.0592491 -0.918282 -0.39147
t 0.648492 -0.00569189 -0.7612
bt -0.3731 -0.580964 0.723379
t 0.933855 0.0830243 -0.347883
bt -0.637697 -0.751019 -0.171213
t 0.936491 0.0902063 -0.338892
bt -0.761493 -0.647987 0.0155262
t 0.620689 0.015857 -0.783896
bt -0.325406 -0.663209 0.673992
t 0.254172 0.00433763 -0.967149
bt 0.510213 -0.84526 -0.1588
t 0.117958 0.0385972 -0.992268
bt 0.268383 -0.952963 -0.140827
t 0.908476 -0.130032 -0.397194
bt 0.959726 -0.266595 -0.0886186
t 0.781886 -0.166314 -0.600827
bt 0.807144 -0.476512 -0.348504
t 0.927957 0.0185294 -0.372226
bt 0.97517 -0.210216 -0.0696561
t 0.82263 -0.0116661 -0.568458
bt 0.814633 -0.245258 -0.525568
t 0.809555 0.103683 -0.577816
bt -0.735534 -0.368147 0.568733
t 0.602577 -0.0113624 -0.79798
bt -0.689698 0.208093 0.693552
t 0.649643 0.0714511 -0.756874
bt -0.485441 -0.559706 0.671622
t 0.953937 0.129899 -0.270426
bt -0.884452 -0.447908 -0.130853
t -0.284358 0.0294976 -0.958264
bt 0.986075 -0.166291 0.00199728
t 0.0940865 0.0452855 -0.994534
bt 0.995332 -0.096176 0.00802383
t 0.602147 0.28303 -0.746534
bt 0.657636 -0.311207 -0.686051
t 0.241805 0.466268 -0.850955
bt 0.728043 -0.630815 -0.268376
t -0.140395 0.026902 -0.98973
bt 0.821572 -0.569195 -0.0322008
t -0.2413 -0.0493129 -0.969197
bt 0.971835 -0.235142 -0.0156593
t 0.51208 0.66735 -0.540758
bt 0.902405 -0.262492 -0.341706
t 0.805057 0.129656 -0.578855
bt -0.0967002 -0.970227 0.222055
t 0.440802 0.138622 -0.886836
bt 0.327883 -0.934566 -0.138128
t 0.788129 -0.190442 -0.585307
bt -0.225772 -0.609541 0.759926
t 0.913722 -0.137462 -0.382382
bt -0.943758 0.190816 0.270018
t -0.712919 0.698647 0.060328
bt 0.811757 -0.433664 -0.391134
t -0.234555 0.970678 -0.0526207
bt 0.511676 -0.506087 -0.694308
t -0.823543 0.151344 0.546692
bt 0.818251 -0.215942 -0.532761
t 0.885472 0.0423327 -0.46276
bt -0.690678 -0.472221 0.547696
t 0.236389 0.0693672 -0.969179
bt 0.123196 -0.989535 -0.075126
t 0.0958784 0.0641628 -0.993323
bt 0.190924 -0.977771 -0.0866714
t 0.352632 0.0693367 -0.93319
bt 0.191384 -0.971382 -0.140674
t 0.36003 0.0156898 -0.932809
bt 0.166229 -0.983487 -0.071562
t 0.412365 0.0166549 -0.910867
bt -0.0257902 -0.999572 -0.0138378
t 0.520763 -0.0328267 -0.85307
bt 0.0271684 -0.998462 -0.0483252
t 0.595975 0.0372384 -0.802139
bt 0.23234 -0.972354 0.0233782
t 0.319936 -0.0670327 -0.945065
bt 0.109085 -0.992401 -0.0569238
t 0.237078 -0.0385461 -0.970726
bt -0.117089 -0.993035 -0.013134
t 0.279408 0.0256836 -0.959829
bt 0.209178 -0.971224 -0.113876
t 0.0819525 -0.0514257 -0.995309
bt 0.648005 -0.715378 0.26139
t 0.389868 -0.0192522 -0.92067
bt 0.133917 -0.988132 -0.0752389
t 0.50538 0.058675 -0.8609
bt 0.250223 -0.936823 -0.244439
t 0.219353 0.0335252 -0.975069
bt -0.134709 -0.971164 -0.196706
t 0.0155742 0.0210469 -0.999657
bt 0.667487 -0.731968 0.136689
t 0.321014 -0.0638816 -0.944918
bt -0.256938 -0.965475 -0.0429054
t 0.703688 -0.0159254 -0.710331
bt 0.0844511 -0.995655 0.0392314
t 0.54645 0.0214198 -0.837218
bt 0.160883 -0.982846 -0.0901704
t 0.774311 -0.0778377 -0.628
bt -0.252867 -0.953087 -0.166382
t 0.659262 -0.130651 -0.740475
bt -0.625915 -0.678082 -0.385274
t 0.35834 0.0287707 -0.933148
bt 0.133845 -0.990902 0.0140915
t 0.329874 0.200726 -0.922438
bt 0.192762 -0.970552 -0.144471
t 0.261215 0.0409952 -0.96441
bt 0.0652932 -0.992588 -0.1025
t 0.241658 0.0935691 -0.96584
bt 0.0830074 -0.992832 -0.0859877
t 0.392489 0.0461367 -0.918599
bt 0.357923 -0.929451 -0.0895153
t 0.503837 0.0987077 -0.858141
bt 0.14804 -0.988735 0.0220518
t 0.328407 0.185365 -0.926169
bt 0.365381 -0.917994 -0.154219
t -0.0193351 0.20326 -0.978934
bt 0.664709 -0.729706 -0.160282
t 0.353511 0.16319 -0.921086
bt 0.384164 -0.90846 -0.164678
t -0.0180271 0.782977 -0.621789
bt 0.807436 -0.532684 -0.253564
t 0.630578 0.0425448 -0.774959
bt 0.412752 -0.904462 0.10763
t 0.362311 -0.00232596 -0.932054
bt 0.172573 -0.980983 -0.0888276
t 0.841907 0.0836984 -0.533093
bt 0.342804 -0.937256 0.0635338
t 0.85281 0.0296953 -0.521376
bt 0.281255 -0.959342 0.0236301
t 0.822533 0.0460646 -0.566849
bt 0.229762 -0.971951 -0.0502067
t 0.78604 0.0539725 -0.615814
bt 0.103469 -0.970809 -0.216388
t -0.324965 -0.0760297 -0.942665
bt 0.5123 -0.858738 0.0108571
t -0.510734 -0.0912163 -0.854886
bt 0.0646899 -0.987991 0.140315
t -0.365681 -0.0838924 -0.926952
bt -0.498767 -0.861168 0.0980834
t -0.50542 -0.0571052 -0.860982
bt -0.227825 -0.968528 0.100249
t -0.451269 -0.0738984 -0.889323
bt -0.0914623 -0.995267 0.0328204
t -0.569997 -0.0268546 -0.821208
bt -0.00129487 -0.992803 0.119752
t -0.697903 -0.0080057 -0.716148
bt 0.0433928 -0.998962 0.0138778
t -0.558129 0.00881767 -0.829707
bt 0.100736 -0.994886 0.0073143
t -0.693567 0.00505591 -0.720374
bt 0.177705 -0.983355 0.037864
t -0.422218 -0.00358747 -0.906487
bt 0.024759 -0.997277 0.0694729
t -0.651606 0.0261788 -0.758106
bt 0.0966902 -0.991734 -0.0843438
t -0.716333 0.0621616 -0.694984
bt 0.438555 -0.879674 0.183963
t -0.608207 0.142287 -0.780922
bt -0.218987 -0.970072 0.1049
t -0.667299 0.0171397 -0.744593
bt 0.213152 -0.970488 0.112778
t -0.765835 0.120956 -0.631559
bt -0.215536 -0.910816 -0.352078
t -0.606068 0.137199 -0.783491
bt -0.0368144 -0.974281 -0.222307
t -0.720371 0.113973 -0.684161
bt -0.215663 -0.860549 -0.461459
t -0.822864 0.081163 -0.562412
bt 0.766746 -0.559536 -0.314675
t -0.765526 0.0878386 -0.637381
bt 0.50201 -0.819193 0.277326
t -0.937805 0.200247 -0.283588
bt 0.11996 -0.991648 0.0473714
t -0.796602 0.100352 -0.596116
bt -0.556234 -0.708505 0.434308
t -0.886537 0.275456 -0.37172
bt -0.364277 -0.845775 0.38983
t -0.30186 -0.122954 -0.94539
bt 0.499313 -0.864932 -0.0507792
t 0.0138292 -0.0104709 -0.999849
bt 0.491304 -0.870212 -0.0367508
t -0.0948107 -0.0281098 -0.995098
bt 0.248825 -0.966199 0.0674191
t 0.13266 0.0195374 -0.990969
bt 0.584844 -0.810502 0.0322964
t 0.190108 0.021536 -0.981527
bt 0.428831 -0.900304 0.0745503
t 0.279572 -0.0219948 -0.959873
bt 0.205177 -0.976113 0.0714527
t -0.00586049 -0.0399259 -0.999185
bt 0.274512 -0.95596 0.103844
t -0.241995 -0.115531 -0.963375
bt 0.228059 -0.963278 0.141719
t -0.183689 -0.097043 -0.978182
bt 0.180675 -0.970523 0.159504
t 0.274417 0.00261417 -0.961607
bt 0.209991 -0.976172 0.054696
t -0.969492 0.0164322 -0.244571
bt -0.245833 -0.882381 0.401211
t -0.99008 0.000328188 -0.140503
bt -0.077685 -0.919592 0.385118
t -0.324278 -0.0786834 -0.942684
bt 0.305314 -0.942529 0.135726
t -0.500479 0.00105553 -0.865748
bt 0.31047 -0.942112 0.126618
t -0.605935 0.0424096 -0.794383
bt 0.0122234 -0.975848 0.218107
t -0.972984 -0.0112288 -0.230601
bt -0.293273 -0.860937 0.415667
t -0.965954 0.0368094 -0.256083
bt -0.106111 -0.876308 0.46992
t -0.907358 0.270203 0.322013
bt -0.521723 -0.639369 0.564812
t -0.971891 0.193307 -0.134386
bt -0.585118 -0.810841 -0.0131467
t -0.945247 0.125661 -0.301195
bt -0.259331 -0.866262 0.427011
t -0.978332 0.158901 -0.132729
bt 0.605249 -0.784979 0.132222
t -0.730394 0.160449 0.663913
bt 0.0593732 -0.96205 0.266336
t -0.994267 0.0967544 -0.0455236
bt 0.0765618 -0.985495 0.151451
t -0.724205 -0.280142 0.630117
bt -0.0175626 -0.906795 -0.421206
t -0.996916 -0.0172165 -0.0765585
bt 0.249123 -0.874184 -0.416821
t 0.293239 -0.127512 -0.947497
bt -0.22075 -0.973426 0.0609132
t -0.118279 -0.0557506 -0.991414
bt -0.135695 -0.988094 0.0725003
t 0.279594 -0.0220881 -0.959864
bt 0.194566 -0.974981 0.107497
t -0.16169 0.165706 -0.97283
bt -0.0305019 -0.999444 -0.0134372
t -0.129027 -0.0121895 -0.991566
bt -0.305305 -0.948722 -0.0819467
t 0.32092 -0.166566 -0.932345
bt -0.698319 -0.712187 0.0716865
t -0.278084 0.0614628 -0.958588
bt -0.470583 -0.877909 -0.0884726
t -0.196288 0.00790628 -0.980515
bt -0.783472 -0.611828 0.108805
t -0.897339 -0.00585833 -0.441303
bt 0.507124 -0.68457 -0.523631
t -0.602884 0.0519605 -0.796135
bt 0.74978 -0.540817 -0.381244
t 0.280278 -0.0252044 -0.959588
bt 0.18536 -0.972928 0.138035
t -0.861776 -0.0748796 -0.501733
bt 0.933104 -0.355765 0.0524182
t -0.945883 -0.324237 0.0132388
bt 0.794977 -0.146858 -0.588595
t -0.866902 -0.142344 -0.477722
bt 0.985101 -0.0583831 -0.161766
t -0.694739 -0.543269 0.471377
bt 0.552768 -0.351965 -0.75536
t -0.354278 0.103236 -0.929424
bt 0.815931 -0.442102 -0.372563
t -0.541094 -0.125134 -0.8316
bt 0.839969 -0.539111 0.0617425
t -0.627775 -0.209298 -0.749729
bt -0.0470493 -0.9773 0.206571
t -0.619464 -0.0459428 -0.78368
bt 0.503744 -0.410938 0.75985
t -0.537706 -0.256693 -0.803107
bt 0.52355 -0.77732 0.34881
t -0.623689 -0.226845 -0.748033
bt 0.434546 -0.79336 0.42632
t -0.556467 -0.209616 -0.803994
bt 0.618152 -0.785214 -0.0364346
t -0.267347 -0.1913 -0.94442
bt 0.43359 -0.845203 0.312459
t -0.611382 -0.300414 -0.732095
bt 0.571889 -0.301319 0.762987
t -0.582243 -0.300751 -0.755342
bt -0.0427864 -0.93333 0.356461
t -0.61554 -0.265536 -0.742025
bt 0.0205436 -0.98716 0.158408
t -0.453262 -0.36398 -0.813678
bt 0.137205 -0.857495 0.49586
t -0.53672 -0.437361 -0.721559
bt 0.0944839 -0.624133 0.775584
t -0.579145 -0.233158 -0.781171
bt 0.395658 -0.441659 0.805228
t -0.525675 -0.439401 -0.728418
bt -0.782373 -0.485471 0.390142
t -0.536693 -0.4372 -0.721676
bt -0.337649 -0.929048 0.151205
t -0.650151 -0.248058 -0.718172
bt -0.28929 -0.912342 -0.289731
t -0.539197 -0.252726 -0.803366
bt 0.16906 -0.967218 -0.189495
t -0.753173 -0.0167087 -0.65761
bt 0.722513 -0.688152 -0.0665043
t -0.777055 -0.131278 -0.615591
bt 0.560014 -0.813709 0.155761
t -0.608238 -0.126522 -0.783606
bt 0.858025 -0.51298 0.0253902
t -0.845034 -0.0710218 -0.529974
bt -0.312166 -0.842414 -0.439193
t -0.795915 -0.0490309 -0.60342
bt -0.257785 -0.84985 -0.459675
t -0.398033 0.109045 -0.910867
bt 0.868514 -0.495612 -0.00724794
t -0.670953 0.119991 -0.731727
bt 0.882232 -0.470661 -0.0120375
t 0.765072 -0.519235 -0.380868
bt 0.900399 -0.433485 0.0370534
t 0.736477 -0.480856 -0.475793
bt 0.869878 -0.492873 0.019707
t 0.721383 -0.526274 -0.450158
bt 0.888688 -0.456529 0.0426009
t -0.80224 0.191476 -0.565463
bt 0.880452 -0.467012 -0.0818801
t -0.847469 0.168204 -0.503491
bt 0.944697 -0.32731 0.0203659
t -0.663644 0.364502 -0.653234
bt 0.762301 -0.644552 0.0587406
t 0.817713 0.308385 -0.486048
bt 0.973282 -0.228807 0.0192256
t 0.510197 -0.633921 -0.581242
bt 0.770086 -0.614287 0.172101
t 0.760752 -0.399853 -0.511247
bt 0.946474 -0.315148 0.069773
t 0.715918 0.168069 -0.677653
bt 0.910572 -0.400578 0.101956
t 0.536865 -0.393173 -0.746453
bt 0.730402 -0.681101 0.0511423
t -0.61206 0.630446 -0.47741
bt 0.70996 -0.680175 0.182532
t 0.655391 -0.602559 -0.455396
bt 0.76936 -0.638792 0.00553811
t 0.673332 0.273178 -0.687021
bt 0.821343 -0.553116 -0.139492
t 0.274604 0.297374 -0.914418
bt 0.912098 -0.409965 0.00266773
t 0.855042 -0.15576 -0.494613
bt 0.897461 -0.435205 0.0718385
t 0.747891 -0.138681 -0.649174
bt 0.927946 -0.369623 0.0479043
t -0.504546 0.588601 -0.631651
bt 0.929446 -0.366964 0.0382933
t -0.344983 0.839454 -0.419885
bt 0.829495 -0.535338 -0.159224
t 0.676896 -0.614127 -0.405782
bt -0.638334 0.592905 0.490911
t 0.864785 -0.168633 -0.47298
bt -0.709032 -0.219755 0.67006
t 0.871827 -0.237712 -0.428266
bt -0.808676 0.183078 0.55904
t -0.32678 0.331227 -0.885158
bt 0.93382 -0.357447 -0.0145338
t -0.429027 0.008969 -0.903247
bt 0.638768 -0.760472 -0.116863
t -0.046293 0.0553037 -0.997396
bt 0.661435 -0.749187 -0.0349611
t -0.0934236 0.122234 -0.988095
bt 0.665022 -0.745672 -0.0414612
t -0.362074 0.0258089 -0.931792
bt 0.647601 -0.75497 -0.10312
t -0.0604628 0.125152 -0.990294
bt 0.579985 -0.814163 -0.0274908
t -0.282778 -0.0104846 -0.959128
bt 0.527262 -0.839672 -0.130175
t 0.277614 0.102855 -0.955171
bt 0.652593 -0.757136 0.0294558
t 0.225656 0.162788 -0.96051
bt 0.525587 -0.842866 0.115479
t 0.341866 0.105764 -0.933778
bt 0.648821 -0.757689 0.0702823
t 0.780952 0.186628 -0.596057
bt 0.63196 -0.77453 0.0270089
t 0.787359 0.171952 -0.592029
bt 0.557524 -0.823965 0.101236
t 0.766173 0.146506 -0.625711
bt 0.424294 -0.897976 0.116677
t 0.820935 0.0972198 -0.562685
bt -0.168843 -0.980703 -0.0985593
t 0.630267 0.200603 -0.750015
bt -0.103218 -0.993282 -0.0523111
t 0.871003 0.055188 -0.488169
bt 0.185566 -0.974333 0.127439
t 0.823904 0.0750514 -0.561738
bt 0.457032 -0.869029 0.189502
t 0.813913 0.0283121 -0.580297
bt 0.211149 -0.946423 0.244335
t 0.752086 0.0279025 -0.658474
bt 0.0384796 -0.989288 0.140813
t 0.698131 -0.0793159 -0.711563
bt 0.171048 -0.977 0.127331
t 0.864999 -0.0408487 -0.500108
bt 0.113254 -0.978586 0.171883
t 0.888578 -0.164754 -0.428117
bt -0.179008 -0.976185 -0.122548
t 0.426837 0.132911 -0.894508
bt -0.000658197 -0.994892 0.100947
t 0.328799 0.146313 -0.932997
bt 0.145941 -0.988724 -0.0335696
t 0.9642 -0.199667 -0.174504
bt -0.363937 -0.928376 -0.0752917
t 0.950558 -0.0410346 -0.307825
bt 0.152154 -0.938141 0.31103
t 0.566545 0.137685 -0.812447
bt -0.17688 -0.973604 -0.144253
t 0.347106 0.107657 -0.931626
bt 0.0678316 -0.996095 -0.0565173
t 0.423954 0.127441 -0.896673
bt -0.320401 -0.943478 -0.0848051
t 0.0777165 0.139097 -0.987224
bt -0.447179 -0.894433 -0.00447594
t 0.0059154 0.106985 -0.994243
bt 0.130305 -0.988853 -0.0720511
t -0.160004 0.0891989 -0.983078
bt -0.199372 -0.978769 -0.0475582
t -0.0111454 0.0113764 -0.999873
bt -0.37578 -0.926256 -0.0289864
t -0.338402 -0.032211 -0.94045
bt 0.0454287 -0.995596 0.0820098
t -0.353429 0.11892 -0.927872
bt -0.333321 -0.940596 0.0646186
t 0.178682 -0.0862257 -0.980121
bt -0.251315 -0.93447 0.252204
t -0.386129 -0.0922569 -0.91782
bt -0.00427478 -0.991458 -0.130353
t -0.545893 -0.0864334 -0.833385
bt -0.222726 -0.972885 0.0623597
t -0.311666 -0.746334 -0.58809
bt -0.344108 -0.863568 0.368564
t 0.419817 -0.164992 -0.892486
bt -0.431251 -0.865609 0.254448
t 0.314703 -0.260235 -0.91282
bt -0.0192668 -0.938248 0.345426
t 0.538431 -0.243073 -0.806851
bt -0.624174 -0.780072 0.0435212
t -0.78603 -0.173011 -0.593485
bt -0.130781 -0.986162 0.101885
t -0.61487 -0.182582 -0.767202
bt -0.159569 -0.983714 0.0827342
t -0.682957 -0.339574 -0.64673
bt 0.359371 -0.916218 -0.177193
t -0.738483 -0.229239 -0.634108
bt 0.48645 -0.87125 -0.0654921
t -0.86129 -0.169572 -0.478984
bt 0.270227 -0.957665 -0.099271
t -0.774517 -0.139046 -0.617082
bt 0.453271 -0.886172 -0.0961504
t -0.800017 -0.0583752 -0.597131
bt 0.320883 -0.923945 -0.208229
t 0.619483 -0.246274 -0.745379
bt -0.579438 -0.813896 0.042709
t 0.571844 -0.224189 -0.789135
bt -0.491131 -0.861026 0.132002
t 0.617994 -0.220632 -0.754589
bt -0.553032 -0.821108 0.1412
t 0.521845 0.183786 -0.833007
bt -0.689192 -0.721661 0.0649552
t 0.511608 0.108467 -0.852345
bt -0.658089 -0.752806 -0.014219
t 0.761135 -0.247384 -0.599562
bt 0.0336505 -0.995848 0.0845787
t 0.401968 0.328054 -0.854869
bt -0.546392 -0.837527 0.0020542
t 0.32814 -0.0951549 -0.939824
bt -0.447863 -0.891849 0.0634369
t -0.367174 -0.68935 -0.624483
bt -0.705977 -0.682539 0.189039
t -0.336959 -0.80211 -0.493029
bt -0.699733 -0.667675 0.254135
t -0.586563 -0.631245 -0.507419
bt -0.887594 -0.449182 0.102038
t 0.853276 0.211643 -0.47658
bt -0.888795 -0.444664 0.110985
t 0.677944 0.323641 -0.660036
bt -0.685997 -0.703173 0.186964
t 0.763961 0.204368 -0.612043
bt -0.777532 -0.62571 0.0626964
t -0.141992 -0.66781 -0.730663
bt -0.792866 -0.597896 0.11783
t -0.550776 -0.15318 -0.820477
bt -0.809617 -0.586411 0.0253642
t -0.286444 -0.384031 -0.877764
bt -0.82391 -0.563373 0.061505
t 0.523994 0.562363 -0.639671
bt -0.81019 -0.585764 0.0217605
t 0.51968 0.390322 -0.759988
bt -0.742642 -0.669676 -0.00417506
t 0.625482 0.285547 -0.72611
bt -0.824177 -0.562292 0.067522
t 0.247941 0.114359 -0.962002
bt -0.563188 -0.825887 -0.0270112
t 0.468271 0.19381 -0.862067
bt -0.627719 -0.775399 -0.0687386
t 0.403539 0.0985915 -0.909635
bt -0.602567 -0.79391 0.0813687
t -0.0191087 -0.105883 -0.994195
bt -0.707525 -0.702625 0.0756716
t -0.04136 0.00727451 -0.999118
bt -0.58679 -0.801923 0.112238
t 0.340979 -0.0912089 -0.935636
bt -0.421243 -0.90292 0.0853841
t 0.226841 0.0461002 -0.97284
bt -0.364303 -0.929339 0.0601024
t -0.703259 -0.700191 -0.123125
bt -0.775554 -0.628761 0.0563547
t -0.383143 -0.708987 -0.592064
bt -0.574119 -0.815085 0.0776223
t 0.318318 0.058596 -0.946171
bt -0.460762 -0.886081 -0.0505806
t 0.457137 0.132404 -0.879485
bt -0.375842 -0.922497 -0.0879901
t 0.748909 -0.00271338 -0.662668
bt -0.244247 -0.955231 -0.166966
t 0.163425 0.0912886 -0.982323
bt -0.332495 -0.941907 0.0475287
t 0.628891 -0.152401 -0.762411
bt -0.268151 -0.961237 0.0641684
t 0.160095 0.0248754 -0.986788
bt -0.614908 -0.78245 0.0982828
t -0.209418 -0.284678 -0.935469
bt -0.744078 -0.667378 0.0308885
t 0.106532 -0.213813 -0.971048
bt -0.629724 -0.775282 0.048847
t -0.0194985 -0.3859 -0.922334
bt -0.667624 -0.737277 0.103444
t 0.94524 -0.0471011 -0.322958
bt -0.597054 -0.797357 0.0880237
t 0.617153 0.470957 -0.630335
bt -0.667232 -0.738069 0.100279
t 0.597919 0.540847 -0.59159
bt -0.632252 -0.771828 0.0673754
t 0.85066 0.365973 -0.377415
bt -0.815371 -0.56678 -0.118032
t 0.486389 0.377767 -0.787856
bt -0.414325 -0.908204 -0.0591554
t 0.219283 -0.0411258 -0.974794
bt -0.436676 -0.892433 0.113476
t 0.467076 -0.178595 -0.865993
bt -0.330437 -0.929567 0.163452
t 0.0354526 0.836659 -0.546576
bt -0.202475 -0.964277 0.170804
t -0.281113 0.0669657 -0.957335
bt 0.0751363 -0.995818 -0.0519647
t 0.353404 0.170166 -0.919864
bt -0.787072 -0.575186 0.222888
t 0.133353 0.533368 -0.835306
bt -0.541994 -0.837134 0.073813
t 0.154455 0.35899 -0.920473
bt -0.560983 -0.827663 -0.0165143
t 0.214615 0.30934 -0.926417
bt -0.51535 -0.812257 0.273229
t 0.569191 0.030275 -0.821647
bt -0.177502 -0.983627 0.0311709
t 0.310391 -0.0280022 -0.950196
bt -0.106928 -0.982147 0.154769
t 0.510759 0.00158231 -0.859722
bt 0.0359982 -0.976878 0.210745
t 0.768507 0.102793 -0.63153
bt -0.115861 -0.993076 0.0194058
t 0.883449 0.0891297 -0.459972
bt -0.487449 -0.869536 -0.0793811
t 0.868153 0.420234 -0.264033
bt -0.857694 -0.474923 -0.197
t 0.92196 -0.0060531 -0.387237
bt -0.613032 -0.74394 -0.265977
t 0.0942019 0.399889 -0.91171
bt -0.523527 -0.831989 -0.183613
t 0.831082 0.353734 -0.429156
bt -0.8359 -0.458721 -0.301407
t -0.732154 -0.603474 -0.315863
bt -0.831989 -0.551459 -0.0607246
t -0.71226 -0.432433 -0.55289
bt -0.887821 -0.453355 -0.079011
t -0.721914 -0.453252 -0.522879
bt -0.894784 -0.439243 -0.0801684
t 0.995252 -0.0150589 -0.0961644
bt -0.880398 -0.462889 -0.103114
t 0.903351 0.385274 -0.18847
bt -0.891379 -0.442004 -0.100382
t 0.996321 0.000586758 -0.0856949
bt -0.727953 -0.635857 -0.256457
t -0.144708 0.493106 -0.85785
bt -0.100268 -0.979322 -0.175712
t 0.477359 0.855751 -0.199545
bt -0.523739 -0.817659 -0.239023
t -0.803899 -0.468851 -0.365957
bt -0.833327 -0.473656 -0.284983
t -0.253338 -0.258394 -0.93223
bt -0.431717 -0.827878 -0.358103
t -0.783835 -0.151727 -0.602148
bt -0.912493 -0.363466 -0.187746
t -0.607774 -0.620433 -0.495655
bt -0.641323 -0.734875 -0.220598
t -0.386227 -0.628801 -0.674862
bt -0.433343 -0.866836 -0.246596
t 0.439524 0.694676 -0.569425
bt -0.638562 -0.762656 -0.102931
t 0.289289 0.404193 -0.867721
bt -0.311529 -0.950231 -0.00339925
t 0.561305 0.501088 -0.65867
bt -0.206431 -0.972761 -0.105458
t 0.502078 0.404737 -0.764268
bt -0.261901 -0.96147 0.0835611
t 0.373679 0.156738 -0.914219
bt -0.4196 -0.895825 0.146404
t 0.403656 0.136669 -0.904645
bt -0.288518 -0.946615 0.143798
t 0.823528 0.55014 -0.138377
bt -0.868591 -0.481785 -0.115895
t 0.388488 0.903344 -0.18179
bt -0.43332 -0.867306 -0.244979
t 0.327898 0.846307 -0.419818
bt -0.429682 -0.811686 -0.395651
t 0.824163 0.492047 -0.280437
bt -0.910213 -0.350359 -0.220821
t -0.720243 0.463634 -0.516037
bt -0.934605 -0.308456 -0.177114
t -0.493382 0.027805 -0.869368
bt -0.86809 -0.436063 -0.237208
t 0.158895 -0.17231 -0.972143
bt -0.491675 -0.864455 -0.104751
t -0.0387615 0.211004 -0.976717
bt -0.637789 -0.70954 -0.299631
t 0.502647 -0.0415995 -0.86349
bt -0.117646 -0.960656 0.251594
t 0.457244 0.00864641 -0.889299
bt -0.100839 -0.972823 0.208439
t 0.514778 -0.0249986 -0.856959
bt -0.398783 -0.909608 0.116555
t 0.446251 -0.0299068 -0.894408
bt -0.528195 -0.849104 0.00566726
t 0.546215 0.0121301 -0.837557
bt -0.0780218 -0.981462 0.175055
t 0.494227 0.0994788 -0.863622
bt -0.079463 -0.994456 0.0688672
t 0.63048 0.130592 -0.765141
bt 0.131513 -0.935166 0.328892
t 0.567205 0.0261314 -0.823162
bt 0.0061955 -0.986061 0.166267
t 0.658238 0.304669 -0.688403
bt 0.0141192 -0.98403 0.177441
t 0.626339 0.276479 -0.728875
bt -0.275377 -0.959288 0.0627198
t 0.58252 0.251058 -0.773072
bt 0.0705189 -0.918903 0.38813
t 0.687015 0.334203 -0.645228
bt -0.274759 -0.952754 0.129485
t 0.705875 0.100119 -0.701225
bt 0.427157 -0.720003 -0.54693
t 0.701946 0.140377 -0.698259
bt 0.523286 -0.777236 -0.349393
t 0.86699 0.145375 -0.47665
bt 0.574627 -0.457782 -0.678409
t 0.972726 0.00849613 -0.231803
bt 0.777929 -0.628175 -0.0149215
t 0.634891 0.276241 -0.721529
bt 0.0414564 -0.998419 -0.0379673
t 0.605962 0.195956 -0.770981
bt 0.342362 -0.934741 0.0951139
t 0.56474 0.0570301 -0.823296
bt -0.14021 -0.98999 0.0161689
t 0.642495 0.094999 -0.760379
bt 0.247693 -0.946685 0.206001
t 0.487289 0.14011 -0.861927
bt -0.104023 -0.991915 -0.0726921
t 0.316914 0.119057 -0.940952
bt -0.449319 -0.880494 -0.151137
t 0.755003 0.0519055 -0.653663
bt -0.232612 -0.961634 -0.145439
t 0.811297 0.0924433 -0.577279
bt 0.0281624 -0.992727 -0.117044
t 0.889225 -0.0681395 -0.452367
bt -0.235859 -0.968513 -0.0797024
t 0.855535 -0.139485 -0.498602
bt 0.0374057 -0.995198 0.0904482
t 0.696802 -0.0107673 -0.717183
bt -0.0465695 -0.985398 -0.163776
t 0.76316 0.0288945 -0.645564
bt 0.0883766 -0.989667 -0.112912
t 0.863777 0.0452732 -0.501837
bt 0.134666 -0.988345 -0.070987
t 0.395713 0.0513788 -0.916936
bt 0.132149 -0.990848 0.0275148
t 0.812359 0.109532 -0.572778
bt 0.288047 -0.95755 0.011306
t 0.44679 0.0958196 -0.889493
bt 0.244327 -0.969067 -0.0348288
t 0.213153 0.0313192 -0.976517
bt 0.373462 -0.914694 0.154471
t 0.296497 -0.0216943 -0.954787
bt -0.112155 -0.992865 0.0405081
t 0.358985 -0.0308803 -0.932832
bt 0.0463592 -0.994585 0.0930107
t 0.403658 -0.0153327 -0.914781
bt -0.228642 -0.972427 0.0459151
t 0.512713 -0.0474812 -0.857246
bt -0.0830037 -0.992892 0.0852943
t 0.581041 -0.0494993 -0.812367
bt -0.198659 -0.974803 0.101458
t 0.706949 -0.0157372 -0.707089
bt -0.0587136 -0.985879 0.156826
t 0.66901 0.0116601 -0.743162
bt -0.124882 -0.992115 0.0105804
t 0.700209 -0.0439253 -0.712585
bt -0.313623 -0.944211 0.100526
t 0.731656 -0.0321848 -0.680914
bt -0.301365 -0.93735 0.174799
t 0.699837 -0.0464608 -0.71279
bt 0.176162 -0.907018 -0.382472
t 0.668587 -0.0268787 -0.743148
bt 0.0637748 -0.932572 -0.355305
t 0.590772 -0.0549245 -0.804967
bt -0.122741 -0.955372 -0.268698
t 0.736307 -0.00584842 -0.676623
bt -0.101815 -0.929906 -0.353424
t 0.564835 -0.0328473 -0.82455
bt -0.319969 -0.914523 0.247524
t 0.562963 -0.046681 -0.825163
bt -0.165204 -0.986235 0.00698365
t 0.426635 -0.0716351 -0.901582
bt 0.145008 -0.967772 0.205888
t 0.643885 0.0171243 -0.76493
bt -0.0813588 -0.981636 0.172547
t 0.182859 -0.164985 -0.969197
bt 0.372708 -0.898432 0.232182
t 0.532701 -0.0548111 -0.844527
bt 0.257737 -0.949441 0.179259
t 0.531562 -0.0502669 -0.845526
bt 0.209684 -0.943963 0.254884
t 0.246364 -0.106081 -0.963354
bt 0.401153 -0.89947 0.173289
t 0.454697 -0.128609 -0.881312
bt -0.200065 -0.952192 -0.230877
t 0.836721 0.23201 -0.496054
bt 0.631856 -0.768217 -0.102958
t 0.234168 0.0190511 -0.97201
bt 0.50809 -0.841424 0.183986
t 0.40232 0.0669092 -0.913051
bt -0.496026 -0.846746 -0.192301
t 0.529478 -0.041991 -0.847284
bt 0.233056 -0.947543 0.218741
t 0.673172 -0.0295745 -0.738895
bt 0.244723 -0.946818 0.208916
t 0.540103 -0.0853114 -0.837264
bt 0.239477 -0.948262 0.208446
t 0.588859 0.0123131 -0.808142
bt -0.333438 -0.937364 -0.100831
t 0.603173 0.044452 -0.796371
bt -0.191767 -0.981192 -0.0220918
t 0.233236 0.0207809 -0.972198
bt -0.0610802 -0.996502 -0.0570295
t 0.531349 0.102767 -0.840896
bt 0.0360232 -0.99787 -0.0543771
t 0.45777 -0.0291408 -0.888593
bt -0.0803905 -0.996728 -0.0084509
t 0.482676 -0.00801131 -0.875762
bt -0.134288 -0.990743 0.0198895
t 0.455383 0.0587231 -0.888357
bt 0.173382 -0.976003 0.131749
t 0.702306 -0.0110033 -0.71179
bt 0.278367 -0.842819 -0.460617
t 0.506791 0.0601338 -0.859969
bt 0.321192 -0.943676 0.0794423
t 0.589811 0.0889505 -0.802627
bt 0.63918 -0.76293 0.0968859
t 0.685876 -0.118271 -0.718043
bt -0.510426 -0.786111 0.348561
t 0.601974 -0.00764337 -0.798479
bt -0.483175 -0.835542 0.261556
t 0.650384 -0.116643 -0.750596
bt -0.500442 -0.811449 0.301841
t 0.66405 -0.118081 -0.738305
bt -0.853154 -0.479657 -0.205081
t 0.704958 0.238911 -0.667799
bt -0.591723 -0.802321 -0.0783853
t 0.530698 0.0451292 -0.846359
bt 0.20517 -0.962935 0.175104
t 0.633501 0.142403 -0.760525
bt -0.40507 -0.914133 -0.0167118
t 0.320822 0.0349648 -0.946494
bt -0.256219 -0.965768 -0.0405375
t 0.401804 0.112145 -0.908833
bt 0.0390232 -0.942802 -0.331062
t 0.139174 0.128306 -0.981921
bt -0.23841 -0.836442 -0.493483
t 0.506544 0.132822 -0.851922
bt 0.161232 -0.949491 -0.269206
t -0.0497778 0.207081 -0.977057
bt 0.539992 -0.805473 -0.244175
t 0.682671 0.0630371 -0.728002
bt 0.149756 -0.955204 -0.255263
t 0.738223 0.0879693 -0.668796
bt 0.170837 -0.963421 -0.206482
t 0.507637 0.116655 -0.853637
bt 0.234893 -0.888924 -0.393244
t 0.829191 0.0566933 -0.556084
bt 0.295577 -0.954609 0.0368343
t 0.506439 0.135058 -0.851633
bt 0.14536 -0.959206 -0.242477
t 0.528802 0.120746 -0.840113
bt 0.496275 -0.867851 -0.0233493
t -0.0669548 0.115222 -0.991081
bt 0.63158 -0.75151 -0.19063
t 0.507396 0.120049 -0.85331
bt 0.205082 -0.916727 -0.34286
t 0.162331 0.119158 -0.979515
bt 0.183963 -0.97303 -0.139175
t 0.724822 0.0972 -0.682045
bt 0.298595 -0.954379 -0.00101044
t 0.507749 0.115465 -0.853732
bt 0.183332 -0.934078 -0.306412
t -0.17221 0.133313 -0.975998
bt 0.412289 -0.880841 -0.232672
t 0.596223 -0.0323891 -0.802165
bt -0.0395171 -0.759076 -0.649801
t 0.46098 0.0465336 -0.88619
bt 0.315494 -0.948922 -0.00328757
t 0.390177 0.0550727 -0.919091
bt 0.30946 -0.950662 -0.0218087
t 0.422007 0.0824493 -0.902836
bt 0.342658 -0.939219 -0.0213011
t 0.232413 0.0749407 -0.969726
bt 0.253665 -0.962841 -0.0926838
t 0.590103 0.111029 -0.799657
bt 0.463827 -0.883887 0.0600781
t 0.410383 0.127899 -0.9029
bt -0.136982 -0.939344 -0.314433
t 0.537254 0.0906937 -0.83853
bt 0.0407845 -0.962659 -0.267628
t 0.606514 0.163278 -0.778126
bt -0.244366 -0.857001 -0.453691
t 0.495459 0.169388 -0.851956
bt -0.584253 -0.537823 -0.607779
t 0.489197 0.0188195 -0.87197
bt -0.0446385 -0.967824 -0.247639
t 0.583866 0.0335708 -0.811156
bt -0.374795 -0.794036 -0.478576
t 0.914376 0.209606 -0.346384
bt -0.103237 -0.833224 -0.543212
t 0.977956 0.101828 -0.182302
bt 0.394147 -0.914572 -0.0905895
t 0.537266 0.653408 -0.533295
bt -0.315203 -0.772218 -0.551658
t 0.971429 0.0593503 -0.229789
bt 0.5153 -0.840232 -0.16875
t 0.546934 0.721478 -0.424656
bt -0.410106 -0.613916 -0.674478
t 0.0818034 0.0397992 -0.995854
bt -0.569129 -0.797725 -0.199315
t -0.00914244 -0.278155 -0.960493
bt -0.808523 -0.584036 -0.0720641
t 0.802545 0.448211 -0.393737
bt 0.0490292 -0.239612 -0.96963
t 0.643433 -0.411288 -0.645628
bt -0.838388 -0.540974 0.0667267
t 0.447498 -0.0300383 -0.89378
bt -0.722301 -0.68512 -0.0942951
t 0.461646 -0.306623 -0.832385
bt -0.863689 -0.503509 -0.0228005
t 0.885455 0.115598 -0.450119
bt -0.627472 -0.691539 -0.357844
t 0.881156 0.208546 -0.42435
bt -0.66 -0.640526 -0.392591
t 0.588429 -0.0506069 -0.806964
bt -0.64525 -0.747398 0.158267
t 0.887697 -0.0245332 -0.459774
bt -0.810634 -0.575969 0.105505
t 0.98313 0.00931973 -0.18267
bt 0.892872 -0.450232 0.00837055
t 0.910049 0.113117 -0.398768
bt 0.804379 -0.252542 -0.53777
t 0.714015 0.351613 -0.605435
bt 0.576449 -0.0750583 -0.813678
t -0.277121 -0.727915 -0.627171
bt -0.861541 -0.507687 -0.00082101
t 0.750373 0.422283 -0.508545
bt -0.566314 -0.705338 -0.426365
t -0.515312 -0.803623 -0.297731
bt -0.835823 -0.545477 0.0620924
t 0.470552 0.104936 -0.87611
bt 0.077789 -0.995284 0.0579552
t 0.868317 0.15974 -0.469583
bt 0.539855 -0.507767 -0.671364
t 0.715766 -0.00309854 -0.698333
bt -0.598094 -0.800853 -0.0303033
t 0.858394 0.0936847 -0.504364
bt -0.567743 -0.812027 -0.135207
t 0.887025 0.155957 -0.434584
bt -0.475162 -0.813091 -0.33631
t 0.801626 -0.0945197 -0.590306
bt -0.839723 -0.490484 0.233004
t 0.840904 -0.0173007 -0.540908
bt -0.865502 -0.468512 0.177206
t 0.647633 0.200115 -0.735205
bt -0.587154 -0.455508 0.669151
t 0.830306 -0.00885906 -0.557237
bt -0.794055 -0.607449 -0.02195
t 0.455183 0.201325 -0.867339
bt -0.301658 -0.666264 0.681978
t 0.364376 -0.360261 -0.858745
bt -0.688065 -0.711147 0.14435
t 0.462521 -0.583152 -0.667839
bt -0.795368 -0.585866 0.155403
t -0.336718 0.126221 -0.933107
bt 0.96998 -0.243055 0.00797562
t 0.103287 0.846501 -0.522271
bt 0.586611 -0.631825 -0.50664
t -0.609054 0.0313912 -0.792507
bt 0.93471 -0.355273 0.00990445
t 0.0364568 0.899719 -0.434944
bt 0.537938 -0.621108 -0.569954
t 0.70746 0.0764165 -0.70261
bt -0.456767 -0.784609 0.419228
t 0.608978 -0.0721655 -0.789898
bt -0.267789 -0.68919 0.673281
t 0.548931 -0.030171 -0.835323
bt -0.31296 -0.600915 0.735498
t 0.875439 0.0384367 -0.481798
bt -0.819991 -0.568302 -0.0681655
t 0.689024 0.263026 -0.675324
bt 0.574278 -0.557529 -0.599471
t -0.0615536 0.205533 -0.976712
bt 0.750219 -0.650619 -0.117754
t 0.295261 0.302351 -0.906314
bt 0.672461 -0.686673 -0.276182
t 0.267928 0.20577 -0.941208
bt 0.776352 -0.626233 -0.0714843
t 0.167782 0.450168 -0.877039
bt 0.652901 -0.736297 -0.177727
t 0.250575 0.207192 -0.945666
bt 0.227264 -0.920577 -0.31763
t 0.394355 0.167725 -0.903522
bt 0.612062 -0.789922 -0.0374563
t 0.513119 0.225157 -0.828259
bt 0.308987 -0.945796 -0.0999837
t 0.20063 0.433865 -0.878356
bt 0.269366 -0.950437 0.155278
t 0.380239 0.379069 -0.843638
bt 0.00160645 -0.985771 -0.168086
t 0.566599 0.270245 -0.778418
bt 0.123953 -0.978415 -0.165349
t 0.489749 0.34016 -0.802768
bt -0.460456 -0.802391 -0.379669
t 0.226864 0.460103 -0.858393
bt -0.0101178 -0.923313 -0.383916
t 0.226919 0.455799 -0.860671
bt -0.111715 -0.991592 0.0653022
t 0.549832 0.211357 -0.808092
bt 0.0211827 -0.998999 -0.0393996
t 0.360473 0.143596 -0.92165
bt 0.359749 -0.928253 -0.0944813
t 0.359364 0.146742 -0.921588
bt 0.357329 -0.929834 -0.0878927
t 0.629296 0.208824 -0.748585
bt -0.357979 -0.884017 0.300608
t 0.465222 0.24247 -0.851338
bt -0.743019 -0.657881 -0.122944
t 0.398774 0.161238 -0.902763
bt 0.590876 -0.806481 0.0212972
t 0.448986 -0.173213 -0.87659
bt 0.28204 -0.954214 0.0996453
t 0.309572 0.276717 -0.909721
bt 0.456237 -0.782501 -0.423722
t 0.635551 -0.171646 -0.752737
bt -0.210665 -0.617215 0.758067
t 0.559577 -0.098922 -0.822854
bt -0.161924 -0.795448 0.583989
t 0.263939 0.557514 -0.787093
bt 0.627796 -0.697718 -0.345053
t 0.463969 0.287269 -0.837979
bt 0.510149 -0.705836 -0.49147
t -0.0480862 -0.850063 -0.524481
bt -0.186132 -0.957754 -0.219232
t 0.326285 -0.54694 -0.77097
bt -0.49153 -0.860877 0.131484
t -0.291943 -0.0747008 -0.953514
bt -0.153928 -0.977424 -0.144739
t 0.114872 -0.267064 -0.956808
bt -0.651237 -0.752473 0.0983571
t 0.313207 0.0166049 -0.94954
bt -0.549138 -0.835562 0.0168719
t 0.284292 -0.0617218 -0.956749
bt -0.519113 -0.845542 -0.124818
t 0.14855 -0.0197532 -0.988708
bt -0.279068 -0.958631 -0.0561063
t 0.292923 0.0852261 -0.95233
bt -0.30705 -0.943385 -0.12548
t 0.355995 0.105647 -0.928497
bt -0.246211 -0.962068 -0.117497
t 0.290671 0.151758 -0.944712
bt -0.260397 -0.952888 -0.155558
t 0.352782 0.1114 -0.929051
bt -0.334819 -0.931865 -0.139728
t 0.119405 0.014902 -0.992734
bt -0.257717 -0.951358 -0.168821
t -0.22873 -0.936318 -0.266442
bt 0.210341 -0.68344 -0.699047
t 0.492108 0.136167 -0.859819
bt -0.0779686 -0.994427 -0.0709622
t 0.504149 0.145084 -0.851343
bt -0.215482 -0.96856 -0.124338
t 0.75017 0.0788805 -0.656523
bt 0.393773 -0.916768 0.0669283
t 0.688219 0.0741764 -0.721701
bt 0.478824 -0.876668 0.0467049
t 0.289616 0.0337736 -0.956547
bt -0.27656 -0.936113 -0.217273
t 0.094077 0.0889076 -0.991587
bt -0.743057 -0.640708 -0.193288
t -0.133797 0.337103 -0.931912
bt -0.595868 -0.799175 -0.0791177
t -0.327537 0.234986 -0.915151
bt -0.193517 -0.952559 -0.234909
t 0.24896 -0.0007173 -0.968514
bt -0.287149 -0.950018 -0.122523
t 0.452323 -0.155125 -0.87826
bt -0.791027 -0.565103 -0.234382
t 0.188417 0.11367 -0.975489
bt -0.230485 -0.938433 -0.257333
t -0.153279 0.312664 -0.937415
bt -0.626839 -0.721796 -0.293399
t 0.192188 0.274751 -0.942112
bt -0.00666129 -0.949855 -0.31262
t -0.260643 0.168187 -0.950673
bt -0.623219 -0.740651 -0.251066
t 0.060829 0.377338 -0.924076
bt 0.112167 -0.935821 -0.334152
t -0.430355 0.129367 -0.893341
bt 0.2001 -0.956595 -0.211864
t -0.168992 0.137668 -0.975956
bt 0.175842 -0.943742 -0.280053
t -0.576273 0.0246078 -0.816887
bt 0.49949 -0.833815 -0.235078
t 0.890628 -0.0911826 -0.445497
bt -0.101137 -0.860084 -0.500028
t 0.976215 0.216685 -0.00714901
bt 0.0860422 -0.926234 -0.366998
t 0.716303 0.497893 0.488889
bt 0.160549 -0.971111 0.176542
t 0.845136 0.043529 0.532776
bt 0.219418 -0.946153 -0.238011
t 0.87745 0.461508 -0.130734
bt 0.467546 -0.883356 0.0329095
t 0.863389 -0.378067 -0.334103
bt -0.591693 -0.641444 0.488312
t 0.806367 0.590974 0.0228482
bt -0.00489464 -0.846052 -0.533078
t 0.767357 0.352748 -0.535474
bt 0.701832 -0.643221 0.306102
t 0.620698 0.178032 -0.76357
bt 0.805856 -0.440925 0.395197
t 0.222178 -0.205645 -0.953072
bt 0.667536 -0.732 0.136279
t 0.578421 0.526994 -0.622661
bt 0.918608 -0.390436 -0.0609789
t 0.83425 0.484608 -0.263025
bt 0.938188 -0.328036 0.110436
t 0.73807 0.598427 -0.31167
bt -0.0975621 -0.900739 0.423263
t 0.703355 0.408732 -0.581575
bt 0.232633 -0.816863 0.527841
t 0.669856 0.270577 -0.691434
bt -0.340904 -0.756106 -0.558649
t 0.741005 0.314782 -0.593147
bt 0.00935812 -0.98395 -0.178199
t 0.770325 0.564204 -0.297109
bt 0.779183 -0.580988 0.235217
t 0.721929 0.484767 0.493781
bt 0.707497 -0.454252 0.54139
t 0.543091 0.268249 -0.795673
bt -0.40469 -0.74565 -0.529369
t 0.53529 0.25381 -0.805633
bt 0.299856 -0.901128 -0.313136
t 0.751888 0.224704 -0.619816
bt -0.0696085 -0.99707 -0.0317109
t 0.362991 0.218953 -0.905703
bt 0.30236 -0.908778 -0.287577
t 0.752781 0.217773 -0.621206
bt 0.611669 -0.547693 -0.570871
t 0.835429 0.175866 -0.520702
bt 0.893579 -0.436734 0.103826
t 0.75282 0.222987 -0.619305
bt 0.586831 -0.537474 -0.605599
t 0.704602 0.306876 -0.639815
bt 0.926321 -0.359464 0.11276
t 0.27617 -0.265542 -0.923698
bt 0.6435 -0.711294 0.282785
t 0.611762 0.00140929 -0.791041
bt -0.452249 -0.865851 -0.213949
t 0.56869 -0.000543982 -0.822552
bt -0.233396 -0.966114 0.110227
t 0.722526 -0.0576451 -0.688936
bt -0.609765 -0.769949 0.188056
t 0.563003 0.0342915 -0.825743
bt 0.119171 -0.975972 0.182422
t 0.523034 -0.017817 -0.852126
bt 0.218944 -0.9456 0.240632
t 0.591601 0.127796 -0.796038
bt -0.160893 -0.984966 0.0628866
t 0.502595 0.0769977 -0.861086
bt 0.37268 -0.893637 0.250045
t 0.260058 0.12022 -0.95808
bt 0.185305 -0.930964 0.314592
t 0.20099 0.0137141 -0.979497
bt 0.522566 -0.802354 0.288363
t -0.0681894 -0.0641241 -0.99561
bt 0.653632 -0.657555 0.374683
t 0.630721 0.176812 -0.755598
bt 0.474193 -0.557869 -0.681119
t 0.665974 -0.090187 -0.740503
bt 0.252352 -0.952886 0.168304
t 0.853322 -0.0684087 -0.516877
bt 0.24872 -0.829146 0.500654

