g sponza_65
t 0 -1 0
bt 0 0 -1
t 0 -1 0
bt 0 0 -1
t 0 -1 0
bt 0 0 -1
t 0 -1 0
bt 0 0 -1
t -7.26125e-07 -1 0
bt -1 0 0
t 0 -1 0
bt -0.997922 0.0644353 0
t -7.26125e-07 -1 0
bt -1 0 0
t -7.26125e-07 -1 0
bt -1 0 0
t 0 -1 0
bt 0 0 1
t 0 -1 0
bt 0 0 1
t 0 -1 0
bt 0 0 1
t 0 -1 0
bt 0 0 1
t -1.52672e-06 -1 0
bt -0.972923 -0.231132 0
t 9.62215e-07 -1 0
bt -1 0 0
t -1.52672e-06 -1 0
bt -0.972923 -0.231132 0
t -1.52672e-06 -1 0
bt -0.972923 -0.231132 0
t -2.9266e-07 -1 -3.56663e-07
bt -0.633504 0.0479541 -0.772252
t -6.19718e-07 -1 -7.55245e-07
bt -0.634234 0 -0.773141
t -2.9266e-07 -1 -3.56663e-07
bt -0.633504 0.0479541 -0.772252
t -2.9266e-07 -1 -3.56663e-07
bt -0.633504 0.0479541 -0.772252
t -1 0 0
bt 0 -1 0
t -1 0 0
bt -0.375286 -0.926909 0
t -1 0 0
bt 0 -1 0
t -1 0 0
bt 0 -1 0
t -1 0 0
bt 0 -0.634234 -0.773141
t -1 -1.13109e-06 -1.37845e-06
bt 0.18848 -0.622867 -0.759284
t -1 0 0
bt 0 -0.634234 -0.773141
t -1 0 0
bt 0 -0.634234 -0.773141
t -1 0 6.59072e-06
bt 0 0 -1
t -1 0 0
bt 0 0 -1
t -1 0 6.59072e-06
bt 0 0 -1
t -1 0 6.59072e-06
bt 0 0 -1
t -1 -2.80834e-06 0
bt 0 -1 0
t -1 0 0
bt 0.258335 -0.966055 0
t -1 -2.80834e-06 0
bt 0 -1 0
t -1 -2.80834e-06 0
bt 0 -1 0
t -1 0 0
bt 0 0 1
t -1 0 2.62018e-06
bt 0 0 1
t -1 0 0
bt 0 0 1
t -1 0 0
bt 0 0 1
t 0 -1 0
bt 0 0 -1
t 0 -1 0
bt 0 0 -1
t 0 -1 0
bt 0 0 -1
t 0 -1 0
bt 0 0 -1
t 0 -1 0
bt 1 0 0
t 2.80497e-06 -1 0
bt 0.997922 0.0644308 0
t 0 -1 0
bt 1 0 0
t 0 -1 0
bt 1 0 0
t 0 -1 0
bt 0 0 1
t 0 -1 0
bt 0 0 1
t 0 -1 0
bt 0 0 1
t 0 -1 0
bt 0 0 1
t 0 -1 0
bt 1 0 0
t 0 -1 0
bt 0.963903 -0.266254 0
t 0 -1 0
bt 1 0 0
t 0 -1 0
bt 1 0 0
t 0 -1 0
bt 0.634234 0 -0.773141
t 0 -1 0
bt 0.633504 0.0479539 -0.772252
t 0 -1 0
bt 0.634234 0 -0.773141
t 0 -1 0
bt 0.634234 0 -0.773141
t 1 0 0
bt 0.278364 -0.960476 0
t 1 0 0
bt 0 -1 0
t 1 0 0
bt 0.278364 -0.960476 0
t 1 0 0
bt 0.278364 -0.960476 0
t 1 -1.20975e-06 -1.47432e-06
bt -0.136892 -0.628263 -0.765863
t 1 0 0
bt 0 -0.634234 -0.773141
t 1 -1.20975e-06 -1.47432e-06
bt -0.136892 -0.628263 -0.765863
t 1 -1.20975e-06 -1.47432e-06
bt -0.136892 -0.628263 -0.765863
t 1 0 0
bt 0 0 -1
t 1 0 0
bt 0 0 -1
t 1 0 0
bt 0 0 -1
t 1 0 0
bt 0 0 -1
t 1 -3.00155e-06 0
bt 0 -1 0
t 1 0 0
bt -0.187085 -0.982344 0
t 1 -3.00155e-06 0
bt 0 -1 0
t 1 -3.00155e-06 0
bt 0 -1 0
t 1 0 0
bt 0 0 1
t 1 0 0
bt 0 0 1
t 1 0 0
bt 0 0 1
t 1 0 0
bt 0 0 1

