g sponza_64
t 0 -1 0
bt 0 0 -1
t 0 -1 0
bt 0 0 -1
t 0 -1 0
bt 0 0 -1
t 0 -1 0
bt 0 0 -1
t -1.08702e-06 -1 0
bt -1 0 0
t 0 -1 0
bt -0.997924 0.0643973 0
t -1.08702e-06 -1 0
bt -1 0 0
t -1.08702e-06 -1 0
bt -1 0 0
t 0 -1 0
bt 0 0 1
t 0 -1 0
bt 0 0 1
t 0 -1 0
bt 0 0 1
t 0 -1 0
bt 0 0 1
t -1.14504e-06 -1 0
bt -0.972923 -0.231132 0
t 1.92443e-06 -1 0
bt -1 0 0
t -1.14504e-06 -1 0
bt -0.972923 -0.231132 0
t -1.14504e-06 -1 0
bt -0.972923 -0.231132 0
t -4.38047e-07 -1 -5.33844e-07
bt -0.633504 0.0479691 -0.772251
t -4.64788e-07 -1 -5.66434e-07
bt -0.634234 0 -0.773141
t -4.38047e-07 -1 -5.33844e-07
bt -0.633504 0.0479691 -0.772251
t -4.38047e-07 -1 -5.33844e-07
bt -0.633504 0.0479691 -0.772251
t -1 0 0
bt 0 -1 0
t -1 0 0
bt -0.375285 -0.926909 0
t -1 0 0
bt 0 -1 0
t -1 0 0
bt 0 -1 0
t -1 0 0
bt 0 -0.634234 -0.773141
t -1 -5.65544e-07 -6.89224e-07
bt 0.188476 -0.622867 -0.759285
t -1 0 0
bt 0 -0.634185 -0.773182
t -1 0 0
bt 0 -0.634185 -0.773182
t -1 0 0
bt 0 0 -1
t -1 0 0
bt 0 0 -1
t -1 0 0
bt 0 0 -1
t -1 0 0
bt 0 0 -1
t -1 -1.40417e-06 0
bt 0 -1 0
t -1 0 0
bt 0.258336 -0.966055 0
t -1 -1.40417e-06 0
bt 0 -1 0
t -1 -1.40417e-06 0
bt 0 -1 0
t -1 0 0
bt 0 0 1
t -1 0 0
bt 0 0 1
t -1 0 0
bt 0 0 1
t -1 0 0
bt 0 0 1
t 0 -1 0
bt 0 0 -1
t 0 -1 0
bt 0 0 -1
t 0 -1 0
bt 0 0 -1
t 0 -1 0
bt 0 0 -1
t 0 -1 0
bt 1 0 0
t 1.05239e-06 -1 0
bt 0.997925 0.0643922 0
t 0 -1 0
bt 1 0 0
t 0 -1 0
bt 1 0 0
t 0 -1 0
bt 0 0 1
t 0 -1 0
bt 0 0 1
t 0 -1 0
bt 0 0 1
t 0 -1 0
bt 0 0 1
t -1.44332e-06 -1 0
bt 1 0 0
t 0 -1 0
bt 0.963903 -0.266252 0
t -1.44332e-06 -1 0
bt 1 0 0
t -1.44332e-06 -1 0
bt 1 0 0
t 0 -1 0
bt 0.634234 0 -0.773141
t 0 -1 0
bt 0.633504 0.0479695 -0.772251
t 0 -1 0
bt 0.634234 0 -0.773141
t 0 -1 0
bt 0.634234 0 -0.773141
t 1 0 0
bt 0.278368 -0.960474 0
t 1 0 0
bt 0 -1 0
t 1 0 0
bt 0.278368 -0.960474 0
t 1 0 0
bt 0.278368 -0.960474 0
t 1 -6.04878e-07 -7.3716e-07
bt -0.136904 -0.628262 -0.765862
t 1 0 0
bt 0 -0.634185 -0.773182
t 1 -6.04645e-07 -7.37255e-07
bt -0.136904 -0.628214 -0.765901
t 1 -6.04878e-07 -7.3716e-07
bt -0.136904 -0.628262 -0.765862
t 1 0 -6.54291e-06
bt 0 0 -1
t 1 0 0
bt 0 0 -1
t 1 0 -6.54291e-06
bt 0 0 -1
t 1 0 -6.54291e-06
bt 0 0 -1
t 1 -1.50078e-06 0
bt 0 -1 0
t 1 0 0
bt -0.187084 -0.982344 0
t 1 -1.50078e-06 0
bt 0 -1 0
t 1 -1.50078e-06 0
bt 0 -1 0
t 1 0 0
bt 0 0 1
t 1 0 -2.79008e-06
bt 0 0 1
t 1 0 0
bt 0 0 1
t 1 0 0
bt 0 0 1

