g sponza_101
t 0 0 -1
bt -0.137598 -0.990488 0
t 0 0 -1
bt -0.240907 -0.970547 0.00154418
t 0 0 -1
bt -0.229998 -0.973191 0
t 0 0 -1
bt -0.137598 -0.990488 0
t -1 0 0
bt 0.00187716 -0.977356 0.211594
t -1 0 0
bt 0.00248425 -0.977355 0.211594
t -1 0 0
bt 0.00284295 -0.992867 0.119196
t -1 0 0
bt 0.00284295 -0.992867 0.119196
t -1 0 0
bt -0.000323518 -1 0
t -1 0 0
bt 0.000266893 -1 0
t -1 0 0
bt -0.000323518 -1 0
t -1 0 0
bt -0.000323518 -1 0
t 0 0 1
bt 0 -1 0.000328683
t 0 0 1
bt 0 -1 0
t 0 0 1
bt 0 -1 0.000328683
t 0 0 1
bt 0 -1 0.000328683
t 0 0 -1
bt -0.792475 -0.60307 -0.0910523
t 0 0 -1
bt -0.795559 -0.605416 -0.0236084
t 0 0 -1
bt -0.792475 -0.60307 -0.0910523
t 0 0 -1
bt -0.792475 -0.60307 -0.0910523
t -1 0 0
bt 0.647215 -0.50388 0.572029
t -1 0 0
bt -0.638858 -0.508518 0.577295
t -1 0 0
bt 0.647215 -0.50388 0.572029
t -1 0 0
bt 0.647215 -0.50388 0.572029
t 0 0 -1
bt 0.697492 -0.716592 -0.00114813
t 0 0 -1
bt 0.697492 -0.716592 0
t 0 0 -1
bt 0.697492 -0.716592 -0.00114813
t 0 0 -1
bt 0.697492 -0.716592 -0.00114813
t -1 0 0
bt -0.000743027 -0.765378 -0.643581
t -1 0 0
bt 0.000572475 -0.765378 -0.643581
t -1 0 0
bt -0.000743027 -0.765378 -0.643581
t -1 0 0
bt -0.000743027 -0.765378 -0.643581
t 0 0 -1
bt -0.735462 -0.677565 0
t 0 0 -1
bt -0.735458 -0.677562 -0.00340654
t 0 0 -1
bt -0.735462 -0.677565 0
t 0 0 -1
bt -0.735462 -0.677565 0
t -1 0 0
bt -0.00416453 -0.729484 0.683985
t -1 0 0
bt -0.00977834 -0.729456 0.683958
t -1 0 0
bt -0.00416453 -0.729484 0.683985
t -1 0 0
bt -0.00416453 -0.729484 0.683985
t 0 0 -1
bt 0.735461 -0.677564 0.00201918
t 0 0 -1
bt 0.735462 -0.677566 0
t 0 0 -1
bt 0.735461 -0.677564 0.00201918
t 0 0 -1
bt 0.735461 -0.677564 0.00201918
t -1 0 0
bt 0.00264803 -0.729488 -0.683989
t -1 0 0
bt 0.0116253 -0.729441 -0.683945
t -1 0 0
bt 0.00264803 -0.729488 -0.683989
t -1 0 0
bt 0.00264803 -0.729488 -0.683989
t 0 0 -1
bt -0.422282 -0.906464 -8.19474e-05
t 0 0 -1
bt -0.486925 -0.873444 0.000127527
t 0 0 -1
bt -0.486925 -0.873444 0
t 0 0 -1
bt -0.405293 -0.914187 0
t -1 0 0
bt 0.000598234 -0.900949 0.433924
t -1 0 0
bt -0.000480164 -0.900949 0.433924
t -1 0 0
bt 0.000413422 -0.926414 0.376506
t -1 0 0
bt 0.000373047 -0.926414 0.376506
t -0.765538 -0.19293 -0.613783
bt -0.0301118 -0.976081 0.215311
t -0.692593 0.275615 -0.666597
bt -0.0304809 -0.976137 0.215006
t -0.779243 -0.185451 -0.598655
bt -0.0676688 -0.944144 0.322512
t -0.781225 -0.22875 -0.580827
bt -0.0695961 -0.941931 0.328515
t -0.758533 0.290405 0.583347
bt 0.249893 -0.967989 0.0234672
t -0.709065 -0.172479 0.683723
bt 0.318679 -0.941109 0.112949
t -0.775343 0.127197 0.618599
bt 0.360499 -0.930562 0.0639827
t -0.758581 0.290391 0.58329
bt 0.249909 -0.967985 0.0234858
t -0.739022 -0.209436 -0.640299
bt -0.0142883 -0.99969 -0.0204068
t -0.721178 -0.297923 -0.625415
bt 0.00156512 -0.999976 -0.00670905
t -0.739112 -0.209437 -0.640195
bt -0.0142905 -0.99969 -0.0204042
t -0.739022 -0.209436 -0.640299
bt -0.0142883 -0.99969 -0.0204068
t -0.740521 -0.210868 0.638093
bt -0.023744 -0.999642 0.0123247
t -0.717767 -0.322119 0.617293
bt -0.00779761 -0.999969 -0.0013257
t -0.740646 -0.210867 0.637949
bt -0.0236826 -0.999643 0.0123958
t -0.740479 -0.210869 0.638142
bt -0.0237432 -0.999642 0.0123256
t -0.896524 0.249428 -0.366101
bt 0.120662 -0.563021 -0.817587
t -0.876079 0.481171 0.0309897
bt 0.108312 -0.559169 -0.821948
t -0.896524 0.249428 -0.366101
bt 0.120662 -0.563021 -0.817587
t -0.896509 0.249457 -0.366119
bt 0.120696 -0.562957 -0.817626
t -0.0969858 0.48102 0.871329
bt -0.864358 -0.498115 -0.0690395
t -0.358553 0.341501 0.868802
bt -0.849464 -0.515851 -0.110942
t -0.0969819 0.481012 0.871333
bt -0.864322 -0.498183 -0.0689984
t -0.0969819 0.481012 0.871333
bt -0.864322 -0.498183 -0.0689984
t -0.756733 3.31164e-05 -0.653724
bt -0.63697 -0.506605 0.581052
t -0.771004 -0.0131128 -0.636695
bt -0.656074 -0.50496 0.560876
t -0.756733 3.31164e-05 -0.653724
bt -0.63697 -0.506605 0.581052
t -0.756733 3.31164e-05 -0.653724
bt -0.63697 -0.506605 0.581052
t -0.756741 -2.62421e-05 0.653715
bt 0.656498 -0.504919 0.560417
t -0.756695 7.84405e-06 0.653768
bt 0.649415 -0.505536 0.568061
t -0.756741 -2.62421e-05 0.653715
bt 0.656498 -0.504919 0.560417
t -0.756741 -2.62421e-05 0.653715
bt 0.656498 -0.504919 0.560417
t -0.75674 -6.63146e-06 -0.653715
bt -0.0757379 -0.503434 0.860708
t -0.914544 -0.261899 -0.308251
bt -0.111571 -0.514537 0.850179
t -0.75674 -6.63146e-06 -0.653715
bt -0.0757379 -0.503434 0.860708
t -0.75674 -6.63146e-06 -0.653715
bt -0.0757379 -0.503434 0.860708
t -0.422916 -0.271376 0.864579
bt 0.874863 -0.471384 0.111405
t -0.756576 -3.35418e-07 0.653906
bt 0.897199 -0.440264 0.0346657
t -0.4229 -0.271342 0.864598
bt 0.87483 -0.471455 0.111367
t -0.422932 -0.27141 0.864561
bt 0.874897 -0.471313 0.111444
t -0.75673 2.99295e-05 -0.653728
bt 0.0379755 -0.483776 -0.874368
t -0.914876 0.402064 -0.036683
bt 0.0258095 -0.479544 -0.877138
t -0.75673 2.99295e-05 -0.653728
bt 0.0379755 -0.483776 -0.874368
t -0.756758 -3.19151e-05 -0.653695
bt 0.0379769 -0.483773 -0.874369
t -0.192272 0.391331 0.89994
bt -0.905573 -0.423999 -0.0127053
t -0.756565 -2.4396e-05 0.653919
bt -0.90014 -0.434099 -0.0361398
t -0.192272 0.391331 0.89994
bt -0.905573 -0.423999 -0.0127053
t -0.192279 0.391347 0.899931
bt -0.905607 -0.423925 -0.0127448
t -0.817339 -0.232085 -0.527345
bt -0.0794673 -0.821789 0.564223
t -0.821912 -0.301147 -0.483499
bt -0.0645559 -0.823451 0.563703
t -0.82711 -0.193978 -0.527506
bt -0.107959 -0.760259 0.640587
t -0.82711 -0.193978 -0.527506
bt -0.107959 -0.760259 0.640587
t -0.569928 -0.334976 0.750315
bt 0.631816 -0.773511 0.0498835
t -0.633537 -0.205535 0.745913
bt 0.692756 -0.715288 0.0919368
t -0.537635 -0.324745 0.778132
bt 0.705482 -0.705148 0.0711491
t -0.60464 -0.291151 0.741378
bt 0.624179 -0.77984 0.0474368
t -0.702531 -0.190736 0.685617
bt 0.441048 -0.897419 -0.0107608
t -1 0 -0.000106145
bt -0.000662924 0 -1
t -0.999894 0 0.0145376
bt 0 0 -1
t -1 0 -0.000106145
bt -0.0162261 0 -0.999868
t -1 0 -7.96088e-05
bt -0.0121692 0 -0.999926
t -1 0 0
bt -0.0466784 0 -0.99891
t -1 0 0
bt 0 0 -1
t 0 0 1
bt 0.229998 -0.973191 0
t 0 0 1
bt 0.240907 -0.970546 -0.00222163
t 0 0 1
bt 0.137696 -0.990475 0
t 0 0 1
bt 0.137696 -0.990475 0
t 0 0 -1
bt 0 -1 0
t 0 0 -1
bt 0 -1 0.000328683
t 0 0 -1
bt 0 -1 0
t 0 0 -1
bt 0 -1 0
t -5.59541e-05 4.25689e-05 1
bt 0.711409 -0.541289 0.448223
t -2.02125e-05 1.53773e-05 1
bt 0.660411 -0.502487 0.558
t -5.59541e-05 4.25689e-05 1
bt 0.711409 -0.541289 0.448223
t -0.000116503 -3.70041e-05 1
bt 0.711339 -0.541382 0.448223
t -1.5525e-05 -1.59509e-05 1
bt -0.697492 -0.716591 0.00159046
t 0 0 1
bt -0.697542 -0.716543 0
t -1.5525e-05 -1.59509e-05 1
bt -0.697492 -0.716591 0.00159046
t -1.5525e-05 -1.59509e-05 1
bt -0.697492 -0.716591 0.00159046
t 0 0 1
bt 0.735417 -0.677615 0
t 0 0 1
bt 0.735401 -0.677601 0.00647964
t 0 0 1
bt 0.735417 -0.677615 0
t 0 0 1
bt 0.735417 -0.677615 0
t 0 0 1
bt -0.735394 -0.677595 -0.00781007
t 0 0 1
bt -0.735417 -0.677615 0
t 0 0 1
bt -0.735394 -0.677595 -0.00781007
t 0 0 1
bt -0.735394 -0.677595 -0.00781007
t 0 0 1
bt 0.487001 -0.873402 0
t 0 0 1
bt 0.487001 -0.873402 0.000127443
t 0 0 1
bt 0.422282 -0.906464 -8.27332e-05
t 0 0 1
bt 0.405293 -0.914187 0
t 1 0 0
bt 0 0 1
t 1 0 0
bt -0.0125506 0 0.999921
t 1 0 0
bt -0.00454771 0 0.99999
t 1 0 0
bt 0 0 1
t 1 0 0
bt -0.0374692 0 0.999298
t 1 0 0
bt -0.0374692 0 0.999298

