g sponza_260
t 0.270217 0.00104227 -0.962799
bt 0.0468325 -0.800797 0.597103
t 0.270045 0.00173648 -0.962846
bt 0.0466757 -0.800559 0.597434
t 0.261992 0 -0.96507
bt -0.112894 -0.90241 0.415827
t 0.261992 0 -0.96507
bt -0.112894 -0.90241 0.415827
t 0.297433 0.00320629 -0.954737
bt 0.023837 -0.50863 0.860655
t 0.297772 0.00256255 -0.954634
bt 0.0238654 -0.508667 0.860632
t 0.353997 0.00493837 -0.935234
bt 0.0100132 -0.367005 0.930165
t 0.354123 0.00479422 -0.935187
bt 0.00988438 -0.366894 0.93021
t 0.467762 0.00702005 -0.883826
bt 0.00431918 -0.301387 0.953492
t 0.467983 0.00685624 -0.883711
bt 0.00490492 -0.301693 0.953392
t 0.706878 0.00928637 -0.707274
bt 0.0015511 -0.270861 0.962617
t 0.706756 0.00935303 -0.707395
bt 0.000956905 -0.270714 0.962659
t 0.904215 0.111898 -0.412158
bt 0.000144275 -0.261992 0.96507
t 0.903465 0.112313 -0.413688
bt 0 -0.261992 0.96507
t 0.802131 0.047714 0.595238
bt 0.000600381 -0.270327 0.962768
t 0.801934 0.0475837 0.595514
bt 0.000492746 -0.270354 0.962761
t 0.903974 -0.112031 0.41265
bt 0 -0.261992 0.96507
t 0.903974 -0.112031 0.41265
bt 0 -0.261992 0.96507
t 0.508626 0.0238338 0.860657
bt 0.00238628 -0.297865 0.954605
t 0.508658 0.0238583 0.860638
bt 0.00253362 -0.297787 0.954629
t 0.366936 0.00993288 0.930193
bt 0.0049343 -0.354 0.935232
t 0.366832 0.00981296 0.930236
bt 0.0048102 -0.354109 0.935192
t 0.301087 0.00374816 0.953589
bt 0.00702098 -0.467761 0.883827
t 0.301031 0.00364146 0.953607
bt 0.00684168 -0.468003 0.8837
t 0.27056 0.000335711 0.962703
bt 0.00968908 -0.706141 0.708004
t 0.270414 -0.000250318 0.962744
bt 0.00976192 -0.706008 0.708137
t 0.261992 -0.00100156 0.96507
bt 0.11273 -0.902708 0.415222
t 0.261992 0 0.96507
bt 0.113231 -0.901794 0.417068
t 0.270318 0.000635743 0.962771
bt 0.0468311 -0.800794 -0.597106
t 0.270342 0.000541637 0.962764
bt 0.046675 -0.800558 -0.597435
t 0.261992 0 0.96507
bt -0.112895 -0.902408 -0.41583
t 0.261992 0 0.96507
bt -0.112895 -0.902408 -0.41583
t 0.297839 0.00243405 0.954613
bt 0.02382 -0.508608 -0.860668
t 0.297751 0.00260169 0.95464
bt 0.0238377 -0.508631 -0.860654
t 0.354142 0.00477215 0.935179
bt 0.00989264 -0.366901 -0.930207
t 0.354236 0.00466495 0.935144
bt 0.00978535 -0.366808 -0.930245
t 0.467453 0.0072493 0.883988
bt 0.00378585 -0.301107 -0.953583
t 0.466517 0.00794234 0.884476
bt 0.00369987 -0.301062 -0.953597
t 0.704674 0.0104896 0.709454
bt 0.000825243 -0.270681 -0.962669
t 0.704553 0.0105551 0.709572
bt 0.000959168 -0.270715 -0.962659
t 0.901863 0.113193 0.416929
bt 0.00014393 -0.261992 -0.96507
t 0.903476 0.112307 0.413665
bt -4.8348e-05 -0.261992 -0.96507
t 0.80038 0.0465578 -0.597683
bt 0.000576721 -0.270333 -0.962767
t 0.800798 0.0468331 -0.597101
bt 0.000469119 -0.27036 -0.962759
t 0.902406 -0.112896 -0.415835
bt -4.83442e-05 -0.261992 -0.96507
t 0.902406 -0.112896 -0.415835
bt -4.83442e-05 -0.261992 -0.96507
t 0.507233 0.022763 -0.861508
bt 0.00234532 -0.297886 -0.954599
t 0.507279 0.0227978 -0.861481
bt 0.00261547 -0.297744 -0.954642
t 0.366427 0.00934555 -0.9304
bt 0.00482983 -0.354092 -0.935198
t 0.366817 0.00979553 -0.930242
bt 0.00463277 -0.354264 -0.935134
t 0.301083 0.00374058 -0.953591
bt 0.00702036 -0.467762 -0.883827
t 0.301038 0.00365392 -0.953605
bt 0.00685851 -0.46798 -0.883712
t 0.270656 0.00072137 -0.962676
bt 0.00969535 -0.70613 -0.708016
t 0.270702 0.000907177 -0.962663
bt 0.00976261 -0.706007 -0.708138
t 0.261992 0.00015488 -0.96507
bt 0.112728 -0.902711 -0.415216
t 0.261992 0 -0.96507
bt 0.113233 -0.901791 -0.417075
t 0.713018 0.0083661 -0.701095
bt -0.0548074 -0.951216 0.30362
t 0.347423 -0.00717723 -0.937681
bt 0.00196309 -0.811324 0.584594
t 0.385382 -0.0105329 -0.922697
bt 0.0311154 -0.614982 0.787927
t 0.744966 0.022601 -0.66672
bt -0.0308889 -0.879958 0.474046
t 0.924444 0.00200309 -0.381311
bt 0.00639516 -0.973425 0.228916
t 0.908636 -0.00121104 -0.417587
bt -0.00814035 -0.992007 0.125919
t 0.903016 0 -0.429607
bt -0.00854406 -0.999955 0.00406555
t 0.701583 0 -0.712588
bt -0.00654742 -0.999956 0.00664955
t 0.80195 0.029502 -0.596662
bt -0.0398821 -0.798031 0.601296
t 0.467955 -0.0233187 -0.883445
bt 0.0116643 -0.458822 0.888452
t 0.588671 -0.00753492 -0.808338
bt 0.0159975 -0.388045 0.921502
t 0.869471 0.0559922 -0.4908
bt -0.0180526 -0.746191 0.665488
t 0.972189 0.00689035 -0.234098
bt 0.00131526 -0.924724 0.380636
t 0.948057 -0.00301094 -0.318085
bt -0.00308332 -0.947437 0.319929
t 0.964002 0.0127225 -0.265592
bt -0.0100715 -0.712782 0.701313
t 0.846427 -0.0308895 -0.531608
bt 0.00709407 -0.347404 0.937689
t 0.998676 0.017256 -0.0484675
bt 0 -0.335391 0.942079
t 0.999318 0.025915 -0.0263191
bt 0 -0.701587 0.712584
t 0.999962 0.00787199 -0.00374582
bt 0 -0.903016 0.429607
t 0.9929 -0.00779695 -0.118698
bt -0.00293856 -0.908438 0.418009
t 0.951663 -0.0536087 0.302431
bt 0.00950471 -0.712861 0.701241
t 0.809689 0.000690816 0.586858
bt -0.00712719 -0.347412 0.937686
t 0.613935 0.0301597 0.78878
bt -0.00914668 -0.384704 0.922995
t 0.879711 -0.0315075 0.474464
bt 0.0238853 -0.744617 0.667065
t 0.973368 0.00572556 0.229179
bt 4.51677e-05 -0.92461 0.380914
t 0.992129 -0.00625558 0.125067
bt -0.00132108 -0.908641 0.417576
t 0.797762 -0.0405816 0.601605
bt 0.0286639 -0.802261 0.596284
t 0.458278 0.0109748 0.888741
bt -0.0235706 -0.468151 0.883334
t 0.388109 0.0161294 0.921472
bt -0.00795698 -0.58915 0.807984
t 0.746276 -0.0177322 0.6654
bt 0.0550513 -0.869881 0.49018
t 0.924751 0.00164752 0.380568
bt 0.00556309 -0.972321 0.233583
t 0.947374 -0.00368108 0.320109
bt -0.00368828 -0.948124 0.317879
t 0.712831 -0.00972234 0.701268
bt 0.012681 -0.963977 0.265681
t 0.347098 0.00578274 0.937811
bt -0.0311363 -0.846709 0.531144
t 0.335391 0 0.942079
bt 0.0167971 -0.998745 0.0471786
t 0.701587 0 0.712584
bt 0.0259222 -0.999317 0.0263265
t 0.903016 0 0.429607
bt 0.00790044 -0.999962 0.00375935
t 0.908595 0.00033739 0.417677
bt -0.00777866 -0.992899 0.118706
t 0.713017 0.00837234 0.701097
bt -0.0536129 -0.951661 -0.302435
t 0.347409 -0.00711615 0.937687
bt 0.000942767 -0.810014 -0.58641
t 0.385359 -0.0104872 0.922707
bt 0.0302757 -0.614062 -0.788677
t 0.744967 0.0225975 0.666719
bt -0.0308494 -0.879974 -0.474019
t 0.924458 0.00184755 0.38128
bt 0.00639023 -0.973425 -0.228918
t 0.908633 -0.00114813 0.417594
bt -0.00628825 -0.992126 -0.125082
t 0.8028 0.0272088 0.595627
bt -0.0406566 -0.797733 -0.601638
t 0.467913 -0.0232651 0.883468
bt 0.010702 -0.458063 -0.888855
t 0.590197 -0.00887933 0.80721
bt 0.0149785 -0.387549 -0.921727
t 0.870297 0.0540921 0.489548
bt -0.0189019 -0.745963 -0.665719
t 0.972255 0.00622734 0.233841
bt 0.00386852 -0.924932 -0.380114
t 0.948191 -0.0043794 0.317669
bt -0.00438074 -0.9473 -0.320319
t 0.963933 0.0129808 0.265827
bt -0.010103 -0.712778 -0.701317
t 0.846423 -0.030886 0.531615
bt 0.00605364 -0.347161 -0.937786
t 0.998675 0.017259 0.048476
bt 0 -0.335391 -0.942079
t 0.999317 0.0259348 0.0263392
bt 0 -0.701587 -0.712584
t 0.999962 0.00790727 0.00376261
bt 0 -0.903016 -0.429607
t 0.992856 -0.00685471 0.119125
bt 0.000458652 -0.908601 -0.417665
t 0.95161 -0.0537635 -0.302569
bt 0.00883512 -0.712953 -0.701156
t 0.80968 0.000683339 -0.586872
bt -0.0085667 -0.347747 -0.937549
t 0.614806 0.0309543 -0.788071
bt -0.010249 -0.385243 -0.922758
t 0.880136 -0.0304428 -0.473744
bt 0.0230445 -0.744845 -0.666839
t 0.973307 0.00502811 -0.229452
bt 0.00271063 -0.924384 -0.381455
t 0.992002 -0.00821289 -0.125951
bt 0.00178874 -0.908495 -0.417892
t 0.798276 -0.0392421 -0.601012
bt 0.0284422 -0.802344 -0.596184
t 0.45831 0.0110148 -0.888724
bt -0.0238073 -0.468335 -0.88323
t 0.388095 0.0161043 -0.921479
bt -0.00842554 -0.589598 -0.807653
t 0.746282 -0.0177114 -0.665394
bt 0.0550056 -0.869901 -0.49015
t 0.924764 0.00180534 -0.380536
bt 0.0055358 -0.972324 -0.233572
t 0.947441 -0.00303846 -0.319915
bt -0.00438969 -0.948192 -0.317666
t 0.712833 -0.00970683 -0.701267
bt 0.0149365 -0.963412 -0.267608
t 0.347071 0.00567046 -0.937822
bt -0.0326402 -0.848424 -0.528309
t 0.335391 0 -0.942079
bt 0.0181981 -0.998527 -0.0511139
t 0.908582 4.75563e-05 -0.417707
bt -0.00807699 -0.992913 -0.118571
t 0.51151 0.0161239 -0.859126
bt -0.0936774 -0.841755 0.53167
t 0.542279 0.0359389 -0.83943
bt -0.0635926 -0.707573 0.703773
t 0.502297 -9.35238e-06 -0.864695
bt -0.115438 -0.973234 0.198722
t 0.602688 0.0504876 -0.796378
bt -0.0588487 -0.597226 0.799911
t 0.689495 0.0844758 -0.719347
bt -0.0338837 -0.543146 0.838954
t 0.88157 0.0458691 -0.469819
bt -0.0175949 -0.511207 0.859277
t 0.971978 0.118076 -0.203263
bt 0.000120851 -0.502297 0.864695
t 0.841347 -0.0941265 0.532236
bt 0.0156486 -0.511608 0.859077
t 0.615524 -0.161998 0.771289
bt 0.139877 -0.494607 0.857787
t 0.890189 -0.228845 0.393947
bt 0 -0.5023 0.864693
t 0.59724 -0.0588269 0.799902
bt 0.0506287 -0.602596 0.796439
t 0.501782 -0.125242 0.855879
bt 0.254224 -0.512538 0.820168
t 0.511988 -0.254678 0.820371
bt 0.123657 -0.502549 0.855659
t 0.511461 -0.0163633 0.859151
bt 0.0443397 -0.882727 0.467789
t 0.502297 0.000131279 0.864695
bt 0.116474 -0.972745 0.200504
t 0.493915 -0.141273 0.857957
bt 0.162188 -0.615329 0.771405
t 0.5115 0.0161723 0.859131
bt -0.0937671 -0.841673 -0.531783
t 0.493955 0.141192 0.857947
bt -0.163355 -0.614131 -0.772113
t 0.5023 0 0.864693
bt -0.228911 -0.890122 -0.39406
t 0.602693 0.0504799 0.796375
bt -0.0577136 -0.597972 -0.799437
t 0.689467 0.0844242 0.71938
bt -0.0318484 -0.544045 -0.838451
t 0.501872 0.125055 0.855853
bt -0.254021 -0.512784 -0.820077
t 0.881501 0.0459603 0.469941
bt -0.0173118 -0.511266 -0.859248
t 0.971926 0.118184 0.203449
bt 0.000122109 -0.502297 -0.864695
t 0.841136 -0.094359 -0.532529
bt 0.0166641 -0.511399 -0.859182
t 0.706478 -0.0648838 -0.704755
bt 0.0368149 -0.541908 -0.839631
t 0.89017 -0.228864 -0.393978
bt 0 -0.5023 -0.864693
t 0.597214 -0.0588671 -0.799919
bt 0.0502721 -0.602828 -0.796286
t 0.50178 -0.125246 -0.85588
bt 0.2527 -0.514382 -0.819484
t 0.51144 -0.0164674 -0.859161
bt 0.0452914 -0.882008 -0.469053
t 0.5023 0 -0.864693
bt 0.227593 -0.89146 -0.391792
t 0.493918 -0.141267 -0.857956
bt 0.16157 -0.615963 -0.771029
t 0.902634 -0.00424406 -0.430388
bt -0.002266 -0.991775 0.127971
t 0.952703 -0.00960321 -0.303751
bt 0.00275966 -0.996424 0.0844523
t 0.961403 -0.00397908 -0.275114
bt 0.00560358 -0.986807 0.161804
t 0.920162 -0.00583594 -0.391495
bt 0.00338598 -0.971263 0.237986
t 0.896873 0.000255101 -0.442289
bt -0.00206071 -0.999997 0.00101592
t 0.949291 -4.43937e-05 -0.314398
bt -0.00120602 -0.999999 0.000399329
t 0.952691 -0.00885674 -0.303812
bt 0.0162252 -0.99665 0.0801614
t 0.902601 0.0035228 -0.430464
bt -0.00147513 -0.992002 -0.126215
t 0.952559 0.00191608 -0.304348
bt -0.00431486 -0.99646 -0.0839516
t 0.920116 0.00528311 -0.391611
bt -0.00344032 -0.971268 -0.237964
t 0.961403 0.0039644 -0.275116
bt -0.00527825 -0.986794 -0.161895
t 0.944275 0.00242719 -0.329148
bt -0.00450126 -0.944493 -0.3285
t 0.973899 0.00435033 -0.226938
bt -0.00588493 -0.973971 -0.226595
t 0.970931 -2.16292e-05 -0.239359
bt -0.00512797 -0.920103 -0.391644
t 0.986704 0.00312028 -0.162499
bt -0.00565041 -0.961469 -0.274856
t 0.991776 -0.00225511 -0.127966
bt -0.00450767 -0.902646 -0.43036
t 0.996424 0.00277969 -0.084446
bt -0.0117399 -0.952734 -0.303578
t 0.999997 -0.00205229 -0.00101177
bt -0.000499727 -0.896873 -0.442289
t 0.999999 -0.00121112 -0.000401019
bt 0 -0.949291 -0.314398
t 0.99665 0.0162701 -0.080147
bt -0.0107189 -0.95272 -0.303662
t 0.992002 -0.00147704 0.126214
bt 0.00368399 -0.902608 -0.430447
t 0.996665 -0.0180597 0.0795762
bt 0.00897698 -0.952693 -0.303803
t 0.971262 -0.00338202 0.237987
bt 0.00360769 -0.919974 -0.391964
t 0.986793 -0.00526125 0.1619
bt 0.00377988 -0.961396 -0.275144
t 0.996458 -0.00421848 0.0839889
bt 0.00984029 -0.952707 -0.303732
t 0.944541 -0.00496024 0.328356
bt 0.00474961 -0.944519 -0.328422
t 0.973983 -0.00615023 0.226536
bt 0.00420988 -0.973893 -0.226969
t 0.920237 -0.00674249 0.391303
bt -2.99034e-05 -0.97093 -0.239362
t 0.961433 -0.00473196 0.274998
bt 0.00337153 -0.986714 -0.162429
t 0.90259 -0.00328877 0.430489
bt -0.00231413 -0.991772 -0.127994
t 0.952708 -0.00994159 0.303724
bt 0.00341245 -0.996439 -0.084245
t 0.896873 0.000479031 0.442289
bt -0.00184043 -0.999998 -0.000907293
t 0.949291 0 0.314398
bt -0.00178478 -0.999998 -0.000591013
t 0.952682 -0.00835291 0.303853
bt 0.017729 -0.996663 -0.0796817
t 0.902609 0.00370204 0.430445
bt -0.00185668 -0.992024 0.126035
t 0.952693 0.00898818 0.303802
bt -0.016406 -0.996652 0.0801037
t 0.920141 0.00558979 0.391547
bt -0.00290677 -0.971217 0.238179
t 0.961405 0.00401579 0.275108
bt -0.00586067 -0.986817 0.161732
t 0.952707 0.00985795 0.30373
bt -0.00181442 -0.9964 0.0847525
t 0.944337 0.00300974 0.328966
bt -0.00690933 -0.944741 0.327745
t 0.973912 0.00461838 0.226878
bt -0.00556814 -0.973957 0.226666
t 0.970886 -0.000470625 0.23954
bt -0.00525669 -0.920113 0.391617
t 0.986694 0.00288645 0.162565
bt -0.00459082 -0.961428 0.275019
t 0.991838 -0.0012581 0.127498
bt -0.00410315 -0.902628 0.430403
t 0.99644 0.00343186 0.0842388
bt -0.00958198 -0.952703 0.303753
t 0.999997 -0.00228899 0.00112848
bt 0.000264586 -0.896873 0.442289
t 0.999999 -0.00156377 0.000517815
bt -3.32925e-05 -0.949291 0.314398
t 0.996663 0.0177197 0.0796847
bt -0.00884282 -0.952691 0.303813
t 0.992027 -0.00191487 -0.126008
bt 0.00401629 -0.902624 0.430412
t 0.996663 -0.0177673 -0.0796695
bt 0.0104641 -0.952716 0.303683
t 0.9712 -0.00273033 -0.23825
bt 0.00439217 -0.92004 0.391799
t 0.986803 -0.00551591 -0.161829
bt 0.00407444 -0.961407 0.275099
t 0.996403 -0.00191223 -0.0847214
bt 0.0115934 -0.952732 0.30359
t 0.944589 -0.00542255 -0.328211
bt 0.00264401 -0.944298 0.32908
t 0.973997 -0.00644433 -0.22647
bt 0.00401307 -0.973883 0.227013
t 0.243213 0.000397152 0.969973
bt 0.0490208 -0.774045 -0.63123
t 0.243345 -0.000123599 0.96994
bt 0.0476034 -0.771624 -0.634295
t 0.235611 0 0.971847
bt -0.110135 -0.883999 -0.45433
t 0.235611 0 0.971847
bt -0.110135 -0.883999 -0.45433
t 0.265615 0.00738221 0.964051
bt 0.0500242 -0.504577 -0.861916
t 0.264982 0.00855935 0.964216
bt 0.0501023 -0.504681 -0.861851
t 0.319786 0.00490867 0.947477
bt 0.00900188 -0.332219 -0.943159
t 0.319956 0.00472009 0.947421
bt 0.00896011 -0.332182 -0.943173
t 0.274336 -0.00890761 0.961593
bt -0.0347628 -0.38663 -0.92158
t 0.274336 -0.00890761 0.961593
bt -0.0347628 -0.38663 -0.92158
t 0.385429 0.0355883 0.922051
bt 0.00915308 -0.274467 -0.961553
t 0.385468 0.0355616 0.922036
bt 0.00992662 -0.274878 -0.961428
t 0.668897 0.00726963 0.74332
bt 0.00159796 -0.243716 -0.969845
t 0.669874 0.00678807 0.742444
bt 0.0013386 -0.24365 -0.969862
t 0.50647 -0.0514514 0.860721
bt -0.00699088 -0.265826 -0.963996
t 0.50647 -0.0514514 0.860721
bt -0.00699088 -0.265826 -0.963996
t 0.88041 0.11173 0.460863
bt 0.000477342 -0.235589 -0.971853
t 0.881366 0.111311 0.459135
bt 0 -0.235589 -0.971853
t 0.771867 0.0477453 -0.633988
bt 0.000892138 -0.243089 -0.970004
t 0.772337 0.0480201 -0.633395
bt 0.00144904 -0.242948 -0.970038
t 0.88059 -0.111651 -0.460538
bt 0 -0.235589 -0.971853
t 0.88059 -0.111651 -0.460538
bt 0 -0.235589 -0.971853
t 0.507083 0.051914 -0.860333
bt 0.00872182 -0.264894 -0.964238
t 0.507268 0.0520538 -0.860215
bt 0.00819244 -0.265179 -0.964164
t 0.331573 0.00827531 -0.943393
bt 0.00487945 -0.319813 -0.947468
t 0.331564 0.0082662 -0.943396
bt 0.00479606 -0.319888 -0.947443
t 0.385475 -0.0355569 -0.922033
bt -0.00839205 -0.274062 -0.961675
t 0.385475 -0.0355569 -0.922033
bt -0.00839205 -0.274062 -0.961675
t 0.274453 0.00912687 -0.961557
bt 0.0348987 -0.386432 -0.921657
t 0.274379 0.008987 -0.96158
bt 0.0346525 -0.38679 -0.921516
t 0.243493 0.000714326 -0.969902
bt 0.00726896 -0.668898 -0.743319
t 0.243632 0.00126664 -0.969867
bt 0.00678162 -0.669887 -0.742432
t 0.26513 -0.00828308 -0.964177
bt -0.0514512 -0.50647 -0.860721
t 0.26513 -0.00828308 -0.964177
bt -0.0514512 -0.50647 -0.860721
t 0.235611 0.000687083 -0.971847
bt 0.111718 -0.880413 -0.46086
t 0.235611 0 -0.971847
bt 0.111338 -0.881279 -0.459295
t 0.243208 0.000417183 -0.969974
bt 0.0477452 -0.771867 0.633989
t 0.243289 9.86387e-05 -0.969954
bt 0.0479959 -0.772296 0.633447
t 0.235611 0 -0.971847
bt -0.111641 -0.880588 0.460545
t 0.235611 0 -0.971847
bt -0.111641 -0.880588 0.460545
t 0.265579 0.00744978 -0.96406
bt 0.0519223 -0.507094 0.860326
t 0.264945 0.00862785 -0.964225
bt 0.0520648 -0.507282 0.860206
t 0.320021 0.00464718 -0.947399
bt 0.00882654 -0.332063 0.943216
t 0.320249 0.00439317 -0.947323
bt 0.00877779 -0.33202 0.943232
t 0.274294 -0.00882796 -0.961605
bt -0.0347521 -0.386645 0.921573
t 0.274294 -0.00882796 -0.961605
bt -0.0347521 -0.386645 0.921573
t 0.386396 0.0349238 -0.921672
bt 0.00849286 -0.274115 0.961659
t 0.386834 0.0346228 -0.921499
bt 0.00842043 -0.274077 0.961671
t 0.667427 0.00799262 -0.744632
bt 0.000200749 -0.243364 0.969935
t 0.668007 0.00770727 -0.744115
bt -5.8647e-05 -0.243299 0.969951
t 0.504232 -0.0497639 -0.862133
bt -0.00833928 -0.2651 0.964185
t 0.504232 -0.0497639 -0.862133
bt -0.00833928 -0.2651 0.964185
t 0.880427 0.111723 -0.460833
bt -0.000765392 -0.235589 0.971853
t 0.881288 0.111345 -0.459275
bt 0 -0.235589 0.971853
t 0.771199 0.0473552 0.63483
bt 0.000404543 -0.243212 0.969973
t 0.77163 0.0476066 0.634288
bt 6.18249e-05 -0.243298 0.969952
t 0.880589 -0.111652 0.46054
bt 0 -0.235589 0.971853
t 0.880589 -0.111652 0.46054
bt 0 -0.235589 0.971853
t 0.504569 0.0500183 0.861921
bt 0.00744035 -0.265584 0.964059
t 0.504679 0.0501012 0.861852
bt 0.00687839 -0.265886 0.96398
t 0.332207 0.00898875 0.943164
bt 0.00380062 -0.320781 0.947146
t 0.332166 0.00894249 0.943179
bt 0.00480546 -0.319879 0.947446
t 0.386613 -0.0347746 0.921586
bt -0.0103583 -0.275108 0.961358
t 0.386613 -0.0347746 0.921586
bt -0.0103583 -0.275108 0.961358
t 0.274457 0.00913409 0.961556
bt 0.0349156 -0.386408 0.921667
t 0.274355 0.00894197 0.961587
bt 0.0346064 -0.386857 0.92149
t 0.243459 0.000579097 0.969911
bt 0.00691928 -0.669608 0.742683
t 0.243598 0.00112978 0.969876
bt 0.00665206 -0.67015 0.742196
t 0.265098 -0.008344 0.964186
bt -0.0497943 -0.504272 0.862108
t 0.265098 -0.008344 0.964186
bt -0.0497943 -0.504272 0.862108
t 0.235611 0.000424798 0.971847
bt 0.109731 -0.884904 0.452664
t 0.235611 0 0.971847
bt 0.111874 -0.880055 0.461505
t 0.997462 0 0.0711973
bt -0.000224904 -1 -1.58074e-05
t 0.997629 0.000438786 0.068817
bt -0.000110791 -0.99983 -0.0184508
t 1 1.05426e-08 0
bt 7.6232e-07 -1 0
t 0.998091 0.000749693 0.0617632
bt -0.000249146 -0.999363 -0.0356821
t 0.998724 0.000580047 0.050491
bt 0.000142763 -0.998726 -0.0504549
t 0.999361 0.0010509 0.0357312
bt -0.000612584 -0.998091 -0.0617585
t 0.999831 -0.00112718 0.018365
bt 0.000315 -0.99763 -0.0688032
t 1 0.000235645 1.65809e-05
bt 0 -0.997462 -0.0711973
t 0.999831 0.000854353 -0.0183843
bt -0.000140626 -0.99763 -0.0688063
t 0.999365 0.00073761 -0.0356212
bt 0.000132606 -0.998092 -0.0617412
t 0.998722 -0.00129127 -0.0505272
bt 0.000667179 -0.998724 -0.0504954
t 0.998092 -5.9725e-05 -0.0617389
bt -0.000931871 -0.999365 -0.0356087
t 0.997628 -0.000833527 -0.0688243
bt -0.00105924 -0.999831 -0.0183697
t 0.997462 0 -0.0711973
bt 0.000286333 -1 -2.01926e-05
t 0.99763 0.000152215 -0.0688117
bt 0.000752934 -0.999831 0.0183913
t 0.998093 -9.32331e-05 -0.0617332
bt 0.00171096 -0.999366 0.035561
t 0.998728 -0.000964395 -0.0504131
bt 0.000157357 -0.998726 0.0504542
t 0.999364 3.83579e-05 -0.0356687
bt -0.000562124 -0.998091 0.0617568
t 0.999828 0.000885916 -0.0185038
bt 0.00032563 -0.99763 0.068803
t 1 0.000263655 -1.85782e-05
bt 0 -0.997462 0.0711973
t 0.99983 -0.000193983 0.0184566
bt -0.00013536 -0.99763 0.0688064
t 0.999363 -0.000246185 0.0356819
bt 0.000163714 -0.998092 0.0617423
t 0.998728 0.000985624 0.0504124
bt 0.000705045 -0.998724 0.0504973
t 0.998094 0.000764981 0.0617096
bt 5.22375e-05 -0.999364 0.0356695
t 0.997629 -0.000260019 0.0688138
bt 0.000844754 -0.999829 0.018501
t 0.917631 0.00244728 -0.397426
bt 0.000970357 -0.970336 0.241758
t 0.900762 -0.00205033 -0.434308
bt -0.0062105 -0.991335 0.131208
t 0.887561 -0.00274053 -0.460682
bt -0.0114004 -0.989559 0.143677
t 0.906432 0.00210988 -0.422347
bt 0.00343896 -0.966138 0.258004
t 0.894687 0 -0.446693
bt 0.00591298 -0.999978 -0.00295178
t 0.900561 -0.00192854 -0.434725
bt -0.00401762 -0.991977 -0.126355
t 0.887317 -0.00158537 -0.461158
bt -0.0080102 -0.990977 -0.13379
t 0.880837 0 -0.47342
bt 0.0104793 -0.999929 -0.00563428
t 0.91793 0.000818404 -0.396741
bt 0.0070791 -0.969465 -0.245128
t 0.942814 -0.000818604 -0.333319
bt -0.00119958 -0.943037 -0.332686
t 0.934335 -0.00285913 -0.356384
bt -0.000947042 -0.934821 -0.355119
t 0.906864 0.00210175 -0.421417
bt 0.0112683 -0.964356 -0.264368
t 0.970588 0.00377285 -0.240718
bt 0.00138829 -0.917729 -0.397204
t 0.991441 -0.00465188 -0.130469
bt 0.00149148 -0.900584 -0.43468
t 0.988176 -0.0260476 -0.151098
bt -0.00155245 -0.887537 -0.460733
t 0.96664 0.00801055 -0.256012
bt 0.00213606 -0.906429 -0.422353
t 0.999982 0.00540163 0.00269647
bt 0 -0.894687 -0.446693
t 0.992051 -0.00534881 0.125723
bt -0.00167524 -0.900574 -0.434699
t 0.991102 -0.010067 0.132726
bt -0.00151175 -0.887384 -0.461029
t 0.99994 0.00965644 0.0051872
bt 0 -0.880859 -0.473378
t 0.969838 0.00385416 0.24372
bt 0.000242622 -0.917915 -0.396776
t 0.943291 -0.00354166 0.331948
bt -0.00416558 -0.942434 -0.334367
t 0.935601 -0.00724179 0.352985
bt -0.00487911 -0.934086 -0.357014
t 0.965038 0.00587912 0.262043
bt 0.00233825 -0.906888 -0.421365
t 0.917713 0.00156245 0.397241
bt 0.00396681 -0.970607 -0.240639
t 0.900591 0.00136238 0.434666
bt -0.0067582 -0.991298 -0.131467
t 0.887368 0.000708991 0.461062
bt -0.00882987 -0.989774 -0.142371
t 0.9064 0.00241354 0.422414
bt 0.00835692 -0.966677 -0.255861
t 0.894687 0 0.446693
bt 0.00619983 -0.999976 0.00309499
t 0.900731 0.00141659 0.434375
bt -0.00416293 -0.991999 0.126177
t 0.887549 0.00137911 0.460712
bt -0.0079388 -0.990975 0.133814
t 0.880901 0 0.473301
bt 0.0104863 -0.999929 0.00563425
t 0.917872 0.000176831 0.396876
bt 0.00482856 -0.969709 0.244216
t 0.942482 -0.00374712 0.334237
bt -0.00108379 -0.943024 0.332722
t 0.934075 -0.00485337 0.357043
bt -0.00475535 -0.93529 0.35385
t 0.906828 0.00213499 0.421495
bt 0.00638356 -0.964976 0.26226
t 0.970629 0.00393643 0.240549
bt 0.00249095 -0.917627 0.397436
t 0.99144 -0.00467837 0.130482
bt 0.000853785 -0.900617 0.434613
t 0.989844 -0.00797074 0.141935
bt 0.000398448 -0.887385 0.461028
t 0.96668 0.008383 0.255849
bt 0.00218087 -0.906424 0.422363
t 0.999982 0.00541557 -0.00270344
bt 0 -0.894687 0.446693
t 0.99204 -0.00515227 -0.125816
bt -0.00222118 -0.900546 0.434756
t 0.991101 -0.0100835 -0.13273
bt -0.00158802 -0.887316 0.461158
t 0.99994 0.00965703 -0.00518752
bt 0 -0.880859 0.473378
t 0.9698 0.00397151 -0.243868
bt 0.000347775 -0.917887 0.396841
t 0.943058 -0.0013873 -0.332627
bt -0.0055029 -0.942278 0.334785
t 0.935288 -0.00473737 -0.353856
bt -0.00482233 -0.934079 0.357033
t 0.965021 0.00602061 -0.262104
bt 0.00238272 -0.906893 0.421355
t 0.99532 0.0251788 -0.0933006
bt -0.00762312 -0.952284 0.305117
t 0.99653 0.00768614 0.0828849
bt 0.00721903 -0.952296 0.30509
t 0.952271 -0.00801739 0.305147
bt 0.0241887 -0.995373 0.0929887
t 0.952205 0.00998756 0.305297
bt 0.00658098 -0.996508 -0.0832364
t 0.995237 0.0266561 0.0937659
bt -0.00582607 -0.95234 -0.304982
t 0.99653 0.00773605 -0.082869
bt 0.0099914 -0.952205 -0.305298
t 0.952215 0.00967735 -0.305274
bt 0.00769887 -0.99653 0.0828808
t 0.99529 -0.0257218 -0.0934717
bt 0.00599768 -0.952335 -0.304995
t 0.996534 -0.00793136 0.0828068
bt -0.00966131 -0.952216 -0.305273
t 0.952334 0.00602577 0.304997
bt -0.0254082 -0.995307 -0.0933729
t 0.952216 -0.00966053 0.305273
bt -0.006366 -0.996504 0.0833047
t 0.995305 -0.025442 0.0933836
bt 0.00892493 -0.952242 0.305215
t 0.996533 -0.00785973 -0.0828296
bt -0.00965665 -0.952216 0.305273
t 0.952242 0.00891851 -0.305215
bt -0.0257371 -0.995289 0.0934765
t 0.991953 0.0282175 -0.123424
bt 0.00500599 -0.887152 -0.46145
t 0.861903 0.17942 0.474269
bt -0.0979524 -0.592804 0.799367
t 0.602413 0.127942 0.787864
bt -0.0882802 -0.816269 0.570886
t 0.815381 0.0867613 0.572386
bt -0.128359 -0.602542 0.787698
t 0.593444 0.0998898 0.798653
bt -0.176634 -0.860739 0.477419
t 0.592924 -0.0983149 0.799234
bt 0.176257 -0.86058 -0.477845
t 0.603329 -0.130912 0.786674
bt 0.086749 -0.815374 -0.572398
t 0.602399 0.1279 -0.787881
bt -0.0861897 -0.815046 -0.57295
t 0.59345 0.0999085 -0.798646
bt -0.178066 -0.86134 -0.475801

