g sponza_306
t 0 0 1
bt 1 0 0
t 0 -0.500009 0.86602
bt 1 0 0
t 0 -0.500008 0.866021
bt 1 0 0
t 0 0 1
bt 1 0 0
t 0 -0.866018 0.500013
bt 1 0 0
t 0 -0.866017 0.500014
bt 1 0 0
t 0 -1 0
bt 1 0 0
t 0 -1 0
bt 1 0 0
t 0 -0.86602 -0.500009
bt 1 0 0
t 0 -0.866021 -0.500008
bt 1 0 0
t 0 -0.500013 -0.866018
bt 1 0 0
t 0 -0.500014 -0.866017
bt 1 0 0
t 0 0 -1
bt 1 0 0
t 0 0 -1
bt 1 0 0
t 0 0.500009 -0.86602
bt 1 0 0
t 0 0.500008 -0.866021
bt 1 0 0
t 0 0.866018 -0.500013
bt 1 0 0
t 0 0.866017 -0.500014
bt 1 0 0
t 0 1 0
bt 1 0 0
t 0 1 0
bt 1 0 0
t 0 0.86602 0.500009
bt 1 0 0
t 0 0.866021 0.500008
bt 1 0 0
t 0 0.500013 0.866018
bt 1 0 0
t 0 0.500014 0.866017
bt 1 0 0
t 0 0 1
bt 1 0 0
t 0 0 1
bt 1 0 0
t 0 0 1
bt 1 0 0
t 0 -0.500009 0.86602
bt 1 0 0
t 0 -0.500009 0.86602
bt 1 0 0
t 0 0 1
bt 1 0 0
t 0 -0.866018 0.500013
bt 1 0 0
t 0 -0.866018 0.500013
bt 1 0 0
t 0 -1 0
bt 1 0 0
t 0 -1 0
bt 1 0 0
t 0 -0.86602 -0.500009
bt 1 0 0
t 0 -0.86602 -0.500009
bt 1 0 0
t 0 -0.500013 -0.866018
bt 1 0 0
t 0 -0.500013 -0.866018
bt 1 0 0
t 0 0 -1
bt 1 0 0
t 0 0 -1
bt 1 0 0
t 0 0.500009 -0.86602
bt 1 0 0
t 0 0.500009 -0.86602
bt 1 0 0
t 0 0.866018 -0.500013
bt 1 0 0
t 0 0.866018 -0.500013
bt 1 0 0
t 0 1 0
bt 1 0 0
t 0 1 0
bt 1 0 0
t 0 0.86602 0.500009
bt 1 0 0
t 0 0.86602 0.500009
bt 1 0 0
t 0 0.500013 0.866018
bt 1 0 0
t 0 0.500013 0.866018
bt 1 0 0
t 0 0 1
bt 1 0 0
t 0 0 1
bt 1 0 0
t 1.62602e-05 0 1
bt 1 0 0
t -4.85111e-05 -0.500009 0.86602
bt 1 0 0
t 0 -0.500009 0.86602
bt 1 0 0
t 0 0 1
bt 1 0 0
t 0 -0.866018 0.500013
bt 1 0 0
t 0 -0.866018 0.500013
bt 1 0 0
t 0 -1 0
bt 1 0 0
t 0 -1 0
bt 1 0 0
t 0 -0.86602 -0.500009
bt 1 0 0
t 0 -0.86602 -0.500009
bt 1 0 0
t 0 -0.500013 -0.866018
bt 1 0 0
t 0 -0.500013 -0.866018
bt 1 0 0
t 0 0 -1
bt 1 0 0
t 0 0 -1
bt 1 0 0
t 0 0.500009 -0.86602
bt 1 0 0
t 0 0.500009 -0.86602
bt 1 0 0
t 0 0.866018 -0.500013
bt 1 0 0
t 0 0.866018 -0.500013
bt 1 0 0
t 0 1 0
bt 1 0 0
t 0 1 0
bt 1 0 0
t 0 0.86602 0.500009
bt 1 0 0
t 0 0.86602 0.500009
bt 1 0 0
t 1.59901e-05 0.500013 0.866018
bt 1 0 0
t 0 0.500013 0.866018
bt 1 0 0
t 1.62602e-05 0 1
bt 1 0 0
t 0 0 1
bt 1 0 0
t -5.3299e-05 0 1
bt 1 0 0
t 0 -0.500008 0.866021
bt 1 0 0
t -4.85111e-05 -0.500009 0.86602
bt 1 0 0
t 1.62602e-05 0 1
bt 1 0 0
t 0 -0.866017 0.500014
bt 1 0 0
t 0 -0.866018 0.500013
bt 1 0 0
t 0 -1 0
bt 1 0 0
t 0 -1 0
bt 1 0 0
t 0 -0.866021 -0.500008
bt 1 0 0
t 0 -0.86602 -0.500009
bt 1 0 0
t 0 -0.500014 -0.866017
bt 1 0 0
t 0 -0.500013 -0.866018
bt 1 0 0
t 0 0 -1
bt 1 0 0
t 0 0 -1
bt 1 0 0
t 0 0.500008 -0.866021
bt 1 0 0
t 0 0.500009 -0.86602
bt 1 0 0
t 0 0.866017 -0.500014
bt 1 0 0
t 0 0.866018 -0.500013
bt 1 0 0
t 0 1 0
bt 1 0 0
t 0 1 0
bt 1 0 0
t 0 0.866021 0.500008
bt 1 0 0
t 0 0.86602 0.500009
bt 1 0 0
t 2.66501e-05 0.500014 0.866017
bt 1 0 0
t 1.59901e-05 0.500013 0.866018
bt 1 0 0
t -5.3299e-05 0 1
bt 1 0 0
t 1.62602e-05 0 1
bt 1 0 0
t 0 -0.500008 0.866021
bt -1 0 0
t 0 -0.500009 0.86602
bt -1 0 0
t 0 0 1
bt -1 0 0
t 0 0 1
bt -1 0 0
t 0 -0.866017 0.500014
bt -1 0 0
t 0 -0.866018 0.500013
bt -1 0 0
t 0 -1 0
bt -1 0 0
t 0 -1 0
bt -1 0 0
t 0 -0.866021 -0.500008
bt -1 0 0
t 0 -0.86602 -0.500009
bt -1 0 0
t 0 -0.500014 -0.866017
bt -1 0 0
t 0 -0.500013 -0.866018
bt -1 0 0
t 0 0 -1
bt -1 0 0
t 0 0 -1
bt -1 0 0
t 0 0.500008 -0.866021
bt -1 0 0
t 0 0.500009 -0.86602
bt -1 0 0
t 0 0.866017 -0.500014
bt -1 0 0
t 0 0.866018 -0.500013
bt -1 0 0
t 0 1 0
bt -1 0 0
t 0 1 0
bt -1 0 0
t 0 0.866021 0.500008
bt -1 0 0
t 0 0.86602 0.500009
bt -1 0 0
t 0 0.500014 0.866017
bt -1 0 0
t 0 0.500013 0.866018
bt -1 0 0
t 0 0 1
bt -1 0 0
t 0 0 1
bt -1 0 0
t 0 -0.500009 0.86602
bt -1 0 0
t 0 -0.500009 0.86602
bt -1 0 0
t 0 0 1
bt -1 0 0
t 0 0 1
bt -1 0 0
t 0 -0.866018 0.500013
bt -1 0 0
t 0 -0.866018 0.500013
bt -1 0 0
t 0 -1 0
bt -1 0 0
t 0 -1 0
bt -1 0 0
t 0 -0.86602 -0.500009
bt -1 0 0
t 0 -0.86602 -0.500009
bt -1 0 0
t 0 -0.500013 -0.866018
bt -1 0 0
t 0 -0.500013 -0.866018
bt -1 0 0
t 0 0 -1
bt -1 0 0
t 0 0 -1
bt -1 0 0
t 0 0.500009 -0.86602
bt -1 0 0
t 0 0.500009 -0.86602
bt -1 0 0
t 0 0.866018 -0.500013
bt -1 0 0
t 0 0.866018 -0.500013
bt -1 0 0
t 0 1 0
bt -1 0 0
t 0 1 0
bt -1 0 0
t 0 0.86602 0.500009
bt -1 0 0
t 0 0.86602 0.500009
bt -1 0 0
t 0 0.500013 0.866018
bt -1 0 0
t 0 0.500013 0.866018
bt -1 0 0
t 0 0 1
bt -1 0 0
t 0 0 1
bt -1 0 0
t 0 -0.500009 0.86602
bt -1 0 0
t 0 -0.500009 0.86602
bt -1 0 0
t 0 0 1
bt -1 0 0
t 0 0 1
bt -1 0 0
t 0 -0.866018 0.500013
bt -1 0 0
t 0 -0.866018 0.500013
bt -1 0 0
t 0 -1 0
bt -1 0 0
t 0 -1 0
bt -1 0 0
t 0 -0.86602 -0.500009
bt -1 0 0
t 0 -0.86602 -0.500009
bt -1 0 0
t 0 -0.500013 -0.866018
bt -1 0 0
t 0 -0.500013 -0.866018
bt -1 0 0
t 0 0 -1
bt -1 0 0
t 0 0 -1
bt -1 0 0
t 0 0.500009 -0.86602
bt -1 0 0
t 0 0.500009 -0.86602
bt -1 0 0
t 0 0.866018 -0.500013
bt -1 0 0
t 0 0.866018 -0.500013
bt -1 0 0
t 0 1 0
bt -1 0 0
t 0 1 0
bt -1 0 0
t 0 0.86602 0.500009
bt -1 0 0
t 0 0.86602 0.500009
bt -1 0 0
t 0 0.500013 0.866018
bt -1 0 0
t 0 0.500013 0.866018
bt -1 0 0
t 0 0 1
bt -1 0 0
t 0 0 1
bt -1 0 0
t 0 -0.500009 0.86602
bt -1 0 0
t 0 -0.500008 0.866021
bt -1 0 0
t 0 0 1
bt -1 0 0
t 0 0 1
bt -1 0 0
t 0 -0.866018 0.500013
bt -1 0 0
t 0 -0.866017 0.500014
bt -1 0 0
t 0 -1 0
bt -1 0 0
t 0 -1 0
bt -1 0 0
t 0 -0.86602 -0.500009
bt -1 0 0
t 0 -0.866021 -0.500008
bt -1 0 0
t 0 -0.500013 -0.866018
bt -1 0 0
t 0 -0.500014 -0.866017
bt -1 0 0
t 0 0 -1
bt -1 0 0
t 0 0 -1
bt -1 0 0
t 0 0.500009 -0.86602
bt -1 0 0
t 0 0.500008 -0.866021
bt -1 0 0
t 0 0.866018 -0.500013
bt -1 0 0
t 0 0.866017 -0.500014
bt -1 0 0
t 0 1 0
bt -1 0 0
t 0 1 0
bt -1 0 0
t 0 0.86602 0.500009
bt -1 0 0
t 0 0.866021 0.500008
bt -1 0 0
t 0 0.500013 0.866018
bt -1 0 0
t 0 0.500014 0.866017
bt -1 0 0
t 0 0 1
bt -1 0 0
t 0 0 1
bt -1 0 0

