g sponza_77
t 0 0 -1
bt 0.0972954 -0.995253 0.00231455
t 0 0 -1
bt 0.0972956 -0.995256 0
t 0 0 -1
bt 0.164705 -0.986342 0.00154661
t 0 0 -1
bt 0.172904 -0.984938 0.00146374
t 0 0 -1
bt 0.678533 -0.734011 -0.0286488
t 0 0 -1
bt 0.674677 -0.72984 -0.110204
t 0 0 -1
bt 0.678533 -0.734011 -0.0286488
t 0 0 -1
bt 0.678533 -0.734011 -0.0286488
t 0 0 -1
bt -0.564927 -0.82514 -0.0013221
t 0 0 -1
bt -0.564928 -0.82514 0
t 0 0 -1
bt -0.564927 -0.82514 -0.0013221
t 0 0 -1
bt -0.564927 -0.82514 -0.0013221
t 0 0 -1
bt 0.606773 -0.794865 -0.00397981
t 0 0 -1
bt 0.606778 -0.794871 0
t 0 0 -1
bt 0.606773 -0.794865 -0.00397981
t 0 0 -1
bt 0.606773 -0.794865 -0.00397981
t 0 0 -1
bt -0.606776 -0.794869 0.00235278
t 0 0 -1
bt -0.606778 -0.794871 0
t 0 0 -1
bt -0.606776 -0.794869 0.00235278
t 0 0 -1
bt -0.606776 -0.794869 0.00235278
t 0 0 -1
bt 0.313106 -0.949718 1.49512e-05
t 0 0 -1
bt 0.298895 -0.954286 -8.38561e-05
t 0 0 -1
bt 0.365089 -0.930973 0.000148131
t 0 0 -1
bt 0.365089 -0.930973 0.000148131
t 0.594853 0.147072 -0.790266
bt 0.0550939 -0.947382 0.315329
t 0.658189 -0.206745 -0.723909
bt 0.103559 -0.958491 0.265652
t 0.55501 0.330138 -0.763527
bt 0.0175794 -0.97544 0.219564
t 0.55501 0.330138 -0.763527
bt 0.0175794 -0.97544 0.219564
t 0.61029 -0.250587 -0.7515
bt 0.00999196 -0.999743 -0.020346
t 0.590841 -0.346291 -0.72869
bt 0.0021102 -0.999941 -0.0106706
t 0.610137 -0.250586 -0.751624
bt 0.00998883 -0.999743 -0.0203485
t 0.610184 -0.250587 -0.751586
bt 0.00998961 -0.999743 -0.0203479
t 0.830651 -0.299258 -0.469536
bt 0.107465 -0.529303 0.8416
t 0.631399 -0.000101638 -0.775458
bt 0.0316358 -0.493545 0.869145
t 0.830585 -0.299356 -0.46959
bt 0.107502 -0.529247 0.84163
t 0.830651 -0.299258 -0.469536
bt 0.107465 -0.529303 0.8416
t 0.631462 7.42072e-06 -0.775406
bt -0.0256524 -0.483541 -0.874946
t 0.865298 0.456605 -0.206814
bt -0.0260679 -0.483523 -0.874943
t 0.631424 6.66566e-05 -0.775438
bt -0.0256962 -0.483474 -0.874981
t 0.631424 6.66566e-05 -0.775438
bt -0.0256962 -0.483474 -0.874981
t 0.741297 -0.350039 -0.57267
bt 0.0637949 -0.756019 0.651433
t 0.721098 -0.247255 -0.647212
bt 0.0807745 -0.764868 0.639103
t 0.713277 -0.35863 -0.602179
bt 0.0393562 -0.81669 0.575733
t 0.707723 -0.315295 -0.632232
bt 0.0408892 -0.821558 0.568657
t 0.658863 -0.219248 -0.719604
bt -0.00946353 -0.921098 0.389216
t 0 0 -1
bt 0 -1 0
t 0 0 -1
bt 0 -1 0.000314788
t 0 0 -1
bt 0 -1 0
t 0 0 -1
bt 0 -1 0
t -1 0 -8.88691e-05
bt -0.00162694 0 0.999999
t -1 0 -0.00079682
bt 0.00753366 0 0.999972
t -1 0 -0.000324827
bt 0.00644903 0 0.999979
t -1 0 -8.88691e-05
bt -0.00162694 0 0.999999
t 0.836206 0.395395 -0.38003
bt -0.0932209 -0.568933 -0.817083
t 0.819516 0.567872 -0.0769047
bt -0.059923 -0.55261 -0.831283
t 0.836251 0.395335 -0.379994
bt -0.093226 -0.568926 -0.817088
t 0.836251 0.395335 -0.379994
bt -0.093226 -0.568926 -0.817088
t 0.652441 -0.0197143 -0.757583
bt 0.498022 -0.567507 0.655675
t 0.631297 -4.35612e-05 -0.775541
bt 0.522476 -0.570935 0.633287
t 0.652441 -0.0197143 -0.757583
bt 0.498022 -0.567507 0.655675
t 0.652441 -0.0197143 -0.757583
bt 0.498022 -0.567507 0.655675
t 1 0 5.32692e-05
bt 0.00126014 0 -0.999999
t 0.999968 0 0.00805581
bt 0 0 -1
t 1 0 5.32692e-05
bt 0.00126014 0 -0.999999
t 1 0 5.32692e-05
bt 0.00126014 0 -0.999999
t -1 0 -0.000796741
bt 0.0225997 0 0.999745
t -1 0 0
bt 0 -0.992871 0.119196
t -1 0 0
bt 0.00125071 -0.978021 0.208503
t -1 0 0
bt 0 -0.979694 0.200499
t -1 0 0
bt 0 -0.992871 0.119196
t -1 0 0
bt -0.080962 -0.658718 0.748022
t -1 0 0
bt -0.0210371 -0.660741 0.750319
t -1 0 0
bt -0.080962 -0.658718 0.748022
t -1 0 0
bt -0.080962 -0.658718 0.748022
t -1 0 0
bt -0.00098678 -0.765287 -0.643689
t -1 0 0
bt 0 -0.765287 -0.643689
t -1 0 0
bt -0.00098678 -0.765287 -0.643689
t -1 0 0
bt -0.00098678 -0.765287 -0.643689
t -1 0 0
bt 0 -0.729444 0.684041
t -1 -2.52606e-06 2.36943e-06
bt -0.00293494 -0.72944 0.684038
t -1 0 0
bt 0 -0.729394 0.684094
t -1 0 0
bt 0 -0.729394 0.684094
t -1 2.5264e-06 2.36941e-06
bt 0.00174078 -0.729393 -0.684093
t -1 2.93278e-06 2.75053e-06
bt 0 -0.729394 -0.684094
t -1 2.5264e-06 2.36941e-06
bt 0.00174078 -0.729393 -0.684093
t -1 2.5264e-06 2.36941e-06
bt 0.00174078 -0.729393 -0.684093
t -1 0 0
bt -6.26109e-05 -0.92836 0.371683
t -1 0 0
bt 0.000118241 -0.90091 0.434005
t -1 0 0
bt 0 -0.90091 0.434005
t -1 0 0
bt 0 -0.933573 0.358388
t -0.587829 -0.223117 0.777609
bt 0.173919 -0.984313 0.0296495
t -0.63619 0.317629 0.703117
bt 0.17393 -0.984311 0.0296585
t -0.571434 -0.217618 0.791268
bt 0.248596 -0.964427 0.0898916
t -0.570928 -0.217376 0.7917
bt 0.25093 -0.963647 0.0917556
t -0.612097 -0.250729 0.749982
bt -0.0165702 -0.999787 0.0122809
t -0.593537 -0.346477 0.726407
bt -0.0086665 -0.999959 0.00256922
t -0.611933 -0.25073 0.750115
bt -0.016567 -0.999787 0.0122835
t -0.612039 -0.250729 0.750029
bt -0.0165693 -0.999787 0.0122817
t -0.631144 4.1861e-06 0.775665
bt 0.810184 -0.58145 0.0742793
t -0.302135 -0.29157 0.90758
bt 0.793464 -0.596226 0.122183
t -0.631216 -0.000102427 0.775607
bt 0.810222 -0.581394 0.0743096
t -0.631144 4.1861e-06 0.775665
bt 0.810184 -0.58145 0.0742793
t -0.631237 0.000136743 0.77559
bt -0.826837 -0.561238 -0.0367718
t -0.0563358 0.440848 0.895812
bt -0.826783 -0.561306 -0.0369652
t -0.631205 8.85328e-05 0.775616
bt -0.826796 -0.561302 -0.0367381
t -0.631166 2.92761e-05 0.775647
bt -0.826797 -0.561299 -0.0367396
t -0.499648 -0.270285 0.822981
bt 0.487457 -0.86988 0.0754559
t -0.458423 -0.338438 0.821772
bt 0.489451 -0.869728 0.0633404
t -0.498883 -0.230547 0.835442
bt 0.561629 -0.821009 0.102552
t -0.498828 -0.230503 0.835487
bt 0.561636 -0.821003 0.102558
t -0.51643 -0.351993 0.780641
bt 0.315743 -0.948826 0.0060048
t -0.57416 -0.20978 0.791412
bt 0.306165 -0.951875 0.0140499
t -1 0 0
bt 0 -1 0
t -1 0 0
bt 0.000235274 -1 0
t -1 0 0
bt 0 -1 0
t -1 0 0
bt 0 -1 0
t -0.000798401 0 -1
bt 1 0 0
t -0.000108517 0 -1
bt 0.999997 0 -0.00240328
t -0.000798415 0 -1
bt 0.999935 0 0.0113703
t -0.000798415 0 -1
bt 0.999935 0 0.0113703
t -0.3366 0.293771 0.89465
bt -0.75974 -0.640056 -0.11456
t 0.0186931 0.531274 0.846994
bt -0.766023 -0.63517 -0.0988389
t -0.336618 0.293795 0.894635
bt -0.759781 -0.640001 -0.114594
t -0.3366 0.293771 0.89465
bt -0.75974 -0.640056 -0.11456
t -0.631224 -2.36764e-05 0.775601
bt 0.53629 -0.57262 0.62008
t -0.609451 -0.019603 0.792581
bt 0.515351 -0.569993 0.639938
t -0.631224 -2.36764e-05 0.775601
bt 0.53629 -0.57262 0.62008
t -0.631224 -2.36764e-05 0.775601
bt 0.53629 -0.57262 0.62008
t 5.21349e-05 0 1
bt -0.999998 0 0.00191407
t 0.00535036 0 0.999986
bt -1 0 5.87751e-06
t 5.21349e-05 0 1
bt -0.999998 0 0.00191407
t 5.21349e-05 0 1
bt -0.999998 0 0.00191407
t -0.000798443 0 -1
bt 0.999418 0 0.0341064

