g sponza_172
t 0 0 -1
bt 1 0 0
t 0 0 -1
bt 1 0 0
t 0 0 -1
bt 1 0 0
t 0 0 -1
bt 1 0 0
t 0 0 -1
bt -1 0 0
t 0 0 -1
bt -1 0 0
t 0 0 -1
bt -1 0 0
t 0 0 -1
bt -1 0 0
t -0.00369445 0.999993 0
bt 1 0 0
t -0.00246297 0.999997 0
bt 1 0.000198623 0
t -0.00185527 0.999998 0
bt 1 -0.000689801 0
t 0 0 -1
bt 0.5224 0.8527 0
t 0 0 -1
bt 0.747525 0.664234 0
t 0 0 -1
bt 0.747525 0.664234 0
t 0 0 -1
bt 0.5224 0.8527 0
t -0.00510544 -0.999987 0
bt 1 0 0
t -0.00248857 -0.999997 0
bt 1 -0.000410185 0
t -0.00340364 -0.999994 0
bt 1 0.000262331 0
t -3.21656e-05 1 0
bt 1 0 0
t -2.14437e-05 1 0
bt 1 -0.000919734 0
t 0 0 -1
bt 0 1 0
t 0 0 -1
bt 0 1 0
t 0 0 -1
bt 0 1 0
t 0 0 -1
bt 0 1 0
t 0.000256659 -1 0
bt 0.999999 0.00111841 0
t 0.000171106 -1 0
bt 1 -0.00017411 0
t 0 1 0
bt 0.999996 -0.0027592 0
t 0 0 -1
bt 0.908214 0.418506 0
t 0 0 -1
bt 0.908214 0.418506 0
t 0 -1 0
bt 0.999996 -0.00275915 0

