g sponza_167
t -0.972764 0.216505 -0.082803
bt 0.123941 0.326112 0.937171
t -0.899868 0.392177 0.190881
bt 0.340517 0.108243 0.933987
t -0.903841 0.415948 0.100295
bt 0.0848432 0.0509265 0.995092
t -0.995484 -0.0540104 0.0780719
bt 0.0148041 0.411617 0.911237
t -0.922275 0.375466 -0.0918357
bt -0.225652 -0.159014 0.961143
t -0.921687 0.381788 0.0687777
bt 0 0 1
t -0.921768 0.381817 -0.0675183
bt -0.000106984 4.43126e-05 1
t -0.907768 0.414502 -0.0643882
bt -0.126216 -0.0319749 0.991487
t -0.989184 0.0234002 0.144802
bt 0.0272504 -0.412436 0.910579
t -0.972296 0.205396 0.111592
bt 0.0576461 -0.368817 0.927713
t -0.972758 -0.21533 -0.0858755
bt 0.0838232 -0.336623 0.937901
t -1 0 0
bt 0.0941091 -0.381011 0.919768
t -1 0 0
bt -0.0298935 -0.382539 0.923456
t -0.996682 -0.0742226 -0.0334198
bt 0.00642835 -0.410073 0.91203
t -0.910763 -0.41223 0.0240203
bt 0.0927697 -0.0473102 0.994563
t -0.937802 -0.332484 -0.0999051
bt 0.132615 -0.197134 0.971366
t -0.937892 -0.334922 0.0904777
bt -0.0278705 0.237048 0.971098
t -0.918582 -0.38052 0.106825
bt 0 0 1
t -0.923775 -0.382671 -0.014226
bt 0 0 1
t -0.912352 -0.408805 0.0222043
bt -0.0334198 0.0742226 0.996682
t -0.972298 -0.205418 0.111536
bt 0.159052 0.38722 0.908165
t -1 0 0
bt 1 0 0
t -1 -7.37206e-05 -0.000177963
bt 0.0824977 0.381405 0.920719
t -0.996682 0.0742226 -0.0334198
bt 0.155929 0.393892 0.905834
t -0.937755 -0.340471 -0.0685204
bt -0.0821778 0.216743 -0.972764
t -0.972464 -0.207633 -0.105845
bt -0.222287 0.297689 -0.928423
t -0.996675 -0.0757353 -0.0300588
bt -0.0358408 0.407625 -0.912446
t -0.912445 -0.407449 0.037802
bt 0.0493063 -0.0670561 -0.99653
t -0.972763 0.217089 0.0812725
bt 0.00540625 0.355402 -0.934698
t -1 0 0
bt 0.099075 0.380827 -0.919323
t -1 0 0
bt -0.16955 0.377169 -0.910492
t -0.996682 0.0742226 0.0334198
bt -0.135363 0.416836 -0.898846
t -1 0 0
bt -0.875573 0.184882 -0.446308
t -0.912446 0.407566 0.0365051
bt -0.758786 0.388476 -0.52281
t -0.996682 -0.0742226 -0.0334198
bt -0.878585 0.128424 -0.459995
t -0.896633 0.393856 -0.202304
bt 0.310949 0.121726 -0.942599
t -0.909553 0.413374 -0.0428334
bt 0.0834421 0.051565 -0.995178
t -0.913438 0.383451 0.136368
bt -0.267127 -0.141173 -0.953264
t -0.919442 0.380854 -0.0978571
bt 0 0 -1
t -0.920239 0.381184 0.088654
bt 0.00018138 -7.51272e-05 -1
t -0.904331 0.415817 0.0963451
bt -0.114057 -0.0375643 -0.992764
t -0.61017 0.252761 -0.750869
bt 0 0 -1
t -0.951974 -0.0506914 -0.301954
bt 0.0170515 -0.41177 -0.911128
t -0.585039 0.329781 -0.740928
bt 0.0334198 0.0742226 -0.996682
t -0.972463 0.207625 -0.105864
bt -0.222191 -0.297719 -0.928437
t -0.972763 -0.217072 0.0813157
bt 0.00804079 -0.354808 -0.934904
t -1 0 0
bt 0.0577781 -0.38207 -0.922325
t -1 0 0
bt -0.00571255 -0.382703 -0.923854
t -0.996682 -0.0742226 0.0334198
bt 0.0307652 -0.408073 -0.912431
t -0.937884 -0.337692 0.0796088
bt -0.182095 -0.307704 -0.933895
t -0.476153 -0.197245 -0.856955
bt 0 0 -1
t -0.923176 -0.382423 0.0387141
bt 0 0 -1
t -0.547307 0.00455226 -0.83692
bt -0.0826629 0.216558 -0.972764
t -0.445645 -0.276904 -0.851308
bt 0.0334198 -0.0742226 -0.996682
t -0.911612 -0.411007 0.00611111
bt -0.0334198 0.0742226 -0.996682
t 0 1 0
bt 0.999999 0.0015472 0
t 0 1 0
bt 0.980783 0.000812145 0.195099
t -0.0999272 0.928267 0.358239
bt 0.982227 -0.0221729 0.186381
t 0 1 0
bt 1 0.000928319 0
t 0 1 0
bt 0 0.0026204 -0.999997
t 0 1 0
bt 0.195101 0.000559891 -0.980783
t 0.356613 0.928032 0.107628
bt 0.191861 -0.00830598 -0.981387
t 0 1 0
bt 0 0.00157224 -0.999999
t -0.344251 0.926632 -0.151144
bt 0.555565 1.36517e-05 -0.831473
t -0.263507 0.926377 -0.269055
bt 0.828466 0.0131513 -0.559885
t 0.153872 0.926824 0.34252
bt 0.831368 -0.000458423 -0.555722
t 0.280366 0.927472 0.247366
bt 0.56006 0.0136928 -0.828339
t 0.285126 0.927829 -0.240492
bt 0.555565 -1.30453e-05 0.831473
t -0.333098 0.927694 0.168608
bt 0.560061 -0.0136936 0.828339
t -0.263501 0.926377 0.269059
bt 0.828207 0.0142537 0.560242
t 0.153868 0.926824 -0.342523
bt 0.831573 0.00046271 0.555416
t -0.174898 0.927982 0.329029
bt -0.831569 0.00044888 -0.555421
t -0.275757 0.92707 0.253967
bt -0.555416 -0.000461612 -0.831572
t 0.349252 0.926018 -0.143225
bt -0.560065 -0.0137074 -0.828335
t 0.247335 0.927474 -0.280388
bt -0.828335 0.0137083 -0.560065
t -0.106397 0.928074 -0.356873
bt 0.98078 -1.42992e-05 -0.195116
t 0 1 0
bt 0.980783 -0.00146546 -0.195097
t 0.0440752 0.928248 0.369342
bt 0.980754 -0.000322193 -0.195248
t 0.0443803 0.928256 -0.369285
bt 0.98078 1.42992e-05 0.195116
t 0 1 0
bt -0.195097 -0.000150631 -0.980784
t 0.369308 0.928253 -0.0442581
bt -0.195163 -0.000104409 -0.980771
t -0.366604 0.92854 -0.0584398
bt 0.195112 2.47932e-05 -0.980781
t 0 1 0
bt 0.195098 -0.000154319 0.980784
t -0.362467 0.928609 0.0793948
bt 0.199293 -0.0109436 0.979879
t 0.355367 0.927814 -0.113473
bt 0.195023 1.28299e-05 0.980799
t 0 1 0
bt -0.980784 0.000133906 -0.195097
t 0.0931414 0.928425 -0.359654
bt -0.980752 0.000339928 -0.195255
t 0.90491 0.415649 -0.091505
bt -0.141106 0.0251087 -0.989676
t 0.382498 0.923413 -0.031673
bt 0 0 -1
t 0.922142 0.381949 -0.0613844
bt 0 0 -1
t 0.0930017 0.415703 0.904733
bt 0.989674 0.0251013 -0.141122
t 0.0332846 0.923365 0.382478
bt 1 0 0
t 0.064093 0.381884 0.921985
bt 1 0 0
t 0.0912693 0.415641 -0.904938
bt 0.989674 0.0251013 0.141122
t 0.0299048 0.923464 -0.382519
bt 1 0 0
t 0.0607968 0.381963 -0.922176
bt 1 0 0
t -0.909553 0.413374 -0.0428334
bt 0.0834421 0.051565 -0.995178
t -0.381656 0.921379 -0.0734772
bt 0 0 -1
t -0.919442 0.380854 -0.0978571
bt 0 0 -1
t -0.899868 0.392177 0.190881
bt 0.340517 0.108243 0.933987
t -0.504828 0.417224 0.755693
bt 0.799559 0.0251136 0.600062
t 0.504834 0.417224 0.75569
bt 0.788539 -0.0332771 -0.614084
t 0.779719 0.416807 0.467236
bt 0.599954 0.0250514 -0.799642
t 0.755613 0.417224 -0.504949
bt -0.577592 -0.0122837 -0.816233
t 0.467164 0.416805 -0.779763
bt -0.841194 -0.00817624 -0.540671
t 0.504828 0.417224 -0.755693
bt 0.799605 -0.0250789 0.600002
t 0.779706 0.416807 -0.467258
bt 0.646338 0.0525518 0.76124
t -0.896633 0.393856 -0.202304
bt 0.310949 0.121726 -0.942599
t -0.504834 0.417224 -0.75569
bt 0.829413 0.00168541 -0.558634
t -0.462055 0.416686 0.782865
bt -0.762041 -0.0520036 -0.645437
t -0.913438 0.383451 0.136368
bt -0.267127 -0.141173 -0.953264
t -0.0763382 0.415048 0.906591
bt 0.977039 0.00834739 0.212897
t -0.234454 0.416508 0.87838
bt -0.968326 -0.0251227 -0.24842
t -0.10846 0.928006 0.356428
bt -0.979603 -0.0137203 -0.200475
t -0.903841 0.415948 0.100295
bt 0.0848432 0.0509265 0.995092
t 0.89158 0.417224 0.176096
bt 0.280797 0.0405444 -0.95891
t 0.211729 0.416966 -0.883918
bt -0.977039 0.00834809 -0.212899
t 0.874025 0.416029 -0.251
bt 0.218303 0.0108904 0.97582
t -0.0966554 0.415832 -0.904291
bt 0.95891 0.0405451 -0.280799
t -0.904331 0.415817 0.0963451
bt -0.114057 -0.0375643 -0.992764
t -0.338293 0.922148 0.187621
bt -0.200459 0.0136773 -0.979607
t 0 1 0
bt -0.999999 0.0015041 0
t 0 1 0
bt -0.980784 0.000133906 -0.195097
t 0.0931414 0.928425 -0.359654
bt -0.980752 0.000339928 -0.195255
t 0 1 0
bt -1 0.000902458 0
t 0 1 0
bt 0 0.00172117 0.999999
t 0 1 0
bt -0.195101 0.000367755 0.980783
t -0.356628 0.928032 -0.107576
bt -0.191638 -0.00860557 0.981428
t 0 1 0
bt 0 0.0010327 0.999999
t 0.34427 0.92663 0.151114
bt -0.555569 9.21406e-07 0.83147
t 0.26353 0.926375 0.269038
bt -0.828467 0.0131473 0.559884
t -0.153847 0.926828 -0.342522
bt -0.831396 -0.000480859 0.55568
t -0.280388 0.927474 -0.247334
bt -0.560065 0.0137081 0.828335
t 0.106717 0.928063 0.356806
bt -0.980779 -3.38678e-07 0.195122
t 0 1 0
bt -0.980783 -0.00125442 0.195097
t -0.0443504 0.928255 -0.369291
bt -0.980767 -0.000155277 0.195183
t 0.366618 0.928539 0.0583749
bt -0.195023 -1.28349e-05 0.980799
t -0.903841 0.415948 0.100295
bt 0.0848432 0.0509265 0.995092
t -0.362467 0.928609 0.0793948
bt 0.199293 -0.0109436 0.979879
t -0.382522 0.923469 0.0296976
bt 0 0 1
t -0.921687 0.381788 0.0687777
bt 0 0 1
t -0.0926062 0.415689 -0.90478
bt -0.989671 0.0250915 0.141143
t -0.0316774 0.923413 -0.382498
bt -1 0 0
t -0.0628837 0.381914 -0.922056
bt -1 0 0
t -0.234454 0.416508 0.87838
bt -0.968326 -0.0251227 -0.24842
t -0.10846 0.928006 0.356428
bt -0.979603 -0.0137203 -0.200475
t -0.0304793 0.923447 0.382513
bt -1 0 0
t -0.0608216 0.381963 0.922174
bt -1 0 0
t 0.894774 0.417154 0.159258
bt -0.141106 0.0251087 0.989676
t 0.381708 0.921504 0.071614
bt 0 0 1
t 0.914208 0.378663 0.144351
bt 0 0 1
t -0.504919 0.417224 -0.755633
bt -0.788566 -0.0332571 0.61405
t -0.922275 0.375466 -0.0918357
bt -0.225652 -0.159014 0.961143
t 0.781922 0.416724 0.463615
bt -0.600042 -0.0251024 0.799574
t 0.504919 0.417224 0.755633
bt -0.829402 0.00169406 0.55865
t -0.907768 0.414502 -0.0643882
bt -0.126216 -0.0319749 0.991487
t 0.108575 0.416211 0.902762
bt -0.958911 0.0405429 0.280794
t 0 1 0
bt 1 0 0
t -0.382687 0.923851 -0.00709503
bt 0 0 -1
t 0 1 0
bt 0 0 -1
t 0 1 0
bt -1 0 0
t 0 1 0
bt 0.195098 -0.000154319 0.980784
t 0.355367 0.927814 -0.113473
bt 0.195023 1.28299e-05 0.980799
t 0 1 0
bt 0 0 1
t 0.00904053 0.923836 0.382681
bt 1 0 0
t 0.000924598 1 0
bt 1 0 0
t -0.0187684 0.382604 0.923722
bt 1 6.15419e-05 0.000148581
t 0.0155256 0.923765 -0.382644
bt 1 0 0
t -0.0243524 0.382557 -0.923611
bt 1 0 0
t 0 1 0
bt 1 0 0
t -0.00227999 0.999997 0
bt 1 0 0
t -0.09323 0.984138 0.150931
bt 0.855859 -0.107202 0.505978
t 0.193154 0.59801 0.777866
bt 0.241006 0 0.970524
t 0 1 0
bt 0.439241 0 0.898369
t 0 1 0
bt 0.999999 -0.00132175 0
t 0 1 0
bt 0 -0.00050759 -1
t 0.382689 0.923873 0.00289594
bt 0 0 -1
t 0.913889 0.378531 0.1467
bt 0.000282198 0.000116886 -1
t -0.920239 0.381184 0.088654
bt 0.00018138 -7.51272e-05 -1
t 0.251604 0.967829 0.00140077
bt 0 0 -1
t 0.106308 0.992893 0.0534897
bt 0.442362 -0.0593473 -0.894871
t 0.6682 0.721993 -0.179541
bt 0.96574 0 -0.259511
t 0 1 0
bt 0.910642 0 -0.413197
t -0.251605 0.96783 -8.59864e-05
bt 0 0 -1
t 0 1 0
bt 0 0 -1
t 0 1 0
bt -1 -0.00061134 0
t -0.0180644 0.923726 -0.382628
bt -1 0 0
t 0.0189257 0.382602 -0.923719
bt -1 0.000124344 -0.000300204
t 0.0107672 0.923823 0.382668
bt -1 0 0
t 0.062914 0.381913 0.922054
bt -1 0 0
t 0.000413126 1 0
bt -1 0 0
t 0.0591064 0.991461 -0.11624
bt -0.893323 -0.0655986 -0.444602
t -0.192343 0.717663 -0.669301
bt -0.2762 0 -0.9611
t 0 1 0
bt -0.441232 0 -0.897393
t 0.000106704 1 0
bt -1 0 0
t 0.211729 0.416966 -0.883918
bt -0.977039 0.00834809 -0.212899
t 0 1 0
bt -1 0 0
t 0 1 0
bt 0 -0.000433348 1
t -0.382687 0.923867 -0.00448611
bt 0 0 1
t -0.921768 0.381817 -0.0675183
bt -0.000106984 4.43126e-05 1
t 0.382575 0.923598 -0.0245735
bt 0 0 1
t 0.874025 0.416029 -0.251
bt 0.218303 0.0108904 0.97582
t 0.914353 0.378723 -0.143275
bt -0.00024449 -0.000101267 1
t 0 0.999999 0.00108473
bt 0 0 1
t -0.142956 0.986226 -0.0832008
bt -0.48703 -0.0945036 0.868257
t -0.743745 0.63828 0.198601
bt -0.966142 0 0.258011
t 0 1 0
bt -0.893674 0 0.448717
t 0 0.999999 0.00141109
bt 0 0 1
t 0 1 0
bt 0 0 1
t -0.0672799 0.991774 -0.108889
bt 0.853379 -0.0781918 -0.515394
t 0.141061 0.592506 -0.793119
bt 0.175092 0 -0.984552
t 0 1 0
bt 0.323852 0 -0.946108
t -0.145571 0.986677 0.0726537
bt -0.433289 -0.0798551 -0.897711
t -0.638231 0.732284 -0.237533
bt -0.937198 0 -0.348799
t 0 1 0
bt -0.839314 0 -0.543647
t 0.0648851 0.989664 0.127886
bt -0.894126 -0.0718169 0.44202
t -0.209618 0.720535 0.660976
bt -0.302304 0 0.953212
t 0 1 0
bt -0.479898 0 0.877324
t 0.110743 0.991749 -0.0645816
bt 0.494091 -0.0739378 0.866261
t 0.758219 0.633087 0.155898
bt 0.979509 0 0.201402
t 0 1 0
bt 0.934863 0 0.355009
t -0.780478 0.625183 0
bt 0 0 1
t -0.780478 0.625183 0
bt 0 0 1
t -0.780478 0.625183 0
bt 0 0 1
t -0.780478 0.625183 0
bt 0 0 1
t 0.743735 0.638292 -0.198598
bt -0.966142 0 0.258011
t 0.142956 0.986226 0.0832008
bt -0.48703 0.0945036 0.868257
t 0.780478 0.625183 0
bt 0 0 1
t 0.780478 0.625183 0
bt 0 0 1
t 0.780478 0.625183 0
bt 0 0 1
t 0.780478 0.625183 0
bt 0 0 1
t -0.758229 0.633075 -0.1559
bt 0.979509 0 0.201402
t -0.110743 0.991749 0.0645816
bt 0.494091 0.0739378 0.866261
t 0 0.703699 -0.710499
bt -1 0 0
t 0 0.703699 -0.710499
bt -1 0 0
t 0 0.703699 -0.710499
bt -1 0 0
t 0 0.703699 -0.710499
bt -1 0 0
t 0.19234 0.717674 0.669291
bt -0.2762 0 -0.9611
t -0.0591064 0.991461 0.11624
bt -0.893323 0.0655986 -0.444602
t 0 0.703699 0.710499
bt -1 0 0
t 0 0.703699 0.710499
bt -1 0 0
t 0 0.703699 0.710499
bt -1 0 0
t 0 0.703699 0.710499
bt -1 0 0
t 0.209621 0.720525 -0.660986
bt -0.302304 0 0.953212
t -0.0648851 0.989664 -0.127886
bt -0.894126 0.0718169 0.44202
t 0 1 0
bt 0 0 -1
t 0 1 0
bt 0 0 -1
t 0.251617 0.967827 0.000103445
bt 0 0 -1
t -0.668189 0.722004 0.179538
bt 0.96574 0 -0.259511
t -0.106308 0.992894 -0.0534778
bt 0.442243 0.0593314 -0.894931
t -0.251617 0.967826 -0.00138415
bt 0 0 -1
t 0.638242 0.732273 0.237537
bt -0.937198 0 -0.348799
t 0.145571 0.986676 -0.0726538
bt -0.433289 0.0798551 -0.897711
t 0 0.586523 0.809932
bt 1 0 0
t 0 0.586523 0.809932
bt 1 0 0
t 0 0.586523 0.809932
bt 1 0 0
t 0 0.586523 0.809932
bt 1 0 0
t -0.193152 0.598022 -0.777858
bt 0.241006 0 0.970524
t 0.0932121 0.98414 -0.150931
bt 0.855935 0.107176 0.505854
t 0 0.586523 -0.809932
bt 1 0 0
t 0 0.586523 -0.809932
bt 1 0 0
t 0 0.586523 -0.809932
bt 1 0 0
t 0 0.586523 -0.809932
bt 1 0 0
t -0.141063 0.592494 0.793128
bt 0.175091 0 -0.984552
t 0.0672799 0.991774 0.108889
bt 0.853379 0.0781918 -0.515394
t 0 1 0
bt 1 -0.000769413 0
t -0.00187701 0.999998 0
bt 1 0 0
t 0.00225819 0.999997 0
bt 1 0 0
t 0 1 0
bt 0 -0.000295473 -1
t -0.000813434 1 0
bt -1 0 0
t -0.00010064 1 0
bt -1 0 0
t 0 1 0
bt -1 -0.000355868 0
t 0 0.999998 -0.00210469
bt 0 0 1
t 0 0.999999 -0.0013917
bt 0 0 1
t 0 1 0
bt 0 -0.000252256 1

