g sponza_370
t 0.494351 -0.385594 -0.77906
bt 0.844123 0.443298 0.301567
t 0.488645 -0.377539 -0.786569
bt 0.840705 0.00705495 0.541447
t 0.497617 -0.395243 -0.772114
bt 0.837572 -0.028834 0.545565
t 0.499124 -0.406496 -0.765269
bt 0.852761 0.430141 0.296272
t 0.48465 -0.345423 -0.803615
bt 0.832567 0.448064 0.325686
t 0.503355 -0.344407 -0.792476
bt 0.84496 -0.0677447 0.530522
t 0.499206 -0.372277 -0.782434
bt 0.59896 -0.46909 0.649001
t 0.492948 -0.378075 -0.783621
bt 0.592131 -0.461034 0.66093
t 0.479864 -0.323868 -0.815378
bt 0.568236 -0.488741 0.661998
t 0.0928922 -0.0399839 -0.994873
bt 0.997523 -0.0640035 -0.0291779
t 0.222119 -0.188672 -0.956591
bt 0.989421 0.0109196 0.144659
t 0.205297 -0.158148 -0.965838
bt 0.927025 0.373718 -0.0309785
t 0.0791933 0.0018841 -0.996858
bt 0.959351 0.282096 -0.00826359
t -0.13937 0.16209 -0.976884
bt 0.920997 0.377746 -0.0952504
t -0.132635 0.146622 -0.98026
bt 0.995092 0.0398366 -0.0905817
t 0.232661 -0.306656 -0.922947
bt 0.867627 -0.497068 -0.0120838
t 0.081905 -0.146061 -0.985879
bt 0.868707 -0.495154 -0.0130326
t -0.172743 0.148993 -0.973633
bt 0.890526 -0.453693 -0.0335556
t -0.987075 -0.00259504 0.160239
bt -0.0450414 -0.339744 -0.939439
t -0.988733 -0.0212259 0.148179
bt 0.0380401 -0.145109 -0.988684
t -0.922454 0.381638 -0.0585649
bt 0.0168478 -0.132714 -0.991011
t -0.911583 0.408062 -0.0500176
bt -0.0633562 -0.302321 -0.951098
t -0.660645 0.681709 -0.31436
bt -0.125637 -0.285358 -0.950151
t -0.574072 0.726482 -0.377712
bt 0.0489691 0.0214016 -0.998571
t -0.926888 0.375054 -0.0146024
bt -0.188891 -0.523733 -0.830676
t -0.954114 -0.190159 0.231315
bt -0.206285 -0.614584 -0.761402
t -0.521875 0.803321 -0.286919
bt -0.244596 -0.664517 -0.706109
t -0.334693 -0.153661 -0.929715
bt 0.949757 0.178457 -0.25713
t -0.308531 -0.164042 -0.936962
bt 0.90956 0.374765 -0.179589
t -0.347939 0.277676 -0.895452
bt 0.901118 0.384102 -0.201127
t -0.36729 0.301555 -0.879865
bt 0.937264 0.215097 -0.274354
t -0.269334 0.682549 -0.679402
bt 0.913693 0.223317 -0.33955
t -0.220507 0.761633 -0.609338
bt 0.833086 0.527949 -0.165039
t -0.386361 0.259956 -0.884957
bt 0.924994 -0.0437255 -0.377457
t -0.27447 -0.347118 -0.896758
bt 0.912151 -0.15159 -0.38079
t -0.326916 0.780767 -0.532474
bt 0.885992 -0.221848 -0.407188
t -0.305162 0.140148 -0.941931
bt 0.929484 -0.145739 -0.338852
t -0.380242 0.34951 -0.856305
bt 0.963261 0.0736471 -0.258271
t -0.357023 0.0605351 -0.932132
bt 0.883977 0.392665 -0.253769
t -0.326646 -0.0146028 -0.945034
bt 0.959662 -0.014595 -0.280779
t -0.295722 0.0309033 -0.954774
bt 0.884905 0.431956 -0.174232
t -0.322779 0.0464559 -0.945334
bt 0.967369 -0.0713019 -0.243131
t -0.339056 -0.0410172 -0.939872
bt 0.784355 -0.543172 -0.299585
t -0.324085 0.114027 -0.939131
bt 0.816125 -0.511219 -0.269436
t -0.371 -0.0686625 -0.926091
bt 0.840991 -0.46966 -0.268614
t -0.619117 0.227679 -0.751569
bt 0.706904 0.611814 -0.354923
t -0.626185 0.235463 -0.74327
bt 0.798825 0.176909 -0.574963
t -0.614246 0.219308 -0.758028
bt 0.796142 0.14504 -0.58747
t -0.610106 0.208607 -0.764365
bt 0.702116 0.607833 -0.370908
t -0.635871 0.265224 -0.724793
bt 0.725624 0.599671 -0.33744
t -0.619098 0.270193 -0.737369
bt 0.776685 0.121498 -0.618061
t -0.617726 0.242144 -0.748185
bt 0.66583 -0.342756 -0.662713
t -0.62238 0.235269 -0.74652
bt 0.676198 -0.344457 -0.651234
t -0.643382 0.284548 -0.710698
bt 0.660823 -0.376759 -0.649127
t -0.844739 0.086045 0.528216
bt -0.585271 -0.0677551 -0.808002
t -0.901057 0.269253 0.339999
bt -0.249916 0.100132 -0.963076
t -0.840065 0.182451 0.510884
bt -0.550381 0.461186 -0.69598
t -0.860806 0.0352422 0.507711
bt -0.569194 -0.00462774 -0.82219
t -0.896152 0.134495 0.422875
bt -0.647151 0.0731468 -0.758844
t -0.814727 0.446518 0.36992
bt -0.494053 0.668202 -0.556254
t -0.855316 0.0545842 0.515224
bt -0.46362 -0.454692 -0.760468
t -0.836244 0.0269485 0.547695
bt -0.401647 -0.464801 -0.789075
t -0.888596 0.0318417 0.457585
bt -0.47156 -0.472097 -0.744819
t -0.989515 -0.141932 0.0267555
bt 0.0674919 0.0954855 -0.99314
t -0.98798 -0.154574 0.00179194
bt 0.129612 0.295092 -0.946637
t -0.956841 0.290386 0.0114702
bt 0.106804 0.304939 -0.946364
t -0.948463 0.315189 0.0327676
bt 0.0474278 0.132484 -0.99005
t -0.722681 0.690424 -0.0323419
bt -0.0206405 0.141296 -0.989752
t -0.63949 0.766298 -0.0619668
bt 0.120164 0.452914 -0.883419
t -0.960121 0.274712 0.0519626
bt -0.0567528 -0.125652 -0.99045
t -0.94084 -0.33885 -1.19953e-06
bt -0.0654849 -0.232381 -0.970418
t -0.601785 0.796283 0.061546
bt -0.0998963 -0.301028 -0.948368
t -0.241542 -0.0889774 -0.966303
bt 0.371468 0.915916 0.152017
t -0.0915448 0.190659 -0.977378
bt 0.633726 0.772866 -0.0327063
t -0.203805 0.00741114 -0.978983
bt 0.793978 0.606309 -0.0445782
t -0.361328 -0.128417 -0.923554
bt 0.546152 0.829346 0.117913
t -0.257143 0.131192 -0.957427
bt 0.103191 0.861748 -0.496731
t -0.271299 0.0911959 -0.958165
bt 0.649224 0.760584 0.00450769
t 0.172318 0.114104 -0.97841
bt 0.910689 0.289545 -0.294635
t 0.395101 -0.107011 -0.912383
bt 0.945214 0.0947014 -0.312415
t -0.184547 0.100016 -0.977722
bt 0.887232 0.37857 -0.263637
t -0.00370337 -0.19422 -0.980951
bt 0.994352 -0.105274 -0.0134571
t -0.0366466 -0.27371 -0.961114
bt 0.942979 0.330931 -0.0357025
t -0.026713 0.0105837 -0.999587
bt 0.960799 0.270164 -0.062259
t -0.0387156 0.00537333 -0.999236
bt 0.990892 -0.132354 -0.024818
t -0.0670621 0.183723 -0.980688
bt 0.990979 -0.0979999 -0.0914169
t -0.0445555 0.276771 -0.959902
bt 0.943891 0.320963 -0.0777988
t 0.00168164 -0.0305753 -0.999531
bt 0.885926 -0.463536 0.0164133
t -0.0396234 -0.117012 -0.99234
bt 0.890454 -0.454485 0.0231216
t -0.100827 0.0834166 -0.991401
bt 0.916775 -0.399401 0.00127249
t -0.941047 -0.320324 0.108736
bt -0.358099 0.629285 -0.689758
t -0.918906 -0.390079 0.0587398
bt -0.333159 0.8939 -0.299914
t -0.933659 -0.202609 0.295347
bt -0.369945 0.85824 -0.355761
t -0.931403 -0.215658 0.293224
bt -0.370849 0.611972 -0.698542
t -0.884046 -0.114137 0.453251
bt -0.43784 0.621323 -0.649811
t -0.862699 -0.0348794 0.504513
bt -0.375246 0.878163 -0.296684
t -0.948828 -0.21016 0.235706
bt -0.310196 0.306135 -0.900033
t -0.934974 -0.29558 0.196104
bt -0.304934 0.316386 -0.898285
t -0.895683 -0.205943 0.394133
bt -0.331562 0.367824 -0.868776
t -0.989587 -0.141428 0.026761
bt 0.0675417 0.0954668 -0.993139
t -0.988059 -0.154069 0.00180236
bt 0.129768 0.294954 -0.946658
t -0.956707 0.290828 0.0114665
bt 0.106977 0.304901 -0.946357
t -0.948326 0.315603 0.0327612
bt 0.0474967 0.132471 -0.990048
t -0.722287 0.690837 -0.032337
bt -0.0205573 0.14131 -0.989752
t -0.63913 0.766597 -0.0619813
bt 0.120391 0.45283 -0.883432
t -0.959973 0.275233 0.0519528
bt -0.0568364 -0.125618 -0.990449
t -0.940994 -0.338423 2.96037e-06
bt -0.0656169 -0.232349 -0.970417
t -0.601373 0.796595 0.0615408
bt -0.100053 -0.30098 -0.948367
t 0.0734365 -0.182364 -0.980485
bt 0.966691 0.255572 -0.0138667
t 0.0749208 -0.266718 -0.960858
bt 0.759134 0.649913 -0.0364506
t -0.0281345 0.00110625 -0.999604
bt 0.799652 0.5971 -0.0634664
t -0.0366907 -0.00812382 -0.999294
bt 0.972444 0.231726 -0.0256202
t -0.136776 0.147771 -0.979518
bt 0.960703 0.261207 -0.0939136
t -0.151283 0.240919 -0.958682
bt 0.76375 0.640609 -0.0794138
t 0.0167896 -0.0283037 -0.999458
bt 0.992797 -0.118711 0.0161637
t 0.0097957 -0.122441 -0.992427
bt 0.993754 -0.10924 0.0228141
t -0.126716 0.0421672 -0.991042
bt 0.998755 -0.0498777 0.00124635
t 0.00761146 0.0860747 -0.99626
bt 0.995876 -0.0678324 -0.0602533
t 0.196658 0.26925 -0.942778
bt 0.946764 0.100142 0.305958
t 0.0197288 0.18246 -0.983015
bt 0.882657 0.461138 -0.0909273
t 0.0335407 0.0352796 -0.998815
bt 0.999226 -0.00461932 -0.0390611
t 0.124104 0.134499 -0.983112
bt 0.987609 0.073153 -0.138842
t 0.125093 0.446515 -0.885989
bt 0.734543 0.668154 -0.118395
t 0.0242714 0.0546331 -0.998211
bt 0.890469 -0.454729 0.0169048
t -0.0134049 0.0269197 -0.999548
bt 0.881361 -0.464817 0.084545
t 0.0907849 0.0318742 -0.99536
bt 0.881547 -0.472093 0.0017991
t -0.0820298 0.0391864 -0.995859
bt 0.998443 -0.0470708 0.0299221
t -0.0142209 0.0390256 -0.999137
bt 0.977802 -0.208138 -0.0241239
t -0.15381 -0.470896 -0.868677
bt 0.972167 -0.230949 0.039418
t -0.168226 -0.500698 -0.849118
bt 0.999 0.000429228 0.0447003
t 0.211397 0.651112 -0.728948
bt 0.981048 0.185296 0.0566516
t 0.134895 0.488156 -0.862269
bt 0.980382 -0.195825 -0.0224389
t 0.0362663 -0.0910737 -0.995184
bt 0.912531 -0.408174 -0.0260994
t -0.19489 -0.681292 -0.705591
bt 0.79631 -0.604888 0.000802218
t 0.157153 0.589495 -0.792338
bt 0.843016 -0.532555 -0.075553
t -0.922542 0.165672 -0.348524
bt 0.412004 0.0169063 -0.911025
t -0.890332 0.360957 -0.277523
bt 0.481995 0.0591442 -0.874176
t -0.837207 0.470717 -0.278406
bt 0.462091 0.185684 -0.867176
t -0.823901 0.508332 -0.250571
bt 0.365384 0.0684853 -0.928334
t -0.676038 0.695098 -0.244562
bt 0.305294 0.10305 -0.946666
t -0.741383 0.582653 -0.332966
bt 0.305514 0.131899 -0.943008
t -0.860115 0.402658 -0.313159
bt 0.159106 -0.0842763 -0.983658
t -0.945745 0.132237 -0.296781
bt 0.0931741 -0.115068 -0.988978
t -0.795674 0.577902 -0.181472
bt 0.311155 0.0529798 -0.948881
t -0.99575 0.0880054 0.0271508
bt 0.109334 0.533903 -0.838447
t -0.994906 0.0937023 0.0371808
bt 0.027565 0.355766 -0.934168
t -0.965399 -0.241838 -0.0975701
bt 0.0632604 0.292933 -0.954038
t -0.997213 -0.0533983 -0.0521012
bt 0.0869001 0.396924 -0.913728
t -0.942791 0.311532 0.118711
bt 0.0130877 0.532993 -0.846019
t -0.931404 0.318838 0.175584
bt 0.0177048 0.3676 -0.929815
t -0.999708 -0.0237713 0.00430197
bt -0.017582 0.0866004 -0.996088
t -0.923357 -0.366549 -0.114249
bt 0.0349423 0.000378983 -0.999389
t -0.975465 0.201699 0.0882306
bt -0.0142932 0.265666 -0.963959
t 0.0342705 -0.421603 -0.906133
bt 0.992052 -0.111797 0.0577456
t -0.00135003 -0.495463 -0.868628
bt 0.948788 0.305675 -0.0797793
t 0.0155671 -0.22523 -0.974181
bt 0.966571 0.240793 -0.0880855
t 0.00363468 -0.231438 -0.972843
bt 0.988496 -0.14112 0.0544048
t -0.0220746 -0.0512666 -0.998441
bt 0.991962 -0.12431 -0.0236493
t 0.0012628 0.043434 -0.999056
bt 0.950962 0.286035 -0.11771
t 0.0444523 -0.264401 -0.963388
bt 0.874784 -0.450159 0.179192
t 2.32576e-05 -0.34783 -0.937558
bt 0.87902 -0.440044 0.183535
t -0.0573766 -0.150723 -0.98691
bt 0.907727 -0.392213 0.148999
t 0.239899 -0.00615804 0.970778
bt 0.961231 -0.152628 -0.22965
t 0.222235 -0.0221103 0.974742
bt 0.950304 -0.173226 -0.258679
t 0.233352 -0.0122255 0.972315
bt 0.821744 -0.520669 -0.231605
t 0.245976 0.00132263 0.969275
bt 0.829508 -0.514284 -0.217783
t 0.227815 -0.0310705 0.973209
bt 0.963372 -0.119539 -0.240053
t 0.207519 -0.0399453 0.977415
bt 0.816765 -0.514508 -0.261105
t 0.227187 -0.0170726 0.973701
bt 0.947811 0.221012 -0.2298
t 0.215418 -0.0342951 0.975919
bt 0.958151 0.214151 -0.189963
t 0.234629 -0.022792 0.971818
bt 0.945483 0.231633 -0.228929
t 0.0734362 -0.182364 -0.980485
bt 0.96669 0.255573 -0.013861
t 0.0749208 -0.266718 -0.960858
bt 0.759134 0.649913 -0.0364506
t -0.0281342 0.00110647 -0.999604
bt 0.799653 0.5971 -0.0634568
t -0.0366916 -0.00812401 -0.999294
bt 0.972444 0.231726 -0.025616
t -0.136776 0.147771 -0.979518
bt 0.960704 0.261206 -0.0939095
t -0.151283 0.240919 -0.958682
bt 0.76375 0.640609 -0.0794138
t 0.0167894 -0.0283037 -0.999458
bt 0.992797 -0.118711 0.0161601
t 0.00979598 -0.122441 -0.992427
bt 0.993753 -0.109238 0.0228263
t -0.126714 0.0421671 -0.991043
bt 0.998755 -0.0498782 0.00125869
t 0.803401 -0.202404 0.559982
bt -0.574767 -0.289343 0.765456
t 0.816556 -0.274311 0.507926
bt -0.570629 0.150254 0.807345
t 0.808846 0.0020392 0.588017
bt -0.554118 0.087676 0.827808
t 0.816253 -0.000766184 0.577694
bt -0.560539 -0.317237 0.764956
t 0.797306 0.178782 0.576489
bt -0.511418 -0.282364 0.811617
t 0.756552 0.266845 0.597012
bt -0.536922 0.139936 0.831945
t 0.796437 -0.042836 0.603202
bt -0.495318 -0.624146 0.604237
t 0.825112 -0.120578 0.551951
bt -0.50457 -0.615603 0.605344
t 0.837837 0.087283 0.538898
bt -0.509006 -0.565681 0.648781
t 0.0734391 -0.182363 -0.980485
bt 0.96669 0.255573 -0.01386
t 0.0749221 -0.266717 -0.960858
bt 0.759134 0.649913 -0.0364506
t -0.028131 0.00110882 -0.999604
bt 0.799653 0.5971 -0.0634565
t -0.0366903 -0.00812371 -0.999294
bt 0.972444 0.231726 -0.0256156
t -0.136776 0.147771 -0.979518
bt 0.960704 0.261207 -0.0939129
t -0.151285 0.240918 -0.958682
bt 0.76375 0.640609 -0.079412
t 0.0167867 -0.0283034 -0.999458
bt 0.992797 -0.118711 0.0161565
t 0.00980278 -0.122442 -0.992427
bt 0.993754 -0.109239 0.0228231
t -0.126721 0.0421674 -0.991042
bt 0.998755 -0.0498777 0.00124457
t -0.00951958 0.0186198 -0.999781
bt 0.874454 0.484904 0.0140797
t -0.0185499 0.0277479 -0.999443
bt 0.999959 0.00787493 0.00444353
t -0.00332658 0.00879365 -0.999956
bt 0.999629 -0.0271888 -0.00173306
t 0.00164179 -0.00331892 -0.999993
bt 0.879051 0.476728 1.06068e-07
t -0.0310564 0.0612069 -0.997642
bt 0.877267 0.47824 0.0410932
t -0.00954073 0.0625375 -0.997997
bt 0.997971 -0.055012 -0.0320561
t -0.00769072 0.0331318 -0.999421
bt 0.858448 -0.512657 -0.0157855
t -0.0134238 0.0269446 -0.999547
bt 0.859463 -0.511197 4.73439e-07
t -0.0415456 0.0833903 -0.995651
bt 0.840289 -0.542138 8.76064e-07
t -0.755609 0.330075 0.565778
bt -0.480111 0.0519812 -0.875666
t -0.774055 0.317132 0.547966
bt -0.326589 0.197972 -0.924201
t -0.566165 0.712979 0.413664
bt -0.337583 0.218224 -0.915651
t -0.537639 0.730554 0.420992
bt -0.480056 0.0936626 -0.872223
t -0.250829 0.958563 0.135059
bt -0.525406 0.134879 -0.840093
t -0.170964 0.984346 0.0428293
bt -0.229596 0.33874 -0.912437
t -0.548179 0.70386 0.451754
bt -0.664186 -0.0859892 -0.742606
t -0.810125 0.132035 0.571195
bt -0.703449 -0.172854 -0.689406
t -0.0572729 0.991439 0.117338
bt -0.743373 -0.216772 -0.632776
t -0.956304 -0.287034 -0.0556302
bt 0.236907 0.110658 -0.96521
t -0.996979 -0.0776532 0.00175318
bt 0.148087 0.14568 -0.978186
t -0.998887 0.0465351 -0.00766024
bt 0.0679916 0.259218 -0.963423
t -0.996827 0.079339 0.00648318
bt 0.026704 0.0956639 -0.995055
t -0.946372 0.321719 -0.029601
bt -0.0427276 0.102183 -0.993848
t -0.978357 0.184585 -0.0935196
bt -0.0555245 0.129313 -0.990048
t -0.998458 -0.0331708 -0.0445194
bt -0.0866728 -0.146375 -0.985425
t -0.946774 -0.321898 6.04235e-06
bt -0.129058 -0.202822 -0.970674
t -0.956256 -0.286977 -0.0567324
bt -0.192593 -0.0186878 -0.981101
t -0.982066 0.177479 0.0636274
bt -0.0141774 0.0561818 -0.99832
t -0.22759 -0.0513517 0.972402
bt -0.887506 0.455022 -0.0727195
t 0.0879967 -0.077823 0.993076
bt -0.816788 0.576202 -0.0291299
t -0.161519 -0.0109643 0.986809
bt -0.986802 0.161875 -0.00433246
t -0.298493 -0.193386 0.934614
bt -0.992893 -0.0975174 -0.0682193
t -0.0238692 0.021752 0.999478
bt -0.702794 0.473541 0.530886
t 0.0153872 -0.00339632 0.999876
bt -0.982638 0.184488 -0.0196572
t -0.305544 -0.284459 0.908695
bt -0.898045 -0.434283 0.0700971
t -0.276747 -0.616234 0.737338
bt -0.767519 -0.639679 0.0415237
t -0.04917 -0.0586621 0.997066
bt -0.942073 -0.328049 0.0698762
t 0.990362 -0.132911 0.0389476
bt -0.0360032 0.285856 0.957596
t 0.958503 -0.278667 0.060132
bt 0.0569797 0.027514 0.997996
t 0.91493 -0.403229 -0.0176036
bt -0.0951082 -0.0563403 0.993871
t 1 0 0
bt -0.123908 -0.0979411 0.987448
t 0.999829 -0.0166899 0.00798042
bt 0.0659871 0.429339 0.90073
t 0.989216 -0.0512218 -0.137216
bt -0.00151059 0.215975 0.976398
t 0.85989 -0.510062 0.0206594
bt -0.110489 -0.363552 0.924999
t 0.761332 -0.648362 1.58501e-05
bt -0.201059 -0.348815 0.915371
t 0.983554 -0.175631 0.0421315
bt 0.0801988 -0.25096 0.964669
t 0.910646 0.10944 -0.39843
bt 0.0784978 0.0644085 0.994832
t 0.990274 0.1189 -0.0722526
bt 0.214313 -0.0552122 0.975203
t 0.930846 0.117219 -0.346101
bt 0.203751 -0.160338 0.965804
t 0.86857 0.136239 -0.476472
bt 0.0777623 -0.00357047 0.996966
t 0.967184 0.160252 -0.197165
bt 0.683696 0.170846 0.709487
t 0.958786 0.155829 -0.237586
bt 0.166872 -0.0631967 0.983951
t 0.993128 0.0628932 -0.0987025
bt 0.406043 -0.274281 0.871722
t 0.987916 -0.121569 -0.0961427
bt 0.423025 -0.426783 0.799316
t 0.970825 0.133877 -0.198936
bt 0.367174 -0.230501 0.901139
t -0.0272135 0.151454 0.98809
bt -0.802341 0.589122 -0.0958338
t 0.211531 0.217373 0.952892
bt -0.641985 0.746039 -0.176865
t -0.0510062 0.0494957 0.997471
bt -0.336509 0.933298 -0.125362
t -0.12725 0.0203505 0.991662
bt -0.700872 0.69508 -0.160131
t -0.114386 0.0761269 0.990515
bt -0.282599 0.938403 -0.19884
t -0.0833077 0.0659395 0.99434
bt -0.742088 0.638735 -0.20328
t -0.138643 -0.00582904 0.990325
bt -0.977877 0.185911 -0.095885
t -0.0297763 0.110889 0.993387
bt -0.966123 0.220399 -0.134279
t -0.127579 -0.0513547 0.990498
bt -0.953513 0.264833 -0.143795
t -0.950009 -0.312223 -0.000618028
bt -0.0332195 0.31196 -0.949514
t -0.948071 -0.317923 0.00929039
bt -0.0211006 0.0915379 -0.995578
t -0.765628 -0.64282 -0.024398
bt 0.0428496 0.0525496 -0.997699
t -0.883817 -0.466566 -0.0344002
bt 0.0124208 0.164285 -0.986335
t -0.997683 -0.0651007 0.0197659
bt -0.122371 0.271151 -0.954727
t -0.996921 -0.03995 0.067472
bt -0.040865 0.108262 -0.993282
t -0.903455 -0.428539 0.0110876
bt 0.0727578 -0.176679 -0.981576
t -0.66783 -0.744313 0.000884974
bt 0.156871 -0.234737 -0.959317
t -0.982401 -0.185264 0.0237869
bt -0.0128073 -0.00577403 -0.999901
t 0.666111 -0.647927 0.369441
bt 0.2334 -0.263957 -0.935869
t 0.820472 -0.404184 0.404304
bt 0.171546 -0.294065 -0.940265
t 0.791858 -0.481211 0.376027
bt 0.460181 0.0471651 -0.886571
t 0.66924 -0.654455 0.35186
bt 0.489041 0.0538018 -0.8706
t 0.512911 -0.780668 0.357044
bt 0.496859 0.0130198 -0.867734
t 0.461678 -0.842519 0.277516
bt 0.207131 -0.313574 -0.926698
t 0.667891 -0.649991 0.362538
bt 0.233478 -0.264035 -0.935828
t 0.682885 -0.637111 0.357433
bt 0.640172 0.325882 -0.695687
t 0.744758 -0.547852 0.381044
bt 0.633517 0.322684 -0.703229
t 0.590647 -0.706202 0.390403
bt 0.622318 0.268064 -0.735434
t 0.801468 0.0756129 -0.593238
bt 0.538292 0.406021 0.738504
t 0.813424 -0.00833538 -0.581611
bt 0.297377 0.753717 0.586069
t 0.696091 0.239502 -0.676827
bt 0.360749 0.716612 0.596931
t 0.691178 0.232368 -0.684308
bt 0.559813 0.384481 0.734019
t 0.565198 0.359367 -0.742568
bt 0.593358 0.423243 0.684684
t 0.511605 0.442375 -0.73659
bt 0.334645 0.75686 0.561405
t 0.733396 0.219689 -0.643325
bt 0.655625 0.0398626 0.754034
t 0.751559 0.126189 -0.647484
bt 0.648565 0.0471578 0.759697
t 0.613107 0.262228 -0.745209
bt 0.648542 0.109787 0.75322
t 0.222884 -0.108836 -0.96875
bt 0.997846 -0.0514954 0.0406509
t 0.232031 -0.0875425 -0.968761
bt 0.872211 0.452619 0.185428
t 0.159932 0.194604 -0.967756
bt 0.949925 0.310078 0.0386491
t 0.0842776 0.111136 -0.990225
bt 0.996509 -0.0731101 -0.0403141
t -0.094791 0.11311 -0.989051
bt 0.949925 0.310078 0.0386491
t -0.14003 0.290852 -0.946465
bt 0.921603 0.386402 -0.036629
t -0.133149 0.275778 -0.951955
bt 0.995354 0.0508707 -0.0817506
t 0.231689 -0.180742 -0.955852
bt 0.867241 -0.490284 -0.0866836
t 0.0804667 -0.0140096 -0.996659
bt 0.868281 -0.488308 -0.0874271
t -0.173668 0.277241 -0.944975
bt 0.889964 -0.444766 -0.100739
t -0.974131 -0.221293 -0.0458113
bt 0.0841597 0.032973 -0.995907
t -0.998094 -0.0616294 0.00312659
bt -0.0545916 0.117741 -0.991543
t -0.998563 0.0534131 0.0043521
bt 0.0752632 0.222273 -0.972075
t -0.99612 0.0876598 0.00784226
bt 0.0240241 0.0716492 -0.997141
t -0.957827 0.286139 0.0262947
bt -0.0411057 0.0853081 -0.995506
t -0.986172 0.165063 -0.0147722
bt -0.0517193 0.113027 -0.992245
t -0.999713 -0.0019979 -0.0238586
bt -0.100253 -0.149084 -0.983729
t -0.957737 -0.286893 -0.0207921
bt 0.120689 -0.182496 -0.975771
t -0.984043 0.158331 0.0811818
bt -0.0135799 0.0503673 -0.998638
t -0.122242 -0.422915 -0.897887
bt 0.802099 -0.567224 0.1868
t -0.0703742 -0.190498 -0.979162
bt 0.914196 -0.381236 0.137493
t -0.198356 -0.447364 -0.872078
bt 0.986942 -0.137109 -0.0845344
t -0.197526 -0.514528 -0.834413
bt 0.868064 -0.466216 0.170608
t -0.147239 -0.504401 -0.850823
bt 0.997665 -0.0546976 -0.0408929
t -0.167994 -0.47864 -0.86179
bt 0.838532 -0.491475 0.235196
t -0.167235 -0.437635 -0.883464
bt 0.456844 -0.789406 0.410038
t -0.229781 -0.505548 -0.831638
bt 0.432457 -0.799048 0.417735
t -0.273897 -0.531885 -0.801298
bt 0.535399 -0.737907 0.410903
t 0.986999 -0.148644 -0.0611308
bt 0.130729 0.547409 0.826591
t 0.986606 -0.143698 -0.077194
bt 0.0959788 0.273001 0.957214
t 0.986709 -0.152486 -0.0561608
bt 0.0997795 0.255383 0.961677
t 0.986097 -0.1583 -0.0505392
bt 0.144489 0.540493 0.828849
t 0.988158 -0.129753 -0.0818989
bt 0.101929 0.547955 0.830274
t 0.988997 -0.135018 -0.060457
bt 0.0980241 0.229196 0.968432
t 0.988256 -0.132848 -0.0755123
bt 0.0557364 -0.0404773 0.997625
t 0.987121 -0.145712 -0.0660257
bt 0.0383039 -0.0439385 0.9983
t 0.985657 -0.13892 -0.0958197
bt 0.0863085 -0.0633986 0.994249
t 0.56702 -0.0339042 -0.823006
bt 0.816231 0.0642319 0.574143
t 0.563862 -0.0217207 -0.825583
bt 0.726088 -0.43079 0.535926
t 0.567677 -0.0450793 -0.822016
bt 0.715792 -0.461647 0.523951
t 0.566126 -0.058187 -0.822262
bt 0.824288 0.054473 0.563544
t 0.567949 0.0130976 -0.82296
bt 0.800748 0.0587577 0.596112
t 0.584723 0.00502562 -0.811218
bt 0.720724 -0.489488 0.490875
t 0.574364 -0.0218098 -0.818309
bt 0.421142 -0.843265 0.33398
t 0.567812 -0.0248561 -0.822783
bt 0.413021 -0.841583 0.348068
t 0.569253 0.0375582 -0.821304
bt 0.385145 -0.861693 0.330377
t -0.841431 -0.337891 0.421691
bt -0.40022 -0.196118 -0.895188
t -0.795142 -0.411065 0.445842
bt -0.481133 0.234102 -0.844812
t -0.885195 -0.13678 0.444657
bt -0.500256 0.169315 -0.849162
t -0.878972 -0.141226 0.455482
bt -0.403002 -0.225709 -0.88693
t -0.883184 0.0403239 0.46729
bt -0.471829 -0.201393 -0.858381
t -0.890332 0.132808 0.435512
bt -0.517006 0.218021 -0.827751
t -0.89005 -0.178422 0.419495
bt -0.258021 -0.535375 -0.804238
t -0.85069 -0.259798 0.45698
bt -0.255627 -0.525762 -0.811313
t -0.860842 -0.0561779 0.505763
bt -0.296937 -0.476958 -0.827248
t 0.976073 -0.147274 0.159974
bt -0.0313803 0.474084 0.87992
t 0.95639 -0.228292 0.182212
bt -0.000655919 0.815195 0.579187
t 0.999846 0.00866818 0.01527
bt 0.0251141 0.77248 0.634542
t 0.99995 -0.00183924 0.00985746
bt -0.0192008 0.452751 0.89143
t 0.983528 0.126208 -0.129397
bt 0.0511818 0.479235 0.876193
t 0.962625 0.212801 -0.167541
bt 0.0427611 0.807662 0.588093
t 0.997592 -0.00952303 0.0687044
bt -0.0604105 0.108538 0.992255
t 0.991189 -0.102812 0.0835144
bt -0.067187 0.11785 0.990756
t 0.995483 0.0260971 -0.0912865
bt -0.0462047 0.177249 0.983081
t -0.361827 0.0839236 0.92846
bt -0.824527 0.453993 -0.337707
t -0.382884 0.00107032 0.923796
bt -0.519738 0.787296 -0.331719
t -0.219083 0.240579 0.945581
bt -0.581717 0.752888 -0.307841
t -0.211345 0.233253 0.949171
bt -0.841744 0.43284 -0.32267
t -0.0662155 0.353066 0.933252
bt -0.842379 0.470895 -0.262022
t -0.019273 0.434095 0.900661
bt -0.538175 0.791026 -0.290941
t -0.269893 0.223788 0.936524
bt -0.951913 0.0912437 -0.292467
t -0.28797 0.130795 0.948665
bt -0.948542 0.0984959 -0.300942
t -0.111136 0.257816 0.959781
bt -0.941915 0.160872 -0.294816
t 0.518566 -0.393434 -0.759144
bt 0.727297 0.127864 0.674307
t 0.500183 -0.19995 -0.842518
bt 0.776545 0.154572 0.610807
t 0.52288 -0.0823629 -0.848418
bt 0.814658 0.251206 0.522712
t 0.506857 -0.0548833 -0.860281
bt 0.848256 0.0943733 0.52111
t 0.530088 0.179096 -0.828814
bt 0.882966 0.0894584 0.460834
t 0.589547 0.0468464 -0.806375
bt 0.88838 0.113213 0.444932
t 0.541408 -0.159246 -0.825541
bt 0.881582 -0.147584 0.448366
t 0.463443 -0.425218 -0.777438
bt 0.887597 -0.205662 0.41216
t 0.519551 -0.393368 -0.758504
bt 0.936033 -0.0379388 0.34986
t 0.455928 0.0396701 -0.889132
bt 0.868799 0.0503916 0.492595
t -0.989514 -0.141933 0.026771
bt 0.0674938 0.0954858 -0.99314
t -0.98798 -0.154574 0.00179256
bt 0.129604 0.295091 -0.946638
t -0.956842 0.290382 0.0114818
bt 0.106807 0.304938 -0.946364
t -0.948463 0.315188 0.0327762
bt 0.0474293 0.132484 -0.99005
t -0.722681 0.690424 -0.0323447
bt -0.0206387 0.141294 -0.989752
t -0.639492 0.766297 -0.061962
bt 0.120167 0.452912 -0.88342
t -0.960121 0.274713 0.0519674
bt -0.0567565 -0.125651 -0.99045
t -0.94084 -0.33885 -3.69312e-06
bt -0.065494 -0.232384 -0.970417
t -0.601789 0.796282 0.0615321
bt -0.0998978 -0.301027 -0.948369
t -0.0582442 -0.141411 0.988236
bt -0.98368 0.0954797 -0.152504
t -0.0829693 -0.154054 0.984573
bt -0.932015 0.295023 -0.210497
t -0.0706572 0.290857 0.954154
bt -0.933701 0.304871 -0.187767
t -0.048717 0.315643 0.947627
bt -0.98232 0.132483 -0.132274
t -0.0941995 0.690815 0.716869
bt -0.987873 0.141277 -0.0643984
t -0.11659 0.766624 0.631423
bt -0.86985 0.452828 -0.195726
t -0.030601 0.27522 0.960894
bt -0.991668 -0.125661 -0.0283523
t -0.0807489 -0.338382 0.937538
bt -0.972452 -0.232413 -0.0179152
t 0.00970725 0.79662 0.604403
bt -0.953456 -0.300975 0.0182998
t -0.85691 0.0564086 0.51237
bt -0.504837 -0.16013 -0.848233
t -0.810884 0.19321 0.552392
bt -0.461658 -0.00586661 -0.887039
t -0.846841 0.0111284 0.53173
bt -0.484025 0.196554 -0.852693
t -0.851642 -0.0404719 0.522559
bt -0.479913 -0.0766487 -0.873962
t -0.863778 -0.0144 0.503667
bt -0.414126 0.22474 -0.882038
t -0.857125 -0.00218593 0.515103
bt -0.441559 -0.101487 -0.891474
t -0.842372 -0.0576298 0.535806
bt -0.46465 -0.431367 -0.773319
t -0.857389 0.039689 0.513137
bt -0.436252 -0.401257 -0.805405
t -0.837714 -0.0780795 0.540498
bt -0.446977 -0.36491 -0.816732
t 0.798975 -0.59212 -0.105037
bt -0.126246 -0.27098 0.95427
t 0.977362 -0.202515 -0.0612426
bt -0.145129 -0.320945 0.935912
t 0.928233 -0.345285 -0.138427
bt 0.108078 0.0103849 0.994088
t 0.872966 -0.47611 -0.106066
bt 0.0602912 -0.253862 0.965359
t 0.977356 -0.202555 -0.0612094
bt 0.106167 0.190711 0.975888
t 0.961293 -0.201852 -0.187539
bt 0.100354 -0.0707582 0.992433
t 0.726035 -0.664095 -0.178466
bt -0.196643 -0.561786 0.803572
t 0.593535 -0.770369 -0.232913
bt -0.282278 -0.525617 0.802525
t 0.924026 -0.375285 -0.0730521
bt 0.0155694 -0.503395 0.863916
t 0.493709 -0.848183 0.191928
bt -0.564572 -0.107753 0.81832
t 0.787182 -0.529191 0.316704
bt -0.594582 -0.151802 0.789575
t 0.720907 -0.656532 0.221944
bt -0.271295 0.0740389 0.959644
t 0.606813 -0.76224 0.225319
bt -0.404499 -0.153664 0.901536
t 0.787173 -0.529218 0.316681
bt -0.196393 0.242537 0.950056
t 0.821333 -0.537101 0.192185
bt -0.30817 0.00358636 0.951324
t 0.42977 -0.898411 0.0903002
bt -0.680194 -0.368487 0.633683
t 0.292203 -0.956183 -0.0182171
bt -0.7371 -0.306673 0.602192
t 0.674755 -0.682669 0.280481
bt -0.507619 -0.380168 0.773172
t 0.493714 -0.848182 0.191921
bt -0.564569 -0.107759 0.818322
t 0.787185 -0.52919 0.3167
bt -0.594601 -0.151787 0.789563
t 0.720909 -0.656532 0.221936
bt -0.27129 0.0740342 0.959646
t 0.606816 -0.762239 0.225313
bt -0.404498 -0.153665 0.901537
t 0.78717 -0.529215 0.316693
bt -0.196385 0.242532 0.950059
t 0.821332 -0.537101 0.192187
bt -0.308166 0.0035838 0.951326
t 0.429772 -0.898411 0.0902994
bt -0.680195 -0.368485 0.633683
t 0.292203 -0.956183 -0.018217
bt -0.7371 -0.306673 0.602192
t 0.674757 -0.682668 0.280479
bt -0.507625 -0.380163 0.773171
t 0.798975 -0.59212 -0.105036
bt -0.12625 -0.270978 0.95427
t 0.977362 -0.202516 -0.0612408
bt -0.145129 -0.320945 0.935912
t 0.928233 -0.345285 -0.138426
bt 0.108078 0.0103848 0.994088
t 0.872966 -0.47611 -0.106066
bt 0.0602861 -0.25386 0.96536
t 0.977356 -0.202555 -0.0612114
bt 0.10616 0.190713 0.975889
t 0.961294 -0.201852 -0.187538
bt 0.100358 -0.070759 0.992432
t 0.726035 -0.664096 -0.178465
bt -0.196652 -0.561779 0.803575
t 0.593535 -0.770369 -0.232913
bt -0.282284 -0.525609 0.802528
t 0.924026 -0.375286 -0.0730507
bt 0.0155563 -0.503391 0.863919
t 0.493709 -0.848183 0.191928
bt -0.564571 -0.107755 0.818321
t 0.787181 -0.529192 0.316707
bt -0.594588 -0.151797 0.789571
t 0.720908 -0.656532 0.221941
bt -0.271293 0.0740369 0.959645
t 0.606815 -0.762239 0.225315
bt -0.404498 -0.153665 0.901537
t 0.787173 -0.529218 0.316681
bt -0.196393 0.242537 0.950056
t 0.821329 -0.537101 0.192198
bt -0.308168 0.00358512 0.951325
t 0.429764 -0.898414 0.0903059
bt -0.680193 -0.368488 0.633683
t 0.292193 -0.956186 -0.0182092
bt -0.7371 -0.306673 0.602192
t 0.674755 -0.682669 0.280481
bt -0.507621 -0.380166 0.773172
t -0.64286 0.0938188 -0.760217
bt 0.581514 0.759362 -0.291911
t -0.64427 0.100423 -0.758177
bt 0.724739 0.516444 -0.456113
t -0.5029 -0.0124403 -0.864255
bt 0.746892 0.533288 -0.397185
t -0.459037 -0.045817 -0.887235
bt 0.518576 0.827376 -0.215705
t -0.772201 0.162094 -0.614354
bt 0.54421 0.795431 -0.266692
t -0.772879 0.106173 -0.625609
bt 0.69875 0.525439 -0.48545
t -0.648997 0.0657536 -0.757944
bt 0.810474 0.197828 -0.551358
t -0.568672 0.0211792 -0.822292
bt 0.810636 0.204206 -0.54879
t -0.720006 0.0785503 -0.689508
bt 0.796186 0.246233 -0.552681

