g sponza_345
t -0.00954741 -0.999911 0.00929163
bt -0.999976 0.00691833 4.08624e-05
t -0.0618741 -0.924396 0.376382
bt -0.950754 0.0192041 0.309351
t -0.022509 -0.574964 0.817869
bt -0.973013 0.037084 -0.227751
t -0.019797 -0.710571 0.703347
bt -0.908499 0.0229546 -0.417256
t -0.181467 -0.402031 -0.897463
bt -0.720853 -0.206485 0.661615
t 0.0622525 -0.559488 -0.826497
bt -0.464914 -0.303429 0.831737
t 0.392259 -0.754919 -0.525576
bt -0.698488 -0.0152475 0.71546
t 0.0262824 -0.716386 -0.697209
bt -0.854468 0.052833 0.516811
t 0.157472 -0.413427 0.896817
bt -0.43189 -0.190431 -0.881594
t -0.117034 -0.202573 0.972249
bt -0.196946 -0.341424 -0.919044
t -0.180006 -0.106097 0.977927
bt -0.441469 -0.260224 -0.858714
t -0.0546837 -0.340387 0.938694
bt -0.594727 -0.0845509 -0.799469
t 0.0186146 -0.935164 -0.353724
bt -0.945733 -0.0232403 -0.324112
t 0.275865 -0.86302 0.423196
bt -0.700285 -0.0449397 -0.712447
t -0.0187385 -0.730097 0.683087
bt -0.873943 0.00317833 -0.486018
t -0.00554365 -0.999948 -0.00851592
bt -0.999998 -0.000947819 -0.00150427
t -0.0403547 -0.244358 -0.968845
bt -0.577434 0.0595222 0.814264
t -0.0141676 -0.57435 -0.818487
bt -0.854692 0.221251 0.469627
t 0.0169412 -0.705384 -0.708623
bt -0.862975 0.057457 0.501969
t -0.0183651 -0.294665 -0.955424
bt -0.604135 0.00265886 0.796878
t 0.0045303 -0.268416 0.963292
bt -0.489684 0.0358747 -0.871162
t -0.00866947 -0.237446 0.971362
bt -0.427442 0.115229 -0.896669
t -0.0378338 -0.00997354 0.999234
bt -0.226361 -0.0595924 -0.972219
t -0.0454021 -0.0181744 0.998803
bt -0.299129 -0.108576 -0.948015
t -0.00300224 -0.99986 -0.0164455
bt -0.999839 0.00595049 0.0168993
t -0.00990482 -0.673759 0.738885
bt -0.95491 0.0171297 -0.296402
t -0.162662 -0.402608 -0.900804
bt -0.755097 -0.211646 0.620511
t 0.0174741 -0.713425 -0.700514
bt -0.877704 0.0534022 0.476219
t -0.142626 -0.0828468 0.986303
bt -0.479958 -0.275003 -0.833075
t -0.0411912 -0.341798 0.93887
bt -0.626387 -0.0821487 -0.775172
t -0.0171021 -0.727481 0.685915
bt -0.892342 -0.00541483 -0.451328
t -0.000684638 -0.99991 0.0133902
bt -0.999879 0.00265314 -0.0153364
t 0.0218921 -0.705961 -0.707913
bt -0.938591 0.0153729 0.344689
t -0.00681291 -0.283963 -0.958811
bt -0.87415 0.0535043 0.4827
t 0.00908262 -0.241088 0.970461
bt -0.755915 0.00722996 -0.654629
t -0.0083645 -0.00381732 0.999958
bt -0.512937 -0.0291309 -0.857932
t -0.00386813 -0.999856 -0.0165329
bt -0.999834 0.0018306 0.0181329
t -0.0171489 -0.713794 0.700146
bt -0.996921 0.00969336 -0.0778167
t 0.0101628 -0.725491 -0.688157
bt -0.93421 0.0608447 0.351495
t -0.132229 -0.384688 -0.913526
bt -0.847409 -0.165464 0.5045
t -0.0199538 -0.339919 0.940243
bt -0.749569 -0.0623464 -0.658983
t -0.0919059 -0.0400705 0.994961
bt -0.610144 -0.254156 -0.750419
t -0.0129663 -0.735598 0.677294
bt -0.94811 -0.00221465 -0.317935
t -0.00105971 -0.99989 0.0147929
bt -0.999928 0.003679 -0.0114565
t 0.00713754 -0.718637 -0.695348
bt -0.994492 -0.0537861 0.0899621
t -0.000672788 -0.315671 -0.948868
bt -0.955118 -0.0258284 -0.295099
t -0.00133123 -0.309608 0.950863
bt -0.85438 -0.164852 0.492807
t -0.0105052 -0.0039496 0.999937
bt -0.839559 -0.0541123 0.540566
t 0.0126812 -0.00416531 0.999911
bt -0.817338 0.0851077 0.569839
t -0.0162582 -0.713773 0.700189
bt -0.998807 -0.0329702 -0.0360167
t 0.00494644 -0.754167 0.656664
bt -0.999343 0.0158705 0.0325896
t -0.00354025 -0.999444 -0.0331636
bt -0.99992 -0.00258315 0.0124224
t 0.00437027 -0.743963 -0.668206
bt -0.984325 0.0482485 0.169638
t -0.0615156 -0.361886 -0.93019
bt -0.95817 -0.0793236 0.274986
t -0.00475814 -0.349 0.937111
bt -0.921754 -0.0206277 -0.387225
t -0.0269349 -0.00616923 0.999618
bt -0.852205 -0.165819 -0.496237
t 0.00271521 -0.999457 0.0328343
bt -0.99992 -0.000954837 -0.0125744
t -0.0104099 -0.749726 0.661667
bt -0.987961 0.00810614 -0.154488
t 0.000957721 -0.756309 -0.654214
bt -0.998136 -0.049449 -0.0357791
t 0.0274311 -0.363682 -0.931119
bt -0.975183 0.0696993 -0.210141
t -1.51767e-05 -0.353189 0.935552
bt -0.896596 -0.0765099 0.43619
t -0.00134119 -0.309608 0.950863
bt -0.984632 -0.0586336 0.164507
t 0.0268343 -0.00653504 0.999619
bt -0.716988 0.124154 0.68594
t 0.00754181 -0.788037 0.615582
bt -0.987045 0.00663628 0.160305
t 0.000571243 -0.999355 -0.0359082
bt -0.999997 -0.00146389 -0.00215413
t -0.00208432 -0.763767 -0.645489
bt -0.995422 0.0210881 -0.0932194
t 0.0626873 -0.374831 -0.924971
bt -0.992277 0.0768815 -0.0973445
t 0.0225749 -0.371111 0.928314
bt -0.98853 0.0662233 0.135733
t 0.0533891 -0.0062046 0.998555
bt -0.978219 0.113336 -0.173903
t 0.000580084 -0.999418 0.0341018
bt -0.999998 0.00195665 0.000633238
t 0.00117194 -0.764382 0.644762
bt -0.995422 0.00944284 0.0951141
t 0.0332481 -0.364405 -0.930647
bt -0.951041 0.0282864 -0.307768
t -0.00702034 -0.78838 -0.615148
bt -0.982749 -0.0427585 -0.179934
t 0.00645931 -0.387693 -0.921766
bt -0.83602 -0.0119844 -0.548568
t -0.0075099 -0.383102 0.923676
bt -0.784455 -0.0713551 0.616067
t 0.0457835 -0.0121974 0.998877
bt -0.555086 0.147861 0.818545
t 0.00590711 -0.819669 0.572807
bt -0.952085 0.00135095 0.305832
t 0.00185165 -0.99959 -0.0285772
bt -0.999902 0.00520824 -0.0129559
t -0.0129601 -0.793956 -0.607837
bt -0.940958 -0.0128729 -0.338279
t 0.173241 -0.462038 -0.869775
bt -0.867848 0.198626 -0.455399
t 0.0567253 -0.00659385 0.998368
bt -0.803889 0.0931562 0.587439
t 0.146758 -0.0674198 0.986872
bt -0.677126 0.311112 0.666866
t 0.0411728 -0.417856 0.90758
bt -0.788361 0.0951521 0.60781
t -4.0566e-05 -0.999591 0.0286036
bt -0.999912 0.00246466 0.013035
t 0.0172773 -0.798989 0.601097
bt -0.947067 0.01314 0.320766
t -0.022826 -0.815104 -0.578865
bt -0.947293 -0.0206369 -0.319704
t 0.0124068 -0.420096 -0.907395
bt -0.728717 0.0223022 -0.684452
t 0.0745761 -0.0342556 0.996627
bt -0.3918 0.180021 0.902267
t -0.0207488 -0.407336 0.913043
bt -0.659322 -0.0398067 0.750806
t -0.00242177 -0.999752 -0.0221487
bt -0.999836 0.000320161 -0.0180982
t 0.00620654 -0.858925 0.512064
bt -0.89813 0.00346058 0.439717
t -0.0252044 -0.833965 -0.551242
bt -0.878636 -0.0189605 -0.477116
t 0.210867 -0.57966 -0.787102
bt -0.711147 0.242251 -0.659988
t 0.217836 -0.178663 0.959493
bt -0.394963 0.32389 0.859709
t 0.0527984 -0.492347 0.868796
bt -0.611334 0.0953703 0.785605
t 0.019015 -0.844728 0.534858
bt -0.888785 0.0192181 0.457921
t -9.10355e-05 -0.999753 0.022204
bt -0.999828 0.00385117 0.018118
t -0.0402864 -0.84804 -0.528399
bt -0.889226 -0.0317871 -0.456361
t 0.0154132 -0.481421 -0.876354
bt -0.5612 0.0176278 -0.827492
t 0.112159 -0.0919853 0.989424
bt -0.17473 0.14333 0.974128
t -0.0312315 -0.451409 0.89177
bt -0.511689 -0.0394378 0.858265
t 0.00170835 -0.999897 -0.0142674
bt -0.999828 0.00345773 -0.0182481
t 0.00279749 -0.901412 0.432953
bt -0.853576 0.0117958 0.520835
t 0.212544 -0.708704 -0.672728
bt -0.577127 0.229012 -0.783887
t -0.036682 -0.879714 -0.474085
bt -0.832033 -0.0196256 -0.554379
t 0.260874 -0.33361 0.905897
bt -0.213113 0.272574 0.938236
t 0.0563095 -0.593433 0.802912
bt -0.496833 0.0738515 0.864698
t 0.00928205 -0.892704 0.450548
bt -0.84219 0.0241345 0.53864
t -0.000701083 -0.999897 0.0143181
bt -0.999834 -0.000128105 0.0182067
t -0.048715 -0.887514 -0.458198
bt -0.844508 -0.0285779 -0.53478
t 0.00989956 -0.563905 -0.82578
bt -0.472565 0.0161707 -0.881147
t 0.136282 -0.174288 0.975218
bt -0.0887439 0.113458 0.989572
t -0.0485912 -0.510822 0.858312
bt -0.446707 -0.0256936 0.894311
t -0.00747411 -0.943107 0.332404
bt -0.82106 0.0110373 0.570736
t 6.7764e-05 -0.99994 -0.0110016
bt -0.999743 0.00520458 -0.0220446
t -0.0392077 -0.927491 -0.371783
bt -0.800349 -0.00852047 -0.599474
t 0.175117 -0.830014 -0.529539
bt -0.471895 0.17368 -0.864379
t 0.261567 -0.527534 0.808264
bt -0.100106 0.202207 0.974213
t 0.0514937 -0.723586 0.68831
bt -0.427308 0.0491765 0.902768
t 0.00448399 -0.939129 0.343535
bt -0.804337 0.0140486 0.594007
t -0.00263703 -0.999935 0.0110607
bt -0.999752 0.00187998 0.0221799
t -0.0491037 -0.932525 -0.357752
bt -0.815313 -0.0231013 -0.578559
t -0.00413693 -0.675405 -0.737436
bt -0.422857 0.0128945 -0.906105
t 0.147224 -0.297018 0.943454
bt -0.0397928 0.0803013 0.995976
t -0.0607118 -0.610056 0.790029
bt -0.410234 -0.017874 0.911805
t -0.00721413 -0.982236 0.187512
bt -0.798402 0.00581349 0.602097
t -0.00192906 -0.999977 -0.00645016
bt -0.999657 0.00234005 -0.0260783
t -0.0367863 -0.974098 -0.223112
bt -0.777145 -0.00233043 -0.629317
t 0.0986753 -0.941667 -0.321757
bt -0.396111 0.0802947 -0.914685
t 0.195644 -0.797349 0.570927
bt -0.0275772 0.112404 0.99328
t 0.0289058 -0.887996 0.458942
bt -0.385582 0.0241418 0.922358
t -0.00247314 -0.980477 0.196616
bt -0.778473 0.0119594 0.627564
t -0.00333591 -0.999973 0.00649135
bt -0.999655 0.00214093 0.026191
t -0.039004 -0.97681 -0.210525
bt -0.797511 -0.00422357 -0.603289
t -0.0192458 -0.845612 -0.533451
bt -0.392552 0.0065102 -0.919707
t 0.138574 -0.56441 0.81378
bt -0.0107025 0.0440499 0.998972
t -0.119829 -0.711452 0.692443
bt -0.386434 -0.0224678 0.922044
t -0.00467103 -0.999969 0.00640518
bt -0.790311 0.00158222 0.612703
t 0.000373655 -1 -8.95719e-05
bt -0.999581 0.00276098 -0.0288025
t -0.0177471 -0.999684 -0.0178032
bt -0.767789 -0.00263633 -0.640698
t -0.0101829 -0.999357 -0.0343664
bt -0.370751 -0.0356729 -0.928047
t 0.00348 -0.994361 0.105993
bt -3.8213e-05 0.0115509 0.999933
t -0.0182585 -0.998343 0.0545635
bt -0.37107 -0.0066874 0.928581
t -0.00565516 -0.999954 0.00771231
bt -0.767884 0.000666732 0.640589
t -0.00118465 -0.999999 0.000133812
bt -0.999586 0.00215194 0.0286983
t -0.0205958 -0.999612 -0.0187487
bt -0.79026 -0.00272408 -0.612766
t -0.0134169 -0.999077 -0.0408166
bt -0.382101 -0.00222921 -0.924118
t 0.00284864 -0.807642 0.589666
bt -9.77058e-05 1.39171e-05 1
t -0.112218 -0.953581 0.279447
bt -0.382274 -0.00136163 0.924048
t -0.0035236 -0.983564 -0.180523
bt -0.7996 -0.00602563 0.600503
t -5.73697e-05 -0.999976 0.00700166
bt -0.999601 0.00253717 -0.0281221
t 0.00321039 -0.979963 0.199154
bt -0.775849 0.0114737 -0.630815
t -0.120987 -0.952598 0.279141
bt -0.407451 -0.147469 -0.901241
t -0.214587 -0.867016 -0.449705
bt -0.022613 -0.0909338 0.9956
t -0.0601796 -0.913152 -0.403152
bt -0.388523 -0.0388207 0.920621
t -0.00479834 -0.981199 -0.192939
bt -0.778183 -0.0128822 0.627906
t 0.00039062 -0.999975 -0.00701352
bt -0.999599 0.0024379 0.028215
t 0.0121533 -0.981339 0.191903
bt -0.797509 0.0167613 -0.603075
t -0.0622525 -0.91958 0.38794
bt -0.396733 -0.0227712 -0.917652
t 0.209184 -0.841387 -0.498307
bt -0.382301 -0.000781288 0.924038
t 0.00306492 -0.836116 -0.548545
bt -9.7712e-05 1.38969e-05 1
t -0.169884 -0.686544 -0.706963
bt -0.010735 -0.0429504 0.99902
t 0.0277032 -0.834773 -0.549896
bt -0.389751 0.0105601 0.92086
t -0.00499996 -0.941736 -0.336315
bt -0.824604 -0.00659158 0.565672
t -0.00167002 -0.999918 0.0126614
bt -0.999707 0.000695413 -0.024206
t 0.0215194 -0.927015 0.374407
bt -0.801059 0.0179887 -0.598314
t -0.184837 -0.819769 0.542047
bt -0.496361 -0.225209 -0.838395
t -0.291802 -0.556921 -0.777619
bt -0.0986431 -0.188503 0.977106
t -0.068513 -0.723 -0.687442
bt -0.438835 -0.0659897 0.896141
t -0.0158317 -0.936478 -0.35037
bt -0.808567 -0.0231401 0.587949
t 0.00119208 -0.99992 -0.0126338
bt -0.999703 0.00256019 0.0242374
t 0.0292856 -0.933657 0.356968
bt -0.818839 0.0263775 -0.573417
t -0.0175071 -0.683146 0.730071
bt -0.426754 -0.00991387 -0.904313
t -0.168114 -0.320963 -0.932052
bt -0.0426329 -0.0813646 0.995772
t 0.0417908 -0.618416 -0.784739
bt -0.411418 0.0251959 0.911098
t -0.0101244 -0.891146 -0.453603
bt -0.867423 -0.00153884 0.49757
t 0.000822862 -0.999783 0.0208231
bt -0.99973 0.0011259 -0.0232261
t 0.0212309 -0.867225 0.497463
bt -0.84169 0.0277555 -0.539248
t -0.189806 -0.651118 0.73486
bt -0.624943 -0.255144 -0.737799
t -0.268441 -0.299126 -0.915676
bt -0.237619 -0.264816 0.934564
t -0.0543671 -0.556428 -0.829115
bt -0.528149 -0.0832378 0.845062
t 0.00262616 -0.999779 -0.0208674
bt -0.999728 0.00177821 0.0232435
t -0.0281258 -0.880105 -0.473946
bt -0.852831 -0.0156427 0.521952
t 0.032909 -0.880528 0.472851
bt -0.85697 0.0414029 -0.5137
t -0.0235305 -0.546113 0.837381
bt -0.493628 -0.010222 -0.869613
t -0.139889 -0.156017 -0.977798
bt -0.105585 -0.117534 0.98744
t 0.0325963 -0.500809 -0.864944
bt -0.461002 0.0368458 0.886634
t -0.0117002 -0.840168 -0.542199
bt -0.926625 0.006429 0.375931
t -0.00228585 -0.999527 0.0306543
bt -0.999821 -0.00189781 -0.0188444
t 0.016227 -0.810243 0.58587
bt -0.903839 0.0395113 -0.426044
t -0.13274 -0.486832 0.863351
bt -0.792735 -0.222225 -0.567615
t -0.184488 -0.113704 -0.976235
bt -0.472338 -0.29113 0.83195
t -0.027363 -0.438427 -0.89835
bt -0.693813 -0.0924041 0.714202
t 0.000573723 -0.999528 -0.0307204
bt -0.999821 -0.00173561 0.0188598
t -0.0224217 -0.81823 -0.574453
bt -0.917266 -0.00775198 0.398199
t -0.0190737 -0.449484 0.893085
bt -0.624746 -0.00229925 -0.780825
t 0.0818639 -0.819886 0.566644
bt -0.86799 0.177401 -0.463812
t -0.0975863 -0.0601426 -0.993408
bt -0.235893 -0.145397 0.96084
t 0.0209869 -0.429563 -0.902793
bt -0.564135 0.0561112 0.823774
t -0.00634272 -0.999507 0.0307495
bt -0.999961 -0.00310399 -0.00820888
t -0.00573805 -0.80262 -0.596462
bt -0.978942 0.0112906 0.203824
t -0.0586238 -0.394837 0.916879
bt -0.939809 -0.119631 -0.320075
t -0.00042574 -0.777929 0.628352
bt -0.969719 0.038476 -0.241175
t -0.0870182 -0.023325 -0.995934
bt -0.830768 -0.222768 0.510098
t -0.0129905 -0.385053 -0.922803
bt -0.899306 -0.0621246 0.432884
t -0.0142268 -0.779271 -0.626525
bt -0.977598 -0.00168252 0.210475
t 0.00174565 -0.999524 -0.0308145
bt -0.999965 -0.000610485 0.00828466
t 0.115202 -0.81068 0.574044
bt -0.910668 0.0653301 -0.407941
t 0.0146222 -0.8006 0.599021
bt -0.972462 0.0461079 -0.228454
t -0.00884187 -0.396834 0.917848
bt -0.834176 0.013282 -0.551338
t -0.0476707 -0.0127743 -0.998781
bt -0.540314 -0.144889 0.828896
t 0.0254541 -0.38896 -0.920903
bt -0.694425 0.118815 0.709688
t 0.00247379 -0.999613 0.0276972
bt -1 0.000783691 -0.000221445
t 0.0014239 -0.789691 -0.613503
bt -0.999904 0.00726243 0.011846
t 0.0259626 -0.370791 0.928353
bt -0.999083 0.00878647 -0.0419067
t -0.00564136 -0.768075 0.640335
bt -0.999529 0.0199696 -0.0232819
t -0.0142098 -0.000102083 -0.999899
bt -0.995756 -0.00796461 0.0916876
t -0.000615682 -0.371104 -0.928591
bt -0.998754 0.011456 0.0485763
t -0.00437198 -0.768067 -0.640355
bt -0.999919 0.00571153 0.0114001
t 0.00205089 -0.999614 -0.0277023
bt -0.999998 0.00171693 0.000247982
t 0.00112495 -0.789694 0.613499
bt -0.999673 0.0168059 -0.0192578
t 0.000144278 -0.381899 0.924204
bt -0.998707 0.0123812 -0.0493125
t -0.00355112 -1.68303e-05 -0.999994
bt -0.825031 -0.00660052 0.565048
t 0.00129287 -0.381892 -0.924206
bt -0.959349 0.101191 0.263459
t 0.000483582 -0.999705 0.0242996
bt -0.999986 0.000882603 0.00528034
t 0.00493265 -0.795494 -0.605942
bt -0.986419 0.000752825 -0.164246
t 0.000574953 -0.77614 0.630561
bt -0.983731 -0.00556243 0.179564
t 0.105597 -0.396381 0.911993
bt -0.96685 0.119442 0.225687
t 0.0853498 -0.0187106 -0.996175
bt -0.920137 0.201579 -0.335728
t 0.0234785 -0.383062 -0.923424
bt -0.94387 0.0751337 -0.321659
t 0.0434618 -0.779197 -0.62527
bt -0.990257 0.0658256 -0.122713
t -0.002209 -0.999702 -0.0243108
bt -0.999986 0.000212613 -0.00529628
t -0.0126068 -0.79403 0.607748
bt -0.984816 -0.0113731 0.173226
t 0.0214764 -0.392404 0.919542
bt -0.936051 0.0587173 0.346931
t 0.0027448 -0.381891 -0.924203
bt -0.869334 -0.194684 -0.454265
t -0.0035541 -1.68993e-05 -0.999994
bt -0.850103 -0.00680119 -0.526572
t 0.0387838 -0.00851243 -0.999211
bt -0.827094 0.181097 -0.532089
t -0.00739555 -0.387104 -0.922006
bt -0.858986 -0.0274346 -0.511264
t 0.0106327 -0.815059 -0.57928
bt -0.952801 0.000690353 -0.303595
t 0.000434547 -0.999775 0.0211914
bt -0.999954 0.00185591 0.00946093
t -0.0194238 -0.793468 0.608302
bt -0.942955 -0.0173629 0.332468
t 0.169873 -0.458008 0.872566
bt -0.871132 0.190869 0.452436
t 0.134633 -0.0601194 -0.98907
bt -0.699584 0.31236 -0.642661
t 0.0384095 -0.415215 -0.908912
bt -0.800893 0.0990112 -0.590565
t 0.0461111 -0.779335 -0.624909
bt -0.987305 0.0227361 -0.157203
t 0.0754015 -0.806638 -0.586217
bt -0.962436 0.093758 -0.254806
t -0.000684532 -0.999773 -0.021311
bt -0.999954 -0.000799521 -0.00952035
t -0.0228627 -0.809824 0.586227
bt -0.946394 -0.0276755 0.321828
t 0.0111475 -0.41472 0.909881
bt -0.720942 0.00988568 0.692924
t 0.0405772 -0.00890611 -0.999137
bt -0.465397 0.101901 -0.879217
t 0.0713512 -0.031864 -0.996942
bt -0.381691 0.170419 -0.908443
t -0.0175509 -0.404023 -0.914581
bt -0.656197 -0.04616 -0.753177
t 0.0085755 -0.843969 -0.536323
bt -0.912112 0.00391208 -0.409922
t 0.0034625 -0.999824 0.0184491
bt -0.999913 0.00174539 0.0130659
t -0.0220125 -0.822541 0.56828
bt -0.894414 -0.0266442 0.446445
t 0.214561 -0.547673 0.808714
bt -0.747694 0.221612 0.625973
t 0.220861 -0.156001 -0.962748
bt -0.436654 0.308478 -0.845089
t 0.0582924 -0.472017 -0.87966
bt -0.643079 0.0813535 -0.761466
t 0.0828178 -0.807346 -0.584238
bt -0.958616 0.0615162 -0.277975
t 0.0167921 -0.831275 -0.555608
bt -0.906813 0.0195116 -0.421081
t -0.000504498 -0.999829 -0.0185133
bt -0.999913 -0.00109935 -0.0131254
t -0.0318088 -0.835226 0.548986
bt -0.902517 -0.0332474 0.429368
t 0.0122079 -0.456268 0.889759
bt -0.594617 0.0156228 0.803857
t 0.102091 -0.0721432 -0.992156
bt -0.213136 0.150565 -0.965351
t -0.029442 -0.432608 -0.901101
bt -0.537869 -0.0436088 -0.8419
t 0.00530495 -0.879684 -0.475528
bt -0.872599 0.00889349 -0.488356
t 0.00233499 -0.999882 0.0151706
bt -0.999873 0.0024393 0.0157697
t -0.0328519 -0.857687 0.513122
bt -0.852148 -0.0233536 0.52278
t 0.214778 -0.64575 0.73272
bt -0.632549 0.23063 0.739386
t 0.250859 -0.260611 -0.932283
bt -0.273128 0.283778 -0.919169
t 0.0580767 -0.543481 -0.83741
bt -0.538133 0.0746454 -0.839548
t 0.0154049 -0.870645 -0.491671
bt -0.863345 0.0204627 -0.5042
t -0.000954274 -0.999884 -0.0152127
bt -0.999875 0.000559691 -0.0157898
t -0.0395841 -0.868112 0.494787
bt -0.862142 -0.0334602 0.505561
t 0.0109491 -0.517922 0.855358
bt -0.509632 0.0201058 0.860158
t 0.122178 -0.126919 -0.98436
bt -0.120224 0.124921 -0.984856
t -0.037558 -0.480019 -0.876454
bt -0.470792 -0.0330331 -0.881626
t -0.000170112 -0.918263 -0.395971
bt -0.838408 0.0117571 -0.544916
t 0.00157789 -0.999929 0.0117771
bt -0.999837 0.00121108 0.0179916
t -0.0370758 -0.899469 0.43541
bt -0.8187 -0.0144375 0.574041
t 0.195363 -0.754107 0.627022
bt -0.530626 0.208959 0.821445
t 0.267613 -0.407056 -0.873321
bt -0.156384 0.238145 -0.958557
t 0.0538832 -0.640173 -0.766339
bt -0.463835 0.0621086 -0.883742
t 0.00874806 -0.912277 -0.409481
bt -0.826376 0.0224494 -0.562672
t -0.000405013 -0.999929 -0.0119064
bt -0.999838 0.000341462 -0.0179938
t -0.047649 -0.90552 0.421619
bt -0.831589 -0.0217052 0.554967
t 0.00573059 -0.604259 0.796768
bt -0.45063 0.0186841 0.892515
t 0.142213 -0.216397 -0.965892
bt -0.0661403 0.100649 -0.992721
t -0.0517539 -0.54627 -0.836009
bt -0.428934 -0.0223869 -0.903058
t -0.00426936 -0.954489 -0.298216
bt -0.811729 0.0112251 -0.583926
t 0.000833406 -0.999969 0.00788621
bt -0.999826 -0.00106622 0.0186097
t -0.0406812 -0.940599 0.337074
bt -0.793057 -0.0149762 0.608963
t 0.154751 -0.859098 0.487855
bt -0.44814 0.151222 0.88108
t 0.250708 -0.586586 -0.770105
bt -0.0758062 0.177694 -0.981162
t 0.0415317 -0.759029 -0.64973
bt -0.412771 0.0390015 -0.909999
t 0.00182891 -0.951338 -0.308144
bt -0.797901 0.0153685 -0.602593
t -0.00124424 -0.999967 -0.00802419
bt -0.999822 -0.00313465 -0.018625
t -0.0449215 -0.944811 0.324521
bt -0.806886 -0.0211569 0.590328
t -0.00798212 -0.712956 0.701163
bt -0.412661 0.0156453 0.91075
t 0.148593 -0.347775 -0.925728
bt -0.0307623 0.0720166 -0.996929
t -0.0621488 -0.647184 -0.759796
bt -0.400491 -0.0184524 -0.916115
t -0.0045726 -0.981932 -0.189181
bt -0.794198 0.00739001 -0.607615
t 0.000104319 -0.999991 0.00429677
bt -0.999847 0.000240822 0.0174926
t -0.0315895 -0.975366 0.218321
bt -0.778867 -0.010284 0.627105
t 0.0986319 -0.941011 0.323683
bt -0.397369 0.0837165 0.913832
t 0.194561 -0.789313 -0.582349
bt -0.0252069 0.101782 -0.994487
t 0.0237521 -0.882449 -0.469808
bt -0.385232 0.0188018 -0.922628
t -0.00268718 -0.980569 -0.196158
bt -0.780428 0.00502525 -0.625225
t 0.000591119 -0.999991 -0.00429206
bt -0.999847 -0.000514059 -0.0175072
t -0.0365604 -0.97644 0.21267
bt -0.792259 -0.0137899 0.610029
t -0.0211687 -0.840122 0.541984
bt -0.390407 0.0103049 0.920585
t 0.137015 -0.555696 -0.820017
bt -0.0107758 0.043671 -0.998988
t -0.0707393 -0.778545 -0.623589
bt -0.386248 -0.00940368 -0.922347
t 0.000994881 -0.999998 0.0015854
bt -0.999881 -0.00102025 0.0154052
t -0.00472504 -0.996563 -0.082705
bt -0.785314 0.00463736 -0.61908
t -0.0220686 -0.994733 0.100092
bt -0.773102 -0.000668544 0.634281
t 0.0391822 -0.988025 0.149233
bt -0.375728 0.0271279 0.926333
t 0.0950347 -0.946848 -0.307324
bt -0.0048206 0.0470221 -0.998882
t 0.00402003 -0.972556 -0.232632
bt -0.374488 0.0104219 -0.927173
t -0.00379693 -0.996353 -0.0852401
bt -0.773398 0.00581343 -0.633894
t -0.000310599 -0.999999 -0.00150446
bt -0.999874 0.0039367 -0.0153913
t -0.0196069 -0.995346 0.0943496
bt -0.784953 -0.0046059 0.619538
t -0.0198817 -0.958885 0.283098
bt -0.379876 0.00304671 0.925032
t 0.0847337 -0.84394 -0.529704
bt -0.00159075 0.0158528 -0.999873
t -0.0559433 -0.929736 -0.363951
bt -0.379192 -0.00390713 -0.92531
t -0.000628487 -0.999876 0.0157279
bt -0.78257 0.000561561 -0.622563
t 0.00124273 -0.999999 -0.000316261
bt -0.999911 -0.00310336 0.0129963
t -0.0039273 -0.9999 -0.0136012
bt -0.772421 8.46556e-05 0.63511
t -0.035415 -0.998676 0.0373211
bt -0.372336 -0.00157088 0.928097
t -0.0203998 -0.999773 0.00617434
bt -0.000156005 -0.00778856 -0.99997
t -0.012636 -0.999735 0.0192575
bt -0.37248 -0.00661517 -0.928017
t -0.00152614 -0.99988 0.0154445
bt -0.77245 0.00192878 -0.635073
t 0.00149034 -0.999999 0.000319466
bt -0.999911 0.00233812 -0.0131027
t -0.00775753 -0.999919 -0.0100571
bt -0.782492 0.00742675 0.622616
t -0.00603075 -0.99936 -0.0352525
bt -0.377446 0.000189845 0.926031
t -0.0203988 -0.999764 -0.0075235
bt 2.18265e-05 -0.00397507 -0.999992
t -0.013309 -0.99976 0.0174204
bt -0.377259 0.00577885 -0.92609
t -0.00136454 -0.995421 0.0955827
bt -0.783917 -0.00183545 -0.620862
t -0.000233845 -0.999999 -0.001297
bt -0.999939 0.000758086 0.0109943
t 0.020148 -0.994681 -0.101012
bt -0.372371 -0.00368002 0.928077
t 0.00577114 -0.994571 -0.103901
bt -0.775218 0.00184449 0.631691
t -0.0600894 -0.986823 -0.150232
bt -0.382085 -0.0801463 0.920645
t -0.116744 -0.953168 0.279002
bt -0.0062836 -0.0505314 -0.998703
t -0.0240223 -0.971674 0.235102
bt -0.377155 -0.0222211 -0.925884
t -0.00134533 -0.995157 0.098291
bt -0.775652 -0.00744604 -0.631117
t 0.00254226 -0.999996 0.00132822
bt -0.999939 0.00149603 -0.0109077
t 0.00873569 -0.994591 -0.103503
bt -0.783691 0.0030108 0.621143
t 0.0116552 -0.949835 -0.312533
bt -0.379757 -0.0051541 0.925072
t -0.104863 -0.855943 0.506325
bt -0.00242068 -0.0198206 -0.999801
t 0.0356439 -0.930296 0.365074
bt -0.378961 0.00134262 -0.925412
t -0.00265399 -0.983805 0.179224
bt -0.792777 -0.00894563 -0.609447
t -0.000759732 -0.999993 -0.0035895
bt -0.999884 -1.82389e-06 0.015204
t 0.0150657 -0.979701 -0.199897
bt -0.779238 0.00866394 0.626668
t -0.10859 -0.95133 -0.288408
bt -0.403889 -0.128828 0.905691
t -0.201072 -0.841341 0.501712
bt -0.0232082 -0.0966626 -0.995047
t -0.0388466 -0.902331 0.429291
bt -0.387594 -0.0339504 -0.921205
t -0.00323965 -0.999988 0.00355066
bt -0.999871 0.00511119 -0.0152153
t -0.00296589 -0.982549 0.18598
bt -0.781143 -0.011987 -0.624237
t 0.0104113 -0.85796 -0.513611
bt -0.38902 -0.0102369 0.921172
t 0.018458 -0.980646 -0.194917
bt -0.790957 0.0112474 0.611769
t -0.152663 -0.638944 0.753953
bt -0.0104254 -0.0431874 -0.999013
t 0.0456011 -0.817431 0.574218
bt -0.385728 0.00662805 -0.922589
t -0.000849502 -0.958877 0.283822
bt -0.809596 -0.0109794 -0.586885
t 0.000172948 -0.999971 -0.00760478
bt -0.999825 -3.20592e-05 0.018701
t 0.0530826 -0.940914 -0.334459
bt -0.779384 0.0765288 0.621855
t -0.163008 -0.878154 -0.449748
bt -0.447721 -0.167963 0.878256
t -0.266727 -0.655496 0.706527
bt -0.0606824 -0.149177 -0.986947
t -0.0523425 -0.784572 0.617825
bt -0.400268 -0.0108611 -0.916334
t 0.000873519 -0.999971 0.00761748
bt -0.999811 0.00554176 -0.0186421
t -0.0889081 -0.968163 0.234
bt -0.80192 -0.0700151 -0.593314
t 0.0256469 -0.95314 -0.30144
bt -0.804287 0.0250418 0.593713
t -0.00389401 -0.740542 -0.671999
bt -0.409254 -0.0134332 0.912322
t -0.166861 -0.410094 0.89665
bt -0.0271035 -0.0665575 -0.997414
t 0.0481253 -0.678777 0.732766
bt -0.399373 0.0155456 -0.916657
t -0.000419165 -0.924585 0.380977
bt -0.831806 -0.0115149 -0.554946
t 0.000877079 -0.999953 -0.0096124
bt -0.99987 -0.00378256 0.0156593
t 0.140299 -0.909397 -0.391552
bt -0.781151 0.0681985 0.620606
t 0.0244282 -0.911319 -0.410976
bt -0.811999 0.024812 0.583131
t -0.156873 -0.749064 -0.643657
bt -0.46683 -0.0875375 0.880004
t 0.0429917 -0.675658 0.73596
bt -0.409964 -0.0401077 -0.91122
t -0.286238 -0.467134 0.836573
bt -0.117255 -0.191122 -0.974538
t -0.0631511 -0.66988 0.739779
bt -0.447414 -0.0456444 -0.893161
t -0.0554845 -0.964422 0.25848
bt -0.802242 -0.0735696 -0.592448
t -0.101894 -0.937339 0.333186
bt -0.831562 -0.0872614 -0.548534
t 0.00187429 -0.999952 0.00963252
bt -0.999874 0.00198427 -0.0157235
t 0.0364839 -0.91498 -0.401847
bt -0.823453 0.030314 0.566574
t -0.0172253 -0.633818 -0.773291
bt -0.441025 -0.0167529 0.897339
t -0.157424 -0.256817 0.953553
bt -0.0570786 -0.0931339 -0.994016
t 0.0462814 -0.568089 0.821665
bt -0.420919 0.0234671 -0.906795
t -0.00873725 -0.893157 0.449661
bt -0.857225 -0.00754194 -0.514886
t -0.00160166 -0.999938 -0.0109848
bt -0.999901 -0.0055291 0.0129464
t -0.0949195 -0.698349 -0.709435
bt -0.47494 -0.105622 0.873657
t 0.0289804 -0.874872 -0.483486
bt -0.839947 0.0218782 0.542227
t -0.212774 -0.685709 -0.696082
bt -0.585618 -0.208556 0.783298
t -0.276084 -0.327969 0.903445
bt -0.191733 -0.227816 -0.95464
t -0.0618508 -0.579172 0.812855
bt -0.497842 -0.052908 -0.865653
t -0.0828494 -0.934753 0.345502
bt -0.832828 -0.0979786 -0.544791
t -0.0171035 -0.887258 0.460956
bt -0.849277 -0.0165373 -0.527689
t 0.000395912 -0.999941 0.0109026
bt -0.999917 -0.000747374 -0.0128878
t 0.0316805 -0.88273 -0.468811
bt -0.847208 0.034318 0.530151
t -0.0209781 -0.553361 -0.832677
bt -0.481352 -0.0156961 0.876387
t -0.138787 -0.164853 0.976505
bt -0.0968373 -0.115078 -0.988625
t 0.0366404 -0.504186 0.862818
bt -0.448549 0.0340447 -0.89311
t -0.00843097 -0.863375 0.504492
bt -0.884139 -0.00105286 -0.467222
t 0.000591996 -0.999929 -0.0119106
bt -0.99994 0.0020712 0.0107289
t 0.0238573 -0.846095 -0.532498
bt -0.866444 0.0336574 0.498139
t -0.214682 -0.605343 -0.766467
bt -0.664941 -0.211201 0.716413
t -0.255547 -0.229367 0.939195
bt -0.279999 -0.251341 -0.926514
t -0.0610922 -0.51511 0.854944
bt -0.559094 -0.0565526 -0.827173
t -0.0187658 -0.856681 0.515504
bt -0.880058 -0.0169687 -0.474562
t 0.00239331 -0.999926 0.0119236
bt -0.999938 0.00295876 -0.010733
t 0.0344896 -0.852863 -0.520994
bt -0.872295 0.0432574 0.487063
t -0.0225256 -0.496485 -0.867753
bt -0.531997 -0.0128733 0.846648
t -0.1245 -0.111738 0.985908
bt -0.144448 -0.129671 -0.980979
t 0.0290287 -0.460786 0.887037
bt -0.487108 0.0415264 -0.872354
t -0.0126677 -0.838924 0.544101
bt -0.913361 -0.00069981 -0.40715
t -0.00325631 -0.999913 -0.0127749
bt -0.999962 0.00069093 0.00871171
t 0.0204246 -0.821766 -0.569459
bt -0.895963 0.0390331 0.44241
t -0.204789 -0.536448 -0.818709
bt -0.746185 -0.200347 0.634878
t -0.22799 -0.155285 0.961201
bt -0.389203 -0.265065 -0.882191
t -0.0573165 -0.466914 0.882443
bt -0.632169 -0.0558144 -0.772818
t -0.0211293 -0.830722 0.556287
bt -0.909801 -0.0107655 -0.414905
t 0.00153142 -0.999917 0.0128117
bt -0.999957 0.00274821 -0.00883403
t 0.0264109 -0.830758 -0.556007
bt -0.901504 0.0432664 0.430604
t -0.0197099 -0.453569 -0.891003
bt -0.593859 -0.00698324 0.804539
t -0.10202 -0.0694912 0.992352
bt -0.208009 -0.141659 -0.967815
t 0.105955 -0.381344 0.918341
bt -0.40443 0.168487 -0.898915
t -0.0117617 -0.817997 0.575102
bt -0.942654 -0.00240923 -0.333762
t -0.00293034 -0.999898 -0.0139833
bt -0.999975 -0.00142585 0.00698272
t 0.00874501 -0.803464 -0.59529
bt -0.92751 0.0384634 0.371814
t -0.187914 -0.479016 -0.857457
bt -0.824724 -0.172951 0.538441
t -0.195017 -0.0980109 0.975891
bt -0.525619 -0.264124 -0.80868
t -0.0516123 -0.43008 0.901314
bt -0.72089 -0.052403 -0.691065
t -0.0165981 -0.807856 0.589146
bt -0.939389 -0.00690622 -0.342783
t 0.00209864 -0.9999 0.0140123
bt -0.999975 -0.000710248 -0.00698907
t 0.0214639 -0.812277 -0.582877
bt -0.931298 0.0427962 0.361735
t -0.0142743 -0.42151 -0.906712
bt -0.66651 0.00570681 0.745474
t 0.11521 -0.375648 0.919573
bt -0.434236 0.143447 -0.889304
t -0.0803523 -0.04039 0.995948
bt -0.290407 -0.145925 -0.945711
t 0.0203512 -0.407058 0.913176
bt -0.607266 0.0569443 -0.792456
t -0.0022269 -0.999993 -0.00309796
bt -0.999998 0.00145151 0.00130485
t -0.0122526 -0.802618 0.596368
bt -0.957045 -0.000183733 -0.28994
t -0.167067 -0.449259 -0.877642
bt -0.874474 -0.154534 0.459799
t 0.0142989 -0.796267 -0.604776
bt -0.948076 0.0349249 0.31612
t -0.16664 -0.0675306 0.983703
bt -0.630897 -0.255764 -0.732499
t -0.0454682 -0.413719 0.909269
bt -0.781858 -0.0466128 -0.621711
t -0.0140328 -0.800484 0.59919
bt -0.955744 0.00272729 -0.294188
t 0.00172066 -0.999993 0.00320138
bt -0.999999 -0.000609926 -0.00129769
t 0.0156214 -0.798614 -0.601641
bt -0.948766 0.0355432 0.313975
t -0.0140814 -0.404804 -0.914295
bt -0.726263 0.00568881 0.687393
t -0.0649912 -0.0263247 0.997539
bt -0.370564 -0.150236 -0.916576
t 0.0135494 -0.395302 0.918451
bt -0.655246 0.0628508 -0.752796
t -0.00161833 -0.999947 0.010198
bt -0.99999 -8.93542e-05 -0.00450131
t -0.0132593 -0.801966 0.597222
bt -0.9492 -0.00204115 -0.314666
t -0.173706 -0.463786 -0.868751
bt -0.860177 -0.167541 0.48169
t 0.0132293 -0.805801 -0.592039
bt -0.943438 0.0333897 0.329863
t -0.163134 -0.0724155 0.983943
bt -0.637157 -0.282897 -0.716938
t -0.0437031 -0.422271 0.905415
bt -0.761794 -0.0508869 -0.645818
t -0.0127336 -0.809811 0.586552
bt -0.951688 -0.00152985 -0.307063
t 0.00208381 -0.999946 -0.0102033
bt -0.999989 0.00117266 0.00450979
t 0.0182664 -0.796911 -0.603821
bt -0.9415 0.0295971 0.335711
t -0.0167548 -0.408268 -0.912709
bt -0.710472 -0.00641036 0.703696
t -0.0755499 -0.0335293 0.996578
bt -0.359289 -0.159531 -0.91949
t 0.0188272 -0.395009 0.918484
bt -0.643399 0.049815 -0.763908
t -0.00102996 -0.999925 0.012193
bt -0.999974 0.00125934 -0.00711591
t -0.0155281 -0.817313 0.575985
bt -0.926719 -0.00939592 -0.375637
t 0.0271917 -0.818658 -0.573637
bt -0.920864 0.0319868 0.388571
t -0.149641 -0.491056 -0.858179
bt -0.784058 -0.173133 0.596052
t -0.188159 -0.108948 0.976077
bt -0.510393 -0.29554 -0.807561
t -0.0385575 -0.444103 0.895146
bt -0.675562 -0.0443658 -0.735967
t -0.0135378 -0.82648 0.562803
bt -0.929699 -0.00260142 -0.36831
t -0.00319261 -0.999921 -0.0121775
bt -0.999975 -0.00044046 0.00709512
t 0.0231927 -0.809631 -0.58648
bt -0.916334 0.0298323 0.399302
t -0.0175942 -0.428613 -0.903317
bt -0.639399 -0.0141115 0.768745
t -0.0888613 -0.0514504 0.994714
bt -0.265166 -0.153545 -0.951899
t 0.0184558 -0.411425 0.911257
bt -0.579048 0.0418996 -0.814216
t -0.000446322 -0.999899 0.0142005
bt -0.999939 0.000771962 -0.011015
t -0.0196469 -0.841828 0.539388
bt -0.895891 -0.0162404 -0.443976
t 0.0298773 -0.841638 -0.539215
bt -0.890813 0.0341665 0.453084
t -0.124759 -0.531282 -0.837958
bt -0.680513 -0.158298 0.715433
t -0.167095 -0.129895 0.977347
bt -0.338075 -0.262851 -0.903668
t -0.00998717 -0.466234 0.884605
bt -0.578154 -0.0268528 -0.815486
t -0.0150031 -0.851734 0.52376
bt -0.900924 -0.00438326 -0.433954
t -0.0069393 -0.999876 -0.0141182
bt -0.999939 -0.00122017 0.0109798
t 0.0206354 -0.832459 -0.553702
bt -0.884779 0.0252956 0.465323
t -0.0159225 -0.46208 -0.886696
bt -0.567018 -0.0232455 0.823377
t -0.105878 -0.0824276 0.990957
bt -0.185465 -0.144081 -0.972031
t 0.0228715 -0.437997 0.898685
bt -0.511587 0.0376131 -0.858408
t 0.00351099 -0.999882 0.0149548
bt -0.999866 0.000995721 -0.0163128
t -0.0173672 -0.877052 0.480081
bt -0.856768 -0.0169454 -0.515424
t 0.047239 -0.871389 -0.488313
bt -0.856933 0.0339907 0.514306
t -0.143422 -0.624566 -0.767689
bt -0.566869 -0.124739 0.81431
t -0.207288 -0.226953 0.95159
bt -0.193935 -0.212284 -0.957771
t -0.00928302 -0.527511 0.849498
bt -0.495697 -0.01389 -0.868384
t 0.000438731 -0.883842 0.467786
bt -0.867903 -0.0114755 -0.496601
t -0.00328431 -0.999884 -0.0148544
bt -0.999867 -0.000414761 0.0163012
t 0.0301815 -0.864298 -0.502074
bt -0.848291 0.0170597 0.529255
t -0.0148288 -0.522092 -0.85276
bt -0.494362 -0.0259326 0.868869
t -0.124883 -0.136722 0.982706
bt -0.114632 -0.125524 -0.985446
t 0.0354297 -0.480832 0.876096
bt -0.45678 0.0272619 -0.889162
t 0.00276171 -0.99991 0.0131618
bt -0.999753 0.00193612 -0.0221242
t -0.00946355 -0.922434 0.38604
bt -0.817186 -0.0194734 -0.576044
t 0.0493989 -0.915853 -0.398463
bt -0.825947 0.0247658 0.563203
t -0.135027 -0.749117 -0.64853
bt -0.465173 -0.070154 0.882435
t -0.196625 -0.330143 0.923225
bt -0.0871553 -0.146284 -0.985396
t -0.00732597 -0.634733 0.772697
bt -0.433262 -0.0014126 -0.901267
t 0.00193423 -0.928386 0.371613
bt -0.833154 -0.0130193 -0.552889
t -0.00142981 -0.999914 -0.0130748
bt -0.999758 -0.000650651 0.0219977
t 0.0382134 -0.909237 -0.41452
bt -0.810278 0.0151321 0.58585
t -0.00847853 -0.624453 -0.781017
bt -0.432272 -0.0215429 0.901486
t -0.145452 -0.244209 0.958752
bt -0.0553441 -0.0929509 -0.994131
t 0.0466872 -0.565073 0.823719
bt -0.414017 0.0158694 -0.910131
t 0.00115922 -0.968556 0.248795
bt -0.785571 -0.0173384 -0.618529
t 0.00122539 -0.999964 0.00843627
bt -0.999661 0.00103871 -0.0260126
t 0.0464508 -0.963304 -0.264362
bt -0.802132 0.014749 0.596965
t -0.0929388 -0.889538 -0.447309
bt -0.401566 -0.0134451 0.915731
t -0.282399 -0.474169 0.833915
bt -0.0951086 -0.159645 -0.982582
t -0.203012 -0.62982 0.749742
bt -0.0235511 -0.0726602 -0.997079
t 0.00422222 -0.797823 0.602878
bt -0.39506 0.0105755 -0.918594
t 0.00556385 -0.971701 0.236149
bt -0.804691 -0.00784154 -0.593642
t -0.00105401 -0.999965 -0.00827318
bt -0.999665 -0.000102933 0.0258946
t 0.0366303 -0.960765 -0.274933
bt -0.782691 0.00620262 0.622379
t 0.0117722 -0.779202 -0.626662
bt -0.391512 -0.0159621 0.920034
t -0.14585 -0.451967 0.88003
bt -0.0180883 -0.056081 -0.998262
t 0.113644 -0.638503 0.761182
bt -0.38015 0.025139 -0.924583
t 0.00262787 -0.999995 0.00179099
bt -0.999421 -0.00137963 -0.034
t 0.00475526 -0.998897 0.0467239
bt -0.76698 -0.00320256 -0.641663
t 0.0250913 -0.99798 -0.058366
bt -0.793488 0.0039719 0.608572
t -0.0103267 -0.995209 -0.0972257
bt -0.382329 0.0444872 0.922955
t -0.0423849 -0.828376 0.558567
bt 0.000408839 0.00794461 -0.999968
t 0.0310856 -0.980412 0.194487
bt -0.384046 0.0147377 -0.923196
t 0.00730645 -0.998971 0.0447696
bt -0.793675 -0.00663749 -0.608306
t -0.00272085 -0.999995 -0.00160775
bt -0.999421 -0.00107943 0.0339941
t 0.026427 -0.997549 -0.0647881
bt -0.766952 0.00246682 0.641699
t 0.0121799 -0.98757 -0.156709
bt -0.371462 -0.00567776 0.928431
t -0.0347988 -0.681531 0.730961
bt -0.000707593 -0.0119189 -0.999929
t 0.174789 -0.821938 0.542095
bt -0.371113 0.00434747 -0.928577
t -0.000596624 -0.999952 -0.00982867
bt -0.999307 -0.00255762 -0.0371226
t 0.00924546 -0.979263 -0.202384
bt -0.777595 0.0146798 -0.628594
t -0.0145028 -0.979482 0.201009
bt -0.803612 -0.0166092 0.594922
t 0.0985432 -0.934436 0.342227
bt -0.416116 0.0941238 0.904427
t -0.0486403 -0.950606 -0.306567
bt 0.000504547 0.00981459 -0.999952
t 0.224527 -0.851403 -0.474026
bt -0.0246552 0.0934315 -0.99532
t 0.0496186 -0.899662 -0.433759
bt -0.400173 0.0138008 -0.916336
t 0.00209548 -0.981924 -0.189263
bt -0.805521 0.0022579 -0.592562
t 0.00186172 -0.999951 0.00973858
bt -0.999312 0.00271921 0.0369818
t 0.00398358 -0.978442 0.206484
bt -0.775356 -0.0072517 0.631483
t 0.0953893 -0.92752 0.361396
bt -0.386723 0.0219462 0.921935
t -0.167733 -0.939277 -0.299375
bt -0.371114 0.00433406 -0.928577
t -0.0455397 -0.889126 -0.455392
bt -0.000700428 -0.0117781 -0.99993
t 0.192631 -0.730146 -0.655577
bt -0.011324 0.0429011 -0.999015
t 0.00220396 -0.845172 -0.53449
bt -0.380577 -0.00519033 -0.924735
t 0.0157525 -0.917402 -0.397649
bt -0.820109 0.0210024 -0.571821
t -0.00359195 -0.99984 -0.0175044
bt -0.999615 0.00196301 -0.0276661
t -0.0303703 -0.917801 0.395878
bt -0.832733 -0.0253973 0.553092
t 0.151234 -0.746453 0.648025
bt -0.501556 0.130098 0.855287
t 0.255431 -0.406287 -0.877317
bt -0.103597 0.164536 -0.980916
t 0.0235216 -0.63817 -0.769536
bt -0.44989 0.0185571 -0.892891
t 0.00503401 -0.999838 0.0172699
bt -0.999611 0.00380952 0.0276441
t 0.00850186 -0.927226 -0.374407
bt -0.838397 0.00323579 -0.54505
t 0.0290717 -0.629019 0.776846
bt -0.434103 0.0144812 0.900747
t -0.0167462 -0.908819 0.416855
bt -0.812208 -0.0171385 0.583116
t 0.163825 -0.260472 -0.951481
bt -0.0581731 0.0924974 -0.994012
t -0.0275108 -0.571517 -0.820129
bt -0.414339 -0.023737 -0.909813
t 0.0240345 -0.857899 -0.513256
bt -0.874641 0.0167145 -0.484482
t -0.00128412 -0.999763 -0.0217273
bt -0.999798 0.00226651 -0.019952
t -0.03022 -0.861638 0.506624
bt -0.872425 -0.04979 0.486205
t 0.14961 -0.586101 0.796305
bt -0.625851 0.145316 0.766286
t 0.215765 -0.198754 -0.956003
bt -0.238319 0.219581 -0.946038
t 0.0210914 -0.505057 -0.862828
bt -0.53137 0.0127145 -0.847044
t 0.0093579 -0.871005 -0.491184
bt -0.887775 0.0100597 -0.460167
t 0.00152374 -0.999766 0.0215782
bt -0.999797 0.00290442 0.0199467
t -0.0208412 -0.846652 0.531739
bt -0.861763 -0.0307891 0.506376
t 0.0301299 -0.498392 0.866428
bt -0.518771 0.013585 0.854805
t 0.127477 -0.117433 -0.984865
bt -0.135183 0.124515 -0.982966
t -0.0251386 -0.459188 -0.887983
bt -0.478606 -0.0356409 -0.877306
t 0.0201016 -0.809064 -0.587376
bt -0.931994 0.00746943 -0.362397
t 0.000257067 -0.999657 -0.0261949
bt -0.999899 -0.00214104 -0.0140578
t -0.0246763 -0.821646 0.569464
bt -0.926004 -0.0514833 0.373987
t 0.128688 -0.477385 0.86922
bt -0.782756 0.134477 0.607626
t 0.172737 -0.0926698 -0.980599
bt -0.434957 0.233316 -0.869699
t 0.0230858 -0.435303 -0.899988
bt -0.663761 0.00462564 -0.747931
t 0.00488162 -0.826941 -0.562268
bt -0.937383 -0.00758908 -0.348219
t 0.00644506 -0.999641 0.0260182
bt -0.999896 0.00378925 0.01391
t -0.00849463 -0.803824 0.594806
bt -0.920025 -0.0366615 0.390142
t 0.024954 -0.423869 0.90538
bt -0.654725 0.00857297 0.755819
t 0.0890295 -0.0477665 -0.994883
bt -0.27151 0.145638 -0.951353
t -0.0135964 -0.406824 -0.913406
bt -0.588483 -0.0501454 -0.806953
t 0.00285948 -0.999455 -0.032883
bt -0.999973 -5.70492e-05 -0.00740738
t 0.0127897 -0.775452 -0.631276
bt -0.983477 0.000139849 -0.181032
t -0.00651659 -0.799672 0.600402
bt -0.979364 -0.0427536 0.197533
t 0.104422 -0.409952 0.90611
bt -0.9387 0.0675039 0.338062
t 0.10433 -0.0235266 -0.994264
bt -0.779342 0.175677 -0.601468
t 0.0260604 -0.397098 -0.917406
bt -0.87507 -0.00913796 -0.48391
t 0.00562128 -0.800661 -0.599091
bt -0.984726 -0.00991305 -0.173827
t 0.00272492 -0.999456 0.0328746
bt -0.999972 -0.000508661 0.0074187
t -0.00965521 -0.773454 0.633779
bt -0.977291 -0.0353875 0.208924
t 0.0117485 -0.381144 0.924441
bt -0.873651 -0.00227433 0.486547
t 0.040305 -0.00909389 -0.999146
bt -0.619734 0.139696 -0.772279
t -0.0187255 -0.375208 -0.926751
bt -0.739404 -0.105562 -0.664935
t 0.00153295 -0.999178 -0.0405033
bt -0.999992 -0.00109523 0.00385926
t -0.00453335 -0.763781 -0.645459
bt -0.996037 -0.0112251 0.0882252
t 0.00444774 -0.798218 0.602352
bt -0.997833 -0.0109122 -0.0648844
t 0.0726324 -0.377266 0.923252
bt -0.993492 -0.0375675 -0.10753
t 0.0355051 0.00343722 -0.999364
bt -0.96002 -0.0931701 -0.263973
t 0.0297392 -0.386029 -0.922007
bt -0.99403 -0.106505 -0.0237061
t -0.000291537 -0.798398 -0.60213
bt -0.997584 -0.00505799 0.0692823
t -0.0051741 -0.998867 0.0473128
bt -0.999857 0.000132688 -0.0169255
t 0.00378981 -0.772448 0.635067
bt -0.996707 -0.0212582 -0.0782564
t -0.0118257 -0.373459 0.927571
bt -0.993977 -0.106624 0.0253109
t -0.0177854 -0.00173285 -0.99984
bt -0.913772 -0.0887765 -0.396409
t 0.00737719 -0.377762 -0.925873
bt -0.952674 -0.196969 -0.231549
t -0.023414 -0.870586 -0.491459
bt -0.793601 -0.0453724 0.606744
t 0.0288911 -0.992888 0.115493
bt -0.90616 0.00148316 0.422932
t 0.0626464 -0.387879 0.919579
bt -0.914627 0.290048 -0.281654
t -0.00373748 -0.735605 0.6774
bt -0.939635 0.341111 0.0270202
t 0.0576356 -0.383243 -0.921847
bt -0.787407 0.173097 0.591632
t 0.0423172 0.00409902 -0.999096
bt -0.826061 -0.0801764 0.557848
t 0.059733 0.00601641 -0.998196
bt -0.724614 0.0800472 0.684491
t 0.0197644 -0.360203 -0.932664
bt -0.813372 0.318757 0.486642
t -0.0356286 -0.994068 -0.102756
bt -0.902931 0.00143583 -0.429783
t 0.0447997 -0.743582 -0.667143
bt -0.965221 0.14117 -0.220042
t -0.0491033 -0.476548 0.877776
bt -0.637901 -0.169104 -0.751323
t 0.0229907 -0.82261 0.568141
bt -0.77624 -0.0326916 -0.629589
t 0.0216312 -0.424565 -0.905139
bt -0.514439 -0.0297301 0.857012
t 0.00617791 -0.377875 -0.925836
bt -0.730049 0.190015 0.656447
t -0.0189552 -0.00184664 -0.999819
bt -0.548735 -0.0533117 0.834295
t -0.102314 -0.0787503 -0.99163
bt -0.279254 -0.21505 0.935826
t -0.0167641 -0.0701275 0.997397
bt -0.0283077 -0.0672026 0.997338
t 0.0572231 0.154877 -0.986275
bt 0.0112668 0.169759 -0.985421
t -0.0708592 -0.266651 0.961185
bt -0.312667 -0.119339 0.942336
t 0.0189348 0.0695783 0.997397
bt 0.0112435 0.0715226 0.997376
t 0.195097 0.1443 -0.970111
bt 0.17237 0.169847 -0.970279
t 0.0925724 -0.363366 0.927036
bt -0.0913146 -0.0806585 0.99255
t 0.102559 0.0624997 0.992761
bt 0.101156 0.0647716 0.99276
t 0.0637425 0.124758 -0.990138
bt 0.0594029 0.131642 -0.989516
t -0.0343838 0.0611057 -0.997539
bt -0.0382246 0.0679085 -0.996959
t -0.139721 -0.00172537 -0.990189
bt -0.143846 0.0050936 -0.989587
t 0.00941798 -0.359777 -0.932991
bt -0.299717 -0.0210996 -0.953795
t 0.137287 0.228559 0.963801
bt 0.136578 0.228974 0.963804
t -0.0147938 -0.297202 -0.9547
bt -0.401801 -0.0580249 -0.913887
t -0.0293732 -0.163944 -0.986032
bt -0.0628502 -0.153027 -0.986221
t 0.00408502 -0.0753835 -0.997146
bt -0.029183 -0.0669804 -0.997327
t 0.0047747 -0.00112797 0.999988
bt -0.0204078 0.00482112 0.99978
t -0.0493927 -0.419013 0.906636
bt -0.332483 0.0417503 0.942185
t -0.324881 -0.113075 0.938971
bt -0.333436 -0.0825559 0.939151
t -0.265514 -0.11603 0.957099
bt -0.269183 0.112759 0.956465
t 0.056454 -0.0837139 0.994889
bt -0.0767822 0.0757794 0.994164
t 0.269141 1.65741e-05 -0.963101
bt 0.268996 0.00868878 -0.963102
t -0.133329 -0.0111342 0.991009
bt -0.130212 0.016079 0.991356
t -0.000217121 -0.00142308 -0.999999
bt 0.000125721 0.000824019 -1
t -0.253482 -0.0309044 -0.966846
bt -0.253443 0.0341999 -0.966746
t -0.00233358 -0.0152949 0.99988
bt -0.000917788 -0.00601542 0.999981
t 0.132495 -0.0316018 0.99068
bt 0.133636 -0.0220695 0.990785
t 0.253558 -0.0169389 0.967172
bt 0.253591 -0.00670601 0.967288
t -0.330865 -0.104503 -0.937874
bt -0.339925 -0.0691367 -0.937908
t -0.0730996 -0.385985 -0.919604
bt -0.340327 0.0571166 -0.938571
t 0.0688031 -0.066208 -0.995431
bt -0.117092 0.15607 -0.980781
t 0.0106504 -0.230426 -0.973031
bt -0.271592 0.138177 -0.952442
t 0.0901929 -0.348889 0.932814
bt -0.462051 0.73866 -0.490806
t -0.0408428 -0.430699 0.901571
bt -0.330186 0.819875 -0.467742
t 0.203451 -0.258846 0.944249
bt -0.561019 0.679206 -0.47322
t -0.491514 -0.289712 -0.821268
bt -0.760527 -0.448286 0.469721
t -0.281254 -0.487464 -0.826604
bt -0.41374 -0.716746 0.561333
t -0.0455668 -0.0152555 -0.998845
bt -0.234594 -0.0877059 0.968129
t -0.0385796 -0.0101699 -0.999204
bt -0.234483 -0.061731 0.970158
t -0.413068 -0.236511 -0.879453
bt -0.780729 -0.448979 0.434604
t -0.0153287 0.00236135 -0.99988
bt -0.488353 -0.0333195 0.87201
t 0.00969679 -0.309577 0.950825
bt -0.998751 0.0107391 -0.048795
t 0.0320485 -0.711785 0.701666
bt -0.93346 0.221772 -0.281902
t -0.265148 -0.109404 -0.957981
bt -0.866756 -0.363327 0.341655
t 0.00515152 0.0022649 -0.999984
bt -0.808949 0.087459 -0.581337
t -0.0150935 0.00237421 -0.999883
bt -0.89011 -0.0539791 -0.452537
t 0.00949793 -0.282443 -0.959237
bt -0.892802 -0.208926 -0.399066
t 0.0101381 -0.309574 0.950821
bt -0.999785 0.00157428 -0.0206601
t 0.0268285 -0.712088 0.701578
bt -0.998725 -0.0249795 -0.0438644
t -0.0725006 -0.0132285 -0.997281
bt -0.963839 -0.188227 0.188642
t -0.0430301 -0.353954 -0.934272
bt -0.78247 -0.115182 -0.611943
t 0.0173668 -0.00122488 -0.999848
bt -0.689412 0.121888 -0.714041
t 0.157305 -0.0182437 -0.987382
bt -0.991684 0.114894 0.057979
t 0.0445562 -0.0118705 -0.998936
bt -0.541627 0.144275 -0.828145
t -0.0405219 -0.354333 -0.934241
bt -0.622954 -0.195959 -0.757316
t 0.371605 -0.170726 -0.912558
bt -0.868609 0.399085 -0.293683
t 0.165694 -0.0192227 -0.98599
bt -0.965803 0.111928 -0.233871
t 0.0767742 -0.0352655 -0.996425
bt -0.40904 0.187941 -0.892953
t 0.478825 -0.392696 -0.785186
bt -0.674313 0.55299 -0.489391
t 0.121304 -0.0994863 -0.987617
bt -0.173701 0.142486 -0.974436
t 0.484773 -0.619963 -0.616961
bt -0.461571 0.590322 -0.662172
t 0.147428 -0.188541 -0.970936
bt -0.0822131 0.105107 -0.991057
t 0.398506 -0.804107 -0.441141
bt -0.255838 0.516001 -0.81749
t 0.145374 -0.293285 -0.944907
bt -0.0345015 0.0696258 -0.996976
t 0.230399 -0.938999 -0.255337
bt -0.0817076 0.333015 -0.939375
t 0.138135 -0.563306 -0.814619
bt -0.00862568 0.0347474 -0.999359
t 0.136533 -0.962546 0.234232
bt -0.400034 0.0444143 0.915423
t 0.00349703 -0.999273 -0.0379705
bt -0.00017285 0.0500252 -0.998748
t 0.00299063 -0.814603 -0.580011
bt 0.000102628 -7.88648e-05 -1
t -0.235898 -0.952837 0.190929
bt -0.0631584 -0.255534 -0.964735
t -0.16889 -0.681937 0.711644
bt -0.0124736 -0.0508051 -0.998631
t 0.00299318 -0.84621 0.532841
bt 0.000102619 -7.88602e-05 -1
t -0.421708 -0.805168 0.416974
bt -0.252543 -0.481919 -0.839033
t -0.165587 -0.31614 0.93415
bt -0.0354899 -0.0677282 -0.997072
t 0.225891 -0.513211 0.828002
bt -0.378317 0.0619486 -0.923601
t -0.511934 -0.570476 0.642247
bt -0.499178 -0.556288 -0.664353
t -0.148428 -0.165239 0.975021
bt -0.103181 -0.11515 -0.987975
t -0.430015 -0.265036 0.863043
bt -0.761482 -0.469342 -0.447061
t -0.076727 -0.8494 0.522142
bt -0.939668 -0.0624784 -0.336335
t -0.0975944 -0.0601476 0.993407
bt -0.235386 -0.145085 -0.961012
t -0.215962 -0.0579004 0.974683
bt -0.947926 -0.25418 -0.191911
t -0.0553829 -0.846799 0.529022
bt -0.944817 -0.106251 -0.309891
t -0.0476664 -0.0127731 0.998782
bt -0.560081 -0.150189 -0.81471
t -0.041461 -0.403865 -0.913878
bt -0.954654 -0.143992 0.260581
t -0.0611586 -0.000477575 0.998128
bt -0.999538 -0.00799412 -0.029312
t 9.01203e-05 1.22836e-05 1
bt -0.814178 -0.00651396 -0.580578
t 0.225749 -0.0494689 0.972929
bt -0.970142 0.212537 0.116842
t -0.0544221 -0.770207 -0.635468
bt -0.985553 0.00759328 -0.169198
t 0.0458149 -0.010052 0.998899
bt -0.826014 0.18086 0.533845
t 9.01096e-05 1.22808e-05 1
bt -0.84148 -0.00673199 0.540246
t 0.33915 -0.151436 0.928464
bt -0.88063 0.393199 0.26436
t -0.075935 -0.781884 -0.618782
bt -0.936109 -0.0423404 -0.349152
t -0.0512476 -0.770617 -0.635234
bt -0.951628 -0.132659 -0.277139
t 0.0619588 -0.0276703 0.997695
bt -0.391183 0.174658 0.903588
t 0.0478109 -0.0104902 0.998801
bt -0.460762 0.100886 0.881771
t -0.0525764 -0.37814 0.924254
bt -0.570063 -0.21002 0.794305
t 0.512008 -0.361677 0.779126
bt -0.718358 0.507472 0.475852
t -0.0636888 -0.784617 -0.616701
bt -0.902353 -0.13618 -0.408918
t 0.106836 -0.0754952 0.991406
bt -0.200255 0.141464 0.969477
t 0.511569 -0.531477 0.675152
bt -0.544644 0.565861 0.619003
t 0.121105 -0.125804 0.984635
bt -0.118307 0.12293 0.985338
t 0.459411 -0.699168 0.547819
bt -0.365944 0.556714 0.745758
t 0.147076 -0.223797 0.963475
bt -0.0687733 0.104655 0.992128
t 0.35885 -0.840003 0.406967
bt -0.201013 0.470277 0.859321
t 0.153271 -0.358723 0.920775
bt -0.0295559 0.0691928 0.997165
t 0.231334 -0.938085 0.257839
bt -0.0686363 0.278728 0.957914
t 0.136628 -0.554127 0.821143
bt -0.0127942 0.0518566 0.998573
t 0.0991885 -0.987793 0.120112
bt -0.0134354 0.134817 0.99078
t 0.084262 -0.839242 0.53719
bt -0.00173679 0.0173074 0.999849
t -0.0204 -0.999787 -0.00310425
bt -0.000340768 -0.0168437 0.999858
t -0.0255014 -0.999596 0.0125649
bt -0.372417 -0.00950386 0.928017
t -0.0204001 -0.999742 0.00999427
bt -9.48931e-05 0.000107976 1
t -0.120909 -0.986863 -0.10716
bt -0.0183446 -0.150616 0.988422
t -0.000393622 -0.998748 -0.0500218
bt -0.371461 -0.128039 0.919578
t -0.10709 -0.874119 -0.47376
bt -0.00209305 -0.0171461 0.999851
t -0.227167 -0.950199 -0.213347
bt -0.0656545 -0.275065 0.959181
t -0.150763 -0.630342 -0.761537
bt -0.0121199 -0.0511351 0.998618
t -0.085832 -0.967888 -0.236274
bt -0.802365 -0.0749818 0.592105
t -0.3533 -0.868277 -0.348244
bt -0.16093 -0.395549 0.904236
t 0.0684961 -0.936172 0.344804
bt -0.78106 0.0686242 -0.620674
t -0.139081 -0.861099 0.489045
bt -0.420079 -0.0718115 -0.904642
t -0.157652 -0.387464 -0.908305
bt -0.0276311 -0.0678539 0.997313
t -0.0545351 -0.964291 -0.259168
bt -0.802938 -0.0817477 0.59043
t -0.455898 -0.743677 -0.488981
bt -0.283696 -0.463008 0.839726
t -0.31186 -0.843634 -0.437064
bt -0.549984 -0.300497 0.779243
t 0.0794495 -0.893432 0.442117
bt -0.792102 0.100711 -0.602024
t 0.16031 -0.90054 0.404139
bt -0.782448 0.0618961 -0.619633
t -0.0739942 -0.805756 0.587607
bt -0.422248 -0.0788228 -0.903047
t -0.159006 -0.259399 -0.952591
bt -0.0619092 -0.101015 0.992957
t -0.51362 -0.610179 -0.603221
bt -0.423861 -0.503587 0.752822
t -0.260219 -0.817776 -0.51335
bt -0.574821 -0.384676 0.722222
t 0.137381 -0.870297 0.472979
bt -0.796872 0.0842137 -0.598251
t -0.143368 -0.170295 -0.974908
bt -0.0984602 -0.117006 0.988238
t -0.538465 -0.483319 -0.69026
bt -0.553643 -0.496963 0.668212
t -0.126621 -0.113642 -0.98542
bt -0.146845 -0.131822 0.980336
t -0.115968 -0.50221 0.856935
bt -0.678904 -0.103317 -0.726922
t -0.532643 -0.362772 -0.764649
bt -0.687825 -0.468449 0.554483
t -0.111169 -0.075722 -0.990913
bt -0.213715 -0.145546 0.965993
t -0.0962773 -0.492705 0.864854
bt -0.716955 -0.15225 -0.680291
t -0.490418 -0.246454 -0.835913
bt -0.799155 -0.401586 0.447302
t -0.0791606 -0.0397911 -0.996067
bt -0.283613 -0.14251 0.94829
t -0.449663 -0.182263 -0.874404
bt -0.862002 -0.34944 0.36721
t -0.0626706 -0.025384 -0.997711
bt -0.351766 -0.142616 0.92516
t -0.414732 -0.184122 -0.891121
bt -0.859239 -0.381493 0.340839
t -0.0779256 -0.0345841 -0.996359
bt -0.367109 -0.163003 0.915784
t -0.467414 -0.270648 -0.84159
bt -0.77449 -0.448462 0.446147
t -0.0929874 -0.0538396 -0.994211
bt -0.264705 -0.153278 0.95207
t -0.334852 -0.260321 -0.905598
bt -0.601282 -0.46748 0.648014
t -0.107648 -0.0835522 -0.990672
bt -0.17999 -0.140071 0.973645
t -0.39857 -0.436355 -0.806682
bt -0.395833 -0.433314 0.809664
t -0.120441 -0.131858 -0.983924
bt -0.112467 -0.123153 0.985994
t -0.354896 -0.595852 -0.720423
bt -0.173159 -0.290674 0.941023
t -0.146473 -0.245924 -0.958158
bt -0.0521354 -0.0875631 0.994794
t -0.271422 -0.841544 -0.467048
bt -0.0420686 -0.13073 0.990525
t -0.427416 -0.717635 -0.549832
bt -0.189659 -0.318393 0.928793
t -0.148182 -0.459194 -0.87589
bt -0.0168101 -0.0521199 0.998499
t -0.152384 -0.9251 0.347806
bt -0.402835 -0.0597599 -0.91332
t -0.0505604 -0.988158 -0.144868
bt 0.00285319 0.0557174 0.998442
t -0.0334323 -0.651908 -0.75756
bt -0.000778147 -0.0172118 0.999852
t 0.244222 -0.926066 0.287676
bt -0.0607852 0.23043 0.971188
t 0.191272 -0.724996 0.661661
bt -0.00890171 0.03372 0.999392
t -0.0449994 -0.880383 0.472123
bt -0.000767733 -0.0170068 0.999855
t 0.416329 -0.66183 0.62342
bt -0.219741 0.349556 0.910782
t 0.153005 -0.243269 0.957815
bt -0.0526947 0.0837869 0.995089
t -0.23607 -0.452208 0.860104
bt -0.36839 -0.0569062 0.927928
t 0.437696 -0.403216 0.803641
bt -0.448297 0.413024 0.792742
t 0.129794 -0.119567 0.984305
bt -0.124892 0.115036 0.985479
t 0.3915 -0.21002 0.89589
bt -0.698303 0.374585 0.609966
t 0.0964458 -0.0517449 0.993992
bt -0.266085 0.142728 0.953324
t 0.295922 -0.066716 0.952879
bt -0.915628 0.206402 0.344996
t 0.0475641 -0.0107303 0.998811
bt -0.638606 0.14395 0.75595
t 0.0419434 -0.386664 -0.921266
bt -0.973578 0.148371 -0.173584
t 0.227181 0.0220405 0.973603
bt -0.995148 -0.0965823 -0.0187476
t -0.0152736 -0.0014888 0.999882
bt -0.917454 -0.0891343 0.387728
t 0.173462 -0.034555 0.984234
bt -0.905356 0.116946 -0.408233
t -0.100493 -0.0773482 0.991927
bt -0.283131 -0.218035 -0.933968
t -0.0158575 -0.00154568 0.999873
bt -0.56548 -0.0549388 -0.82293
t 0.0184381 -0.370897 0.928491
bt -0.602159 0.246383 -0.759408
t 0.0563666 -0.190939 0.979982
bt -0.781781 0.149119 0.60546
t 0.0117884 -0.572178 0.820044
bt -0.806948 -0.403255 0.431534
t -0.518391 -0.655458 0.549222
bt -0.396233 -0.0863142 0.914084
t 0.220789 -0.549144 0.806035
bt -0.371854 0.0705767 0.925604
t -0.49605 -0.778928 0.383673
bt -0.693847 0.0368967 0.719177
t 0.315201 -0.666093 -0.675995
bt -0.120287 -0.0336511 -0.992169
t 0.482143 -0.85405 -0.195288
bt 0.0473255 -0.0836422 -0.995371
t -0.399901 -0.692944 -0.599923
bt -0.089023 -0.154435 -0.983984
t -0.516307 -0.710023 -0.478847
bt -0.370356 -0.0183021 -0.928709
t -0.540753 -0.71721 -0.43954
bt -0.695235 0.0241087 -0.718378
t 0.0157297 -0.231907 -0.972611
bt -0.913795 -0.287556 -0.286862
t 0.0279148 -0.0813602 -0.996294
bt -0.921374 0.208612 -0.327949
t 0.0178944 -0.179005 -0.983685
bt -0.815523 0.169317 -0.553402
t 0.0370108 -0.569691 -0.821025
bt -0.883754 -0.337595 -0.32405
t 0.0132939 -0.0777022 0.996888
bt -0.945012 0.221074 0.240997
t 0.0133923 -0.00316555 0.999905
bt -0.883662 0.208742 0.419009
t -0.0143252 -0.00377775 0.99989
bt -0.95795 -0.252193 0.136859
t 0.031188 -0.22834 0.973082
bt -0.948148 -0.267803 0.171162
t -0.350636 -0.607331 0.712884
bt -0.194496 -0.336783 0.921275
t 0.490909 -0.869626 0.0525236
bt 0.324194 -0.574451 0.751601
t -0.0134602 -0.00355002 -0.999903
bt -0.959832 -0.252688 -0.121947
t 0.0044879 -0.00106212 -0.999989
bt -0.82005 0.193715 -0.53851
t 0.0728511 -0.976694 -0.201895
bt -0.269195 0.00510265 0.963072
t 0.227206 -0.967592 0.110199
bt -0.367379 0.0537812 0.928515
t 0.0976251 -0.357819 0.928674
bt -0.393803 0.316264 0.863074
t 0.0526177 -0.386464 0.920802
bt -0.604034 -0.199875 0.771488
t -0.0550583 -0.725149 0.686387
bt -0.743602 -0.33587 0.578142
t 0.0580844 0.00622102 -0.998292
bt -0.353152 0.056002 -0.933888
t 0.0109012 -0.358994 -0.933276
bt -0.47618 -0.245613 -0.84435
t 0.0666217 -0.900579 -0.429556
bt -0.36518 0.0414351 -0.930014
t 0.12181 -0.876723 0.465316
bt -0.253605 0.00168833 -0.967306
t 0.0363418 -0.611806 0.790172
bt -0.139071 -0.0250945 -0.989964
t -0.0380437 -0.249386 -0.967657
bt -0.0035222 -0.0231565 0.999726
t 0.0676973 -0.442443 -0.894238
bt -0.133311 -0.0108848 0.991014
t -0.0101213 -0.793713 0.608208
bt -0.370954 0.0700271 0.926007
t 0.190885 -0.0366593 0.980928
bt -0.844085 0.0968788 0.527385
t 0.192519 -0.245855 0.949996
bt -0.540401 0.637975 0.548593
t -0.0878166 -0.717385 -0.691121
bt -0.727352 -0.353342 -0.58831
t -0.0367336 -0.240795 0.969881
bt -0.00270287 -0.0177843 -0.999838
t 0.100362 -0.372036 0.922777
bt -0.312831 0.195106 -0.929554

