g sponza_47
t -0.98579 0.13809 0.0956523
bt 0.261724 0.793417 0.549536
t -0.983864 0.15697 0.0858609
bt 0 0.877319 0.479907
t -0.965204 0.247013 -0.0858239
bt 0.34874 0.805071 0.479834
t -0.928213 0.371543 -0.0193711
bt 0.39745 0.720983 0.567641
t 0.051901 0.998581 -0.0119594
bt 0.316043 -0.0644435 0.946554
t 0.0561985 0.99842 0
bt 0 0 1
t -0.337697 0.941255 0
bt 0 0 1
t -0.333655 0.942612 0.0125614
bt 0.317437 0.0625759 0.946212
t 0.0831467 0.996361 0.0187342
bt 0.80186 -0.197305 0.563995
t 0.0866753 0.996092 0.0169624
bt 0.875805 -0.0565568 0.479339
t 0.400059 0.91635 -0.0159743
bt 0.794028 -0.374677 0.478682
t 0.403467 0.91482 -0.01784
bt 0.709056 -0.414558 0.570422
t -0.307506 0.951386 0.0174608
bt 0.825768 0.296292 0.479914
t -0.208371 0.973165 0.0976266
bt 0.826082 -0.0438636 0.56184
t 0.0134786 0.9994 -0.0319156
bt 0.793334 -0.15098 0.589768
t 0.0561985 0.99842 0
bt 0 0 -1
t -0.337697 0.941255 0
bt 0 0 -1
t -0.337697 0.941255 0
bt 0 0 -1
t 0.0561985 0.99842 0
bt 0 0 -1
t 0.998159 0.0193411 -0.057478
bt 0 -0.318802 0.947821
t 1 0 0
bt 0 0 1
t 0.929904 0.367801 0
bt 0 0 1
t 0.931266 0.364159 0.0115141
bt 0.0755445 -0.312606 0.946874
t 0.986289 0.144889 -0.0789996
bt 0 -0.877984 0.47869
t 0.940184 0.340289 0.016027
bt 0.322901 -0.816422 0.478738
t 0.943825 0.329056 0.0302701
bt 0.104621 -0.807031 0.581167
t 0.988432 0.12211 -0.0899494
bt 0 -0.805119 0.593114
t 1 0 0
bt 0 0 -1
t 0.929904 0.367801 0
bt 0 0 -1
t 0.929904 0.367801 0
bt 0 0 -1
t 1 0 0
bt 0 0 -1
t 0.928213 0.371544 -0.0193705
bt -0.17837 0.807467 0.5623
t 0.965204 0.247011 -0.0858253
bt -0.34874 0.805071 0.479834
t 0.983864 0.156971 0.0858619
bt -0.109498 0.872044 0.477022
t 0.985789 0.138092 0.095654
bt 0 0.822071 0.569385
t 0.333655 0.942612 0.0125617
bt -0.284805 0.153533 0.94621
t 0.337697 0.941255 0
bt 0 0 1
t -0.0561985 0.99842 0
bt 0 0 1
t -0.0519018 0.998581 -0.0119607
bt -0.321347 0.0284741 0.946533
t -0.403504 0.914804 -0.0178113
bt -0.796046 -0.214815 0.565831
t -0.399964 0.916391 -0.0160304
bt -0.766769 -0.428679 0.477807
t -0.0867333 0.996087 0.0169942
bt -0.876703 -0.0403505 0.479337
t -0.0831353 0.996362 0.0187396
bt -0.819474 -0.0528734 0.570672
t 0.208378 0.973164 0.0976217
bt -0.826082 -0.0438608 0.561841
t 0.307506 0.951386 0.0174612
bt -0.797417 0.367644 0.478501
t -0.013477 0.9994 -0.0319168
bt -0.803484 -0.0517067 0.593076
t 0.337697 0.941255 0
bt 0 0 -1
t 0.337697 0.941255 0
bt 0 0 -1
t -0.0561985 0.99842 0
bt 0 0 -1
t -0.0561985 0.99842 0
bt 0 0 -1
t -0.931266 0.364159 0.0115141
bt -0.158723 -0.279708 0.946874
t -0.929904 0.367801 0
bt 0 0 1
t -1 0 0
bt 0 0 1
t -0.998159 0.0193411 -0.057478
bt -0.0746593 -0.317912 0.945176
t -0.943826 0.329055 0.0302708
bt -0.104626 -0.80703 0.581168
t -0.940184 0.340289 0.016027
bt -0.388034 -0.788284 0.477534
t -0.986289 0.144892 -0.0790011
bt -0.118649 -0.871782 0.475308
t -0.988432 0.12211 -0.0899496
bt 0 -0.805119 0.593114
t -0.929904 0.367801 0
bt 0 0 -1
t -0.929904 0.367801 0
bt 0 0 -1
t -1 0 0
bt 0 0 -1
t -1 0 0
bt 0 0 -1
t -0.663229 0.748165 0.0194283
bt 0.699782 0.440629 0.562273
t -0.660316 0.750785 0.0174473
bt 0.639951 0.600094 0.479948
t -0.363818 0.931269 -0.0193256
bt 0.79781 0.203261 0.567612
t -0.687087 0.726467 -0.0125686
bt 0.26644 0.183578 0.946208
t -0.68399 0.729492 0
bt 0 0 1
t -0.917602 0.397501 0
bt 0 0 1
t -0.915858 0.401304 0.0125937
bt 0.171515 0.274356 0.946209
t 0.746641 0.664987 0.0178632
bt 0.449049 -0.691502 0.565845
t 0.749123 0.662237 0.0160433
bt 0.600547 -0.640439 0.478729
t 0.920032 0.391434 -0.0178966
bt 0.233659 -0.787435 0.570395
t -0.840419 0.535093 0.0858572
bt 0.348722 0.805061 0.479864
t -0.852416 0.513667 0.0976404
bt 0.597061 0.572589 0.561836
t -0.715604 0.69773 -0.0329129
bt 0.657775 0.468698 0.589622
t -0.68399 0.729492 0
bt 0 0 -1
t -0.917602 0.397501 0
bt 0 0 -1
t -0.917602 0.397501 0
bt 0 0 -1
t -0.68399 0.729492 0
bt 0 0 -1
t 0.726771 0.686783 -0.0115255
bt 0.185225 -0.262914 0.946873
t 0.729492 0.68399 0
bt 0 0 1
t 0.426697 0.904395 0
bt 0 0 1
t 0.430226 0.902648 0.011513
bt 0.268934 -0.17636 0.946875
t 0.463379 0.885642 0.0303065
bt 0.628327 -0.517124 0.581195
t 0.700363 0.713145 -0.0302653
bt 0.47521 -0.652622 0.590135
t 0.729492 0.68399 0
bt 0 0 -1
t 0.426774 0.904358 0
bt 0 0 -1
t 0.426774 0.904358 0
bt 0 0 -1
t 0.729492 0.68399 0
bt 0 0 -1
t 0.663226 0.748167 0.0194304
bt -0.59967 0.562336 0.569363
t 0.363894 0.931238 -0.0193823
bt -0.77379 0.277645 0.569353
t 0.66032 0.750782 0.0174441
bt -0.632257 0.608219 0.479918
t 0.687087 0.726466 -0.0125698
bt -0.200299 0.254107 0.946208
t 0.915858 0.401304 0.0125947
bt -0.0827923 0.312783 0.946209
t 0.917602 0.397501 0
bt 0 0 1
t 0.68399 0.729492 0
bt 0 0 1
t -0.746641 0.664987 0.0178632
bt -0.561112 -0.598378 0.571925
t -0.920012 0.391485 -0.0178231
bt -0.301681 -0.762824 0.571916
t -0.749119 0.662241 0.0160406
bt -0.608099 -0.633293 0.478703
t 0.715605 0.69773 -0.0329133
bt -0.587322 0.550717 0.593096
t 0.852415 0.513668 0.0976411
bt -0.320026 0.738808 0.593081
t 0.840413 0.535101 0.0858623
bt -0.627643 0.632494 0.45389
t 0.68399 0.729492 0
bt 0 0 -1
t 0.917602 0.397501 0
bt 0 0 -1
t 0.917602 0.397501 0
bt 0 0 -1
t 0.68399 0.729492 0
bt 0 0 -1
t -0.726771 0.686783 -0.0115283
bt -0.250476 -0.201729 0.946872
t -0.430226 0.902648 0.0115119
bt -0.307122 -0.0954314 0.946873
t -0.426697 0.904395 0
bt 0 0 1
t -0.729492 0.68399 0
bt 0 0 1
t -0.700353 0.713154 -0.0302748
bt -0.550728 -0.587312 0.593096
t -0.463379 0.885642 0.0303064
bt -0.728114 -0.343591 0.593123
t -0.729492 0.68399 0
bt 0 0 -1
t -0.426697 0.904395 0
bt 0 0 -1
t -0.426697 0.904395 0
bt 0 0 -1
t -0.729492 0.68399 0
bt 0 0 -1
t -0.840419 0.535093 0.0858572
bt 0.34874 0.805071 0.479834
t -0.337737 0.941241 0
bt 0 0 1
t -0.457887 0.883635 -0.0976121
bt 0.75784 0.271908 0.593081
t -0.337737 0.941241 0
bt 0 0 -1
t -0.337737 0.941241 0
bt 0 0 -1
t 0.840413 0.535101 0.0858623
bt -0.34874 0.805071 0.479834
t 0.337737 0.941241 0
bt 0 0 1
t 0.457888 0.883635 -0.0976132
bt -0.757838 0.271914 0.593081
t 0.337737 0.941241 0
bt 0 0 -1
t 0.337737 0.941241 0
bt 0 0 -1
t -1 0 0
bt 0 0 1
t -0.997803 0.0212252 0.0627556
bt 0.080712 0.319256 0.944225
t 0.988001 0.1267 -0.0883283
bt 0 -0.820317 0.571909
t -0.965205 0.247007 -0.0858271
bt 0.348722 0.805061 0.479864
t -0.986359 0.132531 0.0976259
bt 0.320279 0.762707 0.561872
t -0.957783 0.270419 -0.0975963
bt 0.320026 0.738808 0.593081
t -1 0 0
bt 0 0 -1
t -1 0 0
bt 0 0 -1
t 0.997803 0.0212267 0.06276
bt 0 0.320301 0.947316
t 1 0 0
bt 0 0 1
t -0.988001 0.126698 -0.0883267
bt 0 -0.820317 0.571909
t 0.957783 0.270422 -0.0975943
bt -0.320026 0.738808 0.593081
t 0.986359 0.132531 0.0976259
bt 0 0.805119 0.593114
t 0.965204 0.247011 -0.0858253
bt -0.348722 0.805061 0.479864
t 1 0 0
bt 0 0 -1
t 1 0 0
bt 0 0 -1

