g sponza_11
t -1 0 0
bt 0 0 -1
t -1 0 0
bt 0 0 -1
t -1 0 0
bt 0 0 -1
t -1 0 0
bt 0 0 -1
t -0.208297 -0.955466 0.209037
bt 0.693669 -0.0558203 0.718128
t 0 -1 0
bt 0.707102 0.000390152 0.707111
t 0 -1 0
bt -0.707102 0 0.707111
t -0.209081 -0.955466 -0.208253
bt -0.693668 0.0558222 0.718128
t 0.208589 -0.955466 0.208746
bt 0.718001 -0.0556823 -0.693811
t 0 -1 0
bt 0.707111 0 -0.707102
t 0.209 -0.955466 -0.208334
bt -0.69344 -0.0566941 -0.718281
t 0 -1 0
bt -0.707102 -0.000395091 -0.707111
t -0.209081 -0.955466 -0.208253
bt -0.693668 0.0558222 0.718128
t 0 -1 0
bt -0.707102 0 0.707111
t 0.136149 -0.57619 -0.805896
bt -0.886666 0.394461 -0.241297
t -0.136567 -0.576337 -0.80572
bt -0.886666 -0.394791 0.240758
t 0.805727 -0.576258 0.136864
bt 0.24134 0.394786 -0.886509
t 0.806173 -0.575884 -0.135806
bt -0.24134 -0.394787 -0.886509
t -0.136591 -0.576346 0.80571
bt 0.886666 0.394461 0.241297
t 0.137341 -0.576611 0.805393
bt 0.886666 -0.394125 -0.241846
t -0.804658 -0.577146 -0.139384
bt -0.24134 0.394786 0.886509
t -0.804321 -0.577424 0.140174
bt 0.24134 -0.394786 0.886509
t 0.0632206 -0.236235 -0.969637
bt -0.976171 0.211538 -0.048394
t -0.0652256 -0.235367 -0.969715
bt -0.976351 -0.210809 0.0479412
t 0.971104 -0.233689 0.0484485
bt 0.0439784 0.213874 -0.975871
t 0.971548 -0.232209 -0.0466226
bt -0.0437267 -0.213317 -0.976004
t -0.0693309 -0.23687 0.969064
bt 0.976126 0.211764 0.0483073
t 0.0691479 -0.23819 0.968754
bt 0.97595 -0.212472 -0.0487622
t -0.972465 -0.229749 -0.0390728
bt -0.0430434 0.212228 0.976272
t -0.972322 -0.230547 0.0379145
bt 0.0432909 -0.212803 0.976136
t -0.382684 0 0.923879
bt 0 -1 0
t -0.382684 0 0.923879
bt 0 -1 0
t -0.707107 0 0.707107
bt 0 -1 0
t -0.707107 0 0.707107
bt 0 -1 0
t 0 0 1
bt 0 -1 0
t 0 0 1
bt 0 -1 0
t 0.923879 0 0.382684
bt 0 -1 0
t 0.923879 0 0.382684
bt 0 -1 0
t 0.707107 0 0.707107
bt 0 -1 0
t 0.707107 0 0.707107
bt 0 -1 0
t 0.923874 0 -0.382697
bt 0 -1 0
t 0.923874 0 -0.382697
bt 0 -1 0
t 0.707107 0 -0.707107
bt 0 -1 0
t 0.707107 0 -0.707107
bt 0 -1 0
t -0.382697 0 -0.923874
bt 0 -1 0
t -0.382697 0 -0.923874
bt 0 -1 0
t 0 0 -1
bt 0 -1 0
t 0 0 -1
bt 0 -1 0
t -0.707107 0 -0.707107
bt 0 -1 0
t -0.707107 0 -0.707107
bt 0 -1 0
t -1 0 0
bt 0 -1 0
t -1 0 0
bt 0 -1 0
t -1 0 0
bt 0 -1 0
t -1 0 0
bt 0 -1 0
t -0.461678 0.0658441 0.884601
bt 0.526845 -0.549419 0.648516
t -0.461679 0.0658453 0.8846
bt 0.739953 -0.598776 0.306492
t -0.884601 -0.0658441 0.461678
bt 0.306507 -0.598776 0.739947
t -0.884601 -0.0658441 0.461678
bt 0.116738 -0.586835 0.801247
t 0.299064 0.0658592 0.951958
bt 0.831097 -0.549428 0.0860643
t 0.299013 0.0657773 0.951979
bt 0.739971 -0.598776 -0.306449
t 0.884601 0.0658439 0.461677
bt 0.648551 -0.549408 -0.526814
t 0.884601 0.065844 0.461677
bt 0.306504 -0.598776 -0.739948
t 0.951979 0.0657775 -0.299013
bt 0.0860577 -0.549441 -0.831089
t 0.951979 0.0657775 -0.299013
bt -0.306507 -0.598776 -0.739947
t 0.461718 0.0657709 -0.884585
bt -0.526817 -0.549469 -0.648496
t 0.461678 0.0658441 -0.884601
bt -0.739971 -0.598776 -0.306449
t -0.299013 0.0657774 -0.951979
bt -0.831088 -0.549447 -0.0860304
t -0.299013 0.0657774 -0.951979
bt -0.739953 -0.598776 0.306492
t -0.884601 0.0658441 -0.461678
bt -0.648533 -0.549413 0.526829
t -0.884601 0.0658429 -0.461676
bt -0.30651 -0.598776 0.739946
t -0.884601 -0.0658441 0.461678
bt 0.116738 -0.586835 0.801247
t -0.884601 -0.0658441 0.461678
bt 0.306507 -0.598776 0.739947
t -0.388442 0.0219944 0.921211
bt 0.191497 -0.948906 0.250811
t -0.393 0.155318 0.906326
bt 0.711434 -0.652742 0.260363
t -0.906168 -0.155045 0.393473
bt 0.260634 -0.65182 0.712181
t -0.921211 -0.0219946 0.388442
bt 0.032737 -0.958063 0.28468
t 0.376757 0.0220063 0.926051
bt 0.312759 -0.948907 0.0419232
t 0.246036 -0.0191364 0.969072
bt 0.711465 -0.652732 -0.260303
t 0.921211 0.0219948 0.388442
bt 0.250795 -0.948909 -0.191504
t 0.944273 0.0713723 0.321334
bt 0.180589 -0.625639 -0.758923
t 0.926051 0.0220066 -0.376757
bt 0.0419392 -0.948904 -0.312764
t 0.967925 -0.0125223 -0.250927
bt -0.26918 -0.623082 -0.734378
t 0.388442 0.0219947 -0.921211
bt -0.191499 -0.948907 -0.250808
t 0.410233 0.144441 -0.90047
bt -0.739301 -0.616285 -0.271344
t -0.376757 0.0220059 -0.926051
bt -0.312758 -0.948907 -0.0419221
t -0.25223 -0.0105743 -0.96761
bt -0.739196 -0.616386 0.271401
t -0.921211 0.0219944 -0.388442
bt -0.250781 -0.948911 0.191511
t -0.946969 0.0785283 -0.311581
bt -0.172372 -0.654673 0.735997
t -0.921211 -0.0219946 0.388442
bt 0.032737 -0.958063 0.28468
t -0.906168 -0.155045 0.393473
bt 0.260634 -0.65182 0.712181
t 0.766858 -0.640387 -0.0428179
bt 0.0806497 0.125071 -0.988865
t 0.766589 -0.640915 0.0396141
bt -0.080745 -0.124603 -0.988916
t 0.987372 -0.150129 -0.0505647
bt 0.102389 0.629711 -0.770052
t 0.00234833 -0.644666 0.764461
bt 0.989107 0.112494 0.094933
t -0.00709921 -0.644049 0.764951
bt 0.989048 -0.112806 -0.0951818
t -0.798674 -0.598017 -0.0670448
bt 0.0611998 -0.139388 0.988345
t -0.946969 0.0785283 -0.311581
bt -0.172372 -0.654673 0.735997
t -0.797041 -0.602903 0.0351204
bt -0.0756537 0.12806 0.988877
t -0.987669 -0.148799 0.0486748
bt -0.0932349 0.60092 0.793853
t -0.00213481 -0.614414 -0.788981
bt -0.989003 0.11666 -0.0909082
t 0.00713897 -0.613764 -0.789457
bt -0.989062 -0.116352 0.0906568
t 0.944273 0.0713723 0.321334
bt 0.180589 -0.625639 -0.758923
t -0.454435 0.0677394 0.8882
bt 0.705024 -0.646284 0.29199
t -0.8882 -0.0677393 0.454435
bt 0.292023 -0.646284 0.70501
t -0.8882 -0.0677394 0.454435
bt 0.619081 -0.598491 0.508475
t -0.454435 0.0677393 0.8882
bt 0.764554 -0.634676 0.112442
t 0.306692 0.0676991 0.949398
bt 0.705015 -0.646284 -0.292012
t 0.306692 0.0676991 0.949398
bt 0.62015 -0.634673 -0.46109
t 0.888201 0.0677392 0.454435
bt 0.292013 -0.646284 -0.705015
t 0.888201 0.0677392 0.454435
bt 0.112466 -0.634679 -0.764548
t 0.949398 0.0676991 -0.306692
bt -0.291989 -0.646284 -0.705025
t 0.949398 0.0676992 -0.306692
bt -0.461071 -0.634676 -0.620161
t 0.454435 0.0677395 -0.8882
bt -0.705011 -0.646284 -0.292022
t 0.454435 0.0677395 -0.8882
bt -0.764546 -0.63468 -0.112471
t -0.306692 0.0676991 -0.949398
bt -0.70502 -0.646284 0.292
t -0.306692 0.0676991 -0.949398
bt -0.620154 -0.634674 0.461083
t -0.8882 0.0677394 -0.454435
bt -0.292 -0.646284 0.70502
t -0.8882 0.0677394 -0.454435
bt -0.112448 -0.634677 0.764552
t -0.8882 -0.0677393 0.454435
bt 0.292023 -0.646284 0.70501
t -0.8882 -0.0677394 0.454435
bt 0.619081 -0.598491 0.508475
t -0.454435 -0.0677393 0.8882
bt -0.705024 -0.646284 -0.29199
t -0.8882 0.0677394 0.454435
bt -0.292024 -0.646284 -0.70501
t -0.8882 0.0677393 0.454435
bt -0.619087 -0.598489 -0.50847
t -0.454435 -0.0677393 0.8882
bt -0.764555 -0.634676 -0.112438
t 0.306692 -0.067699 0.949398
bt -0.705015 -0.646284 0.292012
t 0.306692 -0.0676991 0.949398
bt -0.620148 -0.634672 0.461093
t 0.8882 -0.0677393 0.454435
bt -0.292013 -0.646284 0.705015
t 0.8882 -0.0677393 0.454435
bt -0.112462 -0.634679 0.764549
t 0.949398 -0.0676992 -0.306692
bt 0.291989 -0.646284 0.705025
t 0.949398 -0.0676991 -0.306692
bt 0.461074 -0.634675 0.62016
t 0.454435 -0.0677394 -0.8882
bt 0.705011 -0.646284 0.292022
t 0.454435 -0.0677394 -0.8882
bt 0.764547 -0.63468 0.112468
t -0.306692 -0.0676991 -0.949398
bt 0.70502 -0.646284 -0.292
t -0.306692 -0.0676991 -0.949398
bt 0.620153 -0.634673 -0.461086
t -0.8882 -0.0677394 -0.454435
bt 0.292 -0.646284 -0.70502
t -0.8882 -0.0677394 -0.454435
bt 0.112444 -0.634677 -0.764553
t -0.8882 0.0677394 0.454435
bt -0.292024 -0.646284 -0.70501
t -0.8882 0.0677393 0.454435
bt -0.619087 -0.598489 -0.50847
t -0.918624 0.029657 0.394018
bt -0.16511 -0.921263 -0.352156
t -0.394018 -0.029656 0.918624
bt -0.362401 -0.921372 -0.140494
t 0.370922 -0.0296403 0.928191
bt -0.355601 -0.921372 0.156912
t 0.918624 -0.0296567 0.394018
bt -0.140478 -0.921372 0.362408
t 0.928191 -0.0296393 -0.370922
bt 0.15692 -0.921372 0.355597
t 0.394018 -0.0296557 -0.918624
bt 0.362401 -0.921372 0.140494
t -0.370922 -0.0296404 -0.928191
bt 0.355602 -0.921372 -0.156909
t -0.918624 -0.0296565 -0.394018
bt 0.14051 -0.921372 -0.362394
t -0.918624 0.029657 0.394018
bt -0.16511 -0.921263 -0.352156
t -0.899637 0.0672276 0.431432
bt -0.512144 -0.740484 -0.435192
t -0.431434 -0.0672302 0.899636
bt -0.632294 -0.768758 -0.0959923
t 0.331076 -0.0672348 0.941206
bt -0.51497 -0.768758 0.379232
t 0.899637 -0.0672288 0.431433
bt -0.0959701 -0.768756 0.632301
t 0.941206 -0.0672349 -0.331076
bt 0.379259 -0.768754 0.514956
t 0.431433 -0.0672289 -0.899637
bt 0.632312 -0.768751 0.0959334
t -0.331076 -0.0672343 -0.941206
bt 0.514952 -0.768753 -0.379267
t -0.899637 -0.0672276 -0.431432
bt 0.0959701 -0.768756 -0.632301
t -0.899637 0.0672276 0.431432
bt -0.512144 -0.740484 -0.435192
t 0 -1 0
bt 0 0 1
t 0 -1 0
bt 0 0 1
t 0 -1 0
bt 0 0 1
t 0 -1 0
bt 0 0 1
t 0 -1 0
bt 1 0 0
t 0 -1 0
bt 1 0 0
t 0 -1 0
bt 1 0 0
t 0 -1 0
bt 1 0 0
t 0 -1 0
bt 0 0 -1
t 0 -1 0
bt 0 0 -1
t 0 -1 0
bt 0 0 -1
t 0 -1 0
bt 0 0 -1
t 0 -1 0
bt -1 0 0
t 0 -1 0
bt -1 0 0
t 0 -1 0
bt -1 0 0
t 0 -1 0
bt -1 0 0
t 0 -1 0
bt 0 0 1
t 0 -1 0
bt 0 0 1
t 0 -1 0
bt 0 0 1
t 0 -1 0
bt 0 0 1
t 0 -1 0
bt 1 0 0
t 0 -1 0
bt 1 0 0
t 0 -1 0
bt 1 0 0
t 0 -1 0
bt 1 0 0
t 0 -1 0
bt 0 0 -1
t 0 -1 0
bt 0 0 -1
t 0 -1 0
bt 0 0 -1
t 0 -1 0
bt 0 0 -1
t 0 -1 0
bt -1 0 0
t 0 -1 0
bt -1 0 0
t 0 -1 0
bt -1 0 0
t 0 -1 0
bt -1 0 0
t 0.999986 0 0.00527554
bt 0 0 1
t 0.707188 0 -0.707025
bt 0 0 1
t 0.999986 0 0.00527554
bt 0 0 1
t 0.999986 0 0.00527554
bt 0 0 1
t 0.707188 0 -0.707026
bt 1 0 0
t -0.707188 0 -0.707025
bt 1 0 0
t 0.707188 0 -0.707026
bt 1 0 0
t 0.707188 0 -0.707026
bt 1 0 0
t -0.70719 0 -0.707023
bt 0 0 -1
t -0.707147 0 0.707066
bt 0 0 -1
t -0.70719 0 -0.707023
bt 0 0 -1
t -0.70719 0 -0.707023
bt 0 0 -1
t -0.707148 0 0.707065
bt -1 0 0
t -0.0162005 0 0.999869
bt -1 0 0
t -0.707148 0 0.707065
bt -1 0 0
t -0.707148 0 0.707065
bt -1 0 0
t -0.999864 0 -0.0164886
bt 0 0 1
t -0.999846 0 -0.0175268
bt 0 0 1
t -0.999864 0 -0.0164886
bt 0 0 1
t -0.999864 0 -0.0164886
bt 0 0 1
t 0.0162367 0 -0.999868
bt -1 0 0
t 0.0176578 0 -0.999844
bt -1 0 0
t 0.0162367 0 -0.999868
bt -1 0 0
t 0.0162367 0 -0.999868
bt -1 0 0
t 0.999866 0 0.016354
bt 0 0 -1
t 0.999849 0 0.0174034
bt 0 0 -1
t 0.999866 0 0.016354
bt 0 0 -1
t 0.999866 0 0.016354
bt 0 0 -1
t -0.0162386 0 0.999868
bt 1 0 0
t -0.0176598 0 0.999844
bt 1 0 0
t -0.0162386 0 0.999868
bt 1 0 0
t -0.0162386 0 0.999868
bt 1 0 0

