g sponza_147
t 0.13702 0.614733 0.776743
bt -0.997607 -0.00952779 0.0684869
t -0.137085 0.614085 0.777244
bt -0.992017 0.031101 -0.122211
t 0.0443018 0.604935 0.795041
bt -0.992211 0.0302835 -0.12083
t 0.137062 0.614071 0.777258
bt -0.99776 -0.00702338 0.0665306
t -0.39462 0.614035 0.683546
bt -0.883392 0.0284332 -0.467772
t -0.230878 0.603838 0.762939
bt -0.883391 0.0284312 -0.467774
t -0.604629 0.614038 0.507328
bt -0.670111 0.0284653 -0.741715
t -0.477875 0.603831 0.637984
bt -0.670111 0.0284646 -0.741715
t -0.741645 0.614076 0.269951
bt -0.352644 0.0325328 -0.935192
t -0.690351 0.60526 0.396329
bt -0.349353 0.0354261 -0.936321
t -0.776726 0.614765 0.13697
bt -0.0457561 0.00955621 -0.998907
t -0.784841 0.617985 0.0460406
bt -0.0408917 0.014871 -0.999053
t 0.776725 0.614765 -0.136977
bt -0.0457561 -0.00955621 -0.998907
t 0.741645 0.614076 -0.269953
bt -0.269539 0.0355164 -0.962334
t 0.769102 0.612556 -0.182367
bt -0.265262 0.0332955 -0.963601
t 0.784841 0.617985 -0.0460424
bt -0.0408917 -0.014871 -0.999053
t 0.604629 0.614038 -0.507328
bt -0.614076 0.0284481 -0.788734
t 0.711272 0.603834 -0.35983
bt -0.614075 0.0284486 -0.788734
t 0.39462 0.614035 -0.683546
bt -0.846817 0.0284796 -0.531121
t 0.545313 0.603826 -0.581402
bt -0.846817 0.0284804 -0.531121
t 0.137085 0.614085 -0.777243
bt -0.97936 0.0301185 -0.199868
t 0.227983 0.610587 -0.758424
bt -0.979553 0.0311307 -0.198761
t -0.137025 0.614733 -0.776742
bt -0.997607 0.00952779 0.0684869
t -0.137067 0.614071 -0.777258
bt -0.99776 0.00702338 0.0665306
t 0.01038 0.998981 0.0439206
bt -0.99695 -0.000750385 0.0780423
t -0.00782733 0.998982 0.0444176
bt -0.987075 0.00286046 -0.160233
t 0.00233199 0.998931 0.0461666
bt -0.987107 0.00286804 -0.160034
t 0.0078342 0.998982 0.0444248
bt -0.996989 -0.000746943 0.0775439
t -0.0225556 0.998982 0.0390563
bt -0.866069 0.00264925 -0.499917
t -0.0136396 0.99893 0.0442014
bt -0.866069 0.00264934 -0.499917
t -0.0345474 0.998982 0.0289907
bt -0.642839 0.00265038 -0.765996
t -0.0279371 0.99893 0.0368657
bt -0.64284 0.00265033 -0.765996
t -0.0392492 0.998913 0.0251505
bt -0.308844 0.0031918 -0.951107
t -0.0426943 0.998968 0.0155231
bt -0.308156 0.00324753 -0.95133
t -0.044164 0.998941 0.0129247
bt -0.0268732 0.00113624 -0.999638
t -0.044411 0.998983 0.00783417
bt -0.025775 0.0011522 -0.999667
t 0.00644694 0.993398 -0.114539
bt -0.996945 0.00196877 0.0780815
t -0.0198596 0.993432 -0.112691
bt -0.996999 0.00188197 0.0773896
t 0.0198351 0.993433 -0.112679
bt -0.987199 -0.00719074 -0.15933
t 0.0326584 0.993331 -0.110577
bt -0.987151 -0.00722611 -0.159627
t 0.0571549 0.993434 -0.099105
bt -0.866391 -0.00667941 -0.499322
t 0.0684374 0.993351 -0.0925796
bt -0.866391 -0.00667969 -0.499322
t 0.0875883 0.993435 -0.0735895
bt -0.643388 -0.00667597 -0.765511
t 0.0959786 0.993351 -0.0635761
bt -0.643388 -0.00667575 -0.765511
t 0.109616 0.993431 -0.0328454
bt -0.308915 -0.00811583 -0.951055
t 0.107483 0.993438 -0.0390874
bt -0.3099 -0.00800384 -0.950735
t 0.112959 0.993577 -0.00670361
bt -0.0277937 -0.00278479 -0.99961
t 0.112613 0.993439 -0.0199505
bt -0.0267665 -0.00872148 -0.999604
t 0.137008 0.614423 -0.776989
bt 0.973057 -0.0250322 0.229201
t 0.394653 0.614035 -0.683527
bt 0.883392 0.0284336 0.467771
t 0.230875 0.603837 -0.76294
bt 0.883393 0.0284344 0.46777
t 0.137057 0.614106 -0.777232
bt 0.972739 -0.0229529 0.230766
t 0.604635 0.614038 -0.507321
bt 0.670109 0.0284632 0.741717
t 0.4779 0.603835 -0.637962
bt 0.670111 0.0284646 0.741715
t 0.741702 0.61402 -0.269923
bt 0.376018 0.0284641 0.926175
t 0.697463 0.609949 -0.376176
bt 0.376017 0.028463 0.926175
t 0.782627 0.618774 -0.0679313
bt 0.153246 0.0261983 0.987841
t 0.782893 0.618433 -0.0679637
bt 0.154036 0.0252068 0.987744
t -0.741702 0.61402 0.269923
bt 0.376018 -0.0284636 0.926175
t -0.604635 0.614038 0.507321
bt 0.614076 0.0284481 0.788734
t -0.711284 0.603831 0.35981
bt 0.614075 0.0284486 0.788734
t -0.763326 0.612585 0.205116
bt 0.376017 -0.028463 0.926175
t -0.394653 0.614035 0.683527
bt 0.846817 0.0284802 0.531121
t -0.545321 0.603825 0.581396
bt 0.846818 0.0284788 0.53112
t -0.137007 0.614423 0.77699
bt 0.973057 0.025033 0.229202
t -0.313487 0.606413 0.730746
bt 0.972739 0.0229529 0.230766
t 0.136129 0.616159 0.775769
bt 0.999067 0.0189937 -0.0387814
t -0.068838 0.614114 0.786209
bt 0.999155 0.018245 -0.0368285
t 0.0078292 0.998982 -0.0444296
bt 0.979836 -0.0022437 0.19979
t 0.0225489 0.998982 -0.0390602
bt 0.866069 0.00264967 0.499917
t 0.0136374 0.99893 -0.0442027
bt 0.866069 0.00264947 0.499917
t 0.0130429 0.997146 -0.0743643
bt 0.985076 -0.00595453 0.172017
t 0.0345474 0.998982 -0.0289907
bt 0.642839 0.00265038 0.765996
t 0.027932 0.99893 -0.0368718
bt 0.64284 0.00265058 0.765996
t 0.038858 0.99893 -0.025097
bt 0.34217 0.00264619 0.939634
t 0.0423759 0.998982 -0.0154401
bt 0.34217 0.00264602 0.939634
t 0.0428304 0.998962 -0.0155001
bt 0.121722 0.00233576 0.992561
t 0.0444594 0.999004 -0.00385924
bt 0.121916 0.00233707 0.992538
t -0.0326712 0.993396 0.109989
bt 0.979968 -0.00560587 0.199077
t 0.00975488 0.99358 0.112709
bt 0.998171 0.00430979 -0.0603006
t -1.95443e-05 0.993561 0.113302
bt 0.998195 0.00428205 -0.0599008
t -0.0198218 0.993441 0.112615
bt 0.979867 -0.00566543 0.199573
t -0.057228 0.993434 0.0990628
bt 0.866391 -0.00668018 0.499322
t -0.0685232 0.993349 0.0925299
bt 0.866391 -0.00668045 0.499322
t -0.0876578 0.993435 0.0735067
bt 0.643388 -0.00667617 0.765511
t -0.0960088 0.99335 0.0635399
bt 0.643388 -0.00667575 0.765511
t -0.107481 0.993435 0.0391869
bt 0.342766 -0.00667574 0.939397
t -0.107481 0.993435 0.0391869
bt 0.342766 -0.00667574 0.939397
t 0.777237 0.614098 0.137063
bt -0.268175 -0.0993716 0.958231
t 0.68349 0.614035 0.394718
bt -0.467771 0.0284334 0.883392
t 0.762929 0.603841 0.230902
bt -0.467775 0.0284306 0.88339
t 0.777537 0.613709 0.137104
bt -0.265685 -0.102824 0.958561
t 0.507366 0.614038 0.604597
bt -0.741717 0.028463 0.670109
t 0.637946 0.603837 0.477917
bt -0.741715 0.0284654 0.670111
t 0.269959 0.614045 0.741668
bt -0.931952 0.0310675 0.361248
t 0.396301 0.606299 0.689454
bt -0.93272 0.0327076 0.359114
t 0.13702 0.614733 0.776743
bt -0.997607 -0.00952779 0.0684869
t 0.137062 0.614071 0.777258
bt -0.99776 -0.00702338 0.0665306
t -0.137025 0.614733 -0.776742
bt -0.997607 0.00952779 0.0684869
t -0.26996 0.614044 -0.741668
bt -0.95842 0.0328649 0.283462
t -0.182559 0.612086 -0.76943
bt -0.959308 0.0317429 0.280573
t -0.137067 0.614071 -0.777258
bt -0.99776 0.00702338 0.0665306
t -0.507366 0.614037 -0.604597
bt -0.788732 0.0284449 0.614079
t -0.359844 0.603835 -0.711263
bt -0.788734 0.0284482 0.614076
t -0.68349 0.614035 -0.394718
bt -0.531124 0.0284825 0.846815
t -0.581402 0.603826 -0.545314
bt -0.531121 0.02848 0.846817
t -0.777237 0.614098 -0.137064
bt -0.26817 0.0993673 0.958233
t -0.70574 0.58612 -0.397989
bt -0.265685 0.102824 0.958561
t 0.0444401 0.998981 0.00783076
bt -0.140244 -0.00954533 0.990071
t 0.0390589 0.998982 0.0225511
bt -0.499917 0.00264923 0.866069
t 0.0442022 0.99893 0.0136381
bt -0.499917 0.00264912 0.866069
t 0.0446423 0.998972 0.0078592
bt -0.139691 -0.00961497 0.990148
t 0.0289938 0.998982 0.0345449
bt -0.765996 0.00265046 0.64284
t 0.0368708 0.99893 0.0279328
bt -0.765996 0.00265049 0.64284
t 0.0251349 0.998919 0.0391017
bt -0.947123 0.00299559 0.320856
t 0.0155266 0.998968 0.0426764
bt -0.947253 0.00303487 0.320472
t 0.01038 0.998981 0.0439206
bt -0.99695 -0.000750385 0.0780423
t 0.0078342 0.998982 0.0444248
bt -0.996989 -0.000746943 0.0775439
t -0.10719 0.99253 -0.0582573
bt -0.142692 0.0240512 0.989475
t -0.112639 0.993438 -0.019825
bt -0.14163 0.0241602 0.989625
t -0.099105 0.993434 -0.0571549
bt -0.499322 -0.00667922 0.866391
t -0.0925527 0.99335 -0.0684839
bt -0.499322 -0.00667954 0.866391
t -0.0734686 0.993435 -0.0876898
bt -0.765511 -0.00667644 0.643388
t -0.0634954 0.99335 -0.0960461
bt -0.765511 -0.00667596 0.643388
t -0.0328345 0.993427 -0.109659
bt -0.947008 -0.00759443 0.32112
t -0.039075 0.993443 -0.107443
bt -0.946806 -0.00752781 0.321716
t 0.00644694 0.993398 -0.114539
bt -0.996945 0.00196877 0.0780815
t -0.0198596 0.993432 -0.112691
bt -0.996999 0.00188197 0.0773896
t -0.784841 0.617985 0.0460406
bt -0.0408917 0.014871 -0.999053
t -0.776726 0.614765 0.13697
bt -0.0457561 0.00955621 -0.998907
t -0.777015 0.614388 -0.137025
bt 0.166702 0.0234979 -0.985727
t -0.777272 0.614051 -0.137076
bt 0.168048 0.0253221 -0.985454
t -0.683534 0.614035 -0.394642
bt 0.467774 0.0284316 -0.883391
t -0.762941 0.603837 -0.230872
bt 0.46777 0.0284349 -0.883393
t -0.507282 0.614086 -0.604618
bt 0.741718 0.0284585 -0.670108
t -0.637939 0.603884 -0.477868
bt 0.741715 0.0284616 -0.670111
t -0.269899 0.61402 -0.74171
bt 0.926174 0.0284649 -0.376019
t -0.376172 0.609949 -0.697465
bt 0.926175 0.0284632 -0.376017
t -0.067991 0.618401 -0.782916
bt 0.996194 0.0177295 -0.0853436
t 0.000253883 0.617584 -0.786505
bt 0.996302 0.0188089 -0.0838367
t 0.269899 0.61402 0.74171
bt 0.926176 -0.028461 -0.376015
t 0.507282 0.614086 0.604618
bt 0.788732 0.0284413 -0.614079
t 0.35976 0.603878 0.71127
bt 0.788735 0.0284452 -0.614075
t 0.269899 0.61402 0.74171
bt 0.926176 -0.028461 -0.376015
t 0.683534 0.614035 0.394642
bt 0.531122 0.028481 -0.846816
t 0.581392 0.603824 0.545326
bt 0.531119 0.0284779 -0.846819
t 0.777015 0.614388 0.137024
bt 0.227971 0.0251847 -0.973342
t 0.730929 0.606184 0.313503
bt 0.229344 0.0233559 -0.973065
t 0.776725 0.614765 -0.136977
bt -0.0457561 -0.00955621 -0.998907
t 0.784841 0.617985 -0.0460424
bt -0.0408917 -0.014871 -0.999053
t -0.044164 0.998941 0.0129247
bt -0.0268732 0.00113624 -0.999638
t -0.0444296 0.998982 -0.00782923
bt 0.197901 0.00225842 -0.980219
t -0.0462631 0.998927 0.00224279
bt 0.198304 0.002248 -0.980138
t -0.044411 0.998983 0.00783417
bt -0.025775 0.0011522 -0.999667
t -0.0390589 0.998982 -0.0225511
bt 0.499917 0.00264963 -0.866069
t -0.0442022 0.99893 -0.0136381
bt 0.499917 0.00264953 -0.866069
t -0.0289938 0.998982 -0.0345449
bt 0.765996 0.00265044 -0.64284
t -0.0368708 0.99893 -0.0279328
bt 0.765996 0.00265047 -0.64284
t -0.0339209 0.997281 -0.0654209
bt 0.948455 0.00351919 -0.316893
t -0.0154561 0.998979 -0.0424426
bt 0.957035 0.00351951 -0.289951
t 0.0717416 0.988132 -0.135825
bt 0.996274 0.00158239 -0.0862304
t 0.0198692 0.990854 -0.13347
bt 0.995374 -0.00410687 -0.0959893
t 0.112959 0.993577 -0.00670361
bt -0.0277937 -0.00278479 -0.99961
t 0.112613 0.993439 -0.0199505
bt -0.0247861 0.00853759 -0.999656
t 0.112604 0.993442 0.0198266
bt 0.19775 -0.00573862 -0.980236
t 0.110101 0.993383 0.0326883
bt 0.197253 -0.0056845 -0.980336
t 0.0990871 0.993434 0.0571859
bt 0.499322 -0.00668058 -0.866391
t 0.0925537 0.99335 0.0684822
bt 0.499322 -0.00668055 -0.866391
t 0.0735418 0.993435 0.0876283
bt 0.765511 -0.00667591 -0.643388
t 0.0635476 0.993351 0.0960024
bt 0.765511 -0.00667589 -0.643388
t 0.0391559 0.993435 0.107492
bt 0.939397 -0.00667616 -0.342766
t 0.0391559 0.993435 0.107492
bt 0.939397 -0.00667616 -0.342766
t -0.998394 0.0322512 -0.0465832
bt 0.0681527 -0.621768 -0.780231
t -0.964642 -0.0322674 0.26158
bt -0.235372 -0.62178 -0.746987
t -0.964642 -0.032268 0.26158
bt -0.134862 -0.618393 -0.774211
t -0.998394 0.0322512 -0.0465832
bt 0.0681527 -0.621768 -0.780231
t -0.996208 -0.00350065 -0.0869366
bt -0.00471837 -0.9986 0.0526894
t -0.953763 0.00350321 0.300538
bt 0.0158923 -0.9986 0.0504551
t -0.953763 0.00350281 0.300538
bt 0.00950663 -0.998577 0.0524675
t -0.996208 -0.00350065 -0.0869366
bt -0.00471837 -0.9986 0.0526894
t -0.998231 -0.032818 -0.0495842
bt -0.0655641 -0.65721 0.750851
t -0.963831 0.032834 0.264485
bt 0.226509 -0.657334 0.718753
t -0.96383 0.0328333 0.264486
bt 0.130169 -0.654041 0.745176
t -0.998231 -0.032818 -0.0495842
bt -0.0655641 -0.65721 0.750851
t -0.996583 0.0205776 -0.0799874
bt 0.0287334 -0.944399 -0.327544
t -0.955642 -0.0205883 0.29381
bt -0.0989147 -0.944401 -0.313564
t -0.955642 -0.0205885 0.29381
bt -0.0584576 -0.943556 -0.326013
t -0.996583 0.0205776 -0.0799874
bt 0.0287334 -0.944399 -0.327544
t -0.996583 -0.0205799 -0.0799865
bt -0.0287334 -0.944399 0.327544
t -0.955642 0.0205948 0.29381
bt 0.0989416 -0.94437 0.313649
t -0.955642 0.0205883 0.29381
bt 0.0584667 -0.943557 0.32601
t -0.996583 -0.0205799 -0.0799865
bt -0.0287334 -0.944399 0.327544
t -0.996289 0.0107569 -0.0853934
bt 0.0143336 -0.986393 -0.16378
t -0.954201 -0.0107508 0.298972
bt -0.0494184 -0.986393 -0.156804
t -0.954201 -0.0107499 0.298972
bt -0.029382 -0.986175 -0.163082
t -0.996289 0.0107569 -0.0853934
bt 0.0143336 -0.986393 -0.16378
t -0.997119 -0.0289849 -0.0701032
bt -0.0442522 -0.861589 0.505673
t -0.958307 0.0289938 0.284267
bt 0.152694 -0.861546 0.484172
t -0.955015 0.0126518 0.296288
bt 0.0638351 -0.940221 0.334529
t -0.996503 -0.0126668 -0.082597
bt -0.0295101 -0.940968 0.337206
t -0.954072 0.009274 0.299432
bt 0.0252527 -0.989806 0.140164
t -0.996265 -0.00927788 -0.0858517
bt -0.0123175 -0.989967 0.140762
t -0.998967 -0.0277035 -0.0360268
bt -0.0766282 -0.476498 0.87583
t -0.967484 0.0277283 0.251408
bt 0.264364 -0.476532 0.838468
t -0.967485 0.0277309 0.251403
bt 0.149653 -0.473181 0.868161
t -0.998967 -0.0277035 -0.0360268
bt -0.0766282 -0.476498 0.87583
t -0.999302 -0.0224716 -0.0298412
bt -0.0811455 -0.365285 0.927352
t -0.969145 0.0225499 0.24546
bt 0.279931 -0.365316 0.887797
t -0.969145 0.02255 0.245459
bt 0.157405 -0.362393 0.918638
t -0.999302 -0.0224716 -0.0298412
bt -0.0811455 -0.365285 0.927352
t -0.995247 0.0972849 -0.00432886
bt -0.207895 -0.73614 -0.64411
t -0.995247 0.0972898 -0.00432465
bt 0.0563715 -0.76305 -0.643876
t -0.961601 -0.031543 0.272632
bt -0.210382 -0.761329 -0.613284
t -0.960893 -0.0336173 0.274872
bt -0.293226 -0.757413 -0.583391
t -0.997475 -0.0316999 -0.0635563
bt -0.0521024 -0.802459 0.594428
t -0.960065 0.0317252 0.277971
bt 0.179386 -0.802456 0.569109
t -0.960065 0.0317211 0.277974
bt 0.104461 -0.800009 0.590824
t -0.997475 -0.0316999 -0.0635563
bt -0.0521024 -0.802459 0.594428
t -0.997842 0.0327291 -0.0569286
bt 0.0591662 -0.73431 -0.676231
t -0.962165 -0.0323476 0.270542
bt -0.213475 -0.733337 -0.645481
t -0.956738 -0.0172027 0.290443
bt -0.109934 -0.854417 -0.507824
t -0.996908 0.0174986 -0.0766068
bt 0.0706962 -0.855651 -0.512702
t -0.99624 0.0075174 -0.0863072
bt 0.0099463 -0.993469 -0.113664
t -0.954204 -0.0074995 0.299063
bt -0.0410559 -0.993296 -0.108058
t -0.954794 -0.010977 0.297065
bt -0.0772872 -0.956392 -0.281676
t -0.996421 0.0110378 -0.083807
bt 0.0252725 -0.957028 -0.288894
t -0.988252 -0.00187731 -0.15282
bt 0.222469 -0.0276375 -0.974548
t -0.988253 -0.00187722 -0.152817
bt 0.0870973 -0.0279037 -0.995809
t -0.915592 0.00183965 -0.402104
bt 0.461541 -0.0279547 -0.886678
t -0.915592 0.00183965 -0.402104
bt 0.461541 -0.0279547 -0.886678
t -0.992217 -0.0331324 -0.120031
bt 0.0618842 -0.707101 -0.704399
t -0.90133 0.0331212 -0.431866
bt 0.326686 -0.707054 -0.627177
t -0.90133 0.0331221 -0.431865
bt 0.242523 -0.703979 -0.66753
t -0.992217 -0.0331324 -0.120031
bt 0.0618842 -0.707101 -0.704399
t -0.997989 -0.0330931 -0.0540538
bt -0.0618798 -0.707151 0.70435
t -0.962636 0.0330887 0.268771
bt 0.212647 -0.707115 0.674366
t -0.962636 0.0330907 0.268769
bt 0.122557 -0.704022 0.699523
t -0.997989 -0.0330931 -0.0540538
bt -0.0618798 -0.707151 0.70435
t -0.996191 0 -0.0872004
bt 0 -1 0
t -0.996191 0 -0.0872004
bt 0 -1 0
t -0.953718 0 0.300703
bt 0 -1 0
t -0.953718 0 0.300703
bt 0 -1 0
t -0.996199 0.00255805 -0.0870684
bt 0.00338014 -0.999255 -0.0384498
t -0.953738 -0.00255793 0.300629
bt -0.0115697 -0.999255 -0.0368253
t -0.953738 -0.00255807 0.300629
bt -0.00691196 -0.999243 -0.0382935
t -0.996199 0.00255805 -0.0870684
bt 0.00338014 -0.999255 -0.0384498
t -0.997901 0.0330571 -0.0556837
bt 0.0601479 -0.724221 -0.68694
t -0.962187 -0.0330914 0.270373
bt -0.207285 -0.724207 -0.65769
t -0.962188 -0.0330987 0.270367
bt -0.0347781 -0.712703 -0.700603
t -0.997901 0.0330617 -0.0556794
bt 0.148268 -0.721361 -0.676502
t -0.997901 -0.0330635 -0.0556731
bt -0.0601434 -0.724271 0.686888
t -0.962188 0.0330939 0.270367
bt 0.20727 -0.724257 0.65764
t -0.962187 0.0330867 0.270373
bt 0.119789 -0.72126 0.682228
t -0.997901 -0.0330635 -0.0556731
bt -0.0601434 -0.724271 0.686888
t -0.996199 -0.000608565 -0.0871007
bt -0.00132707 -0.999884 0.015142
t -0.95352 0.000655552 0.301328
bt 0.0109274 -0.999849 0.0135361
t -0.954139 -0.00161374 0.29936
bt 0.00251098 -0.999633 -0.0269893
t -0.9962 0.00179473 -0.0870822
bt 0.00236913 -0.99963 -0.0270974
t -0.996198 -0.00140747 -0.0871046
bt -0.00308576 -0.999373 0.035264
t -0.953735 0.00140686 0.300646
bt 0.014301 -0.999366 0.0326096
t -0.953752 0.00202506 0.300588
bt 0.0117039 -0.998691 0.0497834
t -0.996205 -0.00202031 -0.0870102
bt -0.00443579 -0.998704 0.0507067
t -0.996273 0.00666369 -0.086002
bt 0.0146086 -0.985855 -0.166963
t -0.953966 -0.00630655 0.299847
bt -0.0528434 -0.985784 -0.159491
t -0.996208 0.00365286 -0.0869321
bt 0.00484958 -0.998475 -0.0549853
t -0.953787 -0.0036509 0.30046
bt -0.0166037 -0.998475 -0.0526424
t -0.953787 -0.00365131 0.30046
bt -0.00991043 -0.998451 -0.0547512
t -0.996208 0.00365286 -0.0869321
bt 0.00484958 -0.998475 -0.0549853
t -0.988253 0.00187722 -0.152817
bt -0.0870973 -0.0279037 0.995809
t -0.915592 -0.00183965 -0.402104
bt -0.461541 -0.0279547 0.886678
t -0.915596 -0.00183993 -0.402095
bt -0.335945 -0.0276934 0.941475
t -0.988253 0.00187722 -0.152817
bt -0.0870973 -0.0279037 0.995809
t 0.998394 0.0322529 0.046581
bt 0.134427 -0.608943 0.78174
t 0.998394 0.0322524 0.0465817
bt -0.0682107 -0.621768 0.780226
t 0.964641 -0.0322644 -0.261584
bt 0.235531 -0.62178 0.746937
t 0.964641 -0.0322631 -0.261586
bt 0.330669 -0.6186 0.712736
t 0.996208 -0.00350757 0.0869366
bt -0.00878074 -0.998504 -0.0539653
t 0.996208 -0.00350741 0.0869366
bt 0.00458612 -0.998595 -0.0528011
t 0.953763 0.00350966 -0.300538
bt -0.0157979 -0.998595 -0.0505895
t 0.953763 0.00350955 -0.300538
bt -0.022268 -0.998573 -0.0485482
t 0.998231 -0.0328122 0.049587
bt -0.129139 -0.644787 -0.753375
t 0.998231 -0.0328148 0.0495841
bt 0.0657127 -0.657316 -0.750745
t 0.96383 0.0328316 -0.264488
bt -0.226698 -0.657334 -0.718693
t 0.96383 0.0328332 -0.264486
bt -0.318234 -0.654225 -0.686089
t 0.996583 0.0205808 0.0799862
bt 0.055167 -0.941058 0.333716
t 0.996583 0.0205818 0.0799859
bt -0.0286164 -0.944399 0.327554
t 0.955642 -0.0205861 -0.293811
bt 0.0988074 -0.944401 0.313598
t 0.955642 -0.0205868 -0.29381
bt 0.13882 -0.943569 0.300678
t 0.996584 -0.020581 0.0799862
bt -0.0551493 -0.941059 -0.333715
t 0.996583 -0.0205801 0.0799865
bt 0.0286161 -0.944399 -0.327554
t 0.955642 0.0205859 -0.293811
bt -0.0988079 -0.944401 -0.313598
t 0.955642 0.0205852 -0.293811
bt -0.138812 -0.943569 -0.300681
t 0.996289 0.0107577 0.0853933
bt -0.0143456 -0.986393 0.163779
t 0.954201 -0.0107498 -0.298972
bt 0.0494177 -0.986393 0.156804
t 0.954201 -0.0107506 -0.298972
bt 0.0294075 -0.986175 0.163074
t 0.996289 0.0107577 0.0853933
bt -0.0143455 -0.986393 0.163779
t 0.996503 -0.0126677 0.0825967
bt -0.0492568 -0.93803 -0.343036
t 0.997119 -0.028988 0.0701013
bt 0.0443184 -0.861589 -0.505668
t 0.958307 0.0289898 -0.284266
bt -0.152651 -0.86159 -0.484108
t 0.955015 0.012655 -0.296287
bt -0.139317 -0.94023 -0.310738
t 0.996265 -0.00927601 0.085852
bt -0.0236273 -0.989323 -0.143815
t 0.954073 0.00927481 -0.299432
bt -0.0597142 -0.989806 -0.129298
t 0.998967 -0.0277049 0.0360242
bt -0.1519 -0.464021 -0.872703
t 0.998967 -0.0277036 0.0360267
bt 0.0766217 -0.476498 -0.875831
t 0.967484 0.0277247 -0.251409
bt -0.264369 -0.476574 -0.838443
t 0.967484 0.0277253 -0.251407
bt -0.371084 -0.473484 -0.798817
t 0.999302 -0.0224679 0.0298506
bt -0.161437 -0.354518 -0.921008
t 0.999302 -0.0224657 0.0298563
bt 0.0811479 -0.365285 -0.927352
t 0.969144 0.0225496 -0.24546
bt -0.279905 -0.365316 -0.887805
t 0.969144 0.0225486 -0.245463
bt -0.392839 -0.362658 -0.845078
t 0.997913 0.0330673 0.0554591
bt -0.0603335 -0.72197 0.689289
t 0.961862 -0.0342179 -0.271385
bt 0.272767 -0.721858 0.636018
t 0.962472 -0.0322213 -0.269462
bt 0.0293695 -0.711441 0.702132
t 0.997913 0.0330673 0.0554591
bt -0.0603335 -0.72197 0.689289
t 0.996198 -0.0016741 0.087107
bt -0.00490309 -0.999076 -0.0426888
t 0.996205 -0.00215946 0.0870118
bt 0.0047394 -0.998519 -0.0541943
t 0.953738 0.00216741 -0.300631
bt -0.0167385 -0.998514 -0.0518665
t 0.95394 0.00160481 -0.299994
bt -0.0126165 -0.999155 -0.0391175
t 0.997475 -0.0317044 0.063553
bt -0.101222 -0.792991 -0.600766
t 0.997475 -0.0316974 0.0635582
bt 0.0521057 -0.802459 -0.594427
t 0.960064 0.0317178 -0.277976
bt -0.179386 -0.802456 -0.569109
t 0.960064 0.0317188 -0.277976
bt -0.251979 -0.800097 -0.544381
t 0.997978 0.0334068 0.0540815
bt -0.061388 -0.709903 0.701619
t 0.962435 -0.0341524 -0.269354
bt 0.202706 -0.710746 0.67361
t 0.956986 -0.0184098 -0.289549
bt 0.0791121 -0.839531 0.537521
t 0.996976 0.0181545 0.075555
bt -0.0717242 -0.841927 0.534804
t 0.997362 -0.00832968 -0.0721024
bt 0.0830103 -0.648626 0.756567
t 0.99857 0.0209992 0.0491543
bt -0.161987 -0.692535 0.702962
t 0.963223 -0.0241507 -0.267617
bt 0.333369 -0.68693 0.645749
t 0.968018 -0.0433268 -0.247112
bt 0.318238 -0.609954 0.725728
t 0.988253 -0.00187723 0.152817
bt -0.34259 -0.02694 0.939099
t 0.988253 -0.0018772 0.152816
bt -0.087115 -0.0279037 0.995807
t 0.915595 0.00183984 0.402098
bt -0.461561 -0.0279547 0.886668
t 0.915595 0.00183984 0.402098
bt -0.461561 -0.0279547 0.886668
t 0.992219 -0.033143 0.120016
bt -0.241874 -0.695338 0.676759
t 0.992218 -0.0331449 0.120018
bt -0.0617497 -0.707151 0.704361
t 0.901331 0.0331186 0.431864
bt -0.326379 -0.707104 0.62728
t 0.901331 0.0331186 0.431864
bt -0.405861 -0.704171 0.582598
t 0.997989 -0.033092 0.0540549
bt -0.120789 -0.695333 -0.708465
t 0.997989 -0.0330918 0.0540551
bt 0.0617498 -0.707151 -0.704361
t 0.974044 0.0984744 -0.203815
bt -0.212668 -0.707067 -0.674409
t 0.962636 0.0330928 -0.268768
bt -0.29867 -0.70417 -0.644159
t 0.996191 0 0.0872004
bt 0 -1 0
t 0.996191 0 0.0872004
bt 0 -1 0
t 0.953718 0 -0.300703
bt 0 -1 0
t 0.953718 0 -0.300703
bt 0 -1 0
t 0.996199 0.00255762 0.0870684
bt 0.00649863 -0.999206 0.0393125
t 0.996199 0.00255764 0.0870684
bt -0.00338015 -0.999255 0.0384498
t 0.953738 -0.0025585 -0.300629
bt 0.0116844 -0.999255 0.0367892
t 0.953738 -0.00255834 -0.300629
bt 0.0163386 -0.999242 0.0353211
t 0.997901 0.0330591 0.0556772
bt 0.117642 -0.712779 0.691453
t 0.997901 0.0330558 0.0556804
bt -0.0601344 -0.724271 0.686889
t 0.962187 -0.0330869 -0.270373
bt 0.207394 -0.724257 0.657601
t 0.962187 -0.0330869 -0.270373
bt 0.207394 -0.724257 0.657601
t 0.997901 -0.0330578 0.0556785
bt -0.117651 -0.712778 -0.691452
t 0.997901 -0.0330611 0.0556754
bt 0.0601344 -0.724271 -0.686889
t 0.962188 0.0330902 -0.27037
bt -0.207394 -0.724257 -0.657601
t 0.962188 0.0330938 -0.270367
bt -0.29117 -0.721401 -0.628331
t 0.996199 -0.00192129 0.087082
bt 0.00229419 -0.999579 -0.0289094
t 0.95332 0.00182108 -0.301956
bt 0.00204828 -0.999581 -0.0288637
t 0.996198 -0.00137953 0.0871046
bt -0.00378638 -0.999374 -0.0351628
t 0.996276 0.00686275 0.0859497
bt -0.01548 -0.984104 0.176919
t 0.954141 -0.00679473 -0.299281
bt 0.0510069 -0.984172 0.169716
t 0.953742 0.00137814 -0.300625
bt -0.0157482 -0.999382 -0.0314169
t 0.996208 0.00365315 0.0869321
bt 0.00918961 -0.998377 0.0562079
t 0.996208 0.00365308 0.0869321
bt -0.0048389 -0.998475 0.0549863
t 0.953787 -0.00365095 -0.30046
bt 0.0165664 -0.998475 0.0526542
t 0.953787 -0.00365103 -0.30046
bt 0.0232709 -0.998451 0.0505394
t 0.988253 0.0018772 0.152816
bt 0.34259 -0.02694 -0.939099
t 0.988253 0.00187723 0.152818
bt 0.0871151 -0.0279037 -0.995807
t 0.915595 -0.00183987 0.402097
bt 0.461561 -0.0279547 -0.886668
t 0.915597 -0.00183999 0.402093
bt 0.572722 -0.0277174 -0.819281
t -0.0465775 0.0322557 0.998394
bt -0.781747 -0.608955 0.134331
t -0.0465822 0.032252 0.998394
bt -0.780225 -0.621768 -0.0682158
t 0.261586 -0.0322629 0.964641
bt -0.746971 -0.62178 0.235422
t 0.261584 -0.0322641 0.964641
bt -0.71277 -0.618605 0.330584
t -0.0869366 -0.00350093 0.996208
bt 0.053878 -0.998508 -0.00892862
t -0.0869366 -0.00350073 0.996208
bt 0.052707 -0.9986 0.0045179
t 0.300538 0.00350278 0.953763
bt 0.0504425 -0.9986 -0.0159324
t 0.300538 0.00350298 0.953763
bt 0.0484132 -0.998577 -0.0223645
t -0.0495859 -0.0328132 0.998231
bt 0.75338 -0.644797 -0.129056
t -0.0495828 -0.0328158 0.998231
bt 0.75074 -0.657316 0.0657697
t 0.264487 0.0328327 0.96383
bt 0.718719 -0.657334 -0.226617
t 0.264488 0.0328312 0.96383
bt 0.686119 -0.65423 -0.318157
t -0.0799863 0.0205806 0.996583
bt -0.333717 -0.941057 0.0551804
t -0.0799858 0.020582 0.996584
bt -0.327544 -0.944399 -0.0287334
t 0.29381 -0.0205872 0.955642
bt -0.313575 -0.944401 0.0988793
t 0.29381 -0.0205871 0.955642
bt -0.300661 -0.943566 0.138872
t -0.0799857 -0.0205823 0.996583
bt 0.333716 -0.941059 -0.0551621
t -0.0799862 -0.0205809 0.996584
bt 0.327544 -0.944399 0.0287331
t 0.293811 0.0205919 0.955642
bt 0.313661 -0.94437 -0.0989061
t 0.293811 0.0205858 0.955642
bt 0.300664 -0.943567 -0.138863
t -0.0853934 0.0107574 0.996289
bt -0.163783 -0.986393 -0.0143038
t 0.298972 -0.0107506 0.954201
bt -0.156752 -0.986393 0.0495826
t 0.298972 -0.0107506 0.954201
bt -0.163057 -0.986177 0.0294624
t -0.0853934 0.0107574 0.996289
bt -0.163783 -0.986393 -0.0143038
t -0.0825966 -0.0126679 0.996503
bt 0.343036 -0.93803 -0.0492536
t -0.0701014 -0.0289879 0.997119
bt 0.505673 -0.861589 0.044258
t 0.284266 0.0289956 0.958307
bt 0.484172 -0.861546 -0.152694
t 0.296375 0.0126872 0.954987
bt 0.310702 -0.940233 -0.13938
t -0.0858518 -0.00927681 0.996265
bt 0.143816 -0.989322 -0.0236423
t 0.299432 0.00927449 0.954073
bt 0.129304 -0.989807 -0.0596953
t -0.0360277 -0.027703 0.998967
bt 0.872704 -0.464021 -0.151896
t -0.0360249 -0.0277045 0.998967
bt 0.875831 -0.476497 0.0766217
t 0.251403 0.027728 0.967485
bt 0.838444 -0.476574 -0.264366
t 0.251404 0.0277304 0.967485
bt 0.798841 -0.473441 -0.371089
t -0.0298475 -0.0224691 0.999302
bt 0.921003 -0.354515 -0.161467
t -0.0298536 -0.0224667 0.999302
bt 0.927355 -0.365285 0.0811107
t 0.245463 0.0225487 0.969144
bt 0.887797 -0.365316 -0.279931
t 0.24546 0.0225496 0.969144
bt 0.845066 -0.362656 -0.392867
t -0.0549661 0.0306234 0.998019
bt -0.670406 -0.725839 0.153992
t -0.0605796 0.0358938 0.997518
bt -0.670538 -0.741675 -0.0171938
t 0.208734 -0.0955288 0.973296
bt -0.635424 -0.733931 0.239961
t 0.273428 -0.0351638 0.961249
bt -0.605331 -0.729151 0.31924
t -0.0853044 -0.00108696 0.996354
bt 0.0302263 -0.999405 -0.0166377
t -0.0871116 -0.00220093 0.996196
bt 0.0550047 -0.998469 0.00576552
t 0.300537 0.00218143 0.953767
bt 0.0527197 -0.998486 -0.0156955
t 0.302222 0.00140544 0.953236
bt 0.0280641 -0.999327 -0.0236358
t -0.0635533 -0.0317039 0.997475
bt 0.600766 -0.792978 -0.101323
t -0.0635569 -0.0316992 0.997475
bt 0.594441 -0.802459 0.0519504
t 0.277974 0.0317215 0.960065
bt 0.569088 -0.802456 -0.179456
t 0.277975 0.0317203 0.960065
bt 0.544372 -0.800095 -0.252005
t -0.0761727 0.0184555 0.996924
bt -0.532575 -0.844688 0.0535313
t -0.0571398 0.0349318 0.997755
bt -0.691201 -0.721769 -0.0359162
t 0.268341 -0.0312874 0.962816
bt -0.657607 -0.717119 0.230854
t 0.289175 -0.0183049 0.957101
bt -0.4944 -0.845497 0.20175
t 0.150162 0.0289836 0.988236
bt -0.685567 -0.597452 0.415991
t -0.0480592 0.0214403 0.998614
bt -0.717047 -0.680789 -0.149567
t 0.293038 -0.00528046 0.956086
bt -0.646268 -0.688926 0.328206
t 0.311968 -0.0335436 0.9495
bt -0.645269 -0.618655 0.448211
t 0.152824 -0.00187742 -0.988252
bt 0.939094 -0.0269399 0.342603
t 0.152812 -0.00187708 -0.988253
bt 0.995807 -0.0279037 0.0871136
t 0.402111 0.00183946 -0.915589
bt 0.886658 -0.0279547 0.46158
t 0.402104 0.00183966 -0.915592
bt 0.819266 -0.0277173 0.572744
t 0.120014 -0.0331414 -0.992219
bt 0.676769 -0.695344 0.241826
t 0.120018 -0.0331451 -0.992218
bt 0.704392 -0.707151 0.0614026
t 0.431865 0.0331174 -0.90133
bt 0.627204 -0.707104 0.326527
t 0.431867 0.033115 -0.901329
bt 0.582625 -0.704174 0.405816
t -0.0540514 -0.0330955 0.99799
bt 0.70846 -0.695319 -0.120893
t -0.0540578 -0.0330892 0.997989
bt 0.704389 -0.707151 0.0614338
t 0.268773 0.0330868 0.962635
bt 0.674364 -0.707115 -0.212654
t 0.268773 0.0330873 0.962635
bt 0.644217 -0.70418 -0.298523
t -0.0872004 0 0.996191
bt 0 -1 0
t -0.0872004 0 0.996191
bt 0 -1 0
t 0.300703 0 0.953718
bt 0 -1 0
t 0.300703 0 0.953718
bt 0 -1 0
t -0.0870684 0.00255774 0.996199
bt -0.0393084 -0.999206 0.00645175
t -0.0870684 0.00255767 0.996199
bt -0.0384621 -0.999255 -0.0032404
t 0.300629 -0.00255831 0.953738
bt -0.0368296 -0.999255 0.011556
t 0.300629 -0.00255829 0.953738
bt -0.0353437 -0.999243 0.0162671
t -0.0556759 0.0330605 0.997901
bt -0.691454 -0.712783 0.117609
t -0.0556802 0.033056 0.997901
bt -0.686898 -0.724271 -0.0600312
t 0.270372 -0.0330881 0.962187
bt -0.657631 -0.724257 0.207299
t 0.270373 -0.0330876 0.962187
bt -0.628342 -0.721403 0.291141
t -0.0556791 -0.0330571 0.997901
bt 0.691454 -0.712782 -0.117617
t -0.0556748 -0.0330617 0.997901
bt 0.686898 -0.724271 0.0600312
t 0.270368 0.0330922 0.962188
bt 0.657631 -0.724257 -0.207299
t 0.270368 0.0330926 0.962188
bt 0.628341 -0.721403 -0.291145
t 0.297615 0.000730094 0.954686
bt 0.00333562 -0.999595 -0.0282632
t -0.0906006 -5.5915e-05 0.995887
bt 0.00334175 -0.999605 -0.027907
t -0.0870048 -0.00139176 0.996207
bt 0.0355167 -0.999364 -0.00324869
t -0.0853989 0.00686575 0.996323
bt -0.172485 -0.984973 -0.00876169
t 0.299978 -0.00734298 0.953918
bt -0.164674 -0.984641 0.0580102
t 0.300739 0.00139077 0.953705
bt 0.0318066 -0.999379 -0.0151809
t -0.0869321 0.0036528 0.996208
bt -0.0562154 -0.998376 0.00927645
t -0.0869321 0.00365313 0.996208
bt -0.0549863 -0.998475 -0.0048389
t 0.30046 -0.0036514 0.953787
bt -0.0526238 -0.998475 0.0166628
t 0.30046 -0.00365123 0.953787
bt -0.0505161 -0.99845 0.0233446
t 0.152813 0.00187712 -0.988253
bt -0.939094 -0.0269399 -0.342603
t 0.152825 0.00187745 -0.988251
bt -0.995807 -0.0279037 -0.0871136
t 0.402093 -0.00184 -0.915597
bt -0.886658 -0.0279547 -0.46158
t 0.4021 -0.0018398 -0.915594
bt -0.819266 -0.0277173 -0.572743
t 0.0465858 0.0322491 -0.998394
bt 0.781745 -0.60895 -0.134368
t 0.0465843 0.0322503 -0.998394
bt 0.78021 -0.621768 0.0683897
t -0.261579 -0.0322681 -0.964642
bt 0.746937 -0.62178 -0.235531
t -0.261578 -0.0322693 -0.964643
bt 0.712735 -0.618599 -0.330672
t 0.0869366 -0.00350703 -0.996208
bt -0.0539661 -0.998504 0.00879002
t 0.0869366 -0.00350735 -0.996208
bt -0.0528063 -0.998595 -0.00452658
t -0.300538 0.00351012 -0.953763
bt -0.0505731 -0.998595 0.0158498
t -0.300538 0.00351 -0.953763
bt -0.0485318 -0.998572 0.0223199
t 0.0495866 -0.0328126 -0.998231
bt -0.753375 -0.644786 0.12914
t 0.0495903 -0.0328093 -0.998231
bt -0.75074 -0.657316 -0.0657697
t -0.264487 0.0328321 -0.96383
bt -0.718692 -0.657334 0.226701
t -0.264486 0.032833 -0.96383
bt -0.686081 -0.654223 0.318252
t 0.079986 0.0205816 -0.996584
bt 0.33372 -0.941053 -0.0552288
t 0.0799866 0.02058 -0.996584
bt 0.327558 -0.944399 0.0285773
t -0.29381 -0.0205876 -0.955642
bt 0.313565 -0.944401 -0.0989131
t -0.29381 -0.0205875 -0.955642
bt 0.300649 -0.943565 -0.138907
t 0.079987 -0.0205786 -0.996583
bt -0.333718 -0.941055 0.0552104
t 0.0799865 -0.0205802 -0.996583
bt -0.327558 -0.944399 -0.028577
t -0.29381 0.0205891 -0.955642
bt -0.313565 -0.944401 0.0989131
t -0.29381 0.0205892 -0.955642
bt -0.300652 -0.943565 0.138898
t 0.0853935 0.0107569 -0.996289
bt 0.163784 -0.986393 0.0142879
t -0.298972 -0.0107507 -0.954201
bt 0.156804 -0.986393 -0.0494178
t -0.298972 -0.0107496 -0.954201
bt 0.163068 -0.986176 -0.0294284
t 0.0853935 0.0107569 -0.996289
bt 0.163784 -0.986393 0.0142879
t 0.0825979 -0.0126681 -0.996502
bt -0.343123 -0.937999 0.0492461
t 0.0701018 -0.028993 -0.997118
bt -0.505749 -0.861546 -0.0442414
t -0.284264 0.0289975 -0.958307
bt -0.484178 -0.861546 0.152674
t -0.296287 0.0126539 -0.955015
bt -0.310738 -0.94023 0.139318
t 0.0858517 -0.00927798 -0.996265
bt -0.143816 -0.989322 0.0236453
t -0.299449 0.00927657 -0.954067
bt -0.129308 -0.989804 0.0597236
t 0.0360285 -0.0277026 -0.998967
bt -0.872704 -0.464022 0.151893
t 0.0360296 -0.027702 -0.998967
bt -0.875831 -0.476497 -0.0766217
t -0.251401 0.027729 -0.967486
bt -0.838446 -0.476574 0.26436
t -0.251403 0.0277307 -0.967485
bt -0.798844 -0.473441 0.371081
t 0.029846 -0.0224697 -0.999302
bt -0.921007 -0.354518 0.161442
t 0.0298398 -0.0224721 -0.999302
bt -0.927353 -0.365285 -0.0811361
t -0.245459 0.0225501 -0.969145
bt -0.887804 -0.365316 0.279908
t -0.245458 0.0225507 -0.969145
bt -0.845076 -0.362657 0.392843
t 0.0543111 0.0299956 -0.998073
bt 0.663317 -0.741697 0.0994804
t -0.275668 -0.0356127 -0.960593
bt 0.614919 -0.749512 -0.245164
t -0.270543 -0.0306964 -0.962218
bt 0.679475 -0.733666 0.00690531
t 0.0599137 0.0352982 -0.997579
bt 0.663356 -0.741661 0.0994833
t 0.0889026 -0.0011944 -0.99604
bt -0.02842 -0.999586 -0.00442482
t 0.0870118 -0.0021955 -0.996205
bt -0.055171 -0.998469 -0.00387114
t -0.300652 0.00221268 -0.953731
bt -0.0527623 -0.998453 0.0175613
t -0.299055 0.000896639 -0.954236
bt -0.0241301 -0.999707 0.00191495
t 0.0635585 -0.0317023 -0.997474
bt -0.600832 -0.792936 0.101264
t 0.0635524 -0.0317105 -0.997475
bt -0.594503 -0.802411 -0.051984
t -0.277969 0.0317279 -0.960066
bt -0.569096 -0.802456 0.17943
t -0.277971 0.0317247 -0.960065
bt -0.544388 -0.800098 0.251961
t 0.0538598 0.031122 -0.998063
bt 0.68696 -0.72175 0.0846327
t -0.27202 -0.034921 -0.961658
bt 0.661812 -0.726526 -0.184839
t -0.290263 -0.0185324 -0.956767
bt 0.527265 -0.847389 -0.0626289
t 0.0759852 0.0172439 -0.99696
bt 0.522005 -0.848031 0.0914018
t -0.0836838 0.0223428 -0.996242
bt 0.704474 -0.607404 -0.36712
t 0.068312 0.0204983 -0.997453
bt 0.695652 -0.703167 0.147053
t -0.274368 -0.0156789 -0.961497
bt 0.64924 -0.679463 -0.341786
t -0.267757 -0.0388214 -0.962704
bt 0.69397 -0.597484 -0.40177
t -0.152813 -0.00187711 0.988253
bt -0.974534 -0.0276372 -0.222532
t -0.152823 -0.00187738 0.988252
bt -0.995804 -0.0279037 -0.0871583
t -0.402091 0.00184006 0.915598
bt -0.886644 -0.0279547 -0.461607
t -0.402089 0.00184011 0.915599
bt -0.819254 -0.0277172 -0.57276
t -0.120019 -0.0331462 0.992218
bt -0.676765 -0.695341 -0.241847
t -0.120013 -0.0331398 0.992219
bt -0.704389 -0.707151 -0.0614348
t -0.43187 0.033112 0.901328
bt -0.627231 -0.707104 -0.326474
t -0.43187 0.0331121 0.901328
bt -0.582646 -0.704177 -0.405782
t 0.0540492 -0.0330978 -0.99799
bt -0.708463 -0.695328 0.120825
t 0.0540504 -0.0330966 -0.99799
bt -0.704392 -0.707151 -0.0614026
t -0.268773 0.033087 -0.962635
bt -0.674398 -0.707115 0.212544
t -0.268773 0.0330871 -0.962635
bt -0.644244 -0.704185 0.298451
t 0.0872004 0 -0.996191
bt 0 -1 0
t 0.0872004 0 -0.996191
bt 0 -1 0
t -0.300703 0 -0.953718
bt 0 -1 0
t -0.300703 0 -0.953718
bt 0 -1 0
t 0.0870684 0.00255794 -0.996199
bt 0.0393122 -0.999206 -0.00649577
t 0.0870684 0.00255781 -0.996199
bt 0.0384498 -0.999255 0.00338032
t -0.300629 -0.00255791 -0.953738
bt 0.0367849 -0.999255 -0.0116979
t -0.300629 -0.00255781 -0.953738
bt 0.0353183 -0.999242 -0.0163475
t 0.0556755 0.033061 -0.997901
bt 0.691451 -0.712773 -0.117684
t 0.055674 0.0330625 -0.997901
bt 0.6869 -0.724271 0.0600059
t -0.270371 -0.0330897 -0.962187
bt 0.657601 -0.724257 -0.207394
t -0.27037 -0.0330906 -0.962188
bt 0.62833 -0.721401 -0.291174
t 0.0556757 -0.0330607 -0.997901
bt -0.691451 -0.712772 0.117693
t 0.0556772 -0.0330591 -0.997901
bt -0.6869 -0.724271 -0.0600059
t -0.270371 0.033089 -0.962187
bt -0.657601 -0.724257 0.207394
t -0.270372 0.0330881 -0.962187
bt -0.628328 -0.721401 0.291178
t 0.0837004 -5.01607e-05 -0.996491
bt 0.00153456 -0.999612 -0.0278241
t -0.303806 -0.000689871 -0.952734
bt 0.00158997 -0.999618 -0.0275887
t 0.0872045 -0.00139906 -0.99619
bt -0.0356051 -0.999357 0.00425135
t 0.0865518 0.00666029 -0.996225
bt 0.171386 -0.984973 0.0213285
t -0.299069 -0.0067972 -0.954207
bt 0.164459 -0.985324 -0.0457138
t -0.300339 0.00699308 -0.953807
bt -0.0332823 -0.99938 0.0115011
t 0.0869321 0.00365298 -0.996208
bt 0.0562124 -0.998376 -0.00924195
t 0.0869321 0.00365288 -0.996208
bt 0.0549945 -0.998475 0.00474511
t -0.30046 -0.00365139 -0.953787
bt 0.0526451 -0.998475 -0.0165952
t -0.30046 -0.00365126 -0.953787
bt 0.0505275 -0.998451 -0.0233085
t -0.152823 0.00187738 0.988252
bt 0.939082 -0.0269396 0.342636
t -0.152808 0.00187695 0.988254
bt 0.995804 -0.0279037 0.0871583
t -0.402103 -0.00183969 0.915593
bt 0.886644 -0.0279547 0.461607
t -0.402105 -0.00183963 0.915592
bt 0.819254 -0.0277172 0.57276
t -0.738899 0.0322204 0.673046
bt -0.647803 -0.608965 -0.457726
t -0.738897 0.0322219 0.673047
bt -0.503328 -0.621782 -0.600041
t -0.497163 -0.0322425 0.867058
bt -0.69474 -0.62176 -0.361594
t -0.497161 -0.0322405 0.867059
bt -0.737821 -0.618577 -0.270152
t -0.765928 -0.00350974 0.642916
bt 0.0444801 -0.998502 0.031855
t -0.765929 -0.00350971 0.642916
bt 0.034207 -0.998595 0.0404811
t -0.461893 0.00351021 0.886929
bt 0.0470111 -0.998595 0.02447
t -0.461893 0.00351031 0.886929
bt 0.0501437 -0.998572 0.0184496
t -0.74091 -0.0327913 0.670803
bt 0.624018 -0.644782 0.441426
t -0.740908 -0.032794 0.670805
bt 0.484337 -0.657304 0.577382
t -0.494543 0.0327961 0.868534
bt 0.668525 -0.657296 0.347903
t -0.494542 0.032795 0.868535
bt 0.710184 -0.654186 0.260152
t -0.761297 0.020608 0.648075
bt -0.27504 -0.941051 -0.196916
t -0.750604 0.0616285 0.657872
bt -0.211426 -0.944392 -0.25184
t -0.468009 -0.0205773 0.883484
bt -0.291678 -0.944402 -0.151756
t -0.468009 -0.0205782 0.883484
bt -0.310806 -0.943566 -0.114382
t -0.750603 -0.0616318 0.657873
bt 0.306038 -0.936892 0.169038
t -0.750603 -0.0616309 0.657873
bt 0.211426 -0.944392 0.25184
t -0.468009 0.0205776 0.883484
bt 0.291613 -0.944402 0.151879
t -0.468009 0.0205773 0.883484
bt 0.310761 -0.94357 0.114473
t -0.764855 0.0107547 0.644113
bt -0.137732 -0.985524 -0.0988584
t -0.764855 0.0107539 0.644113
bt -0.105702 -0.986393 -0.125923
t -0.463356 -0.0107427 0.886107
bt -0.145832 -0.986393 -0.0759044
t -0.463306 -0.0107512 0.886133
bt -0.155471 -0.986178 -0.0572802
t -0.763054 -0.0126738 0.64621
bt 0.277396 -0.938023 0.20776
t -0.754635 -0.0289854 0.655504
bt 0.32637 -0.861586 0.388783
t -0.476628 0.0289907 0.878627
bt 0.450244 -0.861578 0.234441
t -0.465778 0.012659 0.884811
bt 0.318229 -0.94023 0.121233
t -0.765196 -0.00928295 0.64373
bt 0.118421 -0.989321 0.0849686
t -0.462897 0.00927474 0.886364
bt 0.133653 -0.989805 0.0492195
t -0.731875 -0.0277687 0.680873
bt 0.724474 -0.464094 0.509661
t -0.731875 -0.0277719 0.680873
bt 0.565083 -0.476542 0.67349
t -0.589168 0.082117 0.803827
bt 0.779822 -0.47655 0.405929
t -0.589168 0.082117 0.803827
bt 0.779822 -0.47655 0.405929
t -0.727741 -0.022552 0.685481
bt 0.765403 -0.354544 0.537081
t -0.727737 -0.0225542 0.685485
bt 0.598358 -0.365333 0.713091
t -0.511732 0.0225226 0.85885
bt 0.825683 -0.365363 0.429833
t -0.511736 0.0225242 0.858848
bt 0.875331 -0.3627 0.319756
t -0.745952 0.0311192 0.665272
bt -0.567325 -0.741261 -0.358713
t -0.707016 0.0996749 0.700138
bt -0.442714 -0.756581 -0.481238
t -0.489681 -0.0300721 0.871383
bt -0.603881 -0.749627 -0.270903
t -0.484905 -0.0350193 0.873865
bt -0.639405 -0.744493 -0.192074
t -0.765197 -0.000737576 0.643796
bt 0.0246805 -0.999686 0.00432175
t -0.765979 -0.002221 0.642862
bt 0.0386042 -0.99843 0.0405754
t -0.461924 0.00220397 0.886917
bt 0.0508365 -0.998448 0.0227562
t -0.460274 0.000979941 0.887776
bt 0.0274264 -0.999623 -0.0016286
t -0.750279 -0.0317195 0.66036
bt 0.49642 -0.792977 0.353205
t -0.750278 -0.0317218 0.660361
bt 0.38362 -0.802455 0.457058
t -0.482288 0.0317448 0.875437
bt 0.529263 -0.80246 0.275569
t -0.482288 0.0317451 0.875437
bt 0.563102 -0.800103 0.206763
t -0.758707 0.0188771 0.651158
bt -0.405826 -0.849985 -0.335903
t -0.745989 0.034688 0.665054
bt -0.452194 -0.730562 -0.511664
t -0.541026 -0.0961944 0.835486
bt -0.619697 -0.726493 -0.296957
t -0.471328 -0.0169278 0.881795
bt -0.484975 -0.850756 -0.202519
t -0.754783 0.0193769 0.655688
bt -0.494478 -0.68457 -0.535589
t -0.487612 -0.0252703 0.872695
bt -0.610626 -0.677036 -0.410801
t -0.53321 -0.0260868 0.84558
bt -0.589263 -0.592674 -0.549097
t -0.740192 0.0257307 0.671903
bt -0.551683 -0.607788 -0.571174
t -0.590741 -0.00188231 -0.806859
bt 0.846431 -0.0276967 -0.531777
t -0.590739 -0.00188239 -0.806861
bt 0.765727 -0.0279638 -0.642558
t -0.363099 0.00186876 -0.931749
bt 0.953347 -0.0279904 -0.300577
t -0.3631 0.0018688 -0.931748
bt 0.984297 -0.0277562 -0.174324
t -0.616698 -0.033094 -0.786504
bt 0.649698 -0.695286 -0.30736
t -0.616698 -0.0330937 -0.786504
bt 0.541818 -0.707113 -0.454339
t -0.331935 0.0331418 -0.94272
bt 0.674398 -0.707115 -0.212544
t -0.331935 0.0331424 -0.94272
bt 0.698936 -0.704184 -0.124958
t -0.743931 -0.0331392 0.667435
bt 0.586486 -0.695273 0.415488
t -0.743931 -0.033139 0.667434
bt 0.454728 -0.707113 0.541492
t -0.490615 0.0331124 0.870747
bt 0.627232 -0.707104 0.326472
t -0.490618 0.0331156 0.870745
bt 0.666673 -0.704163 0.244338
t -0.766018 0 0.642819
bt 0 -1 0
t -0.766018 0 0.642819
bt 0 -1 0
t -0.461719 0 0.887026
bt 0 -1 0
t -0.461719 0 0.887026
bt 0 -1 0
t -0.765995 0.00255833 0.642842
bt -0.0324258 -0.999205 -0.0231774
t -0.765995 0.0025579 0.642842
bt -0.0248027 -0.999255 -0.029576
t -0.461806 -0.00255837 0.886977
bt -0.0343051 -0.999255 -0.0176922
t -0.461806 -0.00255824 0.886977
bt -0.0365731 -0.999242 -0.0133342
t -0.745011 0.0330928 0.666231
bt -0.510988 -0.72126 -0.467628
t -0.745011 0.0330932 0.666231
bt -0.44322 -0.724254 -0.528216
t -0.489195 -0.0330812 0.871547
bt -0.611633 -0.724257 -0.318368
t -0.489196 -0.0330823 0.871546
bt -0.65019 -0.721399 -0.238401
t -0.745013 -0.0330894 0.666228
bt 0.572132 -0.712757 0.405761
t -0.745011 -0.0330927 0.666231
bt 0.443221 -0.724254 0.528216
t -0.489199 0.0330857 0.871545
bt 0.611633 -0.724257 0.318368
t -0.489198 0.0330845 0.871545
bt 0.650192 -0.721399 0.238397
t -0.46461 -0.000623178 0.885515
bt 0.00328016 -0.999615 -0.0275522
t -0.767608 0.00130795 0.640919
bt 0.00303737 -0.999623 -0.0272823
t -0.765976 -0.00140134 0.642868
bt 0.0276538 -0.999356 0.0228767
t -0.765048 0.00683692 0.643937
bt -0.112071 -0.985606 -0.126572
t -0.462289 -0.00657482 0.886705
bt -0.154024 -0.985323 -0.0735862
t -0.461726 0.00140212 0.887021
bt 0.0334908 -0.999368 0.0118946
t -0.765924 0.00365568 0.642921
bt -0.0462503 -0.998377 -0.0332423
t -0.765924 0.00365563 0.642921
bt -0.0355567 -0.998475 -0.0422219
t -0.461871 -0.00365792 0.88694
bt -0.0489237 -0.998475 -0.0255621
t -0.461871 -0.00365807 0.88694
bt -0.0521841 -0.998451 -0.0192952
t -0.590739 0.00188239 -0.806861
bt -0.906292 -0.0269977 0.421789
t -0.590741 0.00188231 -0.806859
bt -0.765727 -0.0279638 0.642558
t -0.363097 -0.00186872 -0.931749
bt -0.953347 -0.0279904 0.300577
t -0.363096 -0.00186868 -0.93175
bt -0.984297 -0.0277562 0.174324
t 0.738923 0.0322802 -0.673016
bt 0.64781 -0.608919 0.457777
t 0.738923 0.0322797 -0.673016
bt 0.503497 -0.621742 0.59994
t 0.497159 -0.032239 -0.86706
bt 0.69469 -0.62176 0.361689
t 0.497161 -0.0322402 -0.867059
bt 0.737772 -0.618585 0.27027
t 0.765929 -0.00350973 -0.642916
bt -0.0444647 -0.998502 -0.0318679
t 0.765928 -0.00351 -0.642916
bt -0.033982 -0.998595 -0.0406699
t 0.461893 0.00351017 -0.886929
bt -0.0470853 -0.998595 -0.0243274
t 0.461893 0.00351022 -0.886929
bt -0.0501932 -0.998571 -0.0183544
t 0.740908 -0.0327947 -0.670806
bt -0.623993 -0.644787 -0.441455
t 0.74091 -0.0327913 -0.670803
bt -0.484441 -0.657304 -0.577295
t 0.49454 0.0327923 -0.868536
bt -0.66846 -0.657296 -0.348027
t 0.494539 0.0327918 -0.868536
bt -0.710147 -0.654192 -0.260238
t 0.761257 0.0205802 -0.648124
bt 0.274983 -0.941064 0.196934
t 0.761257 0.0205813 -0.648124
bt 0.211297 -0.944407 0.25189
t 0.46801 -0.0205798 -0.883484
bt 0.291638 -0.944402 0.151831
t 0.468009 -0.0205785 -0.883484
bt 0.310802 -0.943566 0.114391
t 0.761298 -0.0206066 -0.648075
bt -0.274984 -0.941057 -0.196965
t 0.761298 -0.0206055 -0.648075
bt -0.21131 -0.9444 -0.251906
t 0.468009 0.0205774 -0.883484
bt -0.291638 -0.944402 -0.151831
t 0.468009 0.0205788 -0.883484
bt -0.310798 -0.943566 -0.114399
t 0.764855 0.0107537 -0.644113
bt 0.137732 -0.985524 0.0988584
t 0.764855 0.0107529 -0.644113
bt 0.105702 -0.986393 0.125923
t 0.463356 -0.0107424 -0.886107
bt 0.145832 -0.986393 0.0759044
t 0.463356 -0.0107431 -0.886107
bt 0.155497 -0.986175 0.0572626
t 0.763053 -0.012681 -0.646211
bt -0.277475 -0.93799 -0.207806
t 0.754637 -0.0289868 -0.655502
bt -0.326301 -0.861542 -0.388939
t 0.476625 0.0289858 -0.878628
bt -0.450287 -0.861579 -0.234359
t 0.465777 0.0126574 -0.884811
bt -0.318239 -0.940229 -0.121213
t 0.765196 -0.00928276 -0.64373
bt -0.118367 -0.989324 -0.0850144
t 0.462897 0.00927584 -0.886364
bt -0.133618 -0.989807 -0.0492871
t 0.731878 -0.0277663 -0.68087
bt -0.724468 -0.464095 -0.509668
t 0.731876 -0.0277677 -0.680872
bt -0.565111 -0.476584 -0.673437
t 0.506334 0.0277679 -0.86189
bt -0.779823 -0.476508 -0.405975
t 0.506333 0.0277674 -0.861891
bt -0.827266 -0.473423 -0.302493
t 0.727738 -0.0225538 -0.685484
bt -0.765402 -0.354544 -0.537083
t 0.727738 -0.022554 -0.685485
bt -0.598342 -0.365333 -0.713105
t 0.511734 0.0225233 -0.858849
bt -0.825687 -0.365363 -0.429826
t 0.511731 0.0225222 -0.85885
bt -0.875331 -0.3627 -0.319758
t 0.490293 -0.0309086 -0.871009
bt 0.584086 -0.733955 0.346632
t 0.746268 0.0346433 -0.664743
bt 0.418646 -0.727551 0.543512
t 0.743861 0.0309677 -0.667617
bt 0.544438 -0.720881 0.428856
t 0.485809 -0.0357388 -0.873334
bt 0.623176 -0.733875 0.270332
t 0.766841 -0.00157034 -0.641835
bt -0.0254367 -0.999269 -0.0285262
t 0.765979 -0.00217466 -0.642862
bt -0.0388634 -0.998491 -0.0387958
t 0.461802 0.00218811 -0.88698
bt -0.051113 -0.998474 -0.0209225
t 0.463309 0.00128724 -0.886196
bt -0.0275536 -0.999411 -0.0204663
t 0.75028 -0.0317174 -0.660359
bt -0.496469 -0.792969 -0.353156
t 0.75028 -0.0317167 -0.660358
bt -0.38362 -0.802455 -0.457058
t 0.48229 0.0317477 -0.875436
bt -0.529303 -0.80246 -0.275492
t 0.48229 0.0317475 -0.875436
bt -0.563126 -0.8001 -0.20671
t 0.742729 0.0330627 -0.668776
bt 0.437283 -0.713313 0.547693
t 0.488404 -0.0348419 -0.871922
bt 0.607486 -0.717158 0.341533
t 0.470738 -0.0170896 -0.882107
bt 0.425185 -0.842242 0.331429
t 0.723962 0.091389 -0.68376
bt 0.331162 -0.843984 0.421927
t 0.52821 -0.0128008 -0.849017
bt 0.517035 -0.628856 0.580702
t 0.749173 0.0329646 -0.661554
bt 0.420165 -0.622709 0.660072
t 0.751626 0.0183561 -0.659334
bt 0.490138 -0.694998 0.526063
t 0.476887 -0.0228215 -0.878668
bt 0.585063 -0.700322 0.408962
t 0.590741 -0.00188234 0.806859
bt -0.846439 -0.0276967 0.531765
t 0.590738 -0.00188243 0.806861
bt -0.765727 -0.0279638 0.642558
t 0.363097 0.0018687 0.93175
bt -0.95335 -0.0279904 0.300567
t 0.363097 0.0018687 0.93175
bt -0.95335 -0.0279904 0.300567
t 0.616697 -0.0330948 0.786504
bt -0.649661 -0.695295 0.307417
t 0.616698 -0.0330937 0.786504
bt -0.541818 -0.707113 0.454339
t 0.331932 0.0331386 0.942721
bt -0.674364 -0.707115 0.212653
t 0.331934 0.0331417 0.94272
bt -0.698915 -0.704189 0.125044
t 0.743934 -0.0331349 -0.667431
bt -0.586427 -0.695284 -0.415551
t 0.74393 -0.0331396 -0.667435
bt -0.454728 -0.707113 -0.541492
t 0.490621 0.033119 -0.870744
bt -0.627204 -0.707104 -0.326526
t 0.490619 0.0331171 -0.870744
bt -0.66667 -0.704164 -0.244345
t 0.766018 0 -0.642819
bt 0 -1 0
t 0.766018 0 -0.642819
bt 0 -1 0
t 0.461719 0 -0.887026
bt 0 -1 0
t 0.461719 0 -0.887026
bt 0 -1 0
t 0.765995 0.00255881 -0.642842
bt 0.0324031 -0.999206 0.0231965
t 0.765995 0.0025589 -0.642842
bt 0.0247894 -0.999255 0.0295872
t 0.461857 -0.00255639 -0.886951
bt 0.0342982 -0.999255 0.017713
t 0.461806 -0.00255848 -0.886977
bt 0.0365472 -0.999242 0.013384
t 0.74501 0.0330938 -0.666231
bt 0.511027 -0.721256 0.467591
t 0.745009 0.0330961 -0.666233
bt 0.443228 -0.724254 0.52821
t 0.489198 -0.033085 -0.871545
bt 0.611633 -0.724257 0.318368
t 0.489197 -0.0330832 -0.871546
bt 0.650191 -0.721399 0.2384
t 0.745009 -0.033096 -0.666233
bt -0.572134 -0.712757 -0.405759
t 0.744982 -0.0330393 -0.666266
bt -0.443207 -0.724285 -0.528185
t 0.489192 0.0330774 -0.871549
bt -0.611633 -0.724257 -0.318368
t 0.489194 0.0330792 -0.871548
bt -0.650193 -0.721399 -0.238396
t 0.764458 -0.00132 -0.644672
bt 0.00169797 -0.999592 -0.0285044
t 0.458945 0.000807209 -0.888464
bt 0.00156845 -0.999598 -0.0283041
t 0.766021 -0.00138393 -0.642814
bt -0.0278789 -0.999368 -0.0220334
t 0.765538 0.00655731 -0.643357
bt 0.109805 -0.984362 0.137747
t 0.463165 -0.00633667 -0.886249
bt 0.152098 -0.984641 0.0857167
t 0.461849 0.00138516 -0.886957
bt -0.0336568 -0.999374 -0.0109303
t 0.765924 0.00365537 -0.642921
bt 0.0462957 -0.998376 0.0332042
t 0.765924 0.00365552 -0.642921
bt 0.0354211 -0.998475 0.0423357
t 0.461871 -0.00365802 -0.88694
bt 0.049002 -0.998475 0.0254116
t 0.461871 -0.00365788 -0.88694
bt 0.0522492 -0.99845 0.0191699
t 0.590738 0.00188243 0.806861
bt 0.906295 -0.0269976 -0.421782
t 0.590744 0.00188222 0.806857
bt 0.765727 -0.0279638 -0.642558
t 0.363089 -0.00186848 0.931752
bt 0.95335 -0.0279904 -0.300567
t 0.363095 -0.00186864 0.93175
bt 0.984301 -0.0277561 -0.174303
t 0.673049 0.0322236 0.738896
bt -0.45774 -0.608967 0.647791
t 0.673019 0.0322828 0.738921
bt -0.599968 -0.621742 0.503463
t 0.86706 -0.0322392 0.497159
bt -0.361665 -0.62176 0.694703
t 0.86706 -0.0322398 0.49716
bt -0.270198 -0.61858 0.737802
t 0.642916 -0.00350297 0.765928
bt 0.0317867 -0.998508 -0.0444063
t 0.642916 -0.00350308 0.765929
bt 0.040519 -0.9986 -0.0340067
t 0.886929 0.0035036 0.461893
bt 0.0243061 -0.9986 -0.0469839
t 0.886929 0.00350354 0.461893
bt 0.0183405 -0.998576 -0.050088
t 0.670806 -0.0327948 0.740908
bt 0.441531 -0.6448 -0.623926
t 0.670806 -0.0327953 0.740907
bt 0.57736 -0.657304 -0.484363
t 0.868534 0.0327958 0.494543
bt 0.348112 -0.657296 -0.668416
t 0.868535 0.0327938 0.494541
bt 0.260277 -0.654195 -0.71013
t 0.648075 0.0206069 0.761298
bt -0.196948 -0.941055 0.275003
t 0.648178 0.0205591 0.761211
bt -0.251892 -0.944399 0.211332
t 0.883484 -0.020579 0.468009
bt -0.151816 -0.944402 0.291646
t 0.883484 -0.0205782 0.468009
bt -0.114391 -0.943566 0.310802
t 0.657873 -0.0616316 0.750603
bt 0.168982 -0.936882 -0.306099
t 0.648075 -0.0206067 0.761298
bt 0.251889 -0.9444 -0.211329
t 0.883484 0.0205778 0.468009
bt 0.151817 -0.944402 -0.291646
t 0.883484 0.0205785 0.468009
bt 0.114399 -0.943566 -0.310798
t 0.644113 0.0107538 0.764855
bt -0.0988122 -0.985521 0.137786
t 0.644113 0.0107545 0.764855
bt -0.125882 -0.986393 0.105752
t 0.886107 -0.0107431 0.463356
bt -0.075884 -0.986393 0.145843
t 0.886107 -0.0107422 0.463356
bt -0.0572796 -0.986176 0.155488
t 0.655502 -0.028987 0.754637
bt 0.38878 -0.861542 -0.32649
t 0.878628 0.028986 0.476625
bt 0.234439 -0.861579 -0.450245
t 0.884811 0.0126576 0.465777
bt 0.191355 -0.940222 -0.281718
t 0.646211 -0.0126751 0.763054
bt 0.259256 -0.940961 -0.217668
t 0.64373 -0.00928368 0.765196
bt 0.0849721 -0.989322 -0.118416
t 0.886364 0.00927471 0.462897
bt 0.0491987 -0.989805 -0.133664
t 0.680876 -0.0277741 0.731872
bt 0.509675 -0.464049 -0.724492
t 0.680872 -0.0277712 0.731876
bt 0.673454 -0.476542 -0.565126
t 0.861895 0.0277632 0.506326
bt 0.405959 -0.476508 -0.779832
t 0.861893 0.0277652 0.50633
bt 0.302482 -0.473422 -0.82727
t 0.685485 -0.022554 0.727738
bt 0.537072 -0.354543 -0.76541
t 0.685485 -0.0225543 0.727737
bt 0.713079 -0.365333 -0.598372
t 0.858852 0.0225206 0.511728
bt 0.429826 -0.365363 -0.825687
t 0.858851 0.0225214 0.51173
bt 0.319762 -0.3627 -0.875329
t 0.667232 0.0314711 0.744185
bt -0.388356 -0.7139 0.582689
t 0.664353 0.0351361 0.746592
bt -0.50668 -0.727526 0.46258
t 0.870982 -0.0319424 0.490275
bt -0.305042 -0.723404 0.619383
t 0.871904 -0.033923 0.4885
bt -0.229047 -0.720014 0.655071
t 0.643791 -0.00146874 0.7652
bt 0.0188763 -0.999141 -0.0368917
t 0.642862 -0.00217393 0.765979
bt 0.0396597 -0.998497 -0.0378343
t 0.886941 0.00216305 0.461877
bt 0.0217894 -0.998507 -0.0500977
t 0.88732 0.00166524 0.461152
bt 0.0115802 -0.999121 -0.0402988
t 0.660358 -0.031716 0.750281
bt 0.457121 -0.802455 -0.383545
t 0.875439 0.0317396 0.482285
bt 0.275539 -0.80246 -0.529279
t 0.875436 0.0317475 0.48229
bt 0.343941 -0.800009 -0.491619
t 0.660358 -0.031716 0.750281
bt 0.457121 -0.802455 -0.383545
t 0.651262 0.0181887 0.758635
bt -0.34922 -0.840483 0.414286
t 0.70981 0.0997134 0.6973
bt -0.525747 -0.713288 0.463476
t 0.870978 -0.0318196 0.49029
bt -0.316613 -0.710772 0.62814
t 0.881655 -0.0173014 0.471577
bt -0.241759 -0.842656 0.481128
t 0.656375 0.0179902 0.75422
bt -0.546468 -0.692878 0.470419
t 0.876885 -0.0194972 0.480305
bt -0.39896 -0.688661 0.605456
t 0.845869 -0.0250668 0.532801
bt -0.566412 -0.612431 0.551458
t 0.66977 0.0280616 0.742038
bt -0.58794 -0.627216 0.510809
t 0.806855 -0.00188212 -0.590747
bt 0.421771 -0.0269975 0.9063
t 0.806857 -0.00188221 -0.590744
bt 0.642529 -0.0279638 0.765751
t 0.93175 0.00186868 -0.363096
bt 0.300567 -0.0279904 0.95335
t 0.93175 0.00186868 -0.363096
bt 0.174317 -0.0277561 0.984298
t 0.786504 -0.0330943 -0.616698
bt 0.307558 -0.695316 0.649572
t 0.786502 -0.0330913 -0.6167
bt 0.454728 -0.707113 0.541492
t 0.94272 0.0331407 -0.331934
bt 0.212654 -0.707115 0.674364
t 0.94272 0.0331408 -0.331934
bt 0.124916 -0.704181 0.698946
t 0.667433 -0.0331376 0.743932
bt 0.415566 -0.695287 -0.586414
t 0.667433 -0.0331377 0.743932
bt 0.541818 -0.707113 -0.454339
t 0.870746 0.0331133 0.490616
bt 0.326378 -0.707104 -0.627281
t 0.870747 0.0331124 0.490615
bt 0.244336 -0.704163 -0.666674
t 0.642819 0 0.766018
bt 0 -1 0
t 0.642819 0 0.766018
bt 0 -1 0
t 0.887026 0 0.461719
bt 0 -1 0
t 0.887026 0 0.461719
bt 0 -1 0
t 0.642842 0.00255818 0.765995
bt -0.0232278 -0.999206 0.0323658
t 0.642842 0.00255843 0.765995
bt -0.0295641 -0.999255 0.0248169
t 0.886977 -0.00255889 0.461806
bt -0.0178223 -0.999255 0.0342374
t 0.886951 -0.00255675 0.461857
bt -0.0134595 -0.999243 0.0365119
t 0.66623 0.0330925 0.745011
bt -0.40574 -0.712754 0.572152
t 0.66623 0.0330923 0.745011
bt -0.528141 -0.724254 0.443309
t 0.871546 -0.0330823 0.489196
bt -0.318368 -0.724257 0.611633
t 0.871545 -0.0330842 0.489198
bt -0.238431 -0.721402 0.650177
t 0.66623 -0.0330919 0.745012
bt 0.528141 -0.724254 -0.443309
t 0.871545 0.0330842 0.489198
bt 0.318368 -0.724257 -0.611633
t 0.871546 0.0330824 0.489196
bt 0.397626 -0.721266 -0.567159
t 0.66623 -0.0330919 0.745012
bt 0.528141 -0.724254 -0.443309
t 0.886364 0.00174512 0.462985
bt 0.00278853 -0.999579 -0.0288885
t 0.640918 -0.00142515 0.767608
bt 0.00312148 -0.999587 -0.0285514
t 0.643016 -0.00691557 0.765822
bt 0.0224494 -0.999373 -0.0273832
t 0.644055 0.00724143 0.764945
bt -0.13206 -0.984362 0.116582
t 0.886536 -0.00698813 0.462608
bt -0.0796994 -0.984172 0.158282
t 0.887021 0.00138227 0.461726
bt 0.0114217 -0.999384 -0.0331738
t 0.642921 0.00365601 0.765924
bt -0.033249 -0.998377 0.0462422
t 0.642921 0.00365564 0.765924
bt -0.0423202 -0.998475 0.0354395
t 0.88694 -0.00365745 0.461871
bt -0.025488 -0.998475 0.0489623
t 0.88694 -0.00365766 0.461871
bt -0.0192458 -0.998451 0.0522098
t 0.806861 0.00188241 -0.590739
bt -0.421771 -0.0269975 -0.9063
t 0.806859 0.00188232 -0.590741
bt -0.642529 -0.0279638 -0.765751
t 0.931751 -0.0018686 -0.363093
bt -0.300567 -0.0279904 -0.95335
t 0.931751 -0.0018686 -0.363093
bt -0.174317 -0.0277561 -0.984298
t -0.67302 0.0322842 -0.738919
bt 0.457766 -0.608917 -0.64782
t -0.673016 0.0322801 -0.738923
bt 0.599954 -0.621742 -0.503479
t -0.867063 -0.0322349 -0.497155
bt 0.361665 -0.62176 -0.694703
t -0.867063 -0.0322354 -0.497155
bt 0.270181 -0.618579 -0.737809
t -0.642916 -0.00350989 -0.765928
bt -0.0319128 -0.998503 0.0444113
t -0.642916 -0.00350971 -0.765929
bt -0.0405952 -0.998595 0.0340711
t -0.886929 0.00351001 -0.461893
bt -0.0244944 -0.998595 0.0469983
t -0.886929 0.00351027 -0.461893
bt -0.0185461 -0.998572 0.0500935
t -0.670803 -0.0327921 -0.74091
bt -0.441373 -0.644773 0.624066
t -0.670807 -0.032796 -0.740907
bt -0.577282 -0.657304 0.484456
t -0.868535 0.0327948 -0.494542
bt -0.347881 -0.657296 0.668536
t -0.868535 0.0327945 -0.494542
bt -0.260072 -0.65418 0.710218
t -0.648125 0.0205846 -0.761256
bt 0.196951 -0.941066 -0.274964
t -0.648125 0.0205847 -0.761256
bt 0.251825 -0.944407 -0.211374
t -0.883484 -0.0205757 -0.468009
bt 0.151865 -0.944402 -0.291621
t -0.883484 -0.0205765 -0.468009
bt 0.114455 -0.943569 -0.31077
t -0.657874 -0.061634 -0.750602
bt -0.16904 -0.936893 0.306036
t -0.657874 -0.0616339 -0.750602
bt -0.251859 -0.944392 0.211403
t -0.883484 0.0205765 -0.468009
bt -0.151865 -0.944402 0.291621
t -0.883484 0.0205756 -0.468008
bt -0.114463 -0.943569 0.310766
t -0.644113 0.0107548 -0.764855
bt 0.0988058 -0.98552 -0.137794
t -0.644113 0.0107528 -0.764855
bt 0.125882 -0.986393 -0.105752
t -0.886107 -0.010742 -0.463356
bt 0.075796 -0.986393 -0.145889
t -0.886107 -0.010743 -0.463356
bt 0.0572024 -0.986174 -0.155528
t -0.655503 -0.0289837 -0.754636
bt -0.388854 -0.861586 0.326286
t -0.878628 0.0289881 -0.476627
bt -0.234282 -0.861579 0.450327
t -0.884811 0.01266 -0.465778
bt -0.191419 -0.94022 0.281684
t -0.646211 -0.0126766 -0.763053
bt -0.259305 -0.940961 0.21761
t -0.64373 -0.00928127 -0.765196
bt -0.0849972 -0.989323 0.118387
t -0.886364 0.00927669 -0.462897
bt -0.049251 -0.989806 0.133637
t -0.680869 -0.0277689 -0.731878
bt -0.509676 -0.464049 0.724492
t -0.680876 -0.0277743 -0.731872
bt -0.673466 -0.476542 0.565111
t -0.861886 0.0277722 -0.506341
bt -0.405948 -0.476508 0.779837
t -0.861889 0.0277692 -0.506336
bt -0.302475 -0.473421 0.827273
t -0.68548 -0.0225517 -0.727742
bt -0.53708 -0.354544 0.765404
t -0.685475 -0.0225489 -0.727747
bt -0.713098 -0.365333 0.59835
t -0.85885 0.0225223 -0.511732
bt -0.429826 -0.365363 0.825687
t -0.858852 0.0225208 -0.511728
bt -0.319761 -0.3627 0.875329
t -0.665669 0.0306276 -0.745618
bt 0.519551 -0.756585 -0.397047
t -0.873923 -0.0338143 -0.484886
bt 0.234387 -0.759553 -0.606748
t -0.872873 -0.0318058 -0.48691
bt 0.464035 -0.747452 -0.47538
t -0.662435 0.0344285 -0.748328
bt 0.519567 -0.756567 -0.39706
t -0.641838 -0.000788686 -0.76684
bt -0.0139687 -0.999815 0.0132254
t -0.642916 -0.00221769 -0.765934
bt -0.0397146 -0.998425 0.0396357
t -0.886956 0.00222927 -0.461849
bt -0.021889 -0.998415 0.0518521
t -0.886693 0.000632956 -0.462358
bt -0.00724247 -0.999869 0.0144929
t -0.660363 -0.0317246 -0.750276
bt -0.457162 -0.802455 0.383496
t -0.875436 0.0317531 -0.48229
bt -0.275642 -0.802412 0.529298
t -0.875437 0.0317443 -0.482288
bt -0.343958 -0.800008 0.49161
t -0.660363 -0.0317246 -0.750276
bt -0.457162 -0.802455 0.383496
t -0.666249 0.030994 -0.745085
bt 0.534155 -0.73058 -0.425361
t -0.872393 -0.0336141 -0.487649
bt 0.322316 -0.733348 -0.598593
t -0.881766 -0.0183832 -0.471329
bt 0.316959 -0.851993 -0.416707
t -0.650585 0.0163484 -0.759258
bt 0.424182 -0.853171 -0.303592
t -0.849242 -0.0143077 -0.52781
bt 0.564024 -0.609132 -0.557527
t -0.668724 0.0311511 -0.742858
bt 0.642409 -0.609546 -0.464505
t -0.661636 0.0202441 -0.749552
bt 0.515388 -0.684656 -0.515384
t -0.877886 -0.0218115 -0.478372
bt 0.438368 -0.686095 -0.580609
t -0.806867 -0.00188268 0.590731
bt -0.421797 -0.0269977 -0.906288
t -0.806856 -0.0018822 0.590745
bt -0.642529 -0.0279638 -0.765751
t -0.931754 0.00186838 0.363086
bt -0.300608 -0.0279904 -0.953337
t -0.931754 0.00186838 0.363086
bt -0.300608 -0.0279904 -0.953337
t -0.786503 -0.0330916 0.6167
bt -0.307597 -0.695322 -0.649547
t -0.786504 -0.0330937 0.616698
bt -0.454728 -0.707113 -0.541491
t -0.942719 0.033144 0.331937
bt -0.212648 -0.707115 -0.674366
t -0.94272 0.0331425 0.331935
bt -0.124879 -0.704178 -0.698955
t -0.667434 -0.033138 -0.743932
bt -0.415701 -0.69531 0.58629
t -0.667431 -0.0331349 -0.743934
bt -0.541818 -0.707113 0.454339
t -0.870747 0.0331173 -0.490615
bt -0.326685 -0.707054 0.627178
t -0.870746 0.0331176 -0.490616
bt -0.244599 -0.704129 0.666614
t -0.642819 0 -0.766018
bt 0 -1 0
t -0.642819 0 -0.766018
bt 0 -1 0
t -0.887026 0 -0.461719
bt 0 -1 0
t -0.887026 0 -0.461719
bt 0 -1 0
t -0.642842 0.00255847 -0.765995
bt 0.0232817 -0.999207 -0.0323016
t -0.642842 0.00255848 -0.765995
bt 0.0295872 -0.999255 -0.0247894
t -0.886951 -0.00255646 -0.461857
bt 0.0178815 -0.999255 -0.0342104
t -0.886977 -0.0025587 -0.461806
bt 0.0134962 -0.999243 -0.0364888
t -0.666231 0.0330939 -0.74501
bt 0.405768 -0.712758 -0.572126
t -0.666229 0.0330907 -0.745012
bt 0.528216 -0.724254 -0.443221
t -0.871549 -0.033077 -0.489192
bt 0.318368 -0.724257 -0.611633
t -0.871549 -0.033077 -0.489192
bt 0.318368 -0.724257 -0.611633
t -0.66623 -0.0330916 -0.745012
bt -0.528216 -0.724254 0.443221
t -0.871549 0.0330771 -0.489192
bt -0.318368 -0.724257 0.611633
t -0.871547 0.0330809 -0.489195
bt -0.397708 -0.721259 0.56711
t -0.66623 -0.0330916 -0.745012
bt -0.528216 -0.724254 0.443221
t -0.644724 0.00120999 -0.764414
bt 0.00189707 -0.999628 -0.0272153
t -0.887546 -0.00500545 -0.460692
bt 0.00199825 -0.99963 -0.0271281
t -0.64276 -0.00140671 -0.766067
bt -0.0224188 -0.999351 0.0282002
t -0.643333 0.00641793 -0.76556
bt 0.132343 -0.985607 -0.105183
t -0.88633 -0.00695269 -0.463002
bt 0.0797353 -0.985784 -0.147891
t -0.886957 0.00140512 -0.461849
bt -0.0114035 -0.999358 0.0339737
t -0.642921 0.00365571 -0.765924
bt 0.0331966 -0.998376 -0.0463047
t -0.642921 0.00365591 -0.765924
bt 0.0422813 -0.998475 -0.0354859
t -0.88694 -0.00365813 -0.461871
bt 0.0254247 -0.998475 -0.0489952
t -0.88694 -0.00365783 -0.461871
bt 0.0192206 -0.99845 -0.0522229
t -0.806858 0.00188225 0.590743
bt 0.421797 -0.0269977 0.906288
t -0.806868 0.00188274 0.590729
bt 0.642529 -0.0279638 0.765751
t -0.931747 -0.00186887 0.363102
bt 0.300608 -0.0279904 0.953337
t -0.93175 -0.00186869 0.363096
bt 0.174351 -0.0277563 0.984292
t -0.778223 -0.0616254 0.624957
bt -0.211426 -0.944392 -0.251839
t -0.778224 0.0616293 0.624956
bt 0.211426 -0.944392 0.251839
t -0.778224 0.0616293 0.624956
bt 0.211426 -0.944392 0.251839
t -0.815318 -0.0954389 0.571094
bt -0.442714 -0.756581 -0.481238
t -0.953684 -0.0022303 0.300801
bt 0.012561 -0.998415 0.0548627
t -0.93063 0.0231503 0.365229
bt -0.525239 -0.595087 -0.608273
t -0.948397 0.0288749 0.315767
bt -0.30987 -0.691281 -0.652772
t 0.798545 -0.0910567 -0.595008
bt 0.115029 -0.809916 0.575156
t 0.914796 -0.0984836 -0.391727
bt -0.212668 -0.707067 -0.674409
t 0.624956 0.0616293 0.778224
bt 0.251908 -0.944392 -0.211344
t 0.381874 0.100952 0.918685
bt -0.635424 -0.733931 0.239961
t 0.560047 -0.0989868 0.822526
bt -0.525747 -0.713288 0.463476
t 0.64261 0.00691938 0.766162
bt 0.0271298 -0.999394 -0.0218074
t -0.624956 0.0616281 -0.778224
bt -0.251859 -0.944392 0.211402
t -0.624956 0.0616281 -0.778224
bt -0.251859 -0.944392 0.211402
t -0.300855 -0.0070005 -0.953644
bt -0.0310913 -0.999346 0.0184479
t -0.320501 -0.0820448 0.943688
bt 0.88973 -0.448754 0.0836714
t -0.320496 -0.0820475 0.94369
bt 0.779822 -0.47655 0.405929
t -0.376447 0.0999859 0.921027
bt -0.619697 -0.726493 -0.296957
t -0.188562 -0.0270314 0.981689
bt -0.685374 -0.565903 -0.458276
t 0.205732 0.00157454 -0.978607
bt 0.619354 -0.621094 0.480253
t 0.986668 -0.00491408 0.162674
bt -0.399829 -0.603992 0.689442
t -0.998394 0.0322512 -0.0465832
bt 0.0681527 -0.621768 -0.780231
t -0.998394 0.0322512 -0.0465832
bt 0.0681527 -0.621768 -0.780231
t -0.996208 -0.00350065 -0.0869366
bt -0.00471837 -0.9986 0.0526894
t -0.996208 -0.00350065 -0.0869366
bt -0.00471837 -0.9986 0.0526894
t -0.998231 -0.032818 -0.0495842
bt -0.0655641 -0.65721 0.750851
t -0.998231 -0.032818 -0.0495842
bt -0.0655641 -0.65721 0.750851
t -0.996583 0.0205776 -0.0799874
bt 0.0287334 -0.944399 -0.327544
t -0.996583 0.0205776 -0.0799874
bt 0.0287334 -0.944399 -0.327544
t -0.996583 -0.0205799 -0.0799865
bt -0.0287334 -0.944399 0.327544
t -0.996583 -0.0205799 -0.0799865
bt -0.0287334 -0.944399 0.327544
t -0.996289 0.0107569 -0.0853934
bt 0.0143336 -0.986393 -0.16378
t -0.996289 0.0107569 -0.0853934
bt 0.0143336 -0.986393 -0.16378
t -0.997119 -0.0289849 -0.0701032
bt -0.0442522 -0.861589 0.505673
t -0.996503 -0.0126668 -0.082597
bt -0.0295101 -0.940968 0.337206
t -0.996265 -0.00927788 -0.0858517
bt -0.0123175 -0.989967 0.140762
t -0.998967 -0.0277035 -0.0360268
bt -0.0766282 -0.476498 0.87583
t -0.998967 -0.0277035 -0.0360268
bt -0.0766282 -0.476498 0.87583
t -0.999302 -0.0224716 -0.0298412
bt -0.0811455 -0.365285 0.927352
t -0.999302 -0.0224716 -0.0298412
bt -0.0811455 -0.365285 0.927352
t -0.98088 -0.0972797 -0.168555
bt 0.0563715 -0.76305 -0.643876
t -0.98088 -0.0972797 -0.168555
bt 0.0563715 -0.76305 -0.643876
t -0.996183 0.00223291 -0.0872663
bt -0.00490102 -0.998419 0.0559871
t -0.996199 -0.000608565 -0.0871007
bt -0.00132707 -0.999884 0.015142
t -0.997475 -0.0316999 -0.0635563
bt -0.0521024 -0.802459 0.594428
t -0.997475 -0.0316999 -0.0635563
bt -0.0521024 -0.802459 0.594428
t -0.997842 0.0327291 -0.0569286
bt 0.0591662 -0.73431 -0.676231
t -0.996908 0.0174986 -0.0766068
bt 0.0706962 -0.855651 -0.512702
t -0.983937 -0.000478042 -0.178515
bt 0.464601 -0.599017 -0.652169
t -0.996043 -0.013562 -0.0878352
bt 0.25327 -0.68717 -0.680919
t -0.988253 -0.00187722 -0.152817
bt 0.0870973 -0.0279037 -0.995809
t -0.988252 -0.00187731 -0.15282
bt 0.222469 -0.0276375 -0.974548
t -0.992217 -0.0331324 -0.120031
bt 0.0618842 -0.707101 -0.704399
t -0.992217 -0.0331324 -0.120031
bt 0.0618842 -0.707101 -0.704399
t -0.997989 -0.0330931 -0.0540538
bt -0.0618798 -0.707151 0.70435
t -0.997989 -0.0330931 -0.0540538
bt -0.0618798 -0.707151 0.70435
t -0.996191 0 -0.0872004
bt 0 -1 0
t -0.996191 0 -0.0872004
bt 0 -1 0
t -0.996199 0.00255805 -0.0870684
bt 0.00338014 -0.999255 -0.0384498
t -0.996199 0.00255805 -0.0870684
bt 0.00338014 -0.999255 -0.0384498
t -0.997901 0.0330571 -0.0556837
bt 0.0601479 -0.724221 -0.68694
t -0.997901 0.0330617 -0.0556794
bt 0.148268 -0.721361 -0.676502
t -0.997901 -0.0330635 -0.0556731
bt -0.0601434 -0.724271 0.686888
t -0.997901 -0.0330635 -0.0556731
bt -0.0601434 -0.724271 0.686888
t -0.88768 0.00491362 -0.460435
bt 0.00231489 -0.999634 -0.0269639
t -0.9962 0.00179473 -0.0870822
bt 0.00236913 -0.99963 -0.0270974
t -0.996273 0.00666369 -0.086002
bt 0.0146086 -0.985855 -0.166963
t -0.996198 -0.00140747 -0.0871046
bt -0.00308576 -0.999373 0.035264
t -0.996208 0.00365286 -0.0869321
bt 0.00484958 -0.998475 -0.0549853
t -0.996208 0.00365286 -0.0869321
bt 0.00484958 -0.998475 -0.0549853
t -0.988253 0.00187722 -0.152817
bt -0.0870973 -0.0279037 0.995809
t -0.988253 0.00187722 -0.152817
bt -0.0870973 -0.0279037 0.995809
t -0.997005 0.0182445 -0.07516
bt 0.0107349 -0.834909 -0.550284
t -0.956965 -0.0186164 0.289604
bt -0.218116 -0.833521 -0.50761
t -0.996043 -0.013562 -0.0878352
bt 0.25327 -0.68717 -0.680919
t 0.95754 -0.0184162 -0.287712
bt 0.16478 -0.818277 0.5507
t 0.99708 0.0187461 0.074032
bt -0.00145642 -0.81662 0.577173
t 0.996496 0.0126297 0.0826872
bt 0.00688017 -0.940923 0.338551
t 0.954859 -0.012707 -0.296786
bt 0.125112 -0.941841 0.311901
t 0.295773 -0.011795 0.955185
bt -0.321604 -0.945456 0.0518014
t 0.289369 -0.0193195 0.957023
bt -0.519339 -0.821148 0.236651
t -0.0734088 0.0176726 0.997145
bt -0.565539 -0.824422 0.0222132
t -0.0843317 0.0122237 0.996363
bt -0.31183 -0.94946 -0.0358799
t -0.287795 -0.0176556 -0.957529
bt 0.538209 -0.829745 -0.147833
t 0.0756916 0.0193018 -0.996944
bt 0.558733 -0.826269 0.0713946
t 0.0821556 0.0114762 -0.996553
bt 0.316189 -0.948526 -0.0179884
t -0.298115 -0.0118805 -0.954456
bt 0.287427 -0.952362 -0.101939
t -0.46595 -0.0111872 0.88474
bt -0.247881 -0.951343 -0.183037
t -0.471611 -0.0192053 0.881597
bt -0.525852 -0.827939 -0.194925
t -0.757481 0.0177482 0.652616
bt -0.40492 -0.831102 -0.381193
t -0.764258 0.0115502 0.644807
bt -0.177914 -0.954712 -0.238478
t 0.473935 -0.0178463 -0.880379
bt 0.494105 -0.822937 0.28042
t 0.757961 0.0192062 -0.652017
bt 0.35568 -0.820094 0.44826
t 0.7627 0.0121181 -0.646639
bt 0.252567 -0.942602 0.218428
t 0.464515 -0.0124987 -0.885477
bt 0.291124 -0.946446 0.139591
t 0.884688 -0.012421 0.466017
bt -0.209344 -0.940351 0.268171
t 0.880906 -0.0190104 0.472909
bt -0.21412 -0.816974 0.535449
t 0.653206 0.0180789 0.756964
bt -0.39578 -0.818525 0.416383
t 0.645463 0.0126793 0.763686
bt -0.263562 -0.943785 0.199513
t -0.881003 -0.0179422 -0.47277
bt 0.218224 -0.834084 -0.506639
t -0.651274 0.0189586 -0.758606
bt 0.434258 -0.83275 -0.343435
t -0.646048 0.0110239 -0.763217
bt 0.192354 -0.953452 -0.232226
t -0.885602 -0.0112544 -0.46431
bt 0.111427 -0.956122 -0.270953
t -0.997005 0.0182445 -0.07516
bt 0.0107349 -0.834909 -0.550284
t -0.996421 0.0110378 -0.083807
bt 0.0252725 -0.957028 -0.288894
t -0.993585 0.0191121 0.111459
bt -0.459755 -0.60015 -0.654558
t 0.996273 0.00972438 0.0857078
bt 0.0203618 -0.988391 0.150562
t 0.953864 -0.00976333 -0.30008
bt 0.0538098 -0.989087 0.137154
t 0.29758 -0.00875348 0.954657
bt -0.136529 -0.990327 0.0247394
t -0.0881931 0.00892426 0.996063
bt -0.130754 -0.991356 -0.0108336
t 0.0838348 0.00832289 -0.996445
bt 0.132053 -0.991232 -0.00465225
t -0.301631 -0.0084646 -0.953387
bt 0.118712 -0.992195 -0.0381663
t -0.464373 -0.00794753 0.885604
bt -0.102484 -0.992047 -0.0730688
t -0.76642 0.00803519 0.642289
bt -0.073114 -0.992873 -0.0941144
t 0.762111 0.0279687 -0.646841
bt 0.121058 -0.988975 0.0852847
t 0.461097 -0.00932654 -0.887301
bt 0.122461 -0.990474 0.0629597
t 0.885918 -0.009511 0.463743
bt -0.0768337 -0.989088 0.125707
t 0.642663 0.0096256 0.766088
bt -0.112638 -0.98967 0.0886869
t -0.644663 0.00764913 -0.764429
bt 0.0775189 -0.992662 -0.0928099
t -0.886976 -0.00770472 -0.461751
bt 0.0442971 -0.993269 -0.107022
t 0.767389 -0.0284259 -0.640551
bt 0.0827369 -0.989601 0.117662
t -0.99624 0.0075174 -0.0863072
bt 0.0099463 -0.993469 -0.113664
t -0.953745 0.00210624 0.300609
bt 0.012401 -0.998588 0.0516603
t -0.996205 -0.0021037 -0.087011
bt -0.00461684 -0.998595 0.0527984
t 0.953829 0.0102295 -0.300176
bt -0.0153771 -0.998673 -0.0491536
t 0.996205 -0.00204368 0.0870102
bt 0.000581295 -0.998665 -0.0516441
t 0.300588 0.00204125 0.953752
bt 0.0477559 -0.998669 -0.0194611
t -0.0870102 -0.00203194 0.996205
bt 0.0513722 -0.99868 0.00025468
t -0.300588 0.00202924 -0.953752
bt -0.0476383 -0.998687 0.0188394
t 0.0870102 -0.00203198 -0.996205
bt -0.0513198 -0.998682 -0.000855297
t -0.300339 0.00699308 -0.953807
bt -0.0336594 -0.99938 0.0103175
t -0.461783 0.00203367 0.886991
bt 0.0472634 -0.998685 0.0198703
t -0.76566 -0.010131 0.643165
bt 0.0329492 -0.998698 0.0389328
t 0.462194 0.0102105 -0.88672
bt -0.0454661 -0.998678 -0.0239822
t 0.765978 -0.00204643 -0.642863
bt -0.0359458 -0.998666 -0.0370688
t 0.886966 0.00204674 0.46183
bt 0.0201998 -0.998665 -0.0475469
t 0.642863 -0.00204677 0.765978
bt 0.0367952 -0.998664 -0.0362717
t 0.643016 -0.00691558 0.765822
bt 0.0139113 -0.999198 -0.0375538
t -0.886991 0.00202947 -0.461783
bt -0.0201706 -0.998691 0.0469947
t -0.642918 -0.00202263 -0.765933
bt -0.0366846 -0.998692 0.0356224
t -0.766361 0.0101297 0.642331
bt 0.0329491 -0.998698 0.0389328
t 0.953499 -0.010229 -0.301221
bt -0.0153771 -0.998673 -0.0491536
t 0.64261 0.00691938 0.766162
bt 0.0265246 -0.999394 -0.0225348
t -0.300855 -0.0070005 -0.953644
bt -0.0277568 -0.999193 0.0290217
t 0.461226 -0.0102086 -0.887224
bt -0.0454661 -0.998678 -0.0239822
t -0.996205 -0.00202031 -0.0870102
bt -0.00443579 -0.998704 0.0507067
t 0.953745 0.00209413 -0.300609
bt -0.0198473 -0.998602 -0.0489985
t 0.996205 -0.00209205 0.087011
bt 0.000447244 -0.998602 -0.0528623
t 0.300516 0.00209271 0.953774
bt 0.0491243 -0.998597 -0.0197864
t -0.0871108 -0.00210152 0.996196
bt 0.0529551 -0.998597 0.000529841
t -0.300609 0.0021024 -0.953745
bt -0.0491766 -0.998591 0.0199459
t 0.087011 -0.00209568 -0.996205
bt -0.0529681 -0.998596 -0.000381796
t -0.462265 0.0105044 0.88668
bt 0.0470542 -0.9986 0.0241808
t -0.765978 -0.00210197 0.642863
bt 0.0339628 -0.9986 0.0405558
t -0.76566 -0.010131 0.643165
bt 0.0479638 -0.998502 0.0263204
t 0.46183 0.00209828 -0.886966
bt -0.0468639 -0.998605 -0.0243208
t 0.765978 -0.00209419 -0.642863
bt -0.0339128 -0.99861 -0.0403374
t 0.886966 0.00209428 0.46183
bt 0.0243581 -0.99861 -0.046732
t 0.642863 -0.00209397 0.765978
bt 0.0404055 -0.99861 -0.0338317
t -0.886966 0.00210651 -0.46183
bt -0.024447 -0.998595 0.0470231
t -0.642917 -0.0020986 -0.765933
bt -0.0404914 -0.9986 0.0340458
t 0.953499 -0.010229 -0.301221
bt -0.0340748 -0.998483 -0.0432474
t -0.461234 -0.0105082 0.887216
bt 0.0470542 -0.9986 0.0241808
t 0.461226 -0.0102086 -0.887224
bt -0.0545114 -0.998491 -0.00658391
t -0.996205 -0.0021037 -0.087011
bt -0.00461684 -0.998595 0.0527984
t -0.996183 0.00223291 -0.0872663
bt -0.00490102 -0.998419 0.0559871
t 0.0879126 -0.0224209 0.995876
bt -0.732875 -0.560272 -0.385991
t -0.782627 0.618774 0.0679294
bt 0.153246 -0.0261983 0.987841
t -0.782893 0.618433 0.0679617
bt 0.154036 -0.0252068 0.987744
t -0.108891 0.993275 0.0393386
bt 0.12225 -0.00591117 0.992482
t -0.112639 0.993588 0.00978783
bt 0.121938 -0.00595194 0.99252
t -0.068838 0.614114 0.786209
bt 0.999155 0.018245 -0.0368285
t 0.136129 0.616159 0.775769
bt 0.999067 0.0189937 -0.0387814
t -1.95443e-05 0.993561 0.113302
bt 0.998195 0.00428205 -0.0599008
t 0.00975488 0.99358 0.112709
bt 0.998171 0.00430979 -0.0603006
t 0.000253883 0.617584 -0.786505
bt 0.996302 0.0188089 -0.0838367
t -0.067991 0.618401 -0.782916
bt 0.996194 0.0177295 -0.0853436
t 0.0198692 0.990854 -0.13347
bt 0.995374 -0.00410687 -0.0959893
t 0.0717416 0.988132 -0.135825
bt 0.996274 0.00158239 -0.0862304
t 0.00617559 -0.0529948 -0.998576
bt 0.683527 -0.549263 0.48073
t -0.998066 -0.0308071 0.053987
bt 0.464049 -0.557617 -0.688274
t -0.983937 -0.000478042 -0.178515
bt 0.464601 -0.599017 -0.652169
t 0.121517 -0.00231914 0.992587
bt 0.122772 0.0271383 0.992064
t 0.116636 -0.336511 -0.934428
bt 0.139418 -0.00956766 -0.990187
t -0.138793 0.00961562 0.990275
bt -0.13734 0.0396796 0.989729
t 0.121717 -0.00233852 0.992562
bt 0.122977 0.027119 0.992039
t 0.777537 0.613709 0.137104
bt 0.00912617 -0.0987313 -0.995072
t 0.782893 0.618433 -0.0679636
bt -0.0893444 0.0261079 -0.995659
t 0.786488 0.602454 0.135964
bt -0.0870759 0.0263348 -0.995854
t 0.777237 0.614098 0.137063
bt 0.0117727 -0.102239 -0.99469
t -0.786487 0.602452 -0.135979
bt -0.0870759 -0.0263348 -0.995854
t -0.782893 0.618433 0.0679617
bt -0.0893444 -0.0261079 -0.995659
t -0.777536 0.613709 -0.137106
bt 0.00912616 0.0987313 -0.995072
t -0.777237 0.614098 -0.137064
bt 0.0117727 0.102239 -0.99469
t -0.112726 0.993428 -0.0198373
bt 0.137235 0.0241834 -0.990243
t -0.112639 0.993588 0.00978781
bt -0.120606 -0.00591304 -0.992683
t -0.11606 0.993053 -0.0193985
bt -0.120909 -0.00591062 -0.992646
t -0.112639 0.993438 -0.019825
bt 0.136128 0.0240293 -0.9904
t -0.462265 0.0105056 0.88668
bt 0.0466556 -0.9986 0.0249474
t -0.461234 -0.0105082 0.887216
bt 0.0466556 -0.9986 0.0249474
t 0.723962 0.0913891 -0.68376
bt 0.442976 -0.836737 0.321937
t 0.798593 -0.0912118 -0.594919
bt 0.337079 -0.844103 0.416975

