g sponza_130
t -1 0 0
bt 0 0 -1
t -1 0 0
bt -3.04006e-05 0 -1
t -1 0 0
bt 0 0 -1
t -1 0 0
bt 0 0 -1
t -1 0 0
bt 0 0 1
t -1 0 0
bt 2.34937e-05 0 1
t -1 0 0
bt 0 0 1
t -1 0 0
bt 0 0 1
t 0 0 1
bt 0 -0.999987 -0.00500837
t 0 -0.000177379 1
bt 0 -0.999994 -0.00333892
t 0 0.00137696 0.999999
bt 0 -0.999997 -0.00243969
t -1 0 0
bt 0 -0.8527 -0.5224
t -1 0 0
bt 0 -0.664234 -0.747525
t -1 0 0
bt 0 -0.664234 -0.747525
t -1 0 0
bt 0 -0.8527 -0.5224
t 0 0 -1
bt 0 -0.999987 -0.00501125
t 0 -0.00137717 -0.999999
bt 0 -0.999997 -0.00244103
t 0 0.000177347 -1
bt 0 -0.999994 -0.00334084
t 0 0 1
bt 0 -1 0.000258031
t 0 0.00183595 0.999998
bt 0 -1 0.000172021
t -1 0 0
bt 0 -1 0
t -1 0 0
bt 0 -1 0
t -1 0 0
bt 0 -1 0
t -1 0 0
bt 0 -1 0
t 0 0 -1
bt 0 -1 0.00025841
t 0 -0.00183622 -0.999998
bt 0 -1 0.000172273
t 0 0.00550784 0.999985
bt 0 -1 0
t -1 0 0
bt 0 -0.418506 -0.908214
t -1 0 0
bt 0 -0.418506 -0.908214
t 0 -0.00550865 -0.999985
bt 0 -1 0

