g sponza_30
t -0.999982 0 -0.00593422
bt 0.000312017 0 1
t -1 0 0
bt -0.0405609 0 0.999177
t -1 0 0.000211227
bt 0.000257984 0 1
t -0.999994 0 -0.00351845
bt 0.00296435 0 0.999996
t -0.999831 0 -0.0183592
bt 0 0 1
t -1 0 0.000140123
bt 0.00457456 0 0.99999
t -1 0 0
bt 0.0140476 0 0.999901
t -0.999834 0 -0.0182255
bt 0 0 1
t 1 0 0
bt -4.65911e-05 -1 0
t 1 0 0
bt 4.68181e-05 -1 0
t 1 0 0
bt -4.65911e-05 -1 0
t 1 0 0
bt -4.65911e-05 -1 0
t 0 0 1
bt 0 -1 -0.000529836
t 0 0 1
bt 0 -1 4.72872e-05
t 0 0 1
bt 0 -1 -0.000529836
t 0 0 1
bt 0 -1 -0.000529836
t -1 0 0
bt 4.68848e-05 -1 0
t -1 0 0
bt -4.68834e-05 -1 0
t -1 0 0
bt 4.68848e-05 -1 0
t -1 0 0
bt 4.68848e-05 -1 0
t 0 0 -1
bt 0 -1 0.000529945
t 0 0 -1
bt 0 -1 0.000114005
t 0 0 -1
bt 0 -1 0.000529945
t 0 0 -1
bt 0 -1 0.000529945
t 1 0 0
bt -0.00243576 -0.992868 0.119196
t 1 -2.03879e-06 4.38366e-07
bt -0.00215091 -0.977657 0.210194
t 1 -6.79915e-07 1.4619e-07
bt -0.00161161 -0.977658 0.210194
t 1 0 0
bt -0.00243576 -0.992868 0.119196
t 0 0 1
bt -0.119196 -0.992868 -0.00242127
t 0 0 1
bt -0.210194 -0.977657 -0.00211838
t 0 0 1
bt -0.210194 -0.977658 -0.00160104
t 0 0 1
bt -0.119196 -0.992868 -0.00242127
t -1 0 0
bt 0.00237489 -0.992868 -0.119196
t -1 0 0
bt 0.00211502 -0.977657 -0.210194
t -1 0 0
bt 0.00157739 -0.977658 -0.210194
t -1 0 0
bt 0.00237489 -0.992868 -0.119196
t 0 0 -1
bt 0.119196 -0.992868 0.00242218
t -4.38281e-07 2.0386e-06 -1
bt 0.210201 -0.977653 0.00320595
t 0 0 -1
bt 0.210201 -0.977655 0.00243253
t 0 0 -1
bt 0.119196 -0.992868 0.00242218
t 1 0 0
bt 0.00028599 -1 0
t 1 0 0
bt -0.00030878 -1 0
t 1 0 0
bt 0.00028599 -1 0
t 1 0 0
bt 0.00028599 -1 0
t 0 0 1
bt 0 -1 0.000307021
t 0 0 1
bt 0 -1 -0.000306458
t 0 0 1
bt 0 -1 0.000307021
t 0 0 1
bt 0 -1 0.000307021
t -1 0 0
bt -0.000308227 -1 0
t -1 0 0
bt 0.000287885 -1 0
t -1 0 0
bt -0.000308227 -1 0
t -1 0 0
bt -0.000308227 -1 0
t 0 0 -1
bt 0 -1 -0.000305512
t 0 0 -1
bt 0 -1 0.000307619
t 0 0 -1
bt 0 -1 -0.000305512
t 0 0 -1
bt 0 -1 -0.000305512
t 1 0 0
bt -0.58739 -0.534944 0.607295
t 0.999999 0.000818584 -0.000929297
bt 0.582962 -0.537057 0.609693
t 1 0 0
bt -0.58739 -0.534944 0.607295
t 1 0 0
bt -0.58739 -0.534944 0.607295
t 0 0 1
bt -0.750484 -0.660886 -0.00206929
t 0.000312335 0.000275046 1
bt -0.6028 -0.530834 0.595691
t 0 0 1
bt -0.750484 -0.660886 -0.00206929
t 0 0 1
bt -0.750484 -0.660886 -0.00206929
t -1 0 0
bt 0.59146 -0.532982 -0.605067
t -1 0 0
bt -0.582975 -0.53705 -0.609686
t -1 0 0
bt 0.59146 -0.532982 -0.605067
t -1 0 0
bt 0.59146 -0.532982 -0.605067
t 0 0 -1
bt 0.602923 -0.531012 0.595408
t 0.000951431 -0.000837954 -0.999999
bt 0.604976 -0.532821 -0.591698
t 0 0 -1
bt 0.602923 -0.531012 0.595408
t 0 0 -1
bt 0.602923 -0.531012 0.595408
t 1 0 0
bt 0.000566009 -0.765378 -0.643581
t 1 0 0
bt -0.000513638 -0.765378 -0.643581
t 1 0 0
bt 0.000566009 -0.765378 -0.643581
t 1 0 0
bt 0.000566009 -0.765378 -0.643581
t 0 0 1
bt 0.643689 -0.765287 0.000573071
t 0 0 1
bt 0.643689 -0.765287 -0.000640798
t 0 0 1
bt 0.643689 -0.765287 0.000573071
t 0 0 1
bt 0.643689 -0.765287 0.000573071
t -1 0 0
bt -0.000478763 -0.765378 0.643581
t -1 0 0
bt 0.000600382 -0.765378 0.643581
t -1 0 0
bt -0.000478763 -0.765378 0.643581
t -1 0 0
bt -0.000478763 -0.765378 0.643581
t 0 0 -1
bt -0.643689 -0.765287 -0.000608432
t 0 0 -1
bt -0.643689 -0.765287 0.00060446
t 0 0 -1
bt -0.643689 -0.765287 -0.000608432
t 0 0 -1
bt -0.643689 -0.765287 -0.000608432
t 1 0 0
bt 0.00372757 -0.729485 0.683986
t 1 0 0
bt -0.00345565 -0.729486 0.683987
t 1 0 0
bt 0.00372757 -0.729485 0.683986
t 1 0 0
bt 0.00372757 -0.729485 0.683986
t 0 0 1
bt -0.684089 -0.729389 0.00370006
t 0 0 1
bt -0.68407 -0.729368 0.00842675
t 0 0 1
bt -0.684089 -0.729389 0.00370006
t 0 0 1
bt -0.684089 -0.729389 0.00370006
t -1 0 0
bt -0.00365645 -0.729486 -0.683986
t -1 0 0
bt -0.00839252 -0.729465 -0.683967
t -1 0 0
bt -0.00365645 -0.729486 -0.683986
t -1 0 0
bt -0.00365645 -0.729486 -0.683986
t 0 0 -1
bt 0.683986 -0.729485 -0.00369516
t 0 0 -1
bt 0.683967 -0.729465 -0.00842566
t 0 0 -1
bt 0.683986 -0.729485 -0.00369516
t 0 0 -1
bt 0.683986 -0.729485 -0.00369516
t 1 0 0
bt -0.00204857 -0.729489 -0.68399
t 1 0 0
bt 0.00212697 -0.729489 -0.683989
t 1 0 0
bt -0.00204857 -0.729489 -0.68399
t 1 0 0
bt -0.00204857 -0.729489 -0.68399
t 0 0 1
bt 0.684092 -0.729392 -0.00236502
t 0 0 1
bt 0.684059 -0.729356 -0.0101162
t 0 0 1
bt 0.684092 -0.729392 -0.00236502
t 0 0 1
bt 0.684092 -0.729392 -0.00236502
t -1 0 0
bt 0.00234927 -0.729488 0.683989
t -1 0 0
bt 0.0100818 -0.729453 0.683956
t -1 0 0
bt 0.00234927 -0.729488 0.683989
t -1 0 0
bt 0.00234927 -0.729488 0.683989
t 0 0 -1
bt -0.683989 -0.729488 0.00235232
t 0 0 -1
bt -0.683956 -0.729453 0.0101117
t 0 0 -1
bt -0.683989 -0.729488 0.00235232
t 0 0 -1
bt -0.683989 -0.729488 0.00235232
t 1 0 0
bt -0.000318734 -0.927306 0.374303
t 1 0 0
bt 0.000443259 -0.900949 0.433924
t 1 0 0
bt -0.000459835 -0.900949 0.433924
t 1 -6.11686e-07 2.469e-07
bt -0.000287999 -0.927306 0.374303
t 0 0 1
bt -0.374388 -0.927272 -0.000340142
t 0 0 1
bt -0.434005 -0.90091 0.000424633
t 0 0 1
bt -0.434005 -0.90091 -0.000486142
t 0 0 1
bt -0.374388 -0.927272 -0.000304701
t -1 0 0
bt 0.000343667 -0.927306 -0.374303
t -1 0 0
bt -0.000413912 -0.900949 -0.433924
t -1 0 0
bt 0.000487618 -0.900949 -0.433924
t -1 0 0
bt 0.00031311 -0.927306 -0.374303
t 0 0 -1
bt 0.374388 -0.927272 0.000333931
t 0 0 -1
bt 0.434005 -0.90091 -0.000439411
t 0 0 -1
bt 0.434005 -0.90091 0.00047079
t -2.47001e-07 6.11719e-07 -1
bt 0.374388 -0.927272 0.0002975
t -4.38589e-07 2.04004e-06 -1
bt 0.21022 -0.977654 -5.09635e-05
t -4.38589e-07 2.04004e-06 -1
bt 0.21022 -0.977654 -5.09635e-05
t 0.707107 2.72616e-08 0.707107
bt 6.81616e-05 -1 -0.000497528
t 0.707107 2.04481e-08 0.707107
bt 1.7927e-05 -1 -0.000547763
t 0.707107 2.72616e-08 0.707107
bt 6.81616e-05 -1 -0.000497528
t 0.707107 2.72616e-08 0.707107
bt 6.81616e-05 -1 -0.000497528
t 0.579628 0.255091 -0.773925
bt 0.558872 -0.826191 0.0712035
t 0.558734 0.287654 -0.777864
bt 0.570694 -0.819373 0.0541873
t 0.580139 0.213326 -0.786086
bt 0.634206 -0.765965 0.105265
t 0.580139 0.213326 -0.786086
bt 0.634206 -0.765965 0.105265
t -0.707107 -3.17827e-08 0.707107
bt 1.78723e-05 -1 0.000547818
t -0.707107 -2.86207e-08 0.707107
bt 6.35684e-05 -1 0.000502122
t -0.707107 -3.17827e-08 0.707107
bt 1.78723e-05 -1 0.000547818
t -0.707107 -3.17827e-08 0.707107
bt 1.78723e-05 -1 0.000547818
t -0.707207 -2.50946e-09 -0.707007
bt -6.79597e-05 -1 0.00049767
t -0.707207 7.45311e-09 -0.707007
bt -1.78323e-05 -1 0.000547783
t -0.707207 -2.50946e-09 -0.707007
bt -6.79597e-05 -1 0.00049767
t -0.707207 -2.50946e-09 -0.707007
bt -6.79597e-05 -1 0.00049767
t 0.674943 -0.126639 0.726921
bt -0.0673694 -0.945318 0.319117
t 0.732433 0.200732 0.650576
bt -0.0664695 -0.945106 0.319931
t 0.639032 -0.292725 0.711302
bt -0.0268485 -0.976353 0.21451
t 0.639032 -0.292725 0.711302
bt -0.0268485 -0.976353 0.21451
t 0.707207 6.88454e-10 -0.707007
bt -9.10884e-05 -1 -0.000474547
t 0.707207 7.01328e-09 -0.707007
bt -0.000703404 -1 0.000137595
t 0.707207 6.88454e-10 -0.707007
bt -9.10884e-05 -1 -0.000474547
t 0.707207 6.88454e-10 -0.707007
bt -9.10884e-05 -1 -0.000474547
t -0.670415 0.141338 0.728401
bt -0.0636231 -0.944429 -0.322501
t -0.731991 -0.192034 0.653691
bt -0.0671544 -0.945267 -0.319312
t -0.630814 0.315761 0.70878
bt -0.0236498 -0.97576 -0.217562
t -0.630814 0.315761 0.70878
bt -0.0236498 -0.97576 -0.217562
t -0.728287 0.140145 -0.670789
bt 0.322512 -0.944425 -0.0636109
t -0.653845 -0.1916 -0.731967
bt 0.319384 -0.945249 -0.0670748
t -0.708951 0.314315 -0.631343
bt 0.217528 -0.975767 -0.0236853
t -0.708951 0.314315 -0.631343
bt 0.217528 -0.975767 -0.0236853
t 0.690782 0.219897 -0.688814
bt -0.00571687 -0.999981 -0.00234455
t 0.662418 0.355585 -0.659365
bt -0.0141093 -0.999882 0.00604628
t 0.690685 0.219898 -0.688912
bt -0.00571663 -0.999981 -0.00234431
t 0.690685 0.219898 -0.688912
bt -0.00571663 -0.999981 -0.00234431
t 0.688909 0.219914 0.690682
bt 0.00190381 -0.999979 -0.00615712
t 0.659446 0.355629 0.662313
bt -0.013497 -0.999677 -0.0215555
t 0.688909 0.219914 0.690682
bt 0.00190381 -0.999979 -0.00615712
t 0.688909 0.219914 0.690682
bt 0.00190381 -0.999979 -0.00615712
t -0.68796 -0.225647 0.689779
bt -0.0123559 -0.999715 0.0204147
t -0.668691 -0.319767 0.671269
bt 0.00133364 -0.999977 0.00672727
t -0.68796 -0.225647 0.689779
bt -0.0123559 -0.999715 0.0204147
t -0.68796 -0.225647 0.689779
bt -0.0123559 -0.999715 0.0204147
t -0.689619 -0.227249 -0.687593
bt -0.0204265 -0.999715 -0.0123631
t -0.665048 -0.345496 -0.662075
bt -0.00672628 -0.999977 0.00133539
t -0.689522 -0.227249 -0.68769
bt -0.0204242 -0.999715 -0.0123654
t -0.689522 -0.227249 -0.68769
bt -0.0204242 -0.999715 -0.0123654
t 0.883366 -0.347267 0.314756
bt 0.107395 -0.565147 -0.81797
t 0.872384 -0.481574 0.0838616
bt 0.0619797 -0.547508 -0.834502
t 0.883366 -0.347267 0.314756
bt 0.107395 -0.565147 -0.81797
t 0.883366 -0.347267 0.314756
bt 0.107395 -0.565147 -0.81797
t 0.314737 -0.347312 -0.883354
bt -0.798191 -0.582096 -0.155099
t 0.0839046 -0.481561 -0.872387
bt -0.83455 -0.547433 -0.0619898
t 0.314723 -0.347289 -0.883369
bt -0.798154 -0.582157 -0.155062
t 0.314723 -0.347289 -0.883369
bt -0.798154 -0.582157 -0.155062
t -0.868052 0.279584 0.410266
bt 0.104413 -0.564032 0.819125
t -0.843405 0.536169 -0.0345098
bt 0.0937245 -0.559984 0.823185
t -0.868052 0.279584 0.410266
bt 0.104413 -0.564032 0.819125
t -0.868052 0.279584 0.410266
bt 0.104413 -0.564032 0.819125
t -0.405098 0.2835 -0.869209
bt -0.819168 -0.563965 0.104438
t 0.0184715 0.529396 -0.848174
bt -0.82323 -0.559917 0.0937287
t -0.405079 0.283469 -0.869227
bt -0.81913 -0.564027 0.1044
t -0.405079 0.283469 -0.869227
bt -0.81913 -0.564027 0.1044
t 0.675072 -0.0278296 0.737227
bt -0.59452 -0.534972 0.600293
t 0.707081 -2.31231e-05 0.707133
bt -0.587395 -0.534923 0.607309
t 0.675072 -0.0278296 0.737227
bt -0.59452 -0.534972 0.600293
t 0.675072 -0.0278296 0.737227
bt -0.59452 -0.534972 0.600293
t 0.707217 6.89865e-05 -0.706997
bt 0.581014 -0.534838 0.613491
t 0.707233 5.47841e-05 -0.706981
bt 0.595634 -0.534975 0.599185
t 0.707217 6.89865e-05 -0.706997
bt 0.581014 -0.534838 0.613491
t 0.70719 9.24504e-06 -0.707024
bt 0.581037 -0.534786 0.613514
t -0.7227 -0.0141867 0.691016
bt -0.58045 -0.534825 -0.614036
t -0.707071 3.23741e-05 0.707143
bt -0.601204 -0.534968 -0.593601
t -0.7227 -0.0141867 0.691016
bt -0.58045 -0.534825 -0.614036
t -0.7227 -0.0141867 0.691016
bt -0.58045 -0.534825 -0.614036
t -0.707221 -6.47186e-05 -0.706992
bt 0.600964 -0.534969 -0.593844
t -0.707222 -6.40134e-05 -0.706991
bt 0.593712 -0.53497 -0.601094
t -0.707221 -6.47186e-05 -0.706992
bt 0.600964 -0.534969 -0.593844
t -0.707221 -6.47186e-05 -0.706992
bt 0.600964 -0.534969 -0.593844
t 0.309947 0.318537 -0.895805
bt 0.838689 -0.528129 0.13297
t 0.707129 6.51268e-05 -0.707085
bt 0.834412 -0.531932 0.14424
t 0.309947 0.318537 -0.895805
bt 0.838689 -0.528129 0.13297
t 0.309947 0.318537 -0.895805
bt 0.838689 -0.528129 0.13297
t 0.89586 0.318453 0.309875
bt -0.0891375 -0.512685 0.853937
t 0.707191 2.8687e-06 0.707022
bt -0.0572838 -0.500694 0.863727
t 0.895808 0.318549 0.309927
bt -0.0891705 -0.512624 0.85397
t 0.895808 0.318549 0.309927
bt -0.0891705 -0.512624 0.85397
t -0.878406 -0.259115 0.401574
bt -0.124249 -0.525202 -0.841858
t -0.707221 -3.46114e-05 0.706993
bt -0.0388327 -0.493474 -0.868893
t -0.878389 -0.259147 0.401592
bt -0.124286 -0.525135 -0.841895
t -0.878351 -0.259217 0.401629
bt -0.12428 -0.525145 -0.841889
t -0.373908 -0.27783 -0.884875
bt 0.841944 -0.525093 -0.12413
t -0.707158 -3.34022e-05 -0.707055
bt 0.86891 -0.493436 -0.0389379
t -0.373908 -0.27783 -0.884875
bt 0.841944 -0.525093 -0.12413
t -0.373908 -0.27783 -0.884875
bt 0.841944 -0.525093 -0.12413
t 0.707128 -6.54768e-05 -0.707085
bt -0.832392 -0.530069 -0.161713
t 0.166845 -0.393247 -0.904168
bt -0.889095 -0.456543 0.0328423
t 0.707128 -6.54768e-05 -0.707085
bt -0.832392 -0.530069 -0.161713
t 0.707128 -6.54768e-05 -0.707085
bt -0.832392 -0.530069 -0.161713
t 0.707162 -5.85812e-05 0.707052
bt 0.0327971 -0.483798 -0.874565
t 0.904169 -0.393225 0.166889
bt 0.0329802 -0.483873 -0.874516
t 0.707192 -2.1315e-06 0.707022
bt 0.0327599 -0.483868 -0.874528
t 0.707192 -2.1315e-06 0.707022
bt 0.0327599 -0.483868 -0.874528
t -0.707161 0.000146671 0.707052
bt 0.0328557 -0.483824 0.874548
t -0.890579 0.452953 0.0412756
bt 0.0222752 -0.479598 0.877205
t -0.707222 3.37704e-05 0.706992
bt 0.0328199 -0.483891 0.874512
t -0.707222 3.37704e-05 0.706992
bt 0.0328199 -0.483891 0.874512
t -0.707158 3.3845e-05 -0.707056
bt -0.874543 -0.483832 0.0328749
t -0.0237368 0.460561 -0.887311
bt -0.877217 -0.479579 0.0222267
t -0.707158 3.3845e-05 -0.707056
bt -0.874543 -0.483832 0.0328749
t -0.707158 3.3845e-05 -0.707056
bt -0.874543 -0.483832 0.0328749
t 0.665423 0.207923 -0.716924
bt 0.208816 -0.977405 0.032804
t 0.711298 -0.292764 -0.639018
bt 0.207588 -0.977622 0.0340854
t 0.650604 0.200654 -0.732429
bt 0.313374 -0.946765 0.0737033
t 0.650604 0.200654 -0.732429
bt 0.313374 -0.946765 0.0737033
t 0.808863 0.343557 0.477189
bt -0.0926161 -0.761021 0.642082
t 0.785852 0.212405 0.580794
bt -0.0965906 -0.762594 0.639626
t 0.782407 0.355466 0.511354
bt -0.0655746 -0.824014 0.562762
t 0.77961 0.305305 0.546806
bt -0.067258 -0.82468 0.561586
t -0.805665 -0.314655 0.501893
bt -0.0762403 -0.754356 -0.652023
t -0.78698 -0.216879 0.577603
bt -0.0982066 -0.763228 -0.638622
t -0.781034 -0.325047 0.533226
bt -0.051218 -0.818241 -0.57259
t -0.77768 -0.285214 0.560238
bt -0.0549416 -0.819779 -0.570039
t -0.482595 -0.337344 -0.808271
bt 0.652101 -0.754302 -0.0761112
t -0.577627 -0.216846 -0.786972
bt 0.63866 -0.763204 -0.098146
t -0.51606 -0.34921 -0.782135
bt 0.57275 -0.81813 -0.0511837
t -0.549199 -0.301953 -0.779234
bt 0.570204 -0.819666 -0.0548996
t 0 0 -1
bt -0.659001 -0.657511 -0.365236
t 0 0 -1
bt -0.667696 -0.666187 0.332231
t 0 0 -1
bt -0.659001 -0.657511 -0.365236
t 0 0 -1
bt -0.659001 -0.657511 -0.365236
t -0.707021 2.1797e-07 -0.707193
bt -0.60457 -0.580654 0.545285
t -0.707078 -5.757e-05 -0.707136
bt -0.432261 -0.570791 0.698103
t -0.707021 2.1797e-07 -0.707193
bt -0.60457 -0.580654 0.545285
t -0.707021 2.1797e-07 -0.707193
bt -0.60457 -0.580654 0.545285
t -0.999959 0.00643706 -0.00644982
bt -0.3654 -0.657559 0.658862
t -1 0 0
bt 0.334785 -0.665643 0.666962
t -0.999959 0.00643706 -0.00644982
bt -0.3654 -0.657559 0.658862
t -0.999959 0.00643706 -0.00644982
bt -0.3654 -0.657559 0.658862
t -0.707083 6.29929e-05 0.70713
bt 0.545575 -0.580659 0.604304
t -0.707053 3.21489e-05 0.707161
bt 0.696538 -0.5711 0.434373
t -0.707112 5.45269e-06 0.707101
bt 0.545551 -0.580708 0.604279
t -0.707112 5.45269e-06 0.707101
bt 0.545551 -0.580708 0.604279
t 0.00101517 -0.00101287 0.999999
bt 0.659001 -0.657511 0.365236
t 0 0 1
bt 0.667102 -0.665594 -0.334604
t 0.00101517 -0.00101287 0.999999
bt 0.659001 -0.657511 0.365236
t 0.00101517 -0.00101287 0.999999
bt 0.659001 -0.657511 0.365236
t 0.707078 -5.75469e-05 0.707136
bt 0.604378 -0.580661 -0.545491
t 0.707027 -6.77722e-06 0.707186
bt 0.434465 -0.571089 -0.696489
t 0.707107 0 0.707107
bt 0.604356 -0.580705 -0.545468
t 0.707107 0 0.707107
bt 0.604356 -0.580705 -0.545468
t 1 -0.000510974 -0.000511987
bt 0.365971 -0.6574 -0.658703
t 0.999991 0.00296792 0.0029738
bt -0.38844 -0.650935 -0.652225
t 1 -0.000510974 -0.000511987
bt 0.365971 -0.6574 -0.658703
t 1 -0.000510974 -0.000511987
bt 0.365971 -0.6574 -0.658703
t 0.875844 0.227418 -0.42565
bt -0.56956 -0.581142 -0.581271
t 0.841285 0.164944 -0.514814
bt -0.734138 -0.562667 -0.380062
t 0.875844 0.227418 -0.42565
bt -0.56956 -0.581142 -0.581271
t 0.875844 0.227418 -0.42565
bt -0.56956 -0.581142 -0.581271
t 0 0 -1
bt 0 -1 0
t 0 0 -1
bt 0 -1 0
t 0 0 -1
bt 0 -1 0
t 0 0 -1
bt 0 -1 0
t -0.707107 0 -0.707107
bt 0 -1 0
t -0.707107 0 -0.707107
bt 0 -1 0
t -0.707107 0 -0.707107
bt 0 -1 0
t -0.707107 0 -0.707107
bt 0 -1 0
t -1 0 0
bt 0 -1 0
t -1 0 0
bt 0 -1 0
t -1 0 0
bt 0 -1 0
t -1 0 0
bt 0 -1 0
t -0.707107 0 0.707107
bt 0 -1 0
t -0.707107 0 0.707107
bt 0 -1 0
t -0.707107 0 0.707107
bt 0 -1 0
t -0.707107 0 0.707107
bt 0 -1 0
t 0 0 1
bt 0 -1 0
t 0 0 1
bt 0 -1 0
t 0 0 1
bt 0 -1 0
t 0 0 1
bt 0 -1 0
t 0.707107 0 0.707107
bt 0 -1 0
t 0.707107 0 0.707107
bt 0 -1 0
t 0.707107 0 0.707107
bt 0 -1 0
t 0.707107 0 0.707107
bt 0 -1 0
t 1 0 0
bt 0 -1 0
t 1 0 0
bt 0 -1 0
t 1 0 0
bt 0 -1 0
t 1 0 0
bt 0 -1 0
t 0.707107 0 -0.707107
bt 0 -1 0
t 0.707107 0 -0.707107
bt 0 -1 0
t 0.707107 0 -0.707107
bt 0 -1 0
t 0.707107 0 -0.707107
bt 0 -1 0
t 0 0 -1
bt 0.519774 -0.801099 0.296776
t 0.00207818 -0.00320298 -0.999993
bt 0.524028 -0.807656 -0.270346
t 0 0 -1
bt 0.519774 -0.801099 0.296776
t 0 0 -1
bt 0.519774 -0.801099 0.296776
t -0.99997 0.00650603 0.0042205
bt 0.296749 -0.80115 -0.519711
t -0.99997 0.00644412 0.00418034
bt -0.294854 -0.801642 -0.52003
t -0.99997 0.00650603 0.0042205
bt 0.296749 -0.80115 -0.519711
t -0.99997 0.00650603 0.0042205
bt 0.296749 -0.80115 -0.519711
t -0.000706923 -0.00108954 0.999999
bt -0.523692 -0.807138 -0.272536
t -0.000693752 -0.00106924 0.999999
bt -0.520094 -0.801593 0.294875
t -0.000706923 -0.00108954 0.999999
bt -0.523692 -0.807138 -0.272536
t -0.000706923 -0.00108954 0.999999
bt -0.523692 -0.807138 -0.272536
t 1 -0.000544707 0.00035342
bt -0.297285 -0.800966 0.519687
t 1 -0.000534424 0.000346748
bt 0.0611566 -0.837323 0.543277
t 1 -0.000544707 0.00035342
bt -0.297285 -0.800966 0.519687
t 1 -0.000544707 0.00035342
bt -0.297285 -0.800966 0.519687
t 0.578537 0.170804 -0.797572
bt 0.468854 -0.740965 0.480776
t 0.65564 0.0745874 -0.751381
bt 0.515324 -0.739683 0.432795
t 0.578537 0.170804 -0.797572
bt 0.468854 -0.740965 0.480776
t 0.578507 0.170765 -0.797602
bt 0.46883 -0.740997 0.480752
t 0.70707 4.75022e-05 0.707144
bt -0.498238 -0.74053 0.450971
t 0.707045 9.43488e-06 0.707168
bt -0.449487 -0.740525 0.499583
t 0.70707 4.75022e-05 0.707144
bt -0.498238 -0.74053 0.450971
t 0.70707 4.75022e-05 0.707144
bt -0.498238 -0.74053 0.450971
t -0.707031 -1.33901e-05 -0.707183
bt 0.500361 -0.740499 -0.448665
t -0.707089 -2.71815e-05 -0.707124
bt 0.449382 -0.740556 -0.499632
t -0.707031 -1.33901e-05 -0.707183
bt 0.500361 -0.740499 -0.448665
t -0.706994 3.40848e-05 -0.70722
bt 0.500423 -0.740419 -0.448728
t -0.707073 -5.30265e-05 0.70714
bt -0.450941 -0.740577 -0.498195
t -0.707107 4.56619e-08 0.707107
bt -0.502017 -0.740351 -0.447057
t -0.707073 -5.30265e-05 0.70714
bt -0.450941 -0.740577 -0.498195
t -0.707073 -5.30265e-05 0.70714
bt -0.450941 -0.740577 -0.498195
t 0 0 1
bt 0 1 0
t 0 0 1
bt 0 1 0
t 0 0 1
bt 0 1 0
t 0 0 1
bt 0 1 0
t 0.707057 0 0.707157
bt 0 1 0
t 0.707057 0 0.707157
bt 0 1 0
t 0.707057 0 0.707157
bt 0 1 0
t 0.707057 0 0.707157
bt 0 1 0
t 1 0 0
bt 0 1 0
t 1 0 0
bt 0 1 0
t 1 0 0
bt 0 1 0
t 1 0 0
bt 0 1 0
t 0.707057 0 -0.707157
bt 0 1 0
t 0.707057 0 -0.707157
bt 0 1 0
t 0.707057 0 -0.707157
bt 0 1 0
t 0.707057 0 -0.707157
bt 0 1 0
t 0 0 -1
bt 0 1 0
t 0 0 -1
bt 0 1 0
t 0 0 -1
bt 0 1 0
t 0 0 -1
bt 0 1 0
t -0.707057 0 -0.707157
bt 0 1 0
t -0.707057 0 -0.707157
bt 0 1 0
t -0.707057 0 -0.707157
bt 0 1 0
t -0.707057 0 -0.707157
bt 0 1 0
t -1 0 0
bt 0 1 0
t -1 0 0
bt 0 1 0
t -1 0 0
bt 0 1 0
t -1 0 0
bt 0 1 0
t -0.707057 0 0.707157
bt 0 1 0
t -0.707057 0 0.707157
bt 0 1 0
t -0.707057 0 0.707157
bt 0 1 0
t -0.707057 0 0.707157
bt 0 1 0
t -0.0877851 0.185487 -0.978718
bt -0.767895 -0.224207 -0.600057
t -0.259731 0.00594716 -0.965663
bt -0.647439 -0.450335 0.614833
t 0.259783 -0.00591644 -0.965649
bt -0.631978 -0.44488 -0.634575
t 0.291397 -0.0831644 -0.95298
bt -0.626667 -0.444908 -0.639801
t -0.978718 0.185487 0.0877851
bt -0.60017 -0.224148 0.767824
t -0.965673 0.00582829 0.259694
bt 0.63412 -0.445047 0.632317
t -0.965683 -0.00584951 -0.259658
bt -0.634359 -0.444978 0.632125
t -0.952971 -0.0831168 -0.291442
bt -0.63955 -0.445008 0.626852
t 0.29141 0.0831339 0.952979
bt 0.851811 -0.460878 -0.249016
t 0.259684 0.00586381 0.965676
bt 0.647506 -0.450295 -0.614793
t -0.259683 -0.00586423 0.965676
bt 0.841223 -0.495455 0.216492
t -0.291428 -0.0831239 0.952974
bt 0.857551 -0.459478 0.231271
t 0.978719 0.185487 -0.0877643
bt 0.600072 -0.224146 -0.767901
t 0.965665 0.00580945 -0.259726
bt -0.614574 -0.450445 -0.64761
t 0.965667 -0.005843 0.259719
bt 0.634276 -0.444913 -0.632255
t 0.952967 -0.0831373 0.291447
bt 0.639518 -0.444961 -0.626918
t 0.746545 -0.135097 -0.651475
bt -0.609685 -0.450118 -0.652441
t -0.65133 -0.135087 -0.746673
bt -0.651642 -0.450027 0.610605
t -0.291428 -0.0831239 0.952974
bt 0.857551 -0.459478 0.231271
t -0.259683 -0.00586423 0.965676
bt 0.841223 -0.495455 0.216492
t -0.746642 -0.135109 0.651361
bt 0.638033 -0.445291 0.628195
t 0.252725 0 -0.967538
bt -0.944799 0 -0.327651
t -0.252725 0 -0.967538
bt -0.940652 0 0.339374
t -0.252725 0 -0.967538
bt -0.993787 0 -0.111303
t 0 0 -1
bt -0.942613 0 -0.333887
t -0.862866 0 -0.505433
bt -0.321403 0 0.946942
t -0.707107 0 -0.707107
bt -0.936079 0 0.351791
t -1 0 0
bt 0.333152 0 0.942873
t -1 0 0
bt -0.333888 0 0.942613
t -1 0 0
bt -0.333888 0 0.942613
t -0.707069 0 0.707145
bt 0.35229 0 0.935891
t -0.707129 0 0.707085
bt 0.948646 0 0.316341
t -0.707069 0 0.707145
bt 0.35229 0 0.935891
t -0.707069 0 0.707145
bt 0.35229 0 0.935891
t 0 0 1
bt 0.942599 0 0.333927
t 0.252693 0 0.967547
bt 0.940624 0 -0.33945
t 0.252693 0 0.967547
bt 0.993799 0 0.111195
t 0 0 1
bt 0.942599 0 0.333927
t 0.862287 0 0.506421
bt 0.322043 0 -0.946725
t 0.707031 0 0.707183
bt 0.935924 0 -0.352201
t 0.985144 0 -0.171729
bt -0.209205 0 -0.977872
t 0.999994 0 0.0035089
bt 0.333513 0 -0.942746
t 0.999994 0 0.0035089
bt 0.333513 0 -0.942746
t 0.985144 0 -0.171729
bt -0.209205 0 -0.977872
t 0.866234 0 -0.499639
bt -0.584708 0 -0.811244
t 0.866234 0 -0.499639
bt -0.584708 0 -0.811244
t 0 0 -1
bt 0.942613 0 -0.333887
t 0.252709 0 -0.967542
bt 0.942003 0 0.335603
t 0.252709 0 -0.967542
bt 0.993359 0 -0.115055
t 0 0 -1
bt 0.942613 0 -0.333887
t 0.862856 0 -0.505449
bt 0.50408 0 0.863657
t 0.707069 0 -0.707145
bt 0.940239 0 0.340516
t 0.862856 0 -0.505449
bt 0.50408 0 0.863657
t 1 0 0
bt -0.333129 0 0.942881
t 1 0 0
bt 0.0114144 0 0.999935
t 1 0 0
bt 0.0114144 0 0.999935
t 0.707031 0 0.707183
bt -0.352288 0 0.935892
t 0.505412 0 0.862878
bt -0.946712 0 0.322081
t 0.707031 0 0.707183
bt -0.352288 0 0.935892
t 0.707031 0 0.707183
bt -0.352288 0 0.935892
t -0.252709 0 0.967542
bt -0.940578 0 -0.339578
t -0.252709 0 0.967542
bt -0.993814 0 0.111058
t 0 0 1
bt -0.942646 0 0.333795
t -0.862867 0 0.505431
bt -0.322176 0 -0.94668
t -0.707069 0 0.707145
bt -0.935876 0 -0.352328
t -0.967538 0 -0.252725
bt 0.339375 0 -0.940651
t -0.967538 0 -0.252725
bt -0.111307 0 -0.993786
t -1 0 0
bt -0.333898 0 -0.942609
t -0.707126 0 -0.707088
bt 0.949046 0 -0.315138
t -0.707107 0 -0.707107
bt 0.351804 0 -0.936074

