g sponza_258
t 1 -1.28323e-06 1.58358e-05
bt -0.0524829 -0.0805919 0.995364
t 1 1.32077e-06 -1.63254e-05
bt 0.0508407 -0.0805987 0.995449
t 1 -1.28323e-06 1.58358e-05
bt -0.0524829 -0.0805919 0.995364
t 1 -1.28323e-06 1.58358e-05
bt -0.0524829 -0.0805919 0.995364
t 0.994977 -0.0878009 0.048092
bt -1.27357e-05 1.12464e-06 1
t 0.994326 -0.0877434 -0.0601446
bt 1.76435e-05 -1.55661e-06 1
t 0.994977 -0.0878009 0.048092
bt -1.27357e-05 1.12464e-06 1
t 0.994977 -0.0878009 0.048092
bt -1.27357e-05 1.12464e-06 1
t 1 -9.96544e-07 -1.38373e-05
bt 0.0463492 0.0717242 0.996347
t 1 1.00711e-06 1.39976e-05
bt -0.0448012 0.0717293 0.996417
t 1 -9.96544e-07 -1.38373e-05
bt 0.0463492 0.0717242 0.996347
t 1 -9.96544e-07 -1.38373e-05
bt 0.0463492 0.0717242 0.996347
t 0.987709 0.1365 -0.0761533
bt 1.59469e-05 2.20325e-06 1
t 0.986066 0.136273 0.0954155
bt -2.31913e-05 -3.20517e-06 1
t 0.987709 0.1365 -0.0761533
bt 1.59469e-05 2.20325e-06 1
t 0.987709 0.1365 -0.0761533
bt 1.59469e-05 2.20325e-06 1
t 0.0002 1 -0.000295865
bt 4.34409e-09 2.17233e-05 1
t 0.0002 1 0.0002825
bt 0 0 1
t 0.0002 1 -0.000295865
bt 4.34409e-09 2.17233e-05 1
t 0.0002 1 -0.000295865
bt 4.34409e-09 2.17233e-05 1
t 1 0 0
bt -0.0301541 0.022089 -0.999301
t 1 0 0
bt 0.0266456 0.0220912 -0.999401
t 1 0 0
bt -0.0301541 0.022089 -0.999301
t 1 0 0
bt -0.0301541 0.022089 -0.999301
t 0.999171 -0.0240872 -0.0328294
bt 0 0 -1
t 0.999529 -0.0240959 0.0190138
bt 0 0 -1
t 0.999171 -0.0240872 -0.0328294
bt 0 0 -1
t 0.999171 -0.0240872 -0.0328294
bt 0 0 -1
t 1 0 0
bt -0.0236895 -0.0196946 -0.999525
t 1 0 0
bt 0.0268094 -0.019693 -0.999447
t 1 0 0
bt -0.0236895 -0.0196946 -0.999525
t 1 0 0
bt -0.0236895 -0.0196946 -0.999525
t 0.998863 0.0373837 -0.0295709
bt 0 0 -1
t 0.997998 0.0373513 0.0510314
bt 0 0 -1
t 0.998863 0.0373837 -0.0295709
bt 0 0 -1
t 0.998863 0.0373837 -0.0295709
bt 0 0 -1
t 1 -1.49363e-05 2.98682e-09
bt 0.000203872 -1 0.0002
t 1 0 0
bt -0.000199511 -1 0.0003
t 1 -1.49378e-05 4.48022e-09
bt 0.000203872 -1 0.0003
t 1 -1.49363e-05 2.98682e-09
bt 0.000203872 -1 0.0002
t 0.0002 -1 0.000217519
bt -2.92055e-09 1.4605e-05 1
t 0.0002 -1 -0.000213408
bt 0 0 1
t 0.0002 -1 0.000217519
bt -2.92055e-09 1.4605e-05 1
t 0.0002 -1 0.000217519
bt -2.92055e-09 1.4605e-05 1
t 1 -1.24702e-05 -3.73963e-09
bt -0.000182527 1 0.0003
t 1 0 0
bt 0.000175276 1 0.0003
t 1 -1.24689e-05 -2.49309e-09
bt -0.000182527 1 0.0002
t 1 -1.24689e-05 -2.49309e-09
bt -0.000182527 1 0.0002
t 0.999994 0.00359005 0.000441516
bt -5.25131e-05 0.132206 0.991222
t 0.999994 0.00346922 -0.000462703
bt -0.000419296 0.132198 0.991223
t 0.999994 0.00359005 0.000441516
bt -5.25131e-05 0.132206 0.991222
t 0.999994 0.00359005 0.000441516
bt -5.25131e-05 0.132206 0.991222
t 0.967805 0.251701 -8.22789e-05
bt 0 0 1
t 0.967805 0.251701 -3.82449e-06
bt 0 0 1
t 0.967805 0.251701 -8.22789e-05
bt 0 0 1
t 0.967805 0.251701 -8.22789e-05
bt 0 0 1
t 0.999994 0.0035717 -0.000395892
bt 4.66973e-05 -0.118099 0.993002
t 0.999994 0.00347552 0.000413353
bt 0.000375685 -0.1181 0.993002
t 0.999994 0.0035717 -0.000395892
bt 4.66973e-05 -0.118099 0.993002
t 0.999994 0.0035717 -0.000395892
bt 4.66973e-05 -0.118099 0.993002
t 0.998928 -0.0463013 0.000130715
bt 0 0 1
t 0.998928 -0.0463013 4.98011e-06
bt 0 0 1
t 0.998928 -0.0463013 0.000130715
bt 0 0 1
t 0.998928 -0.0463013 0.000130715
bt 0 0 1
t 0 1 0
bt 0 0 1
t 0 1 0
bt 0 0 1
t 0 1 0
bt 0 0 1
t 0 1 0
bt 0 0 1
t 1 0 3.67299e-06
bt 3.98551e-05 0 -1
t 1 0 3.67299e-06
bt 3.57595e-05 0 -1
t 1 0 -6.01794e-06
bt 3.98551e-05 0 -1
t 1 0 -6.01794e-06
bt 3.98551e-05 0 -1
t 1 0 7.34599e-06
bt -1.82269e-05 0 -1
t 1 0 -5.60964e-05
bt -1.55217e-05 0 -1
t 1 0 4.29721e-05
bt -3.64538e-05 0 -1
t 1 0 -6.01794e-06
bt -3.64538e-05 0 -1
t 1 0 0
bt 0 -1 0
t 0.999976 0.00690038 0
bt -1.44283e-07 -1 0
t 1 0 0
bt 0 -1 0
t 1 0 0
bt 0 -1 0
t 0 -1 0
bt 0 0 1
t 0 -1 0
bt 0 0 1
t 0 -1 0
bt 0 0 1
t 0 -1 0
bt 0 0 1
t 1 0 0
bt 0 1 0
t 0.999976 0.00690038 0
bt 0 1 0
t 1 0 0
bt 0 1 0
t 1 0 0
bt 0 1 0
t -0.997766 0.0667036 0.00366753
bt -0.0668043 -0.996261 -0.0547768
t -0.993962 -0.109558 -0.00602375
bt 0.109723 -0.992463 -0.0545681
t -0.997766 0.0666844 0.00398824
bt -0.0668035 -0.995986 -0.0595676
t -0.997766 0.0666844 0.00398824
bt -0.0668035 -0.995986 -0.0595676
t -0.066807 -0.996414 0.0519134
bt -0.00347287 -0.0517971 -0.998652
t -0.0667784 -0.995986 -0.0596086
bt 0.00398765 0.0594751 -0.998222
t -0.0683049 -0.996313 0.0519134
bt -0.00355073 -0.0517918 -0.998652
t -0.0683049 -0.996313 0.0519134
bt -0.00355073 -0.0517918 -0.998652
t -0.993736 -0.111604 0.00581156
bt -0.111756 0.992391 -0.0516763
t -0.997663 0.0682395 -0.00355343
bt 0.068332 0.996313 -0.0518809
t -0.993736 -0.111626 0.00535279
bt -0.111755 0.992595 -0.0475977
t -0.993736 -0.111626 0.00535279
bt -0.111755 0.992595 -0.0475977
t -0.111636 0.992247 0.0546105
bt -0.00610564 0.0542681 -0.998508
t -0.111775 0.992593 -0.0476069
bt 0.00532731 -0.0473078 -0.998866
t -0.109741 0.992459 0.0546104
bt -0.00600193 0.0542796 -0.998508
t -0.109741 0.992459 0.0546104
bt -0.00600193 0.0542796 -0.998508
t -1 0 0
bt 0 -1 0
t -1 0 0
bt 0 -1 0
t -1 0 0
bt 0 -1 0
t -1 0 0
bt 0 -1 0
t 0 1 0
bt 0 0 1
t 0 1 0
bt 0 0 1
t 0 1 0
bt 0 0 1
t 0 1 0
bt 0 0 1
t -1 0 0
bt 0 1 0
t -1 0 0
bt 0 1 0
t -1 0 0
bt 0 1 0
t -1 0 0
bt 0 1 0
t 0 -1 0
bt 0 0 1
t 0 -1 0
bt 0 0 1
t 0 -1 0
bt 0 0 1
t 0 -1 0
bt 0 0 1

