g sponza_242
t 0 0 -1
bt -1 0 0
t 0 0 -1
bt -1 0 0
t 0 0 -1
bt -1 0 0
t 0 0 -1
bt -1 0 0
t 0 0 -1
bt 1 0 0
t 0 0 -1
bt 1 0 0
t 0 0 -1
bt 1 0 0
t 0 0 -1
bt 1 0 0
t 0.00379544 0.999993 0
bt -1 0 0
t 0.00190602 0.999998 0
bt -1 -0.00068981 0
t 0.00253029 0.999997 0
bt -1 0.000198625 0
t 0 0 -1
bt -0.747484 0.664279 0
t 0 0 -1
bt -0.747484 0.664279 0
t 0 0 -1
bt -0.522328 0.852745 0
t 0 0 -1
bt -0.522328 0.852745 0
t 0.00500452 -0.999987 0
bt -1 0 0
t 0.00333635 -0.999994 0
bt -1 0.000262333 0
t 0.00250227 -0.999997 0
bt -1 -0.000493046 0
t 3.3207e-05 1 0
bt -1 0 0
t 2.2138e-05 1 0
bt -1 -0.000919747 0
t 0 0 -1
bt 0 1 0
t 0 0 -1
bt 0 1 0
t 0 0 -1
bt 0 1 0
t 0 0 -1
bt 0 1 0
t 0 -1 0
bt -1 0.000786999 0
t -0.000171901 -1 0
bt -1 -0.000174116 0
t 0 1 0
bt -0.999996 -0.00275924 0
t 0 0 -1
bt -0.908214 0.418506 0
t 0 0 -1
bt -0.908214 0.418506 0
t 0 -1 0
bt -0.999996 -0.00275918 0

