g sponza_54
t 6.56162e-06 0 -1
bt 1 0 0
t 1.969e-05 0 -1
bt 1 0 0
t 0 0 -1
bt 0.866021 0.500008 0
t 0 0 -1
bt 0.866021 0.500008 0
t 0 0 -1
bt 0.500014 0.866017 0
t 0 0 -1
bt 0.500014 0.866017 0
t 0 0 -1
bt 0 1 0
t 0 0 -1
bt 0 1 0
t 0 0 -1
bt -0.258901 0.965904 0
t 0 0 -1
bt -0.258901 0.965904 0
t 0 0 -1
bt 0.866017 0.500014 0
t 0 0 -1
bt 0.866017 0.500014 0
t 0 0 -1
bt 0.500014 0.866017 0
t 0 0 -1
bt 0.500014 0.866017 0
t 0 0 -1
bt 1 0 0
t 0 0 -1
bt 1 0 0
t 0 0 -1
bt 0.965929 -0.258808 0
t 0 0 -1
bt 0.965929 -0.258808 0
t 9.84243e-06 -5.68236e-06 -1
bt 0.866021 -0.500008 0
t 0 0 -1
bt 0.866021 -0.500008 0
t 0 0 -1
bt 0.500014 -0.866017 0
t 0 0 -1
bt 0.500014 -0.866017 0
t 0 0 -1
bt 0 -1 0
t 0 0 -1
bt 0 -1 0
t 0 0 -1
bt -0.258901 -0.965904 0
t 0 0 -1
bt -0.258901 -0.965904 0
t 0 0 -1
bt 0 -1 0
t 0 0 -1
bt 0 -1 0
t 0 0 -1
bt 0.500008 -0.866021 0
t 0 0 -1
bt 0.500008 -0.866021 0
t 0 0 -1
bt 0.866017 -0.500014 0
t 0 0 -1
bt 0.866017 -0.500014 0
t 0 0 -1
bt 1 0 0
t 0 0 -1
bt 1 0 0
t 0 0 -1
bt 0.965929 0.258808 0
t 0 0 -1
bt 0.965929 0.258808 0
t 0 0 -1
bt 0 1 0
t 0 0 -1
bt 0 1 0
t 0 0 -1
bt -0.866021 0.500008 0
t 0 0 -1
bt -0.866021 0.500008 0
t 0 0 -1
bt -1 0 0
t 0 0 -1
bt -1 0 0
t 0 0 -1
bt -0.500014 0.866017 0
t 0 0 -1
bt -0.500014 0.866017 0
t 0 0 -1
bt 0 1 0
t 0 0 -1
bt 0 1 0
t 0 0 -1
bt 0.258901 0.965904 0
t 0 0 -1
bt 0.258901 0.965904 0
t 0 0 -1
bt 0 1 0
t 0 0 -1
bt 0 1 0
t 0 0 -1
bt -0.500014 0.866017 0
t 0 0 -1
bt -0.500014 0.866017 0
t 0 0 -1
bt -0.866017 0.500014 0
t 0 0 -1
bt -0.866017 0.500014 0
t 0 0 -1
bt -1 0 0
t 0 0 -1
bt -1 0 0
t 0 0 -1
bt -0.965929 -0.258808 0
t 0 0 -1
bt -0.965929 -0.258808 0
t 0 0 -1
bt -0.866021 -0.500008 0
t 0 0 -1
bt -0.866021 -0.500008 0
t 0 0 -1
bt -0.500014 -0.866017 0
t 0 0 -1
bt -0.500014 -0.866017 0
t 0 0 -1
bt 0 -1 0
t 0 0 -1
bt 0 -1 0
t 0 0 -1
bt 0.258901 -0.965904 0
t 0 0 -1
bt 0.258901 -0.965904 0
t 0 0 -1
bt -0.866017 -0.500014 0
t 0 0 -1
bt -0.866017 -0.500014 0
t 0 0 -1
bt -0.500014 -0.866017 0
t 0 0 -1
bt -0.500014 -0.866017 0
t 0 0 -1
bt -1 0 0
t 0 0 -1
bt -1 0 0
t 0 0 -1
bt -0.965929 0.258808 0
t 0 0 -1
bt -0.965929 0.258808 0
t -0.818227 -0.574895 0
bt -0.576014 0.81744 0
t -0.817849 -0.575433 0
bt -0.572315 0.820034 0
t -0.81798 -0.575247 0
bt -0.574581 0.818448 0
t -0.81797 -0.575261 0
bt -0.575995 0.817453 0
t -0.817795 -0.57551 0
bt -0.574954 0.818186 0
t -0.818135 -0.575027 0
bt -0.573742 0.819036 0
t -0.817173 -0.576393 0
bt -0.580115 0.814535 0
t -0.817126 -0.576459 0
bt -0.573119 0.819472 0
t -0.816227 -0.577731 0
bt -0.575399 0.817873 0
t -0.816169 -0.577813 0
bt -0.575958 0.817479 0
t -0.817623 -0.575754 0
bt -0.575252 0.817977 0
t -0.81733 -0.57617 0
bt -0.574978 0.818169 0
t -0.818188 -0.57495 0
bt -0.574744 0.818333 0
t -0.81855 -0.574435 0
bt -0.575252 0.817976 0
t -0.81921 -0.573494 0
bt -0.573926 0.818907 0
t -0.8198 -0.572649 0
bt -0.575395 0.817876 0
t -0.819605 -0.57293 0
bt -0.574189 0.818723 0
t -0.819103 -0.573646 0
bt -0.571804 0.82039 0
t -0.818039 -0.575163 0
bt -0.573379 0.819291 0
t -0.817354 -0.576135 0
bt -0.577472 0.816411 0
t -0.818835 -0.574028 0
bt -0.571558 0.820561 0
t -0.817873 -0.575399 0
bt -0.576482 0.81711 0
t -0.817835 -0.575453 0
bt -0.57667 0.816977 0
t -0.817881 -0.575388 0
bt -0.575169 0.818035 0
t -0.81852 -0.574478 0
bt -0.575094 0.818087 0
t -0.817195 -0.576361 0
bt -0.573544 0.819175 0
t -0.817854 -0.575426 0
bt -0.574442 0.818546 0
t -0.819136 -0.573599 0
bt -0.575444 0.817842 0
t -0.821772 -0.569816 0
bt -0.574596 0.818437 0
t -0.818811 -0.574063 0
bt -0.575706 0.817657 0
t -0.817551 -0.575856 0
bt -0.575415 0.817862 0
t -0.817809 -0.57549 0
bt -0.575254 0.817975 0
t -0.818753 -0.574146 0
bt -0.575055 0.818115 0
t -0.818795 -0.574086 0
bt -0.574938 0.818197 0
t -0.817912 -0.575343 0
bt -0.574149 0.818751 0
t -0.818 -0.575218 0
bt -0.574735 0.81834 0
t -0.819191 -0.57352 0
bt -0.573379 0.81929 0
t -0.818212 -0.574917 0
bt -0.574091 0.818791 0
t -0.819494 -0.573088 0
bt -0.574632 0.818412 0
t -0.819126 -0.573614 0
bt -0.573858 0.818955 0
t -0.819968 -0.57241 0
bt -0.571163 0.820836 0
t -0.818108 -0.575064 0
bt -0.571997 0.820256 0
t -0.818543 -0.574446 0
bt -0.572898 0.819627 0
t -0.81644 -0.57743 0
bt -0.577338 0.816505 0
t -0.816653 -0.577129 0
bt -0.575691 0.817667 0
t -0.817708 -0.575633 0
bt -0.573204 0.819413 0
t -0.817701 -0.575643 0
bt -0.57319 0.819422 0
t -0.816662 -0.577117 0
bt -0.575697 0.817663 0

