g sponza_361
t 0.996969 0.0013645 0.0777928
bt 0.137051 0.0660695 -0.988358
t 0.996446 -0.00134496 -0.0842228
bt -0.105152 0.0660615 -0.99226
t 0.99522 0.00971884 -0.0971688
bt 0.0582951 -0.797204 -0.600888
t 0.995822 -0.00975154 0.0907914
bt 0.11475 -0.80177 -0.586513
t 0.99533 0.00540896 0.0963824
bt -0.0319293 -0.960828 0.275301
t 0.994684 -0.00541933 -0.102831
bt 0.0417428 -0.960762 0.274215
t 0.99668 -0.0495138 -0.0646344
bt -0.0242972 -0.776978 0.629059
t 0.995891 0.00991242 0.0900116
bt -0.0791608 -0.78002 0.620728
t 0.99668 -0.0495138 -0.0646344
bt 0.0652884 -0.78009 0.622252
t 0.996119 -0.00771393 -0.0876754
bt 0.0695221 -0.418769 0.905428
t 0.999155 0.0384883 0.0144251
bt -0.0889504 -0.418866 0.903681
t 0.999155 0.0384862 0.0144297
bt -0.0889545 -0.41881 0.903707
t 0.996454 -0.000459021 -0.08414
bt 0.0642064 -0.0206977 0.997722
t 0.996976 0.000393326 0.0777047
bt -0.137908 -0.020678 0.990229
t 0.995945 -0.0100313 0.089404
bt -0.114301 0.759721 0.640125
t 0.995345 0.0100322 -0.0958495
bt 0.0144415 0.759623 0.650203
t 0.994981 0.00857598 -0.0996941
bt 0.0962387 0.875667 0.473229
t 0.995602 -0.00859436 0.0932907
bt -0.0451545 0.87661 0.479078
t 0.997309 0.00837014 -0.0728381
bt -0.0214568 0.255399 0.966598
t 0.997756 -0.00842307 0.0664196
bt -0.155396 0.256788 0.953893
t 0.996798 -0.00609741 0.0797308
bt 0.120813 -0.317706 -0.940461
t 0.996261 0.006155 -0.0861745
bt -0.117715 -0.317789 -0.940826
t 0.995305 -0.00507253 0.0966599
bt 0.0227788 -0.966273 -0.256511
t 0.994661 0.0050713 -0.103076
bt -0.05208 -0.965968 -0.253363
t 0.995485 0.00748274 0.0946199
bt -0.0683779 -0.914813 0.398048
t 0.994852 -0.00749541 -0.101063
bt 0.0156812 -0.914878 0.403425
t 0.995508 0.00779209 0.0943566
bt -0.0414048 -0.906327 0.420544
t 0.99488 -0.00778873 -0.10076
bt 0.0727882 -0.905947 0.417088
t 0.99607 -0.0101588 0.0879842
bt 0.1032 -0.712221 -0.694328
t 0.99548 0.0101777 -0.0944196
bt -0.0610099 -0.712627 -0.698885
t 0.994623 0.00423022 -0.103471
bt 0.0300589 -0.975771 -0.216721
t 0.995273 -0.00422351 0.0970264
bt 0.0498636 -0.9767 -0.208736
t 0.996657 -0.00781981 0.0813259
bt 0.127715 -0.421906 -0.897599
t 0.996112 0.00780459 -0.0877486
bt -0.089741 -0.422283 -0.902011
t 0.996889 -0.00438715 0.0786977
bt 0.135194 -0.222701 -0.965467
t 0.996358 0.0044497 -0.0851478
bt -0.100647 -0.22293 -0.969625
t 0.995625 -0.00867332 0.0930347
bt 0.0192394 -0.870913 -0.49106
t 0.995003 0.00866662 -0.099471
bt -0.14194 -0.867615 -0.476548
t 0.995224 0.00284736 0.0975781
bt -0.00766173 -0.989961 0.14113
t 0.994579 -0.00284272 -0.10394
bt 0.0386602 -0.989695 0.137872
t 0.996387 -0.00955112 0.0843924
bt 0.0801867 -0.574881 -0.814299
t 0.998195 0.0476727 -0.036522
bt -0.0854046 -0.574815 -0.813815
t 0.995538 0.0101842 -0.0938101
bt -0.0298508 -0.689664 -0.723515
t 0.996127 -0.0101253 0.0873429
bt 0.123331 -0.689455 -0.713751
t 0.995689 0.00910024 0.0923026
bt -0.0914619 -0.848878 0.520616
t 0.995079 -0.00910173 -0.0986651
bt 0.0159886 -0.848899 0.528314
t 0.99649 0.0486143 -0.0681565
bt -0.0668474 -0.802257 -0.593225
t 0.996905 -0.0485999 0.0617963
bt 0.0582257 -0.802272 -0.594112
t 0.995997 0.0101158 0.0888081
bt -0.0841138 -0.738665 0.668804
t 0.995412 -0.0101435 -0.0951426
bt 0.0889628 -0.738699 0.668139
t 0.995543 -0.00809428 0.0939603
bt 0.109755 -0.893151 -0.436159
t 0.994922 0.00810645 -0.100319
bt 0.0475193 -0.891142 -0.45123
t 0.99787 -0.00525357 0.0650192
bt 0.0967441 -0.155753 -0.983047
t 0.997436 0.00526614 -0.0713773
bt -0.169025 -0.155412 -0.973282
t -0.999648 0.0015526 0.0265024
bt 0.00323304 0.0660005 0.997814
t -0.982803 -0.00134234 0.18465
bt 0.165031 0.0659436 0.984081
t -0.980275 0.00970831 0.1974
bt 0.00913973 -0.797798 0.602855
t -0.999877 -0.0108625 0.0112956
bt 0.0019265 -0.803086 0.59586
t -0.925506 -0.00129991 0.378732
bt 0.359788 0.0659709 0.930699
t -0.920458 0.00972431 0.390721
bt 0.130474 -0.797786 0.588655
t -0.83033 -0.00132405 0.55727
bt 0.539906 0.0660039 0.839133
t -0.822972 0.00971751 0.567999
bt 0.246318 -0.797797 0.550316
t -0.701156 -0.00135922 0.713007
bt 0.697823 0.0659488 0.713228
t -0.691782 0.00973231 0.722041
bt 0.352167 -0.797856 0.489289
t -0.543281 -0.00134857 0.83955
bt 0.827105 0.0659129 0.55817
t -0.532304 0.00970099 0.846498
bt 0.443505 -0.797852 0.408331
t -0.363169 -0.00136937 0.931722
bt 0.922556 0.0659728 0.380182
t -0.350953 0.00975598 0.936342
bt 0.516634 -0.797834 0.310725
t -0.168185 -0.00132498 0.985754
bt 0.980188 0.0659807 0.186754
t -0.155319 0.00974108 0.987816
bt 0.568618 -0.797843 0.200301
t 0.0336783 -0.00137818 0.999432
bt 0.997714 0.0660452 -0.0142968
t 0.0467016 0.00973475 0.998861
bt 0.597295 -0.797839 0.0818092
t 0.234175 -0.00137207 0.972194
bt 0.974411 0.0660189 -0.214858
t 0.246781 0.00971282 0.969023
bt 0.601535 -0.797845 -0.0399981
t 0.425088 -0.00135867 0.905151
bt 0.911219 0.0660019 -0.4066
t 0.436811 0.00974165 0.899501
bt 0.581218 -0.797804 -0.160292
t 0.598586 -0.00133955 0.801058
bt 0.81074 0.0659999 -0.581674
t 0.608939 0.00973213 0.793157
bt 0.537078 -0.797797 -0.273983
t 0.747569 -0.00134064 0.664183
bt 0.677129 0.066058 -0.732893
t 0.756124 0.00972525 0.654357
bt 0.470968 -0.797803 -0.376429
t 0.865968 -0.00133413 0.500097
bt 0.515816 0.0660544 -0.854149
t 0.872378 0.00975927 0.488734
bt 0.385666 -0.797783 -0.463469
t 0.948905 -0.00131608 0.315559
bt 0.333189 0.0660234 -0.940545
t 0.952899 0.00974357 0.303131
bt 0.284525 -0.797791 -0.531577
t -0.999877 -0.0108625 0.0112956
bt 0.0019265 -0.803086 0.59586
t -0.981691 -0.0110645 -0.19016
bt -0.124531 -0.803088 0.582702
t -0.984602 0.001592 -0.174803
bt -0.116958 0.0657907 0.990955
t -0.999648 0.0015526 0.0265024
bt 0.00323304 0.0660005 0.997814
t -0.922946 -0.00974062 -0.384805
bt -0.239267 -0.803066 0.545744
t -0.927935 0.00131828 -0.372739
bt -0.314109 0.0657369 0.947108
t -0.826609 -0.00973105 -0.562693
bt -0.344414 -0.803064 0.486279
t -0.833902 0.0013054 -0.551911
bt -0.498346 0.0657729 0.864479
t -0.696414 -0.00973949 -0.717574
bt -0.435348 -0.803033 0.406953
t -0.705738 0.00136033 -0.708472
bt -0.66226 0.0657684 0.746382
t -0.537686 -0.00976647 -0.843089
bt -0.508245 -0.803046 0.311135
t -0.548693 0.00133041 -0.836023
bt -0.798954 0.0657874 0.597782
t -0.357014 -0.0097308 -0.934048
bt -0.560537 -0.803051 0.202256
t -0.36916 0.00138568 -0.929365
bt -0.902906 0.065846 0.424765
t -0.161669 -0.00974449 -0.986797
bt -0.589796 -0.803033 0.0853162
t -0.174536 0.00133919 -0.98465
bt -0.969953 0.0657737 0.234233
t 0.0402336 -0.00972174 -0.999143
bt -0.594844 -0.803066 -0.0352957
t 0.0272482 0.00130329 -0.999628
bt -0.997243 0.0658561 0.0341944
t 0.240537 -0.00972039 -0.970591
bt -0.575625 -0.803061 -0.154103
t 0.227901 0.00138572 -0.973683
bt -0.983708 0.0658448 -0.167279
t 0.430964 -0.0097063 -0.902317
bt -0.532803 -0.803015 -0.266997
t 0.419222 0.00133892 -0.907883
bt -0.929928 0.0658377 -0.361801
t 0.603795 -0.00972456 -0.797081
bt -0.46819 -0.803027 -0.368708
t 0.593394 0.00134697 -0.804911
bt -0.838027 0.0658848 -0.541636
t 0.731713 -0.0485618 -0.679881
bt -0.389222 -0.802973 -0.451376
t 0.74328 0.00134221 -0.668979
bt -0.711871 0.0658577 -0.699216
t 0.778852 0.0485693 -0.625324
bt -0.389222 -0.802973 -0.451376
t 0.869189 -0.00971975 -0.494384
bt -0.28481 -0.803047 -0.523448
t 0.862721 0.00131464 -0.505679
bt -0.556544 0.0659079 -0.8282
t 0.950906 -0.00970455 -0.309327
bt -0.173843 -0.803016 -0.570038
t 0.946853 0.00133076 -0.321665
bt -0.378459 0.0658795 -0.923271
t -0.999987 0.00295253 0.00407938
bt -0.000890156 -0.960838 -0.277111
t -0.979168 -0.00541704 0.202982
bt -0.0519759 -0.960827 -0.272232
t -0.980418 -0.00989832 0.196677
bt -0.0926225 -0.779617 -0.61937
t -0.999923 0.00789152 0.00953433
bt -0.00200438 -0.78013 -0.625614
t -0.918264 -0.00541207 0.395931
bt -0.1057 -0.960827 -0.256199
t -0.920748 -0.00992358 0.390033
bt -0.215479 -0.779585 -0.588061
t -0.819754 -0.00541857 0.57269
bt -0.155065 -0.960829 -0.2297
t -0.823361 -0.00995053 0.567431
bt -0.32941 -0.779631 -0.532602
t -0.687699 -0.00541616 0.725976
bt -0.198153 -0.960831 -0.193748
t -0.692299 -0.0099338 0.721542
bt -0.429915 -0.779578 -0.455447
t -0.527504 -0.00541323 0.849535
bt -0.233093 -0.960833 -0.14989
t -0.532912 -0.00991841 0.846113
bt -0.512789 -0.779584 -0.359576
t -0.345655 -0.00542504 0.938346
bt -0.258516 -0.960826 -0.0999109
t -0.351664 -0.0099453 0.936074
bt -0.574705 -0.77956 -0.249
t -0.14975 -0.00540905 0.988709
bt -0.273336 -0.960827 -0.0458119
t -0.156049 -0.00993156 0.987699
bt -0.612976 -0.779628 -0.128222
t 0.0523509 -0.00541711 0.998614
bt -0.276969 -0.960826 0.0101045
t 0.0459964 -0.00994721 0.998892
bt -0.626293 -0.779585 -0.00217992
t 0.252317 -0.00542078 0.967629
bt -0.269246 -0.960832 0.0656293
t 0.246084 -0.0099224 0.969198
bt -0.613916 -0.779587 0.1239
t 0.441932 -0.00542052 0.897032
bt -0.250504 -0.960835 0.118508
t 0.436109 -0.00989934 0.899839
bt -0.576356 -0.779634 0.244917
t 0.613427 -0.00541467 0.789733
bt -0.221537 -0.96083 0.166514
t 0.582108 -0.0495256 0.811602
bt -0.546693 -0.776978 0.312141
t 0.759852 -0.00541875 0.650073
bt -0.183452 -0.960832 0.207718
t 0.755658 -0.00995586 0.65489
bt -0.43307 -0.779632 0.452353
t 0.644773 0.0495088 0.762769
bt -0.493481 -0.780132 0.384539
t 0.875133 -0.00540554 0.483852
bt -0.137928 -0.96083 0.240379
t 0.871994 -0.00990912 0.489417
bt -0.333124 -0.77963 0.530289
t 0.954617 -0.00540862 0.297786
bt -0.0867048 -0.960831 0.263224
t 0.952673 -0.00994693 0.303833
bt -0.219576 -0.779629 0.586485
t -0.999923 0.00789152 0.00953433
bt -0.00200438 -0.78013 -0.625614
t -0.98562 0.0442332 -0.163086
bt 0.123993 -0.780132 -0.613204
t -0.980263 0.00165424 -0.19769
bt 0.0201473 -0.960239 -0.278451
t -0.999987 0.00295253 0.00407938
bt -0.000890156 -0.960838 -0.277111
t -0.970309 -0.0495427 -0.236741
bt 0.123993 -0.780132 -0.613204
t -0.923237 0.00992522 -0.384103
bt 0.214323 -0.779723 -0.588301
t -0.920808 0.0054033 -0.389979
bt 0.0757882 -0.96024 -0.268692
t -0.827034 0.00990327 -0.562065
bt 0.32846 -0.779653 -0.533156
t -0.823425 0.00542308 -0.567399
bt 0.128311 -0.960232 -0.247974
t -0.696936 0.0099438 -0.717064
bt 0.429067 -0.779637 -0.456145
t -0.692386 0.00540792 -0.721507
bt 0.17563 -0.960239 -0.217016
t -0.564218 0.0495508 -0.824138
bt 0.529866 -0.780131 -0.332622
t -0.532942 0.00541998 -0.846135
bt 0.215697 -0.960235 -0.177266
t -0.496905 -0.0495161 -0.866391
bt 0.529866 -0.780131 -0.332622
t -0.357729 0.00989828 -0.933773
bt 0.574081 -0.779717 -0.249944
t -0.351755 0.00540689 -0.936076
bt 0.246949 -0.960241 -0.130202
t -0.162437 0.00990617 -0.986669
bt 0.612731 -0.779644 -0.12929
t -0.156094 0.00542315 -0.987727
bt 0.268119 -0.960238 -0.0778174
t 0.00766339 0.049511 -0.998744
bt 0.624907 -0.780133 0.0297256
t 0.0396368 0.0270554 -0.998848
bt 0.279935 -0.957061 -0.0753054
t 0.0870303 -0.0495394 -0.994973
bt 0.624907 -0.780133 0.0297255
t 0.239813 0.00991735 -0.970769
bt 0.614066 -0.779643 0.122798
t 0.24608 0.00542629 -0.969234
bt 0.277086 -0.960235 0.0342316
t 0.0552499 -0.0270616 -0.998106
bt 0.27682 -0.960831 0.0131911
t 0.430315 0.00991111 -0.902624
bt 0.576751 -0.779659 0.243906
t 0.436118 0.00541675 -0.899873
bt 0.26452 -0.960238 0.0892872
t 0.603204 0.00991314 -0.797526
bt 0.515884 -0.779642 0.354995
t 0.608318 0.0054106 -0.793675
bt 0.24112 -0.960239 0.140721
t 0.751421 0.00995041 -0.659749
bt 0.433851 -0.779649 0.451575
t 0.755617 0.00540851 -0.654991
bt 0.207856 -0.960236 0.186394
t 0.868828 0.00992037 -0.495015
bt 0.334012 -0.779721 0.529596
t 0.872004 0.00541081 -0.48947
bt 0.166097 -0.960238 0.224401
t 0.950695 0.00994772 -0.309967
bt 0.220618 -0.779657 0.586056
t 0.952676 0.0054074 -0.303939
bt 0.117516 -0.960235 0.253258
t 0.988385 0.0495413 -0.143669
bt 0.0652701 -0.78013 0.622204
t -0.982123 -0.00776949 0.188079
bt -0.120683 -0.417967 -0.900411
t -0.999827 0.00649818 0.017428
bt -0.00292405 -0.418916 -0.90802
t -0.924165 -0.0076784 0.381916
bt -0.299459 -0.41798 -0.857681
t -0.82837 -0.00772603 0.560128
bt -0.465999 -0.417967 -0.779839
t -0.744373 -0.0384664 0.666655
bt -0.538273 -0.413192 -0.73453
t -0.540346 -0.0077363 0.841407
bt -0.735758 -0.417979 -0.532872
t -0.622982 0.0385413 0.781286
bt -0.660195 -0.41889 -0.623437
t -0.359917 -0.00773548 0.932952
bt -0.827967 -0.417958 -0.373873
t -0.23015 -0.0384775 0.972394
bt -0.861412 -0.41318 -0.295386
t 0.0371689 -0.00774922 0.999279
bt -0.908303 -0.417964 -0.0170657
t -0.065004 0.0385383 0.997141
bt -0.898011 -0.418878 -0.134605
t 0.171982 -0.0385028 0.984347
bt -0.908093 -0.413167 0.0682717
t 0.428206 -0.00772717 0.903648
bt -0.841422 -0.417965 0.342512
t 0.333491 0.0385027 0.941967
bt -0.878312 -0.418868 0.230471
t 0.582108 -0.0495256 0.811602
bt -0.49351 -0.780099 0.384569
t 0.601344 -0.00775957 0.798953
bt -0.755242 -0.417993 0.504868
t 0.644783 0.049526 0.762759
bt -0.49351 -0.780099 0.384569
t 0.749866 -0.00773188 0.661544
bt -0.638179 -0.417926 0.64658
t 0.867669 -0.00773561 0.497083
bt -0.494985 -0.41794 0.761785
t 0.949972 -0.00774757 0.312239
bt -0.33147 -0.418004 0.845814
t 0.982798 -0.0385272 0.180622
bt -0.251387 -0.413162 0.875273
t -0.999827 0.00649818 0.017428
bt -0.00292405 -0.418916 -0.90802
t -0.982598 0.00586635 -0.185652
bt 0.139812 -0.41857 -0.897358
t -0.985633 0.0443903 -0.162961
bt -0.0392655 -0.769429 -0.637525
t -0.948973 0.0385465 -0.312991
bt 0.355499 -0.418886 -0.835557
t -0.970309 -0.0495407 -0.23674
bt 0.123972 -0.780099 -0.613251
t -0.883603 -0.0384724 -0.466654
bt 0.355499 -0.418886 -0.835557
t -0.866553 0.0385317 -0.497595
bt 0.51639 -0.418879 -0.746915
t -0.771588 -0.0384863 -0.634957
bt 0.51639 -0.418879 -0.746915
t -0.703261 0.00771246 -0.71089
bt 0.627392 -0.418584 -0.656633
t -0.545755 0.00774367 -0.837909
bt 0.74675 -0.418566 -0.516882
t -0.564218 0.0495508 -0.824138
bt 0.43505 -0.769424 -0.467673
t -0.427008 0.0385216 -0.903427
bt 0.850524 -0.418879 -0.31804
t -0.496905 -0.049517 -0.866391
bt 0.529935 -0.780093 -0.332601
t -0.270578 -0.0385047 -0.961928
bt 0.850524 -0.418879 -0.31804
t -0.236385 0.0385396 -0.970895
bt 0.897131 -0.418877 -0.140354
t -0.0714152 -0.0384693 -0.996705
bt 0.89713 -0.418876 -0.140354
t 0.0307243 0.00774786 -0.999498
bt 0.908214 -0.4185 0.00232516
t 0.00766338 0.049511 -0.998744
bt 0.624221 -0.76944 -0.135314
t 0.165622 0.0385197 -0.985437
bt 0.879768 -0.418885 0.224821
t 0.0870294 -0.0495382 -0.994973
bt 0.624946 -0.780102 0.0297183
t 0.327409 -0.0384968 -0.944098
bt 0.879768 -0.418885 0.224821
t 0.422398 0.00777913 -0.906377
bt 0.833717 -0.418471 0.360275
t 0.59615 0.00768955 -0.802836
bt 0.74408 -0.418559 0.520723
t 0.745581 0.00774432 -0.666369
bt 0.624083 -0.41844 0.65987
t 0.864465 0.0077807 -0.502632
bt 0.478467 -0.41853 0.771947
t 0.947936 0.00773132 -0.318367
bt 0.313272 -0.418581 0.852438
t 0.988385 0.0495413 -0.143669
bt 0.228308 -0.769423 0.596543
t -0.582402 0.0887594 -0.808041
bt 0.812469 0.239406 -0.531581
t -0.624309 0.123859 -0.771295
bt 0.771645 0.226043 -0.594532
t -0.461896 0.201068 -0.863843
bt 0.898115 0.154819 -0.411608
t -0.443134 0.248539 -0.861313
bt 0.90065 0.0630055 -0.429954
t -0.448251 0.230342 -0.863721
bt 0.89917 0.111896 -0.423051
t -0.439172 0.256781 -0.860925
bt 0.896869 0.0131625 -0.442101
t -0.41647 0.253988 -0.872951
bt 0.892693 -0.0385402 -0.449014
t -0.403446 0.21593 -0.88916
bt 0.875647 -0.133219 -0.464214
t -0.40509 0.239618 -0.882318
bt 0.888354 -0.0896033 -0.450332
t -0.30618 -0.0933869 -0.947382
bt 0.909406 0.23755 -0.341396
t -0.406308 0.183523 -0.895116
bt 0.873176 -0.176618 -0.45428
t -0.409979 0.143437 -0.900746
bt 0.862564 -0.208899 -0.460808
t -0.418329 0.0981813 -0.902974
bt 0.85853 -0.23471 -0.455892
t -0.294882 -0.0382456 -0.954768
bt 0.910438 0.252983 -0.327266
t -0.40293 -0.0151653 -0.915105
bt 0.880112 0.256737 -0.39936
t -0.49412 0.0116453 -0.869316
bt 0.848672 0.256833 -0.462377
t -0.584165 0.0368007 -0.8108
bt 0.801835 0.253798 -0.54097
t -0.462107 -0.098662 -0.881319
bt 0.882831 -0.234837 -0.40677
t -0.468575 -0.143158 -0.871747
bt 0.889715 -0.208932 -0.4059
t -0.465352 -0.183458 -0.865904
bt 0.897463 -0.173833 -0.405391
t -0.44314 -7.84203e-06 -0.896453
bt 0.863572 -0.257223 -0.433682
t -0.460959 -0.21599 -0.860735
bt 0.90028 -0.133255 -0.414414
t -0.44582 -0.24067 -0.862161
bt 0.90211 -0.0869065 -0.422664
t -0.421765 -0.256824 -0.869572
bt 0.894456 0.0124128 -0.446984
t -0.425067 -0.254612 -0.868615
bt 0.899544 -0.0379972 -0.435174
t -0.427993 -0.249413 -0.868686
bt 0.887567 0.0625737 -0.456409
t -0.409867 -0.229754 -0.882736
bt 0.877189 0.109314 -0.467536
t -0.403059 -0.163288 -0.900489
bt 0.863401 0.191882 -0.466604
t -0.421171 -0.203781 -0.883792
bt 0.867425 0.152426 -0.473645
t -0.423431 -0.167866 -0.89024
bt 0.860897 0.190907 -0.471604
t -0.407524 -0.164295 -0.898294
bt 0.864373 0.192262 -0.464645
t -0.30618 -0.0933869 -0.947382
bt 0.909406 0.23755 -0.341396
t -0.427661 0.0491122 -0.902604
bt 0.854964 -0.250789 -0.454028
t -0.408063 -0.164417 -0.898026
bt 0.864277 0.192224 -0.464839
t -0.457738 -0.0491255 -0.887729
bt 0.86212 -0.252842 -0.439112
t -0.465977 -0.0976044 -0.879397
bt 0.870736 -0.237565 -0.43056
t -0.982818 -0.000380966 0.184579
bt -0.124875 -0.0206646 -0.991957
t -0.999811 0.000302137 0.0194228
bt -0.00322807 -0.0206992 -0.999781
t -0.92554 -0.000395182 0.378649
bt -0.322038 -0.0206277 -0.946502
t -0.830378 -0.000409202 0.5572
bt -0.505962 -0.0206836 -0.862308
t -0.744373 -0.0384664 0.666655
bt -0.660215 -0.418847 -0.623445
t -0.701207 -0.000464337 0.712958
bt -0.669181 -0.020656 -0.742812
t -0.622959 0.0385548 0.781304
bt -0.660215 -0.418847 -0.623445
t -0.543335 -0.00041208 0.839516
bt -0.80501 -0.0206342 -0.592903
t -0.363241 -0.00046828 0.931695
bt -0.907874 -0.0206799 -0.418733
t -0.23015 -0.0384775 0.972394
bt -0.898042 -0.418827 -0.134554
t -0.168262 -0.000393668 0.985742
bt -0.97358 -0.0206668 -0.227408
t -0.0650018 0.0385393 0.997141
bt -0.898042 -0.418827 -0.134554
t 0.033602 -0.000403911 0.999435
bt -0.999428 -0.0206621 -0.0267733
t 0.171982 -0.0385028 0.984347
bt -0.878335 -0.418812 0.230488
t 0.234093 -0.000447559 0.972214
bt -0.984357 -0.0207162 0.174961
t 0.333495 0.038505 0.941965
bt -0.878335 -0.418812 0.230488
t 0.425009 -0.00042267 0.905189
bt -0.928994 -0.0206822 0.369518
t 0.598511 -0.000358652 0.801114
bt -0.835602 -0.0206789 0.548945
t 0.747512 -0.00040382 0.664249
bt -0.708002 -0.0207147 0.705907
t 0.865936 -0.000443559 0.500155
bt -0.551397 -0.0206959 0.833986
t 0.948881 -0.000461499 0.315635
bt -0.372267 -0.0206466 0.927896
t 0.982798 -0.0385272 0.180621
bt -0.0889546 -0.41881 0.903707
t -0.999811 0.000302137 0.0194228
bt -0.00322807 -0.0206992 -0.999781
t -0.982857 0.000287114 -0.184368
bt 0.158283 -0.0206921 -0.987177
t -0.92796 0.000398396 -0.372679
bt 0.353748 -0.0207294 -0.935111
t -0.948973 0.0385465 -0.312991
bt 0.161013 -0.41009 -0.89772
t -0.833947 0.000404121 -0.551845
bt 0.534734 -0.0207587 -0.844765
t -0.866554 0.0385317 -0.497595
bt 0.338393 -0.410079 -0.846951
t -0.883607 -0.0384684 -0.466646
bt 0.355474 -0.418841 -0.83559
t -0.705802 0.000456879 -0.708409
bt 0.693838 -0.0207046 -0.719834
t -0.771588 -0.0384862 -0.634957
bt 0.516394 -0.418829 -0.74694
t -0.548745 0.00046213 -0.83599
bt 0.824535 -0.0207349 -0.56543
t -0.369265 0.000379767 -0.929324
bt 0.921471 -0.0207116 -0.387894
t -0.427008 0.0385217 -0.903427
bt 0.761558 -0.410082 -0.501859
t -0.174595 0.000428453 -0.98464
bt 0.980691 -0.0207298 -0.19446
t -0.236385 0.0385396 -0.970895
bt 0.846987 -0.41007 -0.338312
t -0.270583 -0.0385024 -0.961927
bt 0.850527 -0.41883 -0.318096
t 0.0271614 0.00043749 -0.999631
bt 0.999762 -0.0207054 0.00692615
t -0.071397 -0.0384776 -0.996706
bt 0.897152 -0.418826 -0.140369
t 0.22782 0.000386799 -0.973703
bt 0.977904 -0.0207202 0.208026
t 0.165622 0.0385197 -0.985437
bt 0.911752 -0.41009 0.0231319
t 0.419158 0.000465779 -0.907913
bt 0.916012 -0.0206869 0.400618
t 0.327427 -0.0385056 -0.944091
bt 0.879796 -0.418839 0.224795
t 0.593326 0.000412075 -0.804962
bt 0.816617 -0.0206638 0.576809
t 0.743226 0.000396158 -0.669041
bt 0.683802 -0.0207542 0.729372
t 0.862683 0.000440965 -0.505744
bt 0.52298 -0.0207084 0.852093
t 0.94683 0.000405396 -0.321734
bt 0.340759 -0.0207606 0.939922
t -0.999922 -0.007676 0.00983604
bt -0.00210883 0.760703 -0.649096
t -0.980527 0.0100645 0.196128
bt -0.0825974 0.759706 -0.644999
t -0.979777 0.00859065 0.199908
bt -0.102587 0.876606 -0.470147
t -0.999967 -0.00529997 0.00610363
bt -0.00144807 0.87661 -0.4812
t -0.92098 0.0100403 0.38948
bt -0.210728 0.759718 -0.615161
t -0.91946 0.00860247 0.393088
bt -0.195133 0.876603 -0.439876
t -0.823722 0.0100318 0.566905
bt -0.330275 0.759706 -0.560148
t -0.821509 0.00860941 0.570131
bt -0.279654 0.876603 -0.391613
t -0.692747 0.0100494 0.721111
bt -0.43625 0.759716 -0.4822
t -0.68996 0.00858255 0.723796
bt -0.35275 0.876613 -0.327288
t -0.533423 0.0100177 0.845789
bt -0.524377 0.759717 -0.384523
t -0.530162 0.00856985 0.847853
bt -0.411305 0.876614 -0.249753
t -0.352276 0.0100113 0.935843
bt -0.591056 0.759713 -0.27109
t -0.348606 0.00860188 0.93723
bt -0.453234 0.876595 -0.161739
t -0.156633 0.0100626 0.987606
bt -0.633533 0.759708 -0.146558
t -0.152839 0.00857559 0.988214
bt -0.476505 0.876599 -0.0672166
t 0.0453415 0.010036 0.998921
bt -0.650063 0.759711 -0.0160534
t 0.0492408 0.00860206 0.99875
bt -0.480275 0.876598 0.0301891
t 0.245513 0.010062 0.969341
bt -0.639985 0.759712 0.115139
t 0.249251 0.00858046 0.968401
bt -0.464382 0.876603 0.126161
t 0.435571 0.0100101 0.900099
bt -0.603709 0.759714 0.241598
t 0.43905 0.00856536 0.898422
bt -0.429502 0.876607 0.216997
t 0.60788 0.0100592 0.793965
bt -0.542704 0.759708 0.358211
t 0.610895 0.00855349 0.791665
bt -0.377005 0.876606 0.299048
t 0.75525 0.0100606 0.655359
bt -0.459507 0.759708 0.460106
t 0.757798 0.00859719 0.652433
bt -0.309151 0.876602 0.368775
t 0.871706 0.0100478 0.489927
bt -0.357487 0.759708 0.543183
t 0.873627 0.00860948 0.48652
bt -0.228406 0.876609 0.423543
t 0.95248 0.0100379 0.304436
bt -0.24083 0.759721 0.604007
t 0.953669 0.00859846 0.300734
bt -0.138573 0.876609 0.460819
t -0.999967 -0.00529997 0.00610363
bt -0.00144807 0.87661 -0.4812
t -0.980545 -0.00351663 -0.196261
bt 0.0541528 0.875835 -0.479562
t -0.98123 -0.00657925 -0.192729
bt 0.133404 0.760693 -0.635255
t -0.999922 -0.007676 0.00983604
bt -0.00210883 0.760703 -0.649096
t -0.921987 -0.008591 -0.387125
bt 0.149547 0.875845 -0.458836
t -0.923464 -0.0100458 -0.383553
bt 0.258539 0.760696 -0.595398
t -0.825212 -0.00856729 -0.564757
bt 0.238787 0.875838 -0.41939
t -0.827356 -0.0100568 -0.561588
bt 0.373116 0.760691 -0.531163
t -0.694618 -0.00858277 -0.719327
bt 0.318318 0.875843 -0.362729
t -0.697365 -0.010058 -0.716646
bt 0.472404 0.76069 -0.445181
t -0.535625 -0.0085689 -0.844412
bt 0.384797 0.875842 -0.291258
t -0.538844 -0.0100647 -0.842345
bt 0.552341 0.760693 -0.340977
t -0.354695 -0.00856271 -0.934943
bt 0.435583 0.875842 -0.207768
t -0.358304 -0.0100138 -0.933551
bt 0.609658 0.760695 -0.222844
t -0.159211 -0.00857532 -0.987207
bt 0.468501 0.875841 -0.115796
t -0.163026 -0.0100303 -0.986571
bt 0.642029 0.760702 -0.0955517
t 0.0427507 -0.00857695 -0.999049
bt 0.482233 0.875834 -0.0191462
t 0.0388956 -0.0100376 -0.999193
bt 0.648118 0.760705 0.0356453
t 0.242977 -0.00857695 -0.969994
bt 0.476233 0.875831 0.0782484
t 0.239227 -0.0100314 -0.970912
bt 0.627696 0.760689 0.165381
t 0.433227 -0.00855268 -0.901245
bt 0.450735 0.875837 0.172472
t 0.429747 -0.010005 -0.902894
bt 0.581541 0.760704 0.288338
t 0.605843 -0.00859302 -0.795538
bt 0.40669 0.875883 0.259676
t 0.602738 -0.0100498 -0.797876
bt 0.511606 0.760689 0.399515
t 0.753562 -0.00859078 -0.657321
bt 0.346205 0.87583 0.336251
t 0.750979 -0.0100201 -0.66025
bt 0.420718 0.760701 0.494298
t 0.87044 -0.00856493 -0.4922
bt 0.271436 0.875835 0.399043
t 0.868524 -0.010029 -0.495546
bt 0.312599 0.760689 0.568889
t 0.951708 -0.0085924 -0.306883
bt 0.185478 0.87584 0.445536
t 0.95049 -0.0100209 -0.310594
bt 0.191693 0.7607 0.620152
t -0.984811 0.00841531 0.173425
bt -0.0764482 0.25534 -0.963824
t -0.99952 -0.00719962 0.0301485
bt -0.00290301 0.257323 -0.966321
t -0.929737 0.0083858 0.368129
bt -0.269219 0.255382 -0.928602
t -0.836599 0.00843841 0.547751
bt -0.450618 0.255409 -0.8554
t -0.752001 0.0251454 0.658682
bt -0.56554 0.252933 -0.784978
t -0.552795 0.00840896 0.833275
bt -0.751314 0.255402 -0.608521
t -0.614597 -0.0251537 0.78844
bt -0.702702 0.257247 -0.66335
t -0.37371 0.00845131 0.927507
bt -0.85839 0.255239 -0.444994
t -0.179402 0.00844298 0.98374
bt -0.930404 0.255341 -0.262962
t 0.0223003 0.00845399 0.999716
bt -0.964328 0.255222 -0.0702414
t 0.223058 0.00843904 0.974769
bt -0.958684 0.255338 0.125406
t 0.414697 0.00838347 0.909921
bt -0.913868 0.25535 0.315659
t 0.537183 0.0251429 0.843091
bt -0.861687 0.252934 0.439909
t 0.69591 0.0251489 0.717688
bt -0.755454 0.25292 0.604418
t 0.686282 -0.0251693 0.7269
bt -0.762231 0.257259 0.593988
t 0.860182 0.00847156 0.509916
bt -0.569771 0.255392 0.781112
t 0.818538 -0.0251462 0.573901
bt -0.627209 0.257243 0.735143
t 0.945218 0.00843748 0.326331
bt -0.40067 0.255354 0.879919
t -0.99952 -0.00719962 0.0301485
bt -0.00290301 0.257323 -0.966321
t -0.984718 -0.00654983 -0.174032
bt 0.191845 0.257326 -0.94709
t -0.952779 -0.0251603 -0.302619
bt 0.378198 0.257265 -0.889259
t -0.624309 0.123859 -0.771295
bt 0.771645 0.226043 -0.594532
t -0.582402 0.0887594 -0.808041
bt 0.812469 0.239406 -0.531581
t -0.584165 0.0368007 -0.8108
bt 0.801835 0.253798 -0.54097
t -0.49412 0.0116453 -0.869316
bt 0.848672 0.256833 -0.462377
t -0.40293 -0.0151653 -0.915105
bt 0.880112 0.256737 -0.39936
t -0.294882 -0.0382456 -0.954768
bt 0.910438 0.252983 -0.327266
t -0.30618 -0.0933869 -0.947382
bt 0.909406 0.23755 -0.341396
t 0.154822 -0.0251755 -0.987622
bt 0.936324 0.25725 0.238997
t 0.337933 0.0251256 -0.940835
bt 0.936324 0.25725 0.238997
t 0.408849 -0.00847263 -0.912563
bt 0.868931 0.257282 0.422806
t 0.58416 -0.00837106 -0.811595
bt 0.765999 0.25732 0.589094
t 0.691256 -0.0251093 -0.722174
bt 0.63208 0.257253 0.730955
t 0.814835 0.0252001 -0.579145
bt 0.63208 0.257253 0.730955
t 0.856864 -0.00838386 -0.515475
bt 0.471558 0.257278 0.84347
t 0.943094 -0.00841956 -0.33242
bt 0.292325 0.257278 0.921061
t -0.999702 -0.00679544 0.0234278
bt 0.00304752 -0.3177 0.948186
t -0.982419 0.00614714 0.186587
bt 0.166376 -0.317592 0.933517
t -0.924742 0.00614652 0.380546
bt 0.350887 -0.317647 0.880897
t -0.829218 0.00614465 0.558891
bt 0.521034 -0.317634 0.792233
t -0.69974 0.00615431 0.714371
bt 0.669817 -0.317565 0.671191
t -0.541613 0.00611148 0.840606
bt 0.791202 -0.31762 0.522606
t -0.361327 0.0061315 0.932419
bt 0.880172 -0.317689 0.352663
t -0.166262 0.00611291 0.986063
bt 0.933182 -0.317584 0.168262
t 0.0356355 0.00609789 0.999346
bt 0.947933 -0.317632 -0.023065
t 0.23607 0.00609166 0.971717
bt 0.923916 -0.317569 -0.213377
t 0.42685 0.00612375 0.904302
bt 0.862006 -0.317719 -0.39497
t 0.600122 0.00608262 0.799885
bt 0.764869 -0.317664 -0.560415
t 0.698306 0.0305121 0.715149
bt 0.615245 -0.317723 -0.721475
t 0.81641 -0.0304835 0.576668
bt 0.615245 -0.317723 -0.721474
t 0.866939 0.00616621 0.498376
bt 0.481869 -0.317684 -0.816627
t 0.949504 0.00607892 0.313696
bt 0.307633 -0.317654 -0.896916
t -0.984271 -0.00742886 -0.17651
bt -0.0949054 -0.316296 0.943901
t -0.999702 -0.00679544 0.0234278
bt 0.00304752 -0.3177 0.948186
t -0.927179 -0.0061352 -0.374569
bt -0.282849 -0.316345 0.905496
t -0.83281 -0.00611421 -0.553526
bt -0.459352 -0.316362 0.830006
t -0.704331 -0.00615102 -0.709845
bt -0.617081 -0.316297 0.720533
t -0.547031 -0.0061097 -0.83709
bt -0.749391 -0.316431 0.581622
t -0.367334 -0.00615836 -0.930069
bt -0.851118 -0.316401 0.418913
t -0.172589 -0.00614976 -0.984975
bt -0.918028 -0.316393 0.239
t 0.0292145 -0.00613563 -0.999554
bt -0.947327 -0.316449 0.0493013
t 0.229778 -0.00606108 -0.973224
bt -0.937888 -0.316362 -0.142411
t 0.421016 -0.0061609 -0.907032
bt -0.889988 -0.316443 -0.328306
t 0.59495 -0.0060716 -0.80374
bt -0.805685 -0.316441 -0.500736
t 0.744581 -0.0061284 -0.667504
bt -0.688381 -0.316432 -0.652688
t 0.863701 -0.00616026 -0.503967
bt -0.543006 -0.316391 -0.777844
t 0.947466 -0.00613381 -0.319799
bt -0.375346 -0.316358 -0.871225
t -0.999967 -0.00649479 0.00494172
bt 0.000810623 -0.966247 0.257616
t -0.979128 0.0050631 0.203183
bt 0.0550981 -0.966246 0.251661
t -0.918168 0.0050645 0.396158
bt 0.104749 -0.966251 0.235344
t -0.819627 0.00506771 0.572875
bt 0.149829 -0.966246 0.209572
t -0.687556 0.00506086 0.726114
bt 0.189092 -0.966223 0.175095
t -0.527294 0.00507149 0.849668
bt 0.220318 -0.96625 0.133497
t -0.345481 0.0050645 0.938412
bt 0.242689 -0.966248 0.0864072
t -0.149531 0.00506251 0.988744
bt 0.255113 -0.96625 0.0357383
t 0.0525709 0.00506639 0.998604
bt 0.25711 -0.966244 -0.0163236
t 0.252463 0.00504986 0.967593
bt 0.248553 -0.966247 -0.0677397
t 0.442141 0.0050749 0.896931
bt 0.229773 -0.966274 -0.116272
t 0.613565 0.0050502 0.789628
bt 0.201591 -0.966274 -0.160237
t 0.75999 0.00506247 0.649916
bt 0.165247 -0.966273 -0.197509
t 0.698306 0.0305121 0.715149
bt 0.715691 -0.314764 -0.623467
t 0.875256 0.00506223 0.483633
bt 0.122049 -0.966277 -0.226743
t 0.81641 -0.0304837 0.576668
bt 0.615348 -0.317894 -0.721312
t 0.954686 0.00505631 0.297571
bt 0.0739272 -0.966276 -0.246668
t -0.980489 -0.00657402 -0.196464
bt -0.00636689 -0.965251 0.261248
t -0.999967 -0.00649479 0.00494172
bt 0.000810623 -0.966247 0.257616
t -0.922536 -0.0252931 -0.385082
bt 0.00429059 -0.95999 0.280002
t -0.82331 -0.00506705 -0.567569
bt -0.108771 -0.965244 0.23764
t -0.917246 0.0253026 -0.397516
bt -0.10073 -0.966239 0.237141
t -0.69222 -0.00506099 -0.721669
bt -0.15442 -0.965242 0.210861
t -0.532772 -0.00506845 -0.846244
bt -0.193712 -0.965248 0.17542
t -0.351586 -0.00504723 -0.936142
bt -0.225044 -0.965243 0.132892
t -0.155858 -0.0050744 -0.987766
bt -0.247189 -0.965236 0.0849483
t 0.0461522 -0.00506731 -0.998922
bt -0.259107 -0.96527 0.0334213
t 0.24624 -0.00505527 -0.969196
bt -0.260615 -0.965246 -0.0194711
t 0.436323 -0.00506851 -0.899776
bt -0.251278 -0.965272 -0.0714745
t 0.608484 -0.00505528 -0.79355
bt -0.231733 -0.965271 -0.120629
t 0.755775 -0.00505776 -0.654812
bt -0.202683 -0.965279 -0.164793
t 0.872144 -0.00507761 -0.489222
bt -0.165345 -0.965275 -0.202252
t 0.952756 -0.00506602 -0.303693
bt -0.12133 -0.965266 -0.231387
t -0.999995 -9.07105e-05 0.00323785
bt -0.0101635 -0.915165 -0.402952
t -0.979502 -0.00750711 0.201294
bt -0.053887 -0.914817 -0.400258
t -0.918924 -0.00750974 0.394362
bt -0.133467 -0.914812 -0.38119
t -0.820733 -0.00751037 0.571262
bt -0.207433 -0.914811 -0.346544
t -0.688978 -0.00748806 0.724744
bt -0.272937 -0.914817 -0.297682
t -0.52898 -0.00749617 0.848601
bt -0.32727 -0.91482 -0.236642
t -0.347277 -0.00751969 0.937732
bt -0.368227 -0.914816 -0.165891
t -0.15143 -0.00751192 0.988439
bt -0.394079 -0.914814 -0.0884142
t 0.0505769 -0.00747957 0.998692
bt -0.403802 -0.914818 -0.00726491
t 0.250621 -0.00751654 0.968056
bt -0.397016 -0.914811 0.0741566
t 0.440309 -0.00748277 0.897815
bt -0.373955 -0.914817 0.152535
t 0.612074 -0.00751711 0.790765
bt -0.33557 -0.914818 0.224723
t 0.758672 -0.00748089 0.65143
bt -0.283502 -0.914812 0.287655
t 0.874265 -0.0074772 0.485391
bt -0.219824 -0.914813 0.338814
t 0.954079 -0.00747984 0.299463
bt -0.147093 -0.914815 0.376135
t -0.980344 0.00211064 -0.197286
bt 0.0748708 -0.915194 -0.395998
t -0.999995 -9.07105e-05 0.00323785
bt -0.0101635 -0.915165 -0.402952
t -0.922536 -0.0252931 -0.385082
bt -0.100792 -0.966257 0.23704
t -0.92145 0.00750833 -0.388425
bt 0.153059 -0.915193 -0.37282
t -0.917247 0.025302 -0.397516
bt -0.100792 -0.966257 0.23704
t -0.82439 0.00752213 -0.565973
bt 0.224978 -0.91519 -0.334383
t -0.693616 0.00749679 -0.720306
bt 0.287699 -0.915183 -0.282257
t -0.534426 0.00750211 -0.845182
bt 0.338601 -0.915195 -0.218558
t -0.353385 0.00748685 -0.935448
bt 0.37567 -0.915187 -0.145959
t -0.157862 0.00748668 -0.987433
bt 0.397358 -0.915189 -0.0673528
t 0.0441283 0.00748245 -0.998998
bt 0.402776 -0.915191 0.0140216
t 0.244383 0.00751389 -0.96965
bt 0.391713 -0.915188 0.0948285
t 0.434508 0.00748339 -0.900637
bt 0.364599 -0.915191 0.171733
t 0.606949 0.00750563 -0.794705
bt 0.322562 -0.915189 0.241626
t 0.754463 0.00748886 -0.6563
bt 0.267307 -0.915191 0.301617
t 0.871156 0.00750922 -0.49095
bt 0.201145 -0.91519 0.34924
t 0.952132 0.00749368 -0.305596
bt 0.126791 -0.915184 0.382573
t -0.999995 -0.00265552 0.00196197
bt -0.00296023 -0.906312 -0.422598
t -0.979792 -0.010519 0.199741
bt -0.08645 -0.906328 -0.413638
t -0.918314 -0.00369751 0.395834
bt -0.167917 -0.906324 -0.38779
t -0.820941 -0.00778099 0.57096
bt -0.242544 -0.906324 -0.346048
t -0.689187 -0.00779553 0.724542
bt -0.307234 -0.906333 -0.290117
t -0.52926 -0.00777775 0.848424
bt -0.359365 -0.906317 -0.222366
t -0.347652 -0.00777961 0.937591
bt -0.396777 -0.906312 -0.145487
t -0.151771 -0.00778956 0.988385
bt -0.417937 -0.906314 -0.0626442
t 0.0503177 -0.00780694 0.998703
bt -0.421984 -0.906317 0.0227696
t 0.250248 -0.00777013 0.96815
bt -0.408737 -0.906328 0.10725
t 0.440052 -0.0077954 0.897939
bt -0.378796 -0.90632 0.187343
t 0.611787 -0.00778759 0.790984
bt -0.333337 -0.906321 0.259749
t 0.758494 -0.00780026 0.651634
bt -0.274229 -0.906316 0.321542
t 0.874128 -0.00778518 0.485633
bt -0.203862 -0.906329 0.370146
t 0.953994 -0.00779428 0.299725
bt -0.12521 -0.906309 0.403641
t -0.979053 -0.0112821 -0.203295
bt 0.00991124 -0.903771 -0.427901
t -0.999995 -0.00265552 0.00196197
bt -0.00296023 -0.906312 -0.422598
t -0.92158 0.00779055 -0.388111
bt 0.111991 -0.904806 -0.410833
t -0.824597 0.0077899 -0.565667
bt 0.1924 -0.904802 -0.379888
t -0.693862 0.00778262 -0.720066
bt 0.264939 -0.904802 -0.333378
t -0.534687 0.00780145 -0.845014
bt 0.32663 -0.904793 -0.273244
t -0.353696 0.0077771 -0.935328
bt 0.374922 -0.904807 -0.201884
t -0.158165 0.00777943 -0.987382
bt 0.407906 -0.904798 -0.12228
t 0.0438207 0.0077773 -0.999009
bt 0.424157 -0.904805 -0.0376699
t 0.244061 0.00780266 -0.969729
bt 0.423066 -0.904802 0.04846
t 0.434205 0.00776743 -0.90078
bt 0.404639 -0.904807 0.132632
t 0.606675 0.00779479 -0.794912
bt 0.369645 -0.904814 0.211363
t 0.754251 0.00778005 -0.65654
bt 0.319551 -0.904813 0.281426
t 0.870967 0.00777787 -0.49128
bt 0.256357 -0.904802 0.340022
t 0.95204 0.00778929 -0.305875
bt 0.18266 -0.904808 0.384653
t -0.999606 -0.0183185 0.0212613
bt 0.00227095 -0.712639 0.701527
t -0.981065 0.0115036 0.193336
bt 0.109407 -0.712234 0.693364
t -0.978974 0.00235648 0.203972
bt -0.00796142 -0.975772 0.218644
t -0.999846 -0.0162058 0.00680277
bt 0.00216651 -0.977116 0.212698
t -0.921537 0.0101563 0.388157
bt 0.246758 -0.712247 0.657126
t -0.918422 0.00934263 0.395492
bt 0.0362103 -0.975773 0.215769
t -0.82456 0.010137 0.565684
bt 0.373996 -0.712233 0.594013
t -0.821335 0.0211291 0.570054
bt 0.0258988 -0.970457 0.239882
t -0.693803 0.0101452 0.720093
bt 0.485907 -0.712223 0.506589
t -0.687266 0.0042177 0.726393
bt 0.118386 -0.975771 0.183997
t -0.816043 -0.0211325 0.577605
bt 0.122127 -0.977107 0.174204
t -0.534645 0.0101397 0.845016
bt 0.577926 -0.712229 0.398412
t -0.526937 0.00423226 0.849894
bt 0.153011 -0.975767 0.156416
t -0.353579 0.0101759 0.935349
bt 0.646292 -0.71223 0.273926
t -0.345131 0.0042191 0.938545
bt 0.181341 -0.975771 0.122419
t -0.158068 0.0101775 0.987376
bt 0.688194 -0.712239 0.13822
t -0.149105 0.00422689 0.988812
bt 0.202286 -0.975766 0.0834281
t 0.0438962 0.010155 0.998984
bt 0.701944 -0.712225 -0.003141
t 0.053014 0.00423081 0.998585
bt 0.214929 -0.975768 0.041006
t 0.244121 0.0101834 0.969691
bt 0.686941 -0.712227 -0.144377
t 0.25292 0.00422696 0.967478
bt 0.218791 -0.975767 -0.00310169
t 0.434284 0.0101434 0.900719
bt 0.643815 -0.712228 -0.279703
t 0.442493 0.00422757 0.896762
bt 0.213662 -0.975773 -0.0470747
t 0.606703 0.0101511 0.794864
bt 0.574351 -0.71221 -0.403582
t 0.613951 0.00423037 0.789333
bt 0.199832 -0.975767 -0.0891434
t 0.726545 0.0507166 0.685245
bt 0.455233 -0.712649 -0.533755
t 0.760262 0.00422746 0.649602
bt 0.17778 -0.975773 -0.127515
t 0.791342 -0.0506965 0.609268
bt 0.455233 -0.712649 -0.533755
t 0.871001 0.0101789 0.491176
bt 0.36865 -0.712216 -0.597365
t 0.87548 0.00423471 0.483236
bt 0.14848 -0.97577 -0.160709
t 0.952052 0.0102025 0.305766
bt 0.24084 -0.712245 -0.65932
t 0.954815 0.00422303 0.29717
bt 0.113082 -0.975767 -0.187328
t -0.999846 -0.0162058 0.00680277
bt 0.00216651 -0.977116 0.212698
t -0.98067 -0.0144701 -0.195131
bt -0.0407196 -0.977114 0.20878
t -0.9834 -0.018172 -0.180541
bt -0.0949335 -0.711935 0.695799
t -0.999606 -0.0183185 0.0212613
bt 0.00227095 -0.712639 0.701527
t -0.920542 -0.00422974 -0.39062
bt -0.0886227 -0.977098 0.193456
t -0.924013 -0.0101731 -0.382226
bt -0.233063 -0.711957 0.662419
t -0.823048 -0.00423717 -0.567956
bt -0.125753 -0.9771 0.171644
t -0.828157 -0.0101825 -0.560404
bt -0.361628 -0.711952 0.601955
t -0.691883 -0.00423613 -0.721997
bt -0.157744 -0.9771 0.142801
t -0.698395 -0.0101909 -0.71564
bt -0.475399 -0.711945 0.516846
t -0.532427 -0.00422678 -0.846465
bt -0.183232 -0.977103 0.108149
t -0.54008 -0.010161 -0.841552
bt -0.569713 -0.711953 0.410547
t -0.351173 -0.00421849 -0.936301
bt -0.201262 -0.977101 0.0690466
t -0.359602 -0.0101846 -0.93305
bt -0.640693 -0.711938 0.287502
t -0.155442 -0.00423569 -0.987836
bt -0.211034 -0.977103 0.027115
t -0.164469 -0.0101339 -0.98633
bt -0.685436 -0.711954 0.152637
t 0.046567 -0.00422785 -0.998906
bt -0.212185 -0.9771 -0.0159293
t 0.0374441 -0.0101479 -0.999247
bt -0.702117 -0.711968 0.0115399
t 0.246671 -0.00422769 -0.96909
bt -0.204636 -0.977101 -0.0582928
t 0.237828 -0.0101342 -0.971254
bt -0.690077 -0.711957 -0.130045
t 0.436693 -0.00422709 -0.8996
bt -0.188718 -0.977098 -0.0983064
t 0.428482 -0.0101737 -0.903493
bt -0.649805 -0.711934 -0.266276
t 0.608818 -0.00421967 -0.793298
bt -0.165053 -0.9771 -0.134286
t 0.601586 -0.0101736 -0.798743
bt -0.582909 -0.711925 -0.391637
t 0.753471 -0.0211305 -0.657141
bt -0.139119 -0.977104 -0.160975
t 0.750043 -0.0101666 -0.66131
bt -0.49214 -0.711921 -0.500966
t 0.759503 0.0211301 -0.65016
bt -0.139119 -0.977104 -0.160975
t 0.872339 -0.00423424 -0.488884
bt -0.098748 -0.977099 -0.188486
t 0.867797 -0.0101386 -0.496815
bt -0.381198 -0.71196 -0.589746
t 0.952891 -0.00423075 -0.303283
bt -0.0587705 -0.977104 -0.204486
t 0.950054 -0.0101919 -0.311919
bt -0.254702 -0.711948 -0.654413
t -0.999693 -0.00917998 0.0230181
bt 0.00292233 -0.422284 0.906459
t -0.982108 0.00782179 0.188154
bt 0.146897 -0.421903 0.894661
t -0.924134 0.00777642 0.381989
bt 0.323989 -0.421935 0.84676
t -0.828327 0.00780245 0.560191
bt 0.487801 -0.421955 0.764202
t -0.698606 0.00778728 0.715464
bt 0.631658 -0.421913 0.650382
t -0.540288 0.00777606 0.841444
bt 0.74963 -0.421946 0.509918
t -0.359875 0.00776355 0.932968
bt 0.836922 -0.421974 0.348569
t -0.164705 0.00776422 0.986312
bt 0.889973 -0.421931 0.172981
t 0.0372185 0.0078238 0.999277
bt 0.906596 -0.421889 -0.00970847
t 0.237628 0.0078091 0.971325
bt 0.886076 -0.421904 -0.192006
t 0.428264 0.00778824 0.90362
bt 0.829277 -0.421928 -0.366439
t 0.60139 0.0078064 0.798917
bt 0.738533 -0.421967 -0.525845
t 0.749901 0.00779766 0.661504
bt 0.617584 -0.42193 -0.66375
t 0.726545 0.0507166 0.685245
bt 0.580038 -0.701866 -0.413448
t 0.867713 0.0078208 0.497005
bt 0.471331 -0.421939 -0.774477
t 0.791339 -0.0506917 0.609272
bt 0.455254 -0.712618 -0.533779
t 0.949987 0.0077926 0.312192
bt 0.305771 -0.421923 -0.853513
t -0.984761 -0.0116992 -0.173519
bt -0.111934 -0.421267 0.900003
t -0.999693 -0.00917998 0.0230181
bt 0.00292233 -0.422284 0.906459
t -0.92658 -0.00777054 -0.376017
bt -0.290829 -0.421283 0.859034
t -0.83192 -0.00777505 -0.55484
bt -0.45781 -0.421217 0.782934
t -0.703225 -0.00776064 -0.710925
bt -0.606033 -0.421244 0.674743
t -0.545718 -0.00775835 -0.837933
bt -0.729448 -0.42123 0.538953
t -0.365874 -0.00779172 -0.930632
bt -0.823006 -0.421245 0.381071
t -0.171048 -0.00775064 -0.985232
bt -0.882851 -0.42127 0.20762
t 0.0307563 -0.00774124 -0.999497
bt -0.906574 -0.421267 0.0256533
t 0.231318 -0.00775577 -0.972847
bt -0.893197 -0.421235 -0.157353
t 0.422442 -0.00782585 -0.906356
bt -0.843216 -0.421269 -0.333944
t 0.596232 -0.00780524 -0.802774
bt -0.758756 -0.421228 -0.496846
t 0.745612 -0.00775667 -0.666336
bt -0.643208 -0.421262 -0.639392
t 0.864475 -0.00777209 -0.502615
bt -0.501345 -0.421222 -0.755795
t 0.947956 -0.00779381 -0.318307
bt -0.338924 -0.421263 -0.84123
t -0.999736 -0.00443834 0.0225513
bt 0.00315051 -0.222911 0.974834
t -0.982622 0.00442847 0.185565
bt 0.160104 -0.222744 0.96164
t -0.925147 0.00445486 0.379584
bt 0.350417 -0.2227 0.909732
t -0.870084 0.0219696 0.492414
bt 0.559536 -0.222873 0.798278
t -0.759691 -0.0219964 0.649912
bt 0.559536 -0.222873 0.798278
t -0.753152 0.0219674 0.657479
bt 0.708772 -0.222848 0.669314
t -0.613295 -0.0219987 0.789547
bt 0.708772 -0.222848 0.669313
t -0.542511 0.0043793 0.840038
bt 0.807299 -0.222702 0.546509
t -0.432853 0.0219824 0.901196
bt 0.915275 -0.222837 0.335583
t -0.252255 -0.0219799 0.967411
bt 0.915274 -0.222837 0.335583
t -0.167267 0.0044423 0.985902
bt 0.957392 -0.22269 0.183876
t -0.0424059 0.0219728 0.998859
bt 0.973437 -0.222843 -0.0525455
t 0.149691 -0.021996 0.988488
bt 0.973437 -0.222843 -0.0525455
t 0.235093 0.00443863 0.971963
bt 0.952308 -0.222736 -0.208564
t 0.4259 0.00440609 0.90476
bt 0.890833 -0.222726 -0.395992
t 0.599313 0.00442074 0.800503
bt 0.792891 -0.222711 -0.567206
t 0.748177 0.00445219 0.663484
bt 0.662483 -0.222707 -0.715205
t 0.825235 0.0220024 0.56436
bt 0.470314 -0.222861 -0.853895
t 0.918033 -0.0219609 0.395895
bt 0.470314 -0.222861 -0.853895
t 0.949193 0.00445672 0.314662
bt 0.326764 -0.222726 -0.918487
t -0.99444 -0.0220167 -0.102976
bt 0.000320998 -0.218619 0.97581
t -0.999736 -0.00443834 0.0225513
bt 0.00315051 -0.222911 0.974834
t -0.927583 -0.0043715 -0.373591
bt -0.308851 -0.222207 0.924789
t -0.956314 0.0219486 -0.291516
bt -0.193232 -0.222847 0.955511
t -0.873242 -0.021962 -0.486791
bt -0.384596 -0.218632 0.89682
t -0.705101 -0.00435931 -0.709094
bt -0.648505 -0.222203 0.728057
t -0.763849 0.0220045 -0.64502
bt -0.554369 -0.222846 0.801882
t -0.547913 -0.00442924 -0.836524
bt -0.781779 -0.22224 0.582607
t -0.438641 -0.02193 -0.898395
bt -0.827972 -0.218644 0.516388
t -0.17362 -0.00446611 -0.984802
bt -0.948184 -0.222203 0.227097
t -0.258519 0.0220252 -0.965755
bt -0.913097 -0.222853 0.341454
t -0.048802 -0.0220002 -0.998566
bt -0.964511 -0.218647 0.148028
t 0.153188 -0.022014 -0.987952
bt -0.974567 -0.218639 -0.0491622
t 0.143297 0.0219611 -0.989436
bt -0.973749 -0.222869 -0.0462887
t 0.420056 -0.00441155 -0.907487
bt -0.907979 -0.222196 -0.35525
t 0.339529 0.0219482 -0.94034
bt -0.944505 -0.222863 -0.241333
t 0.594129 -0.00444109 -0.804357
bt -0.817869 -0.222248 -0.53075
t 0.690091 -0.0219681 -0.723389
bt -0.771812 -0.218637 -0.59708
t 0.863188 -0.00439129 -0.504863
bt -0.542303 -0.2222 -0.810268
t 0.815856 0.0219988 -0.577837
bt -0.637359 -0.222851 -0.737639
t 0.919443 -0.0219709 -0.392609
bt -0.47384 -0.218639 -0.853038
t 0.977606 0.0219892 -0.20929
bt -0.294838 -0.222856 -0.929196
t -0.998671 -0.0434518 0.0277007
bt 0.00160215 -0.871183 0.490956
t -0.979813 0.00870455 0.199729
bt 0.12867 -0.870886 0.474344
t -0.919564 0.00870874 0.392843
bt 0.221542 -0.870892 0.43871
t -0.821625 0.00872931 0.569961
bt 0.305365 -0.870856 0.385178
t -0.870084 0.0219696 0.492414
bt 0.385227 -0.218399 0.896606
t -0.690085 0.0086939 0.723677
bt 0.376595 -0.870886 0.315806
t -0.753152 0.0219674 0.657479
bt 0.55783 -0.218373 0.800711
t -0.75969 -0.021997 0.649914
bt 0.559528 -0.22286 0.798287
t -0.530277 0.00867734 0.84778
bt 0.432413 -0.870896 0.233577
t -0.613306 -0.0219955 0.789539
bt 0.70877 -0.222835 0.66932
t -0.348815 0.00871732 0.937151
bt 0.470585 -0.870896 0.141738
t -0.432853 0.0219824 0.901196
bt 0.828384 -0.218359 0.515849
t -0.153035 0.0087201 0.988182
bt 0.489564 -0.870852 0.0440909
t -0.25224 -0.0219836 0.967415
bt 0.915279 -0.222823 0.33558
t 0.0490447 0.00870551 0.998759
bt 0.488322 -0.870906 -0.0553584
t -0.0424057 0.0219727 0.998859
bt 0.964675 -0.218367 0.147371
t 0.249124 0.0087191 0.968432
bt 0.467205 -0.870899 -0.152495
t 0.149707 -0.0219997 0.988486
bt 0.97344 -0.222829 -0.0525481
t 0.438869 0.00865414 0.898509
bt 0.426922 -0.870905 -0.243437
t 0.594586 0.0434402 0.802857
bt 0.387248 -0.871188 -0.301779
t 0.633206 -0.0434264 0.772764
bt 0.387248 -0.871188 -0.301779
t 0.757627 0.00869401 0.65263
bt 0.29643 -0.870875 -0.392053
t 0.863026 0.043433 0.503288
bt 0.236914 -0.871165 -0.43005
t 0.825235 0.0220024 0.56436
bt 0.635357 -0.218381 -0.740697
t 0.886646 -0.0434147 0.460407
bt 0.236914 -0.871165 -0.43005
t 0.94667 0.0434286 0.319265
bt 0.145495 -0.87119 -0.468892
t 0.918042 -0.0219658 0.395875
bt 0.470336 -0.222849 -0.853887
t 0.961172 -0.0434178 0.272514
bt 0.145495 -0.87119 -0.468892
t -0.99444 -0.0220167 -0.102976
bt -0.193237 -0.222833 0.955513
t -0.981082 -0.00870443 -0.193397
bt 0.0261405 -0.864429 0.502075
t -0.998829 0.0434442 -0.0212766
bt 0.00160215 -0.871183 0.490956
t -0.956327 0.0219388 -0.291475
bt -0.193237 -0.222833 0.955513
t -0.922055 -0.00873201 -0.386961
bt -0.0755809 -0.864424 0.497051
t -0.873242 -0.0219619 -0.486791
bt -0.554381 -0.222832 0.801877
t -0.825301 -0.00869982 -0.564626
bt -0.174057 -0.864449 0.471627
t -0.76384 0.0220077 -0.645031
bt -0.554381 -0.222832 0.801877
t -0.694768 -0.00868842 -0.719181
bt -0.265419 -0.864444 0.426952
t -0.535791 -0.00871433 -0.844305
bt -0.345942 -0.864415 0.364844
t -0.438642 -0.02193 -0.898395
bt -0.913091 -0.22284 0.341479
t -0.354763 -0.00871865 -0.934916
bt -0.412312 -0.864426 0.28769
t -0.258469 0.0220368 -0.965768
bt -0.913091 -0.22284 0.341479
t -0.159422 -0.00867597 -0.987172
bt -0.461771 -0.864441 0.198769
t -0.0488021 -0.0220003 -0.998566
bt -0.973753 -0.222857 -0.0462632
t 0.0426146 -0.00870755 -0.999054
bt -0.492331 -0.864438 0.101765
t 0.143257 0.0219518 -0.989442
bt -0.973753 -0.222857 -0.0462632
t 0.153188 -0.022014 -0.987952
bt -0.944508 -0.22285 -0.241334
t 0.242808 -0.00872448 -0.970035
bt -0.502835 -0.864382 0.000559348
t 0.339588 0.0219626 -0.940318
bt -0.944508 -0.22285 -0.241334
t 0.433119 -0.00869257 -0.901295
bt -0.492585 -0.86442 -0.100685
t 0.605651 -0.00868923 -0.795683
bt -0.462182 -0.864449 -0.197776
t 0.690091 -0.0219681 -0.723389
bt -0.637365 -0.222838 -0.737638
t 0.739706 -0.0434431 -0.671526
bt -0.539015 -0.82858 -0.151388
t 0.815862 0.0220013 -0.577828
bt -0.637365 -0.222838 -0.737638
t 0.870337 -0.00866474 -0.492381
bt -0.346889 -0.864391 -0.364
t 0.771726 0.043443 -0.634469
bt -0.320992 -0.871177 -0.371505
t 0.919443 -0.0219709 -0.392609
bt -0.294829 -0.222842 -0.929202
t 0.951647 -0.00868996 -0.307072
bt -0.266378 -0.864452 -0.426339
t 0.977609 0.0219923 -0.209277
bt -0.294829 -0.222842 -0.929202
t -0.999995 0.000311828 0.00327591
bt -0.000537843 -0.989982 -0.141193
t -0.978937 -0.00285161 0.204142
bt -0.0350028 -0.989964 -0.136919
t -0.998671 -0.0434675 0.0277096
bt 0.00146693 -0.871337 0.490683
t -0.917816 -0.00283696 0.396995
bt -0.0618208 -0.989963 -0.127086
t -0.819124 -0.00284312 0.57361
bt -0.0861228 -0.989962 -0.112059
t -0.686856 -0.00284514 0.726788
bt -0.106901 -0.989976 -0.0923021
t -0.526494 -0.00283975 0.850174
bt -0.12328 -0.989977 -0.0689071
t -0.344619 -0.00284513 0.938738
bt -0.134622 -0.989976 -0.042702
t -0.148576 -0.00284531 0.988897
bt -0.140549 -0.989964 -0.014759
t 0.0535352 -0.00284734 0.998562
bt -0.140667 -0.98996 0.0138235
t 0.253441 -0.00283941 0.967347
bt -0.134974 -0.989963 0.0418867
t 0.442966 -0.00284844 0.896534
bt -0.123812 -0.989963 0.0681457
t 0.614333 -0.002833 0.789042
bt -0.107505 -0.989962 0.0917519
t 0.594586 0.0434402 0.802857
bt 0.294109 -0.862175 -0.412497
t 0.760628 -0.00284982 0.649182
bt -0.0867489 -0.989977 0.11145
t 0.6332 -0.0434117 0.77277
bt 0.387113 -0.871333 -0.301532
t 0.875678 -0.0028314 0.482887
bt -0.0626003 -0.989961 0.12672
t 0.863026 0.043433 0.503288
bt 0.107997 -0.86225 -0.494834
t 0.954977 -0.00284146 0.296666
bt -0.0358721 -0.989961 0.136716
t 0.94667 0.0434286 0.319265
bt 0.00602306 -0.862211 -0.506513
t 0.886647 -0.0434209 0.460404
bt 0.236802 -0.87135 -0.429737
t 0.96117 -0.0434013 0.272524
bt 0.145301 -0.871332 -0.468687
t -0.999436 0.0305231 -0.0139982
bt 0.00146692 -0.871337 0.490683
t -0.979818 -0.0103144 -0.199624
bt -0.00703629 -0.989348 -0.1454
t -0.999995 0.000311828 0.00327591
bt -0.000537843 -0.989982 -0.141193
t -0.920367 0.00283418 -0.391045
bt 0.0224626 -0.989353 -0.143789
t -0.822773 0.0028497 -0.568364
bt 0.0509581 -0.989353 -0.136323
t -0.691516 0.00285209 -0.722355
bt 0.0772913 -0.98935 -0.123341
t -0.531965 0.00284299 -0.846762
bt 0.100494 -0.989366 -0.105142
t -0.35067 0.0028399 -0.936495
bt 0.119577 -0.989367 -0.0827916
t -0.154946 0.00284143 -0.987919
bt 0.133897 -0.989351 -0.0570623
t 0.0470694 0.00284606 -0.998888
bt 0.142539 -0.989367 -0.0289222
t 0.247179 0.00283707 -0.968966
bt 0.145534 -0.989353 0.000390759
t 0.437122 0.00284746 -0.899398
bt 0.142404 -0.989365 0.0296355
t 0.609266 0.00284317 -0.792961
bt 0.133595 -0.989352 0.057743
t 0.739706 -0.0434431 -0.671526
bt -0.320893 -0.871342 -0.371202
t 0.756429 0.00284465 -0.654069
bt 0.119269 -0.989349 0.0834437
t 0.771719 0.0434196 -0.63448
bt -0.320893 -0.871342 -0.371202
t 0.872579 0.00284324 -0.488465
bt 0.0999786 -0.989351 0.105777
t 0.953043 0.00284023 -0.302822
bt 0.0766205 -0.989353 0.123738
t -0.999934 -0.00494867 0.0103483
bt 0.0027633 -0.574911 0.818212
t -0.981507 0.00958711 0.191185
bt 0.167388 -0.574876 0.800936
t -0.98093 0.0101426 0.194095
bt 0.0433362 -0.686512 0.725826
t -0.999942 -0.00565447 0.00911171
bt 0.00226498 -0.69041 0.723415
t -0.922949 0.0095075 0.384804
bt 0.325124 -0.57492 0.75084
t -0.921781 0.0101855 0.387578
bt 0.188577 -0.686566 0.702187
t -0.826557 0.00961508 0.562771
bt 0.469635 -0.57484 0.670076
t -0.824897 0.0101581 0.565191
bt 0.325971 -0.686552 0.649914
t -0.696354 0.0095638 0.717635
bt 0.594887 -0.57491 0.561773
t -0.694228 0.010192 0.719683
bt 0.450205 -0.686529 0.570958
t -0.537685 0.0095809 0.843091
bt 0.69576 -0.574921 0.430562
t -0.535178 0.0101352 0.844679
bt 0.555961 -0.686504 0.468637
t -0.406778 0.0476541 0.912283
bt 0.768264 -0.574814 0.281707
t -0.354213 0.0101259 0.93511
bt 0.638883 -0.686528 0.347143
t -0.279365 -0.0476738 0.959001
bt 0.768264 -0.574814 0.281707
t -0.161653 0.00956156 0.986801
bt 0.809216 -0.57487 0.121221
t -0.158765 0.010104 0.987265
bt 0.695659 -0.686549 0.211443
t 0.0403608 0.00953587 0.99914
bt 0.817008 -0.574936 -0.0441231
t 0.043278 0.0101284 0.999012
bt 0.724009 -0.686521 0.0670751
t 0.240536 0.00959119 0.970593
bt 0.791415 -0.574924 -0.207664
t 0.243468 0.0101333 0.969856
bt 0.722681 -0.686524 -0.0800989
t 0.431077 0.00959718 0.902264
bt 0.733408 -0.574907 -0.36276
t 0.433767 0.0101883 0.900968
bt 0.691821 -0.68649 -0.223863
t 0.60383 0.0094871 0.797057
bt 0.645455 -0.57489 -0.50288
t 0.606208 0.0101731 0.795241
bt 0.632499 -0.686551 -0.358599
t 0.751901 0.00953659 0.659207
bt 0.530932 -0.574916 -0.622561
t 0.753904 0.0101232 0.656906
bt 0.547438 -0.686514 -0.47855
t 0.869237 0.00953989 0.494304
bt 0.394738 -0.574944 -0.716674
t 0.870665 0.0101668 0.491771
bt 0.439925 -0.686501 -0.578949
t 0.950939 0.00959795 0.30923
bt 0.242405 -0.57491 -0.781485
t 0.951853 0.0101966 0.306386
bt 0.314355 -0.686504 -0.655663
t -0.999652 0.0204635 -0.0166613
bt 0.00235205 -0.717487 0.696568
t -0.981317 -0.00620128 -0.192297
bt -0.138083 -0.717444 0.682794
t -0.980206 -0.00030441 -0.197979
bt -0.0267575 -0.79876 0.601055
t -0.999799 0.0175036 -0.00978758
bt 0.00210203 -0.802224 0.597019
t -0.923963 -0.0102183 -0.382344
bt -0.272667 -0.717468 0.641008
t -0.922976 -0.00972013 -0.384734
bt -0.147283 -0.798764 0.583339
t -0.828081 -0.0101853 -0.560517
bt -0.3962 -0.717432 0.57299
t -0.826635 -0.00974159 -0.562655
bt -0.261698 -0.798736 0.541789
t -0.698344 -0.0101046 -0.715691
bt -0.503375 -0.717462 0.48152
t -0.696426 -0.00976376 -0.717562
bt -0.365338 -0.798751 0.478043
t -0.539903 -0.0101746 -0.841666
bt -0.589972 -0.717467 0.370371
t -0.537766 -0.00971796 -0.843038
bt -0.455777 -0.798912 0.392437
t -0.359543 -0.0101048 -0.933074
bt -0.652452 -0.717476 0.243997
t -0.357063 -0.00971061 -0.93403
bt -0.52436 -0.798689 0.295199
t -0.164341 -0.0102157 -0.986351
bt -0.688195 -0.717498 0.107633
t -0.161748 -0.00975314 -0.986784
bt -0.57304 -0.798692 0.183618
t 0.0376926 -0.0101361 -0.999238
bt -0.695783 -0.717491 -0.0330491
t 0.0402519 -0.00974024 -0.999142
bt -0.598297 -0.798672 0.0645338
t 0.23796 -0.0101667 -0.971222
bt -0.674927 -0.717442 -0.172486
t 0.240641 -0.00971798 -0.970566
bt -0.598831 -0.798834 -0.0571502
t 0.4286 -0.0101315 -0.903438
bt -0.626342 -0.717488 -0.304804
t 0.430865 -0.00980763 -0.902363
bt -0.575289 -0.798645 -0.176658
t 0.601687 -0.0101912 -0.798667
bt -0.552176 -0.717504 -0.424606
t 0.603798 -0.00974051 -0.797078
bt -0.52794 -0.798699 -0.28872
t 0.750145 -0.0101501 -0.661195
bt -0.45542 -0.71748 -0.527082
t 0.751911 -0.00974887 -0.659193
bt -0.456806 -0.799006 -0.391046
t 0.86788 -0.0101687 -0.49667
bt -0.340034 -0.717467 -0.607962
t 0.86919 -0.00970225 -0.494382
bt -0.37101 -0.798802 -0.473569
t 0.950081 -0.0101901 -0.311837
bt -0.210643 -0.717485 -0.663961
t 0.950921 -0.00973717 -0.30928
bt -0.26825 -0.798784 -0.538503
t 0.99341 -0.0101367 -0.114163
bt -0.0582547 -0.717421 -0.6942
t 0.988924 -0.0487005 -0.140205
bt -0.289586 -0.780631 -0.553855
t -0.999928 0.00848696 0.00844992
bt -0.00142716 -0.849547 -0.527511
t -0.979973 -0.00909912 0.198921
bt -0.0690133 -0.848834 -0.524135
t -0.980271 0.00977004 0.197415
bt 0.078538 -0.801454 0.592877
t -0.999799 0.0175036 -0.00978758
bt 0.00210203 -0.802224 0.597019
t -0.919848 -0.00911171 0.392169
bt -0.172972 -0.84883 -0.499568
t -0.920478 0.00977459 0.390673
bt 0.196014 -0.801444 0.565036
t -0.822101 -0.00913147 0.569268
bt -0.270001 -0.848886 -0.454414
t -0.823039 0.00974307 0.567901
bt 0.305798 -0.801448 0.513973
t -0.690644 -0.00910907 0.723138
bt -0.355736 -0.848879 -0.390969
t -0.691735 0.00977631 0.722085
bt 0.403123 -0.801373 0.44192
t -0.530949 -0.0090777 0.847355
bt -0.429421 -0.849002 -0.307884
t -0.532284 0.00973489 0.84651
bt 0.483042 -0.801396 0.352753
t -0.349598 -0.00911578 0.936855
bt -0.481141 -0.848879 -0.21888
t -0.351125 0.00976661 0.936278
bt 0.543671 -0.801266 0.24979
t -0.153794 -0.00914095 0.988061
bt -0.515373 -0.848889 -0.117385
t -0.155361 0.00970856 0.98781
bt 0.583312 -0.801368 0.1325
t 0.0482431 -0.00913834 0.998794
bt -0.528557 -0.848819 -0.0115245
t 0.0466214 0.00972053 0.998865
bt 0.597936 -0.801448 0.0123826
t 0.248414 -0.00906938 0.968611
bt -0.519844 -0.848943 0.0951738
t 0.246837 0.00982493 0.969007
bt 0.588241 -0.801378 -0.108467
t 0.417246 -0.0454777 0.907655
bt -0.472988 -0.849572 0.233475
t 0.436767 0.00969902 0.899522
bt 0.554339 -0.801443 -0.224494
t 0.467895 0.0454769 0.882613
bt -0.472988 -0.849572 0.233475
t 0.610168 -0.00914307 0.792219
bt -0.44031 -0.848875 0.29247
t 0.608888 0.00975096 0.793196
bt 0.497765 -0.80139 -0.331668
t 0.757161 -0.00906813 0.653165
bt -0.369624 -0.849 0.377594
t 0.756127 0.00967849 0.654353
bt 0.42182 -0.801403 -0.424053
t 0.873099 -0.00916096 0.487457
bt -0.289391 -0.84887 0.442349
t 0.872335 0.00972943 0.488812
bt 0.328978 -0.801356 -0.499602
t 0.953374 -0.00909391 0.301654
bt -0.194482 -0.848869 0.491526
t 0.952876 0.00974175 0.303203
bt 0.218999 -0.801391 -0.556607
t 0.989821 0.0485498 0.133778
bt 0.053728 -0.802263 -0.594548
t -0.980673 0.00429118 -0.195607
bt 0.103285 -0.849555 -0.51729
t -0.999928 0.00848696 0.00844992
bt -0.00142716 -0.849547 -0.527511
t -0.922319 0.0090504 -0.386322
bt 0.205291 -0.849548 -0.485925
t -0.825749 0.00913819 -0.563964
bt 0.298899 -0.849551 -0.434652
t -0.695276 0.00913151 -0.718685
bt 0.380269 -0.849548 -0.3656
t -0.536341 0.00914172 -0.843952
bt 0.445385 -0.849554 -0.282649
t -0.355549 0.00911084 -0.934613
bt 0.492604 -0.849612 -0.188416
t -0.160111 0.00909621 -0.987057
bt 0.52093 -0.849562 -0.0829188
t 0.0191586 0.0454759 -0.998782
bt 0.526949 -0.849627 0.021416
t 0.242173 0.00913368 -0.97019
bt 0.51151 -0.849488 0.129331
t 0.0756287 -0.0455575 -0.996095
bt 0.526761 -0.849633 0.0254417
t 0.432506 0.00913252 -0.901585
bt 0.474853 -0.84961 0.229516
t 0.605065 0.00910242 -0.796124
bt 0.418859 -0.849614 0.320489
t 0.75292 0.00913986 -0.658049
bt 0.346876 -0.849492 0.397543
t 0.870012 0.00912273 -0.492945
bt 0.261094 -0.849493 0.458467
t 0.951418 0.00912003 -0.307767
bt 0.161024 -0.849557 0.502319
t 0.988924 -0.0487005 -0.140205
bt -0.0625972 -0.802265 -0.593677
t -0.99998 0.00267996 0.00569366
bt -0.00217971 -0.738813 -0.673907
t -0.98066 -0.0101264 0.195455
bt -0.119995 -0.738697 -0.663271
t -0.933816 -0.0505599 0.354164
bt -0.267812 -0.738764 -0.618469
t -0.897194 0.0504548 0.438746
bt -0.267812 -0.738765 -0.618469
t -0.824117 -0.010084 0.566329
bt -0.371847 -0.73868 -0.562211
t -0.6932 -0.0100768 0.720675
bt -0.477471 -0.738611 -0.475895
t -0.564178 -0.0505682 0.824103
bt -0.573143 -0.73875 -0.354619
t -0.485795 0.0504509 0.872615
bt -0.573143 -0.73875 -0.354619
t -0.386701 -0.0505159 0.920821
bt -0.63276 -0.738765 -0.232039
t -0.3002 0.0504586 0.952541
bt -0.63276 -0.738765 -0.232039
t -0.157323 -0.0101028 0.987495
bt -0.663683 -0.738667 -0.117884
t 0.0446467 -0.0101221 0.998952
bt -0.673819 -0.738674 0.0181282
t 0.244848 -0.0101104 0.969509
bt -0.656372 -0.738682 0.153378
t 0.434963 -0.0101563 0.900391
bt -0.612067 -0.738667 0.282393
t 0.417246 -0.0454776 0.907655
bt -0.551553 -0.832574 0.0510847
t 0.607309 -0.0100883 0.794402
bt -0.542669 -0.738702 0.399787
t 0.467887 0.0454603 0.882619
bt -0.4729 -0.849505 0.233893
t 0.754786 -0.0101367 0.655892
bt -0.451115 -0.738672 0.500858
t 0.871355 -0.0100837 0.490549
bt -0.340992 -0.738691 0.581429
t 0.952271 -0.0101132 0.305086
bt -0.216985 -0.738676 0.638182
t -0.981884 0.010149 -0.189208
bt 0.0606585 -0.736765 -0.673422
t -0.99998 0.00267996 0.00569366
bt -0.00217971 -0.738813 -0.673907
t -0.923682 0.0101516 -0.383025
bt 0.195101 -0.736741 -0.647417
t -0.827744 0.0100982 -0.561015
bt 0.321356 -0.736773 -0.594891
t -0.697849 0.010138 -0.716173
bt 0.434517 -0.7368 -0.517997
t -0.569365 0.050478 -0.820534
bt 0.463197 -0.72611 -0.508146
t -0.358901 0.0101141 -0.933321
bt 0.603579 -0.736794 -0.304675
t -0.491329 -0.0504838 -0.86951
bt 0.570848 -0.738746 -0.358313
t -0.16368 0.0101129 -0.986462
bt 0.652575 -0.736778 -0.176929
t 0.0191586 0.0454759 -0.998782
bt 0.526879 -0.84957 0.0250793
t 0.00147852 0.0503853 -0.998729
bt 0.670449 -0.726118 -0.152486
t 0.0755798 -0.0454782 -0.996102
bt 0.526879 -0.84957 0.0250793
t 0.238574 0.0101453 -0.971071
bt 0.669454 -0.736787 0.0947429
t 0.093383 -0.0504463 -0.994352
bt 0.673216 -0.738753 0.0320054
t 0.429216 0.0101759 -0.903144
bt 0.636695 -0.736781 0.227538
t 0.602221 0.0101182 -0.798265
bt 0.577823 -0.736815 0.351033
t 0.750575 0.0101014 -0.660709
bt 0.495374 -0.736767 0.460194
t 0.868214 0.0100888 -0.496088
bt 0.392605 -0.736777 0.550473
t 0.950305 0.010117 -0.311157
bt 0.273763 -0.736778 0.618233
t -0.999158 -0.0353461 0.0208329
bt 0.00142327 -0.895183 0.445696
t -0.979645 0.00813905 0.200575
bt 0.0259539 -0.893205 0.448901
t -0.919239 0.00811677 0.393617
bt 0.115763 -0.893207 0.434489
t -0.933816 -0.0505599 0.354164
bt -0.183364 -0.735757 -0.65195
t -0.82115 0.00811226 0.570655
bt 0.200893 -0.893206 0.402274
t -0.897176 0.0504942 0.438777
bt -0.267815 -0.738811 -0.618412
t -0.68951 0.0081222 0.72423
bt 0.277701 -0.893203 0.353653
t -0.529584 0.00809169 0.848219
bt 0.343242 -0.893206 0.290461
t -0.564178 -0.0505682 0.824103
bt -0.522957 -0.73576 -0.430318
t -0.347988 0.00811002 0.937464
bt 0.394792 -0.893158 0.215425
t -0.386701 -0.0505159 0.920821
bt -0.598852 -0.735759 -0.316281
t -0.485761 0.0504927 0.872632
bt -0.573071 -0.738809 -0.354615
t -0.152239 0.00814242 0.98831
bt 0.429961 -0.893207 0.131586
t -0.300111 0.0505592 0.952564
bt -0.632698 -0.738811 -0.232058
t 0.049923 0.00811145 0.99872
bt 0.447753 -0.893154 0.0423516
t 0.249881 0.00810876 0.968243
bt 0.447016 -0.893205 -0.0485986
t 0.439638 0.00811303 0.898139
bt 0.428151 -0.893159 -0.137674
t 0.611422 0.00813967 0.791263
bt 0.391666 -0.893159 -0.221053
t 0.758203 0.00811444 0.651969
bt 0.339239 -0.893153 -0.295289
t 0.873928 0.00810857 0.485987
bt 0.272811 -0.893155 -0.357558
t 0.95387 0.00813846 0.300109
bt 0.195205 -0.893158 -0.405172
t -0.983464 -0.0472833 -0.174823
bt -0.142662 -0.893798 0.425174
t -0.999158 -0.0353461 0.0208329
bt 0.00142327 -0.895183 0.445696
t -0.921708 -0.00814273 -0.387798
bt -0.225408 -0.893797 0.387709
t -0.824789 -0.00809649 -0.565382
bt -0.298783 -0.893799 0.334442
t -0.694133 -0.00812765 -0.719801
bt -0.360026 -0.893797 0.267409
t -0.569365 0.050478 -0.820534
bt 0.570775 -0.738808 -0.358301
t -0.535023 -0.00811142 -0.844798
bt -0.406463 -0.893799 0.189504
t -0.491266 -0.0505609 -0.869541
bt 0.570775 -0.738808 -0.358301
t -0.353962 -0.00808701 -0.935225
bt -0.436302 -0.893798 0.103761
t -0.158591 -0.00810869 -0.987311
bt -0.448353 -0.893749 0.0138739
t 0.00147851 0.0503853 -0.998729
bt 0.673159 -0.738809 0.0319155
t 0.0434381 -0.0081153 -0.999023
bt -0.44187 -0.893801 -0.0766142
t 0.0934638 -0.0505355 -0.994339
bt 0.673159 -0.738809 0.0319155
t 0.243648 -0.008074 -0.96983
bt -0.41747 -0.893746 -0.164127
t 0.433918 -0.00813927 -0.900916
bt -0.375958 -0.893755 -0.244659
t 0.606376 -0.00812673 -0.795137
bt -0.318981 -0.893752 -0.31537
t 0.754009 -0.00810518 -0.656814
bt -0.248978 -0.893749 -0.373126
t 0.870791 -0.00813635 -0.491586
bt -0.168702 -0.893799 -0.415528
t 0.951917 -0.00809022 -0.306248
bt -0.0816627 -0.89375 -0.44107
t -0.994475 -0.015864 0.103772
bt 0.00310998 -0.155799 0.987784
t -0.985092 0.00526708 0.171946
bt 0.202025 -0.155799 0.966909
t -0.930254 0.00521958 0.366878
bt 0.392502 -0.155731 0.906471
t -0.837401 0.00518538 0.546565
bt 0.566952 -0.1558 0.808883
t -0.710255 0.00521563 0.703926
bt 0.718141 -0.155837 0.678224
t -0.553954 0.00519489 0.832531
bt 0.839986 -0.155819 0.519754
t -0.375107 0.00525699 0.926967
bt 0.927368 -0.155808 0.340165
t -0.18076 0.00518113 0.983514
bt 0.976875 -0.155723 0.146513
t 0.0208269 0.00522321 0.999769
bt 0.986371 -0.155727 -0.0531151
t 0.221662 0.00517567 0.97511
bt 0.955467 -0.155789 -0.250623
t 0.413377 0.00518351 0.910545
bt 0.885469 -0.155722 -0.43783
t 0.58826 0.0051541 0.808655
bt 0.779239 -0.155765 -0.607061
t 0.739016 0.00517845 0.673668
bt 0.641077 -0.155766 -0.751503
t 0.859466 0.00515431 0.511167
bt 0.476598 -0.155756 -0.865213
t 0.944752 0.00518413 0.327744
bt 0.292702 -0.155805 -0.943425
t -0.99919 -0.0265886 -0.0301955
bt -0.0635387 -0.154404 0.985963
t -0.994475 -0.015864 0.103772
bt 0.00310998 -0.155799 0.987784
t -0.932605 -0.00524154 -0.360861
bt -0.26075 -0.154352 0.952987
t -0.840876 -0.00523741 -0.541203
bt -0.447288 -0.154365 0.880968
t -0.714686 -0.00520913 -0.699426
bt -0.615429 -0.154424 0.772917
t -0.559372 -0.0052118 -0.8289
bt -0.758418 -0.15435 0.633228
t -0.380954 -0.00525584 -0.924579
bt -0.870357 -0.154353 0.467605
t -0.187074 -0.0051798 -0.982332
bt -0.946668 -0.154392 0.282812
t 0.0143458 -0.00523083 -0.999883
bt -0.984217 -0.154388 0.0864988
t 0.21545 -0.00524555 -0.976501
bt -0.981487 -0.154366 -0.11338
t 0.407635 -0.00522975 -0.91313
bt -0.938558 -0.154425 -0.308643
t 0.583063 -0.00523469 -0.81241
bt -0.857264 -0.154418 -0.491175
t 0.734676 -0.00525723 -0.678398
bt -0.740817 -0.154373 -0.653727
t 0.856156 -0.00526647 -0.516691
bt -0.594027 -0.1544 -0.789488
t 0.942647 -0.0052272 -0.333751
bt -0.42298 -0.1544 -0.892888
t -0.981042 -0.00428201 -0.193747
bt -0.0763571 -0.688815 0.720905
t -0.999942 -0.00565447 0.00911171
bt 0.00226498 -0.69041 0.723415
t -0.924257 -0.0101934 -0.381635
bt -0.219927 -0.688821 0.690766
t -0.828525 -0.0101379 -0.55986
bt -0.354406 -0.688813 0.632403
t -0.698856 -0.0101874 -0.71519
bt -0.474443 -0.688803 0.548138
t -0.540555 -0.0102005 -0.841247
bt -0.575121 -0.688823 0.441315
t -0.360205 -0.0101639 -0.932818
bt -0.65225 -0.688726 0.316585
t -0.165095 -0.010202 -0.986225
bt -0.702542 -0.688814 0.1788
t 0.0368447 -0.0101838 -0.999269
bt -0.72416 -0.688806 0.033749
t 0.237217 -0.0101436 -0.971404
bt -0.716135 -0.688809 -0.112666
t 0.427952 -0.0101573 -0.903744
bt -0.678783 -0.688814 -0.254536
t 0.601055 -0.0101198 -0.799143
bt -0.613672 -0.688803 -0.385949
t 0.749629 -0.0101339 -0.66178
bt -0.523426 -0.688817 -0.501555
t 0.867494 -0.010165 -0.497343
bt -0.411691 -0.688828 -0.596679
t 0.949851 -0.0101643 -0.312539
bt -0.283167 -0.688827 -0.667333
t 0.0396368 0.0270554 -0.998848
bt 0.276788 -0.960842 0.0131019
t 0.0552508 -0.0270646 -0.998106
bt 0.276788 -0.960842 0.0131019
t 0.731713 -0.0485618 -0.679881
bt -0.364668 -0.802665 -0.47196
t 0.778854 0.0485724 -0.625322
bt -0.389669 -0.803093 -0.450777
t 0.998195 0.0476727 -0.036522
bt -0.0853202 -0.574935 -0.813738
t 0.996056 -0.0101771 0.0881417
bt 0.0826703 -0.717381 -0.691758
t -0.980797 0.0101898 0.194767
bt 0.114183 -0.717161 0.687489
t -0.999652 0.0204635 -0.0166613
bt 0.00235205 -0.717487 0.696568
t -0.921492 0.0101695 0.388265
bt 0.250145 -0.717166 0.650461
t -0.824448 0.0101526 0.565847
bt 0.375977 -0.717156 0.586795
t -0.693684 0.0101218 0.720208
bt 0.486395 -0.717152 0.499112
t -0.534561 0.0102239 0.845068
bt 0.576927 -0.717154 0.390954
t -0.353409 0.0101958 0.935413
bt 0.643802 -0.717143 0.26688
t -0.406778 0.0476541 0.912283
bt 0.768208 -0.574935 0.281614
t -0.157877 0.010123 0.987407
bt 0.684354 -0.717143 0.131778
t -0.279256 -0.0477523 0.959029
bt 0.768208 -0.574935 0.281614
t 0.0440321 0.0102113 0.998978
bt 0.69682 -0.717194 -0.00867063
t 0.244221 0.0101749 0.969666
bt 0.68084 -0.717173 -0.148728
t 0.434423 0.0102207 0.900651
bt 0.636999 -0.717162 -0.282686
t 0.6069 0.0100828 0.794714
bt 0.56703 -0.717152 -0.405179
t 0.754367 0.0101672 0.656375
bt 0.473895 -0.71717 -0.51097
t 0.871056 0.0101702 0.491078
bt 0.361262 -0.717193 -0.595922
t 0.952085 0.0101342 0.305664
bt 0.23394 -0.717184 -0.656445
t -0.980187 -3.63758e-05 -0.198072
bt -0.14613 -0.574829 0.80512
t -0.999934 -0.00494867 0.0103483
bt 0.0027633 -0.574911 0.818212
t -0.925401 -0.00952396 -0.378869
bt -0.305351 -0.574804 0.759184
t -0.830206 -0.00961515 -0.557374
bt -0.451933 -0.574727 0.682236
t -0.700994 -0.00954022 -0.713103
bt -0.579996 -0.574781 0.577262
t -0.543068 -0.0095654 -0.839634
bt -0.684335 -0.574802 0.448652
t -0.362987 -0.00955105 -0.931745
bt -0.760577 -0.574855 0.301768
t -0.168026 -0.00954111 -0.985736
bt -0.805757 -0.574844 0.142511
t 0.0338593 -0.00958193 -0.999381
bt -0.817984 -0.574794 -0.0226737
t 0.234442 -0.00958211 -0.972083
bt -0.796649 -0.574843 -0.186832
t 0.425167 -0.00954843 -0.905065
bt -0.742727 -0.574854 -0.343366
t 0.553665 -0.0476687 -0.831374
bt -0.648642 -0.574817 -0.498849
t 0.747664 -0.00952861 -0.664008
bt -0.547109 -0.574844 -0.608462
t 0.661283 0.0476955 -0.748619
bt -0.648642 -0.574817 -0.498849
t 0.836638 -0.0476648 -0.545678
bt -0.399428 -0.574813 -0.714176
t 0.948916 -0.00955137 -0.315386
bt -0.262875 -0.574856 -0.774879
t 0.902892 0.0476802 -0.427214
bt -0.399428 -0.574813 -0.714176
t 0.984031 -0.0476604 -0.171495
bt -0.0854046 -0.574815 -0.813815
t 0.553665 -0.0476687 -0.831374
bt -0.695825 -0.57305 -0.432946
t 0.661291 0.0477029 -0.748611
bt -0.648599 -0.574935 -0.498768
t 0.836638 -0.0476649 -0.545678
bt -0.468745 -0.573048 -0.67223
t 0.902887 0.0476712 -0.427226
bt -0.399263 -0.574935 -0.71417
t 0.984031 -0.0476604 -0.171495
bt -0.165601 -0.57305 -0.802614
t 0.99649 0.0486143 -0.0681565
bt 0.168193 -0.780657 -0.601902
t 0.996905 -0.0485999 0.0617963
bt 0.0583866 -0.802158 -0.59425
t 0.989821 0.0485498 0.133778
bt 0.286013 -0.780618 -0.555726
t 0.753471 -0.0211305 -0.657141
bt -0.116895 -0.976708 -0.179936
t 0.759503 0.0211257 -0.650161
bt -0.139013 -0.977125 -0.160944
t -0.816043 -0.0211325 0.577605
bt 0.098112 -0.976707 0.190835
t -0.821335 0.0211291 0.570054
bt 0.122042 -0.977123 0.174172

