g sponza_133
t -0.340459 -0.940259 0
bt 0.94224 -0.334938 0
t -0.319174 -0.947696 0
bt 0.939628 -0.342198 0
t -0.339184 -0.94072 0
bt 0.942053 -0.335463 0
t -0.339583 -0.940576 0
bt 0.942094 -0.335348 0
t -0.337877 -0.94119 0
bt 0.941577 -0.336796 0
t -0.338014 -0.941141 0
bt 0.9419 -0.335893 0
t -0.339627 -0.94056 0
bt 0.941421 -0.337234 0
t -0.33801 -0.941143 0
bt 0.941747 -0.336323 0
t -0.331909 -0.943312 0
bt 0.942284 -0.334814 0
t -0.331909 -0.943312 0
bt 0.942284 -0.334814 0
t -0.334799 -0.94229 0
bt 0.941663 -0.336557 0
t -0.333619 -0.942708 0
bt 0.941786 -0.336212 0
t -0.335665 -0.941981 0
bt 0.941007 -0.338388 0
t -0.338335 -0.941026 0
bt 0.941293 -0.337591 0
t 0.00743882 0.0145508 -0.999866
bt -0.455121 -0.890243 -0.0182361
t 0.00838116 0.016394 -0.99983
bt -0.455156 -0.89031 -0.013433
t 0.000710796 0.0149802 -0.999887
bt -0.0473876 -0.998703 -0.0186152
t 0.000710796 0.0149802 -0.999887
bt -0.0473876 -0.998703 -0.0186152
t 0.0129012 0.0150092 -0.999804
bt -0.651806 -0.758307 -0.0109883
t 0.0129012 0.0150092 -0.999804
bt -0.651806 -0.758307 -0.0109883
t -0.0125768 -0.0108867 -0.999862
bt 0.756001 0.654407 -0.0146405
t -0.0106707 -0.0167714 -0.999802
bt 0.53675 0.843621 -0.0142452
t -0.00956562 -0.0150345 -0.999841
bt 0.53675 0.843621 -0.0142445
t -0.0125771 -0.0108869 -0.999862
bt 0.756001 0.654407 -0.0146407
t -0.00617221 0.0156439 -0.999859
bt 0.366982 -0.930147 -0.0122753
t -0.00617174 0.0156427 -0.999859
bt 0.366982 -0.930147 -0.0122754
t -0.0132383 0.0105101 -0.999857
bt 0.783128 -0.621738 -0.0123404
t -0.0132383 0.0105101 -0.999857
bt 0.783128 -0.621738 -0.0123404
t -0.00787223 0.0149796 -0.999857
bt 0.465155 -0.885114 -0.0143266
t -0.00887179 0.0168816 -0.999818
bt 0.465155 -0.885114 -0.0143266
t -0.00787223 0.0149796 -0.999857
bt 0.465155 -0.885114 -0.0143266
t -0.00787223 0.0149796 -0.999857
bt 0.465155 -0.885114 -0.0143266
t -0.0168759 -0.00941286 -0.999813
bt 0.873275 0.487086 -0.0117837
t -0.0149338 -0.00832963 -0.999854
bt 0.873275 0.487086 -0.0117833
t -0.0168759 -0.00941286 -0.999813
bt 0.873275 0.487086 -0.0117837
t -0.0168759 -0.00941286 -0.999813
bt 0.873275 0.487086 -0.0117837
t 0.987741 0.156101 0
bt 0.176755 -0.984255 0
t 0.987782 0.155842 0
bt 0.14946 -0.988768 0
t 0.987778 0.155869 0
bt 0.168192 -0.985754 0
t 0.987741 0.156101 0
bt 0.176755 -0.984255 0
t 0.987935 0.154868 0
bt 0.157928 -0.987451 0
t 0.987744 0.156082 0
bt 0.155539 -0.98783 0
t 0.987879 0.155226 0
bt 0.156459 -0.987684 0
t 0.987876 0.155243 0
bt 0.156726 -0.987642 0
t 0.987746 0.156073 0
bt 0.152676 -0.988276 0
t 0.987746 0.156073 0
bt 0.152676 -0.988276 0
t 0.987757 0.156002 0
bt 0.152275 -0.988338 0
t 0.987791 0.155783 0
bt 0.154108 -0.988054 0
t 0.987669 0.156559 0
bt 0.154319 -0.988021 0
t 0.987669 0.156559 0
bt 0.154319 -0.988021 0
t -0.0166096 0.00321263 -0.999857
bt 0.981616 -0.189864 -0.0195383
t -0.0148602 -0.00319025 -0.999885
bt 0.97766 0.209888 -0.011268
t -0.0159567 -0.00342565 -0.999867
bt 0.977565 0.209868 -0.0179249
t -0.0159994 0.00309461 -0.999867
bt 0.981654 -0.189871 -0.0174304

