g sponza_67
t 1 0 -2.8054e-06
bt 0 0 -1
t 1 0 -1.52203e-06
bt 0 0 -1
t 1 0 -2.8054e-06
bt 0 0 -1
t 1 0 -2.8054e-06
bt 0 0 -1
t 1 0 0
bt 0 -1 0
t 1 0 0
bt 0 -1 0
t 1 0 0
bt 0 -1 0
t 1 0 0
bt 0 -1 0
t 1 0 -1.28581e-06
bt 0 0 1
t 1 0 -2.02292e-06
bt 0 0 1
t 1 0 -1.28581e-06
bt 0 0 1
t 1 0 -1.28581e-06
bt 0 0 1
t 1 7.59781e-07 -7.5981e-07
bt 0 0.707107 -0.707107
t 1 1.40251e-06 -1.40257e-06
bt 0 0.707107 -0.707107
t 1 7.59781e-07 -7.5981e-07
bt 0 0.707107 -0.707107
t 1 7.59781e-07 -7.5981e-07
bt 0 0.707107 -0.707107
t 1 8.96151e-07 -8.96186e-07
bt 0 -0.707107 0.707107
t 1 9.54714e-07 -9.54726e-07
bt 0 -0.707107 0.707107
t 1 8.96151e-07 -8.96186e-07
bt 0 -0.707107 0.707107
t 1 8.96151e-07 -8.96186e-07
bt 0 -0.707107 0.707107
t -1 0 -2.8226e-06
bt 0 0 -1
t -1 0 -1.52365e-06
bt 0 0 -1
t -1 0 -2.8226e-06
bt 0 0 -1
t -1 0 -2.8226e-06
bt 0 0 -1
t -1 0 0
bt 0 -1 0
t -1 0 0
bt 0 -1 0
t -1 0 0
bt 0 -1 0
t -1 0 0
bt 0 -1 0
t -1 0 -1.29193e-06
bt 0 0 1
t -1 0 -1.79713e-06
bt 0 0 1
t -1 0 -1.29193e-06
bt 0 0 1
t -1 0 -1.29193e-06
bt 0 0 1
t -1 7.6211e-07 -7.62139e-07
bt 0 0.707107 -0.707107
t -1 1.32828e-06 -1.32834e-06
bt 0 0.707107 -0.707107
t -1 7.6211e-07 -7.62139e-07
bt 0 0.707107 -0.707107
t -1 7.6211e-07 -7.62139e-07
bt 0 0.707107 -0.707107
t -1 8.98604e-07 -8.98638e-07
bt 0 -0.707107 0.707107
t -1 6.4461e-07 -6.44635e-07
bt 0 -0.707107 0.707107
t -1 8.98604e-07 -8.98638e-07
bt 0 -0.707107 0.707107
t -1 8.98604e-07 -8.98638e-07
bt 0 -0.707107 0.707107
t 1 0 0
bt 0 1 0
t 1 0 0
bt 0 1 0
t 1 0 0
bt 0 1 0
t 1 0 0
bt 0 1 0
t 1 -6.42982e-07 -6.42916e-07
bt 0 0.707057 0.707157
t 1 -7.01763e-07 -7.01538e-07
bt 0 0.707057 0.707157
t 1 -6.42891e-07 -6.42916e-07
bt 0 0.707107 0.707107
t 1 -6.42891e-07 -6.42916e-07
bt 0 0.707107 0.707107
t -1 0 0
bt 0 1 0
t -1 0 0
bt 0 1 0
t -1 0 0
bt 0 1 0
t -1 0 0
bt 0 1 0
t -1 -5.86213e-07 -5.85999e-07
bt 0 0.707057 0.707157
t -1 -7.61792e-07 -7.61714e-07
bt 0 0.707057 0.707157
t -1 -5.85997e-07 -5.86044e-07
bt 0 0.707107 0.707107
t -1 -5.85997e-07 -5.86044e-07
bt 0 0.707107 0.707107
t 1 0 0
bt 0 1 0
t 1 0 0
bt 0 1 0
t 1 0 0
bt 0 1 0
t 1 0 0
bt 0 1 0
t 1 8.12485e-07 8.12516e-07
bt -0.00258876 0.707104 0.707104
t 1 8.29654e-07 8.29686e-07
bt 0 0.707107 0.707107
t 1 8.12485e-07 8.12516e-07
bt -0.00258876 0.707104 0.707104
t 1 8.12485e-07 8.12516e-07
bt -0.00258876 0.707104 0.707104
t 1 0 -3.95484e-06
bt -3.0796e-05 0 -1
t 1 0 0
bt 0 0 -1
t 1 0 -3.95484e-06
bt -3.0796e-05 0 -1
t 1 0 -3.95484e-06
bt -3.0796e-05 0 -1
t 1 0 0
bt 9.88532e-06 -1 0
t 1 0 0
bt 0 -1 0
t 1 0 0
bt 9.88532e-06 -1 0
t 1 0 0
bt 9.88532e-06 -1 0
t 1 0 -3.55258e-06
bt -9.00936e-05 0 1
t 1 0 1.65344e-06
bt 0 0 1
t 1 0 -3.55258e-06
bt -9.00936e-05 0 1
t 1 0 -3.55258e-06
bt -9.00936e-05 0 1
t 1 -2.3651e-07 2.36501e-07
bt 0.0019841 0.707105 -0.707105
t 1 -8.29373e-07 8.29405e-07
bt 0 0.707107 -0.707107
t 1 -2.3651e-07 2.36501e-07
bt 0.0019841 0.707105 -0.707105
t 1 -2.3651e-07 2.36501e-07
bt 0.0019841 0.707105 -0.707105
t 1 1.98299e-06 -1.98307e-06
bt -0.00253116 -0.707105 0.707105
t 1 1.77599e-06 -1.77605e-06
bt 0 -0.707107 0.707107
t 1 1.98299e-06 -1.98307e-06
bt -0.00253116 -0.707105 0.707105
t 1 1.98299e-06 -1.98307e-06
bt -0.00253116 -0.707105 0.707105
t 0 0 1
bt 0 1 0
t 0 0 1
bt 0 1 0
t 0 0 1
bt 0 1 0
t 0 0 1
bt 0 1 0
t 7.56008e-07 -7.55978e-07 1
bt -0.707107 0.707107 0
t 3.7784e-07 -3.77826e-07 1
bt -0.707107 0.707107 0
t 7.56008e-07 -7.55978e-07 1
bt -0.707107 0.707107 0
t 7.56008e-07 -7.55978e-07 1
bt -0.707107 0.707107 0
t 0 0 -1
bt 0 1 0
t 0 0 -1
bt 0 1 0
t 0 0 -1
bt 0 1 0
t 0 0 -1
bt 0 1 0
t -7.65622e-07 7.65592e-07 -1
bt -0.707107 0.707107 0
t -5.0001e-07 4.99991e-07 -1
bt -0.707104 0.707105 0.00257098
t -7.65622e-07 7.65592e-07 -1
bt -0.707107 0.707107 0
t -7.65622e-07 7.65592e-07 -1
bt -0.707107 0.707107 0
t 0 0 -1
bt 1 0 0
t 3.63845e-06 0 -1
bt 1 0 2.87922e-05
t 0 0 -1
bt 1 0 0
t 0 0 -1
bt 1 0 0
t 0 0 -1
bt 0 -1 0
t 0 0 -1
bt 0 -1 0
t 0 0 -1
bt 0 -1 0
t 0 0 -1
bt 0 -1 0
t 3.06468e-06 0 -1
bt -1 0 9.15238e-05
t -1e-06 0 -1
bt -1 0 1.32257e-06
t 3.06468e-06 0 -1
bt -1 0 9.15238e-05
t 3.06468e-06 0 -1
bt -1 0 9.15238e-05
t -7.65604e-07 -7.65575e-07 -1
bt 0.707107 0.707107 -8.73385e-06
t -2.36501e-07 -2.3651e-07 -1
bt 0.707105 0.707105 -0.00197694
t -7.65604e-07 -7.65575e-07 -1
bt 0.707107 0.707107 -8.73385e-06
t -7.65604e-07 -7.65575e-07 -1
bt 0.707107 0.707107 -8.73385e-06
t 2.1358e-06 2.13571e-06 -1
bt -0.707105 -0.707105 0.00249961
t 1.54463e-06 1.54457e-06 -1
bt -0.707107 -0.707107 0
t 2.1358e-06 2.13571e-06 -1
bt -0.707105 -0.707105 0.00249961
t 2.1358e-06 2.13571e-06 -1
bt -0.707105 -0.707105 0.00249961
t 2.267e-06 0 1
bt 1 0 0
t 1.50203e-06 0 1
bt 1 0 0
t 2.267e-06 0 1
bt 1 0 0
t 2.267e-06 0 1
bt 1 0 0
t 0 0 1
bt 0 -1 0
t 0 0 1
bt 0 -1 0
t 0 0 1
bt 0 -1 0
t 0 0 1
bt 0 -1 0
t 1.51133e-06 0 1
bt -1 0 0
t 1.49934e-06 0 1
bt -1 0 1.31358e-06
t 1.51133e-06 0 1
bt -1 0 0
t 1.51133e-06 0 1
bt -1 0 0
t 3.7784e-07 3.77826e-07 1
bt 0.707107 0.707107 0
t 7.62046e-07 7.61988e-07 1
bt 0.707107 0.707107 -8.49847e-06
t 3.7784e-07 3.77826e-07 1
bt 0.707107 0.707107 0
t 3.7784e-07 3.77826e-07 1
bt 0.707107 0.707107 0
t 7.5568e-07 7.55651e-07 1
bt -0.707107 -0.707107 0
t 7.55081e-07 7.55051e-07 1
bt -0.707107 -0.707107 0
t 7.5568e-07 7.55651e-07 1
bt -0.707107 -0.707107 0
t 7.5568e-07 7.55651e-07 1
bt -0.707107 -0.707107 0
t 1 0 2.81507e-06
bt 0 0 1
t 1 0 1.79234e-06
bt 0 0 1
t 1 0 2.81507e-06
bt 0 0 1
t 1 0 2.81507e-06
bt 0 0 1
t 1 0 0
bt 0 -1 0
t 1 0 0
bt 0 -1 0
t 1 0 0
bt 0 -1 0
t 1 0 0
bt 0 -1 0
t 1 0 1.24983e-06
bt 0 0 -1
t 1 0 2.02612e-06
bt 0 0 -1
t 1 0 1.24983e-06
bt 0 0 -1
t 1 0 1.24983e-06
bt 0 0 -1
t 1 6.42436e-07 6.4246e-07
bt 0 0.707107 0.707107
t 1 1.40267e-06 1.40273e-06
bt 0 0.707107 0.707107
t 1 6.42436e-07 6.4246e-07
bt 0 0.707107 0.707107
t 1 6.42436e-07 6.4246e-07
bt 0 0.707107 0.707107
t 1 8.96208e-07 8.96242e-07
bt 0 -0.707107 -0.707107
t 1 9.35126e-07 9.35138e-07
bt 0 -0.707107 -0.707107
t 1 8.96208e-07 8.96242e-07
bt 0 -0.707107 -0.707107
t 1 8.96208e-07 8.96242e-07
bt 0 -0.707107 -0.707107
t -1 0 2.8129e-06
bt 0 0 1
t -1 0 1.7962e-06
bt 0 0 1
t -1 0 2.8129e-06
bt 0 0 1
t -1 0 2.8129e-06
bt 0 0 1
t -1 0 0
bt 0 -1 0
t -1 0 0
bt 0 -1 0
t -1 0 0
bt 0 -1 0
t -1 0 0
bt 0 -1 0
t -1 0 1.25018e-06
bt 0 0 -1
t -1 0 2.02833e-06
bt 0 0 -1
t -1 0 1.25018e-06
bt 0 0 -1
t -1 0 1.25018e-06
bt 0 0 -1
t -1 6.4461e-07 6.44635e-07
bt 0 0.707107 0.707107
t -1 1.32885e-06 1.32891e-06
bt 0 0.707107 0.707107
t -1 6.4461e-07 6.44635e-07
bt 0 0.707107 0.707107
t -1 6.4461e-07 6.44635e-07
bt 0 0.707107 0.707107
t -1 8.98547e-07 8.98582e-07
bt 0 -0.707107 -0.707107
t -1 6.25158e-07 6.25182e-07
bt 0 -0.707107 -0.707107
t -1 8.98547e-07 8.98582e-07
bt 0 -0.707107 -0.707107
t -1 8.98547e-07 8.98582e-07
bt 0 -0.707107 -0.707107
t 1 0 0
bt 0 1 0
t 1 0 0
bt 0 1 0
t 1 0 0
bt 0 1 0
t 1 0 0
bt 0 1 0
t 1 -6.42858e-07 6.42882e-07
bt 0 0.707107 -0.707107
t 1 -7.01555e-07 7.01331e-07
bt 0 0.707057 -0.707157
t 1 -6.42949e-07 6.42882e-07
bt 0 0.707057 -0.707157
t 1 -6.42858e-07 6.42882e-07
bt 0 0.707107 -0.707107
t -1 0 0
bt 0 1 0
t -1 0 0
bt 0 1 0
t -1 0 0
bt 0 1 0
t -1 0 0
bt 0 1 0
t -1 -7.03215e-07 7.03266e-07
bt 0 0.707107 -0.707107
t -1 -6.44701e-07 6.44635e-07
bt 0 0.707057 -0.707157
t -1 -7.03447e-07 7.03222e-07
bt 0 0.707057 -0.707157
t -1 -7.03215e-07 7.03266e-07
bt 0 0.707107 -0.707107
t 1 0 0
bt 0 1 0
t 1 0 0
bt 0 1 0
t 1 0 0
bt 0 1 0
t 1 0 0
bt 0 1 0
t 1 1.27619e-06 -1.27624e-06
bt 0 0.707107 -0.707107
t 1 8.12484e-07 -8.12516e-07
bt -0.00256745 0.707104 -0.707104
t 1 1.27619e-06 -1.27624e-06
bt 0 0.707107 -0.707107
t 1 1.27619e-06 -1.27624e-06
bt 0 0.707107 -0.707107
t 1 0 0
bt 0 0 1
t 1 0 3.95483e-06
bt -3.11652e-05 0 1
t 1 0 0
bt 0 0 1
t 1 0 0
bt 0 0 1
t 1 0 0
bt 0 -1 0
t 1 0 0
bt 0 -1 0
t 1 0 0
bt 0 -1 0
t 1 0 0
bt 0 -1 0
t 1 0 3.09022e-06
bt -8.84082e-05 0 -1
t 1 0 -1.625e-06
bt 0 0 -1
t 1 0 3.09022e-06
bt -8.84082e-05 0 -1
t 1 0 3.09022e-06
bt -8.84082e-05 0 -1
t 1 -1.27596e-06 -1.27601e-06
bt 0 0.707107 0.707107
t 1 -2.3651e-07 -2.365e-07
bt 0.00198313 0.707105 0.707105
t 1 -1.27596e-06 -1.27601e-06
bt 0 0.707107 0.707107
t 1 -1.27596e-06 -1.27601e-06
bt 0 0.707107 0.707107
t 1 2.21154e-06 2.21163e-06
bt -0.00256829 -0.707104 -0.707104
t 1 1.54457e-06 1.54463e-06
bt 0 -0.707107 -0.707107
t 1 2.21154e-06 2.21163e-06
bt -0.00256829 -0.707104 -0.707104
t 1 2.21154e-06 2.21163e-06
bt -0.00256829 -0.707104 -0.707104
t 0 0 -1
bt 0 1 0
t 0 0 -1
bt 0 1 0
t 0 0 -1
bt 0 1 0
t 0 0 -1
bt 0 1 0
t 1.51136e-06 -1.5113e-06 -1
bt -0.707107 0.707107 0
t 0 0 -1
bt -0.707107 0.707107 0
t 1.51136e-06 -1.5113e-06 -1
bt -0.707107 0.707107 0
t 1.51136e-06 -1.5113e-06 -1
bt -0.707107 0.707107 0
t 0 0 1
bt 0 1 0
t 0 0 1
bt 0 1 0
t 0 0 1
bt 0 1 0
t 0 0 1
bt 0 1 0
t 0 0 1
bt -0.707104 0.707105 -0.00257456
t -7.64994e-07 7.64965e-07 1
bt -0.707107 0.707107 0
t 0 0 1
bt -0.707104 0.707105 -0.00257456
t 0 0 1
bt -0.707104 0.707105 -0.00257456
t 4.87764e-06 0 1
bt 1 0 -3.01633e-05
t 0 0 1
bt 1 0 0
t 4.87764e-06 0 1
bt 1 0 -3.01633e-05
t 4.87764e-06 0 1
bt 1 0 -3.01633e-05
t 0 0 1
bt 0 -1 7.41399e-06
t 0 0 1
bt 0 -1 0
t 0 0 1
bt 0 -1 7.41399e-06
t 0 0 1
bt 0 -1 7.41399e-06
t 2.47136e-06 0 1
bt -1 0 -9.14217e-05
t 0 0 1
bt -1 0 0
t 2.47136e-06 0 1
bt -1 0 -9.14217e-05
t 2.47136e-06 0 1
bt -1 0 -9.14217e-05
t -2.36501e-07 -2.3651e-07 1
bt 0.707105 0.707105 0.00198555
t -7.65605e-07 -7.65576e-07 1
bt 0.707107 0.707107 0
t -2.36501e-07 -2.3651e-07 1
bt 0.707105 0.707105 0.00198555
t -2.36501e-07 -2.3651e-07 1
bt 0.707105 0.707105 0.00198555
t 2.4407e-06 2.4406e-06 1
bt -0.707105 -0.707105 -0.00252237
t 1.23586e-06 1.23581e-06 1
bt -0.707107 -0.707107 0
t 2.44139e-06 2.4406e-06 1
bt -0.707205 -0.707005 -0.00252237
t 2.44139e-06 2.4406e-06 1
bt -0.707205 -0.707005 -0.00252237
t 1.50203e-06 0 -1
bt 1 0 0
t 3.02266e-06 0 -1
bt 1 0 0
t 1.50203e-06 0 -1
bt 1 0 0
t 1.50203e-06 0 -1
bt 1 0 0
t 0 0 -1
bt 0 -1 0
t 0 0 -1
bt 0 -1 0
t 0 0 -1
bt 0 -1 0
t 0 0 -1
bt 0 -1 0
t 1.49934e-06 0 -1
bt -1 0 0
t 3.02266e-06 0 -1
bt -1 0 0
t 1.49934e-06 0 -1
bt -1 0 0
t 1.49934e-06 0 -1
bt -1 0 0
t 0 0 -1
bt 0.707107 0.707107 0
t 3.77854e-07 3.77811e-07 -1
bt 0.707107 0.707107 0
t 0 0 -1
bt 0.707107 0.707107 0
t 0 0 -1
bt 0.707107 0.707107 0
t 1.51109e-06 1.51103e-06 -1
bt -0.707107 -0.707107 0
t 7.5568e-07 7.55651e-07 -1
bt -0.707107 -0.707107 0
t 1.51109e-06 1.51103e-06 -1
bt -0.707107 -0.707107 0
t 1.51109e-06 1.51103e-06 -1
bt -0.707107 -0.707107 0
t -1 0 -3.08446e-06
bt 0 0 -1
t -1 0 -1.79234e-06
bt 0 0 -1
t -1 0 -3.08446e-06
bt 0 0 -1
t -1 0 -3.08446e-06
bt 0 0 -1
t -1 0 0
bt 0 -1 0
t -1 0 0
bt 0 -1 0
t -1 0 0
bt 0 -1 0
t -1 0 0
bt 0 -1 0
t -1 0 -1.52041e-06
bt 0 0 1
t -1 0 -1.75337e-06
bt 0 0 1
t -1 0 -1.52041e-06
bt 0 0 1
t -1 0 -1.52041e-06
bt 0 0 1
t -1 7.59158e-07 -7.59188e-07
bt 0 0.707107 -0.707107
t -1 1.53904e-06 -1.5391e-06
bt 0 0.707107 -0.707107
t -1 7.59158e-07 -7.59188e-07
bt 0 0.707107 -0.707107
t -1 7.59158e-07 -7.59188e-07
bt 0 0.707107 -0.707107
t -1 8.96207e-07 -8.96242e-07
bt 0 -0.707107 0.707107
t -1 1.0715e-06 -1.07151e-06
bt 0 -0.707107 0.707107
t -1 8.96207e-07 -8.96242e-07
bt 0 -0.707107 0.707107
t -1 8.96207e-07 -8.96242e-07
bt 0 -0.707107 0.707107
t 1 0 -3.08637e-06
bt 0 0 -1
t 1 0 -2.06631e-06
bt 0 0 -1
t 1 0 -3.08637e-06
bt 0 0 -1
t 1 0 -3.08637e-06
bt 0 0 -1
t 1 0 0
bt 0 -1 0
t 1 0 0
bt 0 -1 0
t 1 0 0
bt 0 -1 0
t 1 0 0
bt 0 -1 0
t 1 0 -1.28924e-06
bt 0 0 1
t 1 0 -1.76995e-06
bt 0 0 1
t 1 0 -1.28924e-06
bt 0 0 1
t 1 0 -1.28924e-06
bt 0 0 1
t 1 8.98547e-07 -8.98582e-07
bt 0 0.707107 -0.707107
t 1 1.46616e-06 -1.46622e-06
bt 0 0.707107 -0.707107
t 1 8.98547e-07 -8.98582e-07
bt 0 0.707107 -0.707107
t 1 8.98547e-07 -8.98582e-07
bt 0 0.707107 -0.707107
t 1 1.03528e-06 -1.03532e-06
bt 0 -0.707107 0.707107
t 1 6.44579e-07 -6.44604e-07
bt 0 -0.707107 0.707107
t 1 1.03528e-06 -1.03532e-06
bt 0 -0.707107 0.707107
t 1 1.03528e-06 -1.03532e-06
bt 0 -0.707107 0.707107
t -1 0 0
bt 0 1 0
t -1 0 0
bt 0 1 0
t -1 0 0
bt 0 1 0
t -1 0 0
bt 0 1 0
t -1 -6.43049e-07 -6.43074e-07
bt 0 0.707107 0.707107
t -1 -5.64953e-07 -5.64999e-07
bt 0 0.707107 0.707107
t -1 -6.43049e-07 -6.43074e-07
bt 0 0.707107 0.707107
t -1 -6.43049e-07 -6.43074e-07
bt 0 0.707107 0.707107
t 1 -1.01577e-10 0
bt 0 1 0.0001
t 1 0 0
bt 0 1 0
t 1 0 0
bt 0 1 0
t 1 -1.01577e-10 0
bt 0 1 0.0001
t 1 -5.66684e-07 -5.6673e-07
bt 0 0.707107 0.707107
t 1 -5.07875e-07 -5.07894e-07
bt 0 0.707107 0.707107
t 1 -5.66684e-07 -5.6673e-07
bt 0 0.707107 0.707107
t 1 -5.66684e-07 -5.6673e-07
bt 0 0.707107 0.707107
t -1 0 0
bt 0 1 0
t -1 0 0
bt 0 1 0
t -1 4.15857e-10 0
bt 0 1 0.0001
t -1 4.15857e-10 0
bt 0 1 0.0001
t -1 2.07976e-06 2.07984e-06
bt 0 0.707107 0.707107
t -1 0 0
bt -0.00608626 0.707044 0.707144
t -1 2.08005e-06 2.07984e-06
bt 0 0.707057 0.707157
t -1 2.07976e-06 2.07984e-06
bt 0 0.707107 0.707107
t -1 0 0
bt 0 0 -1
t -1 0 -4.00391e-06
bt 0.0075289 0 -0.999972
t -1 0 0
bt 0 0 -1
t -1 0 0
bt 0 0 -1
t -1 0 0
bt -9.90114e-06 -1 0
t -1 0 0
bt 0 -1 0
t -1 0 0
bt -9.90114e-06 -1 0
t -1 0 0
bt -9.90114e-06 -1 0
t -1 0 -2.50931e-06
bt -0.00750229 0 0.999972
t -1 0 0
bt 0 0 1
t -1 0 -2.50931e-06
bt -0.00750229 0 0.999972
t -1 0 -2.50931e-06
bt -0.00750229 0 0.999972
t -1 -8.19097e-07 8.19129e-07
bt 0 0.707107 -0.707107
t -1 -2.33767e-07 2.33758e-07
bt 0.00630115 0.707093 -0.707093
t -1 -8.19097e-07 8.19129e-07
bt 0 0.707107 -0.707107
t -1 -8.19097e-07 8.19129e-07
bt 0 0.707107 -0.707107
t -1 2.49802e-06 -2.49882e-06
bt -0.00274998 -0.707004 0.707204
t -1 1.26467e-06 -1.26471e-06
bt 0 -0.707107 0.707107
t -1 2.49802e-06 -2.49812e-06
bt -0.00274998 -0.707104 0.707104
t -1 2.49802e-06 -2.49882e-06
bt -0.00274998 -0.707004 0.707204
t 0 0 1
bt 0 1 0
t 0 0 1
bt 0 1 0
t 0 0 1
bt 0 1 0
t 0 0 1
bt 0 1 0
t -1.51136e-06 -1.5113e-06 1
bt 0.707107 0.707107 0
t 0 0 1
bt 0.707107 0.707107 0
t -1.51136e-06 -1.5113e-06 1
bt 0.707107 0.707107 0
t -1.51136e-06 -1.5113e-06 1
bt 0.707107 0.707107 0
t 0 0 -1
bt 0 1 0
t 0 0 -1
bt 0 1 0
t 0 0 -1
bt 0 1 0
t 0 0 -1
bt 0 1 0
t 2.50005e-07 2.49995e-07 -1
bt 0.707104 0.707104 0.00263138
t 1.27625e-06 1.2762e-06 -1
bt 0.707107 0.707107 0
t 2.50005e-07 2.49995e-07 -1
bt 0.707104 0.707104 0.00263138
t 2.50005e-07 2.49995e-07 -1
bt 0.707104 0.707104 0.00263138
t -3.34843e-06 0 -1
bt -1 0 3.01632e-05
t 0 0 -1
bt -1 0 0
t -3.34843e-06 0 -1
bt -1 0 3.01632e-05
t -3.34843e-06 0 -1
bt -1 0 3.01632e-05
t 0 0 -1
bt 0 -1 -1.72993e-05
t 0 0 -1
bt 0 -1 0
t 0 0 -1
bt 0 -1 -1.72993e-05
t 0 0 -1
bt 0 -1 -1.72993e-05
t -3.0892e-06 0 -1
bt 1 0 8.87658e-05
t 5.37368e-07 0 -1
bt 1 0 0
t -3.0892e-06 0 -1
bt 1 0 8.87658e-05
t -3.0892e-06 0 -1
bt 1 0 8.87658e-05
t 2.36501e-07 -2.3651e-07 -1
bt -0.707105 0.707105 -0.00198557
t 1.27601e-06 -1.27596e-06 -1
bt -0.707107 0.707107 0
t 2.36501e-07 -2.3651e-07 -1
bt -0.707105 0.707105 -0.00198557
t 2.36501e-07 -2.3651e-07 -1
bt -0.707105 0.707105 -0.00198557
t -1.98307e-06 1.98299e-06 -1
bt 0.707105 -0.707104 0.0025571
t -1.54492e-06 1.54486e-06 -1
bt 0.707107 -0.707107 0
t -1.98307e-06 1.98299e-06 -1
bt 0.707105 -0.707104 0.0025571
t -1.98307e-06 1.98299e-06 -1
bt 0.707105 -0.707104 0.0025571
t -1.50203e-06 0 1
bt -1 0 0
t -7.55666e-07 0 1
bt -1 0 0
t -1.50203e-06 0 1
bt -1 0 0
t -1.50203e-06 0 1
bt -1 0 0
t 0 0 1
bt 0 -1 0
t 0 0 1
bt 0 -1 0
t 0 0 1
bt 0 -1 0
t 0 0 1
bt 0 -1 0
t 0 0 1
bt 1 0 0
t -3.02266e-06 0 1
bt 1 0 0
t 0 0 1
bt 1 0 0
t 0 0 1
bt 1 0 0
t 0 0 1
bt -0.707107 0.707107 0
t -3.77855e-07 3.77811e-07 1
bt -0.707107 0.707107 0
t 0 0 1
bt -0.707107 0.707107 0
t 0 0 1
bt -0.707107 0.707107 0
t -3.77541e-07 3.77526e-07 1
bt 0.707107 -0.707107 0
t 0 0 1
bt 0.707107 -0.707107 0
t -3.77541e-07 3.77526e-07 1
bt 0.707107 -0.707107 0
t -3.77541e-07 3.77526e-07 1
bt 0.707107 -0.707107 0
t -1 0 2.8054e-06
bt 0 0 1
t -1 0 1.79141e-06
bt 0 0 1
t -1 0 2.8054e-06
bt 0 0 1
t -1 0 2.8054e-06
bt 0 0 1
t -1 0 0
bt 0 -1 0
t -1 0 0
bt 0 -1 0
t -1 0 0
bt 0 -1 0
t -1 0 0
bt 0 -1 0
t -1 0 1.24684e-06
bt 0 0 -1
t -1 0 1.791e-06
bt 0 0 -1
t -1 0 1.24684e-06
bt 0 0 -1
t -1 0 1.24684e-06
bt 0 0 -1
t -1 6.42891e-07 6.42916e-07
bt 0 0.707107 0.707107
t -1 1.40251e-06 1.40257e-06
bt 0 0.707107 0.707107
t -1 6.42891e-07 6.42916e-07
bt 0 0.707107 0.707107
t -1 6.42891e-07 6.42916e-07
bt 0 0.707107 0.707107
t -1 8.96151e-07 8.96186e-07
bt 0 -0.707107 -0.707107
t -1 9.35344e-07 9.35356e-07
bt 0 -0.707107 -0.707107
t -1 8.96151e-07 8.96186e-07
bt 0 -0.707107 -0.707107
t -1 8.96151e-07 8.96186e-07
bt 0 -0.707107 -0.707107
t 1 0 3.05219e-06
bt 0 0 1
t 1 0 1.79713e-06
bt 0 0 1
t 1 0 3.05219e-06
bt 0 0 1
t 1 0 3.05219e-06
bt 0 0 1
t 1 0 0
bt 0 -1 0
t 1 0 0
bt 0 -1 0
t 1 0 0
bt 0 -1 0
t 1 0 0
bt 0 -1 0
t 1 0 1.25317e-06
bt 0 0 -1
t 1 0 1.79713e-06
bt 0 0 -1
t 1 0 1.25317e-06
bt 0 0 -1
t 1 0 1.25317e-06
bt 0 0 -1
t 1 6.44153e-07 6.44178e-07
bt 0 0.707107 0.707107
t 1 1.44549e-06 1.44555e-06
bt 0 0.707107 0.707107
t 1 6.44153e-07 6.44178e-07
bt 0 0.707107 0.707107
t 1 6.44153e-07 6.44178e-07
bt 0 0.707107 0.707107
t 1 8.98604e-07 8.98639e-07
bt 0 -0.707107 -0.707107
t 1 6.25076e-07 6.25101e-07
bt 0 -0.707107 -0.707107
t 1 8.98604e-07 8.98639e-07
bt 0 -0.707107 -0.707107
t 1 8.98604e-07 8.98639e-07
bt 0 -0.707107 -0.707107
t -1 0 0
bt 0 1 0
t -1 0 0
bt 0 1 0
t -1 0 0
bt 0 1 0
t -1 0 0
bt 0 1 0
t -1 -6.42982e-07 6.42916e-07
bt 0 0.707057 -0.707157
t -1 -5.84758e-07 5.84546e-07
bt 0 0.707057 -0.707157
t -1 -6.42891e-07 6.42916e-07
bt 0 0.707107 -0.707107
t -1 -6.42891e-07 6.42916e-07
bt 0 0.707107 -0.707107
t 1 0 0
bt 0 1 0
t 1 0 0
bt 0 1 0
t 1 0 0
bt 0 1 0
t 1 0 0
bt 0 1 0
t 1 -5.86213e-07 5.86e-07
bt 0 0.707057 -0.707157
t 1 -6.44668e-07 6.44601e-07
bt 0 0.707057 -0.707157
t 1 -5.85997e-07 5.86044e-07
bt 0 0.707107 -0.707107
t 1 -5.85997e-07 5.86044e-07
bt 0 0.707107 -0.707107
t -1 0 0
bt 0 1 0
t -1 0 0
bt 0 1 0
t -1 0 0
bt 0 1 0
t -1 0 0
bt 0 1 0
t -1 8.02621e-07 -8.02651e-07
bt -0.00609005 0.707094 -0.707094
t -1 1.26038e-06 -1.26043e-06
bt 0 0.707107 -0.707107
t -1 8.02621e-07 -8.02651e-07
bt -0.00609005 0.707094 -0.707094
t -1 8.02621e-07 -8.02651e-07
bt -0.00609005 0.707094 -0.707094
t -1 0 3.9254e-06
bt 0.00752979 0 0.999972
t -1 0 7.07859e-07
bt 0 0 1
t -1 0 3.9254e-06
bt 0.00752979 0 0.999972
t -1 0 3.9254e-06
bt 0.00752979 0 0.999972
t -1 0 0
bt 0 -1 0
t -1 0 0
bt 0 -1 0
t -1 0 0
bt 0 -1 0
t -1 0 0
bt 0 -1 0
t -1 0 3.06592e-06
bt -0.0075036 0 -0.999972
t -1 0 -1.63337e-06
bt 0 0 -1
t -1 0 3.06592e-06
bt -0.0075036 0 -0.999972
t -1 0 3.06592e-06
bt -0.0075036 0 -0.999972
t -1 1.19652e-07 1.19675e-07
bt 0.00629171 0.707093 0.707093
t -1 -1.26015e-06 -1.2602e-06
bt 0 0.707107 0.707107
t -1 1.19652e-07 1.19675e-07
bt 0.00629171 0.707093 0.707093
t -1 1.19652e-07 1.19675e-07
bt 0.00629171 0.707093 0.707093
t -1 2.42244e-06 2.42253e-06
bt -0.00271743 -0.707104 -0.707104
t -1 1.53284e-06 1.5329e-06
bt 0 -0.707107 -0.707107
t -1 2.42244e-06 2.42253e-06
bt -0.00271743 -0.707104 -0.707104
t -1 2.42244e-06 2.42253e-06
bt -0.00271743 -0.707104 -0.707104
t 0 0 -1
bt 0 1 0
t 0 0 -1
bt 0 1 0
t 0 0 -1
bt 0 1 0
t 0 0 -1
bt 0 1 0
t -1.88862e-06 -1.88855e-06 -1
bt 0.707107 0.707107 0
t 0 0 -1
bt 0.707107 0.707107 0
t -1.88862e-06 -1.88855e-06 -1
bt 0.707107 0.707107 0
t -1.88862e-06 -1.88855e-06 -1
bt 0.707107 0.707107 0
t 0 0 1
bt 0 1 0
t 0 0 1
bt 0 1 0
t 0 0 1
bt 0 1 0
t 0 0 1
bt 0 1 0
t 1.27562e-06 1.27557e-06 1
bt 0.707107 0.707107 0
t 0 0 1
bt 0.707104 0.707105 -0.00257456
t 1.27562e-06 1.27557e-06 1
bt 0.707107 0.707107 0
t 1.27562e-06 1.27557e-06 1
bt 0.707107 0.707107 0
t 0 0 1
bt -1 0 0
t -5.19402e-06 0 1
bt -1 0 -3.06379e-05
t 0 0 1
bt -1 0 0
t 0 0 1
bt -1 0 0
t 0 0 1
bt 0 -1 1.48517e-05
t 0 0 1
bt 0 -1 0
t 0 0 1
bt 0 -1 1.48517e-05
t 0 0 1
bt 0 -1 1.48517e-05
t -2.45174e-06 0 1
bt 1 0 -9.10131e-05
t 0 0 1
bt 1 0 0
t -2.45174e-06 0 1
bt 1 0 -9.10131e-05
t -2.45174e-06 0 1
bt 1 0 -9.10131e-05
t 1.27601e-06 -1.27596e-06 1
bt -0.707107 0.707107 0
t 2.36501e-07 -2.3651e-07 1
bt -0.707105 0.707105 0.00198498
t 1.27601e-06 -1.27596e-06 1
bt -0.707107 0.707107 0
t 1.27601e-06 -1.27596e-06 1
bt -0.707107 0.707107 0
t -2.59379e-06 2.59296e-06 1
bt 0.707204 -0.707005 -0.00255054
t -1.2357e-06 1.23565e-06 1
bt 0.707107 -0.707107 0
t -2.59306e-06 2.59296e-06 1
bt 0.707105 -0.707105 -0.00255054
t -2.59379e-06 2.59296e-06 1
bt 0.707204 -0.707005 -0.00255054
t 0 0 -1
bt -1 0 0
t -3.78774e-06 0 -1
bt -1 0 0
t 0 0 -1
bt -1 0 0
t 0 0 -1
bt -1 0 0
t 0 0 -1
bt 0 -1 0
t 0 0 -1
bt 0 -1 0
t 0 0 -1
bt 0 -1 0
t 0 0 -1
bt 0 -1 0
t 0 0 -1
bt 1 0 0
t -3.81082e-06 0 -1
bt 1 0 0
t 0 0 -1
bt 1 0 0
t 0 0 -1
bt 1 0 0
t 0 0 -1
bt -0.707107 0.707107 0
t 3.74317e-07 -3.74332e-07 -1
bt -0.707107 0.707107 0
t 0 0 -1
bt -0.707107 0.707107 0
t 0 0 -1
bt -0.707107 0.707107 0
t -1.8892e-06 1.88913e-06 -1
bt 0.707107 -0.707107 0
t 0 0 -1
bt 0.707107 -0.707107 0
t -1.8892e-06 1.88913e-06 -1
bt 0.707107 -0.707107 0
t -1.8892e-06 1.88913e-06 -1
bt 0.707107 -0.707107 0

