g sponza_274
t 0.866021 -0.482975 -0.129394
bt 1.81119e-05 -0.258787 0.965935
t 0.86602 -0.482977 -0.129394
bt 1.85227e-05 -0.258787 0.965934
t 1 -4.23401e-06 3.43184e-06
bt 0 -0.258808 0.965929
t 1 -5.90041e-06 1.40496e-06
bt 0 -0.258808 0.965929
t 0.500037 -0.836498 -0.22413
bt 1.59699e-05 -0.258809 0.965928
t 0.500036 -0.836503 -0.224111
bt 1.66655e-05 -0.258811 0.965928
t 0 -0.965921 -0.258836
bt 0 -0.25882 0.965926
t 0 -0.965922 -0.258832
bt 0 -0.258818 0.965926
t -0.500035 -0.836495 -0.224145
bt -1.56388e-05 -0.258809 0.965929
t -0.500036 -0.836504 -0.224111
bt -1.56519e-05 -0.258809 0.965929
t -0.866017 -0.482981 -0.1294
bt -1.85674e-05 -0.258787 0.965935
t -0.866017 -0.482975 -0.12942
bt -1.9493e-05 -0.258787 0.965934
t -1 -5.90041e-06 1.40496e-06
bt 0 -0.258808 0.965929
t -1 -3.7851e-06 1.75864e-06
bt 0 -0.258808 0.965929
t -0.866021 0.482975 0.129394
bt 2.00051e-05 -0.258788 0.965934
t -0.86602 0.482975 0.129403
bt 1.92441e-05 -0.258787 0.965934
t -0.500037 0.836498 0.22413
bt 1.64893e-05 -0.25881 0.965928
t -0.500037 0.836495 0.224142
bt 1.53926e-05 -0.258809 0.965929
t 0 0.965921 0.258836
bt 0 -0.258817 0.965926
t 0 0.96593 0.258803
bt 0 -0.258819 0.965926
t 0.500035 0.836495 0.224145
bt -1.63657e-05 -0.25881 0.965928
t 0.500036 0.836495 0.224144
bt -1.67219e-05 -0.258811 0.965928
t 0.866017 0.482981 0.1294
bt -1.94092e-05 -0.258787 0.965934
t 0.866017 0.482986 0.129378
bt -1.83201e-05 -0.258787 0.965934
t 1 -5.90041e-06 1.40496e-06
bt 0 -0.258808 0.965929
t 1 -4.23401e-06 3.43184e-06
bt 0 -0.258808 0.965929
t 0.86602 -0.482977 -0.129394
bt 1.85227e-05 -0.258787 0.965934
t 0.86602 -0.482974 -0.129404
bt 1.92087e-05 -0.258787 0.965934
t 1 -2.55571e-06 -2.84393e-06
bt 0 -0.258808 0.965929
t 1 -4.23401e-06 3.43184e-06
bt 0 -0.258808 0.965929
t 0.500036 -0.836503 -0.224111
bt 1.66655e-05 -0.258811 0.965928
t 0.500037 -0.836486 -0.224175
bt 1.58132e-05 -0.258809 0.965928
t 0 -0.965922 -0.258832
bt 0 -0.258818 0.965926
t 0 -0.965929 -0.258806
bt 0 -0.258819 0.965926
t -0.500036 -0.836504 -0.224111
bt -1.56519e-05 -0.258809 0.965929
t -0.500036 -0.836501 -0.22412
bt -1.61384e-05 -0.25881 0.965928
t -0.866017 -0.482975 -0.12942
bt -1.9493e-05 -0.258787 0.965934
t -0.866017 -0.48297 -0.129437
bt -1.86105e-05 -0.258787 0.965934
t -1 -3.7851e-06 1.75864e-06
bt 0 -0.258808 0.965929
t -1 -3.14235e-06 -6.79737e-07
bt 0 -0.258808 0.965929
t -0.86602 0.482975 0.129403
bt 1.92441e-05 -0.258787 0.965934
t -0.86602 0.48297 0.129419
bt 1.87388e-05 -0.258787 0.965934
t -0.500037 0.836495 0.224142
bt 1.53926e-05 -0.258809 0.965929
t -0.500037 0.836494 0.224145
bt 1.65702e-05 -0.25881 0.965928
t 0 0.96593 0.258803
bt 0 -0.258819 0.965926
t 0 0.965932 0.258798
bt 0 -0.258819 0.965926
t 0.500036 0.836495 0.224144
bt -1.67219e-05 -0.258811 0.965928
t 0.500036 0.836495 0.224144
bt -1.56297e-05 -0.258809 0.965929
t 0.866017 0.482986 0.129378
bt -1.83201e-05 -0.258787 0.965934
t 0.866017 0.482968 0.129445
bt -1.92072e-05 -0.258787 0.965934
t 1 -4.23401e-06 3.43184e-06
bt 0 -0.258808 0.965929
t 1 -2.55571e-06 -2.84393e-06
bt 0 -0.258808 0.965929
t 0.86602 -0.482974 -0.129404
bt 1.92087e-05 -0.258787 0.965934
t 0.86602 -0.482966 -0.129437
bt 1.88884e-05 -0.258787 0.965934
t 1 -4.68292e-06 5.11397e-06
bt 0 -0.258808 0.965929
t 1 -2.55571e-06 -2.84393e-06
bt 0 -0.258808 0.965929
t 0.500037 -0.836486 -0.224175
bt 1.58132e-05 -0.258809 0.965928
t 0.500036 -0.836494 -0.224146
bt 1.68529e-05 -0.258811 0.965928
t 0 -0.965929 -0.258806
bt 0 -0.258819 0.965926
t 0 -0.965933 -0.258792
bt 0 -0.258818 0.965926
t -0.500036 -0.836501 -0.22412
bt -1.61384e-05 -0.25881 0.965928
t -0.500036 -0.836491 -0.224159
bt -1.61895e-05 -0.25881 0.965928
t -0.866017 -0.48297 -0.129437
bt -1.86105e-05 -0.258787 0.965934
t -0.866017 -0.482972 -0.129429
bt -1.96553e-05 -0.258787 0.965934
t -1 -3.14235e-06 -6.79737e-07
bt 0 -0.258808 0.965929
t -1 -2.03028e-06 -4.8028e-06
bt 0 -0.258808 0.965929
t -0.86602 0.48297 0.129419
bt 1.87388e-05 -0.258787 0.965934
t -0.86602 0.482968 0.129428
bt 1.97509e-05 -0.258787 0.965934
t -0.500037 0.836494 0.224145
bt 1.65702e-05 -0.25881 0.965928
t -0.500037 0.836495 0.224143
bt 1.6082e-05 -0.25881 0.965928
t 0 0.965932 0.258798
bt 0 -0.258819 0.965926
t 0 0.965925 0.258823
bt 0 -0.258818 0.965926
t 0.500036 0.836495 0.224144
bt -1.56297e-05 -0.258809 0.965929
t 0.500036 0.836497 0.224137
bt -1.69554e-05 -0.258811 0.965928
t 0.866017 0.482968 0.129445
bt -1.92072e-05 -0.258787 0.965934
t 0.866017 0.482971 0.129433
bt -1.88851e-05 -0.258787 0.965934
t 1 -2.55571e-06 -2.84393e-06
bt 0 -0.258808 0.965929
t 1 -4.68292e-06 5.11397e-06
bt 0 -0.258808 0.965929
t 0.707069 -0.683052 -0.183015
bt -0.866064 0.4829 0.129387
t 0.707069 -0.683052 -0.183015
bt -0.866064 0.4829 0.129387
t 0.707069 -0.683052 -0.183015
bt -0.866064 0.4829 0.129387
t 0.0869698 -0.962269 -0.257827
bt -0.711558 -0.678689 -0.181846
t 0.866004 0.483001 0.129414
bt -0.707027 -0.683091 -0.183025
t 0 -0.965929 -0.258808
bt -0.866004 -0.483001 -0.129414
t 0.0869698 -0.962269 -0.257827
bt -0.711558 -0.678689 -0.181846
t 0.500022 -0.836507 -0.224131
bt -0.866004 0.483001 0.129414
t 0.866004 -0.483001 -0.129414
bt -0.965933 0.249974 0.0669773
t 0.500022 -0.836507 -0.224131
bt -0.866004 0.483001 0.129414
t 0.500022 -0.836507 -0.224131
bt -0.866004 0.483001 0.129414
t 0 -0.965929 -0.258808
bt -0.258403 0.933123 0.250018
t -2.94959e-09 -0.965929 -0.258808
bt -0.258403 0.93313 0.249993
t 0 -0.965929 -0.258808
bt -0.258403 0.933123 0.250018
t -0.500022 0.836507 0.224131
bt 1 0 0
t -1 0 0
bt 0.866064 0.4829 0.129387
t -0.500022 0.836507 0.224131
bt 1 0 0
t -0.500022 0.836507 0.224131
bt 1 0 0
t 0.258925 -0.932982 -0.250007
bt -0.258945 -0.93299 -0.249955
t 0.707069 0.683052 0.183015
bt 0.96598 0.249806 0.0669322
t 0.707069 0.683052 0.183015
bt 0.96598 0.249806 0.0669322
t 0.707069 0.683052 0.183015
bt 0.96598 0.249806 0.0669322
t 0.866433 -0.483944 -0.122851
bt 0.0199551 -0.129228 0.991414
t 0.866358 -0.483949 -0.123358
bt 0.0581004 -0.161848 0.985104
t 0.999981 0.00090041 -0.00607269
bt 0.00099929 -0.1466 0.989195
t 0.999978 0.000911407 -0.00659872
bt -0.0242851 -0.13676 0.990307
t 0.50073 -0.837795 -0.217644
bt 0.0831667 -0.155911 0.984264
t 0.500609 -0.837737 -0.218145
bt 0.0996223 -0.202666 0.974167
t 0.000868491 -0.967617 -0.25242
bt 0.124089 -0.209561 0.96989
t 0.000696067 -0.967482 -0.252939
bt 0.114402 -0.258108 0.959319
t -0.499304 -0.838584 -0.217881
bt 0.131744 -0.275789 0.952147
t -0.499418 -0.838397 -0.218338
bt 0.0986016 -0.313227 0.944546
t -0.865609 -0.485323 -0.123216
bt 0.104122 -0.336834 0.935789
t -0.865664 -0.485104 -0.123691
bt 0.0563458 -0.353327 0.933801
t -0.999978 -0.00251006 0.00617198
bt 0.0485988 -0.376353 0.925201
t -0.999981 -0.00224905 0.00570332
bt -0.000999297 -0.367678 0.929953
t -0.866435 0.480527 0.135588
bt -0.0199487 -0.383772 0.923212
t -0.866367 0.480778 0.135137
bt -0.0580873 -0.352356 0.934062
t -0.500736 0.834369 0.230418
bt -0.0831461 -0.357089 0.930362
t -0.500638 0.834559 0.229941
bt -0.0996139 -0.311534 0.944999
t -0.000778275 0.964192 0.265203
bt -0.124094 -0.303459 0.944729
t -0.000711763 0.964335 0.264685
bt -0.114402 -0.256165 0.959839
t 0.499298 0.835177 0.23061
bt -0.131783 -0.237243 0.96247
t 0.499384 0.835261 0.230118
bt -0.0986185 -0.200987 0.974617
t 0.865604 0.481908 0.135996
bt -0.104137 -0.176171 0.978836
t 0.865651 0.481978 0.135445
bt -0.0563657 -0.16088 0.985363
t 0.999978 0.000911407 -0.00659872
bt -0.0242851 -0.13676 0.990307
t 0.999981 0.00090041 -0.00607269
bt 0.00099929 -0.1466 0.989195
t 0.865596 -0.484085 -0.128087
bt 0.0224973 -0.239332 0.970677
t 0.867141 -0.478329 -0.138808
bt -0.0764894 -0.430243 0.899466
t 0.999946 -0.00458312 0.00932857
bt 0.0357645 -0.441004 0.896792
t 0.999999 0.000373505 -0.00157659
bt 0.00796712 -0.229589 0.973255
t 0.498684 -0.837601 -0.223021
bt 0.0158414 -0.237366 0.971291
t 0.502205 -0.832456 -0.234107
bt -0.159652 -0.379542 0.911295
t -0.00176033 -0.966199 -0.25779
bt 0.0194212 -0.246235 0.969016
t 0.00288279 -0.963002 -0.26948
bt -0.213446 -0.247848 0.944993
t -0.501279 -0.836004 -0.223194
bt 0.0178737 -0.256243 0.966447
t -0.497331 -0.834939 -0.235667
bt -0.192017 -0.142625 0.970972
t -0.866458 -0.482385 -0.128667
bt 0.0107613 -0.264306 0.964379
t -0.864415 -0.482418 -0.141631
bt -0.15035 -0.0790518 0.985467
t -1 -0.000119109 0.000434741
bt -0.0159155 -0.267363 0.963464
t -0.999923 0.000332376 -0.0124421
bt -0.0353215 -0.0269864 0.999012
t -0.866467 0.482073 0.129768
bt -0.0245474 -0.256572 0.966213
t -0.867256 0.483883 0.117152
bt 0.0752365 -0.0371381 0.996474
t -0.501297 0.835605 0.224648
bt -0.0258452 -0.242864 0.969716
t -0.501927 0.838404 0.212478
bt 0.16617 -0.0994088 0.981073
t -0.00180249 0.965666 0.25978
bt -0.0194431 -0.230785 0.972811
t -0.0019883 0.968783 0.247901
bt 0.21313 -0.197747 0.956803
t 0.498619 0.836949 0.225601
bt -0.00789936 -0.223966 0.974565
t 0.498349 0.840152 0.213992
bt 0.203198 -0.306165 0.93004
t 0.865558 0.483352 0.131071
bt 0.00508601 -0.22387 0.974606
t 0.865027 0.487206 0.119824
bt 0.13831 -0.395418 0.908028
t 0.999999 0.000373505 -0.00157659
bt 0.00796712 -0.229589 0.973255
t 0.999946 -0.00458312 0.00932857
bt 0.0357645 -0.441004 0.896792
t 0.871521 -0.465704 -0.15353
bt -0.177488 -0.520929 0.834944
t 0.999552 -0.0169825 0.0246343
bt 0 -0.56742 0.823429
t 0.511325 -0.822495 -0.249095
bt -0.306624 -0.394405 0.866271
t 0.0142998 -0.958127 -0.285987
bt -0.350721 -0.335998 0.874129
t -0.487305 -0.835549 -0.253754
bt -0.361657 -0.150676 0.920055
t -0.858679 -0.486433 -0.161411
bt -0.175315 0.0720734 0.981871
t -0.999455 -0.00387067 -0.0327753
bt 0 0.1173 0.993097
t -0.870813 0.481997 0.0967684
bt 0.175315 0.0720734 0.981871
t -0.507375 0.839873 0.192831
bt 0.304426 -0.0520225 0.951114
t -0.00793789 0.973389 0.229021
bt 0.352736 -0.222612 0.908857
t 0.492918 0.847662 0.196217
bt 0.306559 -0.39438 0.866306
t 0.86134 0.497432 0.103219
bt 0.177488 -0.520929 0.834944
t 0.999552 -0.0169825 0.0246343
bt 0 -0.56742 0.823429
t 0.866121 -0.483555 -0.126524
bt 0.00695317 -0.200814 0.979605
t 0.999996 0.000603669 -0.00288947
bt -0.0118858 -0.205189 0.97865
t 0.500153 -0.837194 -0.221253
bt 0.0358163 -0.211873 0.976641
t 0.000107682 -0.966685 -0.25597
bt 0.055047 -0.235378 0.970344
t -0.499878 -0.83734 -0.221323
bt 0.0595532 -0.265053 0.962393
t -0.86596 -0.483823 -0.126606
bt 0.0481235 -0.292924 0.954924
t -0.999996 -0.000925065 0.00281657
bt 0.0237712 -0.311516 0.949943
t -0.866077 0.482107 0.132225
bt -0.00694842 -0.315883 0.948773
t -0.50016 0.835654 0.226984
bt -0.0357771 -0.304829 0.951735
t -0.000213621 0.96516 0.261661
bt -0.0550445 -0.281309 0.958037
t 0.49987 0.835823 0.227002
bt -0.0595904 -0.251647 0.965983
t 0.865916 0.48238 0.132283
bt -0.0481281 -0.22378 0.973451
t 0.999996 0.000603669 -0.00288947
bt -0.0118858 -0.205189 0.97865
t 0.86602 -0.482966 -0.129437
bt 1.88884e-05 -0.258787 0.965934
t 1 -4.68292e-06 5.11397e-06
bt 0 -0.258808 0.965929
t 0.500036 -0.836494 -0.224146
bt 1.68529e-05 -0.258811 0.965928
t 0 -0.965933 -0.258792
bt 0 -0.258818 0.965926
t -0.500036 -0.836491 -0.224159
bt -1.61895e-05 -0.25881 0.965928
t -0.866017 -0.482972 -0.129429
bt -1.96553e-05 -0.258787 0.965934
t -1 -2.03028e-06 -4.8028e-06
bt 0 -0.258808 0.965929
t -0.86602 0.482968 0.129428
bt 1.97509e-05 -0.258787 0.965934
t -0.500037 0.836495 0.224143
bt 1.6082e-05 -0.25881 0.965928
t 0 0.965925 0.258823
bt 0 -0.258818 0.965926
t 0.500036 0.836497 0.224137
bt -1.69554e-05 -0.258811 0.965928
t 0.866017 0.482971 0.129433
bt -1.88851e-05 -0.258787 0.965934
t 1 -4.68292e-06 5.11397e-06
bt 0 -0.258808 0.965929

