g sponza_129
t 0.340199 -0.940353 0
bt -0.942235 -0.334953 0
t 0.318968 -0.947766 0
bt -0.939618 -0.342225 0
t 0.339086 -0.940755 0
bt -0.942041 -0.335499 0
t 0.339362 -0.940656 0
bt -0.942092 -0.335354 0
t 0.337778 -0.941226 0
bt -0.941582 -0.336785 0
t 0.337943 -0.941167 0
bt -0.941905 -0.33588 0
t 0.339539 -0.940592 0
bt -0.941425 -0.337222 0
t 0.337909 -0.941179 0
bt -0.941752 -0.336309 0
t 0.33187 -0.943325 0
bt -0.942288 -0.334804 0
t 0.33187 -0.943325 0
bt -0.942288 -0.334804 0
t 0.334749 -0.942307 0
bt -0.941665 -0.336552 0
t 0.333549 -0.942733 0
bt -0.941788 -0.336207 0
t 0.335693 -0.941971 0
bt -0.94101 -0.338378 0
t 0.338346 -0.941022 0
bt -0.941295 -0.337584 0
t -0.00743858 0.0145503 0.999866
bt 0.455121 -0.890243 0.0182369
t -0.00838089 0.0163935 0.99983
bt 0.455156 -0.89031 0.0134337
t -0.000709312 0.0149803 0.999887
bt 0.0472885 -0.998708 0.0186152
t -0.000709312 0.0149803 0.999887
bt 0.0472885 -0.998708 0.0186152
t -0.0129012 0.0150091 0.999804
bt 0.651806 -0.758307 0.0109882
t -0.0129012 0.0150091 0.999804
bt 0.651806 -0.758307 0.0109882
t 0.0125777 -0.0108874 0.999862
bt -0.756001 0.654407 0.0146398
t 0.0106743 -0.016772 0.999802
bt -0.536866 0.843547 0.0142435
t 0.00956886 -0.015035 0.999841
bt -0.536866 0.843547 0.014243
t 0.0125779 -0.0108876 0.999862
bt -0.756001 0.654407 0.0146399
t 0.00617255 0.0156448 0.999859
bt -0.366982 -0.930147 0.0122746
t 0.00617208 0.0156436 0.999859
bt -0.366982 -0.930147 0.0122747
t 0.0132399 0.01051 0.999857
bt -0.783169 -0.621686 0.0123395
t 0.0132399 0.01051 0.999857
bt -0.783169 -0.621686 0.0123395
t 0.00787237 0.0149798 0.999857
bt -0.465155 -0.885114 0.0143264
t 0.00887194 0.0168819 0.999818
bt -0.465155 -0.885114 0.0143264
t 0.00787237 0.0149798 0.999857
bt -0.465155 -0.885114 0.0143264
t 0.00787237 0.0149798 0.999857
bt -0.465155 -0.885114 0.0143264
t 0.0168768 -0.00941339 0.999813
bt -0.873275 0.487086 0.011783
t 0.0149346 -0.00833008 0.999854
bt -0.873275 0.487086 0.0117828
t 0.0168768 -0.00941339 0.999813
bt -0.873275 0.487086 0.011783
t 0.0168768 -0.00941339 0.999813
bt -0.873275 0.487086 0.011783
t -0.987737 0.15613 0
bt -0.176907 -0.984228 0
t -0.987778 0.155865 0
bt -0.149504 -0.988761 0
t -0.987774 0.155893 0
bt -0.168184 -0.985756 0
t -0.987737 0.15613 0
bt -0.176907 -0.984228 0
t -0.987935 0.15487 0
bt -0.15803 -0.987434 0
t -0.987744 0.156082 0
bt -0.155628 -0.987816 0
t -0.987878 0.155229 0
bt -0.156572 -0.987666 0
t -0.987876 0.155245 0
bt -0.156845 -0.987623 0
t -0.987746 0.156072 0
bt -0.152728 -0.988268 0
t -0.987746 0.156072 0
bt -0.152728 -0.988268 0
t -0.987756 0.156005 0
bt -0.152205 -0.988349 0
t -0.987791 0.155787 0
bt -0.154183 -0.988042 0
t -0.98767 0.156553 0
bt -0.154306 -0.988023 0
t -0.98767 0.156553 0
bt -0.154306 -0.988023 0
t 0.016608 0.00321231 0.999857
bt -0.981616 -0.189864 0.0195405
t 0.0148577 -0.00318973 0.999885
bt -0.97766 0.209888 0.0112699
t 0.0159541 -0.00342509 0.999867
bt -0.977565 0.209868 0.017928
t 0.0159978 0.00309429 0.999867
bt -0.981654 -0.189871 0.0174325

