g sponza_163
t 1 0 0
bt 0 0 -1
t 1 0 0
bt 0 0 -1
t 1 0 0
bt 0 0 -1
t 1 0 0
bt 0 0 -1
t 1 0 0
bt 0 0 1
t 1 0 0
bt 0 0 1
t 1 0 0
bt 0 0 1
t 1 0 0
bt 0 0 1
t 0 0 1
bt 0 -0.999987 -0.0050592
t 0 0.00136759 0.999999
bt 0 -0.999997 -0.00246452
t 0 -0.000175931 1
bt 0 -0.999994 -0.00337281
t 1 0 0
bt 0 -0.664233 -0.747525
t 1 0 0
bt 0 -0.664233 -0.747525
t 1 0 0
bt 0 -0.8527 -0.5224
t 1 0 0
bt 0 -0.8527 -0.5224
t 0 0 -1
bt 0 -0.999987 -0.00506214
t 0 0.000175891 -1
bt 0 -0.999994 -0.00337477
t 0 -0.00123583 -0.999999
bt 0 -0.999997 -0.00253108
t 0 0 1
bt 0 -1 0.000260353
t 0 0.00182346 0.999998
bt 0 -1 0.000173569
t 1 0 0
bt 0 -1 0
t 1 0 0
bt 0 -1 0
t 1 0 0
bt 0 -1 0
t 1 0 0
bt 0 -1 0
t 0 0.000527672 -1
bt 0 -1 0
t 0 -0.00182366 -0.999998
bt 0 -1 0.000173807
t 0 0.00547036 0.999985
bt 0 -1 0
t 1 0 0
bt 0 -0.418506 -0.908214
t 1 0 0
bt 0 -0.418506 -0.908214
t 0 -0.00547096 -0.999985
bt 0 -1 0

