g sponza_266
t 1 -1.01004e-06 8.59937e-06
bt 0 -0.258808 -0.965929
t 0.86602 -0.482976 0.129399
bt 1.85886e-05 -0.258787 -0.965934
t 0.866021 -0.482965 0.129432
bt 1.81067e-05 -0.258787 -0.965935
t 1 -3.65587e-06 6.97166e-06
bt 0 -0.258808 -0.965929
t 0.500037 -0.836507 0.224098
bt 1.65581e-05 -0.25881 -0.965928
t 0.500037 -0.836494 0.224146
bt 1.58087e-05 -0.258809 -0.965928
t 0 -0.965916 0.258855
bt 0 -0.258818 -0.965926
t 0 -0.965935 0.258785
bt 0 -0.25882 -0.965926
t -0.500036 -0.836492 0.224154
bt -1.58057e-05 -0.258809 -0.965928
t -0.500035 -0.836489 0.224166
bt -1.57247e-05 -0.258809 -0.965928
t -0.866017 -0.482985 0.129379
bt -1.93645e-05 -0.258787 -0.965934
t -0.866017 -0.482968 0.12945
bt -1.86638e-05 -0.258787 -0.965935
t -1 -5.0502e-06 -6.47854e-06
bt 0 -0.258808 -0.965929
t -1 -3.65587e-06 6.97166e-06
bt 0 -0.258808 -0.965929
t -0.86602 0.482975 -0.1294
bt 1.91126e-05 -0.258787 -0.965934
t -0.866021 0.482965 -0.129432
bt 1.97325e-05 -0.258787 -0.965934
t -0.500037 0.836503 -0.224112
bt 1.55506e-05 -0.258809 -0.965929
t -0.500037 0.836487 -0.224172
bt 1.64273e-05 -0.25881 -0.965928
t 0 0.965921 -0.258836
bt 0 -0.258819 -0.965926
t 0 0.965927 -0.258813
bt 0 -0.258817 -0.965926
t 0.500036 0.83649 -0.224164
bt -1.65498e-05 -0.25881 -0.965928
t 0.500035 0.836502 -0.224118
bt -1.62728e-05 -0.25881 -0.965928
t 0.866017 0.482985 -0.12938
bt -1.83367e-05 -0.258787 -0.965934
t 0.866017 0.482967 -0.129452
bt -1.91844e-05 -0.258787 -0.965934
t 1 -1.01004e-06 8.59937e-06
bt 0 -0.258808 -0.965929
t 1 -3.65587e-06 6.97166e-06
bt 0 -0.258808 -0.965929
t 1 -4.6268e-06 -4.89589e-06
bt 0 -0.258808 -0.965929
t 0.86602 -0.482978 0.129391
bt 1.93388e-05 -0.258787 -0.965934
t 0.86602 -0.482976 0.129399
bt 1.85886e-05 -0.258787 -0.965934
t 1 -1.01004e-06 8.59937e-06
bt 0 -0.258808 -0.965929
t 0.500037 -0.836499 0.224127
bt 1.58344e-05 -0.258809 -0.965928
t 0.500037 -0.836507 0.224098
bt 1.65581e-05 -0.25881 -0.965928
t 0 -0.965922 0.258834
bt 0 -0.258819 -0.965926
t 0 -0.965916 0.258855
bt 0 -0.258818 -0.965926
t -0.500036 -0.836496 0.224139
bt -1.6144e-05 -0.25881 -0.965928
t -0.500036 -0.836492 0.224154
bt -1.58057e-05 -0.258809 -0.965928
t -0.866017 -0.482983 0.12939
bt -1.85555e-05 -0.258787 -0.965934
t -0.866017 -0.482985 0.129379
bt -1.93645e-05 -0.258787 -0.965934
t -1 -3.74429e-06 -1.60433e-06
bt 0 -0.258808 -0.965929
t -1 -5.0502e-06 -6.47854e-06
bt 0 -0.258808 -0.965929
t -0.86602 0.482979 -0.129386
bt 1.87342e-05 -0.258787 -0.965934
t -0.86602 0.482975 -0.1294
bt 1.91126e-05 -0.258787 -0.965934
t -0.500037 0.836498 -0.224131
bt 1.65171e-05 -0.25881 -0.965928
t -0.500037 0.836503 -0.224112
bt 1.55506e-05 -0.258809 -0.965929
t 0 0.965918 -0.258849
bt 0 -0.258819 -0.965926
t 0 0.965921 -0.258836
bt 0 -0.258819 -0.965926
t 0.500036 0.8365 -0.224125
bt -1.57104e-05 -0.258809 -0.965928
t 0.500036 0.83649 -0.224164
bt -1.65498e-05 -0.25881 -0.965928
t 0.866017 0.482982 -0.129394
bt -1.93879e-05 -0.258787 -0.965934
t 0.866017 0.482985 -0.12938
bt -1.83367e-05 -0.258787 -0.965934
t 1 -4.6268e-06 -4.89589e-06
bt 0 -0.258808 -0.965929
t 1 -1.01004e-06 8.59937e-06
bt 0 -0.258808 -0.965929
t 1 -8.80289e-06 -2.0429e-05
bt 0 -0.258808 -0.965929
t 0.86602 -0.482961 0.129453
bt 1.88367e-05 -0.258787 -0.965934
t 0.86602 -0.482978 0.129391
bt 1.93388e-05 -0.258787 -0.965934
t 1 -4.6268e-06 -4.89589e-06
bt 0 -0.258808 -0.965929
t 0.500036 -0.836503 0.224114
bt 1.67998e-05 -0.258811 -0.965928
t 0.500037 -0.836499 0.224127
bt 1.58344e-05 -0.258809 -0.965928
t 0 -0.965919 0.258845
bt 0 -0.258818 -0.965926
t 0 -0.965922 0.258834
bt 0 -0.258819 -0.965926
t -0.500036 -0.836509 0.224093
bt -1.60274e-05 -0.25881 -0.965928
t -0.500036 -0.836496 0.224139
bt -1.6144e-05 -0.25881 -0.965928
t -0.866017 -0.482973 0.129424
bt -1.96406e-05 -0.258787 -0.965934
t -0.866017 -0.482983 0.12939
bt -1.85555e-05 -0.258787 -0.965934
t -1 -9.0848e-07 8.98358e-06
bt 0 -0.258808 -0.965929
t -1 -3.74429e-06 -1.60433e-06
bt 0 -0.258808 -0.965929
t -0.86602 0.482971 -0.129416
bt 1.97427e-05 -0.258787 -0.965934
t -0.86602 0.482979 -0.129386
bt 1.87342e-05 -0.258787 -0.965934
t -0.500036 0.836496 -0.22414
bt 1.5928e-05 -0.258809 -0.965928
t -0.500037 0.836498 -0.224131
bt 1.65171e-05 -0.25881 -0.965928
t 0 0.965934 -0.258789
bt 0 -0.258818 -0.965926
t 0 0.965918 -0.258849
bt 0 -0.258819 -0.965926
t 0.500036 0.836492 -0.224156
bt -1.69457e-05 -0.258811 -0.965928
t 0.500036 0.8365 -0.224125
bt -1.57104e-05 -0.258809 -0.965928
t 0.866017 0.48298 -0.129401
bt -1.8834e-05 -0.258787 -0.965934
t 0.866017 0.482982 -0.129394
bt -1.93879e-05 -0.258787 -0.965934
t 1 -8.80289e-06 -2.0429e-05
bt 0 -0.258808 -0.965929
t 1 -4.6268e-06 -4.89589e-06
bt 0 -0.258808 -0.965929
t 0.866045 -0.482932 0.129395
bt -0.707027 0.683091 -0.183025
t 0.866045 -0.482932 0.129395
bt -0.707027 0.683091 -0.183025
t 0.93908 -0.331989 0.0889519
bt -0.765861 0.621098 -0.166415
t 0 0.965929 -0.258808
bt -1 0 0
t 0 0.965929 -0.258808
bt -1 0 0
t 0 0.965929 -0.258808
bt -1 0 0
t -0.964269 0.255899 -0.0685647
bt -0.252691 -0.934582 0.250409
t 2.94959e-09 0.965929 -0.258808
bt -0.258404 -0.933116 0.250043
t -0.866055 0.482915 -0.129391
bt 0 -0.965929 0.258808
t -0.866055 0.482915 -0.129391
bt 0 -0.965929 0.258808
t -1 0 0
bt 0.866023 -0.482969 0.129405
t -0.866023 0.482969 -0.129405
bt 0.707068 -0.683052 0.183015
t -0.985121 -0.166008 0.0444796
bt 0.964271 -0.25589 0.0685623
t -0.985121 -0.166008 0.0444796
bt 0.964271 -0.25589 0.0685623
t -0.866023 -0.482969 0.129405
bt 0.965934 0.249971 -0.0669763
t 0.258924 0.932995 -0.249957
bt -0.258946 0.932976 -0.250005
t 0.258924 0.932989 -0.249982
bt -0.258946 0.932983 -0.24998
t 0.258924 0.932989 -0.249982
bt -0.258946 0.932983 -0.24998
t -0.965979 -0.249808 0.0669327
bt -0.707027 -0.683091 0.183025
t -0.965979 -0.249808 0.0669327
bt -0.707027 -0.683091 0.183025
t 0.999981 0.000900369 0.00607241
bt 0.000999287 -0.1466 -0.989195
t 0.866357 -0.483947 0.123371
bt 0.0581004 -0.161848 -0.985104
t 0.866434 -0.483947 0.122833
bt 0.019955 -0.129228 -0.991414
t 0.999978 0.000913756 0.00661569
bt -0.0242851 -0.13676 -0.990307
t 0.500605 -0.837729 0.218187
bt 0.0996243 -0.202669 -0.974166
t 0.500726 -0.837789 0.217677
bt 0.0831674 -0.155912 -0.984263
t 0.00070242 -0.967496 0.252885
bt 0.114402 -0.258104 -0.95932
t 0.000866127 -0.967613 0.252438
bt 0.124089 -0.209562 -0.96989
t -0.499418 -0.838398 0.218337
bt 0.0986016 -0.313227 -0.944546
t -0.499299 -0.8386 0.217831
bt 0.131745 -0.275788 -0.952147
t -0.865664 -0.485104 0.123693
bt 0.0563458 -0.353327 -0.933801
t -0.865609 -0.485322 0.123219
bt 0.104122 -0.336834 -0.935789
t -0.999981 -0.00224906 -0.00570335
bt -0.000999295 -0.367678 -0.929953
t -0.999978 -0.00251055 -0.00617315
bt 0.0485988 -0.376353 -0.925201
t -0.866366 0.480782 -0.135127
bt -0.0580873 -0.352356 -0.934062
t -0.866435 0.480527 -0.135588
bt -0.0199487 -0.383772 -0.923212
t -0.500634 0.834572 -0.229902
bt -0.0996125 -0.311536 -0.944999
t -0.500732 0.834379 -0.230387
bt -0.0831454 -0.35709 -0.930362
t -0.000717985 0.96432 -0.264737
bt -0.114402 -0.256159 -0.959841
t -0.000776257 0.964197 -0.265188
bt -0.124094 -0.303462 -0.944728
t 0.499384 0.835261 -0.230117
bt -0.0986186 -0.200987 -0.974617
t 0.499294 0.83517 -0.230644
bt -0.131781 -0.23724 -0.962471
t 0.865651 0.481978 -0.135445
bt -0.0563657 -0.16088 -0.985363
t 0.865603 0.481905 -0.136011
bt -0.104137 -0.176172 -0.978836
t 0.999981 0.000900369 0.00607241
bt 0.000999287 -0.1466 -0.989195
t 0.999978 0.000913756 0.00661569
bt -0.0242851 -0.13676 -0.990307
t 0.999946 -0.00458819 -0.0093389
bt 0.035764 -0.441004 -0.896792
t 0.867144 -0.478316 0.138836
bt -0.0764889 -0.430244 -0.899466
t 0.865595 -0.484081 0.128102
bt 0.015607 -0.235491 -0.971751
t 0.999999 0.000373333 0.00157584
bt 0.00796723 -0.229589 -0.973255
t 0.502197 -0.832474 0.234063
bt -0.185562 -0.336483 -0.923226
t 0.498684 -0.8376 0.223028
bt 0.0118707 -0.230673 -0.972959
t 0.00288184 -0.963003 0.269476
bt -0.21313 -0.197747 -0.956803
t -0.0017598 -0.966206 0.257764
bt 0.0194328 -0.238519 -0.970943
t -0.49733 -0.834939 0.235669
bt -0.183986 -0.129206 -0.9744
t -0.50128 -0.836003 0.223199
bt 0.0218595 -0.249562 -0.968112
t -0.864413 -0.482417 0.141647
bt -0.136531 -0.0713376 -0.988064
t -0.866458 -0.482379 0.128687
bt 0.0107615 -0.264306 -0.964379
t -0.999922 0.000333034 0.0124668
bt -0.0353215 -0.0269864 -0.999012
t -1 -0.000127642 -0.000465474
bt -0.0159153 -0.267363 -0.963464
t -0.867252 0.483881 -0.117189
bt 0.0752367 -0.0371382 -0.996474
t -0.866467 0.482073 -0.129768
bt -0.024547 -0.256572 -0.966213
t -0.501927 0.838404 -0.212478
bt 0.166171 -0.0994092 -0.981073
t -0.501297 0.835605 -0.224647
bt -0.0258452 -0.242864 -0.969716
t -0.00199294 0.968789 -0.24788
bt 0.21313 -0.197747 -0.956803
t -0.00180229 0.965669 -0.25977
bt -0.0194431 -0.230785 -0.972811
t 0.498345 0.84016 -0.213972
bt 0.203198 -0.306165 -0.93004
t 0.49862 0.836954 -0.225582
bt -0.00790003 -0.223967 -0.974565
t 0.865028 0.487202 -0.119833
bt 0.138309 -0.395418 -0.908028
t 0.865558 0.483345 -0.1311
bt 0.00508572 -0.22387 -0.974606
t 0.999946 -0.00458819 -0.0093389
bt 0.035764 -0.441004 -0.896792
t 0.999999 0.000373333 0.00157584
bt 0.00796723 -0.229589 -0.973255
t 0.999553 -0.0169661 -0.0246106
bt 0 -0.56742 -0.823429
t 0.871521 -0.465701 0.153535
bt -0.177489 -0.520928 -0.834944
t 0.511348 -0.822459 0.249166
bt -0.306624 -0.394405 -0.866271
t 0.0142867 -0.958137 0.285953
bt -0.352736 -0.222611 -0.908857
t -0.487275 -0.83554 0.253842
bt -0.304434 -0.0520254 -0.951112
t -0.858719 -0.486423 0.161228
bt -0.175315 0.0720734 -0.981871
t -0.999456 -0.00386698 0.032744
bt 0 0.1173 -0.993097
t -0.870815 0.481996 -0.0967576
bt 0.175315 0.0720734 -0.981871
t -0.507437 0.839881 -0.192632
bt 0.304428 -0.0520248 -0.951114
t -0.00786975 0.973348 -0.229197
bt 0.352736 -0.222611 -0.908857
t 0.492855 0.847739 -0.196043
bt 0.306559 -0.39438 -0.866306
t 0.861379 0.49733 -0.103387
bt 0.177489 -0.520928 -0.834944
t 0.999553 -0.0169661 -0.0246106
bt 0 -0.56742 -0.823429
t 0.866121 -0.48355 0.126547
bt 0.00695308 -0.200814 -0.979605
t 0.999996 0.000603702 0.0028896
bt -0.0118858 -0.205189 -0.97865
t 0.500152 -0.837191 0.221266
bt 0.0358162 -0.211873 -0.976641
t 0.000109825 -0.966695 0.255932
bt 0.055047 -0.235378 -0.970344
t -0.499878 -0.837339 0.221325
bt 0.0595531 -0.265053 -0.962393
t -0.86596 -0.483823 0.126605
bt 0.0481233 -0.292924 -0.954924
t -0.999996 -0.000924959 -0.00281625
bt 0.0237716 -0.311516 -0.949943
t -0.866077 0.48211 -0.132214
bt -0.0069485 -0.315883 -0.948773
t -0.50016 0.835651 -0.226995
bt -0.0357784 -0.304827 -0.951736
t -0.000213682 0.965159 -0.261662
bt -0.0550445 -0.281309 -0.958037
t 0.49987 0.835823 -0.227001
bt -0.0595907 -0.251647 -0.965983
t 0.865916 0.482379 -0.132284
bt -0.048129 -0.223781 -0.97345
t 0.999996 0.000603702 0.0028896
bt -0.0118858 -0.205189 -0.97865
t 0.86602 -0.482961 0.129453
bt 1.88367e-05 -0.258787 -0.965934
t 1 -8.80289e-06 -2.0429e-05
bt 0 -0.258808 -0.965929
t 0.500036 -0.836503 0.224114
bt 1.67998e-05 -0.258811 -0.965928
t 0 -0.965919 0.258845
bt 0 -0.258818 -0.965926
t -0.500036 -0.836509 0.224093
bt -1.60274e-05 -0.25881 -0.965928
t -0.866017 -0.482973 0.129424
bt -1.96406e-05 -0.258787 -0.965934
t -1 -9.0848e-07 8.98358e-06
bt 0 -0.258808 -0.965929
t -0.86602 0.482971 -0.129416
bt 1.97427e-05 -0.258787 -0.965934
t -0.500036 0.836496 -0.22414
bt 1.5928e-05 -0.258809 -0.965928
t 0 0.965934 -0.258789
bt 0 -0.258818 -0.965926
t 0.500036 0.836492 -0.224156
bt -1.69457e-05 -0.258811 -0.965928
t 0.866017 0.48298 -0.129401
bt -1.8834e-05 -0.258787 -0.965934
t 1 -8.80289e-06 -2.0429e-05
bt 0 -0.258808 -0.965929

