g sponza_265
t 0.270215 0.00104976 -0.962799
bt 0.0468342 -0.800799 0.597099
t 0.269952 0.00172405 -0.962872
bt 0.0467316 -0.800549 0.597443
t 0.261992 0 -0.96507
bt -0.112894 -0.90241 0.415826
t 0.261992 0 -0.96507
bt -0.112894 -0.90241 0.415826
t 0.297429 0.00321299 -0.954738
bt 0.0238406 -0.508635 0.860652
t 0.297784 0.00253951 -0.95463
bt 0.0238624 -0.508664 0.860635
t 0.354011 0.00492168 -0.935228
bt 0.0099947 -0.366989 0.930172
t 0.354125 0.00479137 -0.935186
bt 0.00987446 -0.366885 0.930214
t 0.467768 0.00701609 -0.883824
bt 0.00431351 -0.301384 0.953493
t 0.467983 0.00685669 -0.883711
bt 0.00490432 -0.301693 0.953392
t 0.706881 0.00928494 -0.707272
bt 0.00154053 -0.270859 0.962618
t 0.706777 0.0093419 -0.707375
bt 0.000924981 -0.270706 0.962662
t 0.904216 0.111897 -0.412156
bt 0.000107225 -0.261992 0.96507
t 0.903456 0.112318 -0.413704
bt 0 -0.261992 0.96507
t 0.802138 0.0477182 0.595229
bt 0.000615173 -0.270324 0.962769
t 0.801938 0.0475859 0.595509
bt 0.00053983 -0.270342 0.962764
t 0.903974 -0.112031 0.41265
bt 0 -0.261992 0.96507
t 0.903974 -0.112031 0.41265
bt 0 -0.261992 0.96507
t 0.508648 0.0238506 0.860644
bt 0.00241514 -0.297849 0.95461
t 0.508677 0.023873 0.860626
bt 0.00254796 -0.297779 0.954631
t 0.36695 0.00994913 0.930188
bt 0.00494691 -0.353989 0.935236
t 0.366848 0.00983116 0.930229
bt 0.00482703 -0.354094 0.935197
t 0.301094 0.00376081 0.953587
bt 0.00703553 -0.467741 0.883837
t 0.301038 0.00365412 0.953605
bt 0.00685622 -0.467983 0.883711
t 0.27056 0.000336034 0.962703
bt 0.00969157 -0.706137 0.708009
t 0.270412 -0.000261204 0.962745
bt 0.00975479 -0.706021 0.708124
t 0.261992 -0.00100157 0.96507
bt 0.112724 -0.902719 0.415201
t 0.261992 0 0.96507
bt 0.113236 -0.901785 0.417086
t 0.270321 0.000624227 0.96277
bt 0.0468342 -0.800799 -0.597099
t 0.270249 0.000529523 0.96279
bt 0.0467281 -0.800543 -0.59745
t 0.261992 0 0.96507
bt -0.112894 -0.902409 -0.415828
t 0.261992 0 0.96507
bt -0.112894 -0.902409 -0.415828
t 0.297826 0.0024598 0.954617
bt 0.02384 -0.508634 -0.860653
t 0.29773 0.00264159 0.954646
bt 0.0238608 -0.508661 -0.860636
t 0.341065 0.0194952 0.939838
bt 0.024651 -0.379481 -0.924871
t 0.341224 0.0193151 0.939784
bt 0.0244783 -0.379333 -0.924936
t 0.467429 0.00726717 0.884001
bt 0.00381976 -0.301125 -0.953577
t 0.466518 0.00794232 0.884476
bt 0.0037132 -0.301069 -0.953595
t 0.379567 -0.0247523 0.924833
bt -0.0193281 -0.341213 -0.939787
t 0.379567 -0.0247523 0.924833
bt -0.0193281 -0.341213 -0.939787
t 0.704664 0.010495 0.709464
bt 0.00084184 -0.270685 -0.962667
t 0.704531 0.0105672 0.709594
bt 0.000990589 -0.270722 -0.962657
t 0.901858 0.113196 0.416939
bt 0.000179397 -0.261992 -0.96507
t 0.903467 0.112312 0.413682
bt 0 -0.261992 -0.96507
t 0.800392 0.0465661 -0.597665
bt 0.000635318 -0.270319 -0.962771
t 0.800808 0.04684 -0.597087
bt 0.000549865 -0.27034 -0.962765
t 0.902417 -0.11289 -0.415811
bt 0 -0.261992 -0.96507
t 0.902417 -0.11289 -0.415811
bt 0 -0.261992 -0.96507
t 0.507233 0.0227625 -0.861508
bt 0.00237472 -0.297871 -0.954603
t 0.507262 0.0227852 -0.86149
bt 0.00256419 -0.297771 -0.954634
t 0.366414 0.00933025 -0.930405
bt 0.00480521 -0.354113 -0.93519
t 0.366811 0.00978934 -0.930244
bt 0.00462768 -0.354268 -0.935132
t 0.301082 0.00373831 -0.953591
bt 0.00701867 -0.467764 -0.883825
t 0.30104 0.00365728 -0.953605
bt 0.00686355 -0.467973 -0.883716
t 0.270657 0.000727682 -0.962676
bt 0.00969606 -0.706129 -0.708017
t 0.270704 0.000918326 -0.962662
bt 0.00976748 -0.705998 -0.708147
t 0.261992 0.000154878 -0.96507
bt 0.11273 -0.902708 -0.415223
t 0.261992 0 -0.96507
bt 0.113229 -0.901798 -0.417062
t 0.713018 0.00836074 -0.701095
bt -0.0548711 -0.951232 0.303555
t 0.34742 -0.00716425 -0.937682
bt 0.00196814 -0.81133 0.584585
t 0.38538 -0.0105299 -0.922698
bt 0.0311201 -0.614987 0.787923
t 0.744967 0.0225959 -0.666719
bt -0.0308986 -0.879954 0.474052
t 0.924444 0.00200302 -0.381311
bt 0.00639546 -0.973425 0.228916
t 0.908636 -0.00121282 -0.417587
bt -0.00810923 -0.992009 0.125905
t 0.903016 0 -0.429607
bt -0.00853941 -0.999955 0.00406334
t 0.701583 0 -0.712588
bt -0.00654573 -0.999956 0.00664783
t 0.801964 0.0294632 -0.596645
bt -0.039928 -0.798013 0.601316
t 0.467922 -0.0232764 -0.883463
bt 0.011696 -0.458847 0.888438
t 0.588711 -0.00756989 -0.808308
bt 0.0159495 -0.388021 0.921512
t 0.869495 0.055939 -0.490765
bt -0.0181065 -0.746176 0.665502
t 0.972189 0.00689133 -0.234098
bt 0.00146883 -0.924737 0.380605
t 0.948057 -0.00301104 -0.318085
bt -0.0031211 -0.947433 0.31994
t 0.964003 0.0127174 -0.265587
bt -0.0100899 -0.71278 0.701315
t 0.846426 -0.0308886 -0.53161
bt 0.00712613 -0.347411 0.937686
t 0.998676 0.0172566 -0.0484694
bt 0 -0.335391 0.942079
t 0.999317 0.0259212 -0.0263255
bt 0 -0.701587 0.712584
t 0.999962 0.00787366 -0.00374662
bt 0 -0.903016 0.429607
t 0.9929 -0.00779571 -0.118698
bt -0.00276066 -0.908447 0.417991
t 0.951663 -0.0536086 0.302431
bt 0.00954678 -0.712855 0.701247
t 0.80969 0.000691614 0.586857
bt -0.00722725 -0.347435 0.937676
t 0.613924 0.0301496 0.78879
bt -0.00912523 -0.384693 0.922999
t 0.879711 -0.0315064 0.474463
bt 0.0239406 -0.744601 0.66708
t 0.973367 0.00572352 0.229179
bt 9.41014e-05 -0.924606 0.380924
t 0.992128 -0.00625982 0.125069
bt -0.00130956 -0.90864 0.417577
t 0.79776 -0.0405884 0.601608
bt 0.0286315 -0.802274 0.59627
t 0.458267 0.0109607 0.888747
bt -0.0235784 -0.468157 0.883331
t 0.388095 0.0161022 0.921479
bt -0.00798194 -0.589179 0.807963
t 0.746272 -0.0177466 0.665404
bt 0.0550311 -0.86989 0.490167
t 0.924752 0.00165601 0.380566
bt 0.00560375 -0.972317 0.233598
t 0.947373 -0.00368399 0.32011
bt -0.00370066 -0.948125 0.317876
t 0.71283 -0.00972886 0.70127
bt 0.0127211 -0.964002 0.265591
t 0.347099 0.00578789 0.937811
bt -0.0311348 -0.846708 0.531147
t 0.335391 0 0.942079
bt 0.0167949 -0.998746 0.0471725
t 0.701587 0 0.712584
bt 0.0259075 -0.999318 0.0263115
t 0.903016 0 0.429608
bt 0.00786946 -0.999962 0.00374462
t 0.908595 0.00033534 0.417678
bt -0.00782876 -0.992901 0.118683
t 0.713015 0.00838503 0.701099
bt -0.0536016 -0.951665 -0.302424
t 0.347411 -0.00712265 0.937686
bt 0.000939425 -0.810009 -0.586416
t 0.385344 -0.0104563 0.922714
bt 0.030293 -0.614081 -0.788662
t 0.744962 0.0226161 0.666724
bt -0.0308489 -0.879974 -0.474019
t 0.924458 0.001841 0.381279
bt 0.00630583 -0.973417 -0.228951
t 0.908633 -0.00114606 0.417594
bt -0.00624177 -0.99213 -0.125061
t 0.802801 0.027206 0.595626
bt -0.0406569 -0.797733 -0.601638
t 0.467902 -0.0232506 0.883475
bt 0.0107051 -0.458066 -0.888854
t 0.590197 -0.0088796 0.80721
bt 0.0149626 -0.387541 -0.921731
t 0.870299 0.0540874 0.489545
bt -0.0189547 -0.745949 -0.665733
t 0.972255 0.00622842 0.233841
bt 0.00382748 -0.924928 -0.380122
t 0.948191 -0.00437801 0.31767
bt -0.00435503 -0.947302 -0.320312
t 0.963934 0.0129784 0.265825
bt -0.0101301 -0.712774 -0.701321
t 0.846414 -0.0308781 0.53163
bt 0.00616694 -0.347187 -0.937776
t 0.998676 0.0172533 0.04846
bt 0 -0.335391 -0.942079
t 0.999317 0.0259285 0.0263329
bt 0 -0.701587 -0.712584
t 0.999962 0.00790559 0.00376181
bt 0 -0.903016 -0.429607
t 0.992855 -0.00685352 0.119126
bt 0.000463031 -0.908601 -0.417665
t 0.951616 -0.0537462 -0.302553
bt 0.00889978 -0.712944 -0.701164
t 0.809703 0.000701215 -0.58684
bt -0.00857818 -0.34775 -0.937548
t 0.614819 0.0309661 -0.78806
bt -0.0101883 -0.385213 -0.922771
t 0.880154 -0.0303979 -0.473713
bt 0.0230969 -0.744831 -0.666853
t 0.973307 0.00502758 -0.229452
bt 0.00255871 -0.924397 -0.381424
t 0.992002 -0.00821703 -0.125953
bt 0.00162297 -0.908503 -0.417875
t 0.798318 -0.0392628 -0.600955
bt 0.0284738 -0.80233 -0.596201
t 0.45826 0.0109516 -0.888751
bt -0.0238827 -0.468394 -0.883197
t 0.388091 0.0160922 -0.921481
bt -0.00836925 -0.589618 -0.807639
t 0.746282 -0.0177108 -0.665394
bt 0.0550383 -0.869887 -0.490171
t 0.924764 0.0018029 -0.380536
bt 0.00558646 -0.972319 -0.233592
t 0.947442 -0.00303182 -0.319913
bt -0.00429765 -0.948183 -0.317694
t 0.712833 -0.00970745 -0.701267
bt 0.0149329 -0.963413 -0.267604
t 0.347068 0.00565592 -0.937823
bt -0.032649 -0.848435 -0.528292
t 0.335391 0 -0.942079
bt 0.0181982 -0.998527 -0.051114
t 0.908582 4.99286e-05 -0.417707
bt -0.00814925 -0.992916 -0.118538
t 0.500177 0.0677621 -0.863268
bt -0.277911 -0.615454 0.737552
t 0.542304 0.0359783 -0.839411
bt -0.0635257 -0.707555 0.703797
t 0.502297 -9.35233e-06 -0.864695
bt -0.115433 -0.973236 0.198712
t 0.499419 0.0709859 -0.863448
bt -0.0529107 -0.876145 0.479136
t 0.602677 0.0505044 -0.796385
bt -0.0588216 -0.597244 0.7999
t 0.512497 0.254257 -0.820183
bt -0.125196 -0.501804 0.855873
t 0.876184 0.0528606 -0.47907
bt -0.0713043 -0.499344 0.863465
t 0.971979 0.118075 -0.203261
bt 0.00013131 -0.502297 0.864695
t 0.615339 0.162178 -0.771399
bt -0.141204 -0.493949 0.857949
t 0.612633 0.279675 -0.739231
bt -0.0691081 -0.499862 0.863344
t 0.841334 -0.0941405 0.532254
bt 0.0156024 -0.511617 0.859072
t 0.61549 -0.162031 0.771309
bt 0.139847 -0.494622 0.857783
t 0.890173 -0.228861 0.393974
bt 0 -0.5023 0.864693
t 0.597261 -0.0588695 0.799884
bt 0.0506186 -0.602598 0.796438
t 0.501777 -0.125252 0.855881
bt 0.254207 -0.512558 0.82016
t 0.511951 -0.254708 0.820384
bt 0.123627 -0.502564 0.855655
t 0.499346 -0.0712924 0.863464
bt 0.0492928 -0.878949 0.474362
t 0.502297 0.00013128 0.864695
bt 0.11648 -0.972741 0.200516
t 0.493909 -0.141285 0.857958
bt 0.162176 -0.615341 0.771398
t 0.500301 -0.0672287 0.863237
bt 0.279261 -0.613297 0.738837
t 0.500181 0.0677463 0.863267
bt -0.280533 -0.611256 -0.740046
t 0.542299 0.0359901 0.839414
bt -0.0655522 -0.705835 -0.705337
t 0.5023 0 0.864693
bt -0.228911 -0.890122 -0.39406
t 0.499394 0.0710915 0.863453
bt -0.047852 -0.880055 -0.472455
t 0.602683 0.0504955 0.796381
bt -0.0577094 -0.597975 -0.799435
t 0.689455 0.084437 0.71939
bt -0.0318459 -0.544046 -0.838451
t 0.876196 0.0528454 0.47905
bt -0.0712971 -0.499345 -0.863465
t 0.971926 0.118184 0.203449
bt 9.36348e-05 -0.502297 -0.864695
t 0.612657 0.27966 0.739217
bt -0.0674478 -0.50025 -0.86325
t 0.612877 -0.279522 -0.739086
bt 0.0679629 -0.50013 -0.863279
t 0.706417 -0.0648673 -0.704817
bt 0.0368004 -0.541956 -0.839601
t 0.890154 -0.228879 -0.394005
bt 0 -0.5023 -0.864693
t 0.876152 -0.0529012 -0.479123
bt 0.0726451 -0.499027 -0.863536
t 0.597239 -0.0589028 -0.799897
bt 0.0502753 -0.602821 -0.796291
t 0.501768 -0.125271 -0.855883
bt 0.252679 -0.514408 -0.819474
t 0.499345 -0.0712996 -0.863465
bt 0.05122 -0.87746 -0.476907
t 0.5023 0 -0.864693
bt 0.227581 -0.891472 -0.39177
t 0.493904 -0.141295 -0.85796
bt 0.161559 -0.615974 -0.771022
t 0.500297 -0.0672472 -0.863239
bt 0.279666 -0.612647 -0.739223
t 0.902634 -0.00424426 -0.430388
bt -0.00224466 -0.991777 0.127961
t 0.952703 -0.00960337 -0.303751
bt 0.00272786 -0.996423 0.0844624
t 0.961403 -0.00397667 -0.275114
bt 0.00558253 -0.986806 0.16181
t 0.920162 -0.00584316 -0.391493
bt 0.00331579 -0.971256 0.238014
t 0.896873 0.000255088 -0.442289
bt -0.00205445 -0.999997 0.00101283
t 0.949291 -4.43961e-05 -0.314398
bt -0.00122195 -0.999999 0.000404606
t 0.952691 -0.00885756 -0.303812
bt 0.0163342 -0.996651 0.0801266
t 0.902601 0.00352224 -0.430464
bt -0.00150514 -0.992004 -0.126201
t 0.952686 0.00856936 -0.303835
bt -0.0180593 -0.996665 -0.0795763
t 0.920116 0.00529095 -0.39161
bt -0.00338441 -0.971263 -0.237986
t 0.961403 0.00396413 -0.275116
bt -0.005261 -0.986793 -0.1619
t 0.952707 0.00982401 -0.303733
bt -0.00421813 -0.996458 -0.083989
t 0.944276 0.00243333 -0.329146
bt -0.00447461 -0.944491 -0.328508
t 0.973899 0.00435108 -0.226938
bt -0.00588209 -0.973971 -0.226596
t 0.970932 -1.43863e-05 -0.239356
bt -0.00509276 -0.920099 -0.391651
t 0.986704 0.00312129 -0.162499
bt -0.00565348 -0.961469 -0.274855
t 0.991776 -0.00225845 -0.127968
bt -0.00453586 -0.902648 -0.430357
t 0.996424 0.00277862 -0.0844463
bt -0.0117079 -0.952734 -0.30358
t 0.999997 -0.00205276 -0.001012
bt -0.000492128 -0.896873 -0.442289
t 0.999999 -0.00121133 -0.000401087
bt -3.66549e-05 -0.949291 -0.314398
t 0.99665 0.0162702 -0.080147
bt -0.0107006 -0.952719 -0.303664
t 0.992002 -0.00147676 0.126214
bt 0.00363644 -0.902606 -0.430452
t 0.996665 -0.0180599 0.0795761
bt 0.00900268 -0.952693 -0.303801
t 0.971262 -0.00337989 0.237988
bt 0.00358787 -0.919972 -0.391968
t 0.986793 -0.00525983 0.161901
bt 0.00376694 -0.961395 -0.275146
t 0.996458 -0.0042169 0.0839894
bt 0.00983908 -0.952707 -0.303732
t 0.944541 -0.00496398 0.328355
bt 0.00469135 -0.944513 -0.32844
t 0.973983 -0.00615007 0.226536
bt 0.00418387 -0.973892 -0.226975
t 0.920237 -0.00674724 0.391303
bt -1.23971e-05 -0.970932 -0.239355
t 0.961433 -0.00473235 0.274998
bt 0.00336649 -0.986714 -0.16243
t 0.90259 -0.00328917 0.430489
bt -0.00227813 -0.991775 -0.127977
t 0.952708 -0.00993953 0.303724
bt 0.00340725 -0.996439 -0.0842466
t 0.896873 0.00047909 0.442289
bt -0.00184902 -0.999998 -0.000911525
t 0.949291 0 0.314398
bt -0.00176538 -0.999998 -0.000584587
t 0.952682 -0.00835067 0.303853
bt 0.017729 -0.996663 -0.0796817
t 0.902609 0.00370094 0.430445
bt -0.00187755 -0.992025 0.126026
t 0.952693 0.00898621 0.303802
bt -0.0164474 -0.996652 0.0800905
t 0.920141 0.00559154 0.391546
bt -0.00295404 -0.971221 0.23816
t 0.961405 0.00401566 0.275108
bt -0.00582192 -0.986816 0.161743
t 0.952707 0.00985645 0.30373
bt -0.00193919 -0.996404 0.0847129
t 0.944338 0.00301959 0.328963
bt -0.00685596 -0.944736 0.327761
t 0.973912 0.00461816 0.226878
bt -0.00556697 -0.973957 0.226666
t 0.970886 -0.000470951 0.23954
bt -0.00524948 -0.920113 0.391618
t 0.986694 0.00288613 0.162565
bt -0.00458804 -0.961428 0.27502
t 0.991838 -0.00126452 0.127501
bt -0.00418564 -0.902632 0.430394
t 0.99644 0.0034338 0.0842382
bt -0.00954878 -0.952702 0.303755
t 0.999997 -0.00228867 0.00112832
bt 0.000308353 -0.896873 0.442289
t 0.999999 -0.00156406 0.000517912
bt -3.66561e-05 -0.949291 0.314398
t 0.996663 0.0177191 0.0796848
bt -0.00876473 -0.952689 0.30382
t 0.992027 -0.00191618 -0.126007
bt 0.00405574 -0.902626 0.430407
t 0.996663 -0.0177677 -0.0796694
bt 0.0104605 -0.952716 0.303683
t 0.9712 -0.00273506 -0.238248
bt 0.00428587 -0.920031 0.391821
t 0.986803 -0.0055154 -0.161828
bt 0.00404898 -0.961433 0.275008
t 0.996403 -0.00191359 -0.084721
bt 0.0115901 -0.952732 0.30359
t 0.944589 -0.00542215 -0.328211
bt 0.00266708 -0.944301 0.329073
t 0.973997 -0.00644226 -0.22647
bt 0.0040181 -0.973884 0.227012
t 0.243215 0.00038983 0.969972
bt 0.0491035 -0.774038 -0.631232
t 0.243344 -0.000120115 0.96994
bt 0.0476786 -0.771605 -0.634313
t 0.235611 0 0.971847
bt -0.11013 -0.884009 -0.454312
t 0.235611 0 0.971847
bt -0.11013 -0.884009 -0.454312
t 0.265612 0.00738781 0.964052
bt 0.0500276 -0.504582 -0.861913
t 0.268087 0.00273045 0.963391
bt 0.0218794 -0.466617 -0.884189
t 0.319782 0.00491345 0.947478
bt 0.0089998 -0.332217 -0.94316
t 0.319962 0.00471274 0.947419
bt 0.00895514 -0.332177 -0.943174
t 0.274332 -0.00890041 0.961594
bt -0.0347617 -0.386632 -0.921579
t 0.385432 0.0355859 0.92205
bt 0.00913821 -0.274459 -0.961555
t 0.427083 0.00654352 0.904189
bt 0.00425607 -0.271824 -0.962338
t 0.668923 0.00725662 0.743296
bt 0.00154626 -0.243703 -0.969849
t 0.669851 0.0067289 0.742465
bt 0.0013095 -0.243643 -0.969864
t 0.506493 -0.051469 0.860707
bt -0.00704573 -0.265796 -0.964004
t 0.88043 0.111721 0.460827
bt 0.000455392 -0.235589 -0.971853
t 0.881372 0.111308 0.459123
bt 0 -0.235589 -0.971853
t 0.771872 0.0477481 -0.633982
bt 0.000894484 -0.243088 -0.970004
t 0.772323 0.0480981 -0.633407
bt 0.00144782 -0.242948 -0.970038
t 0.880607 -0.111644 -0.460507
bt 0 -0.235589 -0.971853
t 0.880607 -0.111644 -0.460507
bt 0 -0.235589 -0.971853
t 0.507052 0.0518908 -0.860352
bt 0.00872757 -0.264891 -0.964239
t 0.507236 0.0520299 -0.860235
bt 0.00820534 -0.265172 -0.964166
t 0.331569 0.0082708 -0.943395
bt 0.00487239 -0.319819 -0.947466
t 0.331557 0.00825738 -0.943399
bt 0.0047666 -0.319914 -0.947435
t 0.38548 -0.035553 -0.922031
bt -0.00839529 -0.274063 -0.961675
t 0.38548 -0.035553 -0.922031
bt -0.00839529 -0.274063 -0.961675
t 0.274443 0.00910803 -0.96156
bt 0.0348895 -0.386446 -0.921652
t 0.271283 0.00324334 -0.962494
bt 0.00598167 -0.427876 -0.903818
t 0.243494 0.00071869 -0.969902
bt 0.00720416 -0.668886 -0.74333
t 0.243633 0.00127076 -0.969867
bt 0.00671645 -0.669876 -0.742443
t 0.265134 -0.00827596 -0.964176
bt -0.0514517 -0.50647 -0.860721
t 0.235611 0.00068708 -0.971847
bt 0.111716 -0.880417 -0.460852
t 0.235611 0 -0.971847
bt 0.111333 -0.881291 -0.459272
t 0.243208 0.00041836 -0.969974
bt 0.047824 -0.771854 0.633999
t 0.24329 9.42098e-05 -0.969954
bt 0.0480786 -0.772289 0.633449
t 0.235611 0 -0.971847
bt -0.111639 -0.880593 0.460534
t 0.235611 0 -0.971847
bt -0.111639 -0.880593 0.460534
t 0.265582 0.00744339 -0.96406
bt 0.0519232 -0.507095 0.860325
t 0.268054 0.00279038 -0.9634
bt 0.0231938 -0.468416 0.883204
t 0.320019 0.00464915 -0.9474
bt 0.00882682 -0.332063 0.943216
t 0.320223 0.00442197 -0.947332
bt 0.00878445 -0.332025 0.943229
t 0.274296 -0.00883172 -0.961605
bt -0.0347586 -0.386636 0.921577
t 0.386376 0.0349372 -0.921679
bt 0.0085283 -0.274134 0.961654
t 0.427134 0.00650717 -0.904165
bt 0.0028536 -0.271075 0.962554
t 0.667414 0.00799882 -0.744644
bt 0.000193242 -0.243362 0.969936
t 0.667974 0.00765333 -0.744146
bt -6.21012e-05 -0.243298 0.969952
t 0.504204 -0.0497432 -0.862151
bt -0.00835047 -0.265094 0.964186
t 0.880444 0.111715 -0.460803
bt -0.000760119 -0.235589 0.971853
t 0.881308 0.111336 -0.459239
bt 0 -0.235589 0.971853
t 0.771215 0.0473641 0.634811
bt 0.000413659 -0.243209 0.969974
t 0.771618 0.0476861 0.634296
bt 8.69939e-05 -0.243292 0.969953
t 0.880606 -0.111644 0.460509
bt 0 -0.235589 0.971853
t 0.880606 -0.111644 0.460509
bt 0 -0.235589 0.971853
t 0.504574 0.0500217 0.861918
bt 0.00746266 -0.265572 0.964062
t 0.504678 0.0501003 0.861853
bt 0.00694345 -0.265851 0.963989
t 0.332224 0.00900735 0.943158
bt 0.00382946 -0.320755 0.947154
t 0.332178 0.00895583 0.943174
bt 0.00480657 -0.319878 0.947447
t 0.386647 -0.0347508 0.921573
bt -0.0103036 -0.275079 0.961366
t 0.386647 -0.0347508 0.921573
bt -0.0103036 -0.275079 0.961366
t 0.274458 0.00913712 0.961556
bt 0.0349216 -0.386399 0.92167
t 0.271254 0.0031894 0.962502
bt 0.00648545 -0.427165 0.90415
t 0.243459 0.000576872 0.969911
bt 0.00685035 -0.669604 0.742687
t 0.243597 0.00112755 0.969876
bt 0.00658308 -0.670146 0.7422
t 0.265094 -0.0083496 0.964186
bt -0.0497978 -0.504277 0.862105
t 0.235611 0.000424799 0.971847
bt 0.109725 -0.884916 0.452641
t 0.235611 0 0.971847
bt 0.111875 -0.880053 0.46151
t 0.997462 0 0.0711973
bt -0.000225291 -1 -1.58344e-05
t 0.997629 0.000438772 0.068817
bt -0.00011268 -0.99983 -0.018451
t 1 1.01794e-08 0
bt 7.1255e-07 -1 0
t 0.998091 0.000749661 0.0617632
bt -0.000243485 -0.999363 -0.0356818
t 0.998724 0.000579901 0.050491
bt 0.000182215 -0.998726 -0.0504529
t 0.999361 0.00105064 0.0357312
bt -0.000579506 -0.998091 -0.0617574
t 0.999831 -0.0011272 0.018365
bt 0.000286403 -0.99763 -0.0688038
t 1 0.000235653 1.65815e-05
bt 0 -0.997462 -0.0711973
t 0.999831 0.000854405 -0.0183843
bt -0.000120935 -0.99763 -0.0688067
t 0.999365 0.000737822 -0.0356211
bt 0.000147325 -0.998092 -0.0617418
t 0.998722 -0.00129102 -0.0505272
bt 0.000662839 -0.998724 -0.0504952
t 0.998092 -5.98266e-05 -0.0617389
bt -0.000854171 -0.999365 -0.0356135
t 0.997628 -0.000833515 -0.0688243
bt -0.00112649 -0.999831 -0.0183651
t 0.997462 0 -0.0711973
bt 0.000242871 -1 -1.70892e-05
t 0.99763 0.000152192 -0.0688117
bt 0.000851781 -0.999831 0.0183845
t 0.998093 -9.32094e-05 -0.0617332
bt 0.00168992 -0.999366 0.0355623
t 0.998728 -0.000964348 -0.0504131
bt 9.2244e-05 -0.998726 0.0504575
t 0.999364 3.83136e-05 -0.0356687
bt -0.000532526 -0.998091 0.0617557
t 0.999828 0.000886118 -0.0185038
bt 0.000286236 -0.99763 0.0688038
t 1 0.000263611 -1.85751e-05
bt 0 -0.997462 0.0711973
t 0.99983 -0.000194085 0.0184566
bt -0.000121067 -0.99763 0.0688067
t 0.999363 -0.00024636 0.035682
bt 0.00016858 -0.998092 0.0617425
t 0.998728 0.00098571 0.0504124
bt 0.00064982 -0.998724 0.0504945
t 0.998094 0.000765001 0.0617096
bt 3.75732e-05 -0.999364 0.0356686
t 0.997629 -0.000260006 0.0688138
bt 0.000847369 -0.999829 0.0185012
t 0.917666 0.00246823 -0.397345
bt 0.0010057 -0.97034 0.241743
t 0.900763 -0.00206526 -0.434306
bt -0.00634646 -0.99134 0.131163
t 0.887664 -0.00272485 -0.460484
bt -0.0114401 -0.989574 0.143569
t 0.906432 0.00210596 -0.422346
bt 0.00344495 -0.966166 0.257898
t 0.894687 0 -0.446693
bt 0.00589331 -0.999978 -0.00294196
t 0.900561 -0.00193424 -0.434726
bt -0.00402871 -0.991977 -0.12635
t 0.887317 -0.00157007 -0.461156
bt -0.00801689 -0.990978 -0.133786
t 0.880901 0 -0.473301
bt 0.0104611 -0.999929 -0.00562069
t 0.917929 0.000800889 -0.396745
bt 0.007004 -0.969473 -0.245098
t 0.942813 -0.000820738 -0.33332
bt -0.00120199 -0.943037 -0.332685
t 0.934332 -0.00288728 -0.356393
bt -0.00108435 -0.934838 -0.355074
t 0.906807 0.00210186 -0.42154
bt 0.0111169 -0.964367 -0.264333
t 0.970588 0.00377547 -0.240717
bt 0.00141349 -0.917727 -0.39721
t 0.991453 -0.00469308 -0.13038
bt 0.00144983 -0.900586 -0.434675
t 0.989847 -0.00796746 -0.141915
bt 0.000623939 -0.887435 -0.460933
t 0.966636 0.00802472 -0.25603
bt 0.00208894 -0.906376 -0.422467
t 0.999982 0.00540177 0.00269654
bt -3.64624e-05 -0.894687 -0.446693
t 0.992062 -0.00530415 0.125634
bt -0.0017405 -0.900571 -0.434706
t 0.991102 -0.0100684 0.132726
bt -0.00159754 -0.887379 -0.461038
t 0.99994 0.00965705 0.00518753
bt 0 -0.880859 -0.473378
t 0.969838 0.00385758 0.243721
bt 0.000322504 -0.917923 -0.396759
t 0.943292 -0.00355052 0.331945
bt -0.00422773 -0.942426 -0.334387
t 0.935601 -0.00724418 0.352984
bt -0.00483635 -0.934092 -0.357
t 0.965038 0.00588069 0.262044
bt 0.0024283 -0.906897 -0.421345
t 0.917749 0.00156944 0.397157
bt 0.00384105 -0.97062 -0.240587
t 0.900591 0.0013539 0.434665
bt -0.00689056 -0.991303 -0.131421
t 0.88743 0.00070508 0.460941
bt -0.00899207 -0.989779 -0.142326
t 0.906402 0.00238946 0.422409
bt 0.00819447 -0.966688 -0.255828
t 0.894687 0 0.446693
bt 0.00621828 -0.999976 0.0031042
t 0.900731 0.00142303 0.434375
bt -0.00415225 -0.991998 0.126182
t 0.887548 0.00137102 0.460713
bt -0.0078985 -0.990972 0.133835
t 0.880901 0 0.473301
bt 0.0105105 -0.999929 0.00564728
t 0.917872 0.000175882 0.396877
bt 0.00484475 -0.969707 0.244223
t 0.942482 -0.00374507 0.334236
bt -0.00109411 -0.943025 0.332719
t 0.934076 -0.00485087 0.357042
bt -0.00473837 -0.935288 0.353855
t 0.906811 0.00214379 0.421531
bt 0.006387 -0.964967 0.262293
t 0.970629 0.0039332 0.24055
bt 0.00242255 -0.91767 0.397336
t 0.991439 -0.00468863 0.130487
bt 0.000600358 -0.90063 0.434587
t 0.989844 -0.00797253 0.141936
bt 0.000105295 -0.887402 0.460996
t 0.96668 0.00838041 0.25585
bt 0.00209502 -0.906433 0.422344
t 0.999982 0.00541625 -0.00270378
bt -3.64639e-05 -0.894687 0.446693
t 0.99204 -0.00515063 -0.125817
bt -0.0019328 -0.900561 0.434726
t 0.991101 -0.0100757 -0.132734
bt -0.00136532 -0.887329 0.461134
t 0.99994 0.00965849 -0.00518831
bt 0 -0.880859 0.473378
t 0.969799 0.00398437 -0.243873
bt 0.000467629 -0.917898 0.396815
t 0.943058 -0.00138772 -0.332627
bt -0.00557869 -0.94227 0.334809
t 0.935299 -0.00472205 -0.353828
bt -0.00476693 -0.934101 0.356977
t 0.965019 0.00603985 -0.262112
bt 0.00261616 -0.906876 0.421389
t 0.99532 0.0251789 -0.0933007
bt -0.00771924 -0.952281 0.305125
t 0.99653 0.00768524 0.0828852
bt 0.00735016 -0.952292 0.3051
t 0.952271 -0.00801853 0.305147
bt 0.0242303 -0.995371 0.0930018
t 0.952205 0.00998811 0.305298
bt 0.00660938 -0.996509 -0.0832273
t 0.995237 0.0266569 0.0937662
bt -0.00575832 -0.952343 -0.304976
t 0.99653 0.00773606 -0.082869
bt 0.00989685 -0.952208 -0.305291
t 0.952281 -0.00771237 -0.305124
bt 0.0266567 -0.995237 -0.0937661
t 0.952215 0.00967701 -0.305274
bt 0.00773688 -0.99653 0.0828687
t 0.952216 -0.00966131 -0.305273
bt -0.00793039 -0.996534 -0.0828072
t 0.99529 -0.0257224 -0.0934719
bt 0.00611014 -0.952332 -0.305003
t 0.996534 -0.00793207 0.0828066
bt -0.00975248 -0.952213 -0.30528
t 0.952334 0.00602659 0.304997
bt -0.0254532 -0.995304 -0.0933871
t 0.952216 -0.00965976 0.305273
bt -0.00638921 -0.996504 0.0832974
t 0.995305 -0.0254408 0.0933832
bt 0.00880605 -0.952246 0.305206
t 0.996533 -0.00786093 -0.0828293
bt -0.00974783 -0.952213 0.30528
t 0.952242 0.0089211 -0.305215
bt -0.0257337 -0.995289 0.0934754
t 0.526858 -0.0673364 -0.847282
bt 0.0299365 -0.930387 0.365354
t 0.525444 -0.058669 -0.848803
bt 0.133092 -0.968483 0.21054
t 0.815038 -0.0861762 -0.572963
bt 0.127923 -0.602407 0.787872
t 0.968553 -0.133434 -0.210002
bt 0.0591554 -0.525524 0.84872
t 0.930498 -0.0301466 -0.365053
bt 0.0644056 -0.526385 0.847803
t 0.86134 -0.178069 -0.475798
bt 0.0958129 -0.592096 0.800152
t 0.861888 0.179382 0.474312
bt -0.0981717 -0.592877 0.799287
t 0.602425 0.127981 0.787849
bt -0.0882442 -0.816248 0.570922
t 0.815372 0.0867462 0.572401
bt -0.128333 -0.602533 0.787708
t 0.525524 0.0591553 0.84872
bt -0.13435 -0.968738 0.208559
t 0.527123 0.0689986 0.846983
bt -0.0290055 -0.929893 0.366684
t 0.593451 0.0999115 0.798645
bt -0.176667 -0.860753 0.477382
t 0.526838 -0.067215 0.847304
bt 0.0287089 -0.929736 -0.367107
t 0.525442 -0.0586572 0.848805
bt 0.134534 -0.968775 -0.208269
t 0.968455 -0.132958 0.210752
bt 0.0590161 -0.525501 -0.848744
t 0.930482 -0.0301148 0.365099
bt 0.0644262 -0.526389 -0.8478
t 0.930387 0.0299358 -0.365355
bt -0.0669231 -0.526791 -0.847356
t 0.968485 0.133101 -0.210527
bt -0.0586454 -0.52544 -0.848807
t 0.602406 0.127922 -0.787872
bt -0.0861493 -0.815022 -0.57299
t 0.525436 0.0586202 -0.848812
bt -0.132953 -0.968454 -0.210759
t 0.527129 0.069034 -0.846977
bt -0.0301251 -0.930487 -0.365084
t 0.593462 0.0999466 -0.798632
bt -0.178036 -0.861327 -0.475836

