g sponza_235
t -0.0443393 0.604982 0.795004
bt 0.992211 0.03028 -0.12083
t 0.136989 0.614085 0.77726
bt 0.992017 0.0311001 -0.122212
t -0.181963 0.612017 0.769626
bt 0.997565 -0.0090034 0.0691556
t -0.13706 0.614071 0.777259
bt 0.99776 -0.00702254 0.0665317
t 0.230831 0.603832 0.762957
bt 0.88339 0.0284299 -0.467775
t 0.394647 0.614035 0.683531
bt 0.883391 0.0284313 -0.467774
t 0.47791 0.603836 0.637953
bt 0.67011 0.0284643 -0.741716
t 0.604672 0.614038 0.507276
bt 0.67011 0.0284643 -0.741716
t 0.670354 0.600045 0.436544
bt 0.350163 0.0361039 -0.935993
t 0.74166 0.614076 0.269908
bt 0.352651 0.0325388 -0.935189
t 0.777538 0.613718 0.137057
bt 0.0413362 0.0152126 -0.99903
t 0.762615 0.605951 0.226365
bt 0.0474722 0.0109102 -0.998813
t -0.769097 0.612556 -0.182385
bt 0.265263 0.0332946 -0.963601
t -0.74166 0.614076 -0.269909
bt 0.269555 0.0355033 -0.96233
t -0.776755 0.614712 -0.13704
bt 0.0457521 -0.00955424 -0.998907
t -0.784887 0.617922 -0.0460942
bt 0.040896 -0.0148662 -0.999053
t -0.711294 0.603829 -0.359793
bt 0.614078 0.0284465 -0.788733
t -0.604672 0.614038 -0.507276
bt 0.614075 0.0284487 -0.788734
t -0.545352 0.60382 -0.581371
bt 0.846815 0.0284824 -0.531124
t -0.394647 0.614035 -0.683531
bt 0.846815 0.0284824 -0.531124
t -0.313569 0.60249 -0.733948
bt 0.9795 0.0313135 -0.198996
t -0.136989 0.614085 -0.77726
bt 0.97936 0.0301199 -0.199869
t 0.137065 0.614071 -0.777258
bt 0.99776 0.00702254 0.0665317
t -0.0456215 0.612742 -0.788965
bt 0.997635 0.00990022 0.0680119
t -0.00234262 0.998931 0.0461683
bt 0.987107 0.0028677 -0.160034
t 0.00782482 0.998982 0.044418
bt 0.987075 0.00286057 -0.160233
t -0.0103905 0.998981 0.0439198
bt 0.99695 -0.000750729 0.0780423
t -0.0078498 0.998982 0.0444236
bt 0.996989 -0.000747316 0.0775439
t 0.0136294 0.998929 0.0442073
bt 0.866069 0.00264945 -0.499917
t 0.0225383 0.998982 0.0390663
bt 0.866069 0.0026492 -0.499917
t 0.027926 0.99893 0.036879
bt 0.64284 0.00265046 -0.765996
t 0.0345397 0.998982 0.029
bt 0.64284 0.00265036 -0.765996
t 0.0426936 0.998967 0.0155254
bt 0.308156 0.0032475 -0.95133
t 0.0392475 0.998913 0.0251559
bt 0.308844 0.00319205 -0.951107
t 0.0444111 0.998983 0.00783154
bt 0.025775 0.00115216 -0.999667
t 0.044164 0.998941 0.0129256
bt 0.0268732 0.00113618 -0.999638
t -0.0199431 0.993433 -0.112661
bt 0.987199 -0.0071913 -0.15933
t 0.0198209 0.993443 -0.112595
bt 0.996999 0.00188071 0.0773896
t -0.00654847 0.993396 -0.114547
bt 0.996945 0.00196795 0.0780816
t -0.0327616 0.993329 -0.11056
bt 0.987151 -0.00722618 -0.159627
t -0.0572278 0.993434 -0.0990629
bt 0.866391 -0.0066793 -0.499322
t -0.0684963 0.99335 -0.0925455
bt 0.866391 -0.00667936 -0.499322
t -0.0875339 0.993446 -0.0735007
bt 0.643388 -0.00666992 -0.765511
t -0.0958984 0.993362 -0.063518
bt 0.643388 -0.00666985 -0.765511
t -0.109605 0.993431 -0.0328795
bt 0.308915 -0.00811661 -0.951055
t -0.107356 0.993449 -0.0391593
bt 0.3099 -0.00799748 -0.950736
t -0.112862 0.993589 -0.00661993
bt 0.0277937 -0.00278244 -0.99961
t -0.112605 0.993442 -0.0198369
bt 0.0260994 -0.00296913 -0.999655
t -0.146099 0.59128 -0.793123
bt -0.912164 0.0846094 0.400996
t -0.394553 0.614084 -0.683542
bt -0.912163 0.0846076 0.400998
t -0.13702 0.614362 -0.777036
bt -0.973054 -0.0250117 0.229218
t -0.137069 0.614045 -0.777278
bt -0.954548 -0.0705979 0.289574
t -0.4778 0.603874 -0.638
bt -0.67011 0.0284608 0.741716
t -0.604533 0.614086 -0.507384
bt -0.670111 0.0284611 0.741715
t -0.394553 0.614084 -0.683542
bt -0.803373 -0.0846566 0.589428
t -0.394553 0.614084 -0.683542
bt -0.803373 -0.0846566 0.589428
t -0.69744 0.609945 -0.376223
bt -0.376014 0.0284606 0.926177
t -0.741702 0.61402 -0.269923
bt -0.376017 0.0284632 0.926175
t -0.782547 0.618883 -0.0678602
bt -0.153228 0.0262054 0.987843
t -0.782899 0.618432 -0.067903
bt -0.154032 0.0252036 0.987744
t 0.711235 0.603885 0.359816
bt -0.614074 0.0284461 0.788735
t 0.604533 0.614086 0.507384
bt -0.614078 0.0284431 0.788733
t 0.741702 0.61402 0.269923
bt -0.376014 -0.0284602 0.926177
t 0.763332 0.612584 0.205098
bt -0.376014 -0.0284607 0.926177
t 0.613768 0.591279 0.523143
bt -0.803373 0.0846565 0.589428
t 0.394553 0.614084 0.683542
bt -0.803374 0.0846561 0.589427
t 0.313427 0.606419 0.730766
bt -0.972739 0.0229521 0.230765
t 0.137019 0.614362 0.777036
bt -0.973053 0.025013 0.229219
t 0.394553 0.614084 0.683542
bt -0.912164 -0.0846094 0.400996
t 0.394553 0.614084 0.683542
bt -0.912164 -0.0846094 0.400996
t 0.0688408 0.614114 0.786209
bt -0.999155 0.0182414 -0.0368332
t -0.0679852 0.618401 0.782917
bt -0.999067 0.0189944 -0.0387805
t -0.0136364 0.99893 -0.0442032
bt -0.866069 0.0026495 0.499917
t -0.0225539 0.998982 -0.0390573
bt -0.866069 0.00264931 0.499917
t -0.00783061 0.998982 -0.0444293
bt -0.979836 -0.00224323 0.19979
t -0.0373223 0.996841 -0.0701081
bt -0.985129 -0.00288422 0.171794
t -0.0279367 0.99893 -0.0368662
bt -0.64284 0.00265027 0.765996
t -0.0345547 0.998982 -0.0289821
bt -0.64284 0.00265037 0.765996
t -0.0423844 0.998982 -0.0154167
bt -0.34217 0.00264614 0.939634
t -0.0388619 0.99893 -0.0250863
bt -0.34217 0.00264597 0.939634
t -0.0444597 0.999004 -0.00385677
bt -0.121916 0.00233726 0.992538
t -0.0428332 0.998962 -0.0154776
bt -0.121722 0.00233547 0.992561
t 4.54824e-05 0.99356 0.113304
bt -0.998195 0.00428242 -0.0599008
t -0.00978203 0.993591 0.112608
bt -0.998171 0.00430513 -0.0603007
t 0.0198346 0.993441 0.112613
bt -0.980123 -0.0168589 0.197674
t 0.0198342 0.993441 0.112612
bt -0.979867 -0.00566548 0.199573
t 0.0573178 0.993434 0.099011
bt -0.866391 -0.00667992 0.499322
t 0.0584744 0.992787 0.104664
bt -0.979339 0.0169374 0.201515
t 0.0685782 0.993348 0.0924981
bt -0.866391 -0.00667989 0.499322
t 0.0876418 0.993435 0.0735258
bt -0.643388 -0.00667584 0.765511
t 0.0960114 0.99335 0.0635368
bt -0.643388 -0.0066757 0.765511
t 0.107492 0.993435 0.0391557
bt -0.342766 -0.00667492 0.939397
t 0.107492 0.993435 0.0391557
bt -0.342766 -0.00667492 0.939397
t -0.762952 0.603834 0.230845
bt 0.467774 0.0284313 0.883391
t -0.683527 0.614035 0.394653
bt 0.46777 0.0284347 0.883393
t -0.777248 0.614099 0.136997
bt 0.268173 -0.09937 0.958232
t -0.777547 0.613711 0.137038
bt 0.265683 -0.102822 0.958561
t -0.637964 0.603834 0.477898
bt 0.741716 0.0284635 0.67011
t -0.507327 0.614038 0.60463
bt 0.741718 0.0284618 0.670108
t -0.436436 0.601377 0.66923
bt 0.932463 0.0332292 0.359735
t -0.269983 0.614044 0.741659
bt 0.931952 0.0310675 0.361248
t -0.13706 0.614071 0.777259
bt 0.99776 -0.00702254 0.0665317
t -0.181963 0.612017 0.769626
bt 0.997565 -0.0090034 0.0691556
t 0.182565 0.612086 -0.769428
bt 0.959308 0.0317434 0.280572
t 0.269984 0.614044 -0.741659
bt 0.958419 0.0328602 0.283467
t -0.0456215 0.612742 -0.788965
bt 0.997635 0.00990022 0.0680119
t 0.137065 0.614071 -0.777258
bt 0.99776 0.00702254 0.0665317
t 0.35985 0.603836 -0.71126
bt 0.788736 0.0284508 0.614073
t 0.507327 0.614038 -0.60463
bt 0.788734 0.0284481 0.614076
t 0.5814 0.603825 -0.545316
bt 0.531121 0.0284804 0.846817
t 0.683527 0.614035 -0.394653
bt 0.531123 0.0284821 0.846816
t 0.70577 0.586135 -0.397912
bt 0.265683 0.102822 0.958561
t 0.777247 0.614099 -0.136998
bt 0.268167 0.0993649 0.958234
t -0.0442041 0.99893 0.0136348
bt 0.499917 0.00264936 0.866069
t -0.0390591 0.998982 0.0225508
bt 0.499917 0.00264927 0.866069
t -0.04444 0.998981 0.00783116
bt 0.140244 -0.00954487 0.990071
t -0.0446423 0.998972 0.00785961
bt 0.139691 -0.00961451 0.990148
t -0.036868 0.99893 0.0279352
bt 0.765996 0.00265027 0.64284
t -0.0289819 0.998982 0.0345549
bt 0.765996 0.00265028 0.642839
t -0.0155274 0.998968 0.0426761
bt 0.947253 0.00303501 0.320472
t -0.0251284 0.998919 0.0391039
bt 0.947123 0.00299542 0.320856
t -0.0078498 0.998982 0.0444236
bt 0.996989 -0.000747316 0.0775439
t -0.0103905 0.998981 0.0439198
bt 0.99695 -0.000750729 0.0780423
t 0.0990953 0.993434 -0.0571717
bt 0.499322 -0.00667947 0.866391
t 0.112736 0.993427 -0.0198412
bt 0.14163 0.0241816 0.989624
t 0.107285 0.992515 -0.0583489
bt 0.142747 0.0240678 0.989467
t 0.092565 0.99335 -0.0684626
bt 0.499322 -0.00667969 0.866391
t 0.0735908 0.993435 -0.0875872
bt 0.765511 -0.00667597 0.643388
t 0.0635611 0.993351 -0.0959911
bt 0.765511 -0.00667549 0.643388
t 0.0328382 0.993415 -0.109762
bt 0.947008 -0.00760126 0.32112
t 0.0390771 0.993432 -0.107547
bt 0.946806 -0.00753394 0.321716
t -0.00654847 0.993396 -0.114547
bt 0.996945 0.00196795 0.0780816
t 0.0198209 0.993443 -0.112595
bt 0.996999 0.00188071 0.0773896
t 0.777538 0.613718 0.137057
bt 0.0413362 0.0152126 -0.99903
t 0.777323 0.613989 -0.137062
bt -0.168054 0.0253337 -0.985452
t 0.79718 0.602174 0.0434779
bt -0.165814 0.0241965 -0.98586
t 0.762615 0.605951 0.226365
bt 0.0474722 0.0109102 -0.998813
t 0.762937 0.603838 -0.230881
bt -0.467769 0.028436 -0.883393
t 0.683495 0.614036 -0.394708
bt -0.46777 0.0284343 -0.883393
t 0.637934 0.603839 -0.477932
bt -0.741713 0.0284674 -0.670113
t 0.507306 0.614038 -0.604647
bt -0.741718 0.0284618 -0.670108
t 0.436022 0.60382 -0.667298
bt -0.926175 0.0284631 -0.376017
t 0.269927 0.61402 -0.7417
bt -0.926175 0.0284637 -0.376018
t -0.000258843 0.617584 -0.786505
bt -0.996302 0.0188063 -0.0838334
t 0.203946 0.61099 -0.764917
bt -0.996194 0.0177295 -0.0853435
t -0.359807 0.603831 0.711286
bt -0.788734 0.0284477 -0.614076
t -0.507306 0.614038 0.604647
bt -0.788733 0.0284471 -0.614077
t -0.269927 0.61402 0.7417
bt -0.926175 -0.0284631 -0.376017
t -0.205123 0.612585 0.763324
bt -0.926177 -0.0284603 -0.376014
t -0.581376 0.603821 0.545346
bt -0.531116 0.0284757 -0.84682
t -0.683495 0.614036 0.394708
bt -0.531123 0.0284813 -0.846816
t -0.730956 0.606124 0.313555
bt -0.229361 0.0233364 -0.973061
t -0.77702 0.614387 0.137
bt -0.227969 0.0251831 -0.973343
t -0.784887 0.617922 -0.0460942
bt 0.040896 -0.0148662 -0.999053
t -0.776755 0.614712 -0.13704
bt 0.0457521 -0.00955424 -0.998907
t 0.0462626 0.998927 0.00224032
bt -0.198304 0.00224799 -0.980138
t 0.0444291 0.998982 -0.00783169
bt -0.197901 0.00225841 -0.980219
t 0.044164 0.998941 0.0129256
bt 0.0268732 0.00113618 -0.999638
t 0.0444111 0.998983 0.00783154
bt 0.025775 0.00115216 -0.999667
t 0.0442041 0.99893 -0.0136348
bt -0.499917 0.00264937 -0.866069
t 0.0390669 0.998982 -0.0225372
bt -0.499917 0.00264945 -0.866069
t 0.0368784 0.99893 -0.0279264
bt -0.765996 0.00265009 -0.64284
t 0.0289953 0.998982 -0.0345436
bt -0.765996 0.00265065 -0.64284
t 0.0154518 0.998979 -0.042444
bt -0.957035 0.00351987 -0.289951
t 0.0339256 0.997281 -0.0654194
bt -0.948455 0.0035195 -0.316893
t -0.0198648 0.990854 -0.133469
bt -0.995374 -0.00410638 -0.0959893
t -0.107221 0.984553 -0.138418
bt -0.996195 0.00668904 -0.0868928
t -0.112506 0.993454 0.019816
bt -0.19775 -0.00573383 -0.980236
t -0.112605 0.993442 -0.0198369
bt 0.0260994 -0.00296913 -0.999655
t -0.112862 0.993589 -0.00661993
bt 0.0277937 -0.00278244 -0.99961
t -0.11001 0.993394 0.0326434
bt -0.197253 -0.00567948 -0.980336
t -0.0991293 0.993434 0.0571128
bt -0.499322 -0.00668023 -0.866391
t -0.0925877 0.993351 0.0684234
bt -0.499322 -0.00668081 -0.866391
t -0.0735909 0.993435 0.0875871
bt -0.765511 -0.00667663 -0.643388
t -0.0635776 0.993351 0.0959774
bt -0.765511 -0.00667641 -0.643388
t -0.0391505 0.993435 0.107494
bt -0.939397 -0.0066756 -0.342766
t -0.0391505 0.993435 0.107494
bt -0.939397 -0.0066756 -0.342766
t 0.964641 -0.0322643 0.261584
bt 0.134764 -0.618387 -0.774233
t 0.964641 -0.0322646 0.261584
bt 0.235523 -0.62178 -0.74694
t 0.998394 0.0322552 -0.0465782
bt -0.0683865 -0.621768 -0.78021
t 0.998394 0.0322552 -0.0465782
bt -0.0683865 -0.621768 -0.78021
t 0.953763 0.00350354 0.300538
bt -0.00947305 -0.998577 0.0524781
t 0.953763 0.00350323 0.300538
bt -0.0160479 -0.9986 0.0504061
t 0.996208 -0.00350706 -0.0869366
bt 0.00458628 -0.998595 0.0528011
t 0.996208 -0.00350706 -0.0869366
bt 0.00458628 -0.998595 0.0528011
t 0.96383 0.0328335 0.264486
bt -0.130105 -0.654036 0.745191
t 0.96383 0.0328303 0.264489
bt -0.226554 -0.657334 0.718738
t 0.998231 -0.0328186 -0.0495835
bt 0.0657226 -0.65721 0.750837
t 0.998231 -0.0328186 -0.0495835
bt 0.0657226 -0.65721 0.750837
t 0.955642 -0.020587 0.29381
bt 0.0585037 -0.943558 -0.325999
t 0.955642 -0.020586 0.293811
bt 0.0989147 -0.944401 -0.313564
t 0.996583 0.0205808 -0.0799862
bt -0.0286162 -0.944399 -0.327554
t 0.996583 0.0205808 -0.0799862
bt -0.0286162 -0.944399 -0.327554
t 0.955642 0.020586 0.293811
bt -0.0585128 -0.943558 0.325996
t 0.955642 0.020587 0.29381
bt -0.0989147 -0.944401 0.313564
t 0.996584 -0.0205825 -0.0799857
bt 0.0286162 -0.944399 0.327554
t 0.996584 -0.0205825 -0.0799857
bt 0.0286162 -0.944399 0.327554
t 0.954201 -0.0107514 0.298972
bt 0.0294121 -0.986176 -0.163073
t 0.954201 -0.0107498 0.298972
bt 0.0493717 -0.986393 -0.156819
t 0.996289 0.0107562 -0.0853936
bt -0.0143455 -0.986393 -0.163779
t 0.996289 0.0107562 -0.0853936
bt -0.0143455 -0.986393 -0.163779
t 0.954987 0.0126908 0.296375
bt -0.063851 -0.940191 0.334609
t 0.958307 0.0289979 0.284264
bt -0.152626 -0.861546 0.484193
t 0.997119 -0.0289878 -0.0701014
bt 0.0443184 -0.861589 0.505668
t 0.996503 -0.012668 -0.0825966
bt 0.029535 -0.940968 0.337204
t 0.954073 0.00927468 0.299432
bt -0.0252645 -0.989806 0.14016
t 0.996265 -0.00927726 -0.0858518
bt 0.0122796 -0.989967 0.140765
t 0.967484 0.0277284 0.251408
bt -0.149672 -0.473182 0.868157
t 0.967487 0.0277339 0.251398
bt -0.264329 -0.476532 0.838479
t 0.998967 -0.0277056 -0.0360229
bt 0.0766218 -0.476497 0.875831
t 0.998967 -0.0277056 -0.0360229
bt 0.0766218 -0.476497 0.875831
t 0.969144 0.0225494 0.245461
bt -0.157409 -0.362393 0.918637
t 0.969146 0.0225515 0.245456
bt -0.279906 -0.365316 0.887804
t 0.999302 -0.0224679 -0.0298506
bt 0.0811479 -0.365285 0.927352
t 0.999302 -0.0224679 -0.0298506
bt 0.0811479 -0.365285 0.927352
t 0.995247 0.0972887 -0.00432552
bt -0.0563715 -0.76305 -0.643876
t 0.960892 -0.0336133 0.274875
bt 0.293212 -0.757414 -0.583396
t 0.961604 -0.0315231 0.272623
bt 0.0387885 -0.751742 -0.658316
t 0.995247 0.0972887 -0.00432552
bt -0.0563715 -0.76305 -0.643876
t 0.960065 0.0317246 0.277972
bt -0.104402 -0.800005 0.59084
t 0.960065 0.0317213 0.277974
bt -0.179419 -0.802456 0.569099
t 0.997474 -0.0317028 -0.0635581
bt 0.0520981 -0.802411 0.594493
t 0.997474 -0.0317028 -0.0635581
bt 0.0520981 -0.802411 0.594493
t 0.962229 -0.0326395 0.270279
bt 0.213481 -0.733337 -0.645479
t 0.99785 0.0331542 -0.0565349
bt -0.0591668 -0.73431 -0.676231
t 0.996908 0.0174969 -0.0766079
bt 0.0358483 -0.853117 -0.520487
t 0.956733 -0.0172229 0.290458
bt 0.187708 -0.854878 -0.483684
t 0.954794 -0.0109765 0.297065
bt 0.0514717 -0.955762 -0.289601
t 0.954204 -0.00750028 0.299063
bt 0.041064 -0.993296 -0.108056
t 0.99624 0.00751698 -0.0863073
bt -0.00997365 -0.993469 -0.113662
t 0.996421 0.0110362 -0.0838075
bt -0.0252885 -0.957028 -0.288892
t 0.915593 0.00183972 -0.402102
bt -0.4616 -0.0279547 -0.886648
t 0.988253 -0.00187724 -0.152818
bt -0.0871642 -0.0279037 -0.995803
t 0.988253 -0.00187722 -0.152817
bt -0.222523 -0.0276372 -0.974536
t 0.915593 0.00183972 -0.402102
bt -0.4616 -0.0279547 -0.886648
t 0.901328 0.0331129 -0.431869
bt -0.242141 -0.704007 -0.667639
t 0.90133 0.0331164 -0.431866
bt -0.326378 -0.707104 -0.627281
t 0.992217 -0.0331327 -0.120032
bt -0.0614066 -0.707101 -0.704441
t 0.992217 -0.0331327 -0.120032
bt -0.0614066 -0.707101 -0.704441
t 0.962631 0.0331091 0.268784
bt -0.122886 -0.703943 0.699545
t 0.962632 0.0331107 0.268783
bt -0.212902 -0.707017 0.674388
t 0.99799 -0.0330982 -0.0540471
bt 0.061406 -0.707101 0.704441
t 0.99799 -0.0330982 -0.0540471
bt 0.061406 -0.707101 0.704441
t 0.953718 0 0.300703
bt 0 -1 0
t 0.996191 0 -0.0872004
bt 0 -1 0
t 0.996191 0 -0.0872004
bt 0 -1 0
t 0.953718 0 0.300703
bt 0 -1 0
t 0.953738 -0.00255781 0.300629
bt 0.00706249 -0.999243 -0.0382461
t 0.953738 -0.00255844 0.300629
bt 0.0114348 -0.999255 -0.0368679
t 0.996192 0.00767294 -0.0868513
bt -0.00304029 -0.999255 -0.0384835
t 0.996199 0.00255816 -0.0870684
bt -0.00303987 -0.999255 -0.0384796
t 0.962187 -0.0330932 0.270372
bt 0.0349363 -0.712724 -0.700574
t 0.962188 -0.0330995 0.270366
bt 0.20732 -0.724207 -0.657679
t 0.997901 0.0330624 -0.0556786
bt -0.0598984 -0.724221 -0.686962
t 0.997901 0.033067 -0.0556743
bt -0.148135 -0.72137 -0.676522
t 0.962188 0.0330933 0.270367
bt -0.119908 -0.721268 0.682199
t 0.962187 0.0330884 0.270372
bt -0.207304 -0.724257 0.657629
t 0.997901 -0.0330553 -0.0556809
bt 0.0598938 -0.724271 0.68691
t 0.997901 -0.0330553 -0.0556809
bt 0.0598938 -0.724271 0.68691
t 0.954139 -0.00161407 0.29936
bt -0.00251476 -0.999633 -0.0269904
t 0.95352 0.000660043 0.301328
bt -0.0108606 -0.999849 0.0135572
t 0.996199 -0.00060841 -0.0871007
bt 0.00132303 -0.999884 0.0151423
t 0.9962 0.00179428 -0.0870822
bt -0.00237676 -0.99963 -0.0270967
t 0.953752 0.00202532 0.300588
bt -0.0117039 -0.998691 0.0497834
t 0.953735 0.0014068 0.300646
bt -0.0143029 -0.999366 0.032609
t 0.996198 -0.00140737 -0.0871046
bt 0.0030851 -0.999373 0.0352641
t 0.996205 -0.00202004 -0.0870102
bt 0.00443638 -0.998704 0.0507067
t 0.953962 -0.00620888 0.299863
bt 0.0528438 -0.985784 -0.159491
t 0.996271 0.00647115 -0.0860347
bt -0.0146043 -0.985855 -0.166963
t 0.953787 -0.003651 0.30046
bt 0.00990421 -0.998451 -0.0547531
t 0.953787 -0.00365135 0.30046
bt 0.0165994 -0.998475 -0.0526438
t 0.996208 0.0036534 -0.086932
bt -0.00474526 -0.998475 -0.0549945
t 0.996208 0.0036534 -0.086932
bt -0.00474526 -0.998475 -0.0549945
t 0.915592 -0.00183968 -0.402103
bt 0.335998 -0.0276936 0.941455
t 0.915598 -0.00184007 -0.40209
bt 0.4616 -0.0279547 0.886648
t 0.988253 0.00187724 -0.152818
bt 0.0871592 -0.0279037 0.995804
t 0.988253 0.00187724 -0.152818
bt 0.0871592 -0.0279037 0.995804
t -0.964643 -0.0322681 -0.261579
bt -0.235523 -0.62178 0.74694
t -0.998394 0.0322512 0.0465832
bt 0.0681551 -0.621768 0.78023
t -0.998394 0.0322506 0.046584
bt -0.134443 -0.608941 0.781739
t -0.964642 -0.0322663 -0.261582
bt -0.330649 -0.618601 0.712744
t -0.953763 0.00350346 -0.300538
bt 0.0158744 -0.9986 -0.0504608
t -0.996208 -0.00350734 0.0869366
bt -0.00452595 -0.998595 -0.0528063
t -0.996208 -0.00350703 0.0869366
bt 0.00883015 -0.998504 -0.0539696
t -0.953763 0.00350334 -0.300538
bt 0.0223658 -0.998577 -0.0484128
t -0.96383 0.0328305 -0.264489
bt 0.226509 -0.657334 -0.718753
t -0.998231 -0.0328106 0.0495888
bt -0.0657144 -0.657316 -0.750745
t -0.998231 -0.0328124 0.0495867
bt 0.129022 -0.644802 -0.753382
t -0.96385 0.0327583 -0.264426
bt 0.318115 -0.65421 -0.686158
t -0.955642 -0.0205858 -0.293811
bt -0.0989542 -0.944401 0.313552
t -0.996583 0.0205794 0.0799867
bt 0.0286182 -0.944399 0.327554
t -0.996583 0.0205808 0.0799862
bt -0.0552403 -0.941052 0.33372
t -0.955642 -0.0205872 -0.29381
bt -0.138932 -0.943564 0.300641
t -0.955642 0.0205886 -0.29381
bt 0.0989541 -0.944401 -0.313552
t -0.996583 -0.0205809 0.0799862
bt -0.0286176 -0.944399 -0.327554
t -0.996583 -0.0205795 0.0799867
bt 0.0552217 -0.941054 -0.333719
t -0.955642 0.0205872 -0.29381
bt 0.138923 -0.943564 -0.300644
t -0.954201 -0.0107498 -0.298972
bt -0.0293844 -0.986175 0.163081
t -0.954201 -0.0107508 -0.298972
bt -0.0495367 -0.986393 0.156767
t -0.996289 0.0107569 0.0853934
bt 0.0143335 -0.986393 0.16378
t -0.996289 0.0107569 0.0853934
bt 0.0143335 -0.986393 0.16378
t -0.958307 0.0289889 -0.284266
bt 0.152661 -0.86159 -0.484104
t -0.997119 -0.0289853 0.0701029
bt -0.0440543 -0.861589 -0.505691
t -0.996502 -0.0126661 0.0825973
bt 0.0492481 -0.938031 -0.343035
t -0.954987 0.0126853 -0.296376
bt 0.139334 -0.940234 -0.310717
t -0.996265 -0.009278 0.0858517
bt 0.0235844 -0.989324 -0.143811
t -0.954072 0.00927387 -0.299432
bt 0.0596609 -0.989807 -0.129315
t -0.967485 0.0277305 -0.251404
bt 0.264393 -0.476532 -0.838459
t -0.994505 -0.0820488 -0.0650273
bt -0.0766295 -0.476539 -0.875807
t -0.994504 -0.0820516 -0.0650325
bt 0.263205 -0.448738 -0.854024
t -0.967485 0.027731 -0.251403
bt 0.371089 -0.473441 -0.798841
t -0.969145 0.0225506 -0.245458
bt 0.279905 -0.365316 -0.887805
t -0.999302 -0.0224697 0.0298462
bt -0.0811455 -0.365285 -0.927352
t -0.999302 -0.0224686 0.0298488
bt 0.161438 -0.354518 -0.921008
t -0.969144 0.022549 -0.245462
bt 0.392846 -0.362657 -0.845075
t -0.962473 -0.032224 -0.269459
bt -0.0293651 -0.71144 0.702133
t -0.961867 -0.0342038 -0.271371
bt -0.192828 -0.723441 0.66291
t -0.997913 0.0330668 0.0554595
bt 0.0603335 -0.72197 0.689289
t -0.997913 0.0330668 0.0554595
bt 0.0603335 -0.72197 0.689289
t -0.953738 0.00216688 -0.300631
bt 0.0167378 -0.998514 -0.0518667
t -0.996205 -0.00215971 0.0870118
bt -0.00474659 -0.998519 -0.0541937
t -0.996198 -0.00167444 0.087107
bt 0.00490079 -0.999076 -0.0426886
t -0.95394 0.00160449 -0.299994
bt 0.0126165 -0.999155 -0.0391175
t -0.960066 0.0317272 -0.27797
bt 0.179489 -0.802456 -0.569077
t -0.997475 -0.0316962 0.0635591
bt -0.0519521 -0.802459 -0.594441
t -0.997475 -0.0316963 0.063559
bt 0.101327 -0.792978 -0.600766
t -0.960066 0.0317261 -0.27797
bt 0.251989 -0.800097 -0.544378
t -0.962373 -0.0338873 -0.269609
bt -0.202732 -0.710746 0.673602
t -0.997969 0.032997 0.054489
bt 0.0613673 -0.709903 0.701621
t -0.996976 0.0181554 0.0755545
bt -0.0313879 -0.839585 0.54232
t -0.956992 -0.0183979 -0.289529
bt -0.154524 -0.842678 0.515768
t -0.96265 -0.0219312 -0.269857
bt -0.311659 -0.688862 0.654475
t -0.99857 0.0209975 0.0491561
bt 0.161986 -0.692535 0.702962
t -0.997362 -0.00832781 -0.0721046
bt -0.0830142 -0.648626 0.756567
t -0.968016 -0.043322 -0.247118
bt -0.318246 -0.609953 0.725725
t -0.915598 0.00184008 0.40209
bt 0.461561 -0.0279547 0.886668
t -0.988251 -0.00187754 0.152828
bt 0.0871592 -0.0279037 0.995804
t -0.988253 -0.00187718 0.152816
bt 0.342604 -0.0269399 0.939094
t -0.915598 0.00184008 0.40209
bt 0.461561 -0.0279547 0.886668
t -0.901316 0.0331452 0.431891
bt 0.3268 -0.707009 0.627168
t -0.992217 -0.0331335 0.120033
bt 0.0614084 -0.707101 0.704441
t -0.992216 -0.0331365 0.120036
bt 0.24206 -0.695268 0.676764
t -0.901348 0.033081 0.431831
bt 0.405982 -0.704047 0.582663
t -0.962635 0.0330878 -0.268772
bt 0.212653 -0.707115 -0.674364
t -0.99799 -0.0330941 0.0540512
bt -0.0614065 -0.707101 -0.704441
t -0.99799 -0.0330955 0.0540498
bt 0.120899 -0.695271 -0.708507
t -0.962635 0.0330868 -0.268773
bt 0.29865 -0.704171 -0.644167
t -0.953718 0 -0.300703
bt 0 -1 0
t -0.996191 0 0.0872004
bt 0 -1 0
t -0.996191 0 0.0872004
bt 0 -1 0
t -0.953718 0 -0.300703
bt 0 -1 0
t -0.953738 -0.00255829 -0.300629
bt -0.0116979 -0.999255 0.0367849
t -0.996199 0.00255809 0.0870684
bt 0.00339231 -0.999255 0.0384488
t -0.996199 0.00255777 0.0870684
bt -0.00649178 -0.999206 0.0393119
t -0.953738 -0.00255823 -0.300629
bt -0.0163617 -0.999242 0.0353138
t -0.962187 -0.0330892 -0.270371
bt -0.207399 -0.724257 0.6576
t -0.997901 0.0330611 0.0556753
bt 0.0601433 -0.724271 0.686888
t -0.997901 0.0330596 0.0556767
bt -0.11764 -0.712779 0.691453
t -0.962187 -0.0330892 -0.270371
bt -0.207399 -0.724257 0.6576
t -0.962187 0.0330877 -0.270372
bt 0.207399 -0.724257 -0.6576
t -0.997901 -0.0330588 0.0556775
bt -0.0601433 -0.724271 -0.686888
t -0.997901 -0.0330603 0.0556761
bt 0.117649 -0.712778 -0.691452
t -0.962187 0.0330872 -0.270373
bt 0.291163 -0.721402 -0.628334
t -0.996199 -0.00192144 0.087082
bt -0.00229426 -0.999579 -0.0289094
t -0.95332 0.00182072 -0.301955
bt -0.00205027 -0.999581 -0.0288643
t -0.954145 -0.00689073 -0.299264
bt -0.0510006 -0.984172 0.169718
t -0.996286 0.00703572 0.0858169
bt 0.0154743 -0.984103 0.176921
t -0.996198 -0.0013795 0.0871047
bt 0.00378504 -0.999374 -0.0351627
t -0.953742 0.00137825 -0.300625
bt 0.015747 -0.999382 -0.0314173
t -0.953758 -0.00365685 -0.300555
bt -0.0165134 -0.998475 0.0526692
t -0.996208 0.00365288 0.0869321
bt 0.00483898 -0.998475 0.0549863
t -0.996208 0.00365306 0.0869321
bt -0.00914722 -0.998377 0.0562042
t -0.953787 -0.00365133 -0.30046
bt -0.0232749 -0.998451 0.0505381
t -0.915593 -0.00183973 0.402102
bt -0.461561 -0.0279547 -0.886668
t -0.988253 0.00187709 0.152813
bt -0.0871591 -0.0279037 -0.995804
t -0.988252 0.00187745 0.152825
bt -0.342604 -0.0269399 -0.939094
t -0.915593 -0.0018397 0.402103
bt -0.572734 -0.0277173 -0.819273
t -0.261579 -0.032268 0.964642
bt 0.746929 -0.62178 0.235558
t 0.0465887 0.0322504 0.998393
bt 0.780316 -0.621658 -0.0681741
t 0.0465827 0.0322552 0.998394
bt 0.781824 -0.608829 0.134454
t -0.26158 -0.0322676 0.964642
bt 0.712711 -0.618595 0.330731
t -0.300538 0.00350349 0.953763
bt -0.050478 -0.9986 -0.0158198
t 0.0869366 -0.00350735 0.996208
bt -0.0528037 -0.998595 0.00455602
t 0.0869366 -0.00350703 0.996208
bt -0.0539652 -0.998504 -0.00878025
t -0.300538 0.0035032 0.953763
bt -0.0484452 -0.998578 -0.0222632
t -0.264438 0.0327787 0.963845
bt -0.718793 -0.657213 -0.226732
t 0.0495903 -0.0328093 0.998231
bt -0.750745 -0.657316 0.0657167
t 0.0495868 -0.0328124 0.998231
bt -0.753374 -0.644784 -0.129157
t -0.264436 0.0327812 0.963846
bt -0.686173 -0.654096 -0.318315
t -0.29381 -0.0205804 0.955642
bt 0.313508 -0.944432 0.0987966
t 0.0799871 0.020572 0.996584
bt 0.327455 -0.94443 -0.0287257
t 0.0799866 0.0205735 0.996584
bt 0.333623 -0.941094 0.0551196
t -0.29381 -0.0205819 0.955642
bt 0.300588 -0.943599 0.138808
t -0.293809 0.0205834 0.955642
bt -0.313508 -0.944432 -0.0987966
t 0.0799865 -0.0205801 0.996583
bt -0.327544 -0.944399 0.0287334
t 0.079987 -0.0205787 0.996583
bt -0.333712 -0.941064 -0.0550933
t -0.29381 0.0205819 0.955642
bt -0.30059 -0.9436 -0.138799
t -0.298973 -0.0107487 0.954201
bt 0.163074 -0.986175 0.029407
t -0.298972 -0.0107495 0.954201
bt 0.156808 -0.986393 0.0494047
t 0.0853932 0.0107585 0.996289
bt 0.163782 -0.986393 -0.0143113
t 0.0853932 0.0107585 0.996289
bt 0.163782 -0.986393 -0.0143113
t -0.284249 0.0289755 0.958312
bt -0.483979 -0.861658 -0.152674
t 0.0700992 -0.0289972 0.997119
bt -0.505749 -0.861546 0.0442414
t 0.0825978 -0.0126647 0.996503
bt -0.343036 -0.93803 -0.0492531
t -0.296375 0.0126878 0.954987
bt -0.310719 -0.940235 -0.139328
t 0.0858517 -0.00927162 0.996265
bt -0.143718 -0.989336 -0.0236408
t -0.299449 0.00927723 0.954067
bt -0.12931 -0.989804 -0.0597173
t -0.251413 0.0277251 0.967483
bt -0.838471 -0.476532 -0.264356
t -0.0650273 -0.0820488 0.994505
bt -0.875808 -0.476539 0.0766247
t -0.0650443 -0.0820579 0.994503
bt -0.854032 -0.448744 -0.26317
t -0.251409 0.0277276 0.967484
bt -0.798845 -0.473441 -0.371079
t -0.245442 0.0225572 0.969149
bt -0.887804 -0.365316 -0.279908
t 0.029838 -0.0224728 0.999302
bt -0.927353 -0.365285 0.0811376
t 0.0298584 -0.0224648 0.999302
bt -0.921007 -0.354518 -0.161442
t -0.245449 0.0225542 0.969147
bt -0.84508 -0.362658 -0.392836
t 0.0549709 0.0306163 0.998019
bt 0.6706 -0.741618 -0.0172389
t -0.273372 -0.0351168 0.961267
bt 0.605465 -0.729043 0.319232
t -0.268588 -0.0302854 0.962779
bt 0.68128 -0.728242 0.0743021
t 0.0605899 0.0358878 0.997517
bt 0.670591 -0.741627 -0.017238
t -0.300537 0.00217702 0.953768
bt -0.0526217 -0.998491 -0.0156746
t 0.0870118 -0.00219494 0.996205
bt -0.0550058 -0.998469 0.00575912
t 0.0853044 -0.00108674 0.996354
bt -0.0302208 -0.999406 -0.0165722
t -0.302222 0.00140123 0.953236
bt -0.0279876 -0.999331 -0.0235468
t -0.277976 0.0317183 0.960064
bt -0.569115 -0.802456 -0.179369
t 0.0635608 -0.0316939 0.997475
bt -0.594429 -0.802459 0.0520869
t 0.0635558 -0.0317006 0.997475
bt -0.600766 -0.792991 -0.101216
t -0.277975 0.0317191 0.960064
bt -0.544385 -0.800098 -0.251968
t -0.268333 -0.0312668 0.962819
bt 0.657559 -0.717164 0.230848
t 0.0571398 0.0349268 0.997755
bt 0.691147 -0.72182 -0.0359415
t 0.0761706 0.0184589 0.996924
bt 0.532575 -0.844688 0.0535314
t -0.289176 -0.0183022 0.957101
bt 0.494398 -0.845497 0.201756
t -0.103581 -0.00954069 0.994575
bt 0.77464 -0.618076 -0.133845
t -0.307755 -0.0371031 0.950742
bt 0.664369 -0.623078 0.41278
t -0.279776 -0.0185742 0.959886
bt 0.702453 -0.692951 0.162414
t 0.0480589 0.0214406 0.998614
bt 0.717047 -0.680789 -0.149568
t -0.402105 0.00183962 -0.915592
bt -0.886668 -0.0279547 0.461561
t -0.152817 -0.00187723 -0.988253
bt -0.995808 -0.0279037 0.087107
t -0.15282 -0.00187731 -0.988252
bt -0.9391 -0.02694 0.342588
t -0.402104 0.00183965 -0.915592
bt -0.819272 -0.0277173 0.572735
t -0.431866 0.0331204 -0.901329
bt -0.627301 -0.707054 0.326448
t -0.12005 -0.0331298 -0.992215
bt -0.704505 -0.707001 0.061824
t -0.120049 -0.0331279 -0.992215
bt -0.676888 -0.695188 0.241943
t -0.431869 0.033118 -0.901328
bt -0.582675 -0.704124 0.405831
t -0.268773 0.0330869 0.962635
bt -0.674409 -0.707115 -0.21251
t 0.0540607 -0.0330816 0.99799
bt -0.704334 -0.707201 0.061489
t 0.0540528 -0.0330895 0.99799
bt -0.708413 -0.695385 -0.120791
t -0.268771 0.0330893 0.962636
bt -0.644183 -0.704174 -0.29861
t -0.300703 0 0.953718
bt 0 -1 0
t 0.0872004 0 0.996191
bt 0 -1 0
t 0.0872004 0 0.996191
bt 0 -1 0
t -0.300703 0 0.953718
bt 0 -1 0
t -0.300629 -0.00255811 0.953738
bt 0.0368381 -0.999255 0.0115292
t 0.0868513 0.00767259 0.996192
bt 0.0384516 -0.999255 -0.0034038
t 0.087064 0.00256404 0.996199
bt 0.0394071 -0.999203 0.00639396
t -0.300629 -0.00255834 0.953738
bt 0.0353415 -0.999243 0.0162741
t -0.270367 -0.0330639 0.962189
bt 0.657552 -0.724303 0.207389
t 0.0556781 0.0330582 0.997901
bt 0.686889 -0.724271 -0.0601341
t 0.0556735 0.0330631 0.997901
bt 0.691453 -0.712779 0.117644
t -0.270365 -0.0330659 0.96219
bt 0.628283 -0.721442 0.291171
t -0.270361 0.0330708 0.962191
bt -0.657552 -0.724303 -0.207389
t 0.0556718 -0.0330648 0.997901
bt -0.686889 -0.724271 0.0601341
t 0.0556764 -0.0330599 0.997901
bt -0.691452 -0.712777 -0.117653
t -0.270363 0.0330688 0.96219
bt -0.628282 -0.721442 -0.291175
t -0.297615 0.000730039 0.954686
bt -0.00340732 -0.999601 -0.0280334
t 0.0906006 -5.59197e-05 0.995887
bt -0.00333051 -0.999608 -0.0277834
t -0.299977 -0.00734511 0.953918
bt 0.164673 -0.984641 0.0580116
t 0.0853987 0.00686686 0.996323
bt 0.172486 -0.984973 -0.00875618
t 0.0870048 -0.00139168 0.996207
bt -0.0355168 -0.999364 -0.00325035
t -0.300739 0.00139082 0.953705
bt -0.0318063 -0.999379 -0.0151817
t -0.30046 -0.00365188 0.953787
bt 0.0526497 -0.998475 0.0165808
t 0.0869321 0.00365289 0.996208
bt 0.0549853 -0.998475 -0.0048499
t 0.0869321 0.00365231 0.996208
bt 0.0562085 -0.998377 0.00919647
t -0.30046 -0.00365194 0.953787
bt 0.0505363 -0.998451 0.0232804
t -0.402102 -0.00183974 -0.915593
bt 0.886668 -0.0279547 -0.461561
t -0.152824 0.0018774 -0.988252
bt 0.995808 -0.0279037 -0.0871069
t -0.152821 0.00187732 -0.988252
bt 0.9391 -0.02694 -0.342587
t -0.402103 -0.0018397 -0.915593
bt 0.819272 -0.0277173 -0.572735
t 0.261579 -0.0322682 -0.964642
bt -0.746992 -0.62178 -0.235355
t -0.0465854 0.0322495 -0.998394
bt -0.780225 -0.621768 0.0682158
t -0.0465875 0.0322478 -0.998394
bt -0.781749 -0.608958 -0.134307
t 0.261581 -0.0322672 -0.964642
bt -0.712785 -0.618608 -0.330548
t 0.300538 0.00350298 -0.953763
bt 0.0504338 -0.9986 0.0159599
t -0.0869366 -0.00350735 -0.996208
bt 0.0528037 -0.998595 -0.00455602
t -0.0869366 -0.00350755 -0.996208
bt 0.0539782 -0.998502 0.00893029
t 0.300538 0.0035032 -0.953763
bt 0.0484073 -0.998577 0.0223832
t 0.264438 0.0327787 -0.963845
bt 0.718846 -0.657213 0.226565
t -0.049589 -0.0328104 -0.998231
bt 0.750742 -0.657316 -0.0657429
t -0.049586 -0.0328131 -0.998231
bt 0.753381 -0.644801 0.129029
t 0.264436 0.0327812 -0.963846
bt 0.686235 -0.654107 0.318158
t 0.293812 -0.0205766 -0.955642
bt -0.313471 -0.944432 -0.0989151
t -0.0799873 0.020584 -0.996583
bt -0.327646 -0.944368 0.0285945
t -0.0799856 0.0205889 -0.996583
bt -0.33381 -0.941021 -0.0552296
t 0.293811 -0.020579 -0.955642
bt -0.300566 -0.943596 -0.138874
t 0.293809 0.020584 -0.955642
bt 0.313471 -0.944432 0.0989151
t -0.0799856 -0.0205889 -0.996583
bt 0.327646 -0.944368 -0.0285945
t -0.0799873 -0.020584 -0.996583
bt 0.333809 -0.941023 0.0552109
t 0.29381 0.0205816 -0.955642
bt 0.300569 -0.943597 0.138865
t 0.298956 -0.01074 -0.954207
bt -0.16296 -0.986195 -0.0294002
t 0.298956 -0.0107404 -0.954207
bt -0.15664 -0.986411 -0.0495621
t -0.0853932 0.0107582 -0.996289
bt -0.163781 -0.986393 0.0143273
t -0.0853932 0.0107582 -0.996289
bt -0.163781 -0.986393 0.0143273
t 0.284249 0.0289762 -0.958313
bt 0.483982 -0.861658 0.152663
t -0.0701026 -0.0289915 -0.997118
bt 0.505744 -0.861546 -0.0442977
t -0.082598 -0.012664 -0.996502
bt 0.343035 -0.938032 0.0492357
t 0.296375 0.0126853 -0.954987
bt 0.310725 -0.940235 0.139312
t -0.0858517 -0.00927159 -0.996265
bt 0.143719 -0.989336 0.02366
t 0.299449 0.00927665 -0.954067
bt 0.129307 -0.989804 0.0597269
t 0.251397 0.0277309 -0.967487
bt 0.838443 -0.476574 0.264369
t 0.0650382 -0.0820547 -0.994503
bt 0.875808 -0.476539 -0.0766199
t 0.0650304 -0.0820505 -0.994504
bt 0.854028 -0.448742 0.263185
t 0.251402 0.0277283 -0.967485
bt 0.79882 -0.473484 0.371078
t 0.245448 0.0225544 -0.969147
bt 0.887797 -0.365316 0.279931
t -0.029838 -0.0224728 -0.999302
bt 0.927355 -0.365285 -0.0811097
t -0.0298548 -0.0224663 -0.999302
bt 0.921003 -0.354515 0.161467
t 0.24545 0.022554 -0.969147
bt 0.845072 -0.362657 0.392854
t 0.270542 -0.0306976 -0.962219
bt -0.679474 -0.733667 0.00690324
t 0.275667 -0.0356146 -0.960593
bt -0.641763 -0.749616 -0.161915
t -0.0543125 0.0299967 -0.998073
bt -0.663421 -0.741603 0.0994832
t -0.0599237 0.0352871 -0.997579
bt -0.650887 -0.736509 0.184124
t 0.300652 0.00221249 -0.953731
bt 0.0527624 -0.998453 0.017561
t -0.0870117 -0.00219556 -0.996205
bt 0.0551707 -0.998469 -0.00387386
t -0.0889026 -0.00119471 -0.99604
bt 0.0284197 -0.999586 -0.00442837
t 0.299055 0.000892836 -0.954236
bt 0.0240345 -0.999709 0.00188592
t 0.277968 0.0317289 -0.960066
bt 0.569115 -0.802456 0.179369
t -0.0635512 -0.0317085 -0.997475
bt 0.594543 -0.802376 -0.05207
t -0.0635571 -0.0317006 -0.997475
bt 0.600877 -0.792908 0.101216
t 0.277968 0.0317296 -0.960066
bt 0.544385 -0.800098 0.251968
t 0.290264 -0.0185311 -0.956767
bt -0.527268 -0.847389 -0.0626187
t 0.272017 -0.0349245 -0.961658
bt -0.661818 -0.726526 -0.184817
t -0.0538589 0.031123 -0.998063
bt -0.686958 -0.72175 0.0846515
t -0.075986 0.0172427 -0.99696
bt -0.522005 -0.848031 0.0914026
t 0.274369 -0.0156771 -0.961497
bt -0.649241 -0.679463 -0.341782
t -0.0683109 0.0204994 -0.997453
bt -0.695652 -0.703167 0.147053
t 0.083683 0.0223422 -0.996242
bt -0.704476 -0.607405 -0.367115
t 0.267757 -0.0388219 -0.962704
bt -0.69397 -0.597484 -0.40177
t 0.402117 0.00183927 0.915586
bt 0.886682 -0.0279547 -0.461534
t 0.152826 -0.00187747 0.988251
bt 0.995804 -0.0279037 -0.087156
t 0.15284 -0.00187787 0.988249
bt 0.974551 -0.0276375 -0.222454
t 0.402112 0.00183941 0.915589
bt 0.819283 -0.0277174 -0.572719
t 0.43187 0.0331159 0.901327
bt 0.627129 -0.707054 -0.326779
t 0.120013 -0.0331356 0.992219
bt 0.704334 -0.707201 -0.0614909
t 0.120021 -0.0331432 0.992218
bt 0.676661 -0.695361 -0.24208
t 0.431871 0.0331157 0.901327
bt 0.582554 -0.704109 -0.406031
t 0.268772 0.0330885 -0.962635
bt 0.674381 -0.707115 0.212599
t -0.0540459 -0.0331024 -0.99799
bt 0.704505 -0.707001 -0.061824
t -0.0540456 -0.0331027 -0.99799
bt 0.708613 -0.695194 0.120718
t 0.268773 0.0330874 -0.962635
bt 0.644187 -0.704175 0.298598
t 0.300703 0 -0.953718
bt 0 -1 0
t -0.0872004 0 -0.996191
bt 0 -1 0
t -0.0872004 0 -0.996191
bt 0 -1 0
t 0.300703 0 -0.953718
bt 0 -1 0
t 0.300629 -0.00255785 -0.953738
bt -0.0368254 -0.999255 -0.0115696
t -0.087064 0.00256416 -0.996199
bt -0.0385542 -0.999251 0.00337689
t -0.0870684 0.00256469 -0.996199
bt -0.0394039 -0.999203 -0.00639803
t 0.300629 -0.00255788 -0.953738
bt -0.035343 -0.999243 -0.0162692
t 0.27036 -0.0330718 -0.962191
bt -0.657552 -0.724303 -0.207389
t -0.0556778 0.0330585 -0.997901
bt -0.686889 -0.724271 0.0601341
t -0.0556729 0.0330637 -0.997901
bt -0.691453 -0.712779 -0.117644
t 0.270363 -0.033069 -0.96219
bt -0.628288 -0.721443 -0.291159
t 0.270358 0.0330741 -0.962192
bt 0.657552 -0.724303 0.207389
t -0.0556744 -0.0330621 -0.997901
bt 0.686889 -0.724271 -0.0601341
t -0.0556793 -0.033057 -0.997901
bt 0.691452 -0.712777 0.117653
t 0.270355 0.0330769 -0.962192
bt 0.628287 -0.721443 0.291163
t -0.0837004 -5.01546e-05 -0.996491
bt -0.00153477 -0.999612 -0.0278266
t 0.303806 -0.000689985 -0.952734
bt -0.00158972 -0.999618 -0.0275895
t 0.29907 -0.00679578 -0.954207
bt -0.164456 -0.985324 -0.0457215
t -0.0865518 0.00666013 -0.996225
bt -0.171386 -0.984973 0.0213234
t -0.0872045 -0.00139926 -0.99619
bt 0.0356052 -0.999357 0.00425293
t 0.300339 0.00699268 -0.953807
bt 0.0332826 -0.99938 0.0115001
t 0.300555 -0.003657 -0.953758
bt -0.0526222 -0.998476 -0.0166623
t -0.0869321 0.00365967 -0.996208
bt -0.0550856 -0.99847 0.0048472
t -0.0869321 0.00365935 -0.996208
bt -0.0563148 -0.99837 -0.0092678
t 0.30046 -0.00365122 -0.953787
bt -0.0505176 -0.99845 -0.0233399
t 0.402102 -0.00183971 0.915593
bt -0.886682 -0.0279547 0.461534
t 0.152837 0.00187778 0.98825
bt -0.995804 -0.0279037 0.0871559
t 0.152826 0.00187747 0.988251
bt -0.939101 -0.02694 0.342584
t 0.402107 -0.00183957 0.915591
bt -0.819283 -0.0277174 0.572719
t 0.497159 -0.0322389 0.86706
bt 0.694728 -0.62176 -0.361617
t 0.738921 0.032282 0.673018
bt 0.503497 -0.621742 -0.59994
t 0.738897 0.0322217 0.673047
bt 0.64783 -0.608959 -0.457695
t 0.49716 -0.0322401 0.867059
bt 0.737825 -0.618576 -0.270144
t 0.461893 0.00350985 0.886929
bt -0.0470853 -0.998595 0.0243275
t 0.765929 -0.00350328 0.642916
bt -0.034007 -0.9986 0.0405187
t 0.765929 -0.00350329 0.642916
bt -0.0444301 -0.998507 0.0317667
t 0.461893 0.00350988 0.886929
bt -0.0501891 -0.998571 0.0183622
t 0.494506 0.0328315 0.868554
bt -0.668421 -0.657347 0.348007
t 0.740911 -0.032791 0.670803
bt -0.484454 -0.657304 0.577284
t 0.740908 -0.0327949 0.670806
bt -0.623997 -0.644786 0.441451
t 0.494506 0.0328313 0.868554
bt -0.710113 -0.654243 0.260201
t 0.468009 -0.0205778 0.883484
bt 0.291621 -0.944402 -0.151864
t 0.761257 0.0205815 0.648124
bt 0.211307 -0.944407 -0.251882
t 0.761297 0.0206071 0.648075
bt 0.274965 -0.941059 -0.196982
t 0.468009 -0.0205782 0.883484
bt 0.31077 -0.943569 -0.114455
t 0.46801 0.0205791 0.883484
bt -0.291621 -0.944402 0.151864
t 0.761297 -0.0206069 0.648075
bt -0.211319 -0.9444 0.251898
t 0.761212 -0.0205578 0.648178
bt -0.274948 -0.941063 0.196987
t 0.468009 0.0205787 0.883484
bt -0.310766 -0.943569 0.114463
t 0.463356 -0.0107426 0.886107
bt 0.145823 -0.986393 -0.0759227
t 0.764855 0.0107541 0.644113
bt 0.105725 -0.986393 -0.125904
t 0.764855 0.0107544 0.644113
bt 0.137732 -0.985524 -0.0988585
t 0.463357 -0.0107432 0.886107
bt 0.155487 -0.986176 -0.0572809
t 0.476627 0.0289945 0.878627
bt -0.450339 -0.861535 0.23442
t 0.754636 -0.0289877 0.655502
bt -0.326434 -0.861542 0.388826
t 0.763054 -0.0126757 0.646211
bt -0.277412 -0.938022 0.207745
t 0.465778 0.0126595 0.884811
bt -0.318259 -0.940228 0.121173
t 0.765196 -0.00927502 0.64373
bt -0.118332 -0.989337 0.0849152
t 0.462897 0.0092701 0.886364
bt -0.133574 -0.989819 0.0491604
t 0.589167 0.0821166 0.803828
bt -0.779801 -0.47655 0.405969
t 0.731873 -0.0277729 0.680874
bt -0.565111 -0.476542 0.673467
t 0.731877 -0.0277697 0.68087
bt -0.724478 -0.464052 0.509694
t 0.589167 0.0821166 0.803828
bt -0.779801 -0.47655 0.405969
t 0.511745 0.0224715 0.858844
bt -0.825706 -0.365287 0.429854
t 0.727744 -0.0225507 0.685479
bt -0.598372 -0.365333 0.713079
t 0.727735 -0.0225556 0.685488
bt -0.765405 -0.354544 0.53708
t 0.511742 0.0224702 0.858845
bt -0.875355 -0.362619 0.319783
t 0.489679 -0.0300688 0.871384
bt 0.603891 -0.749626 -0.270882
t 0.707012 0.0996807 0.700141
bt 0.442717 -0.756581 -0.481235
t 0.745954 0.0311159 0.66527
bt 0.567338 -0.741258 -0.358698
t 0.484906 -0.035021 0.873865
bt 0.639408 -0.744492 -0.192065
t 0.461924 0.00220372 0.886917
bt -0.0508337 -0.998448 0.0227616
t 0.765979 -0.00222135 0.642862
bt -0.0386044 -0.99843 0.0405753
t 0.765197 -0.000737783 0.643795
bt -0.0246223 -0.999687 0.00437077
t 0.460274 0.00097999 0.887776
bt -0.0273928 -0.999623 -0.00156365
t 0.482327 0.0317155 0.875417
bt -0.52939 -0.802381 0.275556
t 0.750278 -0.0317221 0.660361
bt -0.383496 -0.802455 0.457162
t 0.750277 -0.0317244 0.660363
bt -0.496425 -0.792977 0.3532
t 0.482329 0.0317183 0.875416
bt -0.563199 -0.800022 0.206813
t 0.541021 -0.096187 0.835491
bt 0.619689 -0.726493 -0.296974
t 0.745988 0.0346905 0.665056
bt 0.452186 -0.730562 -0.511671
t 0.758706 0.0188795 0.651159
bt 0.405818 -0.849986 -0.33591
t 0.471326 -0.0169239 0.881797
bt 0.484969 -0.850756 -0.202532
t 0.53321 -0.0260866 0.845581
bt 0.589276 -0.592676 -0.54908
t 0.48761 -0.0252684 0.872696
bt 0.610626 -0.677036 -0.410801
t 0.756348 0.0171752 0.653944
bt 0.475911 -0.684987 -0.551636
t 0.740193 0.02573 0.671902
bt 0.551703 -0.607787 -0.571155
t 0.363091 0.00186855 -0.931752
bt -0.953332 -0.0279904 -0.300622
t 0.59074 -0.00188236 -0.80686
bt -0.765755 -0.0279638 -0.642524
t 0.590736 -0.00188249 -0.806863
bt -0.846425 -0.0276968 -0.531787
t 0.363095 0.00186864 -0.93175
bt -0.984291 -0.0277563 -0.174358
t 0.331937 0.033144 -0.942719
bt -0.674381 -0.707115 -0.212599
t 0.616697 -0.0330956 -0.786505
bt -0.541611 -0.707114 -0.454585
t 0.616698 -0.0330935 -0.786504
bt -0.649623 -0.695304 -0.307478
t 0.331937 0.0331441 -0.942719
bt -0.69896 -0.704177 -0.12486
t 0.490615 0.0331167 0.870747
bt -0.627128 -0.707054 0.326779
t 0.743897 -0.0330939 0.667474
bt -0.454707 -0.707025 0.541624
t 0.743928 -0.0331455 0.667437
bt -0.586416 -0.695182 0.415738
t 0.490618 0.0331204 0.870745
bt -0.666624 -0.704127 0.244575
t 0.461719 0 0.887026
bt 0 -1 0
t 0.766018 0 0.642819
bt 0 -1 0
t 0.766018 0 0.642819
bt 0 -1 0
t 0.461719 0 0.887026
bt 0 -1 0
t 0.461806 -0.00255836 0.886977
bt 0.0341978 -0.999255 -0.0178985
t 0.765995 0.00255872 0.642842
bt 0.0248054 -0.999255 -0.0295738
t 0.765995 0.00255882 0.642842
bt 0.0322992 -0.999207 -0.0232837
t 0.461857 -0.00255644 0.886951
bt 0.0364823 -0.999243 -0.0135164
t 0.489195 -0.0330813 0.871547
bt 0.611633 -0.724257 -0.318367
t 0.744974 0.0330508 0.666274
bt 0.443139 -0.724285 -0.528242
t 0.744979 0.0330443 0.666269
bt 0.510982 -0.721291 -0.467587
t 0.489197 -0.0330831 0.871546
bt 0.650177 -0.721402 -0.238431
t 0.489196 0.0330819 0.871546
bt -0.611633 -0.724257 0.318368
t 0.744978 -0.0330457 0.66627
bt -0.443139 -0.724285 0.528242
t 0.744977 -0.0330469 0.666271
bt -0.57209 -0.712798 0.405749
t 0.489194 0.0330801 0.871547
bt -0.650179 -0.721401 0.238427
t 0.46461 -0.000623153 0.885515
bt -0.00316813 -0.999621 -0.0273388
t 0.767608 0.00131599 0.640919
bt -0.00294262 -0.999626 -0.0272033
t 0.462289 -0.00657304 0.886705
bt 0.154025 -0.985323 -0.0735837
t 0.765048 0.00683813 0.643937
bt 0.112068 -0.985606 -0.126574
t 0.765976 -0.00140164 0.642868
bt -0.0276531 -0.999356 0.0228773
t 0.461726 0.00140194 0.887021
bt -0.0334904 -0.999368 0.0118954
t 0.461871 -0.00365765 0.88694
bt 0.0489818 -0.998475 -0.0254504
t 0.765924 0.00365572 0.642921
bt 0.0354754 -0.998475 -0.0422901
t 0.765924 0.0036556 0.642921
bt 0.0462767 -0.998376 -0.0332201
t 0.461871 -0.0036575 0.88694
bt 0.0522139 -0.998451 -0.0192378
t 0.363102 -0.00186887 -0.931747
bt 0.953332 -0.0279904 0.300622
t 0.590733 0.00188259 -0.806865
bt 0.765755 -0.0279638 0.642524
t 0.59074 0.00188236 -0.80686
bt 0.906285 -0.0269978 0.421805
t 0.363099 -0.00186878 -0.931749
bt 0.984291 -0.0277563 0.174358
t -0.49716 -0.03224 -0.867059
bt -0.694703 -0.62176 0.361665
t -0.738918 0.0322852 -0.673021
bt -0.503463 -0.621742 0.599968
t -0.738894 0.0322259 -0.673051
bt -0.647791 -0.608967 0.45774
t -0.49716 -0.0322399 -0.867059
bt -0.7378 -0.61858 0.270202
t -0.461893 0.00351008 -0.886929
bt 0.0469988 -0.998595 -0.0244936
t -0.765929 -0.00350301 -0.642916
bt 0.0340923 -0.9986 -0.0404472
t -0.765928 -0.00350317 -0.642916
bt 0.0443892 -0.998508 -0.031801
t -0.461893 0.00351019 -0.886929
bt 0.0501315 -0.998572 -0.018473
t -0.494512 0.0328377 -0.86855
bt 0.668452 -0.657347 -0.347947
t -0.740909 -0.0327938 -0.670805
bt 0.484441 -0.657304 -0.577295
t -0.74091 -0.0327913 -0.670803
bt 0.624006 -0.644784 -0.44144
t -0.494509 0.0328348 -0.868552
bt 0.710128 -0.654241 -0.260168
t -0.468009 -0.020579 -0.883484
bt -0.291647 -0.944402 0.151816
t -0.761256 0.0205826 -0.648124
bt -0.21133 -0.944407 0.251863
t -0.761297 0.0206069 -0.648075
bt -0.275015 -0.941054 0.196937
t -0.468009 -0.020579 -0.883484
bt -0.310812 -0.943565 0.114371
t -0.468009 0.0205785 -0.883484
bt 0.291647 -0.944402 -0.151816
t -0.761297 -0.0206083 -0.648076
bt 0.211343 -0.9444 -0.251878
t -0.761211 -0.0205605 -0.648178
bt 0.274998 -0.941058 -0.196942
t -0.468009 0.0205786 -0.883484
bt 0.310808 -0.943565 -0.114379
t -0.463357 -0.0107434 -0.886107
bt -0.145823 -0.986393 0.0759227
t -0.764855 0.0107529 -0.644113
bt -0.105713 -0.986393 0.125914
t -0.764855 0.0107534 -0.644113
bt -0.137728 -0.985524 0.0988617
t -0.463306 -0.0107518 -0.886133
bt -0.155462 -0.986179 0.0572985
t -0.476625 0.0289904 -0.878629
bt 0.450381 -0.861535 -0.234338
t -0.754637 -0.0289869 -0.655502
bt 0.326434 -0.861542 -0.388826
t -0.763054 -0.0126761 -0.646211
bt 0.277477 -0.938015 -0.207687
t -0.465778 0.0126598 -0.884811
bt 0.318232 -0.94023 -0.121227
t -0.765196 -0.00928201 -0.64373
bt 0.118324 -0.989326 -0.0850501
t -0.462897 0.00926908 -0.886364
bt 0.133523 -0.989821 -0.0492583
t -0.589174 0.0821211 -0.803822
bt 0.779815 -0.47655 -0.405941
t -0.731875 -0.0277716 -0.680873
bt 0.565091 -0.476542 -0.673483
t -0.73188 -0.0277678 -0.680868
bt 0.724485 -0.464051 -0.509685
t -0.589174 0.0821211 -0.803822
bt 0.779815 -0.47655 -0.405941
t -0.511751 0.0224742 -0.85884
bt 0.82572 -0.365287 -0.429828
t -0.72774 -0.0225529 -0.685483
bt 0.598358 -0.365333 -0.713091
t -0.72774 -0.0225527 -0.685482
bt 0.765412 -0.354543 -0.537069
t -0.511748 0.0224729 -0.858842
bt 0.875365 -0.362618 -0.319756
t -0.490291 -0.0309065 -0.87101
bt -0.493124 -0.718955 0.489829
t -0.485813 -0.0357438 -0.873332
bt -0.584087 -0.733968 0.346603
t -0.743858 0.0309723 -0.66762
bt -0.418671 -0.727548 0.543496
t -0.746265 0.0346489 -0.664747
bt -0.351484 -0.723336 0.594343
t -0.461802 0.00218816 -0.88698
bt 0.05111 -0.998474 -0.0209282
t -0.765979 -0.00217361 -0.642862
bt 0.0388663 -0.998491 -0.0387934
t -0.766841 -0.00157024 -0.641835
bt 0.0254321 -0.999269 -0.02853
t -0.463309 0.00128733 -0.886196
bt 0.0275505 -0.999411 -0.0204722
t -0.482288 0.0317439 -0.875438
bt 0.529271 -0.80246 -0.275554
t -0.750276 -0.031725 -0.660363
bt 0.383474 -0.802455 -0.457181
t -0.750276 -0.0317245 -0.660363
bt 0.496383 -0.792984 -0.353243
t -0.482283 0.0317371 -0.87544
bt 0.563101 -0.800103 -0.206764
t -0.470735 -0.0170845 -0.882109
bt -0.425183 -0.842242 0.331434
t -0.488397 -0.0348336 -0.871926
bt -0.607486 -0.717158 0.341533
t -0.742725 0.0330682 -0.66878
bt -0.43727 -0.713313 0.547704
t -0.723958 0.0913974 -0.683763
bt -0.331149 -0.843984 0.421937
t -0.535411 -0.0200636 -0.844353
bt -0.462027 -0.614557 0.639414
t -0.482665 -0.0294312 -0.87531
bt -0.569981 -0.698074 0.433376
t -0.754702 0.0139113 -0.65592
bt -0.45139 -0.695342 0.559238
t -0.746135 0.0365123 -0.664793
bt -0.386616 -0.619908 0.682819
t -0.363089 0.00186848 0.931752
bt 0.953326 -0.0279904 0.300641
t -0.590736 -0.00188248 0.806862
bt 0.765755 -0.0279638 0.642524
t -0.59074 -0.00188236 0.80686
bt 0.84641 -0.0276969 0.53181
t -0.363089 0.00186848 0.931752
bt 0.953326 -0.0279904 0.300641
t -0.331928 0.0331348 0.942723
bt 0.674409 -0.707115 0.21251
t -0.6167 -0.0330909 0.786502
bt 0.541412 -0.707113 0.454823
t -0.616696 -0.0330957 0.786505
bt 0.649607 -0.695308 0.307503
t -0.331932 0.0331387 0.942721
bt 0.698943 -0.704182 0.124928
t -0.490619 0.0331216 -0.870744
bt 0.627301 -0.707054 -0.326448
t -0.743895 -0.0330978 -0.667477
bt 0.454678 -0.707025 -0.541649
t -0.743898 -0.033093 -0.667473
bt 0.586527 -0.695195 -0.415558
t -0.490618 0.0331207 -0.870745
bt 0.666697 -0.704116 -0.244409
t -0.461792 0 -0.886988
bt 0 -1 0
t -0.766018 0 -0.642819
bt 0 -1 0
t -0.766018 0 -0.642819
bt 0 -1 0
t -0.461792 0 -0.886988
bt 0 -1 0
t -0.461857 -0.00256315 -0.886951
bt -0.034339 -0.999251 0.0178507
t -0.765995 0.00255887 -0.642842
bt -0.0248168 -0.999255 0.0295642
t -0.765995 0.0025585 -0.642842
bt -0.0323842 -0.999206 0.0232123
t -0.461857 -0.00256324 -0.886951
bt -0.0366171 -0.999239 0.0134735
t -0.489196 -0.0330877 -0.871546
bt -0.611709 -0.724207 0.318335
t -0.744977 0.033046 -0.666271
bt -0.443159 -0.724285 0.528225
t -0.745012 0.0330909 -0.666229
bt -0.511071 -0.721252 0.467549
t -0.489195 -0.0330861 -0.871547
bt -0.650242 -0.721348 0.238416
t -0.489191 0.0330806 -0.871549
bt 0.611709 -0.724207 -0.318335
t -0.745012 -0.0330914 -0.66623
bt 0.44318 -0.724254 -0.52825
t -0.745008 -0.0330969 -0.666234
bt 0.572159 -0.712752 -0.405732
t -0.489192 0.0330821 -0.871549
bt 0.650244 -0.721348 -0.238412
t -0.764458 -0.00132004 -0.644672
bt -0.00169971 -0.999592 -0.0285059
t -0.4589 0.00234621 -0.888485
bt -0.00161966 -0.999595 -0.0284093
t -0.463165 -0.00633716 -0.886249
bt -0.152097 -0.984641 0.0857189
t -0.765538 0.00655732 -0.643357
bt -0.109801 -0.984362 0.13775
t -0.766021 -0.00138409 -0.642814
bt 0.0278773 -0.999368 -0.0220348
t -0.461849 0.00138521 -0.886957
bt 0.0336565 -0.999374 -0.0109308
t -0.461871 -0.00365752 -0.88694
bt -0.0489687 -0.998475 0.0254756
t -0.765924 0.00365561 -0.642921
bt -0.0355309 -0.998475 0.0422436
t -0.765924 0.00365593 -0.642921
bt -0.0462777 -0.998376 0.0332192
t -0.461871 -0.00365775 -0.88694
bt -0.0522141 -0.998451 0.0192375
t -0.363086 -0.00186839 0.931754
bt -0.953326 -0.0279904 -0.300641
t -0.590739 0.00188239 0.80686
bt -0.765755 -0.0279638 -0.642524
t -0.590736 0.00188248 0.806862
bt -0.906279 -0.0269979 -0.421817
t -0.363089 -0.00186848 0.931753
bt -0.984292 -0.0277563 -0.174355
t -0.867062 -0.0322363 0.497156
bt 0.361539 -0.62176 0.694768
t -0.673046 0.0322206 0.738898
bt 0.59983 -0.621782 0.503579
t -0.673051 0.0322263 0.738893
bt 0.457634 -0.608949 0.647882
t -0.867061 -0.0322374 0.497157
bt 0.270096 -0.618573 0.737845
t -0.886929 0.00350355 0.461893
bt -0.0242818 -0.9986 -0.0469966
t -0.642916 -0.00351675 0.765928
bt -0.0407611 -0.998589 -0.0340284
t -0.642973 -0.00351272 0.765881
bt -0.0319514 -0.998497 -0.0445246
t -0.886929 0.0035036 0.461893
bt -0.0183082 -0.998576 -0.0501048
t -0.868536 0.0327927 0.49454
bt -0.348016 -0.657296 -0.668466
t -0.670805 -0.032794 0.740908
bt -0.577204 -0.657304 -0.484549
t -0.670768 -0.0328472 0.740939
bt -0.441393 -0.644811 -0.624012
t -0.868536 0.0327924 0.49454
bt -0.260213 -0.65419 -0.710158
t -0.883484 -0.0205757 0.468008
bt 0.151857 -0.944402 0.291625
t -0.648124 0.0205827 0.761256
bt 0.251874 -0.944407 0.211316
t -0.648125 0.020584 0.761256
bt 0.196961 -0.941067 0.274953
t -0.883484 -0.0205758 0.468009
bt 0.11442 -0.943567 0.310787
t -0.883484 0.020577 0.468009
bt -0.151856 -0.944402 -0.291625
t -0.648179 -0.020562 0.761211
bt -0.251892 -0.944399 -0.211332
t -0.657873 -0.0616321 0.750603
bt -0.16903 -0.936891 -0.306046
t -0.883484 0.0205769 0.468009
bt -0.114429 -0.943568 -0.310783
t -0.886107 -0.0107426 0.463356
bt 0.0759408 -0.986393 0.145813
t -0.644113 0.0107535 0.764855
bt 0.125893 -0.986393 0.105738
t -0.644113 0.0107539 0.764855
bt 0.0988611 -0.985524 0.137729
t -0.886107 -0.0107432 0.463356
bt 0.057299 -0.986176 0.155478
t -0.884811 0.0126601 0.465778
bt -0.191387 -0.940221 -0.281701
t -0.878651 0.0290158 0.476583
bt -0.234251 -0.861601 -0.4503
t -0.655503 -0.0289894 0.754636
bt -0.388911 -0.861542 -0.326334
t -0.646211 -0.0126757 0.763054
bt -0.259289 -0.940961 -0.217629
t -0.64373 -0.00927516 0.765196
bt -0.0849091 -0.989336 -0.118339
t -0.886364 0.00927571 0.462897
bt -0.0492817 -0.989806 -0.133621
t -0.861891 0.027767 0.506332
bt -0.405983 -0.476508 -0.779819
t -0.680871 -0.0277673 0.731877
bt -0.673437 -0.476584 -0.565111
t -0.680871 -0.0277667 0.731877
bt -0.509673 -0.464096 -0.724465
t -0.861892 0.0277665 0.506332
bt -0.302502 -0.473423 -0.827263
t -0.858845 0.0224706 0.511743
bt -0.429849 -0.365287 -0.825709
t -0.685484 -0.0225536 0.727738
bt -0.713116 -0.365333 -0.598328
t -0.68549 -0.0225571 0.727732
bt -0.537091 -0.354545 -0.765396
t -0.858843 0.0224721 0.511746
bt -0.319782 -0.362619 -0.875355
t -0.667234 0.0314732 0.744183
bt 0.506684 -0.727565 0.462515
t -0.871904 -0.0339233 0.4885
bt 0.229057 -0.720014 0.655067
t -0.870982 -0.0319435 0.490276
bt 0.450922 -0.715121 0.534107
t -0.664356 0.0351403 0.746589
bt 0.506715 -0.727528 0.46254
t -0.886941 0.0021637 0.461877
bt -0.0217987 -0.998507 -0.0500929
t -0.642862 -0.00217363 0.765979
bt -0.0396507 -0.998497 -0.0378449
t -0.643791 -0.00146866 0.7652
bt -0.0189246 -0.999142 -0.0368343
t -0.88732 0.00166536 0.461152
bt -0.0115871 -0.999121 -0.0402952
t -0.875438 0.0317428 0.482287
bt -0.343828 -0.800018 -0.491685
t -0.875439 0.0317399 0.482285
bt -0.275569 -0.80246 -0.529263
t -0.660362 -0.0317232 0.750277
bt -0.457058 -0.802455 -0.38362
t -0.660362 -0.0317232 0.750277
bt -0.457058 -0.802455 -0.38362
t -0.871045 -0.031689 0.49018
bt 0.31661 -0.710772 0.628141
t -0.665694 0.0337272 0.745462
bt 0.525727 -0.71332 0.46345
t -0.65126 0.0181847 0.758637
bt 0.349215 -0.840483 0.414292
t -0.881654 -0.0173049 0.471579
bt 0.219618 -0.842233 0.492353
t -0.845868 -0.0250686 0.532803
bt 0.566414 -0.61243 0.551456
t -0.873408 -0.0260984 0.48629
bt 0.422337 -0.687008 0.591313
t -0.654663 0.0157814 0.755756
bt 0.562575 -0.692826 0.451111
t -0.669769 0.0280601 0.742039
bt 0.587943 -0.627216 0.510806
t -0.931749 0.00186878 -0.363099
bt -0.300562 -0.0279904 0.953351
t -0.806857 -0.00188222 -0.590744
bt -0.642519 -0.0279638 0.765759
t -0.806858 -0.00188226 -0.590743
bt -0.421764 -0.0269975 0.906304
t -0.93175 0.00186869 -0.363096
bt -0.174299 -0.0277561 0.984302
t -0.942719 0.0331443 -0.331937
bt -0.212654 -0.707115 0.674364
t -0.786479 -0.033141 -0.616727
bt -0.454678 -0.707025 0.541649
t -0.786516 -0.0330807 -0.616683
bt -0.307593 -0.695194 0.649686
t -0.9427 0.0330777 -0.331998
bt -0.125031 -0.704197 0.698909
t -0.870729 0.0330781 0.49065
bt -0.3268 -0.707009 -0.627168
t -0.667432 -0.033136 0.743933
bt -0.541412 -0.707113 -0.454822
t -0.667435 -0.0331398 0.74393
bt -0.415594 -0.695292 -0.586389
t -0.870754 0.0331413 0.4906
bt -0.244556 -0.704061 -0.666701
t -0.887026 0 0.461719
bt 0 -1 0
t -0.642819 0 0.766018
bt 0 -1 0
t -0.642819 0 0.766018
bt 0 -1 0
t -0.887026 0 0.461719
bt 0 -1 0
t -0.886977 -0.00255841 0.461806
bt 0.0178126 -0.999255 0.0342424
t -0.642842 0.00256493 0.765995
bt 0.0296489 -0.999251 0.0248712
t -0.642842 0.00256534 0.765995
bt 0.0232992 -0.999202 0.032436
t -0.886977 -0.00255811 0.461806
bt 0.0134706 -0.999243 0.0365022
t -0.871547 -0.0330809 0.489195
bt 0.318368 -0.724257 0.611633
t -0.66623 0.0330912 0.745012
bt 0.528207 -0.724254 0.443231
t -0.666232 0.0330952 0.74501
bt 0.405764 -0.712758 0.572129
t -0.871547 -0.0330801 0.489194
bt 0.23844 -0.721402 0.650173
t -0.871545 0.0330849 0.489198
bt -0.397702 -0.72126 -0.567113
t -0.871547 0.0330801 0.489194
bt -0.318368 -0.724257 -0.611633
t -0.666231 -0.0330932 0.745011
bt -0.528207 -0.724254 -0.443231
t -0.666231 -0.0330932 0.745011
bt -0.528207 -0.724254 -0.443231
t -0.886364 0.00174531 0.462985
bt -0.00299901 -0.999581 -0.0287787
t -0.640919 -0.00142524 0.767608
bt -0.00320026 -0.99959 -0.0284571
t -0.886527 -0.00708319 0.462622
bt 0.0797002 -0.984172 0.158281
t -0.644055 0.00724078 0.764945
bt 0.132051 -0.984362 0.116592
t -0.643016 -0.00691531 0.765822
bt -0.0224477 -0.999373 -0.0273853
t -0.887021 0.00138219 0.461726
bt -0.0114217 -0.999384 -0.0331738
t -0.88694 -0.00365832 0.461871
bt 0.0254859 -0.998475 0.0489633
t -0.642921 0.00366235 0.765924
bt 0.0424119 -0.99847 0.0354853
t -0.642921 0.0036619 0.765924
bt 0.0333067 -0.998371 0.0463286
t -0.88694 -0.00365818 0.461871
bt 0.0192444 -0.998451 0.0522105
t -0.931749 -0.00186874 -0.363098
bt 0.300562 -0.0279904 -0.953351
t -0.806858 0.0018823 -0.590742
bt 0.642519 -0.0279638 -0.765759
t -0.806857 0.00188225 -0.590743
bt 0.421764 -0.0269975 -0.906303
t -0.931748 -0.00186882 -0.363101
bt 0.174299 -0.0277561 -0.984302
t 0.867057 -0.0322438 -0.497164
bt -0.361744 -0.62176 -0.694662
t 0.673052 0.032227 -0.738893
bt -0.59993 -0.621782 -0.503459
t 0.673046 0.0322206 -0.738898
bt -0.457762 -0.608971 -0.647772
t 0.867058 -0.0322426 -0.497163
bt -0.270305 -0.618587 -0.737757
t 0.886929 0.00350321 -0.461893
bt 0.0242814 -0.9986 0.0469968
t 0.642916 -0.00350308 -0.765929
bt 0.0405187 -0.9986 0.034007
t 0.642916 -0.0035031 -0.765928
bt 0.0317667 -0.998507 0.0444301
t 0.886929 0.00350323 -0.461893
bt 0.0183241 -0.998576 0.0500966
t 0.868537 0.0327956 -0.494539
bt 0.348213 -0.657247 0.668412
t 0.670763 -0.0328412 -0.740944
bt 0.577266 -0.657347 0.484416
t 0.670769 -0.0328481 -0.740938
bt 0.441517 -0.644833 0.623902
t 0.868537 0.0327957 -0.494539
bt 0.260356 -0.654148 0.710145
t 0.883484 -0.020576 -0.468009
bt -0.151756 -0.944402 -0.291678
t 0.648128 0.0205855 -0.761253
bt -0.252025 -0.944361 -0.211344
t 0.648129 0.0205898 -0.761252
bt -0.197036 -0.941019 -0.275064
t 0.883484 -0.0205702 -0.468009
bt -0.114309 -0.943595 -0.310743
t 0.883483 0.0205807 -0.46801
bt 0.151756 -0.944402 0.291678
t 0.648129 -0.0205922 -0.761252
bt 0.252025 -0.944361 0.211344
t 0.648128 -0.020588 -0.761253
bt 0.197049 -0.94102 0.27505
t 0.883484 0.0205803 -0.46801
bt 0.114359 -0.943565 0.310818
t 0.886107 -0.0107436 -0.463357
bt -0.0758749 -0.986393 -0.145848
t 0.644113 0.0107547 -0.764855
bt -0.125904 -0.986393 -0.105725
t 0.644113 0.0107534 -0.764855
bt -0.0988123 -0.985521 -0.137786
t 0.886107 -0.0107425 -0.463356
bt -0.0572735 -0.986176 -0.155491
t 0.884811 0.0126596 -0.465778
bt 0.191509 -0.940216 0.281636
t 0.878651 0.0290139 -0.476582
bt 0.234237 -0.861601 0.450307
t 0.655503 -0.0289885 -0.754636
bt 0.389021 -0.861542 0.326203
t 0.646211 -0.0126752 -0.763054
bt 0.259354 -0.940961 0.217552
t 0.64373 -0.00927501 -0.765196
bt 0.084907 -0.989336 0.118342
t 0.886364 0.00927574 -0.462897
bt 0.0492409 -0.989806 0.133642
t 0.861895 0.027763 -0.506326
bt 0.405961 -0.476508 0.779831
t 0.680876 -0.0277742 -0.731872
bt 0.673469 -0.476542 0.565108
t 0.680903 -0.0277135 -0.731849
bt 0.509699 -0.464007 0.724503
t 0.861893 0.0277647 -0.506329
bt 0.302483 -0.473422 0.82727
t 0.858846 0.0224694 -0.51174
bt 0.429849 -0.365287 0.825709
t 0.685479 -0.0225507 -0.727744
bt 0.713109 -0.365333 0.598337
t 0.685488 -0.0225556 -0.727735
bt 0.537088 -0.354545 0.765398
t 0.858842 0.0224725 -0.511747
bt 0.319783 -0.362619 0.875355
t 0.872874 -0.0318045 -0.486909
bt -0.464037 -0.747452 -0.475379
t 0.873922 -0.0338167 -0.484888
bt -0.313679 -0.761346 -0.567414
t 0.665674 0.0306346 -0.745614
bt -0.519556 -0.756585 -0.39704
t 0.662441 0.034433 -0.748323
bt -0.572252 -0.751893 -0.327391
t 0.886956 0.00222927 -0.461849
bt 0.0218888 -0.998415 0.0518522
t 0.642916 -0.00221748 -0.765934
bt 0.039714 -0.998425 0.0396364
t 0.641838 -0.000788518 -0.76684
bt 0.0139705 -0.999815 0.0132233
t 0.886693 0.000633001 -0.462358
bt 0.007242 -0.999869 0.0144931
t 0.875437 0.0317465 -0.482289
bt 0.343856 -0.800016 0.491669
t 0.875437 0.0317465 -0.482289
bt 0.275539 -0.80246 0.529279
t 0.660361 -0.031721 -0.750278
bt 0.457058 -0.802455 0.38362
t 0.660361 -0.031721 -0.750278
bt 0.457058 -0.802455 0.38362
t 0.881765 -0.0183863 -0.471331
bt -0.294814 -0.853657 -0.429365
t 0.872297 -0.0336962 -0.487814
bt -0.322305 -0.73337 -0.598572
t 0.666245 0.0309874 -0.745089
bt -0.534148 -0.73058 -0.425369
t 0.650583 0.0163451 -0.759259
bt -0.424184 -0.853171 -0.30359
t 0.844325 -0.0214773 -0.5354
bt -0.62271 -0.597413 -0.505302
t 0.874417 -0.0284114 -0.484342
bt -0.461325 -0.683488 -0.565706
t 0.65815 0.0158057 -0.752721
bt -0.548321 -0.685885 -0.478441
t 0.668724 0.0311511 -0.742858
bt -0.642402 -0.609546 -0.464514
t 0.93175 0.00186868 0.363096
bt 0.300579 -0.0279904 -0.953346
t 0.806857 -0.00188223 0.590744
bt 0.642519 -0.0279638 -0.765759
t 0.806859 -0.00188231 0.590741
bt 0.421775 -0.0269976 -0.906298
t 0.93175 0.00186868 0.363096
bt 0.30058 -0.0279904 -0.953346
t 0.942711 0.0331201 0.331963
bt 0.212902 -0.707017 -0.674388
t 0.786479 -0.0331409 0.616727
bt 0.454707 -0.707025 -0.541624
t 0.786517 -0.033083 0.616681
bt 0.307719 -0.695214 -0.649605
t 0.942711 0.0331209 0.331963
bt 0.125211 -0.704099 -0.698975
t 0.870744 0.0331175 -0.49062
bt 0.326378 -0.707104 0.627281
t 0.667435 -0.03314 -0.74393
bt 0.541611 -0.707113 0.454585
t 0.667432 -0.0331354 -0.743933
bt 0.415488 -0.695273 0.586485
t 0.870744 0.033118 -0.49062
bt 0.244244 -0.704157 0.666715
t 0.887026 0 -0.461719
bt 0 -1 0
t 0.642819 0 -0.766018
bt 0 -1 0
t 0.642819 0 -0.766018
bt 0 -1 0
t 0.887026 0 -0.461719
bt 0 -1 0
t 0.886977 -0.00255864 -0.461806
bt -0.0178127 -0.999255 -0.0342424
t 0.642842 0.00256534 -0.765995
bt -0.0296521 -0.999251 -0.0248674
t 0.642842 0.00256497 -0.765995
bt -0.0233004 -0.999202 -0.0324347
t 0.886951 -0.00255657 -0.461857
bt -0.0133444 -0.999242 -0.0365718
t 0.871544 -0.0330863 -0.489199
bt -0.318449 -0.724257 -0.61159
t 0.666235 0.0330988 -0.745007
bt -0.52821 -0.724254 -0.443228
t 0.666228 0.0330896 -0.745013
bt -0.405804 -0.712765 -0.572092
t 0.871544 -0.0330863 -0.489199
bt -0.318449 -0.724257 -0.61159
t 0.871548 0.0330777 -0.489192
bt 0.397612 -0.721267 0.567168
t 0.871544 0.0330863 -0.489199
bt 0.318449 -0.724257 0.61159
t 0.666233 -0.033096 -0.745009
bt 0.52821 -0.724254 0.443228
t 0.666233 -0.033096 -0.745009
bt 0.52821 -0.724254 0.443228
t 0.644724 0.00121017 -0.764414
bt -0.00189926 -0.999628 -0.0272127
t 0.887546 -0.00500511 -0.460692
bt -0.00200346 -0.99963 -0.0271254
t 0.886377 -0.00687478 -0.462914
bt -0.0797394 -0.985783 -0.147894
t 0.643333 0.00641621 -0.76556
bt -0.132343 -0.985607 -0.105184
t 0.64276 -0.00140633 -0.766067
bt 0.0224193 -0.999351 0.0281996
t 0.886957 0.00140535 -0.461849
bt 0.0114042 -0.999358 0.0339733
t 0.88694 -0.00365755 -0.461871
bt -0.0254816 -0.998475 -0.0489656
t 0.642921 0.00366232 -0.765924
bt -0.0424043 -0.99847 -0.0354945
t 0.642921 0.00366257 -0.765924
bt -0.0333229 -0.998371 -0.0463094
t 0.88694 -0.00365766 -0.461871
bt -0.0192167 -0.99845 -0.0522249
t 0.931751 -0.00186858 0.363093
bt -0.300579 -0.0279904 0.953346
t 0.806862 0.00188245 0.590737
bt -0.642519 -0.0279638 0.765759
t 0.80686 0.00188237 0.590739
bt -0.421775 -0.0269976 0.906298
t 0.93175 -0.00186868 0.363096
bt -0.174311 -0.0277561 0.984299
t 0.815321 -0.0954461 0.571089
bt 0.442717 -0.756581 -0.481235
t 0.953684 -0.0022298 0.300801
bt -0.0125528 -0.998415 0.0548653
t 0.934035 0.0159604 0.356825
bt 0.458544 -0.607391 -0.648701
t 0.94908 0.026938 0.313883
bt 0.223916 -0.695322 -0.682927
t -0.798548 -0.0910664 -0.595002
bt -0.115055 -0.809924 0.57514
t -0.624957 0.061625 0.778223
bt -0.251908 -0.944392 -0.211345
t -0.64261 0.00691945 0.766162
bt -0.02713 -0.999394 -0.0218071
t 0.300855 -0.00700054 -0.953644
bt 0.0310927 -0.999346 0.0184436
t 0.236708 0.0821042 0.968105
bt -0.875808 -0.476539 0.0766247
t 0.320496 -0.0820475 0.94369
bt -0.779801 -0.47655 0.405969
t 0.320494 -0.082049 0.943691
bt -0.889729 -0.448755 0.0836762
t 0.236708 0.0821042 0.968105
bt -0.875808 -0.476539 0.0766247
t 0.376457 0.0999753 0.921024
bt 0.619689 -0.726493 -0.296974
t 0.188559 -0.0270291 0.98169
bt 0.685374 -0.565903 -0.458275
t 0.0874825 -0.00767231 0.996137
bt 0.0384516 -0.999255 -0.00340385
t -0.236705 0.0821025 -0.968106
bt 0.875808 -0.476539 -0.0766198
t -0.320496 -0.0820475 -0.94369
bt 0.779815 -0.47655 -0.405941
t -0.32049 -0.0820507 -0.943691
bt 0.88973 -0.448754 -0.0836715
t -0.236705 0.0821025 -0.968106
bt 0.875808 -0.476539 -0.0766198
t -0.229858 -0.0202252 -0.973014
bt -0.577644 -0.598786 0.554781
t -0.458813 -0.00226782 -0.88853
bt -0.00145986 -0.999604 -0.0281001
t -0.968105 0.0821042 0.236708
bt -0.0766297 -0.476539 -0.875807
t -0.968105 0.0821042 0.236708
bt -0.0766297 -0.476539 -0.875807
t -0.981638 -0.0265889 0.188894
bt 0.474529 -0.586779 0.656134
t 0.998394 0.0322552 -0.0465782
bt -0.0683865 -0.621768 -0.78021
t 0.998394 0.0322552 -0.0465782
bt -0.0683865 -0.621768 -0.78021
t 0.996208 -0.00350706 -0.0869366
bt 0.00458628 -0.998595 0.0528011
t 0.996208 -0.00350706 -0.0869366
bt 0.00458628 -0.998595 0.0528011
t 0.998231 -0.0328186 -0.0495835
bt 0.0657226 -0.65721 0.750837
t 0.998231 -0.0328186 -0.0495835
bt 0.0657226 -0.65721 0.750837
t 0.996583 0.0205808 -0.0799862
bt -0.0286162 -0.944399 -0.327554
t 0.996583 0.0205808 -0.0799862
bt -0.0286162 -0.944399 -0.327554
t 0.996584 -0.0205825 -0.0799857
bt 0.0286162 -0.944399 0.327554
t 0.996584 -0.0205825 -0.0799857
bt 0.0286162 -0.944399 0.327554
t 0.996289 0.0107562 -0.0853936
bt -0.0143455 -0.986393 -0.163779
t 0.996289 0.0107562 -0.0853936
bt -0.0143455 -0.986393 -0.163779
t 0.997119 -0.0289878 -0.0701014
bt 0.0443184 -0.861589 0.505668
t 0.996503 -0.012668 -0.0825966
bt 0.029535 -0.940968 0.337204
t 0.996265 -0.00927726 -0.0858518
bt 0.0122796 -0.989967 0.140765
t 0.998967 -0.0277056 -0.0360229
bt 0.0766218 -0.476497 0.875831
t 0.998967 -0.0277056 -0.0360229
bt 0.0766218 -0.476497 0.875831
t 0.999302 -0.0224679 -0.0298506
bt 0.0811479 -0.365285 0.927352
t 0.999302 -0.0224679 -0.0298506
bt 0.0811479 -0.365285 0.927352
t 0.980875 -0.0973002 -0.168572
bt -0.316583 -0.736141 -0.598224
t 0.980877 -0.0972941 -0.168567
bt -0.0563715 -0.76305 -0.643876
t 0.996183 0.002233 -0.0872663
bt 0.00490071 -0.998419 0.0559872
t 0.996199 -0.00060841 -0.0871007
bt 0.00132303 -0.999884 0.0151423
t 0.997474 -0.0317028 -0.0635581
bt 0.0520981 -0.802411 0.594493
t 0.997474 -0.0317028 -0.0635581
bt 0.0520981 -0.802411 0.594493
t 0.99785 0.0331542 -0.0565349
bt -0.0591668 -0.73431 -0.676231
t 0.996908 0.0174969 -0.0766079
bt 0.0358483 -0.853117 -0.520487
t 0.978677 -0.0221604 -0.204207
bt -0.537165 -0.578498 -0.613836
t 0.996043 -0.013562 -0.0878352
bt -0.253274 -0.68717 -0.680919
t 0.988253 -0.00187722 -0.152817
bt -0.222523 -0.0276372 -0.974536
t 0.988253 -0.00187724 -0.152818
bt -0.0871642 -0.0279037 -0.995803
t 0.992217 -0.0331327 -0.120032
bt -0.0614066 -0.707101 -0.704441
t 0.992217 -0.0331327 -0.120032
bt -0.0614066 -0.707101 -0.704441
t 0.99799 -0.0330982 -0.0540471
bt 0.061406 -0.707101 0.704441
t 0.99799 -0.0330982 -0.0540471
bt 0.061406 -0.707101 0.704441
t 0.996191 0 -0.0872004
bt 0 -1 0
t 0.996191 0 -0.0872004
bt 0 -1 0
t 0.996137 -0.0076713 -0.0874824
bt -0.00304004 -0.999255 -0.0384835
t 0.996199 0.00255816 -0.0870684
bt -0.00303987 -0.999255 -0.0384796
t 0.997901 0.033067 -0.0556743
bt -0.148135 -0.72137 -0.676522
t 0.997901 0.0330624 -0.0556786
bt -0.0598984 -0.724221 -0.686962
t 0.997901 -0.0330553 -0.0556809
bt 0.0598938 -0.724271 0.68691
t 0.997901 -0.0330553 -0.0556809
bt 0.0598938 -0.724271 0.68691
t 0.88768 0.00491343 -0.460435
bt -0.00232336 -0.999634 -0.0269595
t 0.9962 0.00179428 -0.0870822
bt -0.00237676 -0.99963 -0.0270967
t 0.996271 0.00647115 -0.0860347
bt -0.0146043 -0.985855 -0.166963
t 0.996198 -0.00140737 -0.0871046
bt 0.0030851 -0.999373 0.0352641
t 0.996208 0.0036534 -0.086932
bt -0.00474526 -0.998475 -0.0549945
t 0.996208 0.0036534 -0.086932
bt -0.00474526 -0.998475 -0.0549945
t 0.988253 0.00187724 -0.152818
bt 0.0871592 -0.0279037 0.995804
t 0.988253 0.00187724 -0.152818
bt 0.0871592 -0.0279037 0.995804
t 0.956966 -0.0186172 0.289604
bt 0.253238 -0.83122 -0.494918
t 0.997005 0.0182449 -0.0751598
bt -0.0478904 -0.835489 -0.547417
t 0.996043 -0.013562 -0.0878352
bt -0.253274 -0.68717 -0.680919
t -0.996496 0.0126329 0.082686
bt -0.0427747 -0.939079 0.34103
t -0.99708 0.0187489 0.07403
bt 0.00146742 -0.816621 0.577172
t -0.957539 -0.0184103 -0.287716
bt -0.164777 -0.818277 0.550701
t -0.954859 -0.012705 -0.296787
bt -0.0905989 -0.942089 0.322892
t -0.295774 -0.0117925 0.955185
bt 0.296713 -0.945866 0.131522
t 0.0843309 0.0122261 0.996363
bt 0.315761 -0.948775 0.0109996
t 0.0734066 0.0176758 0.997145
bt 0.567369 -0.817923 0.0953664
t -0.289366 -0.0193231 0.957023
bt 0.506642 -0.81854 0.270751
t 0.287794 -0.0176574 -0.95753
bt -0.557986 -0.826274 -0.0769609
t 0.298115 -0.0118801 -0.954456
bt -0.301498 -0.95177 -0.0568554
t -0.082155 0.0114781 -0.996553
bt -0.309055 -0.948775 0.0656637
t -0.0756899 0.0193042 -0.996944
bt -0.554683 -0.825071 0.107635
t 0.465951 -0.0111894 0.88474
bt 0.287039 -0.951774 -0.108331
t 0.764259 0.0115477 0.644807
bt 0.214173 -0.954397 -0.207981
t 0.75748 0.0177517 0.652617
bt 0.458902 -0.824805 -0.330312
t 0.471609 -0.0192018 0.881599
bt 0.541203 -0.825257 -0.161399
t -0.473936 -0.0178475 -0.880379
bt -0.458447 -0.819586 0.343666
t -0.464471 -0.0125154 -0.8855
bt -0.269352 -0.945873 0.181033
t -0.7627 0.01212 -0.646639
bt -0.189144 -0.943485 0.272141
t -0.75796 0.0192083 -0.652018
bt -0.327583 -0.819115 0.470892
t -0.884689 -0.0124191 0.466016
bt 0.145295 -0.942091 0.302247
t -0.645463 0.0126764 0.763687
bt 0.233546 -0.943476 0.235179
t -0.653206 0.0180788 0.756965
bt 0.346062 -0.81256 0.469028
t -0.880905 -0.0190119 0.47291
bt 0.181345 -0.81475 0.550723
t 0.881003 -0.0179412 -0.47277
bt -0.284532 -0.834296 -0.472219
t 0.885601 -0.0112561 -0.46431
bt -0.12056 -0.956328 -0.266275
t 0.646048 0.0110202 -0.763217
bt -0.24696 -0.954425 -0.167584
t 0.651274 0.0189579 -0.758606
bt -0.457452 -0.831708 -0.314641
t 0.997005 0.0182449 -0.0751598
bt -0.0478904 -0.835489 -0.547417
t 0.996421 0.0110362 -0.0838075
bt -0.0252885 -0.957028 -0.288892
t 0.996367 -0.0038619 0.0850735
bt -0.139903 -0.640434 -0.755163
t -0.996273 0.00972494 0.0857078
bt -0.0203624 -0.988391 0.150562
t -0.953864 -0.00976307 -0.30008
bt -0.0378637 -0.989114 0.1422
t -0.29758 -0.00875296 0.954657
bt 0.126523 -0.990341 0.056711
t 0.0881932 0.00892353 0.996063
bt 0.132231 -0.991202 0.0058568
t 0.301631 -0.00846452 -0.953387
bt -0.123763 -0.992063 -0.022202
t -0.0838348 0.00832289 -0.996445
bt -0.129202 -0.991202 0.0287424
t 0.464374 -0.00795113 0.885604
bt 0.118038 -0.992063 -0.0433387
t 0.76642 0.00803779 0.642289
bt 0.0859764 -0.992805 -0.0833457
t -0.461097 -0.00932706 -0.887301
bt -0.114744 -0.990343 0.0778166
t -0.762112 0.0279671 -0.646841
bt -0.0827132 -0.989601 0.117681
t -0.885918 -0.00951109 0.463743
bt 0.0471679 -0.988865 0.141145
t -0.642664 0.00962839 0.766088
bt 0.101886 -0.989602 0.101525
t 0.886976 -0.00770383 -0.461751
bt -0.0443076 -0.99327 -0.107016
t 0.644663 0.00764771 -0.764429
bt -0.0991538 -0.992805 -0.0671346
t -0.767389 -0.0284263 -0.640551
bt -0.0827132 -0.989601 0.117681
t 0.99624 0.00751698 -0.0863073
bt -0.00997365 -0.993469 -0.113662
t 0.953745 0.00210578 0.300609
bt -0.0123994 -0.998588 0.0516608
t 0.996205 -0.00210366 -0.087011
bt 0.00461898 -0.998594 0.0527982
t -0.996205 -0.00204398 0.0870102
bt -0.000581386 -0.998665 -0.0516441
t -0.953752 0.00204504 -0.300588
bt 0.0191187 -0.998666 -0.0479685
t 0.0870102 -0.00203205 0.996205
bt -0.0513721 -0.99868 0.000255853
t -0.300588 0.00204109 0.953752
bt -0.047755 -0.998669 -0.0194639
t -0.0870102 -0.00203206 -0.996205
bt 0.0513197 -0.998682 -0.000856501
t 0.300588 0.00202878 -0.953752
bt 0.0476382 -0.998687 0.0188398
t 0.300339 0.00699267 -0.953807
bt 0.0336578 -0.99938 0.0103225
t 0.76566 -0.0101301 0.643165
bt -0.0329471 -0.998698 0.0389345
t 0.461783 0.00203335 0.886991
bt -0.0472644 -0.998685 0.0198683
t -0.765978 -0.00204663 -0.642863
bt 0.0359474 -0.998666 -0.0370675
t -0.462194 0.0102105 -0.88672
bt 0.0454661 -0.998678 -0.0239822
t -0.643016 -0.00691531 0.765822
bt -0.0139135 -0.999198 -0.0375511
t -0.642863 -0.00204647 0.765978
bt -0.0367931 -0.998664 -0.0362742
t -0.886966 0.00204702 0.46183
bt -0.0201997 -0.998665 -0.047547
t 0.642918 -0.00202282 -0.765933
bt 0.0366845 -0.998692 0.0356225
t 0.886991 0.00202989 -0.461783
bt 0.0201744 -0.998691 0.0469928
t 0.766361 0.0101294 0.642331
bt -0.0329471 -0.998698 0.0389345
t -0.64261 0.00691945 0.766162
bt -0.0265262 -0.999394 -0.0225329
t 0.300855 -0.00700054 -0.953644
bt 0.0277556 -0.999193 0.0290254
t -0.461226 -0.0102084 -0.887224
bt 0.0454661 -0.998678 -0.0239822
t 0.996205 -0.00202004 -0.0870102
bt 0.00443638 -0.998704 0.0507067
t -0.996205 -0.00209122 0.087011
bt -0.000442608 -0.998602 -0.0528627
t -0.953745 0.00209405 -0.300609
bt 0.0198435 -0.998602 -0.0489997
t 0.0871108 -0.00210159 0.996196
bt -0.0529552 -0.998597 0.000529133
t -0.300516 0.00209294 0.953774
bt -0.049126 -0.998597 -0.0197812
t -0.087011 -0.00209575 -0.996205
bt 0.0529682 -0.998596 -0.000380905
t 0.300609 0.00210195 -0.953745
bt 0.0491775 -0.998591 0.0199429
t 0.76566 -0.0101301 0.643165
bt -0.0479686 -0.998502 0.0263164
t 0.765978 -0.00210201 0.642863
bt -0.0339633 -0.9986 0.0405554
t 0.462265 0.0105053 0.88668
bt -0.0470562 -0.9986 0.024177
t -0.765978 -0.00209425 -0.642863
bt 0.0339168 -0.99861 -0.0403341
t -0.46183 0.00209868 -0.886966
bt 0.0468645 -0.998605 -0.0243197
t -0.642863 -0.00209441 0.765978
bt -0.0404001 -0.99861 -0.0338381
t -0.886966 0.00209468 0.46183
bt -0.0243552 -0.99861 -0.0467336
t 0.642917 -0.00209851 -0.765933
bt 0.040493 -0.9986 0.0340439
t 0.886966 0.00210649 -0.46183
bt 0.0244456 -0.998595 0.0470238
t 0.461234 -0.0105082 0.887216
bt -0.0470562 -0.9986 0.024177
t -0.461226 -0.0102084 -0.887224
bt 0.0545119 -0.998491 -0.00658296
t 0.996205 -0.00210366 -0.087011
bt 0.00461898 -0.998594 0.0527982
t 0.996183 0.002233 -0.0872663
bt 0.00490071 -0.998419 0.0559872
t 0.782547 0.618883 0.0678584
bt -0.153228 -0.0262054 0.987843
t 0.782899 0.618432 0.0679012
bt -0.154032 -0.0252036 0.987744
t 0.11274 0.993576 0.00986595
bt -0.12196 -0.00595448 0.992517
t 0.108991 0.993264 0.0393393
bt -0.12225 -0.00591492 0.992482
t -0.0679852 0.618401 0.782917
bt -0.999067 0.0189944 -0.0387805
t 0.0688408 0.614114 0.786209
bt -0.999155 0.0182414 -0.0368332
t -0.00978203 0.993591 0.112608
bt -0.998171 0.00430513 -0.0603007
t 4.54824e-05 0.99356 0.113304
bt -0.998195 0.00428242 -0.0599008
t 0.203946 0.61099 -0.764917
bt -0.996194 0.0177295 -0.0853435
t -0.000258843 0.617584 -0.786505
bt -0.996302 0.0188063 -0.0838334
t -0.137069 0.614045 -0.777278
bt -0.991372 0.0728167 0.108992
t -0.107221 0.984553 -0.138418
bt -0.996195 0.00668904 -0.0868928
t -0.0198648 0.990854 -0.133469
bt -0.995374 -0.00410638 -0.0959893
t -0.00617597 -0.0529951 -0.998576
bt -0.683526 -0.549262 0.480732
t 0.978677 -0.0221604 -0.204207
bt -0.537165 -0.578498 -0.613836
t 0.138793 0.00961536 0.990275
bt 0.13734 0.0396789 0.989729
t -0.116636 -0.336508 -0.93443
bt -0.139418 -0.00956804 -0.990187
t -0.121517 -0.00231938 0.992587
bt -0.122772 0.0271376 0.992064
t -0.121717 -0.00233877 0.992562
bt -0.122977 0.0271183 0.992039
t -0.793768 0.604584 -0.0664214
bt -0.00754717 -0.0999366 -0.994965
t -0.777248 0.614099 0.136997
bt -0.0117694 -0.102242 -0.99469
t -0.782547 0.618883 -0.06786
bt 0.0886042 0.0251198 -0.99575
t -0.782899 0.618432 -0.0679028
bt 0.0893494 0.0261039 -0.995658
t 0.782547 0.618883 0.0678585
bt 0.0886042 -0.0251198 -0.99575
t 0.777247 0.614099 -0.136999
bt -0.0117694 0.102242 -0.99469
t 0.793768 0.604582 0.0664324
bt -0.00754718 0.0999366 -0.994965
t 0.782899 0.618432 0.0679012
bt 0.0893494 -0.0261039 -0.995658
t 0.116162 0.993041 -0.0194139
bt 0.120909 -0.00591432 -0.992646
t 0.11274 0.993576 0.00986541
bt 0.120608 -0.00591814 -0.992683
t 0.112835 0.993415 -0.0198552
bt -0.137207 0.0242054 -0.990247
t 0.112736 0.993427 -0.0198412
bt -0.136128 0.0240519 -0.990399
t 0.462265 0.0105055 0.886679
bt -0.0466555 -0.9986 0.0249477
t 0.461234 -0.0105082 0.887216
bt -0.0466555 -0.9986 0.0249477
t -0.723958 0.0913975 -0.683763
bt -0.442964 -0.836739 0.321948
t -0.798596 -0.0912215 -0.594914
bt -0.337066 -0.844103 0.416985

