g sponza_273
t 0.261992 0 0.96507
bt -0.112893 -0.902411 -0.415824
t 0.269952 0.00172368 0.962872
bt 0.0467325 -0.80055 -0.597441
t 0.270216 0.00104937 0.962799
bt 0.0468351 -0.800801 -0.597097
t 0.261992 0 0.96507
bt -0.112893 -0.902411 -0.415824
t 0.297784 0.00253877 0.95463
bt 0.0238637 -0.508665 -0.860634
t 0.29743 0.00321228 0.954738
bt 0.0238419 -0.508637 -0.860651
t 0.354126 0.00479035 0.935185
bt 0.00987556 -0.366886 -0.930214
t 0.354012 0.00492068 0.935228
bt 0.00999583 -0.36699 -0.930171
t 0.467984 0.00685554 0.88371
bt 0.00490511 -0.301693 -0.953392
t 0.467769 0.00701495 0.883823
bt 0.00431429 -0.301384 -0.953493
t 0.706779 0.00934095 0.707373
bt 0.000925419 -0.270706 -0.962662
t 0.706883 0.00928401 0.70727
bt 0.00154095 -0.270859 -0.962618
t 0.903457 0.112317 0.413702
bt 0 -0.261992 -0.96507
t 0.904217 0.111897 0.412154
bt 0.000107273 -0.261992 -0.96507
t 0.903975 -0.112031 -0.412648
bt 0 -0.261992 -0.96507
t 0.801939 0.0475868 -0.595507
bt 0.000539443 -0.270342 -0.962764
t 0.802139 0.0477191 -0.595227
bt 0.000614767 -0.270324 -0.962769
t 0.903975 -0.112031 -0.412648
bt 0 -0.261992 -0.96507
t 0.508679 0.0238742 -0.860625
bt 0.00254725 -0.29778 -0.954631
t 0.50865 0.0238519 -0.860643
bt 0.00241438 -0.29785 -0.95461
t 0.366848 0.00983226 -0.930229
bt 0.00482597 -0.354095 -0.935197
t 0.366951 0.00995024 -0.930187
bt 0.00494585 -0.35399 -0.935236
t 0.301038 0.0036549 -0.953605
bt 0.00685508 -0.467985 -0.88371
t 0.301094 0.00376158 -0.953587
bt 0.00703432 -0.467743 -0.883837
t 0.270412 -0.000260803 -0.962745
bt 0.00975384 -0.706023 -0.708122
t 0.27056 0.000336437 -0.962703
bt 0.00969062 -0.706139 -0.708007
t 0.261992 0 -0.96507
bt 0.113235 -0.901786 -0.417084
t 0.261992 -0.00100157 -0.96507
bt 0.112724 -0.90272 -0.415199
t 0.261992 0 -0.96507
bt -0.112894 -0.90241 0.415826
t 0.270249 0.000529124 -0.96279
bt 0.046729 -0.800545 0.597449
t 0.270321 0.000623837 -0.96277
bt 0.0468351 -0.800801 0.597097
t 0.261992 0 -0.96507
bt -0.112894 -0.90241 0.415826
t 0.297731 0.00264087 -0.954646
bt 0.023862 -0.508663 0.860635
t 0.297826 0.00245908 -0.954617
bt 0.0238412 -0.508636 0.860651
t 0.341225 0.0193142 -0.939783
bt 0.0244794 -0.379334 0.924936
t 0.341065 0.0194943 -0.939837
bt 0.0246522 -0.379481 0.924871
t 0.379568 -0.0247535 -0.924833
bt -0.0193271 -0.341213 0.939787
t 0.466519 0.00794115 -0.884476
bt 0.00371399 -0.301069 0.953595
t 0.46743 0.00726603 -0.884
bt 0.00382054 -0.301125 0.953577
t 0.379568 -0.0247535 -0.924833
bt -0.0193271 -0.341213 0.939787
t 0.704533 0.0105663 -0.709593
bt 0.000991035 -0.270722 0.962657
t 0.704666 0.010494 -0.709462
bt 0.000842275 -0.270686 0.962667
t 0.903468 0.112311 -0.41368
bt 0 -0.261992 0.96507
t 0.901859 0.113195 -0.416937
bt 0.000179428 -0.261992 0.96507
t 0.902418 -0.112889 0.415809
bt 0 -0.261992 0.96507
t 0.800809 0.0468408 0.597085
bt 0.000549519 -0.27034 0.962765
t 0.800394 0.046567 0.597663
bt 0.00063493 -0.270319 0.962771
t 0.902418 -0.112889 0.415809
bt 0 -0.261992 0.96507
t 0.507264 0.0227865 0.861489
bt 0.00256344 -0.297771 0.954634
t 0.507234 0.0227637 0.861507
bt 0.00237399 -0.297871 0.954603
t 0.366812 0.00979044 0.930243
bt 0.00462662 -0.354269 0.935132
t 0.366415 0.00933134 0.930405
bt 0.0048042 -0.354114 0.93519
t 0.30104 0.00365805 0.953604
bt 0.00686239 -0.467975 0.883715
t 0.301083 0.00373906 0.953591
bt 0.0070175 -0.467766 0.883825
t 0.270705 0.000918733 0.962662
bt 0.00976655 -0.705999 0.708145
t 0.270657 0.000728089 0.962676
bt 0.00969513 -0.70613 0.708015
t 0.261992 0 0.96507
bt 0.113228 -0.901799 0.417059
t 0.261992 0.000154909 0.96507
bt 0.112729 -0.902709 0.415221
t 0.385385 -0.0105385 0.922696
bt 0.0311304 -0.614999 -0.787913
t 0.347422 -0.00716932 0.937682
bt 0.00198386 -0.81135 -0.584557
t 0.713019 0.00835749 0.701095
bt -0.054861 -0.951236 -0.303546
t 0.744969 0.0225866 0.666716
bt -0.030884 -0.87996 -0.474042
t 0.908636 -0.00121282 0.417587
bt -0.00810925 -0.992009 -0.125905
t 0.924444 0.00200301 0.381311
bt 0.00639546 -0.973425 -0.228916
t 0.903016 0 0.429607
bt -0.00853939 -0.999955 -0.00406334
t 0.701583 0 0.712588
bt -0.00654573 -0.999956 -0.00664782
t 0.588722 -0.00758009 0.8083
bt 0.0159585 -0.388026 -0.92151
t 0.467931 -0.0232878 0.883458
bt 0.0117069 -0.458856 -0.888434
t 0.801969 0.0294501 0.596639
bt -0.039915 -0.798018 -0.60131
t 0.869501 0.055924 0.490755
bt -0.0180971 -0.746179 -0.6655
t 0.948057 -0.00301103 0.318085
bt -0.00312111 -0.947433 -0.31994
t 0.972189 0.00689131 0.234098
bt 0.00146882 -0.924737 -0.380605
t 0.998676 0.017255 0.0484649
bt 0 -0.335391 -0.942079
t 0.846431 -0.0308929 0.531602
bt 0.00713098 -0.347412 -0.937685
t 0.964005 0.0127076 0.265578
bt -0.0100852 -0.71278 -0.701315
t 0.999317 0.0259187 0.0263229
bt 0 -0.701587 -0.712584
t 0.9929 -0.00779568 0.118698
bt -0.00276067 -0.908447 -0.417991
t 0.999962 0.00787364 0.00374661
bt 0 -0.903016 -0.429607
t 0.613935 0.0301599 -0.78878
bt -0.00913376 -0.384698 -0.922997
t 0.809698 0.000697621 -0.586846
bt -0.00723205 -0.347436 -0.937676
t 0.951667 -0.0535961 -0.30242
bt 0.00954201 -0.712856 -0.701246
t 0.879717 -0.0314919 -0.474453
bt 0.0239314 -0.744604 -0.667077
t 0.992128 -0.00625978 -0.125069
bt -0.00130953 -0.90864 -0.417577
t 0.973367 0.0057235 -0.229179
bt 9.40955e-05 -0.924606 -0.380924
t 0.3881 0.0161112 -0.921476
bt -0.00799216 -0.58919 -0.807955
t 0.458276 0.0109716 -0.888742
bt -0.0235898 -0.468166 -0.883326
t 0.797765 -0.0405754 -0.601602
bt 0.0286184 -0.802278 -0.596264
t 0.746275 -0.0177372 -0.665402
bt 0.0550161 -0.869896 -0.490157
t 0.947373 -0.00368399 -0.32011
bt -0.00370064 -0.948125 -0.317876
t 0.924752 0.00165601 -0.380566
bt 0.00560376 -0.972317 -0.233598
t 0.335391 0 -0.942079
bt 0.0167978 -0.998745 -0.0471805
t 0.3471 0.00579223 -0.93781
bt -0.0311517 -0.846727 -0.531115
t 0.71283 -0.00972723 -0.70127
bt 0.0127162 -0.964003 -0.265586
t 0.701587 0 -0.712584
bt 0.0259075 -0.999318 -0.0263115
t 0.908595 0.000335346 -0.417677
bt -0.00782876 -0.992901 -0.118683
t 0.903016 0 -0.429608
bt 0.00786947 -0.999962 -0.00374462
t 0.385344 -0.0104561 -0.922714
bt 0.0302936 -0.614082 0.788661
t 0.347412 -0.00712814 -0.937686
bt 0.000947749 -0.81002 0.586401
t 0.713015 0.00838503 -0.701099
bt -0.0536016 -0.951665 0.302424
t 0.744962 0.022616 -0.666724
bt -0.0308489 -0.879974 0.474019
t 0.908633 -0.00114609 -0.417594
bt -0.00624179 -0.99213 0.125061
t 0.924458 0.00184097 -0.381279
bt 0.00630586 -0.973418 0.228951
t 0.590209 -0.00888984 -0.807202
bt 0.0149714 -0.387546 0.921729
t 0.46791 -0.0232617 -0.88347
bt 0.0107201 -0.458077 0.888848
t 0.802805 0.0271971 -0.595622
bt -0.0406484 -0.797737 0.601635
t 0.870306 0.0540724 -0.489535
bt -0.0189454 -0.745952 0.665731
t 0.948191 -0.00437797 -0.31767
bt -0.00435497 -0.947302 0.320312
t 0.972255 0.00622839 -0.233841
bt 0.00382748 -0.924928 0.380122
t 0.998676 0.0172517 -0.0484555
bt 0 -0.335391 0.942079
t 0.846419 -0.0308824 -0.531622
bt 0.00617163 -0.347188 0.937775
t 0.963937 0.0129686 -0.265816
bt -0.0101254 -0.712775 0.70132
t 0.999317 0.025926 -0.0263303
bt 0 -0.701587 0.712584
t 0.992855 -0.00685354 -0.119126
bt 0.000463085 -0.908601 0.417665
t 0.999962 0.0079056 -0.0037618
bt 0 -0.903016 0.429607
t 0.614829 0.0309758 0.788052
bt -0.0101972 -0.385218 0.922769
t 0.809711 0.00070722 0.586829
bt -0.00858311 -0.347751 0.937548
t 0.95162 -0.0537337 0.302542
bt 0.00889496 -0.712945 0.701164
t 0.88016 -0.0303834 0.473704
bt 0.0230877 -0.744833 0.666851
t 0.992002 -0.00821705 0.125953
bt 0.00162294 -0.908503 0.417875
t 0.973307 0.00502753 0.229452
bt 0.00255869 -0.924397 0.381424
t 0.388091 0.0160924 0.921481
bt -0.00836783 -0.589617 0.80764
t 0.458257 0.0109475 0.888752
bt -0.023883 -0.468394 0.883197
t 0.79832 -0.0392584 0.600953
bt 0.0284696 -0.802332 0.596199
t 0.746282 -0.0177108 0.665394
bt 0.0550383 -0.869887 0.490171
t 0.947442 -0.00303175 0.319913
bt -0.00429764 -0.948183 0.317694
t 0.924764 0.00180285 0.380536
bt 0.00558646 -0.972319 0.233592
t 0.335391 0 0.942079
bt 0.018201 -0.998527 0.051122
t 0.347069 0.00566103 0.937822
bt -0.0326633 -0.848451 0.528266
t 0.712833 -0.00970744 0.701267
bt 0.0149329 -0.963413 0.267604
t 0.908582 4.99014e-05 0.417707
bt -0.00814926 -0.992916 0.118538
t 0.500176 0.0677647 0.863268
bt -0.27792 -0.615439 -0.737561
t 0.542302 0.0359834 0.839413
bt -0.0635338 -0.707549 -0.703803
t 0.499418 0.0709884 0.863448
bt -0.0529202 -0.876137 -0.479148
t 0.502297 -9.34628e-06 0.864695
bt -0.115422 -0.973241 -0.198693
t 0.602673 0.0505114 0.796388
bt -0.0588283 -0.597239 -0.799903
t 0.512488 0.254265 0.820186
bt -0.125201 -0.501802 -0.855874
t 0.876176 0.0528701 0.479082
bt -0.0713067 -0.499343 -0.863465
t 0.971977 0.11808 0.203269
bt 0.000131349 -0.502297 -0.864695
t 0.612619 0.279684 0.73924
bt -0.0691106 -0.499861 -0.863344
t 0.615328 0.162189 0.771405
bt -0.141209 -0.493947 -0.857949
t 0.841328 -0.0941476 -0.532263
bt 0.0156052 -0.511617 -0.859072
t 0.615479 -0.162041 -0.771316
bt 0.139852 -0.494619 -0.857784
t 0.890164 -0.22887 -0.393989
bt 0 -0.5023 -0.864693
t 0.597256 -0.0588763 -0.799886
bt 0.0506256 -0.602593 -0.796441
t 0.501775 -0.125257 -0.855881
bt 0.254215 -0.512549 -0.820164
t 0.511941 -0.254716 -0.820388
bt 0.123632 -0.502562 -0.855656
t 0.499346 -0.0712924 -0.863464
bt 0.0492928 -0.878949 -0.474362
t 0.502297 0.000131302 -0.864695
bt 0.11648 -0.972741 -0.200516
t 0.500301 -0.0672313 -0.863238
bt 0.27927 -0.613282 -0.738846
t 0.493906 -0.14129 -0.857959
bt 0.162187 -0.61533 -0.771404
t 0.500181 0.0677463 -0.863267
bt -0.280533 -0.611256 0.740046
t 0.542298 0.0359925 -0.839415
bt -0.0655535 -0.705834 0.705338
t 0.499393 0.071094 -0.863454
bt -0.0478614 -0.880047 0.472468
t 0.5023 0 -0.864693
bt -0.228891 -0.890142 0.394026
t 0.602678 0.0505025 -0.796384
bt -0.0577162 -0.59797 0.799438
t 0.689449 0.0844446 -0.719395
bt -0.0318511 -0.544044 0.838452
t 0.876188 0.0528548 -0.479062
bt -0.0712996 -0.499345 0.863465
t 0.971924 0.118189 -0.203457
bt 9.3651e-05 -0.502297 0.864695
t 0.612643 0.279669 -0.739225
bt -0.0674504 -0.50025 0.86325
t 0.612863 -0.279532 0.739095
bt 0.0679655 -0.500129 0.86328
t 0.70641 -0.0648761 0.704824
bt 0.0368053 -0.541954 0.839602
t 0.876145 -0.0529107 0.479136
bt 0.0726475 -0.499027 0.863536
t 0.890145 -0.228888 0.39402
bt 0 -0.5023 0.864693
t 0.597238 -0.0589052 0.799898
bt 0.0502778 -0.602819 0.796292
t 0.501768 -0.125271 0.855883
bt 0.252679 -0.514408 0.819474
t 0.499345 -0.0712996 0.863465
bt 0.05122 -0.87746 0.476907
t 0.5023 0 0.864693
bt 0.227581 -0.891472 0.39177
t 0.500297 -0.0672497 0.863239
bt 0.279675 -0.612633 0.739231
t 0.493905 -0.141294 0.857959
bt 0.161566 -0.615966 0.771027
t 0.961403 -0.0039774 0.275114
bt 0.0055832 -0.986806 -0.16181
t 0.952703 -0.00960406 0.303751
bt 0.00272888 -0.996423 -0.0844621
t 0.902634 -0.00424419 0.430388
bt -0.00224495 -0.991777 -0.127961
t 0.920162 -0.00584302 0.391493
bt 0.00331521 -0.971256 -0.238014
t 0.952691 -0.00885832 0.303812
bt 0.0163346 -0.996651 -0.0801265
t 0.949291 -4.44046e-05 0.314398
bt -0.00122188 -0.999999 -0.00040458
t 0.896873 0.000255074 0.442289
bt -0.00205433 -0.999997 -0.00101278
t 0.952686 0.00857015 0.303835
bt -0.0180597 -0.996665 0.0795762
t 0.902601 0.00352222 0.430464
bt -0.00150465 -0.992004 0.126201
t 0.952707 0.0098247 0.303733
bt -0.00421916 -0.996458 0.0839886
t 0.961403 0.00396487 0.275116
bt -0.00526166 -0.986793 0.1619
t 0.920116 0.00529085 0.39161
bt -0.00338385 -0.971263 0.237987
t 0.9739 0.00435195 0.226938
bt -0.00588291 -0.973971 0.226595
t 0.944276 0.00243305 0.329146
bt -0.00447424 -0.944491 0.328508
t 0.986704 0.00312207 0.162499
bt -0.00565426 -0.961469 0.274855
t 0.970932 -1.48232e-05 0.239356
bt -0.00509263 -0.920099 0.391652
t 0.996424 0.00277964 0.084446
bt -0.0117085 -0.952734 0.30358
t 0.991776 -0.00225875 0.127968
bt -0.00453583 -0.902648 0.430357
t 0.99665 0.0162706 0.0801469
bt -0.0107013 -0.952719 0.303663
t 0.999999 -0.00121126 0.000401063
bt -3.66685e-05 -0.949291 0.314398
t 0.999997 -0.00205265 0.00101195
bt -0.000492122 -0.896873 0.442289
t 0.996665 -0.0180602 -0.079576
bt 0.00900339 -0.952693 0.303801
t 0.992002 -0.00147629 -0.126214
bt 0.00363644 -0.902606 0.430452
t 0.996458 -0.00421793 -0.083989
bt 0.00983975 -0.952707 0.303732
t 0.986793 -0.00526051 -0.1619
bt 0.00376771 -0.961395 0.275146
t 0.971262 -0.00337934 -0.237988
bt 0.00358777 -0.919972 0.391968
t 0.973983 -0.00615089 -0.226536
bt 0.00418474 -0.973892 0.226975
t 0.944541 -0.00496358 -0.328355
bt 0.00469107 -0.944513 0.32844
t 0.961433 -0.00473307 -0.274998
bt 0.00336728 -0.986714 0.16243
t 0.920237 -0.00674703 -0.391303
bt -1.28206e-05 -0.970932 0.239356
t 0.952708 -0.00994019 -0.303724
bt 0.00340829 -0.996439 0.0842463
t 0.90259 -0.00328914 -0.430489
bt -0.00227843 -0.991774 0.127977
t 0.952682 -0.00835144 -0.303853
bt 0.0177293 -0.996663 0.0796816
t 0.949291 0 -0.314398
bt -0.00176529 -0.999998 0.000584557
t 0.896873 0.000479075 -0.442289
bt -0.00184892 -0.999998 0.000911478
t 0.952693 0.00898693 -0.303802
bt -0.0164478 -0.996652 -0.0800904
t 0.902609 0.00370095 -0.430445
bt -0.00187706 -0.992025 -0.126026
t 0.952707 0.00985716 -0.30373
bt -0.00194023 -0.996404 -0.0847126
t 0.961405 0.00401642 -0.275108
bt -0.0058226 -0.986816 -0.161743
t 0.920141 0.00559143 -0.391546
bt -0.00295348 -0.971221 -0.23816
t 0.973912 0.00461904 -0.226878
bt -0.00556778 -0.973957 -0.226666
t 0.944338 0.00301929 -0.328963
bt -0.00685556 -0.944736 -0.327762
t 0.986694 0.00288691 -0.162564
bt -0.00458878 -0.961428 -0.27502
t 0.970886 -0.000471374 -0.23954
bt -0.00524931 -0.920113 -0.391618
t 0.99644 0.00343485 -0.0842378
bt -0.00954947 -0.952702 -0.303755
t 0.991838 -0.00126481 -0.127501
bt -0.00418562 -0.902632 -0.430394
t 0.996663 0.0177196 -0.0796847
bt -0.00876549 -0.952689 -0.30382
t 0.999999 -0.00156399 -0.000517887
bt -3.66637e-05 -0.949291 -0.314398
t 0.999997 -0.00228855 -0.00112826
bt 0.000308346 -0.896873 -0.442289
t 0.996663 -0.0177681 0.0796692
bt 0.0104612 -0.952716 -0.303683
t 0.992027 -0.00191571 0.126008
bt 0.00405577 -0.902626 -0.430407
t 0.996403 -0.00191462 0.0847207
bt 0.0115908 -0.952732 -0.30359
t 0.986804 -0.00551607 0.161828
bt 0.00404974 -0.961433 -0.275008
t 0.9712 -0.00273449 0.238249
bt 0.00428571 -0.920031 -0.391821
t 0.973997 -0.00644305 0.22647
bt 0.00401899 -0.973884 -0.227012
t 0.944589 -0.00542174 0.328211
bt 0.00266678 -0.944301 -0.329073
t 0.235611 0 -0.971847
bt -0.110127 -0.884017 0.454297
t 0.243344 -0.000119877 -0.96994
bt 0.047695 -0.771633 0.634277
t 0.243216 0.000388257 -0.969972
bt 0.0491073 -0.774045 0.631224
t 0.235611 0 -0.971847
bt -0.110127 -0.884017 0.454297
t 0.268087 0.00273045 -0.963391
bt 0.0218794 -0.466617 0.884189
t 0.265612 0.00738779 -0.964052
bt 0.0500276 -0.504582 0.861913
t 0.31997 0.00470443 -0.947416
bt 0.00895872 -0.33218 0.943173
t 0.319784 0.00491107 -0.947478
bt 0.00900175 -0.332219 0.943159
t 0.274332 -0.00890041 -0.961594
bt -0.0347617 -0.386632 0.921579
t 0.427078 0.00654704 -0.904191
bt 0.0042573 -0.271825 0.962337
t 0.385442 0.0355794 -0.922046
bt 0.00914319 -0.274462 0.961555
t 0.669875 0.00671665 -0.742443
bt 0.0013117 -0.243644 0.969864
t 0.668927 0.0072547 -0.743293
bt 0.00154705 -0.243703 0.969849
t 0.506493 -0.051469 -0.860707
bt -0.00704572 -0.265796 0.964004
t 0.881336 0.111324 -0.459188
bt 0 -0.235589 0.971853
t 0.880438 0.111718 -0.460812
bt 0.000455392 -0.235589 0.971853
t 0.880607 -0.111644 0.460507
bt 0 -0.235589 0.971853
t 0.772305 0.0480877 0.633429
bt 0.0014452 -0.242949 0.970038
t 0.771875 0.0477501 0.633978
bt 0.000893655 -0.243088 0.970004
t 0.880607 -0.111644 0.460507
bt 0 -0.235589 0.971853
t 0.507251 0.0520413 0.860226
bt 0.00820669 -0.265171 0.964166
t 0.507063 0.0518995 0.860345
bt 0.00872321 -0.264893 0.964238
t 0.38548 -0.035553 0.922031
bt -0.00839529 -0.274063 0.961675
t 0.33156 0.00826095 0.943398
bt 0.0047583 -0.319921 0.947432
t 0.33157 0.00827274 0.943394
bt 0.00486998 -0.319821 0.947465
t 0.38548 -0.035553 0.922031
bt -0.00839529 -0.274063 0.961675
t 0.271284 0.00324454 0.962494
bt 0.00598525 -0.427871 0.90382
t 0.274446 0.00911299 0.961559
bt 0.0348829 -0.386455 0.921648
t 0.243633 0.00127076 0.969867
bt 0.00671645 -0.669876 0.742443
t 0.243494 0.000718686 0.969902
bt 0.00720416 -0.668886 0.74333
t 0.265134 -0.00827597 0.964176
bt -0.0514517 -0.50647 0.860721
t 0.235611 0 0.971847
bt 0.111314 -0.881335 0.459192
t 0.235611 0.000687086 0.971847
bt 0.111716 -0.880417 0.460852
t 0.235611 0 0.971847
bt -0.111635 -0.880602 -0.460519
t 0.243291 9.17833e-05 0.969953
bt 0.0480845 -0.772299 -0.633436
t 0.243209 0.000415949 0.969974
bt 0.04783 -0.771864 -0.633986
t 0.235611 0 0.971847
bt -0.111635 -0.880602 -0.460519
t 0.268057 0.00278582 0.963399
bt 0.0232017 -0.468427 -0.883198
t 0.265585 0.00743901 0.964059
bt 0.0519319 -0.507106 -0.860318
t 0.320222 0.00442397 0.947332
bt 0.00878762 -0.332028 -0.943229
t 0.320023 0.00464526 0.947398
bt 0.00883162 -0.332067 -0.943214
t 0.274298 -0.00883668 0.961604
bt -0.0347521 -0.386645 -0.921573
t 0.42715 0.00649634 0.904158
bt 0.00285716 -0.271077 -0.962553
t 0.386376 0.0349372 0.921679
bt 0.0085283 -0.274134 -0.961654
t 0.667986 0.00764726 0.744134
bt -5.96769e-05 -0.243298 -0.969952
t 0.667427 0.00799274 0.744633
bt 0.000195668 -0.243363 -0.969935
t 0.504216 -0.0497518 0.862143
bt -0.00834612 -0.265096 -0.964186
t 0.881316 0.111333 0.459224
bt 0 -0.235589 -0.971853
t 0.880452 0.111712 0.460787
bt -0.000760152 -0.235589 -0.971853
t 0.880615 -0.111641 -0.460494
bt 0 -0.235589 -0.971853
t 0.771628 0.0476921 -0.634284
bt 8.45482e-05 -0.243292 -0.969953
t 0.771225 0.0473701 -0.634798
bt 0.000411251 -0.24321 -0.969974
t 0.880615 -0.111641 -0.460494
bt 0 -0.235589 -0.971853
t 0.50469 0.0501089 -0.861845
bt 0.00693905 -0.265853 -0.963988
t 0.504585 0.0500303 -0.861911
bt 0.00745827 -0.265574 -0.964062
t 0.386657 -0.0347443 -0.921569
bt -0.0103086 -0.275082 -0.961366
t 0.332181 0.00895902 -0.943173
bt 0.00480856 -0.319876 -0.947447
t 0.332228 0.00901213 -0.943156
bt 0.00382554 -0.320759 -0.947153
t 0.386657 -0.0347443 -0.921569
bt -0.0103086 -0.275082 -0.961366
t 0.271254 0.00318942 -0.962502
bt 0.00648545 -0.427165 -0.90415
t 0.274458 0.00913712 -0.961556
bt 0.0349216 -0.386399 -0.92167
t 0.243598 0.00112975 -0.969876
bt 0.00657093 -0.670171 -0.742178
t 0.243459 0.000577662 -0.969911
bt 0.00684847 -0.669608 -0.742683
t 0.265095 -0.0083496 -0.964186
bt -0.0497978 -0.504277 -0.862105
t 0.235611 0 -0.971847
bt 0.111872 -0.880061 -0.461495
t 0.235611 0.000424816 -0.971847
bt 0.109722 -0.884924 -0.452626
t 0.997462 0 -0.0711973
bt -0.000220512 -1 1.54986e-05
t 1 1.01794e-08 0
bt 7.12573e-07 -1 0
t 0.997629 0.000438623 -0.068817
bt -0.000107832 -0.99983 0.0184506
t 0.998091 0.000748242 -0.0617631
bt -0.000244536 -0.999363 0.0356818
t 0.998724 0.000578702 -0.0504909
bt 0.000181013 -0.998726 0.050453
t 0.999361 0.00105155 -0.0357312
bt -0.000578134 -0.998091 0.0617573
t 0.999831 -0.00112943 -0.0183649
bt 0.000286242 -0.99763 0.0688038
t 1 0.00023796 -1.67436e-05
bt 0 -0.997462 0.0711973
t 0.999831 0.000852177 0.0183844
bt -0.000121093 -0.99763 0.0688067
t 0.999365 0.000740371 0.035621
bt 0.000147102 -0.998092 0.0617418
t 0.998722 -0.0012922 0.0505272
bt 0.000661655 -0.998724 0.0504951
t 0.998092 -5.78506e-05 0.0617388
bt -0.00085145 -0.999365 0.0356137
t 0.997628 -0.000833218 0.0688243
bt -0.00112925 -0.999831 0.0183649
t 0.997462 0 0.0711973
bt 0.000238092 -1 1.67531e-05
t 0.99763 0.000152192 0.0688117
bt 0.000851781 -0.999831 -0.0183845
t 0.998093 -9.26102e-05 0.0617332
bt 0.00169171 -0.999366 -0.0355622
t 0.998728 -0.000964119 0.0504132
bt 9.43332e-05 -0.998726 -0.0504574
t 0.999364 3.47293e-05 0.0356684
bt -0.000533714 -0.998091 -0.0617557
t 0.999828 0.000886118 0.0185038
bt 0.000286236 -0.99763 -0.0688038
t 1 0.000263611 1.85751e-05
bt 0 -0.997462 -0.0711973
t 0.99983 -0.000194085 -0.0184566
bt -0.000121067 -0.99763 -0.0688067
t 0.999363 -0.000244568 -0.0356818
bt 0.000169174 -0.998092 -0.0617425
t 0.998728 0.000988989 -0.0504123
bt 0.000651233 -0.998724 -0.0504946
t 0.998094 0.000765188 -0.0617096
bt 3.49172e-05 -0.999364 -0.0356685
t 0.997629 -0.000260324 -0.0688138
bt 0.000842915 -0.999829 -0.0185009
t 0.887664 -0.00272484 0.460484
bt -0.0114401 -0.989574 -0.143569
t 0.900763 -0.00206523 0.434306
bt -0.00634646 -0.99134 -0.131163
t 0.917666 0.00246829 0.397345
bt 0.00100572 -0.97034 -0.241743
t 0.906432 0.00210605 0.422346
bt 0.00344499 -0.966166 -0.257898
t 0.887317 -0.0015701 0.461156
bt -0.0080169 -0.990978 0.133786
t 0.900561 -0.00193432 0.434726
bt -0.0040287 -0.991977 0.12635
t 0.894687 0 0.446693
bt 0.00589331 -0.999978 0.00294195
t 0.880901 0 0.473301
bt 0.0104611 -0.999929 0.00562069
t 0.934332 -0.00288747 0.356393
bt -0.00108447 -0.934838 0.355074
t 0.942813 -0.000820888 0.33332
bt -0.00120201 -0.943037 0.332685
t 0.917929 0.000800639 0.396745
bt 0.00700397 -0.969473 0.245098
t 0.906807 0.00210148 0.42154
bt 0.0111168 -0.964367 0.264333
t 0.989847 -0.00796743 0.141915
bt 0.000624064 -0.887435 0.460933
t 0.991453 -0.00469305 0.13038
bt 0.0014497 -0.900586 0.434675
t 0.970588 0.00377547 0.240717
bt 0.00141352 -0.917727 0.39721
t 0.966636 0.00802472 0.25603
bt 0.00208902 -0.906376 0.422467
t 0.991102 -0.0100683 -0.132726
bt -0.0015976 -0.887379 0.461038
t 0.992062 -0.00530414 -0.125634
bt -0.0017405 -0.900571 0.434706
t 0.999982 0.00540177 -0.00269654
bt -3.6476e-05 -0.894687 0.446693
t 0.99994 0.00965705 -0.00518753
bt 0 -0.880859 0.473378
t 0.935601 -0.00724425 -0.352984
bt -0.0048365 -0.934092 0.357
t 0.943292 -0.00355047 -0.331945
bt -0.00422775 -0.942426 0.334387
t 0.969838 0.00385755 -0.243721
bt 0.000322353 -0.917923 0.396759
t 0.965038 0.00588067 -0.262044
bt 0.00242805 -0.906897 0.421345
t 0.88743 0.00070494 -0.460941
bt -0.00899208 -0.989779 0.142326
t 0.900591 0.00135401 -0.434665
bt -0.00689053 -0.991303 0.131421
t 0.917749 0.00156938 -0.397157
bt 0.00384102 -0.97062 0.240587
t 0.906402 0.00238939 -0.422409
bt 0.00819441 -0.966688 0.255828
t 0.887548 0.00137106 -0.460713
bt -0.00789852 -0.990972 -0.133835
t 0.900731 0.00142308 -0.434375
bt -0.00415225 -0.991998 -0.126182
t 0.894687 0 -0.446693
bt 0.00621828 -0.999976 -0.00310421
t 0.880901 0 -0.473301
bt 0.0105106 -0.999929 -0.00564728
t 0.934076 -0.00485072 -0.357042
bt -0.00473831 -0.935288 -0.353855
t 0.942482 -0.00374509 -0.334236
bt -0.00109415 -0.943025 -0.332719
t 0.917872 0.000175957 -0.396877
bt 0.00484475 -0.969707 -0.244223
t 0.906811 0.00214391 -0.421531
bt 0.00638701 -0.964967 -0.262293
t 0.989844 -0.00797253 -0.141936
bt 0.000105476 -0.887402 -0.460996
t 0.991439 -0.00468862 -0.130487
bt 0.000600421 -0.90063 -0.434587
t 0.970629 0.00393325 -0.24055
bt 0.00242263 -0.91767 -0.397336
t 0.96668 0.00838049 -0.25585
bt 0.00209516 -0.906433 -0.422344
t 0.991101 -0.0100757 0.132734
bt -0.00136523 -0.887329 -0.461134
t 0.99204 -0.00515064 0.125817
bt -0.00193291 -0.900561 -0.434726
t 0.999982 0.00541626 0.00270378
bt -3.64715e-05 -0.894687 -0.446693
t 0.99994 0.00965849 0.0051883
bt 0 -0.880859 -0.473378
t 0.935299 -0.00472211 0.353828
bt -0.00476689 -0.934101 -0.356977
t 0.943058 -0.00138773 0.332627
bt -0.00557848 -0.94227 -0.334809
t 0.969799 0.00398433 0.243873
bt 0.000467601 -0.917898 -0.396815
t 0.965019 0.00603976 0.262112
bt 0.00261613 -0.906876 -0.421389
t 0.99532 0.025179 0.0933007
bt -0.00771922 -0.952281 -0.305125
t 0.99653 0.00768521 -0.0828852
bt 0.0073501 -0.952292 -0.3051
t 0.952271 -0.00801853 -0.305147
bt 0.0242302 -0.995371 -0.0930017
t 0.952205 0.00998805 -0.305297
bt 0.00660938 -0.996509 0.0832273
t 0.995237 0.0266569 -0.0937661
bt -0.0057583 -0.952343 0.304976
t 0.99653 0.00773606 0.082869
bt 0.00989685 -0.952208 0.305291
t 0.952281 -0.00771238 0.305124
bt 0.0266568 -0.995237 0.0937661
t 0.952215 0.00967701 0.305274
bt 0.00773688 -0.99653 -0.0828687
t 0.952216 -0.00966131 0.305273
bt -0.0079304 -0.996534 0.0828072
t 0.99529 -0.0257224 0.0934719
bt 0.00611006 -0.952332 0.305003
t 0.996534 -0.00793208 -0.0828066
bt -0.00975247 -0.952213 0.30528
t 0.952334 0.00602642 -0.304997
bt -0.0254532 -0.995304 0.0933871
t 0.952216 -0.00965976 -0.305273
bt -0.0063892 -0.996504 -0.0832974
t 0.995305 -0.0254408 -0.0933832
bt 0.00880601 -0.952246 -0.305206
t 0.996533 -0.00786093 0.0828293
bt -0.0097478 -0.952213 -0.30528
t 0.952242 0.0089211 0.305215
bt -0.0257337 -0.995289 -0.0934754
t 0.526857 -0.0673333 0.847283
bt 0.0299326 -0.930385 -0.365359
t 0.525443 -0.0586659 0.848804
bt 0.133091 -0.968483 -0.210542
t 0.815035 -0.0861704 0.572969
bt 0.127918 -0.602405 -0.787874
t 0.968553 -0.133433 0.210004
bt 0.0591525 -0.525523 -0.84872
t 0.930496 -0.0301427 0.365059
bt 0.0644023 -0.526385 -0.847804
t 0.861339 -0.178064 0.475803
bt 0.0958074 -0.592094 -0.800154
t 0.861886 0.179378 -0.474317
bt -0.0981663 -0.592875 -0.799289
t 0.602423 0.127976 -0.787851
bt -0.0882384 -0.816245 -0.570928
t 0.815369 0.0867404 -0.572407
bt -0.128327 -0.602532 -0.78771
t 0.525523 0.0591523 -0.84872
bt -0.134349 -0.968738 -0.208561
t 0.527123 0.0689956 -0.846983
bt -0.0290015 -0.929891 -0.366689
t 0.593449 0.0999062 -0.798647
bt -0.176663 -0.860751 -0.477387
t 0.526838 -0.0672119 -0.847304
bt 0.028705 -0.929733 0.367113
t 0.525441 -0.0586541 -0.848806
bt 0.134532 -0.968774 0.208272
t 0.968455 -0.132956 -0.210754
bt 0.0590131 -0.5255 0.848744
t 0.930479 -0.0301109 -0.365104
bt 0.0644231 -0.526388 0.8478
t 0.930385 0.0299318 0.36536
bt -0.0669199 -0.526791 0.847357
t 0.968484 0.133099 0.210529
bt -0.0586423 -0.525439 0.848808
t 0.602405 0.127916 0.787874
bt -0.0861435 -0.815019 0.572995
t 0.525435 0.0586172 0.848812
bt -0.132951 -0.968454 0.210762
t 0.527129 0.0690309 0.846977
bt -0.0301212 -0.930485 0.36509
t 0.593461 0.0999413 0.798634
bt -0.178031 -0.861325 0.475841

