g sponza_95
t 0 0 -1
bt -0.0973947 -0.995246 0
t 0 0 -1
bt -0.172904 -0.984937 0.00153642
t 0 0 -1
bt -0.164705 -0.986343 0
t 0 0 -1
bt -0.0973947 -0.995246 0
t 0 0 -1
bt -0.674573 -0.729935 -0.11021
t 0 0 -1
bt -0.678429 -0.734107 -0.0286506
t 0 0 -1
bt -0.674573 -0.729935 -0.11021
t 0 0 -1
bt -0.674573 -0.729935 -0.11021
t 0 0 -1
bt 0.564881 -0.825172 -0.0013221
t 0 0 -1
bt 0.564881 -0.825172 0
t 0 0 -1
bt 0.564881 -0.825172 -0.0013221
t 0 0 -1
bt 0.564881 -0.825172 -0.0013221
t 0 0 -1
bt -0.606826 -0.794834 0
t 0 0 -1
bt -0.606822 -0.794828 -0.00399903
t 0 0 -1
bt -0.606826 -0.794834 0
t 0 0 -1
bt -0.606826 -0.794834 0
t 0 0 -1
bt 0.606825 -0.794832 0.00234951
t 0 0 -1
bt 0.606826 -0.794834 0
t 0 0 -1
bt 0.606825 -0.794832 0.00234951
t 0 0 -1
bt 0.606825 -0.794832 0.00234951
t 0 0 -1
bt -0.313106 -0.949718 -7.95387e-05
t 0 0 -1
bt -0.365003 -0.931007 0.000135933
t 0 0 -1
bt -0.365003 -0.931007 0
t 0 0 -1
bt -0.298895 -0.954286 0
t -0.554872 0.330225 -0.763589
bt -0.0176547 -0.975451 0.219506
t -0.658482 -0.210914 -0.722438
bt -0.0660618 -0.949137 0.307854
t -0.595038 0.147221 -0.790098
bt -0.0550788 -0.947403 0.315269
t -0.554872 0.330225 -0.763589
bt -0.0176547 -0.975451 0.219506
t -0.610089 -0.250524 -0.751684
bt -0.00997621 -0.999743 -0.0203362
t -0.590841 -0.346288 -0.728691
bt -0.00212564 -0.999941 -0.0106896
t -0.610195 -0.250525 -0.751598
bt -0.00997856 -0.999743 -0.0203343
t -0.610301 -0.250526 -0.751512
bt -0.00998091 -0.999743 -0.0203324
t -0.830584 -0.299352 -0.469595
bt -0.107507 -0.529249 0.841628
t -0.631519 -0.000132445 -0.77536
bt -0.0314248 -0.493528 0.869162
t -0.830673 -0.299218 -0.469522
bt -0.107427 -0.529369 0.841563
t -0.830584 -0.299352 -0.469595
bt -0.107507 -0.529249 0.841628
t -0.865381 0.456498 -0.206702
bt 0.0260773 -0.483748 -0.874819
t -0.631506 0.000155899 -0.775371
bt 0.0254705 -0.483363 -0.87505
t -0.865327 0.45658 -0.206746
bt 0.0261198 -0.483683 -0.874853
t -0.86522 0.456744 -0.206833
bt 0.0262047 -0.483553 -0.874923
t -0.713372 -0.358615 -0.602076
bt -0.0391405 -0.816618 0.57585
t -0.72106 -0.247308 -0.647234
bt -0.0807499 -0.764801 0.639187
t -0.741346 -0.350086 -0.572579
bt -0.0635353 -0.755938 0.651553
t -0.708146 -0.315073 -0.631868
bt -0.0405697 -0.821604 0.568613
t 0 0 -1
bt 0 -1 0
t 0 0 -1
bt 0 -1 0.0003425
t 0 0 -1
bt 0 -1 0
t 0 0 -1
bt 0 -1 0
t 1 0 -0.000919713
bt 0 0 1
t 1 0 -0.000111091
bt 0.00159071 0 0.999999
t 1 0 -0.000919648
bt -0.00746461 0 0.999972
t 1 0 -0.000919648
bt -0.00746461 0 0.999972
t -0.819436 0.568003 -0.0767949
bt 0.0603908 -0.552768 -0.831144
t -0.836188 0.395439 -0.380023
bt 0.0933795 -0.568929 -0.817068
t -0.819339 0.568132 -0.0768736
bt 0.0604739 -0.552658 -0.831212
t -0.819436 0.568003 -0.0767949
bt 0.0603908 -0.552768 -0.831144
t -0.652035 -0.0196801 -0.757933
bt -0.498149 -0.567498 0.655587
t -0.631297 -4.36436e-05 -0.775541
bt -0.522438 -0.57093 0.633323
t -0.652191 -0.0193969 -0.757806
bt -0.498157 -0.567483 0.655593
t -0.652128 -0.0195119 -0.757858
bt -0.498164 -0.56747 0.655599
t -1 0 6.40478e-05
bt -0.00124274 0 -0.999999
t -0.999967 0 0.00816929
bt 0 0 -1
t -1 0 6.40478e-05
bt -0.00124274 0 -0.999999
t -1 0 6.40478e-05
bt -0.00124274 0 -0.999999
t 1 0 -0.000919517
bt -0.0223926 0 0.999749
t 1 1.27985e-06 -1.53011e-07
bt -0.00186402 -0.992869 0.119196
t 1 1.45241e-06 -1.7364e-07
bt 0 -0.992871 0.119196
t 1 2.12436e-06 -4.34625e-07
bt -0.00124691 -0.979693 0.200499
t 1 1.47005e-06 -3.13716e-07
bt -0.00118292 -0.978021 0.208503
t 1 0 0
bt 0.0208937 -0.660743 0.750322
t 1 0 0
bt 0.080955 -0.658718 0.748022
t 1 0 0
bt 0.0208937 -0.660743 0.750322
t 1 0 0
bt 0.0208937 -0.660743 0.750322
t 1 0 0
bt 0.000967387 -0.765287 -0.643689
t 1 -6.04884e-06 -5.08731e-06
bt 0 -0.765287 -0.643689
t 1 0 0
bt 0.000967387 -0.765287 -0.643689
t 1 0 0
bt 0.000967387 -0.765287 -0.643689
t 1 0 0
bt 0.00300567 -0.72944 0.684038
t 1 2.91503e-06 -2.73389e-06
bt 0 -0.729394 0.684094
t 1 0 0
bt 0.00300567 -0.729391 0.684091
t 1 0 0
bt 0.00300567 -0.72944 0.684038
t 1 0 0
bt -0.00172955 -0.729393 -0.684093
t 1 0 0
bt 0 -0.729394 -0.684094
t 1 0 0
bt -0.00172955 -0.729393 -0.684093
t 1 0 0
bt -0.00172955 -0.729393 -0.684093
t 1 1.34205e-06 -5.3697e-07
bt 7.29484e-06 -0.92836 0.371683
t 1 0 0
bt 6.49085e-05 -0.933573 0.358388
t 1 2.28085e-06 -1.09891e-06
bt -8.63447e-05 -0.90091 0.434005
t 1 2.28085e-06 -1.09891e-06
bt -8.63447e-05 -0.90091 0.434005
t 0.636088 0.317649 0.703201
bt -0.173914 -0.984314 0.0296561
t 0.571696 -0.214868 0.79183
bt -0.270348 -0.96046 0.066555
t 0.652907 0.141204 0.74416
bt -0.268046 -0.961232 0.0646922
t 0.636088 0.317649 0.703201
bt -0.173914 -0.984314 0.0296561
t 0.612034 -0.250761 0.750023
bt 0.0165678 -0.999787 0.01228
t 0.593537 -0.34648 0.726406
bt 0.00865106 -0.999959 0.00255024
t 0.612034 -0.250761 0.750023
bt 0.0165678 -0.999787 0.01228
t 0.61187 -0.250762 0.750156
bt 0.0165647 -0.999787 0.0122825
t 0.302141 -0.291532 0.90759
bt -0.793417 -0.596292 0.122171
t 0.631145 4.23909e-06 0.775665
bt -0.810179 -0.581455 0.0742968
t 0.302202 -0.291624 0.90754
bt -0.79345 -0.596241 0.122199
t 0.302156 -0.291555 0.907578
bt -0.793457 -0.596232 0.122204
t 0.631346 0.000303512 0.775501
bt 0.826877 -0.561178 -0.0367935
t 0.0567098 0.440644 0.895889
bt 0.826816 -0.561265 -0.0368478
t 0.631237 0.000136788 0.77559
bt 0.826839 -0.561235 -0.0367628
t 0.631167 2.93026e-05 0.775647
bt 0.826828 -0.561253 -0.0367535
t 0.456605 -0.33774 0.82307
bt -0.493043 -0.86746 0.0664921
t 0.498609 -0.230551 0.835605
bt -0.561542 -0.821069 0.102547
t 0.428133 -0.327512 0.842281
bt -0.56962 -0.81708 0.0889592
t 0.485917 -0.295525 0.822526
bt -0.487244 -0.870702 0.0668704
t 1 0 0
bt 0 -1 0
t 1 0 0
bt -0.000235232 -1 0
t 1 0 0
bt 0 -1 0
t 1 0 0
bt 0 -1 0
t 7.23445e-05 0 -1
bt -0.999997 0 -0.00240318
t 0.000399092 0 -1
bt -0.999934 0 0.011452
t 0.000181308 0 -1
bt -0.999952 0 0.00984989
t 7.23445e-05 0 -1
bt -0.999997 0 -0.00240318
t 0.336347 0.293875 0.894711
bt 0.759765 -0.640033 -0.114518
t -0.0185234 0.531265 0.847003
bt 0.766146 -0.63503 -0.0987851
t 0.336331 0.293853 0.894724
bt 0.7598 -0.639987 -0.114546
t 0.336347 0.293875 0.894711
bt 0.759765 -0.640033 -0.114518
t 0.609491 -0.0194718 0.792554
bt -0.515441 -0.569949 0.639905
t 0.631427 8.44442e-05 0.775436
bt -0.536408 -0.572587 0.620008
t 0.609553 -0.0195862 0.792503
bt -0.515435 -0.56996 0.639901
t 0.609616 -0.0197006 0.792452
bt -0.51543 -0.56997 0.639896
t -3.47175e-05 0 1
bt 0.999998 0 0.00191938
t -0.00457384 0 0.99999
bt 1 0 0
t -3.47175e-05 0 1
bt 0.999998 0 0.00191938
t -3.47175e-05 0 1
bt 0.999998 0 0.00191938
t 0.000399235 0 -1
bt -0.99941 0 0.0343516

