g sponza_222
t -0.972764 0.216522 -0.0827574
bt 0.117099 0.327949 0.93741
t -0.899756 0.392237 0.191283
bt 0.340507 0.108248 0.93399
t -0.903753 0.415971 0.100992
bt 0.0848418 0.0509271 0.995092
t -0.994903 -0.0495741 0.0878092
bt 0.0122254 0.41144 0.911355
t -0.922306 0.375433 -0.0916638
bt -0.225665 -0.159009 0.961141
t -0.921621 0.38176 0.0698103
bt 0 0 1
t -0.921774 0.381819 -0.0674322
bt -0.000106984 4.43126e-05 1
t -0.907777 0.414497 -0.06429
bt -0.126203 -0.0319811 0.991489
t -0.989016 0.0228294 0.146037
bt 0.0272618 -0.412437 0.910578
t -0.972292 0.205352 0.111707
bt 0.0576972 -0.368828 0.927705
t -0.972759 -0.215385 -0.0857324
bt 0.0838175 -0.336625 0.937901
t -1 0 0
bt 0.0941099 -0.381011 0.919768
t -1 0 0
bt -0.0298935 -0.382539 0.923456
t -0.996682 -0.0742226 -0.0334198
bt 0.00642835 -0.410073 0.91203
t -0.910709 -0.412292 0.024992
bt 0.0927665 -0.0473116 0.994563
t -0.937811 -0.33265 -0.099267
bt 0.132595 -0.197142 0.971367
t -0.937891 -0.334875 0.0906625
bt -0.0278183 0.237067 0.971095
t -0.91844 -0.380461 0.108245
bt 0 0 1
t -0.923776 -0.382671 -0.0141318
bt 0 0 1
t -0.912353 -0.408797 0.022299
bt -0.0334198 0.0742226 0.996682
t -0.972281 -0.205221 0.112041
bt 0.159283 0.387257 0.908108
t -1 0 0
bt -0.988673 0.0574404 0.138662
t -1 -7.43645e-05 -0.000179517
bt 0.0834881 0.381374 0.920643
t -0.972764 0.216558 -0.0826629
bt -0.96054 0.270194 0.0660206
t -0.996682 -0.0742226 0.0334198
bt -0.985726 -0.012701 0.167877
t -0.996682 0.0742226 -0.0334198
bt 0.155857 0.393902 0.905842
t -0.93776 -0.340404 -0.0687898
bt -0.0821778 0.216743 -0.972764
t -0.97245 -0.207435 -0.106355
bt -0.222384 0.297659 -0.92841
t -0.996675 -0.0757354 -0.0300586
bt -0.0358408 0.407625 -0.912446
t -0.912445 -0.407462 0.0376608
bt 0.0493364 -0.0670424 -0.99653
t -0.972763 0.217128 0.0811702
bt 0.00545892 0.35539 -0.934702
t -1 0 0
bt 0.0990151 0.380829 -0.919329
t -1 0 0
bt -0.16945 0.377175 -0.910508
t -0.996682 0.0742226 0.0334198
bt -0.135261 0.416835 -0.898862
t -1 0 0
bt -0.87557 0.184884 -0.446313
t -0.912446 0.407566 0.0365051
bt -0.758783 0.388475 -0.522816
t -0.996682 -0.0742226 -0.0334198
bt -0.878582 0.128426 -0.46
t -0.896568 0.393888 -0.20253
bt 0.310969 0.121717 -0.942594
t -0.909539 0.413385 -0.0430324
bt 0.0834441 0.0515641 -0.995177
t -0.913496 0.383406 0.136105
bt -0.267154 -0.141162 -0.953259
t -0.919447 0.380856 -0.0978021
bt 0 0 -1
t -0.920275 0.381198 0.0882172
bt 0.00018138 -7.51271e-05 -1
t -0.904373 0.415805 0.0960036
bt -0.114044 -0.0375702 -0.992765
t -0.610175 0.252763 -0.750864
bt 0 0 -1
t -0.951967 -0.0507005 -0.301973
bt 0.0170432 -0.411769 -0.911129
t -0.585044 0.329783 -0.740923
bt 0.0334198 0.0742226 -0.996682
t -0.97246 0.20758 -0.105981
bt -0.222233 -0.297706 -0.928431
t -0.972763 -0.217128 0.0811698
bt 0.00808568 -0.354798 -0.934908
t -1 0 0
bt 0.0577798 -0.38207 -0.922325
t -1 0 0
bt -0.00571255 -0.382703 -0.923854
t -0.996682 -0.0742226 0.0334198
bt 0.0307652 -0.408073 -0.912431
t -0.93788 -0.337856 0.0789575
bt -0.181932 -0.307654 -0.933943
t -0.4781 -0.198051 -0.855684
bt 0 0 -1
t -0.923186 -0.382427 0.0384409
bt 0 0 -1
t -0.549069 0.00358646 -0.83577
bt -0.0826629 0.216558 -0.972764
t -0.447658 -0.277693 -0.849993
bt 0.0334198 -0.0742226 -0.996682
t -0.911645 -0.410944 0.0052373
bt -0.0334198 0.0742226 -0.996682
t 0 1 0
bt 0.999999 0.0015472 0
t 0 1 0
bt 0.980783 0.000812145 0.195099
t -0.0999329 0.928267 0.358238
bt 0.982227 -0.0221729 0.186381
t 0 1 0
bt 1 0.000928319 0
t 0 1 0
bt 0 0.0026204 -0.999997
t 0 1 0
bt 0.195101 0.000559891 -0.980783
t 0.356613 0.928032 0.107628
bt 0.19186 -0.00830749 -0.981387
t 0 1 0
bt 0 0.00157224 -0.999999
t -0.344251 0.926632 -0.151145
bt 0.55557 -1.58258e-06 -0.83147
t -0.263506 0.926377 -0.269055
bt 0.828471 0.0131309 -0.559878
t 0.153885 0.926825 0.342512
bt 0.831372 -0.000441444 -0.555716
t 0.280367 0.927472 0.247366
bt 0.560066 0.0137118 -0.828334
t 0.285126 0.927829 -0.240492
bt 0.55557 2.18274e-06 0.831469
t -0.333079 0.927696 0.168638
bt 0.560067 -0.0137126 0.828334
t -0.263489 0.926383 0.269051
bt 0.828243 0.0142558 0.560187
t 0.153866 0.926829 -0.342509
bt 0.831605 0.000458375 0.555368
t -0.174881 0.927981 0.32904
bt -0.831572 0.000462116 -0.555416
t -0.275758 0.92707 0.253966
bt -0.555416 -0.000463314 -0.831573
t 0.349249 0.926019 -0.14323
bt -0.560063 -0.0137012 -0.828337
t 0.247334 0.927474 -0.280389
bt -0.828336 0.0137027 -0.560063
t -0.106404 0.928074 -0.356872
bt 0.98078 -1.42992e-05 -0.195116
t 0 1 0
bt 0.980783 -0.00146546 -0.195097
t 0.0440877 0.928248 0.36934
bt 0.980754 -0.000322193 -0.195248
t 0.0443928 0.928256 -0.369283
bt 0.98078 1.42992e-05 0.195116
t 0 1 0
bt -0.195097 -0.000150619 -0.980784
t 0.369296 0.928254 -0.044324
bt -0.195167 -0.000114897 -0.98077
t -0.366604 0.92854 -0.0584396
bt 0.195112 2.65401e-05 -0.980781
t 0 1 0
bt 0.195098 -0.000154321 0.980784
t -0.362455 0.928608 0.0794503
bt 0.199292 -0.0109415 0.979879
t 0.35536 0.927812 -0.113505
bt 0.195023 1.10855e-05 0.980799
t 0 1 0
bt -0.980784 0.000133906 -0.195097
t 0.0931328 0.928426 -0.359656
bt -0.980754 0.000314598 -0.195245
t 0.904917 0.415647 -0.0914463
bt -0.141122 0.0251013 -0.989674
t 0.3825 0.923416 -0.0315728
bt 0 0 -1
t 0.922154 0.381954 -0.0611872
bt 0 0 -1
t 0.0930287 0.415704 0.904729
bt 0.989674 0.0251013 -0.141122
t 0.0332874 0.923365 0.382478
bt 1 0 0
t 0.0641069 0.381884 0.921984
bt 1 0 0
t 0.0912959 0.415642 -0.904935
bt 0.989674 0.0251013 0.141122
t 0.0299075 0.923463 -0.382519
bt 1 0 0
t 0.06081 0.381963 -0.922175
bt 1 0 0
t -0.909539 0.413385 -0.0430324
bt 0.0834441 0.0515641 -0.995177
t -0.381656 0.921379 -0.0734786
bt 0 0 -1
t -0.919447 0.380856 -0.0978021
bt 0 0 -1
t -0.899756 0.392237 0.191283
bt 0.340507 0.108248 0.93399
t -0.504828 0.417224 0.755693
bt 0.799599 0.0250841 0.600011
t 0.504834 0.417224 0.75569
bt 0.788536 -0.0332794 -0.614088
t 0.779717 0.416807 0.46724
bt 0.600003 0.0250797 -0.799604
t 0.755688 0.417224 -0.504835
bt -0.577552 -0.0122609 -0.816262
t 0.46708 0.416804 -0.779815
bt -0.841254 -0.00822765 -0.540577
t 0.504828 0.417224 -0.755693
bt 0.799602 -0.0250816 0.600006
t 0.779704 0.416808 -0.467262
bt 0.646388 0.0525825 0.761195
t -0.896568 0.393888 -0.20253
bt 0.310969 0.121717 -0.942594
t -0.504834 0.417224 -0.75569
bt 0.829452 0.00165304 -0.558576
t -0.461967 0.416684 0.782918
bt -0.76201 -0.0520248 -0.645472
t -0.913496 0.383406 0.136105
bt -0.267154 -0.141162 -0.953259
t -0.0763598 0.415049 0.906589
bt 0.97701 0.00840775 0.213026
t -0.23445 0.416508 0.878382
bt -0.968347 -0.0250863 -0.248344
t -0.108469 0.928001 0.35644
bt -0.979623 -0.0137272 -0.200376
t -0.903753 0.415971 0.100992
bt 0.0848418 0.0509271 0.995092
t 0.89158 0.417224 0.176096
bt 0.280789 0.0405407 -0.958913
t 0.211729 0.416966 -0.883918
bt -0.977039 0.00834809 -0.212899
t 0.873987 0.416024 -0.25114
bt 0.218259 0.0108697 0.97583
t -0.0966815 0.415833 -0.904288
bt 0.958877 0.0405954 -0.280904
t -0.904373 0.415805 0.0960036
bt -0.114044 -0.0375702 -0.992765
t -0.338298 0.92215 0.187602
bt -0.200464 0.0136899 -0.979605
t 0 1 0
bt -0.999999 0.0015041 0
t 0 1 0
bt -0.980784 0.000133906 -0.195097
t 0.0931328 0.928426 -0.359656
bt -0.980754 0.000314598 -0.195245
t 0 1 0
bt -1 0.000902458 0
t 0 1 0
bt 0 0.00172115 0.999999
t 0 1 0
bt -0.195101 0.00036775 0.980783
t -0.356627 0.928032 -0.107583
bt -0.191641 -0.00859652 0.981427
t 0 1 0
bt 0 0.00103269 0.999999
t 0.344268 0.92663 0.151117
bt -0.555569 2.55752e-06 0.831471
t 0.263518 0.926381 0.269031
bt -0.8285 0.0131641 0.559834
t -0.153832 0.926827 -0.342531
bt -0.831399 -0.000467702 0.555675
t -0.280388 0.927474 -0.247335
bt -0.560063 0.0137019 0.828337
t 0.106708 0.928063 0.356807
bt -0.980781 -2.56636e-05 0.195112
t 0 1 0
bt -0.980783 -0.00125445 0.195097
t -0.0443508 0.928255 -0.369291
bt -0.980769 -0.000129954 0.195173
t 0.366605 0.928539 0.0584408
bt -0.195028 -2.33252e-05 0.980798
t -0.903753 0.415971 0.100992
bt 0.0848418 0.0509271 0.995092
t -0.362455 0.928608 0.0794503
bt 0.199292 -0.0109415 0.979879
t -0.382522 0.923469 0.0296999
bt 0 0 1
t -0.921621 0.38176 0.0698103
bt 0 0 1
t -0.0926067 0.415689 -0.90478
bt -0.989676 0.0251093 0.141105
t -0.0316774 0.923413 -0.382498
bt -1 0 0
t -0.0628837 0.381914 -0.922056
bt -1 0 0
t -0.23445 0.416508 0.878382
bt -0.968347 -0.0250863 -0.248344
t -0.108469 0.928001 0.35644
bt -0.979623 -0.0137272 -0.200376
t -0.0304793 0.923447 0.382513
bt -1 0 0
t -0.0608216 0.381963 0.922174
bt -1 0 0
t 0.894735 0.417155 0.159471
bt -0.141122 0.0251013 0.989674
t 0.381705 0.921497 0.0717233
bt 0 0 1
t 0.914177 0.37865 0.144582
bt 0 0 1
t -0.504828 0.417224 -0.755693
bt -0.788541 -0.0332758 0.614082
t -0.922306 0.375433 -0.0916638
bt -0.225665 -0.159009 0.961141
t 0.781996 0.416721 0.463492
bt -0.599998 -0.025077 0.799608
t 0.504828 0.417224 0.755693
bt -0.829462 0.0016451 0.558561
t -0.907777 0.414497 -0.06429
bt -0.126203 -0.0319811 0.991489
t 0.108575 0.416211 0.902762
bt -0.958911 0.0405429 0.280794
t 0 1 0
bt 1 0 0
t -0.382687 0.923851 -0.00712913
bt 0 0 -1
t 0 1 0
bt 0 0 -1
t 0 1 0
bt -1 0 0
t 0 1 0
bt 0.195098 -0.000154321 0.980784
t 0.35536 0.927812 -0.113505
bt 0.195023 1.10855e-05 0.980799
t 0 1 0
bt 0 0 1
t 0.00904122 0.923836 0.382681
bt 1 0 0
t 0.000924598 1 0
bt 1 0 0
t -0.0187725 0.382604 0.923722
bt 1 6.15284e-05 0.000148548
t 0.0155271 0.923765 -0.382644
bt 1 0 0
t -0.0243577 0.382557 -0.923611
bt 1 0 0
t 0 1 0
bt 1 0 0
t -0.00227999 0.999997 0
bt 1 0 0
t -0.09323 0.984138 0.150931
bt 0.855859 -0.107202 0.505978
t 0.193151 0.598025 0.777855
bt 0.241006 0 0.970524
t 0 1 0
bt 0.439241 0 0.898369
t 0 1 0
bt 0.999999 -0.00132175 0
t 0 1 0
bt 0 -0.00050755 -1
t 0.382689 0.923873 0.00296515
bt 0 0 -1
t 0.913889 0.378531 0.1467
bt 0.000282198 0.000116886 -1
t -0.920275 0.381198 0.0882172
bt 0.00018138 -7.51271e-05 -1
t 0.251604 0.967829 0.00139895
bt 0 0 -1
t 0.106308 0.992893 0.0534897
bt 0.442362 -0.0593473 -0.894871
t 0.6682 0.721993 -0.179541
bt 0.96574 0 -0.259511
t 0 1 0
bt 0.910642 0 -0.413197
t -0.251605 0.96783 -8.37236e-05
bt 0 0 -1
t 0 1 0
bt 0 0 -1
t 0 1 0
bt -1 -0.00061134 0
t -0.0180644 0.923726 -0.382628
bt -1 0 0
t 0.0189257 0.382602 -0.923719
bt -1 0.000124344 -0.000300204
t 0.0107672 0.923823 0.382668
bt -1 0 0
t 0.062914 0.381913 0.922054
bt -1 0 0
t 0.000413126 1 0
bt -1 0 0
t 0.0591064 0.991461 -0.11624
bt -0.893323 -0.0655986 -0.444602
t -0.192342 0.717665 -0.669299
bt -0.2762 0 -0.9611
t 0 1 0
bt -0.441232 0 -0.897393
t 0.000106704 1 0
bt -1 0 0
t 0.211729 0.416966 -0.883918
bt -0.977039 0.00834809 -0.212899
t 0 1 0
bt -1 0 0
t 0 1 0
bt 0 -0.000433353 1
t -0.382686 0.923867 -0.00452418
bt 0 0 1
t -0.921774 0.381819 -0.0674322
bt -0.000106984 4.43126e-05 1
t 0.382575 0.923598 -0.0245413
bt 0 0 1
t 0.873987 0.416024 -0.25114
bt 0.218259 0.0108697 0.97583
t 0.914353 0.378723 -0.143275
bt -0.00024449 -0.000101267 1
t 0 0.999999 0.00108414
bt 0 0 1
t -0.142956 0.986226 -0.0832008
bt -0.48703 -0.0945036 0.868257
t -0.743745 0.63828 0.198601
bt -0.966142 0 0.258011
t 0 1 0
bt -0.893674 0 0.448717
t 0 0.999999 0.00142406
bt 0 0 1
t 0 1 0
bt 0 0 1
t -0.0672799 0.991774 -0.108889
bt 0.853379 -0.0781918 -0.515394
t 0.14106 0.592521 -0.793108
bt 0.175091 0 -0.984552
t 0 1 0
bt 0.323852 0 -0.946108
t -0.145571 0.986677 0.0726537
bt -0.433289 -0.0798551 -0.897711
t -0.638231 0.732284 -0.237533
bt -0.937198 0 -0.348799
t 0 1 0
bt -0.839314 0 -0.543646
t 0.0648851 0.989664 0.127886
bt -0.894126 -0.0718169 0.44202
t -0.209617 0.720538 0.660973
bt -0.302304 0 0.953212
t 0 1 0
bt -0.479898 0 0.877324
t 0.110743 0.991749 -0.0645816
bt 0.494091 -0.0739378 0.866261
t 0.758219 0.633087 0.155898
bt 0.979509 0 0.201402
t 0 1 0
bt 0.934863 0 0.355009
t -0.780478 0.625183 0
bt 0 0 1
t -0.780478 0.625183 0
bt 0 0 1
t -0.780478 0.625183 0
bt 0 0 1
t -0.780478 0.625183 0
bt 0 0 1
t 0.743735 0.638292 -0.198598
bt -0.966142 0 0.258011
t 0.142956 0.986226 0.0832008
bt -0.48703 0.0945036 0.868257
t 0.780478 0.625183 0
bt 0 0 1
t 0.780478 0.625183 0
bt 0 0 1
t 0.780478 0.625183 0
bt 0 0 1
t 0.780478 0.625183 0
bt 0 0 1
t -0.758229 0.633075 -0.1559
bt 0.979509 0 0.201402
t -0.110743 0.991749 0.0645816
bt 0.494091 0.0739378 0.866261
t 0 0.703699 -0.710499
bt -1 0 0
t 0 0.703699 -0.710499
bt -1 0 0
t 0 0.703699 -0.710499
bt -1 0 0
t 0 0.703699 -0.710499
bt -1 0 0
t 0.192339 0.717676 0.669288
bt -0.2762 0 -0.9611
t -0.0591064 0.991461 0.11624
bt -0.893323 0.0655986 -0.444602
t 0 0.703699 0.710499
bt -1 0 0
t 0 0.703699 0.710499
bt -1 0 0
t 0 0.703699 0.710499
bt -1 0 0
t 0 0.703699 0.710499
bt -1 0 0
t 0.20962 0.720527 -0.660984
bt -0.302304 0 0.953212
t -0.0648851 0.989664 -0.127886
bt -0.894126 0.0718169 0.44202
t 0 1 0
bt 0 0 -1
t 0 1 0
bt 0 0 -1
t 0.251617 0.967827 0.000101395
bt 0 0 -1
t -0.668189 0.722004 0.179538
bt 0.96574 0 -0.259511
t -0.106308 0.992894 -0.0534778
bt 0.442243 0.0593314 -0.894931
t -0.251617 0.967826 -0.00138211
bt 0 0 -1
t 0.638242 0.732273 0.237537
bt -0.937198 0 -0.348799
t 0.145571 0.986676 -0.0726538
bt -0.433289 0.0798551 -0.897711
t 0 0.586523 0.809932
bt 1 0 0
t 0 0.586523 0.809932
bt 1 0 0
t 0 0.586523 0.809932
bt 1 0 0
t 0 0.586523 0.809932
bt 1 0 0
t -0.193149 0.598037 -0.777847
bt 0.241006 0 0.970524
t 0.0932121 0.98414 -0.150931
bt 0.855935 0.107176 0.505854
t 0 0.586523 -0.809932
bt 1 0 0
t 0 0.586523 -0.809932
bt 1 0 0
t 0 0.586523 -0.809932
bt 1 0 0
t 0 0.586523 -0.809932
bt 1 0 0
t -0.141061 0.592509 0.793117
bt 0.175091 0 -0.984552
t 0.0672799 0.991774 0.108889
bt 0.853379 0.0781918 -0.515394
t 0 1 0
bt 1 -0.000769413 0
t -0.00187701 0.999998 0
bt 1 0 0
t 0.00225819 0.999997 0
bt 1 0 0
t 0 1 0
bt 0 -0.00029545 -1
t -0.000813434 1 0
bt -1 0 0
t -0.00010064 1 0
bt -1 0 0
t 0 1 0
bt -1 -0.000355868 0
t 0 0.999998 -0.00210431
bt 0 0 1
t 0 0.999999 -0.00140478
bt 0 0 1
t 0 1 0
bt 0 -0.000252259 1

