g sponza_372
t 0.494349 -0.385596 -0.779061
bt 0.844121 0.443299 0.30157
t 0.488642 -0.377539 -0.78657
bt 0.840704 0.00705544 0.541448
t 0.497617 -0.395243 -0.772114
bt 0.837571 -0.0288326 0.545568
t 0.499123 -0.406496 -0.765269
bt 0.852758 0.430143 0.296277
t 0.484646 -0.345425 -0.803617
bt 0.832567 0.448064 0.325686
t 0.503357 -0.344407 -0.792474
bt 0.84496 -0.0677454 0.530521
t 0.499205 -0.372277 -0.782435
bt 0.59896 -0.46909 0.649
t 0.492946 -0.378074 -0.783623
bt 0.592133 -0.461035 0.660928
t 0.479862 -0.323866 -0.81538
bt 0.568227 -0.488735 0.662009
t 0.0928962 -0.0399842 -0.994873
bt 0.997523 -0.0640036 -0.029181
t 0.222114 -0.188672 -0.956592
bt 0.989421 0.0109199 0.144661
t 0.205307 -0.158144 -0.965836
bt 0.927025 0.373717 -0.0309795
t 0.0791959 0.00188488 -0.996857
bt 0.959351 0.282096 -0.00826355
t -0.139369 0.16209 -0.976884
bt 0.920995 0.377748 -0.0952609
t -0.132634 0.146622 -0.98026
bt 0.995091 0.0398378 -0.0905899
t 0.232656 -0.306653 -0.922949
bt 0.867628 -0.497068 -0.0120809
t 0.0819008 -0.146059 -0.98588
bt 0.868707 -0.495154 -0.0130304
t -0.172742 0.148992 -0.973633
bt 0.890526 -0.453693 -0.0335572
t -0.987075 -0.00259536 0.160239
bt -0.0450388 -0.339744 -0.939439
t -0.988733 -0.0212259 0.148179
bt 0.0380382 -0.145109 -0.988684
t -0.922454 0.381638 -0.058572
bt 0.0168537 -0.132716 -0.991011
t -0.911583 0.408063 -0.0500168
bt -0.0633541 -0.302322 -0.951098
t -0.660645 0.681705 -0.314368
bt -0.125634 -0.285362 -0.95015
t -0.574067 0.726477 -0.377728
bt 0.0489792 0.0213894 -0.998571
t -0.926888 0.375054 -0.0146014
bt -0.188895 -0.523732 -0.830677
t -0.954114 -0.19016 0.231314
bt -0.206285 -0.614584 -0.761402
t -0.521873 0.803324 -0.286915
bt -0.244605 -0.664507 -0.706116
t -0.33469 -0.153661 -0.929716
bt 0.949757 0.178457 -0.25713
t -0.308531 -0.164042 -0.936963
bt 0.90956 0.374765 -0.17959
t -0.347939 0.277676 -0.895452
bt 0.901117 0.384104 -0.20113
t -0.367289 0.301555 -0.879866
bt 0.937263 0.215097 -0.274356
t -0.269333 0.682549 -0.679402
bt 0.913692 0.223319 -0.339552
t -0.220512 0.761631 -0.609338
bt 0.833086 0.527948 -0.165039
t -0.38636 0.259956 -0.884957
bt 0.924993 -0.0437248 -0.377459
t -0.274469 -0.347118 -0.896758
bt 0.912153 -0.151588 -0.380786
t -0.326917 0.780767 -0.532473
bt 0.885991 -0.22184 -0.407195
t -0.305163 0.140148 -0.941931
bt 0.92948 -0.145738 -0.338861
t -0.38023 0.349512 -0.85631
bt 0.963263 0.0736445 -0.258265
t -0.357031 0.0605315 -0.932129
bt 0.883974 0.392666 -0.25378
t -0.32664 -0.0146029 -0.945036
bt 0.95966 -0.0145951 -0.280783
t -0.295709 0.0309097 -0.954778
bt 0.884905 0.431956 -0.174235
t -0.322763 0.0464547 -0.945339
bt 0.967369 -0.0713019 -0.243131
t -0.339051 -0.0410204 -0.939873
bt 0.784355 -0.543172 -0.299586
t -0.324091 0.11403 -0.939129
bt 0.816124 -0.511219 -0.269436
t -0.370986 -0.0686704 -0.926096
bt 0.840994 -0.469659 -0.268608
t -0.619115 0.227681 -0.75157
bt 0.706904 0.611814 -0.354924
t -0.626183 0.235463 -0.743271
bt 0.798824 0.176909 -0.574963
t -0.614243 0.219309 -0.75803
bt 0.796145 0.145039 -0.587467
t -0.610101 0.208612 -0.764368
bt 0.70212 0.607831 -0.370903
t -0.635875 0.26522 -0.724791
bt 0.725614 0.599676 -0.337451
t -0.61911 0.270191 -0.73736
bt 0.776694 0.121494 -0.61805
t -0.617723 0.242142 -0.748188
bt 0.665834 -0.342757 -0.662709
t -0.622369 0.235264 -0.74653
bt 0.676197 -0.344457 -0.651235
t -0.64339 0.284552 -0.710689
bt 0.660822 -0.376758 -0.649129
t -0.84474 0.0860448 0.528215
bt -0.585272 -0.067755 -0.808001
t -0.901057 0.269253 0.339999
bt -0.249916 0.100132 -0.963076
t -0.840067 0.182454 0.510879
bt -0.550383 0.461186 -0.695979
t -0.860807 0.0352422 0.50771
bt -0.569195 -0.00462766 -0.822189
t -0.896152 0.134495 0.422875
bt -0.647154 0.0731472 -0.758842
t -0.814728 0.446521 0.369916
bt -0.494055 0.668202 -0.556252
t -0.855315 0.0545849 0.515225
bt -0.463619 -0.454692 -0.760469
t -0.836237 0.0269555 0.547706
bt -0.40165 -0.464801 -0.789073
t -0.888595 0.0318423 0.457586
bt -0.471561 -0.472097 -0.744818
t -0.989515 -0.141932 0.0267584
bt 0.0674916 0.0954855 -0.99314
t -0.98798 -0.154574 0.00179201
bt 0.12961 0.295091 -0.946637
t -0.956841 0.290385 0.0114728
bt 0.106806 0.304939 -0.946364
t -0.948463 0.31519 0.0327672
bt 0.0474243 0.132485 -0.99005
t -0.722681 0.690424 -0.0323429
bt -0.0206329 0.141289 -0.989753
t -0.63949 0.766298 -0.0619656
bt 0.120174 0.452905 -0.883423
t -0.960121 0.274712 0.051964
bt -0.0567566 -0.125651 -0.99045
t -0.94084 -0.33885 -2.7772e-06
bt -0.0655034 -0.232387 -0.970415
t -0.601785 0.796283 0.0615458
bt -0.099896 -0.301029 -0.948368
t -0.241547 -0.0889944 -0.9663
bt 0.371469 0.915914 0.152028
t -0.0915466 0.190657 -0.977379
bt 0.633729 0.772864 -0.0326869
t -0.203816 0.00740206 -0.978981
bt 0.793978 0.60631 -0.0445804
t -0.361335 -0.128431 -0.923549
bt 0.546152 0.829346 0.117915
t -0.257144 0.13119 -0.957427
bt 0.103188 0.861744 -0.496738
t -0.27131 0.0911824 -0.958163
bt 0.649229 0.760579 0.00453116
t 0.172311 0.114102 -0.978412
bt 0.910687 0.289545 -0.294639
t 0.395092 -0.107013 -0.912387
bt 0.945212 0.0946999 -0.312421
t -0.184547 0.100016 -0.977721
bt 0.887231 0.37857 -0.263639
t -0.00369901 -0.19422 -0.980951
bt 0.994352 -0.105274 -0.0134563
t -0.0366534 -0.273712 -0.961113
bt 0.942979 0.330931 -0.0357027
t -0.0267133 0.0105836 -0.999587
bt 0.960799 0.270164 -0.0622579
t -0.0387138 0.00537308 -0.999236
bt 0.990892 -0.132354 -0.0248176
t -0.0670643 0.183723 -0.980688
bt 0.990979 -0.0979999 -0.0914172
t -0.044557 0.276771 -0.959902
bt 0.943891 0.320963 -0.0777992
t 0.00168414 -0.0305766 -0.999531
bt 0.885926 -0.463536 0.0164115
t -0.0396244 -0.117012 -0.99234
bt 0.890455 -0.454483 0.0231333
t -0.100833 0.0834192 -0.9914
bt 0.916775 -0.399401 0.00127104
t -0.941049 -0.32032 0.108732
bt -0.358097 0.629286 -0.689758
t -0.918906 -0.390079 0.0587401
bt -0.333157 0.8939 -0.299914
t -0.933661 -0.202603 0.295344
bt -0.369943 0.85824 -0.355761
t -0.931404 -0.215655 0.293221
bt -0.370848 0.611972 -0.698542
t -0.884045 -0.114138 0.453251
bt -0.437837 0.621323 -0.649813
t -0.862699 -0.0348793 0.504513
bt -0.375244 0.878163 -0.296685
t -0.948829 -0.21016 0.235705
bt -0.310194 0.306136 -0.900034
t -0.934974 -0.29558 0.196102
bt -0.304933 0.316386 -0.898285
t -0.895682 -0.205943 0.394134
bt -0.331558 0.367824 -0.868778
t -0.989587 -0.141428 0.0267611
bt 0.0675432 0.095467 -0.993138
t -0.988059 -0.154069 0.00180251
bt 0.129772 0.294955 -0.946658
t -0.956706 0.290829 0.0114658
bt 0.106973 0.304902 -0.946357
t -0.948326 0.315603 0.0327607
bt 0.0475005 0.132469 -0.990048
t -0.722287 0.690837 -0.0323361
bt -0.0205635 0.141316 -0.989751
t -0.639129 0.766598 -0.0619838
bt 0.12038 0.45284 -0.883428
t -0.959973 0.275233 0.0519537
bt -0.0568274 -0.12562 -0.99045
t -0.940994 -0.338423 3.19672e-06
bt -0.0656208 -0.232351 -0.970416
t -0.601372 0.796595 0.0615426
bt -0.100049 -0.300984 -0.948366
t 0.0734375 -0.182363 -0.980485
bt 0.96669 0.255573 -0.0138609
t 0.0749251 -0.266715 -0.960859
bt 0.759134 0.649913 -0.0364503
t -0.0281327 0.00110756 -0.999604
bt 0.799653 0.5971 -0.0634563
t -0.0366912 -0.00812393 -0.999294
bt 0.972444 0.231726 -0.025616
t -0.136779 0.14777 -0.979518
bt 0.960704 0.261207 -0.0939125
t -0.151287 0.240916 -0.958682
bt 0.76375 0.640609 -0.0794124
t 0.0167866 -0.0283034 -0.999458
bt 0.992797 -0.118711 0.016156
t 0.00979998 -0.122442 -0.992427
bt 0.993754 -0.10924 0.0228109
t -0.126718 0.0421673 -0.991042
bt 0.998755 -0.0498777 0.00124635
t 0.0076186 0.0860741 -0.99626
bt 0.995876 -0.0678323 -0.0602545
t 0.196657 0.26925 -0.942778
bt 0.946763 0.100142 0.30596
t 0.0197281 0.18246 -0.983015
bt 0.882657 0.461138 -0.090929
t 0.0335444 0.0352796 -0.998814
bt 0.999226 -0.0046193 -0.0390615
t 0.124105 0.134499 -0.983111
bt 0.987609 0.0731532 -0.138843
t 0.12509 0.446513 -0.88599
bt 0.734542 0.668154 -0.118397
t 0.0242748 0.0546314 -0.998211
bt 0.890469 -0.454729 0.0169046
t -0.0134003 0.0269173 -0.999548
bt 0.881361 -0.464817 0.0845435
t 0.0907857 0.0318737 -0.99536
bt 0.881547 -0.472093 0.00179975
t -0.0820276 0.0391863 -0.995859
bt 0.998443 -0.0470709 0.0299242
t -0.0142189 0.0390252 -0.999137
bt 0.977802 -0.208138 -0.0241236
t -0.15381 -0.470896 -0.868677
bt 0.972167 -0.23095 0.0394169
t -0.168225 -0.500698 -0.849119
bt 0.999 0.000430267 0.044702
t 0.211397 0.651112 -0.728948
bt 0.981048 0.185296 0.0566523
t 0.134901 0.488155 -0.862268
bt 0.980382 -0.195825 -0.0224396
t 0.036273 -0.0910766 -0.995183
bt 0.912531 -0.408174 -0.0261017
t -0.194886 -0.681295 -0.70559
bt 0.796306 -0.604893 0.000795502
t 0.157145 0.589499 -0.792336
bt 0.843015 -0.532558 -0.0755498
t -0.92254 0.165672 -0.348528
bt 0.412014 0.0169045 -0.911021
t -0.890327 0.360958 -0.277537
bt 0.481989 0.0591468 -0.874179
t -0.837207 0.470717 -0.278407
bt 0.462099 0.185679 -0.867172
t -0.8239 0.508332 -0.250573
bt 0.365388 0.0684824 -0.928333
t -0.676041 0.695098 -0.244555
bt 0.305293 0.103051 -0.946666
t -0.741389 0.582653 -0.332953
bt 0.305509 0.131903 -0.943009
t -0.860115 0.402658 -0.313159
bt 0.159103 -0.0842744 -0.983659
t -0.945744 0.132237 -0.296785
bt 0.0931702 -0.115067 -0.988979
t -0.795673 0.577902 -0.181474
bt 0.311161 0.0529752 -0.94888
t -0.99575 0.0880052 0.0271511
bt 0.109345 0.533901 -0.838447
t -0.994906 0.0937022 0.0371811
bt 0.0275712 0.355765 -0.934168
t -0.965399 -0.241838 -0.0975699
bt 0.0632621 0.292933 -0.954038
t -0.997213 -0.0533984 -0.0521008
bt 0.0869113 0.396925 -0.913727
t -0.94279 0.31154 0.118699
bt 0.0130785 0.532995 -0.846017
t -0.931404 0.318837 0.175585
bt 0.0177129 0.367597 -0.929816
t -0.999706 -0.023871 0.00429989
bt -0.017596 0.0865986 -0.996088
t -0.923357 -0.366549 -0.114248
bt 0.0349254 0.000372315 -0.99939
t -0.975465 0.201699 0.088231
bt -0.0142867 0.265664 -0.96396
t 0.0342696 -0.421603 -0.906133
bt 0.992052 -0.111799 0.0577407
t -0.00135463 -0.495464 -0.868627
bt 0.948789 0.305667 -0.079795
t 0.0155685 -0.225229 -0.974181
bt 0.966571 0.240792 -0.0880885
t 0.00363689 -0.231439 -0.972843
bt 0.988497 -0.141121 0.0544017
t -0.0220712 -0.051267 -0.998441
bt 0.991962 -0.12431 -0.0236505
t 0.00126863 0.0434358 -0.999055
bt 0.950961 0.286035 -0.117713
t 0.0444547 -0.264403 -0.963387
bt 0.874784 -0.450159 0.179192
t 2.30918e-05 -0.34783 -0.937558
bt 0.87902 -0.440044 0.183535
t -0.057368 -0.150727 -0.98691
bt 0.907727 -0.392213 0.148999
t 0.239905 -0.00615891 0.970777
bt 0.961229 -0.152628 -0.22966
t 0.222235 -0.0221104 0.974742
bt 0.950304 -0.173226 -0.258681
t 0.233359 -0.0122298 0.972314
bt 0.821741 -0.520668 -0.231615
t 0.245986 0.00131629 0.969272
bt 0.829504 -0.514284 -0.217797
t 0.227815 -0.0310932 0.973208
bt 0.963361 -0.119631 -0.240049
t 0.207519 -0.0399452 0.977415
bt 0.816765 -0.514508 -0.261107
t 0.227188 -0.0170723 0.973701
bt 0.947815 0.221012 -0.229785
t 0.215422 -0.0342943 0.975919
bt 0.958151 0.214151 -0.189961
t 0.234631 -0.0227914 0.971817
bt 0.945482 0.231633 -0.228931
t 0.0734391 -0.182363 -0.980485
bt 0.96669 0.255573 -0.0138608
t 0.0749251 -0.266715 -0.960859
bt 0.759134 0.649913 -0.0364504
t -0.028132 0.00110804 -0.999604
bt 0.799653 0.5971 -0.063457
t -0.03669 -0.00812365 -0.999294
bt 0.972444 0.231726 -0.0256161
t -0.136777 0.147771 -0.979518
bt 0.960703 0.261207 -0.0939138
t -0.151288 0.240916 -0.958682
bt 0.76375 0.640609 -0.0794142
t 0.0167884 -0.0283036 -0.999458
bt 0.992797 -0.118711 0.016156
t 0.0097994 -0.122442 -0.992427
bt 0.993754 -0.109239 0.0228231
t -0.126716 0.0421672 -0.991042
bt 0.998755 -0.0498777 0.00124635
t 0.803395 -0.202407 0.559989
bt -0.574778 -0.28934 0.765449
t 0.816557 -0.274311 0.507925
bt -0.57063 0.150254 0.807345
t 0.808842 0.00203976 0.588022
bt -0.554125 0.087676 0.827803
t 0.81625 -0.000767985 0.577699
bt -0.560547 -0.317237 0.764949
t 0.797301 0.178779 0.576497
bt -0.51142 -0.282365 0.811615
t 0.756547 0.266846 0.597017
bt -0.536926 0.139934 0.831943
t 0.796433 -0.0428423 0.603208
bt -0.495323 -0.624146 0.604232
t 0.825109 -0.120583 0.551956
bt -0.504557 -0.615605 0.605354
t 0.837835 0.0872808 0.538901
bt -0.509007 -0.565681 0.648781
t 0.0734355 -0.182364 -0.980485
bt 0.96669 0.255573 -0.0138608
t 0.07492 -0.266719 -0.960858
bt 0.759134 0.649913 -0.0364503
t -0.0281342 0.00110642 -0.999604
bt 0.799653 0.5971 -0.063457
t -0.0366907 -0.00812381 -0.999294
bt 0.972444 0.231726 -0.0256161
t -0.136775 0.147771 -0.979518
bt 0.960703 0.261207 -0.093914
t -0.151283 0.24092 -0.958682
bt 0.76375 0.640609 -0.0794144
t 0.0167879 -0.0283035 -0.999458
bt 0.992797 -0.118711 0.016156
t 0.00978915 -0.122441 -0.992428
bt 0.993753 -0.109238 0.0228263
t -0.126717 0.0421673 -0.991042
bt 0.998755 -0.0498777 0.00124635
t -0.0102824 0.0181946 -0.999782
bt 0.874443 0.485129 0.000199929
t -0.0185544 0.0277478 -0.999443
bt 0.999959 0.00787494 0.00444327
t -0.00331756 0.0087934 -0.999956
bt 0.999629 -0.0271888 -0.001733
t 0.00165051 -0.00331419 -0.999993
bt 0.879051 0.476728 6.99441e-08
t -0.0310596 0.0612052 -0.997642
bt 0.877267 0.47824 0.041093
t -0.00953803 0.0625374 -0.997997
bt 0.997971 -0.055012 -0.0320571
t -0.00797912 0.0194799 -0.999778
bt 0.874099 0.483945 0.0418257
t -0.00767531 0.0331226 -0.999422
bt 0.858448 -0.512657 -0.0157859
t -0.0134035 0.0269341 -0.999547
bt 0.85942 -0.511271 -1.00346e-06
t -0.0415643 0.0834023 -0.995649
bt 0.840289 -0.542138 1.41383e-06
t -0.755612 0.330076 0.565774
bt -0.48011 0.051981 -0.875667
t -0.774047 0.317127 0.547979
bt -0.326587 0.197971 -0.924201
t -0.566166 0.71298 0.413662
bt -0.337579 0.218219 -0.915653
t -0.537644 0.730555 0.420985
bt -0.480055 0.0936614 -0.872224
t -0.250828 0.958564 0.13506
bt -0.525406 0.134876 -0.840094
t -0.170964 0.984346 0.0428301
bt -0.229595 0.338734 -0.912439
t -0.548179 0.70386 0.451753
bt -0.664189 -0.0859856 -0.742603
t -0.810127 0.132035 0.571193
bt -0.70345 -0.172854 -0.689405
t -0.0572682 0.991439 0.117341
bt -0.743374 -0.21677 -0.632776
t -0.956303 -0.287034 -0.0556333
bt 0.236905 0.110657 -0.96521
t -0.996979 -0.0776536 0.00175634
bt 0.148086 0.14568 -0.978186
t -0.998887 0.046537 -0.00766716
bt 0.0679904 0.259218 -0.963423
t -0.996827 0.079339 0.00648242
bt 0.0266999 0.0956642 -0.995055
t -0.946372 0.32172 -0.0296122
bt -0.0427282 0.102183 -0.993848
t -0.978355 0.184586 -0.093537
bt -0.0555202 0.129313 -0.990048
t -0.998458 -0.0331709 -0.04452
bt -0.0866825 -0.146376 -0.985424
t -0.946774 -0.321898 5.73521e-06
bt -0.129059 -0.202823 -0.970673
t -0.956256 -0.286976 -0.0567356
bt -0.192598 -0.0186895 -0.9811
t -0.982065 0.177479 0.0636312
bt -0.0141945 0.0561849 -0.99832
t -0.227586 -0.051354 0.972403
bt -0.887506 0.455022 -0.0727196
t 0.0879919 -0.0778196 0.993077
bt -0.816788 0.576202 -0.0291274
t -0.161518 -0.0109645 0.986809
bt -0.986802 0.161875 -0.00433159
t -0.298495 -0.193386 0.934614
bt -0.992893 -0.0975174 -0.0682195
t -0.0238731 0.0217546 0.999478
bt -0.702797 0.473543 0.53088
t 0.0153862 -0.00339612 0.999876
bt -0.982638 0.184488 -0.0196552
t -0.305546 -0.284459 0.908694
bt -0.898045 -0.434283 0.0700977
t -0.276747 -0.616234 0.737337
bt -0.767519 -0.63968 0.0415244
t -0.0491734 -0.0586633 0.997066
bt -0.942073 -0.328049 0.0698764
t 0.990362 -0.132911 0.0389476
bt -0.0360119 0.285857 0.957595
t 0.958503 -0.278667 0.0601397
bt 0.0569804 0.0275137 0.997996
t 0.91493 -0.403229 -0.0176034
bt -0.0951128 -0.0563382 0.993871
t 1 0 0
bt -0.123913 -0.097941 0.987448
t 0.999829 -0.0166899 0.00798042
bt 0.0659746 0.429339 0.90073
t 0.989213 -0.0512259 -0.137235
bt -0.00151061 0.215975 0.976398
t 0.859889 -0.510063 0.0206621
bt -0.11048 -0.363557 0.924998
t 0.761332 -0.648363 1.81103e-05
bt -0.201052 -0.348821 0.91537
t 0.983554 -0.175632 0.0421339
bt 0.0802183 -0.250963 0.964667
t 0.910644 0.109439 -0.398435
bt 0.078493 0.0644079 0.994832
t 0.990274 0.118899 -0.07225
bt 0.214312 -0.0552124 0.975204
t 0.930844 0.11722 -0.346105
bt 0.203747 -0.160338 0.965805
t 0.868567 0.136238 -0.476477
bt 0.0777559 -0.00357143 0.996966
t 0.967185 0.160252 -0.19716
bt 0.683702 0.170846 0.709481
t 0.958785 0.15583 -0.23759
bt 0.166868 -0.0631973 0.983952
t 0.993128 0.0628915 -0.0986973
bt 0.406041 -0.274281 0.871723
t 0.987931 -0.121484 -0.0960934
bt 0.42303 -0.426745 0.799334
t 0.970826 0.133876 -0.198934
bt 0.367173 -0.230501 0.90114
t -0.0272086 0.151451 0.98809
bt -0.802341 0.589122 -0.0958335
t 0.211524 0.217381 0.952892
bt -0.641985 0.746039 -0.176866
t -0.0510054 0.0494933 0.997471
bt -0.336509 0.933299 -0.125361
t -0.127248 0.0203486 0.991662
bt -0.700872 0.695081 -0.160126
t -0.114382 0.0761161 0.990517
bt -0.282599 0.938403 -0.198839
t -0.0833074 0.0659392 0.99434
bt -0.742089 0.638736 -0.203274
t -0.138635 -0.00583052 0.990326
bt -0.977877 0.185911 -0.0958861
t -0.0297763 0.110889 0.993387
bt -0.966123 0.220399 -0.134279
t -0.127587 -0.0513526 0.990497
bt -0.953515 0.264833 -0.143779
t -0.950009 -0.312222 -0.000619927
bt -0.0332338 0.311956 -0.949515
t -0.948071 -0.317923 0.00929125
bt -0.0211094 0.0915349 -0.995578
t -0.765628 -0.64282 -0.0243973
bt 0.0428415 0.0525428 -0.997699
t -0.883817 -0.466566 -0.0344001
bt 0.0124114 0.16428 -0.986336
t -0.997683 -0.0651016 0.0197689
bt -0.122372 0.271151 -0.954726
t -0.996921 -0.0399497 0.0674691
bt -0.0408784 0.108262 -0.993282
t -0.903455 -0.42854 0.0110811
bt 0.0727636 -0.176676 -0.981576
t -0.667829 -0.744314 0.000881825
bt 0.156802 -0.234677 -0.959343
t -0.982401 -0.185264 0.023787
bt -0.0128132 -0.00577515 -0.999901
t 0.666113 -0.647929 0.369433
bt 0.233404 -0.263962 -0.935867
t 0.820471 -0.404182 0.404308
bt 0.171545 -0.294064 -0.940265
t 0.791862 -0.48121 0.37602
bt 0.460185 0.0471624 -0.886569
t 0.669242 -0.654455 0.351857
bt 0.489041 0.053801 -0.8706
t 0.512909 -0.780667 0.357048
bt 0.49686 0.0130172 -0.867733
t 0.461678 -0.84252 0.277514
bt 0.207134 -0.31358 -0.926695
t 0.667888 -0.649989 0.362546
bt 0.233482 -0.264039 -0.935825
t 0.682886 -0.63711 0.357432
bt 0.640173 0.325882 -0.695687
t 0.744759 -0.547851 0.381042
bt 0.633519 0.322683 -0.703228
t 0.590648 -0.706202 0.390402
bt 0.622315 0.268067 -0.735435
t 0.801469 0.0756134 -0.593237
bt 0.538292 0.406021 0.738504
t 0.813425 -0.00833417 -0.58161
bt 0.297372 0.753717 0.586073
t 0.696091 0.239501 -0.676829
bt 0.360749 0.716612 0.596932
t 0.691177 0.232368 -0.68431
bt 0.559813 0.384481 0.734019
t 0.565194 0.359364 -0.742572
bt 0.593358 0.423242 0.684685
t 0.511603 0.442369 -0.736595
bt 0.334644 0.75686 0.561406
t 0.733396 0.219689 -0.643325
bt 0.655625 0.0398625 0.754034
t 0.751561 0.126189 -0.647482
bt 0.648566 0.047158 0.759696
t 0.613104 0.262227 -0.745211
bt 0.64854 0.109787 0.753221
t 0.222886 -0.108836 -0.96875
bt 0.997846 -0.0514952 0.0406521
t 0.232038 -0.0875388 -0.96876
bt 0.87221 0.45262 0.18543
t 0.0756373 0.168789 -0.982746
bt 0.949933 0.310055 0.0386471
t 0.0842805 0.111136 -0.990225
bt 0.996509 -0.0731103 -0.0403122
t -0.140027 0.290853 -0.946465
bt 0.921603 0.386402 -0.0366289
t -0.133146 0.275779 -0.951955
bt 0.995354 0.0508711 -0.0817518
t 0.231692 -0.180743 -0.955851
bt 0.867242 -0.490284 -0.0866767
t 0.0804671 -0.0140098 -0.996659
bt 0.868281 -0.488308 -0.0874207
t -0.173665 0.27724 -0.944976
bt 0.889964 -0.444765 -0.100741
t -0.974131 -0.221293 -0.0458077
bt 0.0841567 0.0329723 -0.995907
t -0.998094 -0.0616298 0.00312983
bt -0.0546173 0.117739 -0.991542
t -0.998563 0.0534124 0.00435519
bt 0.0752521 0.222274 -0.972076
t -0.99612 0.0876597 0.00784477
bt 0.0240192 0.0716496 -0.997141
t -0.957827 0.286139 0.0262952
bt -0.041106 0.0853082 -0.995506
t -0.986172 0.165063 -0.0147705
bt -0.0517364 0.11303 -0.992244
t -0.999713 -0.0019975 -0.023856
bt -0.100244 -0.149084 -0.98373
t -0.957737 -0.286893 -0.020793
bt 0.12071 -0.18249 -0.97577
t -0.984043 0.158331 0.0811812
bt -0.0135493 0.0503623 -0.998639
t -0.122254 -0.422905 -0.897889
bt 0.802099 -0.567225 0.186797
t -0.0703777 -0.190496 -0.979162
bt 0.914196 -0.381235 0.137493
t -0.198356 -0.447364 -0.872078
bt 0.986942 -0.137111 -0.0845387
t -0.197531 -0.514525 -0.834413
bt 0.868064 -0.466217 0.170607
t -0.147241 -0.504401 -0.850823
bt 0.997666 -0.054694 -0.0408869
t -0.167989 -0.478643 -0.861789
bt 0.838532 -0.491473 0.235199
t -0.167236 -0.437633 -0.883465
bt 0.456845 -0.789403 0.410043
t -0.229782 -0.505546 -0.831639
bt 0.432459 -0.799045 0.417741
t -0.273934 -0.531901 -0.801275
bt 0.535343 -0.737932 0.410932
t 0.987 -0.148643 -0.0611289
bt 0.130733 0.547409 0.826591
t 0.986607 -0.143697 -0.0771914
bt 0.095976 0.273001 0.957214
t 0.986709 -0.152486 -0.0561605
bt 0.0997892 0.255381 0.961677
t 0.986097 -0.1583 -0.0505394
bt 0.144503 0.540491 0.828848
t 0.988159 -0.129749 -0.0818927
bt 0.101913 0.547957 0.830275
t 0.988996 -0.13502 -0.0604644
bt 0.0980232 0.229196 0.968432
t 0.988256 -0.132848 -0.0755124
bt 0.0557416 -0.040478 0.997624
t 0.987121 -0.145712 -0.0660258
bt 0.038304 -0.0439385 0.9983
t 0.985657 -0.13892 -0.0958198
bt 0.0863244 -0.0634008 0.994248
t 0.567013 -0.0339047 -0.82301
bt 0.816235 0.0642317 0.574138
t 0.563864 -0.0217218 -0.825582
bt 0.726088 -0.43079 0.535925
t 0.567673 -0.0450766 -0.822019
bt 0.715795 -0.461648 0.523945
t 0.566117 -0.0581875 -0.822268
bt 0.824293 0.0544725 0.563537
t 0.567947 0.0130975 -0.822961
bt 0.800749 0.0587578 0.596111
t 0.58472 0.00502775 -0.81122
bt 0.720723 -0.489488 0.490877
t 0.574365 -0.0218114 -0.818309
bt 0.421142 -0.843265 0.333981
t 0.567815 -0.0248632 -0.82278
bt 0.413021 -0.841583 0.348068
t 0.56925 0.0375653 -0.821306
bt 0.385145 -0.861693 0.330377
t -0.841431 -0.337891 0.421692
bt -0.400223 -0.196119 -0.895187
t -0.795142 -0.411065 0.445841
bt -0.481134 0.234101 -0.844812
t -0.885195 -0.136781 0.444659
bt -0.500253 0.169315 -0.849164
t -0.878971 -0.141225 0.455483
bt -0.403003 -0.225709 -0.886929
t -0.883181 0.0403252 0.467296
bt -0.471819 -0.201393 -0.858387
t -0.89033 0.132807 0.435516
bt -0.516993 0.218019 -0.82776
t -0.890049 -0.178419 0.419498
bt -0.258023 -0.535375 -0.804237
t -0.850692 -0.2598 0.456977
bt -0.255627 -0.525762 -0.811313
t -0.860838 -0.0561732 0.50577
bt -0.296936 -0.476958 -0.827249
t 0.976073 -0.147271 0.159979
bt -0.0313811 0.474084 0.87992
t 0.956389 -0.228297 0.182208
bt -0.000654991 0.815195 0.579187
t 0.999846 0.00867594 0.0152764
bt 0.0251196 0.77248 0.634542
t 0.99995 -0.00183793 0.00986004
bt -0.0192005 0.452751 0.89143
t 0.983529 0.126215 -0.129385
bt 0.0511932 0.479236 0.876192
t 0.962624 0.212811 -0.167533
bt 0.0427761 0.807664 0.588089
t 0.997591 -0.00952255 0.0687089
bt -0.0604106 0.108538 0.992255
t 0.99119 -0.102814 0.0835009
bt -0.0671858 0.11785 0.990756
t 0.995484 0.0260993 -0.0912746
bt -0.0462046 0.177249 0.983081
t -0.361827 0.0839233 0.92846
bt -0.824528 0.453993 -0.337705
t -0.382878 0.00106289 0.923798
bt -0.519739 0.787296 -0.331718
t -0.219082 0.240578 0.945582
bt -0.581717 0.752888 -0.30784
t -0.211344 0.233252 0.949172
bt -0.841744 0.432841 -0.322669
t -0.0662143 0.353065 0.933253
bt -0.842379 0.470894 -0.262023
t -0.0192699 0.434091 0.900663
bt -0.538175 0.791024 -0.290945
t -0.269897 0.223788 0.936523
bt -0.951913 0.0912443 -0.292464
t -0.287958 0.130794 0.948669
bt -0.948542 0.0984956 -0.300944
t -0.111151 0.257819 0.959778
bt -0.941916 0.160874 -0.29481
t 0.518566 -0.393434 -0.759144
bt 0.727309 0.127857 0.674295
t 0.500185 -0.19995 -0.842517
bt 0.776555 0.154569 0.610795
t 0.522878 -0.0823632 -0.848419
bt 0.814661 0.251206 0.522707
t 0.506858 -0.0548832 -0.860281
bt 0.848258 0.0943731 0.521107
t 0.530087 0.179096 -0.828814
bt 0.882965 0.0894578 0.460836
t 0.589543 0.0468459 -0.806377
bt 0.88838 0.113213 0.444931
t 0.541408 -0.159246 -0.825541
bt 0.88158 -0.147583 0.44837
t 0.463448 -0.425219 -0.777435
bt 0.887592 -0.205656 0.412172
t 0.519551 -0.393368 -0.758504
bt 0.93603 -0.0379342 0.34987
t 0.455934 0.0396704 -0.889129
bt 0.868794 0.0503913 0.492602
t -0.989514 -0.141933 0.0267722
bt 0.0674911 0.0954854 -0.99314
t -0.98798 -0.154574 0.00179266
bt 0.129599 0.29509 -0.946639
t -0.956842 0.290381 0.0114846
bt 0.106801 0.30494 -0.946364
t -0.948463 0.315188 0.0327767
bt 0.047426 0.132485 -0.99005
t -0.722681 0.690424 -0.0323458
bt -0.0206392 0.141295 -0.989752
t -0.639491 0.766298 -0.0619641
bt 0.120161 0.452916 -0.883418
t -0.960121 0.274712 0.0519651
bt -0.0567508 -0.125653 -0.99045
t -0.94084 -0.33885 -1.27044e-06
bt -0.0654866 -0.232381 -0.970418
t -0.601789 0.796281 0.0615296
bt -0.0998895 -0.301036 -0.948367
t -0.0582295 -0.141412 0.988237
bt -0.983681 0.0954788 -0.152497
t -0.0829705 -0.154053 0.984573
bt -0.932015 0.295023 -0.210499
t -0.0706418 0.290852 0.954157
bt -0.933702 0.304873 -0.187759
t -0.0487133 0.315642 0.947627
bt -0.98232 0.132484 -0.132272
t -0.0941878 0.690814 0.716871
bt -0.987873 0.141275 -0.0644012
t -0.116576 0.76662 0.631429
bt -0.86985 0.452825 -0.19573
t -0.0305917 0.275222 0.960894
bt -0.991667 -0.125664 -0.0283628
t -0.0807442 -0.338381 0.937539
bt -0.972452 -0.232417 -0.017903
t 0.00970725 0.79662 0.604403
bt -0.953456 -0.300975 0.0182998
t -0.856908 0.0564092 0.512373
bt -0.504841 -0.16013 -0.84823
t -0.810885 0.19321 0.552391
bt -0.461663 -0.0058654 -0.887036
t -0.84684 0.0111282 0.531731
bt -0.48403 0.196554 -0.852691
t -0.851642 -0.0404719 0.522559
bt -0.479918 -0.0766489 -0.873959
t -0.86378 -0.0143993 0.503664
bt -0.414129 0.22474 -0.882037
t -0.857127 -0.00218632 0.5151
bt -0.441563 -0.101487 -0.891472
t -0.842369 -0.0576274 0.53581
bt -0.464655 -0.431367 -0.773316
t -0.857391 0.0396873 0.513134
bt -0.436254 -0.401257 -0.805404
t -0.837716 -0.0780808 0.540495
bt -0.446981 -0.364911 -0.81673
t 0.798975 -0.592122 -0.105032
bt -0.126246 -0.270981 0.95427
t 0.977362 -0.202516 -0.0612409
bt -0.145127 -0.320946 0.935912
t 0.928233 -0.345285 -0.138427
bt 0.108078 0.0103849 0.994088
t 0.872966 -0.47611 -0.106066
bt 0.0602897 -0.253862 0.96536
t 0.977356 -0.202556 -0.0612115
bt 0.106168 0.190711 0.975888
t 0.961294 -0.201852 -0.187537
bt 0.100355 -0.0707584 0.992432
t 0.726034 -0.664098 -0.178462
bt -0.196644 -0.561786 0.803572
t 0.593532 -0.770374 -0.232904
bt -0.282278 -0.525616 0.802525
t 0.924027 -0.375283 -0.0730561
bt 0.0155658 -0.503394 0.863917
t 0.493709 -0.848183 0.191929
bt -0.564567 -0.107762 0.818322
t 0.787152 -0.529256 0.316671
bt -0.594565 -0.151749 0.789598
t 0.720908 -0.656532 0.22194
bt -0.271287 0.0740314 0.959647
t 0.606816 -0.762239 0.225313
bt -0.404494 -0.15367 0.901538
t 0.787173 -0.529219 0.316681
bt -0.196391 0.242536 0.950056
t 0.82133 -0.537101 0.192197
bt -0.308164 0.00358237 0.951326
t 0.429757 -0.898417 0.0903117
bt -0.680192 -0.36849 0.633683
t 0.292183 -0.956189 -0.0182009
bt -0.737098 -0.306678 0.602192
t 0.674755 -0.682669 0.280481
bt -0.507622 -0.380165 0.773171
t 0.493714 -0.848182 0.19192
bt -0.564572 -0.107753 0.81832
t 0.787183 -0.52919 0.316703
bt -0.594587 -0.151798 0.789572
t 0.720909 -0.656532 0.221935
bt -0.271295 0.074039 0.959644
t 0.606817 -0.762239 0.225312
bt -0.404499 -0.153664 0.901536
t 0.78717 -0.529215 0.316693
bt -0.196385 0.242532 0.950059
t 0.821332 -0.537101 0.19219
bt -0.308174 0.00358894 0.951323
t 0.42977 -0.898412 0.0903006
bt -0.680194 -0.368487 0.633683
t 0.292202 -0.956183 -0.0182166
bt -0.737101 -0.306671 0.602192
t 0.674755 -0.682669 0.280481
bt -0.50762 -0.380167 0.773172
t 0.798975 -0.592121 -0.105033
bt -0.126248 -0.270979 0.95427
t 0.977362 -0.20252 -0.06123
bt -0.145126 -0.320946 0.935912
t 0.928232 -0.345285 -0.138431
bt 0.10808 0.010384 0.994088
t 0.872966 -0.47611 -0.106068
bt 0.0602864 -0.25386 0.96536
t 0.977356 -0.202556 -0.0612115
bt 0.106156 0.190714 0.975889
t 0.961292 -0.201851 -0.187549
bt 0.100363 -0.0707602 0.992432
t 0.726034 -0.664097 -0.178462
bt -0.196651 -0.56178 0.803574
t 0.593533 -0.770373 -0.232906
bt -0.282283 -0.52561 0.802527
t 0.924027 -0.375284 -0.0730549
bt 0.0155543 -0.50339 0.863919
t 0.493709 -0.848183 0.191929
bt -0.564566 -0.107763 0.818323
t 0.787179 -0.529193 0.31671
bt -0.594586 -0.151799 0.789572
t 0.720908 -0.656532 0.22194
bt -0.27128 0.0740253 0.95965
t 0.606816 -0.762239 0.225313
bt -0.404491 -0.153673 0.901538
t 0.787172 -0.529217 0.316686
bt -0.196397 0.24254 0.950054
t 0.821329 -0.537101 0.192198
bt -0.308159 0.00357898 0.951328
t 0.429757 -0.898417 0.0903117
bt -0.680196 -0.368483 0.633683
t 0.292183 -0.956189 -0.0182009
bt -0.737102 -0.306667 0.602192
t 0.674754 -0.682669 0.280481
bt -0.507622 -0.380165 0.773171
t -0.642859 0.0938199 -0.760217
bt 0.581507 0.759363 -0.291919
t -0.644267 0.100425 -0.758178
bt 0.724731 0.516446 -0.456123
t -0.502895 -0.012437 -0.864258
bt 0.74689 0.533288 -0.39719
t -0.459034 -0.0458113 -0.887237
bt 0.518574 0.827376 -0.21571
t -0.772206 0.162085 -0.61435
bt 0.544201 0.795435 -0.266701
t -0.772879 0.106173 -0.625608
bt 0.698765 0.525434 -0.485433
t -0.648998 0.0657534 -0.757943
bt 0.810473 0.197828 -0.55136
t -0.568673 0.021179 -0.822291
bt 0.810634 0.204206 -0.548793
t -0.720009 0.0785494 -0.689505
bt 0.796182 0.246234 -0.552687

