g sponza_180
t -0.0443344 0.604932 0.795042
bt 0.992211 0.0302834 -0.12083
t 0.136987 0.614085 0.77726
bt 0.992017 0.031101 -0.122211
t -0.181959 0.612017 0.769627
bt 0.997566 -0.00900659 0.0691516
t -0.137062 0.614071 0.777258
bt 0.99776 -0.0070232 0.0665308
t 0.230831 0.603832 0.762957
bt 0.88339 0.0284302 -0.467775
t 0.394653 0.614035 0.683527
bt 0.88339 0.0284306 -0.467775
t 0.477898 0.603834 0.637964
bt 0.67011 0.0284639 -0.741716
t 0.604629 0.614038 0.507328
bt 0.670113 0.0284672 -0.741713
t 0.670321 0.600036 0.436609
bt 0.350163 0.0361037 -0.935993
t 0.741637 0.614075 0.269975
bt 0.35265 0.0325383 -0.935189
t 0.777538 0.613718 0.137056
bt 0.0413363 0.0152127 -0.999029
t 0.762606 0.605945 0.226413
bt 0.0474717 0.0109098 -0.998813
t -0.769091 0.612557 -0.182408
bt 0.265263 0.0332945 -0.963601
t -0.741636 0.614075 -0.269977
bt 0.269555 0.0355038 -0.96233
t -0.776755 0.614712 -0.13704
bt 0.0457522 -0.00955435 -0.998907
t -0.784887 0.617923 -0.0460857
bt 0.0408961 -0.0148662 -0.999053
t -0.711259 0.603836 -0.35985
bt 0.614077 0.0284468 -0.788733
t -0.604629 0.614038 -0.507328
bt 0.614075 0.0284492 -0.788735
t -0.545323 0.603824 -0.581394
bt 0.846815 0.0284825 -0.531124
t -0.394653 0.614035 -0.683527
bt 0.846818 0.0284792 -0.53112
t -0.313577 0.60244 -0.733986
bt 0.9795 0.0313166 -0.198995
t -0.136987 0.614085 -0.77726
bt 0.979359 0.0301201 -0.199869
t 0.137067 0.614071 -0.777258
bt 0.99776 0.0070232 0.0665308
t -0.0456203 0.612742 -0.788965
bt 0.997635 0.00989959 0.0680127
t -0.00234207 0.998931 0.0461682
bt 0.987107 0.00286794 -0.160034
t 0.00782801 0.998982 0.044422
bt 0.987086 0.00857654 -0.159964
t -0.0103903 0.998981 0.0439198
bt 0.99695 -0.000750359 0.0780423
t -0.0078496 0.998982 0.0444236
bt 0.996989 -0.000746943 0.0775439
t 0.0136335 0.99893 0.0442049
bt 0.866069 0.00264917 -0.499917
t 0.0225372 0.998982 0.0390669
bt 0.866069 0.00264927 -0.499917
t 0.00782795 0.998982 0.044422
bt 0.986955 -0.00857089 -0.160768
t 0.0279256 0.99893 0.0368795
bt 0.64284 0.00265051 -0.765996
t 0.034541 0.998982 0.0289985
bt 0.642839 0.00265032 -0.765996
t 0.0426943 0.998968 0.0155231
bt 0.308156 0.0032475 -0.95133
t 0.0392482 0.998913 0.0251536
bt 0.308844 0.00319206 -0.951107
t 0.044411 0.998983 0.00783416
bt 0.025775 0.00115215 -0.999667
t 0.044164 0.998941 0.0129247
bt 0.0268732 0.00113618 -0.999638
t -0.019961 0.993433 -0.112659
bt 0.987199 -0.00719076 -0.15933
t 0.0198273 0.993432 -0.112694
bt 0.996999 0.00188118 0.0773897
t -0.00654324 0.993396 -0.114547
bt 0.996945 0.00196801 0.0780816
t -0.0327736 0.993329 -0.110558
bt 0.987151 -0.00722608 -0.159627
t -0.0572278 0.993434 -0.0990629
bt 0.866391 -0.00667932 -0.499322
t -0.0684939 0.99335 -0.0925469
bt 0.866391 -0.00667943 -0.499322
t -0.0876016 0.993435 -0.0735736
bt 0.643388 -0.00667572 -0.765511
t -0.0958958 0.993362 -0.0635212
bt 0.643388 -0.00666975 -0.765511
t -0.109606 0.993431 -0.0328746
bt 0.308915 -0.0081166 -0.951055
t -0.107361 0.993449 -0.0391447
bt 0.3099 -0.00799749 -0.950736
t -0.112862 0.993589 -0.00663589
bt 0.0277937 -0.00278242 -0.99961
t -0.112604 0.993442 -0.0198529
bt 0.0260994 -0.00296911 -0.999655
t -0.146074 0.591275 -0.79313
bt -0.912167 0.0846149 0.400989
t -0.394558 0.614084 -0.683538
bt -0.912163 0.0846068 0.400999
t -0.137004 0.614362 -0.777039
bt -0.973054 -0.0250112 0.229217
t -0.137053 0.614045 -0.777281
bt -0.954551 -0.0705924 0.289567
t -0.477815 0.603876 -0.637986
bt -0.67011 0.0284605 0.741716
t -0.604564 0.614086 -0.507347
bt -0.670109 0.0284592 0.741717
t -0.394558 0.614084 -0.683538
bt -0.803373 -0.0846572 0.589428
t -0.394558 0.614084 -0.683538
bt -0.803373 -0.0846572 0.589428
t -0.697447 0.609946 -0.37621
bt -0.376014 0.0284606 0.926177
t -0.741702 0.61402 -0.269923
bt -0.376019 0.0284648 0.926175
t -0.78254 0.618884 -0.0679232
bt -0.153227 0.0262043 0.987844
t -0.782893 0.618433 -0.067966
bt -0.15403 0.0252024 0.987745
t 0.711243 0.603884 0.359803
bt -0.614075 0.028446 0.788735
t 0.604564 0.614086 0.507347
bt -0.614079 0.0284417 0.788732
t 0.741702 0.61402 0.269923
bt -0.376014 -0.0284605 0.926177
t 0.763326 0.612585 0.205118
bt -0.376014 -0.0284606 0.926177
t 0.613798 0.591272 0.523115
bt -0.803373 0.0846572 0.589428
t 0.394558 0.614084 0.683538
bt -0.803371 0.0846592 0.58943
t 0.313425 0.606419 0.730767
bt -0.972739 0.0229517 0.230765
t 0.137003 0.614362 0.777039
bt -0.973052 0.0250167 0.229224
t 0.394558 0.614084 0.683538
bt -0.912167 -0.0846149 0.400989
t 0.394558 0.614084 0.683538
bt -0.912167 -0.0846149 0.400989
t 0.0688335 0.614115 0.786209
bt -0.999155 0.0182471 -0.0368258
t -0.0679921 0.618401 0.782916
bt -0.999067 0.018989 -0.0387874
t -0.0136413 0.99893 -0.0442004
bt -0.866069 0.00264948 0.499917
t -0.0225527 0.998982 -0.0390579
bt -0.866069 0.00264968 0.499917
t -0.00783417 0.998982 -0.0444286
bt -0.979836 -0.00224359 0.19979
t -0.0373242 0.996841 -0.0701078
bt -0.985129 -0.00288431 0.171794
t -0.0279363 0.99893 -0.0368667
bt -0.64284 0.00265032 0.765996
t -0.034556 0.998982 -0.0289806
bt -0.642839 0.00265034 0.765996
t -0.0423777 0.998982 -0.0154351
bt -0.34217 0.00264588 0.939634
t -0.0388602 0.99893 -0.0250909
bt -0.34217 0.00264596 0.939634
t -0.0444593 0.999004 -0.00385934
bt -0.121916 0.00233728 0.992538
t -0.0428307 0.998962 -0.0154981
bt -0.121722 0.00233536 0.992562
t 4.14265e-05 0.99356 0.113303
bt -0.998195 0.00428262 -0.0599007
t -0.00978104 0.993591 0.112608
bt -0.998171 0.00430647 -0.0603006
t 0.0198535 0.993441 0.112609
bt -0.980123 -0.0168586 0.197674
t 0.0198532 0.993441 0.112608
bt -0.979867 -0.00566541 0.199573
t 0.0573248 0.993434 0.0990069
bt -0.866391 -0.00668081 0.499322
t 0.0584776 0.992787 0.104663
bt -0.979339 0.0169361 0.201515
t 0.0685875 0.993348 0.0924926
bt -0.866391 -0.00668073 0.499322
t 0.0875821 0.993446 0.0734434
bt -0.643388 -0.00666987 0.765511
t 0.0959464 0.993361 0.0634607
bt -0.643388 -0.0066698 0.765511
t 0.107492 0.993435 0.0391557
bt -0.342766 -0.00667497 0.939397
t 0.107492 0.993435 0.0391557
bt -0.342766 -0.00667497 0.939397
t -0.762924 0.603842 0.230916
bt 0.467774 0.0284313 0.883391
t -0.683483 0.614035 0.394729
bt 0.46777 0.028435 0.883393
t -0.777236 0.614098 0.137071
bt 0.268173 -0.09937 0.958232
t -0.777535 0.613709 0.137112
bt 0.265683 -0.102822 0.958561
t -0.637927 0.60384 0.477939
bt 0.741716 0.0284638 0.67011
t -0.507321 0.614038 0.604635
bt 0.74172 0.0284596 0.670106
t -0.436425 0.601379 0.669236
bt 0.932464 0.0332272 0.359733
t -0.269959 0.614044 0.741668
bt 0.931952 0.0310678 0.361249
t -0.137062 0.614071 0.777258
bt 0.99776 -0.0070232 0.0665308
t -0.181959 0.612017 0.769627
bt 0.997566 -0.00900659 0.0691516
t 0.182559 0.612086 -0.76943
bt 0.959308 0.0317432 0.280572
t 0.26996 0.614045 -0.741668
bt 0.95842 0.0328651 0.283461
t -0.0456203 0.612742 -0.788965
bt 0.997635 0.00989959 0.0680127
t 0.137067 0.614071 -0.777258
bt 0.99776 0.0070232 0.0665308
t 0.359828 0.603833 -0.711273
bt 0.788736 0.0284503 0.614074
t 0.507321 0.614038 -0.604635
bt 0.788732 0.0284453 0.614079
t 0.581378 0.603821 -0.545343
bt 0.531121 0.0284804 0.846817
t 0.683484 0.614035 -0.394729
bt 0.531126 0.0284845 0.846814
t 0.705737 0.586118 -0.397997
bt 0.265683 0.102822 0.958561
t 0.777235 0.614098 -0.137072
bt 0.268166 0.0993643 0.958235
t -0.0442052 0.99893 0.0136329
bt 0.499917 0.00264947 0.866069
t -0.0390602 0.998982 0.0225489
bt 0.499917 0.00264937 0.866069
t -0.0444404 0.998981 0.00782864
bt 0.140244 -0.00954487 0.990071
t -0.0446426 0.998972 0.00785709
bt 0.139691 -0.00961451 0.990148
t -0.0368718 0.99893 0.027932
bt 0.765996 0.0026505 0.64284
t -0.0289908 0.998982 0.0345474
bt 0.765996 0.0026503 0.642839
t -0.0155266 0.998968 0.0426764
bt 0.947253 0.00303468 0.320472
t -0.0251318 0.998919 0.0391027
bt 0.947123 0.00299546 0.320856
t -0.0078496 0.998982 0.0444236
bt 0.996989 -0.000746943 0.0775439
t -0.0103903 0.998981 0.0439198
bt 0.99695 -0.000750359 0.0780423
t 0.0990953 0.993434 -0.0571717
bt 0.499322 -0.00667943 0.866391
t 0.112738 0.993427 -0.0198254
bt 0.14163 0.0241817 0.989624
t 0.107285 0.992515 -0.0583489
bt 0.142747 0.0240678 0.989467
t 0.0925627 0.99335 -0.0684667
bt 0.499322 -0.0066797 0.866391
t 0.0735828 0.993435 -0.0875939
bt 0.765511 -0.00667597 0.643388
t 0.0635505 0.993351 -0.096
bt 0.765511 -0.00667555 0.643388
t 0.03283 0.993415 -0.109765
bt 0.947008 -0.00760147 0.32112
t 0.0390673 0.993432 -0.10755
bt 0.946806 -0.00753405 0.321716
t -0.00654324 0.993396 -0.114547
bt 0.996945 0.00196801 0.0780816
t 0.0198273 0.993432 -0.112694
bt 0.996999 0.00188118 0.0773897
t 0.777538 0.613718 0.137056
bt 0.0413363 0.0152127 -0.999029
t 0.777319 0.61399 -0.137086
bt -0.168054 0.0253337 -0.985452
t 0.79718 0.602175 0.0434698
bt -0.165814 0.0241965 -0.98586
t 0.762606 0.605945 0.226413
bt 0.0474717 0.0109098 -0.998813
t 0.762941 0.603837 -0.230872
bt -0.46777 0.0284349 -0.883393
t 0.683534 0.614035 -0.394642
bt -0.467774 0.0284316 -0.883391
t 0.637954 0.603836 -0.477909
bt -0.741714 0.0284666 -0.670112
t 0.507269 0.614038 -0.604679
bt -0.741714 0.0284657 -0.670112
t 0.435997 0.603823 -0.667311
bt -0.926175 0.0284639 -0.376018
t 0.269923 0.61402 -0.741702
bt -0.926176 0.0284621 -0.376016
t -0.000251816 0.617584 -0.786505
bt -0.996302 0.0188045 -0.0838312
t 0.203946 0.61099 -0.764917
bt -0.996194 0.0177275 -0.0853411
t -0.359791 0.603828 0.711296
bt -0.788732 0.0284458 -0.614078
t -0.507269 0.614038 0.604679
bt -0.788734 0.0284477 -0.614076
t -0.269923 0.61402 0.741702
bt -0.926175 -0.028464 -0.376018
t -0.205125 0.612586 0.763323
bt -0.926175 -0.0284639 -0.376018
t -0.581369 0.60382 0.545355
bt -0.531119 0.0284779 -0.846819
t -0.683534 0.614035 0.394642
bt -0.53112 0.0284789 -0.846818
t -0.730971 0.606128 0.313512
bt -0.229361 0.0233364 -0.973061
t -0.777015 0.614388 0.137024
bt -0.227971 0.0251848 -0.973342
t -0.784887 0.617923 -0.0460857
bt 0.0408961 -0.0148662 -0.999053
t -0.776755 0.614712 -0.13704
bt 0.0457522 -0.00955435 -0.998907
t 0.0462631 0.998927 0.00224284
bt -0.198304 0.00224798 -0.980138
t 0.0444296 0.998982 -0.00782917
bt -0.197901 0.00225841 -0.980219
t 0.044164 0.998941 0.0129247
bt 0.0268732 0.00113618 -0.999638
t 0.044411 0.998983 0.00783416
bt 0.025775 0.00115215 -0.999667
t 0.0442049 0.99893 -0.0136335
bt -0.499917 0.00264935 -0.866069
t 0.0390669 0.998982 -0.0225372
bt -0.499917 0.00264945 -0.866069
t 0.036881 0.99893 -0.0279243
bt -0.765996 0.00265023 -0.64284
t 0.029003 0.998982 -0.0345372
bt -0.765996 0.00265058 -0.64284
t 0.0154518 0.998979 -0.042444
bt -0.957035 0.00351991 -0.289951
t 0.0339287 0.997281 -0.0654183
bt -0.948455 0.00352002 -0.316893
t -0.0198648 0.990854 -0.133469
bt -0.995374 -0.00410615 -0.0959894
t -0.107221 0.984553 -0.138418
bt -0.996195 0.00668943 -0.0868928
t -0.112509 0.993453 0.0198005
bt -0.19775 -0.00573386 -0.980236
t -0.112604 0.993442 -0.0198529
bt 0.0260994 -0.00296911 -0.999655
t -0.112862 0.993589 -0.00663589
bt 0.0277937 -0.00278242 -0.99961
t -0.110014 0.993395 0.0326226
bt -0.197253 -0.00567948 -0.980336
t -0.0991434 0.993434 0.0570884
bt -0.499322 -0.00668018 -0.866391
t -0.0926134 0.993351 0.068379
bt -0.499322 -0.00668055 -0.866391
t -0.0736467 0.993435 0.0875403
bt -0.765511 -0.00667611 -0.643388
t -0.0636175 0.993352 0.095944
bt -0.765511 -0.00667624 -0.643388
t -0.0391557 0.993435 0.107492
bt -0.939397 -0.0066763 -0.342766
t -0.0391557 0.993435 0.107492
bt -0.939397 -0.0066763 -0.342766
t 0.964642 -0.0322683 0.261579
bt 0.134726 -0.618384 -0.774242
t 0.964642 -0.0322673 0.26158
bt 0.235532 -0.62178 -0.746937
t 0.998394 0.0322518 -0.0465824
bt -0.068384 -0.621768 -0.78021
t 0.998394 0.0322518 -0.0465824
bt -0.068384 -0.621768 -0.78021
t 0.953763 0.00350997 0.300538
bt -0.00948569 -0.998572 0.0525787
t 0.953763 0.00350319 0.300538
bt -0.0160567 -0.9986 0.0504033
t 0.996208 -0.00350702 -0.0869366
bt 0.00458628 -0.998595 0.0528011
t 0.996208 -0.00350702 -0.0869366
bt 0.00458628 -0.998595 0.0528011
t 0.96383 0.0328332 0.264486
bt -0.130067 -0.654034 0.7452
t 0.963831 0.0328343 0.264485
bt -0.226509 -0.657334 0.718753
t 0.998231 -0.0328183 -0.0495839
bt 0.0657203 -0.65721 0.750837
t 0.998231 -0.0328183 -0.0495839
bt 0.0657203 -0.65721 0.750837
t 0.955642 -0.0205868 0.29381
bt 0.0585184 -0.943559 -0.325995
t 0.955642 -0.0205886 0.29381
bt 0.0989485 -0.944401 -0.313554
t 0.996584 0.0205808 -0.0799862
bt -0.0286162 -0.944399 -0.327554
t 0.996584 0.0205808 -0.0799862
bt -0.0286162 -0.944399 -0.327554
t 0.955642 0.0205885 0.29381
bt -0.0585275 -0.943559 0.325992
t 0.955642 0.0205868 0.29381
bt -0.0989485 -0.944401 0.313554
t 0.996583 -0.0205803 -0.0799864
bt 0.0286162 -0.944399 0.327554
t 0.996583 -0.0205803 -0.0799864
bt 0.0286162 -0.944399 0.327554
t 0.954201 -0.0107499 0.298972
bt 0.0293821 -0.986175 -0.163082
t 0.954201 -0.0107508 0.298972
bt 0.0494178 -0.986393 -0.156804
t 0.996289 0.0107569 -0.0853934
bt -0.0143336 -0.986393 -0.16378
t 0.996289 0.0107569 -0.0853934
bt -0.0143336 -0.986393 -0.16378
t 0.954987 0.0126906 0.296375
bt -0.0638355 -0.940191 0.334614
t 0.958307 0.0289938 0.284267
bt -0.152617 -0.861546 0.484196
t 0.997118 -0.0289946 -0.0701008
bt 0.0443075 -0.861546 0.505743
t 0.996503 -0.0126685 -0.0825964
bt 0.0295285 -0.940968 0.337205
t 0.954072 0.00927401 0.299432
bt -0.0252976 -0.989807 0.14015
t 0.996265 -0.00927131 -0.0858517
bt 0.0122812 -0.989981 0.140667
t 0.967485 0.0277309 0.251403
bt -0.149677 -0.473183 0.868156
t 0.967486 0.0277324 0.2514
bt -0.264337 -0.476532 0.838477
t 0.998967 -0.0277028 -0.0360282
bt 0.0766218 -0.476497 0.875831
t 0.998967 -0.0277028 -0.0360282
bt 0.0766218 -0.476497 0.875831
t 0.969144 0.0225494 0.245461
bt -0.157405 -0.362393 0.918638
t 0.969145 0.0225499 0.24546
bt -0.279905 -0.365316 0.887805
t 0.999302 -0.0224706 -0.0298438
bt 0.0811454 -0.365285 0.927352
t 0.999302 -0.0224706 -0.0298438
bt 0.0811454 -0.365285 0.927352
t 0.995247 0.0972887 -0.00432552
bt -0.0563715 -0.76305 -0.643876
t 0.960892 -0.0336142 0.274875
bt 0.29321 -0.757414 -0.583397
t 0.961604 -0.0315231 0.272623
bt 0.0387879 -0.751742 -0.658316
t 0.995247 0.0972887 -0.00432552
bt -0.0563715 -0.76305 -0.643876
t 0.960065 0.0317255 0.277971
bt -0.104402 -0.800005 0.59084
t 0.960065 0.0317222 0.277973
bt -0.179419 -0.802456 0.569099
t 0.997474 -0.0317023 -0.0635585
bt 0.0520981 -0.802411 0.594493
t 0.997474 -0.0317023 -0.0635585
bt 0.0520981 -0.802411 0.594493
t 0.962228 -0.032634 0.270284
bt 0.213481 -0.733337 -0.645479
t 0.99785 0.0331506 -0.0565383
bt -0.0591643 -0.73431 -0.676231
t 0.996908 0.0174985 -0.0766069
bt 0.0358484 -0.853117 -0.520487
t 0.956732 -0.0172181 0.290461
bt 0.187709 -0.854878 -0.483683
t 0.954794 -0.0109791 0.297064
bt 0.0514739 -0.955763 -0.289601
t 0.954204 -0.00749942 0.299063
bt 0.041062 -0.993296 -0.108056
t 0.99624 0.00751593 -0.0863074
bt -0.00997572 -0.993469 -0.113662
t 0.996421 0.0110343 -0.083808
bt -0.0252895 -0.957028 -0.288892
t 0.915594 0.00183977 -0.4021
bt -0.46158 -0.0279547 -0.886658
t 0.988253 -0.00187713 -0.152814
bt -0.0871628 -0.0279037 -0.995803
t 0.988253 -0.00187717 -0.152815
bt -0.222513 -0.0276373 -0.974538
t 0.915594 0.00183977 -0.4021
bt -0.46158 -0.0279547 -0.886658
t 0.90133 0.0331173 -0.431865
bt -0.242217 -0.704012 -0.667606
t 0.901329 0.0331155 -0.431867
bt -0.326526 -0.707104 -0.627204
t 0.992219 -0.0331417 -0.120014
bt -0.0614023 -0.707151 -0.704392
t 0.992219 -0.0331417 -0.120014
bt -0.0614023 -0.707151 -0.704392
t 0.962632 0.0331133 0.26878
bt -0.12293 -0.703946 0.699534
t 0.962632 0.0331102 0.268783
bt -0.213005 -0.707017 0.674355
t 0.99799 -0.033096 -0.0540493
bt 0.061406 -0.707101 0.704441
t 0.99799 -0.033096 -0.0540493
bt 0.061406 -0.707101 0.704441
t 0.953718 0 0.300703
bt 0 -1 0
t 0.996191 0 -0.0872004
bt 0 -1 0
t 0.996191 0 -0.0872004
bt 0 -1 0
t 0.953718 0 0.300703
bt 0 -1 0
t 0.953738 -0.00255804 0.300629
bt 0.00708262 -0.999243 -0.0382397
t 0.953738 -0.00255802 0.300629
bt 0.0114415 -0.999255 -0.0368658
t 0.996192 0.00767294 -0.0868513
bt -0.00305455 -0.999255 -0.0384822
t 0.996199 0.0025582 -0.0870684
bt -0.00305414 -0.999255 -0.0384784
t 0.962187 -0.0330941 0.270371
bt 0.0349425 -0.712725 -0.700573
t 0.962187 -0.0330937 0.270371
bt 0.207315 -0.724207 -0.657681
t 0.997901 0.033062 -0.0556791
bt -0.0599074 -0.724221 -0.686961
t 0.997901 0.0330691 -0.0556723
bt -0.148141 -0.721369 -0.676521
t 0.962187 0.033088 0.270372
bt -0.119916 -0.721268 0.682197
t 0.962187 0.0330893 0.270371
bt -0.207299 -0.724257 0.657631
t 0.997901 -0.0330614 -0.055675
bt 0.0599028 -0.724271 0.686909
t 0.997901 -0.0330614 -0.055675
bt 0.0599028 -0.724271 0.686909
t 0.954139 -0.0016138 0.29936
bt -0.00251599 -0.999633 -0.0269908
t 0.95352 0.000660071 0.301328
bt -0.0108595 -0.999849 0.0135575
t 0.996199 -0.000608515 -0.0871007
bt 0.00132285 -0.999884 0.0151424
t 0.9962 0.00179462 -0.0870822
bt -0.00237615 -0.99963 -0.0270968
t 0.953752 0.00202522 0.300588
bt -0.0117044 -0.998691 0.0497832
t 0.953735 0.00140675 0.300646
bt -0.0143028 -0.999366 0.032609
t 0.996198 -0.00140738 -0.0871046
bt 0.0030851 -0.999373 0.0352641
t 0.996205 -0.00202021 -0.0870102
bt 0.00443634 -0.998704 0.0507067
t 0.953962 -0.0062086 0.299863
bt 0.052844 -0.985784 -0.159491
t 0.996271 0.0064715 -0.0860347
bt -0.014605 -0.985855 -0.166963
t 0.953787 -0.00365131 0.30046
bt 0.00989366 -0.998451 -0.0547565
t 0.953787 -0.00365146 0.30046
bt 0.0166039 -0.998475 -0.0526424
t 0.996208 0.00365307 -0.0869321
bt -0.00474526 -0.998475 -0.0549945
t 0.996208 0.00365307 -0.0869321
bt -0.00474526 -0.998475 -0.0549945
t 0.915596 -0.00183992 -0.402095
bt 0.335988 -0.0276935 0.941459
t 0.915594 -0.00183977 -0.4021
bt 0.46158 -0.0279547 0.886658
t 0.988253 0.00187713 -0.152814
bt 0.0871628 -0.0279037 0.995803
t 0.988253 0.00187713 -0.152814
bt 0.0871628 -0.0279037 0.995803
t -0.964642 -0.0322649 -0.261583
bt -0.235532 -0.62178 0.746937
t -0.998394 0.0322546 0.0465789
bt 0.0681525 -0.621768 0.780231
t -0.998394 0.0322553 0.0465781
bt -0.134446 -0.60894 0.781739
t -0.964642 -0.0322657 -0.261582
bt -0.330618 -0.618603 0.712757
t -0.953763 0.00350361 -0.300538
bt 0.0158917 -0.9986 -0.0504553
t -0.996208 -0.00350741 0.0869366
bt -0.00452595 -0.998595 -0.0528063
t -0.996208 -0.00350695 0.0869366
bt 0.0088267 -0.998504 -0.0539693
t -0.953763 0.00350319 -0.300538
bt 0.0223571 -0.998577 -0.0484155
t -0.963831 0.0328346 -0.264484
bt 0.226554 -0.657334 -0.718738
t -0.998231 -0.0328154 0.0495833
bt -0.0657121 -0.657316 -0.750745
t -0.998231 -0.0328124 0.0495867
bt 0.129037 -0.6448 -0.753381
t -0.96385 0.0327583 -0.264426
bt 0.318113 -0.65421 -0.686159
t -0.955642 -0.0205881 -0.29381
bt -0.0989147 -0.944401 0.313564
t -0.996583 0.0205821 0.0799858
bt 0.0286165 -0.944399 0.327554
t -0.996583 0.0205808 0.0799862
bt -0.055245 -0.941052 0.333721
t -0.955642 -0.0205868 -0.29381
bt -0.13892 -0.943564 0.300645
t -0.955642 0.0205856 -0.293811
bt 0.0989147 -0.944401 -0.313564
t -0.996584 -0.0205813 0.0799861
bt -0.0286159 -0.944399 -0.327554
t -0.996583 -0.0205826 0.0799856
bt 0.0552264 -0.941053 -0.333719
t -0.955642 0.0205869 -0.29381
bt 0.138911 -0.943565 -0.300648
t -0.954201 -0.0107515 -0.298972
bt -0.0294077 -0.986175 0.163074
t -0.954201 -0.010751 -0.298972
bt -0.0495433 -0.986393 0.156765
t -0.996289 0.0107561 0.0853936
bt 0.0143455 -0.986393 0.163779
t -0.996289 0.0107561 0.0853936
bt 0.0143455 -0.986393 0.163779
t -0.958307 0.0289885 -0.284266
bt 0.152595 -0.86159 -0.484125
t -0.997119 -0.0289834 0.070104
bt -0.0440543 -0.861589 -0.505691
t -0.996502 -0.0126665 0.0825971
bt 0.0492458 -0.938031 -0.343035
t -0.954987 0.0126871 -0.296375
bt 0.139323 -0.940235 -0.310721
t -0.996265 -0.00927695 0.0858518
bt 0.0235729 -0.989324 -0.14381
t -0.954072 0.00927337 -0.299432
bt 0.0596791 -0.989807 -0.129309
t -0.967484 0.0277289 -0.251407
bt 0.264391 -0.476532 -0.83846
t -0.994505 -0.0820471 -0.065024
bt -0.0766295 -0.476539 -0.875807
t -0.994504 -0.0820506 -0.0650305
bt 0.263204 -0.448739 -0.854024
t -0.967485 0.0277314 -0.251402
bt 0.371094 -0.473441 -0.798839
t -0.969144 0.0225496 -0.24546
bt 0.279905 -0.365316 -0.887805
t -0.999302 -0.0224691 0.0298476
bt -0.0811455 -0.365285 -0.927352
t -0.999302 -0.0224679 0.0298506
bt 0.161438 -0.354518 -0.921008
t -0.969144 0.0225494 -0.245461
bt 0.392851 -0.362657 -0.845073
t -0.962473 -0.032224 -0.269459
bt -0.0293657 -0.71144 0.702133
t -0.961863 -0.0342217 -0.271381
bt -0.192844 -0.723396 0.662956
t -0.997913 0.0330677 0.0554587
bt 0.0603335 -0.72197 0.689289
t -0.997913 0.0330677 0.0554587
bt 0.0603335 -0.72197 0.689289
t -0.953738 0.00216719 -0.300631
bt 0.0167385 -0.998514 -0.0518665
t -0.996205 -0.0021594 0.0870118
bt -0.00474649 -0.998519 -0.0541937
t -0.996198 -0.0016741 0.087107
bt 0.00490072 -0.999076 -0.0426886
t -0.95394 0.00160467 -0.299994
bt 0.0126158 -0.999155 -0.0391177
t -0.960066 0.0317281 -0.277969
bt 0.1795 -0.802456 -0.569074
t -0.997475 -0.0316966 0.0635588
bt -0.0519538 -0.802459 -0.594441
t -0.997475 -0.0316958 0.0635594
bt 0.101327 -0.792978 -0.600766
t -0.960066 0.0317262 -0.27797
bt 0.251997 -0.800096 -0.544375
t -0.962374 -0.0338885 -0.269608
bt -0.202732 -0.710746 0.673602
t -0.997969 0.032996 0.05449
bt 0.0613676 -0.709903 0.701621
t -0.996976 0.0181541 0.0755553
bt -0.0313874 -0.839585 0.54232
t -0.956993 -0.0183988 -0.289528
bt -0.154525 -0.842678 0.515768
t -0.962651 -0.0219331 -0.269856
bt -0.311657 -0.688862 0.654476
t -0.99857 0.0209981 0.0491555
bt 0.161983 -0.692536 0.702962
t -0.997362 -0.00832696 -0.0721056
bt -0.0830135 -0.648626 0.756567
t -0.968016 -0.0433211 -0.247119
bt -0.318242 -0.609954 0.725726
t -0.915597 0.00183996 0.402094
bt 0.461561 -0.0279547 0.886668
t -0.988252 -0.00187727 0.152819
bt 0.0871642 -0.0279037 0.995803
t -0.988253 -0.00187723 0.152817
bt 0.342605 -0.0269398 0.939093
t -0.915597 0.00183996 0.402094
bt 0.461561 -0.0279547 0.886668
t -0.901318 0.0331489 0.431888
bt 0.3268 -0.707009 0.627168
t -0.992217 -0.0331324 0.120031
bt 0.061398 -0.707101 0.704442
t -0.992217 -0.0331338 0.120033
bt 0.242057 -0.695269 0.676764
t -0.90135 0.033087 0.431826
bt 0.406055 -0.704041 0.582619
t -0.962637 0.0330941 -0.268766
bt 0.212653 -0.707115 -0.674364
t -0.99799 -0.0330927 0.0540525
bt -0.0613961 -0.707101 -0.704442
t -0.99799 -0.0330924 0.0540529
bt 0.120902 -0.69527 -0.708507
t -0.962636 0.033093 -0.268767
bt 0.29865 -0.704171 -0.644167
t -0.953718 0 -0.300703
bt 0 -1 0
t -0.996191 0 0.0872004
bt 0 -1 0
t -0.996191 0 0.0872004
bt 0 -1 0
t -0.953718 0 -0.300703
bt 0 -1 0
t -0.953738 -0.00255847 -0.300629
bt -0.0116844 -0.999255 0.0367892
t -0.996199 0.00256427 0.0870684
bt 0.00338878 -0.999251 0.0385493
t -0.996199 0.00256434 0.087064
bt -0.00648953 -0.999202 0.0394155
t -0.953738 -0.00255834 -0.300629
bt -0.0163528 -0.999242 0.0353166
t -0.962187 -0.0330869 -0.270373
bt -0.207394 -0.724257 0.657601
t -0.997901 0.0330558 0.0556804
bt 0.0601343 -0.724271 0.686889
t -0.997901 0.0330591 0.0556772
bt -0.117642 -0.712779 0.691453
t -0.962187 -0.0330869 -0.270373
bt -0.207394 -0.724257 0.657601
t -0.962188 0.0330902 -0.27037
bt 0.207394 -0.724257 -0.657601
t -0.997901 -0.0330611 0.0556754
bt -0.0601343 -0.724271 -0.686889
t -0.997901 -0.0330578 0.0556785
bt 0.117651 -0.712778 -0.691452
t -0.962188 0.0330933 -0.270367
bt 0.291179 -0.721401 -0.628327
t -0.996199 -0.00192129 0.087082
bt -0.00229419 -0.999579 -0.0289094
t -0.95332 0.00182105 -0.301956
bt -0.00204971 -0.999581 -0.0288642
t -0.954145 -0.00689054 -0.299265
bt -0.0510007 -0.984172 0.169718
t -0.996286 0.00703445 0.0858172
bt 0.0154742 -0.984103 0.176921
t -0.996198 -0.00137932 0.0871047
bt 0.00378519 -0.999374 -0.0351627
t -0.953742 0.00137825 -0.300625
bt 0.0157468 -0.999382 -0.0314174
t -0.953758 -0.00364952 -0.300555
bt -0.0165149 -0.998481 0.0525642
t -0.996208 0.00365249 0.0869321
bt 0.00483898 -0.998475 0.0549863
t -0.996208 0.00365323 0.0869321
bt -0.00914094 -0.998378 0.0562037
t -0.953787 -0.0036445 -0.30046
bt -0.0232554 -0.998456 0.0504397
t -0.915596 -0.00183992 0.402095
bt -0.461561 -0.0279547 -0.886668
t -0.988253 0.00187725 0.152818
bt -0.0871641 -0.0279037 -0.995803
t -0.988252 0.00187729 0.15282
bt -0.342605 -0.0269398 -0.939093
t -0.915597 -0.00184003 0.402092
bt -0.572722 -0.0277174 -0.819281
t -0.26158 -0.0322677 0.964642
bt 0.746987 -0.62178 0.235372
t 0.0465889 0.0322502 0.998393
bt 0.780314 -0.621658 -0.0682031
t 0.0465823 0.0322554 0.998394
bt 0.781835 -0.608847 0.134313
t -0.261581 -0.0322671 0.964642
bt 0.712784 -0.618608 0.330551
t -0.300538 0.00350344 0.953763
bt -0.0504261 -0.9986 -0.0159843
t 0.0869366 -0.00351397 0.996208
bt -0.0529057 -0.998589 0.00453465
t 0.0869366 -0.00350708 0.996208
bt -0.0539765 -0.998502 -0.00890997
t -0.300538 0.00350324 0.953763
bt -0.0484076 -0.998577 -0.0223821
t -0.264439 0.0327784 0.963845
bt -0.718838 -0.657213 -0.226589
t 0.0495891 -0.0328104 0.998231
bt -0.75074 -0.657316 0.0657692
t 0.0495859 -0.0328132 0.998231
bt -0.753381 -0.6448 -0.129038
t -0.264436 0.0327811 0.963846
bt -0.686229 -0.654106 -0.318174
t -0.293811 -0.0205803 0.955642
bt 0.31348 -0.944432 0.0988859
t 0.0799871 0.0205723 0.996584
bt 0.327455 -0.94443 -0.0287257
t 0.0799866 0.0205735 0.996584
bt 0.333627 -0.941089 0.0551843
t -0.29381 -0.0205813 0.955642
bt 0.300568 -0.943597 0.138868
t -0.29381 0.0205825 0.955642
bt -0.31348 -0.944432 -0.0988859
t 0.0799865 -0.0205801 0.996583
bt -0.327544 -0.944399 0.0287334
t 0.0799869 -0.0205789 0.996583
bt -0.333715 -0.941059 -0.0551581
t -0.29381 0.0205815 0.955642
bt -0.300571 -0.943597 -0.138859
t -0.298973 -0.0107487 0.954201
bt 0.163068 -0.986176 0.029428
t -0.298972 -0.0107497 0.954201
bt 0.156769 -0.986393 0.0495302
t 0.0853931 0.0107588 0.996289
bt 0.163784 -0.986393 -0.0142884
t 0.0853931 0.0107588 0.996289
bt 0.163784 -0.986393 -0.0142884
t -0.284249 0.0289755 0.958312
bt -0.483979 -0.861658 -0.152674
t 0.0700988 -0.0289979 0.997118
bt -0.505749 -0.861546 0.0442414
t 0.0825976 -0.012665 0.996502
bt -0.343036 -0.93803 -0.0492531
t -0.296375 0.0126865 0.954987
bt -0.310702 -0.940233 -0.139381
t 0.0858516 -0.00927168 0.996265
bt -0.143719 -0.989336 -0.0236536
t -0.299449 0.0092772 0.954067
bt -0.129319 -0.989805 -0.0596881
t -0.251413 0.0277254 0.967483
bt -0.838471 -0.476532 -0.264356
t -0.0650283 -0.0820494 0.994505
bt -0.875808 -0.476539 0.0766199
t -0.0650453 -0.0820585 0.994503
bt -0.854032 -0.448744 -0.26317
t -0.251408 0.0277281 0.967484
bt -0.798845 -0.473441 -0.371079
t -0.245443 0.0225567 0.969149
bt -0.887796 -0.365316 -0.279933
t 0.0298367 -0.0224734 0.999302
bt -0.927353 -0.365285 0.0811329
t 0.029856 -0.0224658 0.999302
bt -0.921004 -0.354516 -0.161461
t -0.245447 0.0225551 0.969148
bt -0.845073 -0.362657 -0.39285
t 0.0549694 0.0306179 0.998019
bt 0.670601 -0.741618 -0.0172325
t -0.273373 -0.0351168 0.961267
bt 0.605457 -0.729041 0.31925
t -0.268587 -0.0302867 0.962779
bt 0.681277 -0.728243 0.0743178
t 0.0605884 0.0358894 0.997517
bt 0.670591 -0.741627 -0.0172316
t -0.300537 0.00217703 0.953768
bt -0.0526241 -0.998491 -0.015667
t 0.0871116 -0.00220068 0.996196
bt -0.0550047 -0.998469 0.00576598
t 0.0853044 -0.00108679 0.996354
bt -0.0302203 -0.999406 -0.0165672
t -0.302222 0.00140122 0.953236
bt -0.0279898 -0.999331 -0.0235396
t -0.277977 0.0317176 0.960064
bt -0.569088 -0.802456 -0.179456
t 0.0635601 -0.0316949 0.997475
bt -0.594427 -0.802459 0.052106
t 0.0635546 -0.0317023 0.997475
bt -0.600766 -0.792984 -0.101272
t -0.277975 0.0317195 0.960064
bt -0.544365 -0.800094 -0.252025
t -0.268332 -0.0312678 0.962819
bt 0.657553 -0.717164 0.230867
t 0.057139 0.0349277 0.997755
bt 0.691147 -0.72182 -0.0359415
t 0.0761705 0.0184591 0.996924
bt 0.532575 -0.844688 0.053535
t -0.289176 -0.0183035 0.957101
bt 0.494396 -0.845497 0.201761
t -0.103581 -0.00954101 0.994575
bt 0.77464 -0.618076 -0.133847
t -0.307756 -0.0371019 0.950742
bt 0.664377 -0.62308 0.412765
t -0.279777 -0.0185734 0.959885
bt 0.702455 -0.692951 0.162407
t 0.0480597 0.0214399 0.998614
bt 0.717047 -0.680789 -0.149567
t -0.402105 0.00183962 -0.915592
bt -0.886668 -0.0279547 0.461561
t -0.152819 -0.00187726 -0.988253
bt -0.995807 -0.0279037 0.0871152
t -0.152821 -0.00187733 -0.988252
bt -0.939099 -0.02694 0.34259
t -0.402104 0.00183965 -0.915592
bt -0.819272 -0.0277173 0.572735
t -0.431866 0.0331204 -0.901329
bt -0.627325 -0.707054 0.326401
t -0.120051 -0.0331301 -0.992215
bt -0.70451 -0.707001 0.0617641
t -0.120049 -0.0331283 -0.992215
bt -0.6769 -0.695195 0.241887
t -0.431869 0.0331178 -0.901328
bt -0.582694 -0.704126 0.405801
t -0.268774 0.0330861 0.962635
bt -0.674375 -0.707115 -0.212619
t 0.0540595 -0.0330828 0.997989
bt -0.704339 -0.707201 0.061431
t 0.0540514 -0.0330909 0.99799
bt -0.708409 -0.695372 -0.120888
t -0.26877 0.0330902 0.962636
bt -0.644198 -0.704176 -0.29857
t -0.300703 0 0.953718
bt 0 -1 0
t 0.0872004 0 0.996191
bt 0 -1 0
t 0.0872004 0 0.996191
bt 0 -1 0
t -0.300703 0 0.953718
bt 0 -1 0
t -0.300629 -0.0025581 0.953738
bt 0.0368381 -0.999255 0.0115292
t 0.0868513 0.00767251 0.996192
bt 0.0384659 -0.999255 -0.00324072
t 0.087064 0.00256404 0.996199
bt 0.0394119 -0.999202 0.00644833
t -0.300629 -0.00255821 0.953738
bt 0.0353549 -0.999243 0.0162314
t -0.270368 -0.0330632 0.962189
bt 0.657582 -0.724303 0.207295
t 0.0556781 0.0330582 0.997901
bt 0.686898 -0.724271 -0.0600311
t 0.0556723 0.0330643 0.997901
bt 0.691454 -0.712783 0.117611
t -0.270365 -0.0330667 0.96219
bt 0.628305 -0.721446 0.291114
t -0.270359 0.0330729 0.962191
bt -0.657582 -0.724303 -0.207295
t 0.0556721 -0.0330645 0.997901
bt -0.686898 -0.724271 0.0600314
t 0.0556779 -0.0330584 0.997901
bt -0.691453 -0.712782 -0.11762
t -0.270362 0.0330693 0.962191
bt -0.628304 -0.721446 -0.291118
t -0.297615 0.000730051 0.954686
bt -0.00340575 -0.999601 -0.0280384
t 0.0906006 -5.59172e-05 0.995887
bt -0.00333083 -0.999608 -0.0277869
t -0.299977 -0.00734532 0.953918
bt 0.164676 -0.984641 0.0580041
t 0.0853987 0.00686692 0.996323
bt 0.172485 -0.984973 -0.0087622
t 0.0870048 -0.00139176 0.996207
bt -0.0355167 -0.999364 -0.00324861
t -0.300739 0.00139077 0.953705
bt -0.0318066 -0.999379 -0.0151807
t -0.30046 -0.00365198 0.953787
bt 0.0526181 -0.998475 0.0166808
t 0.0869321 0.00365303 0.996208
bt 0.0549854 -0.998475 -0.00484943
t 0.0869321 0.00365239 0.996208
bt 0.0562148 -0.998376 0.00926925
t -0.30046 -0.00365195 0.953787
bt 0.0505123 -0.99845 0.0233566
t -0.402102 -0.00183972 -0.915593
bt 0.886668 -0.0279547 -0.461561
t -0.152824 0.00187741 -0.988252
bt 0.995807 -0.0279037 -0.0871151
t -0.152821 0.00187734 -0.988252
bt 0.939099 -0.02694 -0.34259
t -0.402103 -0.00183969 -0.915593
bt 0.819272 -0.0277173 -0.572735
t 0.261579 -0.0322687 -0.964643
bt -0.746942 -0.62178 -0.235514
t -0.046585 0.0322498 -0.998394
bt -0.78021 -0.621768 0.0683892
t -0.0465882 0.0322472 -0.998394
bt -0.781745 -0.608951 -0.134363
t 0.261581 -0.0322666 -0.964642
bt -0.712746 -0.618601 -0.330644
t 0.300538 0.00350304 -0.953763
bt 0.0504944 -0.9986 0.0157679
t -0.0869366 -0.00350735 -0.996208
bt 0.0528063 -0.998595 -0.00452596
t -0.0869366 -0.00350749 -0.996208
bt 0.053967 -0.998504 0.00880058
t 0.300538 0.00350313 -0.953763
bt 0.0484477 -0.998578 0.0222551
t 0.26444 0.0327774 -0.963845
bt 0.718793 -0.657213 0.226732
t -0.0495897 -0.0328099 -0.998231
bt 0.75074 -0.657316 -0.0657692
t -0.0495859 -0.0328132 -0.998231
bt 0.753375 -0.644786 0.12914
t 0.264436 0.0327811 -0.963846
bt 0.686192 -0.6541 0.318268
t 0.293812 -0.0205758 -0.955642
bt -0.31351 -0.944432 -0.09879
t -0.0799874 0.0205837 -0.996583
bt -0.327648 -0.944368 0.0285749
t -0.0799855 0.0205891 -0.996583
bt -0.333805 -0.941028 -0.0551454
t 0.293811 -0.0205796 -0.955642
bt -0.300582 -0.943598 -0.138826
t 0.293809 0.0205849 -0.955642
bt 0.31351 -0.944432 0.09879
t -0.0799856 -0.0205889 -0.996583
bt 0.327648 -0.944368 -0.0285749
t -0.0799875 -0.0205836 -0.996583
bt 0.333804 -0.941029 0.0551268
t 0.29381 0.0205812 -0.955642
bt 0.300585 -0.943599 0.138817
t 0.298956 -0.01074 -0.954207
bt -0.162951 -0.986195 -0.0294282
t 0.298956 -0.0107335 -0.954207
bt -0.156587 -0.986428 -0.0494075
t -0.0853933 0.0107579 -0.996289
bt -0.163783 -0.986393 0.0143044
t -0.0853933 0.0107579 -0.996289
bt -0.163783 -0.986393 0.0143044
t 0.284249 0.0289762 -0.958313
bt 0.483973 -0.861658 0.152693
t -0.070103 -0.0289908 -0.997118
bt 0.505747 -0.861546 -0.0442645
t -0.0825981 -0.0126638 -0.996502
bt 0.343035 -0.938031 0.0492479
t 0.296375 0.0126855 -0.954987
bt 0.310721 -0.940235 0.139325
t -0.0858516 -0.00927168 -0.996265
bt 0.143719 -0.989336 0.0236536
t 0.299449 0.00927657 -0.954067
bt 0.129303 -0.989804 0.0597386
t 0.251398 0.0277305 -0.967486
bt 0.838443 -0.476574 0.264369
t 0.065037 -0.082054 -0.994504
bt 0.875808 -0.476539 -0.0766199
t 0.0650289 -0.0820497 -0.994505
bt 0.854028 -0.448742 0.263185
t 0.251404 0.0277275 -0.967485
bt 0.79882 -0.473484 0.371079
t 0.245449 0.0225543 -0.969147
bt 0.887805 -0.365316 0.279905
t -0.0298381 -0.0224728 -0.999302
bt 0.927353 -0.365285 -0.0811329
t -0.0298551 -0.0224662 -0.999302
bt 0.921007 -0.354518 0.161442
t 0.245452 0.0225531 -0.969146
bt 0.84508 -0.362658 0.392835
t 0.270542 -0.0306971 -0.962219
bt -0.679476 -0.733665 0.00691326
t 0.275667 -0.0356146 -0.960593
bt -0.641772 -0.749615 -0.161885
t -0.0543122 0.0299971 -0.998073
bt -0.663421 -0.741603 0.0994832
t -0.0599227 0.0352883 -0.997579
bt -0.650885 -0.736508 0.184136
t 0.300652 0.00221264 -0.953731
bt 0.0527624 -0.998453 0.017561
t -0.0870117 -0.00219568 -0.996205
bt 0.0551708 -0.998469 -0.00387268
t -0.0889026 -0.00119476 -0.99604
bt 0.02842 -0.999586 -0.00442478
t 0.299055 0.000892902 -0.954236
bt 0.0240345 -0.999709 0.00188592
t 0.277968 0.0317288 -0.960066
bt 0.569109 -0.802456 0.179386
t -0.0635507 -0.0317092 -0.997475
bt 0.594552 -0.802376 -0.0519749
t -0.0635569 -0.0317008 -0.997475
bt 0.600877 -0.792902 0.101259
t 0.277967 0.0317311 -0.960066
bt 0.544393 -0.800099 0.251948
t 0.290264 -0.0185314 -0.956767
bt -0.527266 -0.847389 -0.0626265
t 0.272017 -0.0349247 -0.961658
bt -0.661812 -0.726526 -0.184837
t -0.0538587 0.0311232 -0.998063
bt -0.68696 -0.721751 0.0846306
t -0.0759856 0.0172435 -0.99696
bt -0.522005 -0.848031 0.0914005
t 0.274368 -0.0156788 -0.961497
bt -0.649239 -0.679463 -0.341787
t -0.0683111 0.0204992 -0.997453
bt -0.695652 -0.703167 0.147056
t 0.0836828 0.022342 -0.996242
bt -0.704475 -0.607404 -0.367119
t 0.267757 -0.038822 -0.962704
bt -0.693971 -0.597484 -0.401768
t 0.402117 0.00183925 0.915586
bt 0.886658 -0.0279547 -0.46158
t 0.152823 -0.00187738 0.988252
bt 0.995803 -0.0279037 -0.0871642
t 0.15284 -0.00187787 0.988249
bt 0.974539 -0.0276373 -0.222507
t 0.402109 0.00183951 0.91559
bt 0.819264 -0.0277173 -0.572747
t 0.431869 0.0331173 0.901328
bt 0.627276 -0.707054 -0.326496
t 0.120013 -0.0331351 0.992219
bt 0.704339 -0.707201 -0.061431
t 0.120019 -0.0331415 0.992218
bt 0.676714 -0.695393 -0.24184
t 0.43187 0.0331168 0.901328
bt 0.582704 -0.704128 -0.405784
t 0.268771 0.0330887 -0.962635
bt 0.674398 -0.707115 0.212544
t -0.054046 -0.0331023 -0.99799
bt 0.70451 -0.707001 -0.0617642
t -0.0540459 -0.0331024 -0.99799
bt 0.708614 -0.695196 0.120699
t 0.268771 0.0330888 -0.962636
bt 0.644244 -0.704185 0.298451
t 0.300703 0 -0.953718
bt 0 -1 0
t -0.0872004 0 -0.996191
bt 0 -1 0
t -0.0872004 0 -0.996191
bt 0 -1 0
t 0.300703 0 -0.953718
bt 0 -1 0
t 0.300629 -0.00255791 -0.953738
bt -0.0367849 -0.999255 -0.0116978
t -0.087064 0.00256415 -0.996199
bt -0.0385542 -0.999251 0.00337724
t -0.0870684 0.00256463 -0.996199
bt -0.0394121 -0.999202 -0.00649123
t 0.300629 -0.00255781 -0.953738
bt -0.0353183 -0.999242 -0.0163475
t 0.270361 -0.0330711 -0.962191
bt -0.657552 -0.724303 -0.207389
t -0.0556769 0.0330594 -0.997901
bt -0.686901 -0.724271 0.0599969
t -0.0556713 0.0330654 -0.997901
bt -0.691451 -0.712773 -0.11769
t 0.270363 -0.0330683 -0.96219
bt -0.628288 -0.721443 -0.291159
t 0.270358 0.0330742 -0.962192
bt 0.657552 -0.724303 0.207389
t -0.0556737 -0.0330628 -0.997901
bt 0.686901 -0.724271 -0.0599969
t -0.0556794 -0.0330569 -0.997901
bt 0.691451 -0.712772 0.117698
t 0.270355 0.033077 -0.962192
bt 0.628287 -0.721443 0.291163
t -0.0837004 -5.01544e-05 -0.996491
bt -0.00153458 -0.999612 -0.0278243
t 0.303806 -0.000689986 -0.952734
bt -0.00159041 -0.999618 -0.0275874
t 0.29907 -0.00679622 -0.954207
bt -0.164458 -0.985324 -0.0457143
t -0.0865518 0.00666045 -0.996225
bt -0.171386 -0.984973 0.0213283
t -0.0872045 -0.00139934 -0.99619
bt 0.0356051 -0.999357 0.00425213
t 0.300339 0.00699262 -0.953807
bt 0.0332826 -0.99938 0.0115001
t 0.300555 -0.00365682 -0.953758
bt -0.0526493 -0.998475 -0.0165763
t -0.0869321 0.00365967 -0.996208
bt -0.0550938 -0.99847 0.00475369
t -0.0869321 0.00365945 -0.996208
bt -0.0563121 -0.99837 -0.0092366
t 0.30046 -0.00365118 -0.953787
bt -0.0505341 -0.998451 -0.0232874
t 0.402097 -0.00183989 0.915595
bt -0.886658 -0.0279547 0.46158
t 0.152836 0.00187776 0.98825
bt -0.995803 -0.0279037 0.0871641
t 0.152823 0.00187738 0.988252
bt -0.939088 -0.0269397 0.342618
t 0.402105 -0.00183963 0.915592
bt -0.819264 -0.0277173 0.572747
t 0.497155 -0.0322348 0.867063
bt 0.694823 -0.62176 -0.361434
t 0.738925 0.032278 0.673014
bt 0.503382 -0.621742 -0.600036
t 0.738895 0.0322245 0.67305
bt 0.647878 -0.60895 -0.457639
t 0.497157 -0.0322368 0.867062
bt 0.737875 -0.618568 -0.270025
t 0.461893 0.00351011 0.886929
bt -0.047011 -0.998595 0.0244702
t 0.765929 -0.00350984 0.642916
bt -0.0339819 -0.998595 0.04067
t 0.765929 -0.00350985 0.642916
bt -0.0444051 -0.998504 0.031918
t 0.461893 0.00351022 0.886929
bt -0.0501439 -0.998572 0.0184492
t 0.494509 0.0328347 0.868552
bt -0.668486 -0.657347 0.347882
t 0.740908 -0.0327947 0.670806
bt -0.484337 -0.657304 0.577382
t 0.74091 -0.0327921 0.670803
bt -0.624018 -0.644782 0.441426
t 0.494508 0.0328337 0.868553
bt -0.710144 -0.654238 0.26013
t 0.468009 -0.0205778 0.883484
bt 0.291613 -0.944402 -0.15188
t 0.761256 0.0205835 0.648125
bt 0.211374 -0.944407 -0.251825
t 0.761256 0.0205822 0.648124
bt 0.274966 -0.941066 -0.196949
t 0.468009 -0.0205782 0.883484
bt 0.310765 -0.943569 -0.114465
t 0.468009 0.0205769 0.883484
bt -0.291613 -0.944402 0.151879
t 0.761298 -0.0206065 0.648075
bt -0.211387 -0.9444 0.251841
t 0.761256 -0.0205831 0.648124
bt -0.274952 -0.941067 0.196962
t 0.468009 0.0205766 0.883484
bt -0.310761 -0.94357 0.114473
t 0.463357 -0.0107435 0.886107
bt 0.145776 -0.986393 -0.076013
t 0.764855 0.0107536 0.644113
bt 0.105702 -0.986393 -0.125923
t 0.764855 0.0107534 0.644113
bt 0.137686 -0.985526 -0.0988971
t 0.463357 -0.0107439 0.886107
bt 0.155459 -0.986177 -0.0573352
t 0.476628 0.0289971 0.878627
bt -0.450353 -0.861535 0.234394
t 0.754637 -0.0289851 0.655501
bt -0.326418 -0.861542 0.38884
t 0.763054 -0.0126727 0.64621
bt -0.277438 -0.938019 0.207722
t 0.465778 0.0126598 0.884811
bt -0.318245 -0.940229 0.1212
t 0.765196 -0.00927526 0.64373
bt -0.118313 -0.989338 0.0849315
t 0.462897 0.00926931 0.886364
bt -0.133542 -0.98982 0.0492215
t 0.589169 0.0821179 0.803826
bt -0.779803 -0.47655 0.405965
t 0.731874 -0.0277727 0.680874
bt -0.565125 -0.476542 0.673454
t 0.731876 -0.0277681 0.680872
bt -0.724468 -0.464095 0.509668
t 0.589169 0.0821179 0.803826
bt -0.779803 -0.47655 0.405965
t 0.511751 0.0224741 0.85884
bt -0.825716 -0.365287 0.429836
t 0.72774 -0.0225525 0.685482
bt -0.598358 -0.365333 0.713091
t 0.72774 -0.022553 0.685483
bt -0.765409 -0.354543 0.537074
t 0.511747 0.0224724 0.858842
bt -0.87536 -0.362619 0.319769
t 0.489681 -0.0300716 0.871383
bt 0.603888 -0.749626 -0.270887
t 0.707016 0.0996749 0.700138
bt 0.442714 -0.756581 -0.481238
t 0.745956 0.0311125 0.665268
bt 0.567335 -0.741259 -0.358701
t 0.484908 -0.0350236 0.873863
bt 0.639407 -0.744492 -0.192067
t 0.461924 0.00220409 0.886917
bt -0.0508364 -0.998448 0.0227563
t 0.765979 -0.0022212 0.642862
bt -0.0386042 -0.99843 0.0405754
t 0.765197 -0.000737719 0.643795
bt -0.0246245 -0.999687 0.00436893
t 0.460274 0.000980145 0.887776
bt -0.0273923 -0.999624 -0.00156273
t 0.482328 0.0317175 0.875416
bt -0.529382 -0.802381 0.275572
t 0.750279 -0.0317187 0.66036
bt -0.383496 -0.802455 0.457162
t 0.750278 -0.0317215 0.660361
bt -0.496418 -0.792978 0.353207
t 0.48233 0.0317203 0.875415
bt -0.563192 -0.800023 0.206828
t 0.541021 -0.0961871 0.835491
bt 0.619697 -0.726493 -0.296957
t 0.745989 0.0346878 0.665054
bt 0.452187 -0.730562 -0.511669
t 0.758706 0.0188799 0.651159
bt 0.405823 -0.849985 -0.335906
t 0.471326 -0.0169238 0.881797
bt 0.484972 -0.850756 -0.202525
t 0.533208 -0.0260844 0.845582
bt 0.589269 -0.592675 -0.549089
t 0.487611 -0.0252696 0.872695
bt 0.610628 -0.677037 -0.410798
t 0.756347 0.0171767 0.653946
bt 0.475908 -0.684987 -0.551638
t 0.740193 0.0257305 0.671903
bt 0.551694 -0.607787 -0.571164
t 0.363097 0.00186872 -0.931749
bt -0.953347 -0.0279904 -0.300577
t 0.590737 -0.00188247 -0.806862
bt -0.765727 -0.0279638 -0.642558
t 0.590741 -0.00188231 -0.806859
bt -0.846439 -0.0276967 -0.531766
t 0.3631 0.0018688 -0.931748
bt -0.984297 -0.0277562 -0.174324
t 0.331934 0.0331416 -0.94272
bt -0.674398 -0.707115 -0.212544
t 0.616697 -0.0330953 -0.786505
bt -0.541818 -0.707113 -0.454339
t 0.616697 -0.0330956 -0.786505
bt -0.649698 -0.695286 -0.30736
t 0.331934 0.0331416 -0.94272
bt -0.698964 -0.704176 -0.124842
t 0.490615 0.0331171 0.870747
bt -0.627276 -0.707054 0.326496
t 0.743897 -0.0330939 0.667474
bt -0.454855 -0.707025 0.5415
t 0.743898 -0.0330928 0.667473
bt -0.586558 -0.69519 0.415525
t 0.490618 0.0331202 0.870745
bt -0.666718 -0.704112 0.244362
t 0.461719 0 0.887026
bt 0 -1 0
t 0.766018 0 0.642819
bt 0 -1 0
t 0.766018 0 0.642819
bt 0 -1 0
t 0.461719 0 0.887026
bt 0 -1 0
t 0.461806 -0.00255814 0.886977
bt 0.0342074 -0.999255 -0.0178799
t 0.765995 0.00255849 0.642842
bt 0.0247475 -0.999255 -0.0296224
t 0.765995 0.00255887 0.642842
bt 0.0322877 -0.999207 -0.0232934
t 0.461857 -0.00255616 0.886951
bt 0.0365111 -0.999243 -0.0134609
t 0.489199 -0.0330856 0.871545
bt 0.61159 -0.724257 -0.318449
t 0.744975 0.0330504 0.666274
bt 0.443139 -0.724285 -0.528242
t 0.745012 0.0330917 0.66623
bt 0.510961 -0.721262 -0.467653
t 0.489199 -0.0330858 0.871544
bt 0.650165 -0.721403 -0.238458
t 0.489195 0.0330811 0.871547
bt -0.61159 -0.724257 0.318449
t 0.745011 -0.0330927 0.666231
bt -0.44316 -0.724254 0.528267
t 0.744977 -0.0330465 0.666271
bt -0.572054 -0.712805 0.405787
t 0.489195 0.0330809 0.871547
bt -0.650167 -0.721403 0.238454
t 0.46461 -0.000623169 0.885515
bt -0.00316765 -0.999621 -0.0273379
t 0.767608 0.00131598 0.640919
bt -0.00294281 -0.999626 -0.0272034
t 0.462289 -0.00657392 0.886705
bt 0.154024 -0.985323 -0.0735862
t 0.765048 0.00683817 0.643937
bt 0.112069 -0.985606 -0.126574
t 0.765976 -0.00140146 0.642868
bt -0.0276534 -0.999356 0.022877
t 0.461726 0.00140212 0.887021
bt -0.0334905 -0.999368 0.0118953
t 0.461871 -0.00365805 0.88694
bt 0.0489303 -0.998475 -0.0255493
t 0.765924 0.00365562 0.642921
bt 0.0354212 -0.998475 -0.0423356
t 0.765924 0.00365544 0.642921
bt 0.0462174 -0.998377 -0.03327
t 0.461871 -0.00365781 0.88694
bt 0.0521796 -0.998451 -0.0193038
t 0.363097 -0.00186872 -0.931749
bt 0.953347 -0.0279904 0.300577
t 0.590739 0.00188239 -0.806861
bt 0.765727 -0.0279638 0.642558
t 0.590737 0.00188247 -0.806862
bt 0.906292 -0.0269977 0.421789
t 0.363095 -0.00186864 -0.93175
bt 0.984297 -0.0277562 0.174324
t -0.497156 -0.0322361 -0.867062
bt -0.694703 -0.62176 0.361665
t -0.738922 0.0322811 -0.673017
bt -0.503348 -0.621742 0.600065
t -0.738921 0.0322827 -0.673019
bt -0.647783 -0.608924 0.457808
t -0.497157 -0.0322367 -0.867062
bt -0.737779 -0.618584 0.270253
t -0.461893 0.00351047 -0.886929
bt 0.047011 -0.998595 -0.0244702
t -0.765929 -0.00350331 -0.642916
bt 0.0339883 -0.9986 -0.0405344
t -0.765929 -0.00350309 -0.642916
bt 0.0443645 -0.998508 -0.0318218
t -0.461893 0.0035172 -0.886929
bt 0.0502323 -0.998566 -0.0184953
t -0.494512 0.0328378 -0.86855
bt 0.668452 -0.657347 -0.347947
t -0.740906 -0.0328016 -0.670808
bt 0.484365 -0.657254 -0.577415
t -0.74091 -0.0327956 -0.670803
bt 0.624006 -0.644738 -0.441507
t -0.494509 0.0328348 -0.868552
bt 0.710125 -0.654242 -0.260175
t -0.468009 -0.0205791 -0.883484
bt -0.291638 -0.944402 0.151831
t -0.761256 0.0205848 -0.648125
bt -0.211397 -0.944407 0.251806
t -0.761256 0.0205822 -0.648124
bt -0.275016 -0.94106 0.196905
t -0.468009 -0.0205789 -0.883484
bt -0.31081 -0.943565 0.114376
t -0.468009 0.0205763 -0.883484
bt 0.291639 -0.944402 -0.151831
t -0.761298 -0.0206056 -0.648075
bt 0.21141 -0.9444 -0.251821
t -0.761256 -0.0205835 -0.648125
bt 0.275002 -0.941062 -0.196917
t -0.468009 0.0205765 -0.883484
bt 0.310806 -0.943566 -0.114384
t -0.463356 -0.0107424 -0.886107
bt -0.145832 -0.986393 0.0759045
t -0.764855 0.0107536 -0.644113
bt -0.105702 -0.986393 0.125923
t -0.764855 0.0107545 -0.644113
bt -0.137732 -0.985524 0.0988584
t -0.463306 -0.0107509 -0.886133
bt -0.155471 -0.986178 0.0572804
t -0.476624 0.0289887 -0.878629
bt 0.450395 -0.861535 -0.234312
t -0.754636 -0.0289878 -0.655502
bt 0.326418 -0.861542 -0.38884
t -0.763053 -0.0126777 -0.646211
bt 0.277458 -0.938017 -0.207705
t -0.465778 0.0126601 -0.884811
bt 0.318262 -0.940228 -0.121167
t -0.765196 -0.00927499 -0.64373
bt 0.118287 -0.989339 -0.0849532
t -0.462897 0.00927021 -0.886364
bt 0.133557 -0.989819 -0.0491922
t -0.589169 0.0821179 -0.803826
bt 0.779803 -0.47655 -0.405965
t -0.731878 -0.0277689 -0.680869
bt 0.565108 -0.476542 -0.673469
t -0.731877 -0.0277702 -0.680871
bt 0.724479 -0.464052 -0.509692
t -0.589169 0.0821179 -0.803826
bt 0.779803 -0.47655 -0.405965
t -0.511745 0.0224714 -0.858844
bt 0.825705 -0.365287 -0.429858
t -0.727744 -0.0225504 -0.685478
bt 0.598372 -0.365333 -0.713079
t -0.727735 -0.0225556 -0.685488
bt 0.765403 -0.354544 -0.537082
t -0.511742 0.0224703 -0.858845
bt 0.875354 -0.362619 -0.319784
t -0.490291 -0.0309059 -0.871011
bt -0.493117 -0.718954 0.489838
t -0.485809 -0.0357392 -0.873334
bt -0.584071 -0.733967 0.346632
t -0.743858 0.0309728 -0.66762
bt -0.418671 -0.727548 0.543496
t -0.746265 0.0346489 -0.664747
bt -0.351485 -0.723336 0.594342
t -0.461802 0.00218825 -0.88698
bt 0.0511129 -0.998474 -0.0209227
t -0.765979 -0.00217425 -0.642862
bt 0.0388621 -0.998491 -0.0387969
t -0.766841 -0.00157011 -0.641835
bt 0.0254351 -0.999269 -0.0285275
t -0.463309 0.00128742 -0.886196
bt 0.0275533 -0.999411 -0.0204669
t -0.482288 0.0317438 -0.875438
bt 0.529279 -0.80246 -0.275539
t -0.750276 -0.0317258 -0.660363
bt 0.383474 -0.802455 -0.457181
t -0.750276 -0.0317247 -0.660363
bt 0.496389 -0.792983 -0.353236
t -0.482284 0.0317375 -0.87544
bt 0.563118 -0.800101 -0.206727
t -0.470735 -0.0170833 -0.882109
bt -0.425181 -0.842242 0.331437
t -0.488397 -0.0348336 -0.871926
bt -0.607488 -0.717158 0.34153
t -0.742724 0.0330695 -0.668781
bt -0.437269 -0.713313 0.547705
t -0.723957 0.0913981 -0.683763
bt -0.331147 -0.843984 0.421939
t -0.535411 -0.0200637 -0.844353
bt -0.462028 -0.614557 0.639413
t -0.482665 -0.029431 -0.87531
bt -0.569979 -0.698074 0.433379
t -0.754704 0.0139094 -0.655918
bt -0.451391 -0.695342 0.559237
t -0.746135 0.0365123 -0.664793
bt -0.386615 -0.619908 0.68282
t -0.363095 0.00186866 0.93175
bt 0.953345 -0.0279904 0.300581
t -0.590732 -0.00188265 0.806866
bt 0.765727 -0.0279638 0.642558
t -0.590742 -0.0018823 0.806859
bt 0.846434 -0.0276967 0.531773
t -0.363095 0.00186866 0.93175
bt 0.953345 -0.0279904 0.300581
t -0.331925 0.0331318 0.942724
bt 0.674375 -0.707115 0.212619
t -0.616701 -0.0330902 0.786502
bt 0.541619 -0.707113 0.454576
t -0.616694 -0.0330987 0.786507
bt 0.649627 -0.695303 0.307472
t -0.331929 0.0331358 0.942722
bt 0.69892 -0.704188 0.125022
t -0.490619 0.0331217 -0.870744
bt 0.627326 -0.707054 -0.326401
t -0.743895 -0.0330979 -0.667477
bt 0.454678 -0.707025 -0.541649
t -0.743898 -0.0330927 -0.667473
bt 0.586548 -0.695192 -0.415536
t -0.490618 0.0331208 -0.870745
bt 0.666719 -0.704112 -0.24436
t -0.461792 0 -0.886988
bt 0 -1 0
t -0.766018 0 -0.642819
bt 0 -1 0
t -0.766018 0 -0.642819
bt 0 -1 0
t -0.461792 0 -0.886988
bt 0 -1 0
t -0.461857 -0.00256315 -0.886951
bt -0.034339 -0.999251 0.0178507
t -0.765995 0.0025589 -0.642842
bt -0.0248168 -0.999255 0.0295642
t -0.765995 0.00255853 -0.642842
bt -0.0323842 -0.999206 0.0232123
t -0.461857 -0.00256324 -0.886951
bt -0.0366171 -0.999239 0.0134735
t -0.4892 -0.0330923 -0.871543
bt -0.611709 -0.724207 0.318335
t -0.744978 0.0330456 -0.66627
bt -0.443227 -0.724285 0.528168
t -0.745013 0.0330895 -0.666228
bt -0.511069 -0.721252 0.467551
t -0.489198 -0.0330897 -0.871545
bt -0.65026 -0.721345 0.238377
t -0.48919 0.0330796 -0.87155
bt 0.611709 -0.724207 -0.318335
t -0.745015 -0.0330864 -0.666226
bt 0.443248 -0.724254 -0.528192
t -0.745009 -0.0330965 -0.666233
bt 0.572179 -0.712748 -0.405711
t -0.489192 0.0330821 -0.871549
bt 0.650262 -0.721345 -0.238373
t -0.764458 -0.00132002 -0.644672
bt -0.00169797 -0.999592 -0.0285044
t -0.4589 0.00234621 -0.888485
bt -0.00161918 -0.999595 -0.0284084
t -0.463165 -0.00633711 -0.886249
bt -0.152097 -0.984641 0.0857192
t -0.765538 0.00655739 -0.643357
bt -0.109801 -0.984362 0.13775
t -0.766021 -0.00138409 -0.642814
bt 0.0278774 -0.999368 -0.0220347
t -0.461849 0.00138516 -0.886957
bt 0.0336564 -0.999374 -0.0109311
t -0.461871 -0.00365752 -0.88694
bt -0.0489751 -0.998475 0.0254632
t -0.765924 0.00365503 -0.642921
bt -0.0354767 -0.998475 0.0422891
t -0.765924 0.00365575 -0.642921
bt -0.0462648 -0.998376 0.0332301
t -0.461871 -0.00365769 -0.88694
bt -0.0522312 -0.99845 0.0192046
t -0.36308 -0.00186821 0.931756
bt -0.953345 -0.0279904 -0.300581
t -0.590745 0.0018822 0.806856
bt -0.765727 -0.0279638 -0.642558
t -0.590732 0.00188265 0.806866
bt -0.906291 -0.0269977 -0.421791
t -0.363084 -0.00186832 0.931755
bt -0.984299 -0.0277561 -0.174311
t -0.867058 -0.032242 0.497162
bt 0.361456 -0.62176 0.694812
t -0.67305 0.0322251 0.738894
bt 0.599945 -0.621782 0.503442
t -0.673048 0.0322227 0.738896
bt 0.457619 -0.608947 0.647895
t -0.867059 -0.0322411 0.497162
bt 0.270036 -0.618569 0.737871
t -0.886929 0.00350367 0.461893
bt -0.0243065 -0.9986 -0.0469838
t -0.642916 -0.00351672 0.765928
bt -0.0407462 -0.998589 -0.0340462
t -0.642973 -0.0035125 0.765881
bt -0.0319663 -0.998497 -0.044507
t -0.886929 0.00350364 0.461893
bt -0.0183247 -0.998576 -0.0500962
t -0.868536 0.0327921 0.49454
bt -0.348005 -0.657296 -0.668471
t -0.670802 -0.0327902 0.740911
bt -0.577294 -0.657304 -0.484441
t -0.670769 -0.0328478 0.740939
bt -0.44142 -0.644816 -0.623988
t -0.868536 0.0327918 0.494539
bt -0.260204 -0.65419 -0.710162
t -0.883484 -0.0205777 0.468009
bt 0.151865 -0.944402 0.291621
t -0.648124 0.020581 0.761257
bt 0.251874 -0.944407 0.211316
t -0.648124 0.0205826 0.761256
bt 0.196967 -0.941068 0.274946
t -0.883484 -0.0205782 0.468009
bt 0.114423 -0.943567 0.310786
t -0.883484 0.0205798 0.46801
bt -0.151864 -0.944402 -0.291621
t -0.648178 -0.0205601 0.761211
bt -0.251892 -0.944399 -0.211332
t -0.657872 -0.0616285 0.750604
bt -0.16904 -0.936893 -0.306036
t -0.883484 0.0205793 0.46801
bt -0.114432 -0.943568 -0.310782
t -0.886107 -0.0107431 0.463356
bt 0.0758843 -0.986393 0.145843
t -0.644113 0.0107548 0.764855
bt 0.125882 -0.986393 0.105752
t -0.644113 0.0107541 0.764855
bt 0.0988122 -0.985521 0.137786
t -0.886107 -0.0107422 0.463356
bt 0.0572797 -0.986176 0.155488
t -0.884811 0.012659 0.465778
bt -0.191313 -0.940224 -0.281741
t -0.878651 0.0290131 0.476582
bt -0.234264 -0.861601 -0.450292
t -0.655502 -0.0289862 0.754637
bt -0.38878 -0.861542 -0.32649
t -0.64621 -0.0126733 0.763054
bt -0.259237 -0.940961 -0.217692
t -0.64373 -0.00927647 0.765196
bt -0.0848808 -0.989335 -0.118372
t -0.886364 0.0092752 0.462897
bt -0.0492549 -0.989806 -0.133635
t -0.861895 0.0277632 0.506326
bt -0.405967 -0.476508 -0.779828
t -0.680869 -0.0277655 0.731879
bt -0.673437 -0.476584 -0.565111
t -0.680874 -0.0277691 0.731874
bt -0.509662 -0.464094 -0.724473
t -0.861893 0.0277653 0.50633
bt -0.30249 -0.473422 -0.827267
t -0.858844 0.0224714 0.511745
bt -0.429862 -0.365287 -0.825702
t -0.685487 -0.0225554 0.727735
bt -0.713121 -0.365333 -0.598323
t -0.68549 -0.0225569 0.727733
bt -0.537102 -0.354546 -0.765388
t -0.858844 0.022471 0.511744
bt -0.319792 -0.36262 -0.875352
t -0.667235 0.0314749 0.744182
bt 0.506691 -0.727565 0.462508
t -0.871904 -0.0339239 0.488501
bt 0.229053 -0.720014 0.655068
t -0.870982 -0.0319419 0.490275
bt 0.450925 -0.715121 0.534106
t -0.664357 0.035142 0.746588
bt 0.506721 -0.727528 0.462533
t -0.886941 0.00216305 0.461877
bt -0.0217946 -0.998507 -0.050095
t -0.642862 -0.00217305 0.765979
bt -0.0396541 -0.998497 -0.037841
t -0.643791 -0.00146889 0.7652
bt -0.0189224 -0.999142 -0.0368369
t -0.88732 0.00166497 0.461152
bt -0.0115858 -0.999121 -0.0402958
t -0.875438 0.0317439 0.482288
bt -0.34383 -0.800017 -0.491684
t -0.875439 0.0317404 0.482285
bt -0.275569 -0.80246 -0.529263
t -0.660361 -0.0317207 0.750278
bt -0.457058 -0.802455 -0.38362
t -0.660361 -0.0317207 0.750278
bt -0.457058 -0.802455 -0.38362
t -0.871048 -0.0316836 0.490175
bt 0.316613 -0.710772 0.62814
t -0.665692 0.0337244 0.745464
bt 0.525713 -0.71332 0.463466
t -0.651261 0.0181873 0.758636
bt 0.34922 -0.840483 0.414287
t -0.881655 -0.0173008 0.471577
bt 0.219625 -0.842233 0.49235
t -0.845868 -0.0250684 0.532803
bt 0.566409 -0.612431 0.551461
t -0.873407 -0.0260995 0.486291
bt 0.422336 -0.687009 0.591314
t -0.654663 0.015782 0.755756
bt 0.562574 -0.692826 0.451113
t -0.669768 0.0280594 0.74204
bt 0.587934 -0.627216 0.510817
t -0.93175 0.00186867 -0.363095
bt -0.300567 -0.0279904 0.95335
t -0.806858 -0.00188226 -0.590743
bt -0.642519 -0.0279638 0.765759
t -0.806857 -0.00188222 -0.590744
bt -0.421767 -0.0269975 0.906302
t -0.93175 0.00186868 -0.363096
bt -0.174301 -0.0277561 0.984301
t -0.94272 0.0331415 -0.331934
bt -0.212654 -0.707115 0.674364
t -0.78648 -0.0331418 -0.616726
bt -0.454677 -0.707025 0.541649
t -0.786517 -0.0330814 -0.616683
bt -0.307593 -0.695194 0.649686
t -0.942701 0.0330741 -0.331994
bt -0.125027 -0.704197 0.69891
t -0.87073 0.0330755 0.490647
bt -0.3268 -0.707009 -0.627168
t -0.667428 -0.0331305 0.743937
bt -0.54162 -0.707113 -0.454575
t -0.667434 -0.0331389 0.743931
bt -0.415671 -0.695305 -0.586317
t -0.870756 0.0331378 0.490597
bt -0.244546 -0.704061 -0.666705
t -0.887026 0 0.461719
bt 0 -1 0
t -0.642819 0 0.766018
bt 0 -1 0
t -0.642819 0 0.766018
bt 0 -1 0
t -0.887026 0 0.461719
bt 0 -1 0
t -0.886977 -0.00255851 0.461806
bt 0.0178223 -0.999255 0.0342374
t -0.642842 0.00256499 0.765995
bt 0.0297182 -0.999251 0.0247886
t -0.642842 0.00256512 0.765995
bt 0.0233301 -0.999203 0.0323992
t -0.886977 -0.00255846 0.461806
bt 0.0134578 -0.999243 0.0365088
t -0.871549 -0.0330777 0.489192
bt 0.318368 -0.724257 0.611633
t -0.666228 0.0330892 0.745013
bt 0.528198 -0.724254 0.443241
t -0.666232 0.0330939 0.74501
bt 0.405761 -0.712757 0.572132
t -0.871547 -0.0330796 0.489194
bt 0.238431 -0.721402 0.650177
t -0.871546 0.0330824 0.489196
bt -0.397687 -0.721261 -0.567122
t -0.871547 0.0330797 0.489194
bt -0.318368 -0.724257 -0.611633
t -0.666231 -0.0330927 0.745011
bt -0.528198 -0.724254 -0.443241
t -0.666231 -0.0330927 0.745011
bt -0.528198 -0.724254 -0.443241
t -0.886364 0.00174518 0.462985
bt -0.00299868 -0.999581 -0.0287789
t -0.640919 -0.00142522 0.767608
bt -0.00319987 -0.99959 -0.0284576
t -0.886527 -0.00708394 0.462623
bt 0.0797028 -0.984172 0.15828
t -0.644055 0.00724134 0.764945
bt 0.132059 -0.984362 0.116583
t -0.643016 -0.00691519 0.765822
bt -0.022448 -0.999373 -0.0273849
t -0.887021 0.00138244 0.461727
bt -0.0114214 -0.999384 -0.0331739
t -0.88694 -0.00365775 0.461871
bt 0.0255374 -0.998475 0.0489365
t -0.642921 0.00366223 0.765924
bt 0.0423964 -0.99847 0.0355039
t -0.642921 0.0036624 0.765924
bt 0.0333428 -0.998372 0.0462857
t -0.88694 -0.00365792 0.461871
bt 0.0192788 -0.998451 0.0521926
t -0.93175 -0.00186865 -0.363095
bt 0.300567 -0.0279904 -0.95335
t -0.806857 0.00188225 -0.590743
bt 0.642519 -0.0279638 -0.765759
t -0.806858 0.00188229 -0.590742
bt 0.421767 -0.0269975 -0.906302
t -0.931751 -0.00186863 -0.363094
bt 0.174301 -0.0277561 -0.984301
t 0.867058 -0.0322424 -0.497163
bt -0.361803 -0.62176 -0.694631
t 0.673051 0.0322254 -0.738894
bt -0.599944 -0.621782 -0.503443
t 0.673047 0.0322211 -0.738898
bt -0.45781 -0.608979 -0.647731
t 0.867057 -0.0322431 -0.497164
bt -0.270344 -0.61859 -0.73774
t 0.886929 0.00350993 -0.461893
bt 0.0243521 -0.998595 0.0470724
t 0.642916 -0.0035099 -0.765929
bt 0.0405951 -0.998595 0.0340711
t 0.642916 -0.00350979 -0.765928
bt 0.0318629 -0.998502 0.0444706
t 0.886929 0.00350988 -0.461893
bt 0.0183866 -0.998571 0.0501765
t 0.868537 0.032795 -0.494538
bt 0.348191 -0.657247 0.668423
t 0.670797 -0.0327852 -0.740916
bt 0.577241 -0.657384 0.484396
t 0.67077 -0.0328486 -0.740938
bt 0.441502 -0.64483 0.623916
t 0.868537 0.0327955 -0.494539
bt 0.260339 -0.654147 0.710152
t 0.883485 -0.0205737 -0.468008
bt -0.151772 -0.944402 -0.291669
t 0.648128 0.0205846 -0.761254
bt -0.251967 -0.944361 -0.211413
t 0.648129 0.0205915 -0.761252
bt -0.197029 -0.941018 -0.275072
t 0.883485 -0.0205683 -0.468008
bt -0.11432 -0.943596 -0.310738
t 0.883483 0.0205815 -0.46801
bt 0.151772 -0.944402 0.29167
t 0.64813 -0.0205953 -0.761251
bt 0.251967 -0.944361 0.211413
t 0.648129 -0.0205884 -0.761253
bt 0.197041 -0.941019 0.275059
t 0.883484 0.0205806 -0.46801
bt 0.114369 -0.943565 0.310813
t 0.886107 -0.0107423 -0.463356
bt -0.0759408 -0.986393 -0.145813
t 0.644113 0.0107532 -0.764855
bt -0.125882 -0.986393 -0.105752
t 0.644113 0.0107538 -0.764855
bt -0.0988573 -0.985524 -0.137733
t 0.886107 -0.010743 -0.463356
bt -0.057299 -0.986176 -0.155478
t 0.884811 0.0126596 -0.465778
bt 0.191495 -0.940216 0.281643
t 0.878651 0.0290152 -0.476583
bt 0.234264 -0.861601 0.450292
t 0.655503 -0.0289883 -0.754636
bt 0.389021 -0.861542 0.326203
t 0.646211 -0.0126752 -0.763054
bt 0.259346 -0.940961 0.217561
t 0.64373 -0.0092747 -0.765196
bt 0.0849006 -0.989336 0.118349
t 0.886364 0.00927669 -0.462897
bt 0.0492565 -0.989806 0.133634
t 0.861892 0.0277665 -0.506332
bt 0.405971 -0.476508 0.779825
t 0.680877 -0.027775 -0.731871
bt 0.673466 -0.476542 0.565111
t 0.6809 -0.027711 -0.731852
bt 0.509705 -0.464007 0.724498
t 0.861892 0.0277665 -0.506332
bt 0.302491 -0.473422 0.827267
t 0.858839 0.0224746 -0.511752
bt 0.429862 -0.365287 0.825702
t 0.685478 -0.0225507 -0.727744
bt 0.713113 -0.365333 0.598332
t 0.685482 -0.0225526 -0.72774
bt 0.537099 -0.354546 0.76539
t 0.858841 0.0224737 -0.51175
bt 0.319792 -0.36262 0.875352
t 0.872873 -0.0318057 -0.48691
bt -0.464037 -0.747452 -0.475379
t 0.873921 -0.0338193 -0.48489
bt -0.313682 -0.761346 -0.567412
t 0.665672 0.0306315 -0.745616
bt -0.519556 -0.756585 -0.397041
t 0.662438 0.0344287 -0.748325
bt -0.572257 -0.751892 -0.327384
t 0.886956 0.00222919 -0.461849
bt 0.0218886 -0.998415 0.0518523
t 0.642916 -0.00221783 -0.765934
bt 0.0397143 -0.998425 0.039636
t 0.641838 -0.000788669 -0.76684
bt 0.0139687 -0.999815 0.0132254
t 0.886693 0.000632942 -0.462358
bt 0.00724173 -0.999869 0.0144932
t 0.875438 0.0317417 -0.482286
bt 0.343894 -0.800013 0.491647
t 0.875436 0.0317477 -0.48229
bt 0.275492 -0.80246 0.529303
t 0.660362 -0.0317238 -0.750277
bt 0.457114 -0.802455 0.383553
t 0.660362 -0.0317238 -0.750277
bt 0.457114 -0.802455 0.383553
t 0.881765 -0.0183856 -0.471331
bt -0.294812 -0.853657 -0.429367
t 0.8723 -0.0336912 -0.48781
bt -0.322305 -0.73337 -0.598572
t 0.666247 0.0309901 -0.745087
bt -0.534147 -0.73058 -0.425371
t 0.650584 0.0163482 -0.759258
bt -0.424182 -0.853171 -0.303593
t 0.844324 -0.0214784 -0.535401
bt -0.622716 -0.597411 -0.505296
t 0.874418 -0.0284092 -0.48434
bt -0.461325 -0.683488 -0.565706
t 0.65815 0.0158062 -0.752721
bt -0.548324 -0.685885 -0.478437
t 0.668724 0.0311516 -0.742858
bt -0.64241 -0.609546 -0.464503
t 0.931754 0.00186836 0.363085
bt 0.300563 -0.0279904 -0.953351
t 0.806855 -0.00188214 0.590746
bt 0.642519 -0.0279638 -0.765759
t 0.806863 -0.00188253 0.590735
bt 0.421765 -0.0269975 -0.906303
t 0.931754 0.00186836 0.363085
bt 0.300563 -0.0279904 -0.953351
t 0.942711 0.0331205 0.331963
bt 0.213005 -0.707017 -0.674355
t 0.78648 -0.0331419 0.616726
bt 0.454855 -0.707025 -0.5415
t 0.78648 -0.0331414 0.616726
bt 0.307857 -0.695257 -0.649493
t 0.942711 0.0331189 0.331961
bt 0.125281 -0.704104 -0.698958
t 0.870744 0.0331172 -0.490619
bt 0.326526 -0.707104 0.627204
t 0.667434 -0.0331388 -0.743931
bt 0.541818 -0.707113 0.454339
t 0.667431 -0.0331349 -0.743934
bt 0.415674 -0.695306 0.586314
t 0.870745 0.0331154 -0.490618
bt 0.244345 -0.704164 0.66667
t 0.887026 0 -0.461719
bt 0 -1 0
t 0.642819 0 -0.766018
bt 0 -1 0
t 0.642819 0 -0.766018
bt 0 -1 0
t 0.887026 0 -0.461719
bt 0 -1 0
t 0.886977 -0.0025586 -0.461806
bt -0.0178799 -0.999255 -0.0342074
t 0.642842 0.00256511 -0.765995
bt -0.0296637 -0.999251 -0.0248535
t 0.642842 0.00256509 -0.765995
bt -0.0233582 -0.999203 -0.0323658
t 0.886951 -0.00255653 -0.461857
bt -0.0134117 -0.999242 -0.0365367
t 0.871544 -0.0330876 -0.4892
bt -0.318449 -0.724257 -0.61159
t 0.666232 0.0330943 -0.74501
bt -0.52821 -0.724254 -0.443228
t 0.666226 0.0330853 -0.745016
bt -0.405804 -0.712765 -0.572092
t 0.871544 -0.0330876 -0.4892
bt -0.318449 -0.724257 -0.61159
t 0.871547 0.0330817 -0.489196
bt 0.39762 -0.721266 0.567163
t 0.871544 0.0330876 -0.4892
bt 0.318449 -0.724257 0.61159
t 0.66623 -0.0330916 -0.745012
bt 0.52821 -0.724254 0.443228
t 0.66623 -0.0330916 -0.745012
bt 0.52821 -0.724254 0.443228
t 0.644724 0.00120999 -0.764414
bt -0.00189771 -0.999628 -0.0272146
t 0.887546 -0.00500545 -0.460692
bt -0.00200009 -0.99963 -0.0271271
t 0.886377 -0.00687484 -0.462914
bt -0.07974 -0.985783 -0.147894
t 0.643333 0.00641728 -0.76556
bt -0.132345 -0.985607 -0.105182
t 0.64276 -0.00140636 -0.766067
bt 0.0224197 -0.999351 0.0281992
t 0.886957 0.00140537 -0.461849
bt 0.0114045 -0.999358 0.0339732
t 0.88694 -0.00365782 -0.461871
bt -0.0254494 -0.998475 -0.0489823
t 0.642921 0.00366226 -0.765924
bt -0.0423965 -0.99847 -0.0355037
t 0.642921 0.00366226 -0.765924
bt -0.0332945 -0.998371 -0.0463431
t 0.88694 -0.00365774 -0.461871
bt -0.0191953 -0.99845 -0.052236
t 0.931749 -0.00186875 0.363098
bt -0.300563 -0.0279904 0.953351
t 0.806869 0.00188279 0.590728
bt -0.642519 -0.0279638 0.765759
t 0.806861 0.00188239 0.590739
bt -0.421765 -0.0269975 0.906303
t 0.931751 -0.00186857 0.363092
bt -0.174299 -0.0277561 0.984302
t 0.815321 -0.0954461 0.571089
bt 0.442714 -0.756581 -0.481238
t 0.953684 -0.0022303 0.300801
bt -0.0125533 -0.998415 0.0548651
t 0.934035 0.0159609 0.356825
bt 0.458544 -0.607391 -0.648701
t 0.949079 0.0269389 0.313884
bt 0.223916 -0.695322 -0.682927
t -0.798548 -0.0910655 -0.595003
bt -0.115055 -0.809924 0.57514
t -0.624957 0.0616247 0.778223
bt -0.251908 -0.944392 -0.211345
t -0.64261 0.00691938 0.766162
bt -0.0271298 -0.999394 -0.0218074
t 0.300855 -0.0070005 -0.953644
bt 0.0310915 -0.999346 0.0184473
t 0.236708 0.0821042 0.968105
bt -0.875808 -0.476539 0.0766198
t 0.320496 -0.0820475 0.94369
bt -0.779803 -0.47655 0.405965
t 0.320494 -0.082049 0.943691
bt -0.88973 -0.448754 0.0836715
t 0.236708 0.0821042 0.968105
bt -0.875808 -0.476539 0.0766198
t 0.376454 0.0999781 0.921025
bt 0.619697 -0.726493 -0.296957
t 0.188558 -0.027029 0.98169
bt 0.685375 -0.565904 -0.458274
t 0.0874825 -0.00767231 0.996137
bt 0.0384659 -0.999255 -0.00324073
t -0.236708 0.0821042 -0.968105
bt 0.875808 -0.476539 -0.0766198
t -0.320496 -0.0820475 -0.94369
bt 0.779803 -0.47655 -0.405965
t -0.320494 -0.082049 -0.943691
bt 0.88973 -0.448754 -0.0836715
t -0.236708 0.0821042 -0.968105
bt 0.875808 -0.476539 -0.0766198
t -0.229859 -0.0202254 -0.973014
bt -0.577645 -0.598786 0.554781
t -0.458813 -0.00226782 -0.88853
bt -0.00145697 -0.999604 -0.0280945
t -0.968102 0.0821101 0.236719
bt -0.0766297 -0.476539 -0.875807
t -0.968102 0.0821101 0.236719
bt -0.0766297 -0.476539 -0.875807
t -0.981637 -0.0265894 0.188894
bt 0.474529 -0.58678 0.656134
t 0.998394 0.0322518 -0.0465824
bt -0.068384 -0.621768 -0.78021
t 0.998394 0.0322518 -0.0465824
bt -0.068384 -0.621768 -0.78021
t 0.996208 -0.00350702 -0.0869366
bt 0.00458628 -0.998595 0.0528011
t 0.996208 -0.00350702 -0.0869366
bt 0.00458628 -0.998595 0.0528011
t 0.998231 -0.0328183 -0.0495839
bt 0.0657203 -0.65721 0.750837
t 0.998231 -0.0328183 -0.0495839
bt 0.0657203 -0.65721 0.750837
t 0.996584 0.0205808 -0.0799862
bt -0.0286162 -0.944399 -0.327554
t 0.996584 0.0205808 -0.0799862
bt -0.0286162 -0.944399 -0.327554
t 0.996583 -0.0205803 -0.0799864
bt 0.0286162 -0.944399 0.327554
t 0.996583 -0.0205803 -0.0799864
bt 0.0286162 -0.944399 0.327554
t 0.996289 0.0107569 -0.0853934
bt -0.0143336 -0.986393 -0.16378
t 0.996289 0.0107569 -0.0853934
bt -0.0143336 -0.986393 -0.16378
t 0.997118 -0.0289946 -0.0701008
bt 0.0443075 -0.861546 0.505743
t 0.996503 -0.0126685 -0.0825964
bt 0.0295285 -0.940968 0.337205
t 0.996265 -0.00927131 -0.0858517
bt 0.0122812 -0.989981 0.140667
t 0.998967 -0.0277028 -0.0360282
bt 0.0766218 -0.476497 0.875831
t 0.998967 -0.0277028 -0.0360282
bt 0.0766218 -0.476497 0.875831
t 0.999302 -0.0224706 -0.0298438
bt 0.0811454 -0.365285 0.927352
t 0.999302 -0.0224706 -0.0298438
bt 0.0811454 -0.365285 0.927352
t 0.980877 -0.097291 -0.168564
bt -0.316585 -0.73614 -0.598224
t 0.98088 -0.0972823 -0.168557
bt -0.0563715 -0.76305 -0.643876
t 0.996183 0.002233 -0.0872663
bt 0.0049 -0.998419 0.0559872
t 0.996199 -0.000608515 -0.0871007
bt 0.00132285 -0.999884 0.0151424
t 0.997474 -0.0317023 -0.0635585
bt 0.0520981 -0.802411 0.594493
t 0.997474 -0.0317023 -0.0635585
bt 0.0520981 -0.802411 0.594493
t 0.99785 0.0331506 -0.0565383
bt -0.0591643 -0.73431 -0.676231
t 0.996908 0.0174985 -0.0766069
bt 0.0358484 -0.853117 -0.520487
t 0.978676 -0.0221616 -0.204209
bt -0.537164 -0.578498 -0.613836
t 0.996043 -0.013561 -0.0878342
bt -0.253272 -0.68717 -0.680919
t 0.988253 -0.00187717 -0.152815
bt -0.222513 -0.0276373 -0.974538
t 0.988253 -0.00187713 -0.152814
bt -0.0871628 -0.0279037 -0.995803
t 0.992219 -0.0331417 -0.120014
bt -0.0614023 -0.707151 -0.704392
t 0.992219 -0.0331417 -0.120014
bt -0.0614023 -0.707151 -0.704392
t 0.99799 -0.033096 -0.0540493
bt 0.061406 -0.707101 0.704441
t 0.99799 -0.033096 -0.0540493
bt 0.061406 -0.707101 0.704441
t 0.996191 0 -0.0872004
bt 0 -1 0
t 0.996191 0 -0.0872004
bt 0 -1 0
t 0.996137 -0.0076712 -0.0874824
bt -0.00305431 -0.999255 -0.0384822
t 0.996199 0.0025582 -0.0870684
bt -0.00305414 -0.999255 -0.0384784
t 0.997901 0.0330691 -0.0556723
bt -0.148141 -0.721369 -0.676521
t 0.997901 0.033062 -0.0556791
bt -0.0599074 -0.724221 -0.686961
t 0.997901 -0.0330614 -0.055675
bt 0.0599028 -0.724271 0.686909
t 0.997901 -0.0330614 -0.055675
bt 0.0599028 -0.724271 0.686909
t 0.88768 0.0049135 -0.460435
bt -0.00232047 -0.999634 -0.026961
t 0.9962 0.00179462 -0.0870822
bt -0.00237615 -0.99963 -0.0270968
t 0.996271 0.0064715 -0.0860347
bt -0.014605 -0.985855 -0.166963
t 0.996198 -0.00140738 -0.0871046
bt 0.0030851 -0.999373 0.0352641
t 0.996208 0.00365307 -0.0869321
bt -0.00474526 -0.998475 -0.0549945
t 0.996208 0.00365307 -0.0869321
bt -0.00474526 -0.998475 -0.0549945
t 0.988253 0.00187713 -0.152814
bt 0.0871628 -0.0279037 0.995803
t 0.988253 0.00187713 -0.152814
bt 0.0871628 -0.0279037 0.995803
t 0.956966 -0.0186171 0.289604
bt 0.25324 -0.83122 -0.494918
t 0.997005 0.0182443 -0.0751601
bt -0.0478901 -0.835489 -0.547417
t 0.996043 -0.013561 -0.0878342
bt -0.253272 -0.68717 -0.680919
t -0.996496 0.0126299 0.0826871
bt -0.042774 -0.939079 0.34103
t -0.99708 0.0187453 0.0740326
bt 0.00146748 -0.816621 0.577172
t -0.95754 -0.0184152 -0.287712
bt -0.164779 -0.818277 0.550701
t -0.954859 -0.0127065 -0.296787
bt -0.0905998 -0.942089 0.322892
t -0.295775 -0.0117915 0.955185
bt 0.296713 -0.945866 0.131523
t 0.0843309 0.012226 0.996363
bt 0.31576 -0.948775 0.0109875
t 0.0734071 0.0176751 0.997145
bt 0.567369 -0.817923 0.0953617
t -0.289367 -0.019322 0.957023
bt 0.506643 -0.81854 0.27075
t 0.287794 -0.0176573 -0.95753
bt -0.557985 -0.826274 -0.0769668
t 0.298115 -0.0118806 -0.954456
bt -0.301499 -0.95177 -0.0568517
t -0.0821548 0.0114784 -0.996553
bt -0.309056 -0.948775 0.0656521
t -0.0756893 0.0193051 -0.996944
bt -0.554682 -0.825071 0.107637
t 0.465951 -0.0111895 0.88474
bt 0.287034 -0.951774 -0.10834
t 0.764258 0.0115489 0.644807
bt 0.214178 -0.954397 -0.207977
t 0.757481 0.0177497 0.652616
bt 0.458903 -0.824805 -0.330311
t 0.47161 -0.0192039 0.881598
bt 0.5412 -0.825258 -0.161406
t -0.473935 -0.0178467 -0.880379
bt -0.458444 -0.819585 0.34367
t -0.464471 -0.0125172 -0.8855
bt -0.269353 -0.945874 0.181031
t -0.762699 0.0121212 -0.64664
bt -0.18914 -0.943485 0.272144
t -0.75796 0.0192068 -0.652018
bt -0.327579 -0.819115 0.470895
t -0.884689 -0.0124194 0.466017
bt 0.145298 -0.942091 0.302246
t -0.645463 0.0126773 0.763686
bt 0.233548 -0.943476 0.235177
t -0.653206 0.0180799 0.756964
bt 0.34606 -0.81256 0.46903
t -0.880905 -0.019012 0.47291
bt 0.181344 -0.81475 0.550724
t 0.881004 -0.0179403 -0.472769
bt -0.284535 -0.834296 -0.472218
t 0.885602 -0.0112532 -0.464309
bt -0.120558 -0.956328 -0.266276
t 0.646049 0.0110206 -0.763217
bt -0.246965 -0.954425 -0.167577
t 0.651274 0.018958 -0.758606
bt -0.457452 -0.831708 -0.314641
t 0.997005 0.0182443 -0.0751601
bt -0.0478901 -0.835489 -0.547417
t 0.996421 0.0110343 -0.083808
bt -0.0252895 -0.957028 -0.288892
t 0.996367 -0.00385921 0.0850766
bt -0.139902 -0.640434 -0.755164
t -0.996273 0.00972438 0.0857078
bt -0.0203618 -0.988391 0.150562
t -0.953864 -0.00976281 -0.30008
bt -0.0378647 -0.989114 0.1422
t -0.29758 -0.00875254 0.954657
bt 0.126522 -0.990341 0.0567141
t 0.0881932 0.00892353 0.996063
bt 0.132231 -0.991202 0.0058568
t 0.30163 -0.00846509 -0.953387
bt -0.12377 -0.992063 -0.0221803
t -0.0838348 0.00832292 -0.996445
bt -0.129202 -0.991202 0.028739
t 0.464374 -0.00795013 0.885604
bt 0.118038 -0.992063 -0.0433387
t 0.76642 0.00803808 0.642289
bt 0.0859748 -0.992805 -0.0833471
t -0.461097 -0.00932702 -0.887301
bt -0.114744 -0.990343 0.0778166
t -0.762112 0.0279654 -0.646841
bt -0.0827249 -0.989601 0.117672
t -0.885918 -0.00951129 0.463744
bt 0.0471748 -0.988865 0.141141
t -0.642664 0.00962761 0.766088
bt 0.101886 -0.989602 0.101525
t 0.886976 -0.00770447 -0.461751
bt -0.0443118 -0.99327 -0.107014
t 0.644663 0.00764947 -0.764429
bt -0.0991421 -0.992805 -0.0671485
t -0.767389 -0.0284259 -0.640551
bt -0.0827249 -0.989601 0.117672
t 0.99624 0.00751593 -0.0863074
bt -0.00997572 -0.993469 -0.113662
t 0.953745 0.00210609 0.300609
bt -0.0123992 -0.998588 0.0516609
t 0.996205 -0.00210379 -0.087011
bt 0.00461903 -0.998594 0.0527982
t -0.996205 -0.00204377 0.0870102
bt -0.000581294 -0.998665 -0.0516441
t -0.953752 0.00204528 -0.300588
bt 0.0191177 -0.998666 -0.0479688
t 0.0870102 -0.00203208 0.996205
bt -0.0513722 -0.99868 0.000254684
t -0.300588 0.0020409 0.953752
bt -0.0477556 -0.99867 -0.0194622
t -0.0870102 -0.00203217 -0.996205
bt 0.0513198 -0.998682 -0.000855343
t 0.300588 0.00202887 -0.953752
bt 0.047638 -0.998687 0.0188405
t 0.300339 0.00699262 -0.953807
bt 0.0336581 -0.99938 0.0103214
t 0.76566 -0.01013 0.643165
bt -0.0329474 -0.998698 0.0389342
t 0.461783 0.00203359 0.886991
bt -0.0472633 -0.998685 0.0198706
t -0.765978 -0.00204648 -0.642863
bt 0.0359466 -0.998666 -0.0370681
t -0.462194 0.0102105 -0.88672
bt 0.0454661 -0.998678 -0.0239822
t -0.643016 -0.00691519 0.765822
bt -0.0139132 -0.999198 -0.0375515
t -0.642863 -0.00204658 0.765978
bt -0.0367948 -0.998664 -0.0362722
t -0.886966 0.00204709 0.46183
bt -0.0202009 -0.998665 -0.0475463
t 0.642918 -0.00202273 -0.765933
bt 0.0366842 -0.998692 0.0356229
t 0.886991 0.00202958 -0.461783
bt 0.0201747 -0.998691 0.0469926
t 0.766361 0.0101293 0.642331
bt -0.0329474 -0.998698 0.0389342
t -0.64261 0.00691938 0.766162
bt -0.0265265 -0.999394 -0.0225325
t 0.300855 -0.0070005 -0.953644
bt 0.0277567 -0.999193 0.0290217
t -0.461226 -0.0102086 -0.887224
bt 0.0454661 -0.998678 -0.0239822
t 0.996205 -0.00202021 -0.0870102
bt 0.00443634 -0.998704 0.0507067
t -0.996205 -0.002092 0.087011
bt -0.00044303 -0.998602 -0.0528626
t -0.953745 0.00209396 -0.300609
bt 0.0198436 -0.998602 -0.0489997
t 0.0871108 -0.00210161 0.996196
bt -0.0529551 -0.998597 0.000529869
t -0.300516 0.00209307 0.953774
bt -0.0491244 -0.998597 -0.0197861
t -0.087011 -0.0020958 -0.996205
bt 0.0529684 -0.998596 -0.000377981
t 0.300609 0.00210192 -0.953745
bt 0.0491777 -0.998591 0.0199424
t 0.76566 -0.01013 0.643165
bt -0.047968 -0.998502 0.0263169
t 0.765978 -0.00210217 0.642863
bt -0.0339649 -0.9986 0.0405541
t 0.462265 0.0105054 0.88668
bt -0.0470558 -0.9986 0.0241779
t -0.765978 -0.00209382 -0.642863
bt 0.0339155 -0.99861 -0.0403352
t -0.46183 0.00209855 -0.886966
bt 0.0468639 -0.998605 -0.0243208
t -0.642863 -0.00209435 0.765978
bt -0.0404018 -0.99861 -0.0338361
t -0.886966 0.00209484 0.46183
bt -0.0243573 -0.99861 -0.0467325
t 0.642917 -0.0020985 -0.765933
bt 0.0404914 -0.9986 0.0340458
t 0.886966 0.00210635 -0.46183
bt 0.0244436 -0.998595 0.0470248
t 0.461234 -0.0105082 0.887216
bt -0.0470558 -0.9986 0.0241779
t -0.461226 -0.0102086 -0.887224
bt 0.0545143 -0.998491 -0.00657832
t 0.996205 -0.00210379 -0.087011
bt 0.00461903 -0.998594 0.0527982
t 0.996183 0.002233 -0.0872663
bt 0.0049 -0.998419 0.0559872
t 0.78254 0.618884 0.0679217
bt -0.153227 -0.0262043 0.987844
t 0.782893 0.618433 0.0679644
bt -0.15403 -0.0252024 0.987745
t 0.11275 0.993575 0.00978502
bt -0.12196 -0.00595421 0.992517
t 0.108991 0.993264 0.0393393
bt -0.12225 -0.00591487 0.992482
t -0.0679921 0.618401 0.782916
bt -0.999067 0.018989 -0.0387874
t 0.0688335 0.614115 0.786209
bt -0.999155 0.0182471 -0.0368258
t -0.00978104 0.993591 0.112608
bt -0.998171 0.00430647 -0.0603006
t 4.14265e-05 0.99356 0.113303
bt -0.998195 0.00428262 -0.0599007
t 0.203946 0.61099 -0.764917
bt -0.996194 0.0177275 -0.0853411
t -0.000251816 0.617584 -0.786505
bt -0.996302 0.0188045 -0.0838312
t -0.137053 0.614045 -0.777281
bt -0.991371 0.0728071 0.109005
t -0.107221 0.984553 -0.138418
bt -0.996195 0.00668943 -0.0868928
t -0.0198648 0.990854 -0.133469
bt -0.995374 -0.00410615 -0.0959894
t -0.00617597 -0.0529951 -0.998576
bt -0.683527 -0.549263 0.48073
t 0.978676 -0.0221616 -0.204209
bt -0.537164 -0.578498 -0.613836
t 0.138793 0.0096154 0.990275
bt 0.13734 0.0396793 0.989729
t -0.116636 -0.336512 -0.934428
bt -0.139418 -0.00956809 -0.990188
t -0.121517 -0.00231934 0.992587
bt -0.122772 0.0271381 0.992064
t -0.121717 -0.00233872 0.992562
bt -0.122977 0.0271188 0.992039
t -0.793768 0.604577 -0.0664846
bt -0.00754657 -0.099937 -0.994965
t -0.777236 0.614098 0.137071
bt -0.0117699 -0.102241 -0.99469
t -0.78254 0.618884 -0.0679233
bt 0.0886048 0.0251194 -0.99575
t -0.782893 0.618433 -0.0679661
bt 0.08935 0.0261035 -0.995658
t 0.78254 0.618884 0.0679215
bt 0.0886048 -0.0251194 -0.99575
t 0.777235 0.614098 -0.137072
bt -0.0117699 0.102241 -0.99469
t 0.793768 0.604576 0.0664953
bt -0.00754658 0.099937 -0.994965
t 0.782893 0.618433 0.0679642
bt 0.08935 -0.0261035 -0.995658
t 0.11616 0.993041 -0.0193974
bt 0.120909 -0.00591432 -0.992646
t 0.11275 0.993575 0.00978561
bt 0.120608 -0.00591804 -0.992683
t 0.112837 0.993415 -0.0198388
bt -0.137207 0.0242054 -0.990247
t 0.112739 0.993427 -0.0198248
bt -0.136128 0.0240519 -0.990399
t 0.462265 0.0105056 0.88668
bt -0.0466556 -0.9986 0.0249474
t 0.461234 -0.0105082 0.887216
bt -0.0466557 -0.9986 0.0249474
t -0.723957 0.0913981 -0.683763
bt -0.442964 -0.836739 0.321948
t -0.798596 -0.0912205 -0.594914
bt -0.337067 -0.844103 0.416984

