g sponza_132
t 0 0 1
bt -1 0 0
t 0 0 1
bt -1 0 0
t 0 0 1
bt -1 0 0
t 0 0 1
bt -1 0 0
t 0 0 1
bt 1 0 0
t 0 0 1
bt 1 0 0
t 0 0 1
bt 1 0 0
t 0 0 1
bt 1 0 0
t 0.00365805 0.999993 0
bt -1 0 0
t 0.0024387 0.999997 0
bt -1 0.000197181 0
t 0.00184098 0.999998 0
bt -1 -0.0006805 0
t 0 0 1
bt -0.5224 0.8527 0
t 0 0 1
bt -0.747525 0.664234 0
t 0 0 1
bt -0.747525 0.664234 0
t 0 0 1
bt -0.5224 0.8527 0
t 0.00514185 -0.999987 0
bt -1 0 0
t 0.00250284 -0.999997 0
bt -1 -0.000400809 0
t 0.00342791 -0.999994 0
bt -1 0.000260886 0
t 4.78135e-05 1 0
bt -1 0 0
t 3.18757e-05 1 0
bt -1 -0.000907334 0
t 0 0 1
bt 0 1 0
t 0 0 1
bt 0 1 0
t 0 0 1
bt 0 1 0
t 0 0 1
bt 0 1 0
t -0.000272376 -1 0
bt -0.999999 0.00111845 0
t -0.000181584 -1 0
bt -1 -0.000161596 0
t 0 1 0
bt -0.999996 -0.002722 0
t 0 0 1
bt -0.908214 0.418506 0
t 0 0 1
bt -0.908214 0.418506 0
t 0 -1 0
bt -0.999996 -0.00272168 0

