g sponza_244
t 0.972764 0.216523 0.0827562
bt -0.117219 0.327917 -0.937406
t 0.899741 0.39231 -0.191205
bt -0.340448 0.108247 -0.934012
t 0.903833 0.41595 -0.100357
bt -0.084899 0.050901 -0.995089
t 0.994909 -0.0496143 -0.087721
bt -0.0121942 0.411437 -0.911356
t 0.922306 0.375433 0.0916601
bt 0.225714 -0.158988 -0.961133
t 0.921664 0.381778 -0.0691399
bt 0 0 -1
t 0.921774 0.381819 0.0674324
bt 0.000106984 4.43127e-05 -1
t 0.907777 0.414497 0.0642902
bt 0.126206 -0.0319798 -0.991488
t 0.989173 0.0233629 -0.144883
bt -0.0283162 -0.412503 -0.910516
t 0.97228 0.205206 -0.11208
bt -0.0575086 -0.36879 -0.927732
t 0.972759 -0.215385 0.085732
bt -0.0839956 -0.33658 -0.937901
t 1 0 0
bt -0.0954558 -0.380962 -0.91965
t 1 0 0
bt 0.0295206 -0.382543 -0.923466
t 0.996682 -0.0742226 0.0334198
bt -0.00680414 -0.410044 -0.912041
t 0.91071 -0.41229 -0.0249664
bt -0.0944042 -0.0465636 -0.994444
t 0.93777 -0.332759 0.0992913
bt -0.132542 -0.197165 -0.971369
t 0.937891 -0.334909 -0.0905289
bt 0.027901 0.237037 -0.9711
t 0.918445 -0.380463 -0.108202
bt 0 0 -1
t 0.923776 -0.382671 0.0141312
bt 0 0 -1
t 0.912353 -0.408797 -0.0222997
bt 0.0334198 0.0742226 -0.996682
t 0.972293 -0.205366 -0.111671
bt -0.158917 0.387198 -0.908198
t 1 0 0
bt 0.988414 0.0580886 -0.140227
t 1 -7.43191e-05 0.000179408
bt -0.0835957 0.38137 -0.920635
t 0.972764 0.216558 0.0826629
bt 0.960257 0.270774 -0.0677303
t 0.996682 -0.0742226 -0.0334198
bt 0.985477 -0.0120007 -0.169383
t 0.996682 0.0742226 0.0334198
bt -0.15602 0.39388 -0.905824
t 0.937757 -0.34044 0.0686456
bt 0.0821776 0.216743 0.972764
t 0.97246 -0.20758 0.105982
bt 0.222559 0.297605 0.928385
t 0.996674 -0.0757653 0.0299922
bt 0.0358413 0.407625 0.912446
t 0.912445 -0.407457 -0.0377132
bt -0.04997 -0.066756 0.996517
t 0.972763 0.217128 -0.0811702
bt -0.00574861 0.355325 0.934725
t 1 0 0
bt -0.0985873 0.380845 0.919368
t 1 0 0
bt 0.168849 0.377215 0.910604
t 0.996682 0.0742226 -0.0334198
bt 0.134646 0.416823 0.89896
t 1 0 0
bt 0.875591 0.184869 0.446279
t 0.912446 0.407566 -0.0365051
bt 0.758807 0.388482 0.522775
t 0.996682 -0.0742226 0.0334198
bt 0.878602 0.12841 0.459967
t 0.896553 0.393962 0.202451
bt -0.310893 0.121728 0.942617
t 0.909542 0.413383 0.042995
bt -0.0834409 0.0515655 0.995178
t 0.913497 0.383405 -0.136102
bt 0.267215 -0.141135 0.953245
t 0.919457 0.380859 0.0977022
bt 0 0 1
t 0.920275 0.381198 -0.0882156
bt -0.00018138 -7.51271e-05 1
t 0.904373 0.415805 -0.096002
bt 0.114047 -0.0375688 0.992765
t 0.610178 0.252764 0.750862
bt 0 0 1
t 0.951944 -0.0507325 0.30204
bt -0.017836 -0.411822 0.91109
t 0.585047 0.329784 0.74092
bt -0.0334198 0.0742226 0.996682
t 0.97245 0.207434 0.106357
bt 0.222492 -0.297626 0.928394
t 0.972763 -0.217128 -0.0811707
bt -0.00823096 -0.354765 0.934919
t 1 0 0
bt -0.058904 -0.382045 0.922265
t 1 0 0
bt 0.00536829 -0.382704 0.923855
t 0.996682 -0.0742226 -0.0334198
bt -0.0311112 -0.408043 0.912432
t 0.937838 -0.337965 -0.0789869
bt 0.182044 -0.307731 0.933896
t 0.478115 -0.198058 0.855675
bt 0 0 1
t 0.9232 -0.382433 -0.0380432
bt 0 0 1
t 0.549083 0.00357888 0.83576
bt 0.0826629 0.216558 0.972764
t 0.447674 -0.277699 0.849983
bt -0.0334198 -0.0742226 0.996682
t 0.911637 -0.410959 -0.00544361
bt 0.0334198 0.0742226 0.996682
t 0 1 0
bt -0.999999 0.00154734 0
t 0 1 0
bt -0.980783 0.000812087 -0.195099
t 0.0999529 0.928266 -0.358234
bt -0.982228 -0.0221798 -0.186378
t 0 1 0
bt -1 0.000928402 0
t 0 1 0
bt 0 0.00262008 0.999997
t 0 1 0
bt -0.195101 0.000559823 0.980783
t -0.356617 0.928033 -0.107606
bt -0.191873 -0.00827537 0.981385
t 0 1 0
bt 0 0.00157205 0.999999
t 0.344259 0.926631 0.151131
bt -0.555572 -5.78864e-06 0.831469
t 0.26348 0.926416 0.268945
bt -0.828496 0.0131787 0.55984
t -0.153828 0.926868 -0.34242
bt -0.831396 -0.000482083 0.55568
t -0.280299 0.927517 -0.247276
bt -0.560124 0.013667 0.828296
t -0.28505 0.927872 0.240417
bt -0.555637 -2.12395e-05 -0.831425
t 0.333091 0.927695 -0.168619
bt -0.560065 -0.0137076 -0.828335
t 0.206046 0.928683 -0.30837
bt -0.814032 0.0683474 -0.576785
t -0.153886 0.926825 0.342511
bt -0.831572 0.000461015 -0.555417
t 0.174915 0.927988 -0.329003
bt 0.831604 0.000455302 0.555369
t 0.30837 0.928683 -0.206046
bt 0.576778 0.0683232 0.814039
t -0.349219 0.926022 0.143278
bt 0.560067 -0.0137124 0.828334
t -0.247308 0.927481 0.280388
bt 0.828371 0.0137133 0.560012
t 0.106433 0.928073 0.356866
bt -0.980781 -2.82821e-05 0.195111
t 0 1 0
bt -0.980783 -0.00146533 0.195097
t -0.0440754 0.928248 -0.369342
bt -0.980755 -0.000308288 0.195243
t 0.206046 0.928683 -0.30837
bt -0.843964 -0.0655942 -0.532374
t -0.0443793 0.928256 0.369285
bt -0.980781 2.47907e-05 -0.195112
t 0.30837 0.928683 -0.206046
bt 0.53032 -0.0710551 0.844815
t 0 1 0
bt 0.195097 -0.000150619 0.980784
t -0.369296 0.928254 0.044321
bt 0.195172 -0.000127982 0.980769
t 0.366604 0.92854 0.0584399
bt -0.195126 -1.10295e-05 0.980778
t 0 1 0
bt -0.195098 -0.000154321 -0.980784
t 0.362451 0.928609 -0.0794634
bt -0.199397 -0.0109472 -0.979858
t -0.355357 0.927815 0.113491
bt -0.195126 1.1022e-05 -0.980778
t 0 1 0
bt 0.980784 0.000133905 0.195097
t -0.0931579 0.928423 0.359655
bt 0.980773 0.000338231 0.195151
t -0.904918 0.415647 0.0914407
bt 0.141142 0.0250921 0.989671
t -0.3825 0.923416 0.0315727
bt 0 0 1
t -0.922154 0.381954 0.0611872
bt 0 0 1
t -0.0930136 0.415704 -0.904731
bt -0.989677 0.0251112 0.141101
t -0.0332859 0.923365 -0.382478
bt -1 0 0
t -0.0641112 0.381884 -0.921984
bt -1 0 0
t -0.0914283 0.415647 0.904919
bt -0.989676 0.0251087 -0.141106
t -0.030029 0.92346 0.382518
bt -1 0 0
t -0.061046 0.381957 0.922162
bt -1 0 0
t 0.909542 0.413383 0.042995
bt -0.0834409 0.0515655 0.995178
t 0.381658 0.921385 0.0733881
bt 0 0 1
t 0.919457 0.380859 0.0977022
bt 0 0 1
t 0.899741 0.39231 -0.191205
bt -0.340448 0.108247 -0.934012
t 0.504941 0.417224 -0.755618
bt -0.799639 0.0250535 -0.599958
t 0.480115 0.871712 -0.0980156
bt -0.814032 0.0683474 -0.576785
t -0.504986 0.417224 -0.755588
bt -0.788509 -0.033299 0.614121
t -0.779771 0.416805 -0.467152
bt -0.600089 0.0251293 0.799538
t -0.755521 0.41727 0.505049
bt 0.577536 -0.0123191 0.816272
t -0.467235 0.416807 0.77972
bt 0.841294 -0.00826186 0.540514
t -0.504941 0.417224 0.755618
bt -0.799584 -0.0250947 -0.600029
t -0.779757 0.416806 0.467175
bt -0.646452 0.0526212 -0.761138
t 0.896553 0.393962 0.202451
bt -0.310893 0.121728 0.942617
t 0.504986 0.417224 0.755588
bt -0.829494 0.00161894 0.558514
t 0.462133 0.416688 -0.782818
bt 0.761976 -0.0520485 0.645511
t 0.913497 0.383405 -0.136102
bt 0.267215 -0.141135 0.953245
t 0.0980077 0.871708 -0.480124
bt 0.576778 0.0683232 0.814039
t 0.0764184 0.415051 -0.906583
bt -0.97704 0.00834463 -0.212891
t 0.206144 0.928639 -0.308438
bt -0.844397 -0.0683492 -0.53134
t 0.234438 0.416508 -0.878385
bt 0.968358 -0.0250662 0.248301
t 0.108509 0.927999 -0.356431
bt 0.979624 -0.0137104 0.20037
t 0.903833 0.41595 -0.100357
bt -0.084899 0.050901 -0.995089
t -0.891592 0.417224 -0.176033
bt -0.280797 0.0405445 0.95891
t -0.211704 0.416966 0.883923
bt 0.977012 0.008405 0.21302
t -0.873967 0.416022 0.251212
bt -0.218267 0.0108738 -0.975828
t 0.0966652 0.415832 0.90429
bt -0.958913 0.0405405 0.280789
t 0.904373 0.415805 -0.096002
bt 0.114047 -0.0375688 0.992765
t 0.338273 0.922138 -0.187703
bt 0.20047 0.0137056 0.979604
t 0.308345 0.928639 -0.206284
bt 0.531358 -0.0683022 0.84439
t 0 1 0
bt 0.999999 0.00150409 0
t 0 1 0
bt 0.980784 0.000133905 0.195097
t -0.0931579 0.928423 0.359655
bt 0.980773 0.000338231 0.195151
t 0 1 0
bt 1 0.000902452 0
t 0 1 0
bt 0 0.00172115 -0.999999
t 0 1 0
bt 0.195101 0.00036775 -0.980783
t 0.356611 0.928032 0.107634
bt 0.191736 -0.00862325 -0.981409
t 0 1 0
bt 0 0.00103269 -0.999999
t -0.344242 0.926633 -0.151159
bt 0.555575 -1.53787e-05 -0.831466
t -0.263497 0.926382 -0.269045
bt 0.828501 0.013159 -0.559832
t 0.153888 0.926831 0.342496
bt 0.8314 -0.000463725 -0.555674
t 0.30837 0.928683 0.206046
bt 0.57678 0.0683329 -0.814036
t -0.10676 0.92806 -0.356802
bt 0.980799 1.28312e-05 -0.195023
t 0 1 0
bt 0.980783 -0.00125445 -0.195097
t 0.0444209 0.928257 0.369278
bt 0.980786 -0.000168432 -0.195084
t -0.366602 0.92854 -0.0584505
bt 0.195122 1.21277e-06 -0.980779
t 0.30837 0.928683 0.206046
bt 0.531358 -0.0683022 -0.84439
t 0.903833 0.41595 -0.100357
bt -0.084899 0.050901 -0.995089
t 0.362451 0.928609 -0.0794634
bt -0.199397 -0.0109472 -0.979858
t 0.38252 0.923466 -0.0298137
bt 0 0 -1
t 0.921664 0.381778 -0.0691399
bt 0 0 -1
t 0.0925879 0.415689 0.904782
bt 0.989676 0.0251087 -0.141106
t 0.0316009 0.923415 0.382499
bt 1 0 0
t 0.0627191 0.381918 0.922066
bt 1 0 0
t 0.234438 0.416508 -0.878385
bt 0.968358 -0.0250662 0.248301
t 0.108509 0.927999 -0.356431
bt 0.979624 -0.0137104 0.20037
t 0.0303472 0.923451 -0.382514
bt 1 0 0
t 0.0605607 0.381969 -0.922189
bt 1 0 0
t -0.894736 0.417155 -0.159468
bt 0.141142 0.0250921 -0.989671
t -0.381705 0.921497 -0.0717233
bt 0 0 -1
t -0.914177 0.37865 -0.144582
bt 0 0 -1
t 0.504941 0.417224 0.755618
bt 0.788516 -0.033294 -0.614113
t 0.922306 0.375433 0.0916601
bt 0.225714 -0.158988 -0.961133
t 0.132815 0.888182 0.439879
bt 0.57678 0.0683329 -0.814036
t -0.781835 0.416775 -0.463715
bt 0.599991 -0.0251416 -0.799611
t -0.504941 0.417224 -0.755618
bt 0.829489 0.00162232 -0.55852
t 0.907777 0.414497 0.0642902
bt 0.126206 -0.0319798 -0.991488
t 0.332767 0.927728 0.169077
bt 0.531358 -0.0683022 -0.84439
t -0.108682 0.416214 -0.902748
bt 0.95888 0.0405908 -0.280894
t 0 1 0
bt -1 0 0
t 0.382687 0.923851 0.00710458
bt 0 0 1
t 0 1 0
bt 0 0 1
t 0 1 0
bt 1 0 0
t 0 1 0
bt -0.195098 -0.000154321 -0.980784
t -0.355357 0.927815 0.113491
bt -0.195126 1.1022e-05 -0.980778
t 0 1 0
bt 0 0 -1
t -0.00899072 0.923837 -0.382681
bt -1 0 0
t -0.000925758 1 0
bt -1 0 0
t 0.0190208 0.382602 -0.923718
bt -1 6.15419e-05 -0.000148581
t -0.0156008 0.923764 0.382644
bt -1 0 0
t 0.0243699 0.382557 0.92361
bt -1 0 0
t 0 1 0
bt -1 0 0
t 0.00226605 0.999997 0
bt -1 0 0
t 0.09323 0.984138 -0.150931
bt -0.855859 -0.107202 -0.505978
t -0.193154 0.59801 -0.777866
bt -0.241006 0 -0.970524
t 0 1 0
bt -0.439241 0 -0.898369
t 0 1 0
bt -0.999999 -0.00132205 0
t 0 1 0
bt 0 -0.00050755 1
t -0.382689 0.923873 -0.00293255
bt 0 0 1
t -0.913916 0.378542 -0.146504
bt -0.000282198 0.000116886 1
t 0.920275 0.381198 -0.0882156
bt -0.00018138 -7.51271e-05 1
t -0.251604 0.967829 -0.00139895
bt 0 0 1
t -0.106308 0.992893 -0.0534897
bt -0.442362 -0.0593473 0.894871
t -0.668219 0.721974 0.179546
bt -0.96574 0 0.259511
t 0 1 0
bt -0.910642 0 0.413197
t 0.251605 0.96783 7.15044e-05
bt 0 0 1
t 0 1 0
bt 0 0 1
t 0 1 0
bt 1 -0.000611283 0
t 0.0180595 0.923726 0.382628
bt 1 0 0
t -0.0186557 0.382604 0.923724
bt 1 0.000124316 0.000300137
t -0.0107542 0.923823 -0.382668
bt 1 0 0
t -0.0627487 0.381917 -0.922064
bt 1 0 0
t -0.000431931 1 0
bt 1 0 0
t -0.0591064 0.991461 0.11624
bt 0.893323 -0.0655986 0.444602
t 0.192342 0.717665 0.669299
bt 0.2762 0 0.9611
t 0 1 0
bt 0.441313 0 0.897353
t -0.000111394 1 0
bt 1 0 0
t -0.211704 0.416966 0.883923
bt 0.977012 0.008405 0.21302
t 0 1 0
bt 1 0 0
t 0 1 0
bt 0 -0.000433353 -1
t 0.382687 0.923867 0.00444727
bt 0 0 -1
t 0.921774 0.381819 0.0674324
bt 0.000106984 4.43127e-05 -1
t -0.382574 0.923597 0.0246181
bt 0 0 -1
t -0.873967 0.416022 0.251212
bt -0.218267 0.0108738 -0.975828
t -0.914322 0.37871 0.143504
bt 0.000244491 -0.000101268 -1
t 0 0.999999 -0.00108709
bt 0 0 -1
t 0.142956 0.986226 0.0832008
bt 0.48703 -0.0945036 -0.868257
t 0.743744 0.638281 -0.198601
bt 0.966142 0 -0.258011
t 0 1 0
bt 0.893674 0 -0.448717
t 0 0.999999 -0.00142406
bt 0 0 -1
t 0 1 0
bt 0 0 -1
t 0.0672799 0.991774 0.108889
bt -0.853379 -0.0781918 0.515394
t -0.140977 0.592514 0.793128
bt -0.174995 0 0.984569
t 0 1 0
bt -0.323852 0 0.946108
t 0.145571 0.986677 -0.0726537
bt 0.433289 -0.0798551 0.897711
t 0.63825 0.732265 0.23754
bt 0.937198 0 0.348799
t 0 1 0
bt 0.839314 0 0.543647
t -0.0648851 0.989664 -0.127886
bt 0.894126 -0.0718169 -0.44202
t 0.209617 0.720538 -0.660973
bt 0.302304 0 -0.953212
t 0 1 0
bt 0.479898 0 -0.877324
t -0.110743 0.991749 0.0645816
bt -0.494091 -0.0739378 -0.866261
t -0.758218 0.633088 -0.155898
bt -0.979509 0 -0.201402
t 0 1 0
bt -0.934863 0 -0.355009
t 0.780478 0.625183 0
bt 0 0 -1
t 0.780478 0.625183 0
bt 0 0 -1
t 0.780478 0.625183 0
bt 0 0 -1
t 0.780478 0.625183 0
bt 0 0 -1
t -0.743734 0.638293 0.198598
bt 0.966142 0 -0.258011
t -0.142956 0.986226 -0.0832008
bt 0.48703 0.0945036 -0.868257
t -0.780478 0.625183 0
bt 0 0 -1
t -0.780478 0.625183 0
bt 0 0 -1
t -0.780478 0.625183 0
bt 0 0 -1
t -0.780478 0.625183 0
bt 0 0 -1
t 0.758228 0.633076 0.1559
bt -0.979509 0 -0.201402
t 0.110743 0.991749 -0.0645816
bt -0.494091 0.0739378 -0.866261
t 0 0.703699 0.710499
bt 1 0 0
t 0 0.703699 0.710499
bt 1 0 0
t 0 0.703699 0.710499
bt 1 0 0
t 0 0.703699 0.710499
bt 1 0 0
t -0.192339 0.717676 -0.669288
bt 0.2762 0 0.9611
t 0.0591064 0.991461 -0.11624
bt 0.893323 0.0655986 0.444602
t 0 0.703699 -0.710499
bt 1 0 0
t 0 0.703699 -0.710499
bt 1 0 0
t 0 0.703699 -0.710499
bt 1 0 0
t 0 0.703699 -0.710499
bt 1 0 0
t -0.20962 0.720527 0.660984
bt 0.302304 0 -0.953212
t 0.0648851 0.989664 0.127886
bt 0.894126 0.0718169 -0.44202
t 0 1 0
bt 0 0 1
t 0 1 0
bt 0 0 1
t -0.251617 0.967827 -8.92675e-05
bt 0 0 1
t 0.668208 0.721985 -0.179543
bt -0.96574 0 0.259511
t 0.106308 0.992894 0.0534778
bt -0.442243 0.0593314 0.894931
t 0.251617 0.967826 0.00138199
bt 0 0 1
t -0.63826 0.732254 -0.237544
bt 0.937198 0 0.348799
t -0.145571 0.986676 0.0726538
bt 0.433289 0.0798551 0.897711
t 0 0.586523 -0.809932
bt -1 0 0
t 0 0.586523 -0.809932
bt -1 -9.35618e-07 1.29216e-06
t 0 0.586523 -0.809932
bt -1 0 0
t 0 0.586523 -0.809932
bt -1 0 0
t 0.193152 0.598022 0.777858
bt -0.241006 0 -0.970524
t -0.0932121 0.98414 0.150931
bt -0.855935 0.107176 -0.505854
t 0 0.586523 0.809932
bt -1 0 0
t 0 0.586523 0.809932
bt -1 9.35618e-07 1.29216e-06
t 0 0.586523 0.809932
bt -1 0 0
t 0 0.586523 0.809932
bt -1 0 0
t 0.140979 0.592502 -0.793137
bt -0.174995 0 0.984569
t -0.0672799 0.991774 -0.108889
bt -0.853379 0.0781918 0.515394
t 0 1 0
bt -1 -0.000769589 0
t 0.00187933 0.999998 0
bt -1 0 0
t -0.00224391 0.999997 0
bt -1 0 0
t 0 1 0
bt 0 -0.00029545 1
t 0.000849955 1 0
bt 1 0 0
t 0.000105041 1 0
bt 1 0 0
t 0 1 0
bt 1 -0.000355834 0
t 0 0.999998 0.00210957
bt 0 0 -1
t 0 0.999999 0.00140478
bt 0 0 -1
t 0 1 0
bt 0 -0.000252259 -1
t 0.30837 0.928683 -0.206046
bt 0.531358 -0.0683022 0.84439

