g sponza_66
t 1 0 0
bt -0.000398438 -0.120797 0.992677
t 1 -8.96322e-10 7.38897e-09
bt -5.28881e-05 -0.120797 0.992677
t 1 0 0
bt -0.000398438 -0.120797 0.992677
t 1 0 0
bt -0.000398438 -0.120797 0.992677
t 0.991409 -0.130801 -8.48356e-05
bt 0 0 1
t 0.991409 -0.130801 -3.23216e-06
bt 0 0 1
t 0.991409 -0.130801 -8.48356e-05
bt 0 0 1
t 0.991409 -0.130801 -8.48356e-05
bt 0 0 1
t 1 0 0
bt 0.000355609 0.107896 0.994162
t 1 0 0
bt 4.56691e-05 0.107896 0.994162
t 1 0 0
bt 0.000355609 0.107896 0.994162
t 1 0 0
bt 0.000355609 0.107896 0.994162
t 0.980241 0.197808 0.000127439
bt 0 0 1
t 0.980241 0.197808 5.92361e-06
bt 4.05897e-08 8.20824e-09 1
t 0.980241 0.197808 0.000127439
bt 0 0 1
t 0.980241 0.197808 0.000127439
bt 0 0 1
t 0 1 0
bt 0 0 1
t 0 1 0
bt 0 0 1
t 0 1 0
bt 0 0 1
t 0 1 0
bt 0 0 1
t 1 0 4.29721e-05
bt 4.08741e-05 0 -1
t 1 0 3.93535e-06
bt 3.48078e-05 0 -1
t 1 0 3.93535e-06
bt 4.08741e-05 0 -1
t 1 0 -6.01794e-06
bt 4.08741e-05 0 -1
t 1 0 -5.62021e-05
bt -1.55217e-05 0 -1
t 1 0 7.8707e-06
bt -1.55217e-05 0 -1
t 1 0 4.29721e-05
bt -3.10435e-05 0 -1
t 1 0 4.29721e-05
bt -3.64538e-05 0 -1
t 1 0 0
bt -1.53167e-07 -1 0
t 1 0 0
bt 0 -1 0
t 1 0 0
bt -1.53167e-07 -1 0
t 1 0 0
bt -1.53167e-07 -1 0
t 0 -1 0
bt 0 0 1
t 0 -1 0
bt 0 0 1
t 0 -1 0
bt 0 0 1
t 0 -1 0
bt 0 0 1
t 1 0 0
bt 0 1 0
t 1 0 0
bt 0 1 0
t 1 0 0
bt 0 1 0
t 1 0 0
bt 0 1 0
t 1 -1.6651e-09 -9.97695e-09
bt 0.000279449 0.164107 0.986443
t 1 0 0
bt -6.10379e-05 0.164107 0.986443
t 1 -1.6651e-09 -9.97695e-09
bt 0.000279449 0.164107 0.986443
t 1 -1.6651e-09 -9.97695e-09
bt 0.000279449 0.164107 0.986443
t 0.984103 0.1776 -9.17788e-05
bt 0 0 1
t 0.984103 0.177601 1.22639e-05
bt 0 0 1
t 0.984103 0.1776 -9.17788e-05
bt 0 0 1
t 0.984103 0.1776 -9.17788e-05
bt 0 0 1
t 1 0 0
bt -0.000250439 -0.146795 0.989167
t 1 0 0
bt 5.4338e-05 -0.146795 0.989167
t 1 0 0
bt -0.000250439 -0.146795 0.989167
t 1 0 0
bt -0.000250439 -0.146795 0.989167
t 0.963975 -0.265993 0.000136458
bt -5.38774e-08 1.48556e-08 1
t 0.963975 -0.265993 -1.77903e-05
bt 0 0 1
t 0.963975 -0.265993 0.000136458
bt -5.38774e-08 1.48556e-08 1
t 0.963975 -0.265993 0.000136458
bt -5.38774e-08 1.48556e-08 1

