g sponza_72
t -1 0.000421503 0
bt 0.00089542 -1 0
t -1 0.00010809 0
bt 0.00153721 -0.999999 0
t -1 0.000461162 0
bt 0.00117498 -0.999999 0
t -1 0.000317023 0
bt 0.00074379 -1 0
t -1 -0.000116781 0
bt -0.00207092 -0.999998 0
t -1 0.000150763 0
bt 0.0138498 -0.999904 0
t -1 0.000421764 0
bt -0.00573635 -0.999984 0
t -1 0.000309037 0
bt -0.00430003 -0.999991 0
t -1 0.000982788 0
bt -0.00636843 -0.99998 0
t -0.999999 0.00158649 0
bt -0.0109872 -0.99994 0
t -1 -2.91443e-05 0
bt 8.94853e-06 -1 0
t -1 5.94516e-05 0
bt 0.000819576 -1 0
t -1 0.000326835 0
bt 0.000623056 -1 0
t -1 0.000454411 0
bt 0.000350337 -1 0
t -1 0.00044379 0
bt 0.000445913 -1 0
t -1 0.000703734 0
bt 3.01313e-05 -1 0
t -1 7.53869e-05 0
bt 3.96376e-05 -1 0
t -1 -0.000264091 0
bt 0.000263013 -1 0
t -1 2.38965e-06 0
bt 0.000472841 -1 0
t -1 -6.66717e-05 0
bt 0.00075448 -1 0
t -1 -0.000258455 0
bt 0.00101011 -0.999999 0
t -1 0.000251193 0
bt -0.000100838 -1 0
t -1 -7.96949e-05 0
bt 0.000239446 -1 0
t -0.999585 0.0288021 0
bt 0.000690173 -1 0
t -0.779814 0.000810863 -0.62601
bt 0.000156611 -0.999994 0.0034599
t -0.791789 -0.00112142 -0.610793
bt -9.59895e-06 -0.999999 0.00150811
t -0.898387 0.002379 -0.439197
bt 0.00107978 -0.999997 0.00219745
t -0.889712 0.00234953 -0.456516
bt 0.000185062 -0.999992 0.00402883
t -1 -0.000104272 0
bt 1.98013e-05 -1 0
t -1 9.68929e-05 0
bt 0.000158315 -1 0
t -1 -0.000104272 0
bt 1.98013e-05 -1 0
t -1 -0.000104272 0
bt 1.98013e-05 -1 0
t 1.44952e-06 -4.11348e-07 1
bt 0.961987 -0.273096 0
t 7.01522e-06 -1.99137e-06 1
bt 0.961987 -0.273096 0
t 1.16789e-06 -2.60288e-07 1
bt 0.976147 -0.217112 -1.97246e-06
t 7.79452e-07 -1.73717e-07 1
bt 0.976147 -0.217112 0
t 5.5986e-06 3.44255e-08 1
bt -0.999981 -0.00609989 0
t 0 0 1
bt -0.999981 -0.00609989 1.12824e-06
t 5.5986e-06 3.44255e-08 1
bt -0.999981 -0.00609989 0
t 5.5986e-06 3.44255e-08 1
bt -0.999981 -0.00609989 0
t 0 0 1
bt 0.962667 0.270689 0
t 0 0 1
bt 0.962667 0.270689 0
t 0 0 1
bt 0.9346 0.3557 0
t 0 0 1
bt 0.9346 0.3557 0
t 0 0 1
bt 0.992443 0.122707 0
t 0 0 1
bt 0.992443 0.122707 0
t 0 0 1
bt 0.99999 -0.0045004 0
t 0 0 1
bt 0.99999 -0.0045004 0
t 0 0 1
bt 0.993296 -0.1156 0
t 0 0 1
bt 0.993296 -0.1156 0
t 0 0 1
bt 0.999998 -0.0019 -2.20987e-06
t 0 0 1
bt 0.999998 -0.0019 -1.10703e-06
t 0 0 1
bt 0.999998 -0.0019 -2.20987e-06
t 0 0 1
bt 0.999998 -0.0019 -2.20987e-06
t 0 0 1
bt 0.00979953 -0.999952 2.51151e-06
t 0 0 1
bt 0.00979953 -0.999952 1.25814e-06
t 0 0 1
bt 0.00979953 -0.999952 2.51151e-06
t 0 0 1
bt 0.00979953 -0.999952 2.51151e-06
t 0 0 1
bt -0.99997 -0.00769977 0
t 0 0 1
bt -0.99997 -0.00769977 0
t 0 0 1
bt -0.99997 -0.00769977 0
t 0 0 1
bt -0.99997 -0.00769977 0
t 0 0 1
bt 0.00769977 0.99997 0
t 0 0 1
bt 0.00769977 0.99997 0
t 0 0 1
bt 0.00769977 0.99997 0
t 0 0 1
bt 0.00769977 0.99997 0
t -0.999817 0.0191531 0
bt 0.000610457 -1 0
t -0.999339 0.0363642 0
bt -0.0237909 -0.999717 0
t -1 -0.000986525 0
bt -0.00243688 -0.999997 0
t -0.999998 -0.00200771 0
bt 0.00075784 -1 0
t -0.999999 -0.0013337 0
bt 0.000711575 -1 0
t -0.999999 -0.00135211 0
bt 0.00122023 -0.999999 0
t -1 -0.000362625 0
bt -0.00343984 -0.999994 0
t -1 0.000556881 0
bt -0.00433603 -0.999991 0
t -1 3.29978e-05 0
bt -0.00222309 -0.999997 0
t -1 -0.000189548 0
bt 0.000657036 -1 0
t -0.999997 0.000134579 0.00237034
bt -0.00176527 -0.871565 -0.490276
t -0.999992 -7.04317e-05 0.00404308
bt -0.00240727 -0.882191 -0.470885
t -0.999994 -0.000412914 0.00357844
bt -0.000960249 -0.763863 -0.645377
t -0.999996 0.000329078 0.00271034
bt -0.000901826 -0.745133 -0.666916
t -1 -0.000687064 0
bt 0.000677195 -1 0
t -0.725513 -0.00150787 -0.688207
bt -0.000271186 -0.999996 0.00277514
t -0.739954 -0.000630763 -0.672657
bt -0.000122577 -0.999999 0.00123992
t -0.876716 0.00118448 0.481006
bt 7.14915e-05 -0.999997 0.00235611
t -0.889407 -0.00170743 0.457112
bt 6.00499e-05 -0.999987 0.00502866
t -0.773732 0.00289637 0.633507
bt 0.000703429 -0.999993 0.00368915
t -0.755197 0.000287537 0.655498
bt -7.54797e-05 -0.999998 0.00218415
t -0.999992 0.000206171 0.00402276
bt 0.00160385 -0.707403 -0.706809
t -0.999997 1.08779e-05 0.00247265
bt 0.00217135 -0.690716 -0.723122
t -1 -0.000110063 0.000506798
bt 0.00193659 -0.888797 0.458297
t -1 9.79841e-05 0.000964433
bt -0.00354243 -0.886091 0.463499
t -1 6.63813e-05 0.00085543
bt 0.00172368 -0.768646 0.639672
t -1 -4.48562e-05 0.000423858
bt -0.000336191 -0.774717 0.632308
t -0.719687 -0.00219749 0.694295
bt 0.000786751 -0.999995 0.00313156
t -0.699614 -0.00211684 0.714518
bt -0.000152394 -0.999998 0.00215678
t -1 0.000326279 0.000519539
bt -0.00505048 -0.717271 0.696776
t -1 0.000116551 0.000303924
bt -0.00505413 -0.721595 0.692297
t -0.999997 -0.0022623 0
bt 0.000495067 -1 0

