g sponza_88
t 0 0 1
bt -0.0972954 -0.995253 -0.00227914
t 0 0 1
bt -0.0972956 -0.995256 0
t 0 0 1
bt -0.164705 -0.986342 -0.00152295
t 0 0 1
bt -0.172904 -0.984938 -0.00144448
t -1 0 0
bt 0.00193286 -0.992869 -0.119196
t -1 0 0
bt 0.00172888 -0.97802 -0.208503
t -1 0 0
bt 0.00128887 -0.978021 -0.208503
t -1 0 0
bt 0.00193286 -0.992869 -0.119196
t -1 0 0
bt -0.000305552 -1 0
t -1 0 0
bt 0.000235641 -1 0
t -1 0 0
bt -0.000305552 -1 0
t -1 0 0
bt -0.000305552 -1 0
t 0 0 -1
bt 0 -1 -0.000342686
t 0 0 -1
bt 0 -1 0
t 0 0 -1
bt 0 -1 -0.000342686
t 0 0 -1
bt 0 -1 -0.000342686
t 0 0 1
bt -0.678534 -0.734012 0.0286139
t 0 0 1
bt -0.674677 -0.729841 0.110196
t 0 0 1
bt -0.678534 -0.734012 0.0286139
t 0 0 1
bt -0.678534 -0.734012 0.0286139
t -1 0 0
bt 0.512677 -0.567516 -0.644273
t -1 0 0
bt -0.504403 -0.570747 -0.64794
t -1 0 0
bt 0.512677 -0.567516 -0.644273
t -1 0 0
bt 0.512677 -0.567516 -0.644273
t 0 0 1
bt 0.564995 -0.825093 0.0013117
t 0 0 1
bt 0.564996 -0.825094 0
t 0 0 1
bt 0.564995 -0.825093 0.0013117
t 0 0 1
bt 0.564995 -0.825093 0.0013117
t -1 0 0
bt -0.000426863 -0.765378 0.643581
t -1 0 0
bt 0.000581617 -0.765378 0.643581
t -1 0 0
bt -0.000426863 -0.765378 0.643581
t -1 0 0
bt -0.000426863 -0.765378 0.643581
t 0 0 1
bt -0.606821 -0.794828 0.00399906
t 0 0 1
bt -0.606826 -0.794834 0
t 0 0 1
bt -0.606821 -0.794828 0.00399906
t 0 0 1
bt -0.606821 -0.794828 0.00399906
t -1 0 0
bt -0.00306712 -0.729487 -0.683988
t -1 0 0
bt -0.00680318 -0.729474 -0.683975
t -1 0 0
bt -0.00306712 -0.729487 -0.683988
t -1 0 0
bt -0.00306712 -0.729487 -0.683988
t 0 0 1
bt 0.606825 -0.794832 -0.00234957
t 0 0 1
bt 0.606826 -0.794834 0
t 0 0 1
bt 0.606825 -0.794832 -0.00234957
t 0 0 1
bt 0.606825 -0.794832 -0.00234957
t -1 0 0
bt 0.00195829 -0.729489 0.68399
t -1 0 0
bt 0.00819209 -0.729466 0.683968
t -1 0 0
bt 0.00195829 -0.729489 0.68399
t -1 0 0
bt 0.00195829 -0.729489 0.68399
t 0 0 1
bt -0.313106 -0.949718 -1.12225e-05
t 0 0 1
bt -0.298895 -0.954286 7.94457e-05
t 0 0 1
bt -0.365003 -0.931007 -0.000135933
t 0 0 1
bt -0.365003 -0.931007 -0.000135933
t -1 0 0
bt 0.000269075 -0.928394 -0.371597
t -1 0 0
bt -0.000341617 -0.900949 -0.433924
t -1 0 0
bt 0.000380159 -0.90095 -0.433924
t -1 0 0
bt 0.000249009 -0.928394 -0.371597
t -0.59322 0.15231 0.790501
bt -0.0543653 -0.947142 -0.316174
t -0.659015 -0.212009 0.721631
bt -0.0619927 -0.946428 -0.31691
t -0.551876 0.33937 0.761748
bt -0.0192771 -0.975859 -0.217549
t -0.551876 0.33937 0.761748
bt -0.0192771 -0.975859 -0.217549
t -0.635812 0.32152 -0.70169
bt 0.176427 -0.983957 -0.026503
t -0.571285 -0.217195 -0.791492
bt 0.273774 -0.959783 -0.0621592
t -0.652916 0.143267 -0.743757
bt 0.268834 -0.96141 -0.0584772
t -0.635758 0.321531 -0.701734
bt 0.176429 -0.983956 -0.0265046
t -0.610758 -0.24614 0.752589
bt -0.0100334 -0.999741 0.0204098
t -0.590497 -0.347071 0.728598
bt 0.00107176 -0.999977 0.00676361
t -0.610816 -0.24614 0.752542
bt -0.010035 -0.999741 0.0204085
t -0.610816 -0.24614 0.752542
bt -0.010035 -0.999741 0.0204085
t -0.612684 -0.247993 -0.750412
bt -0.0166336 -0.999785 -0.0123515
t -0.586936 -0.374583 -0.71777
bt -0.00549686 -0.999984 0.00132666
t -0.612684 -0.247993 -0.750412
bt -0.0166336 -0.999785 -0.0123515
t -0.612684 -0.247993 -0.750412
bt -0.0166336 -0.999785 -0.0123515
t -0.837807 0.404565 0.366615
bt 0.100237 -0.572279 0.81391
t -0.821341 0.564024 0.0853003
bt 0.0625412 -0.55395 0.830198
t -0.837807 0.404565 0.366615
bt 0.100237 -0.572279 0.81391
t -0.837807 0.404565 0.366615
bt 0.100237 -0.572279 0.81391
t -0.339257 0.291742 -0.89431
bt -0.758067 -0.641274 0.118756
t 0.0151222 0.529451 -0.848206
bt -0.762943 -0.637593 0.106741
t -0.339209 0.291677 -0.89435
bt -0.758073 -0.641265 0.118761
t -0.339191 0.291653 -0.894365
bt -0.758032 -0.64132 0.118728
t -0.648198 -0.0156318 0.761311
bt -0.501946 -0.568049 -0.652204
t -0.631278 5.16469e-05 0.775557
bt -0.522312 -0.570868 -0.633483
t -0.648198 -0.0156318 0.761311
bt -0.501946 -0.568049 -0.652204
t -0.648198 -0.0156318 0.761311
bt -0.501946 -0.568049 -0.652204
t -0.631406 -2.96161e-05 -0.775453
bt 0.515092 -0.569969 -0.640168
t -0.631322 -1.10109e-05 -0.775521
bt 0.522267 -0.570862 -0.633525
t -0.631371 3.3629e-05 -0.775481
bt 0.515121 -0.569917 -0.640192
t -0.631406 -2.96161e-05 -0.775453
bt 0.515092 -0.569969 -0.640168
t -0.831362 -0.301303 0.466962
bt -0.101537 -0.526575 -0.844043
t -0.631396 5.04771e-06 0.775461
bt -0.0315898 -0.49361 -0.86911
t -0.831296 -0.301402 0.467015
bt -0.101574 -0.526519 -0.844074
t -0.831296 -0.301402 0.467015
bt -0.101574 -0.526519 -0.844074
t -0.256544 -0.323815 -0.910675
bt 0.797562 -0.592927 -0.111052
t -0.631401 5.46834e-07 -0.775457
bt 0.809792 -0.581825 -0.0756111
t -0.256544 -0.323815 -0.910675
bt 0.797562 -0.592927 -0.111052
t -0.256544 -0.323815 -0.910675
bt 0.797562 -0.592927 -0.111052
t -0.63138 1.88539e-05 0.775474
bt 0.033001 -0.487065 0.872742
t -0.865406 0.454537 0.210877
bt 0.0119176 -0.476384 0.879157
t -0.631309 0.00012634 0.775531
bt 0.0330674 -0.486963 0.872796
t -0.63138 1.88539e-05 0.775474
bt 0.033001 -0.487065 0.872742
t -0.631385 -2.44238e-05 -0.77547
bt -0.826463 -0.5617 0.0380969
t -0.0194204 0.460553 -0.88742
bt -0.829873 -0.557357 0.0257642
t -0.631385 -2.44238e-05 -0.77547
bt -0.826463 -0.5617 0.0380969
t -0.631385 -2.44238e-05 -0.77547
bt -0.826463 -0.5617 0.0380969
t -0.74203 -0.356091 0.567971
bt -0.0620549 -0.755041 -0.652735
t -0.720194 -0.243853 0.649505
bt -0.0800727 -0.764455 -0.639685
t -0.715305 -0.363531 0.596811
bt -0.0417405 -0.813952 -0.57943
t -0.70848 -0.320549 0.628732
bt -0.0376014 -0.819903 -0.571266
t -0.435324 -0.369204 -0.821085
bt 0.494066 -0.866995 -0.0649509
t -0.502301 -0.225702 -0.834717
bt 0.562826 -0.82043 -0.100609
t -0.404307 -0.357709 -0.841772
bt 0.570544 -0.8166 -0.0874343
t -0.473189 -0.318618 -0.821325
bt 0.485464 -0.872161 -0.0604952
t -1 0 0.000150924
bt -0.0004631 0 1
t -1 0 0
bt -0.0328386 0 0.999461
t -0.999977 0 -0.00673952
bt -0.0004631 0 1
t -0.999987 0 -0.0050546
bt -0.000347325 0 1
t -0.999786 0 -0.0206703
bt 0 0 1
t -1 0 0
bt 0 0 1
t 0 0 -1
bt 0.0973947 -0.995246 0
t 0 0 -1
bt 0.172904 -0.984936 0.00225004
t 0 0 -1
bt 0.164705 -0.986343 0
t 0 0 -1
bt 0.0973947 -0.995246 0
t 0 0 1
bt 0 -1 0
t 0 0 1
bt 0 -1 -0.000342686
t 0 0 1
bt 0 -1 0
t 0 0 1
bt 0 -1 0
t -1.7806e-05 1.92664e-05 -1
bt 0.579904 -0.627496 -0.519577
t 0 0 -1
bt 0.526015 -0.569101 -0.632007
t -1.7806e-05 1.92664e-05 -1
bt 0.579904 -0.627496 -0.519577
t -1.7806e-05 1.92664e-05 -1
bt 0.579904 -0.627496 -0.519577
t 0 0 -1
bt -0.564996 -0.825094 0
t 0 0 -1
bt -0.564995 -0.825092 -0.00184178
t 0 0 -1
bt -0.564996 -0.825094 0
t 0 0 -1
bt -0.564996 -0.825094 0
t 0 0 -1
bt 0.606715 -0.79492 0
t 0 0 -1
bt 0.606697 -0.794897 -0.0075974
t 0 0 -1
bt 0.606715 -0.79492 0
t 0 0 -1
bt 0.606715 -0.79492 0
t 0 0 -1
bt -0.606715 -0.79492 0
t 0 0 -1
bt -0.606689 -0.794886 0.00918065
t 0 0 -1
bt -0.606715 -0.79492 0
t 0 0 -1
bt -0.606715 -0.79492 0
t 0 0 -1
bt 0.313106 -0.949718 8.03321e-05
t 0 0 -1
bt 0.365089 -0.930973 -0.00013593
t 0 0 -1
bt 0.365089 -0.930973 0
t 0 0 -1
bt 0.298895 -0.954286 0
t 1 0 0
bt -0.00324315 0 -0.999995
t 1 0 0
bt -0.00883587 0 -0.999961
t 1 0 0
bt 0 0 -1
t 1 0 0
bt 0 0 -1
t 1 0 0
bt -0.0264285 0 -0.999651
t 1 0 0
bt -0.0264285 0 -0.999651

