g sponza_104
t 0 0 -1
bt -0.0972957 -0.995256 0
t 0 0 -1
bt -0.172904 -0.984937 0.00154754
t 0 0 -1
bt -0.164705 -0.986343 0
t 0 0 -1
bt -0.0972957 -0.995256 0
t -1 0 0
bt 0.001309 -0.978021 0.208503
t -1 0 0
bt 0.00171823 -0.97802 0.208503
t -1 0 0
bt 0.00197989 -0.992869 0.119196
t -1 0 0
bt 0.00197989 -0.992869 0.119196
t -1 0 0
bt -0.000207562 -1 0
t -1 0 0
bt 0.000242889 -1 0
t -1 0 0
bt -0.000207562 -1 0
t -1 0 0
bt -0.000207562 -1 0
t 0 0 1
bt 0 -1 0.000328683
t 0 0 1
bt 0 -1 0
t 0 0 1
bt 0 -1 0.000328683
t 0 0 1
bt 0 -1 0.000328683
t 0 0 -1
bt -0.674627 -0.729886 -0.110203
t 0 0 -1
bt -0.678484 -0.734058 -0.0286259
t 0 0 -1
bt -0.674627 -0.729886 -0.110203
t 0 0 -1
bt -0.674627 -0.729886 -0.110203
t -1 0 0
bt 0.512662 -0.567522 0.644279
t -1 0 0
bt -0.504344 -0.570769 0.647966
t -1 0 0
bt 0.512662 -0.567522 0.644279
t -1 0 0
bt 0.512662 -0.567522 0.644279
t 0 0 -1
bt 0.564881 -0.825172 -0.00132209
t 0 0 -1
bt 0.564881 -0.825172 0
t 0 0 -1
bt 0.564881 -0.825172 -0.00132209
t 0 0 -1
bt 0.564881 -0.825172 -0.00132209
t -1 0 0
bt -0.000464005 -0.765378 -0.643581
t -1 0 0
bt 0.000509005 -0.765378 -0.643581
t -1 0 0
bt -0.000464005 -0.765378 -0.643581
t -1 0 0
bt -0.000464005 -0.765378 -0.643581
t 0 0 -1
bt -0.606778 -0.794871 0
t 0 0 -1
bt -0.606773 -0.794865 -0.00399625
t 0 0 -1
bt -0.606778 -0.794871 0
t 0 0 -1
bt -0.606778 -0.794871 0
t -1 0 0
bt -0.0030764 -0.729487 0.683988
t -1 0 0
bt -0.0068027 -0.729474 0.683975
t -1 0 0
bt -0.0030764 -0.729487 0.683988
t -1 0 0
bt -0.0030764 -0.729487 0.683988
t 0 0 -1
bt 0.606776 -0.794869 0.00236873
t 0 0 -1
bt 0.606778 -0.794871 0
t 0 0 -1
bt 0.606776 -0.794869 0.00236873
t 0 0 -1
bt 0.606776 -0.794869 0.00236873
t -1 0 0
bt 0.00195823 -0.729489 -0.68399
t -1 0 0
bt 0.00814984 -0.729466 -0.683968
t -1 0 0
bt 0.00195823 -0.729489 -0.68399
t -1 0 0
bt 0.00195823 -0.729489 -0.68399
t 0 0 -1
bt -0.313106 -0.949718 -8.39545e-05
t 0 0 -1
bt -0.365089 -0.930973 0.00013593
t 0 0 -1
bt -0.365089 -0.930973 0
t 0 0 -1
bt -0.298895 -0.954286 0
t -1 0 0
bt 0.000415127 -0.900949 0.433924
t -1 0 0
bt -0.000336842 -0.90095 0.433924
t -1 0 0
bt 0.000286997 -0.928394 0.371597
t -1 0 0
bt 0.000261006 -0.928394 0.371597
t -0.551886 0.339344 -0.761753
bt -0.0192527 -0.975853 0.217578
t -0.658687 -0.206715 -0.723464
bt -0.0990948 -0.956256 0.275236
t -0.593228 0.152283 -0.7905
bt -0.0543502 -0.947138 0.31619
t -0.551886 0.339344 -0.761753
bt -0.0192527 -0.975853 0.217578
t -0.587403 -0.225511 0.77724
bt 0.176681 -0.983919 0.0262056
t -0.63592 0.32144 0.701628
bt 0.176427 -0.983956 0.0265272
t -0.572176 -0.217665 0.790719
bt 0.26897 -0.961384 0.058267
t -0.549065 -0.276017 0.788887
bt 0.275148 -0.959498 0.0604806
t -0.610812 -0.246162 -0.752537
bt -0.0100409 -0.999741 -0.0204157
t -0.590717 -0.347005 -0.728451
bt 0.00110857 -0.999977 -0.00671659
t -0.610918 -0.246163 -0.752451
bt -0.0100432 -0.999741 -0.0204138
t -0.610812 -0.246162 -0.752537
bt -0.0100409 -0.999741 -0.0204157
t -0.612468 -0.248024 0.750578
bt -0.016625 -0.999786 0.0123502
t -0.586827 -0.374614 0.717843
bt -0.00548918 -0.999984 -0.00133544
t -0.612573 -0.248023 0.750492
bt -0.0166272 -0.999786 0.0123484
t -0.612468 -0.248024 0.750578
bt -0.016625 -0.999786 0.0123502
t -0.821323 0.564038 -0.0853832
bt 0.0624554 -0.553962 -0.830196
t -0.837777 0.404541 -0.36671
bt 0.100145 -0.572292 -0.813912
t -0.821323 0.564038 -0.0853832
bt 0.0624554 -0.553962 -0.830196
t -0.821323 0.564038 -0.0853832
bt 0.0624554 -0.553962 -0.830196
t -0.339413 0.291614 0.894293
bt -0.758099 -0.64125 -0.118677
t 0.0151266 0.529453 0.848204
bt -0.762967 -0.637574 -0.106681
t -0.339413 0.291614 0.894293
bt -0.758099 -0.64125 -0.118677
t -0.339413 0.291614 0.894293
bt -0.758099 -0.64125 -0.118677
t -0.648136 -0.0156537 -0.761364
bt -0.501874 -0.568083 0.65223
t -0.631327 -7.10369e-05 -0.775516
bt -0.522247 -0.570905 0.633502
t -0.648136 -0.0156537 -0.761364
bt -0.501874 -0.568083 0.65223
t -0.648136 -0.0156537 -0.761364
bt -0.501874 -0.568083 0.65223
t -0.631467 2.59185e-05 0.775403
bt 0.522214 -0.570911 0.633525
t -0.631305 5.06525e-05 0.775535
bt 0.515081 -0.569957 0.640188
t -0.631467 2.59185e-05 0.775403
bt 0.522214 -0.570911 0.633525
t -0.631467 2.59185e-05 0.775403
bt 0.522214 -0.570911 0.633525
t -0.831365 -0.301311 -0.466952
bt -0.101393 -0.526511 0.844101
t -0.631424 -2.70152e-05 -0.775437
bt -0.0315304 -0.49358 0.869128
t -0.831389 -0.301275 -0.466933
bt -0.10135 -0.526575 0.844066
t -0.831365 -0.301311 -0.466952
bt -0.101393 -0.526511 0.844101
t -0.631345 4.10949e-05 0.775502
bt 0.809805 -0.58181 0.0755862
t -0.256357 -0.323843 0.910718
bt 0.797571 -0.592916 0.111049
t -0.631384 -1.76662e-05 0.77547
bt 0.809801 -0.581815 0.0755831
t -0.631384 -1.76662e-05 0.77547
bt 0.809801 -0.581815 0.0755831
t -0.865448 0.454463 -0.210863
bt 0.0117098 -0.476505 -0.879094
t -0.631409 5.07786e-05 -0.77545
bt 0.0329132 -0.487022 -0.872769
t -0.865448 0.454463 -0.210863
bt 0.0117098 -0.476505 -0.879094
t -0.865394 0.454545 -0.210907
bt 0.0117532 -0.476439 -0.879129
t -0.631368 -6.2842e-06 0.775483
bt -0.826474 -0.561687 -0.0380596
t -0.0192744 0.460537 0.887431
bt -0.829834 -0.557416 -0.0257262
t -0.631368 -6.2842e-06 0.775483
bt -0.826474 -0.561687 -0.0380596
t -0.631368 -6.2842e-06 0.775483
bt -0.826474 -0.561687 -0.0380596
t -0.715176 -0.363661 -0.596887
bt -0.0419042 -0.813947 0.579426
t -0.720189 -0.243833 -0.649518
bt -0.0800997 -0.764469 0.639665
t -0.742035 -0.356131 -0.567939
bt -0.0621561 -0.755095 0.652663
t -0.708392 -0.320663 -0.628774
bt -0.0376997 -0.819913 0.571245
t -0.495112 -0.277577 0.823295
bt 0.488579 -0.869407 0.0736372
t -0.438839 -0.371035 0.818384
bt 0.486643 -0.871625 0.0587204
t -0.502094 -0.225683 0.834847
bt 0.562783 -0.820458 0.100621
t -0.502094 -0.225683 0.834847
bt 0.562783 -0.820458 0.100621
t -0.659566 -0.222722 -0.717891
bt 0.0130106 -0.917723 0.397008
t -1 0 -0.000150921
bt -0.000471362 0 -1
t -0.999786 0 0.0206646
bt 0 0 -1
t -1 0 -0.000150921
bt -0.0114941 0 -0.999934
t -1 0 -0.000113191
bt -0.00862041 0 -0.999963
t -1 0 0
bt -0.0330641 0 -0.999453
t -1 0 0
bt 0 0 -1
t 0 0 1
bt 0.164705 -0.986343 0
t 0 0 1
bt 0.172904 -0.984936 -0.00222648
t 0 0 1
bt 0.0972956 -0.995256 0
t 0 0 1
bt 0.0972956 -0.995256 0
t 0 0 -1
bt 0 -1 0
t 0 0 -1
bt 0 -1 0.000328683
t 0 0 -1
bt 0 -1 0
t 0 0 -1
bt 0 -1 0
t 0 0 1
bt 0.579909 -0.627502 0.519564
t 0 0 1
bt 0.52597 -0.569135 0.632014
t 0 0 1
bt 0.579909 -0.627502 0.519564
t 0 0 1
bt 0.579909 -0.627502 0.519564
t 0 0 1
bt -0.56488 -0.825171 0.00183146
t 0 0 1
bt -0.564881 -0.825172 0
t 0 0 1
bt -0.56488 -0.825171 0.00183146
t 0 0 1
bt -0.56488 -0.825171 0.00183146
t 0 0 1
bt 0.606778 -0.794871 0
t 0 0 1
bt 0.606761 -0.794848 0.00760057
t 0 0 1
bt 0.606778 -0.794871 0
t 0 0 1
bt 0.606778 -0.794871 0
t 0 0 1
bt -0.606753 -0.794838 -0.00916112
t 0 0 1
bt -0.606778 -0.794871 0
t 0 0 1
bt -0.606753 -0.794838 -0.00916112
t 0 0 1
bt -0.606753 -0.794838 -0.00916112
t 2.5603e-06 -6.53163e-06 1
bt 0.365089 -0.930973 0
t 0 0 1
bt 0.365089 -0.930973 0.000135844
t 1.88426e-06 -5.71314e-06 1
bt 0.313106 -0.949718 -8.47579e-05
t 1.14413e-06 -3.65409e-06 1
bt 0.298895 -0.954286 0
t 1 0 0
bt 0 0 1
t 1 0 0
bt -0.00890483 0 0.99996
t 1 0 0
bt -0.00318472 0 0.999995
t 1 0 0
bt 0 0 1
t 1 0 0
bt -0.0267124 0 0.999643
t 1 0 0
bt -0.0267124 0 0.999643

