g sponza_223
t 0.333749 -0.942467 0.0191905
bt -0.310314 -0.111715 0.944047
t 0.4135 -0.908103 0.0660774
bt -0.300899 -0.145643 0.942469
t 0.424771 -0.904688 -0.0332937
bt 0.288217 0.171549 0.942073
t 0.346742 -0.937738 0.020407
bt 0.273949 0.207195 0.93916
t 0.610438 -0.780121 -0.137029
bt 0.628547 0.57355 0.525327
t 0.587658 -0.805803 -0.0730726
bt 0.633424 0.621942 0.460392
t 0.858412 -0.512934 -0.00527574
bt 0.0189823 0.200365 0.979537
t 0.895699 -0.444494 0.0121911
bt 0.408037 0.0204384 0.912737
t 0.962276 -0.265708 -0.0585191
bt 0.101314 0.424497 0.899743
t 0.961601 -0.260073 -0.0876648
bt 0.0781444 0.498022 0.863636
t 0.826495 -0.529531 -0.191058
bt 0.301159 0.630569 0.715322
t 0.798748 -0.588836 -0.123587
bt 0.481465 0.608192 0.631105
t 0.586277 -0.809909 -0.0180685
bt 0.183498 0.24957 0.950812
t 0.682012 -0.730388 -0.0373074
bt 0.10652 0.269343 0.957135
t 0.742009 -0.668136 -0.0549376
bt 0.0311625 0.286112 0.957689
t 0.808037 -0.589118 -0.00415207
bt -0.0010175 0.259099 0.96585
t 0.910491 -0.373157 -0.178214
bt 0.0541245 0.577918 0.814298
t 0.870294 -0.453374 -0.19246
bt 0.112212 0.633795 0.765318
t 0.710363 -0.669613 -0.216799
bt 0.577561 0.536311 0.615463
t 0.756653 -0.65312 -0.0301645
bt -0.0218157 -0.293632 0.95567
t 0.809698 -0.586776 -0.00912185
bt -0.0185183 -0.245766 0.969152
t 0.602993 -0.796075 -0.0516129
bt -0.150906 -0.290909 0.944775
t 0.936344 -0.247112 -0.249391
bt 0.0198401 -0.902971 0.429244
t 0.509771 -0.46258 -0.725364
bt 0.162395 -0.802717 0.573824
t 0.458422 -0.680866 -0.571202
bt 0.124306 -0.857114 0.499904
t 0.911932 -0.351576 -0.211597
bt -0.00573069 -0.939637 0.342125
t 0.962276 -0.265708 0.0585192
bt -0.0136094 -0.444115 0.895867
t 0.899339 -0.416941 -0.131716
bt 0.0223591 -0.249097 0.96822
t 0.8585 -0.512794 0.00438271
bt 0.0134351 -0.218855 0.975665
t 0.976162 -0.216811 0.0100194
bt 0.00454728 -0.512819 0.858485
t 0.602993 -0.796075 -0.0516129
bt -0.150906 -0.290909 0.944775
t 0.943756 -0.296401 -0.146534
bt -0.0196086 -0.802909 0.595779
t 0.957363 -0.267975 -0.107911
bt 0.0387094 -0.730613 0.681694
t 0.710443 -0.68976 -0.139645
bt 0.0360775 -0.402123 0.914875
t 0.967715 -0.251864 -0.00956584
bt 0.0357513 -0.594141 0.803566
t 0.809698 -0.586776 -0.00912185
bt -0.0185183 -0.245766 0.969152
t 0.756653 -0.65312 -0.0301645
bt -0.0218157 -0.293632 0.95567
t 0.959005 -0.280887 -0.0375702
bt 0.0431602 -0.666312 0.744423
t 0.933413 -0.341734 -0.109354
bt 0.108379 -0.821392 0.559972
t 0.635523 -0.642343 -0.428376
bt 0.273433 -0.712919 0.64574
t 0.976683 0.192063 0.0959325
bt -0.0330113 -0.453099 0.890849
t 0.976683 -0.192063 -0.0959325
bt 0.0332674 -0.453146 0.890816
t 0.979529 0.200436 0.0186622
bt -0.0103008 -0.513715 0.857899
t 0.961232 0.23966 0.136368
bt -0.0428379 -0.731264 0.680748
t 0.954945 -0.175388 -0.239414
bt 0.00967614 -0.808439 0.5885
t 0.954945 0.175388 0.239414
bt -0.0333599 -0.812338 0.582232
t 0.966004 0.245735 0.0803172
bt -0.0423 -0.666175 0.744595
t 0.972725 0.2276 0.0447682
bt -0.0374156 -0.594392 0.803305
t 0.954945 0.175388 0.239414
bt -0.0551451 -0.815497 0.576129
t 0.954945 -0.175388 -0.239414
bt 0.0553315 -0.815522 0.576075
t 0.938897 0.223347 0.261893
bt 0.0172764 -0.897283 0.441118
t 0.457375 0.69558 0.554056
bt -0.118744 -0.852001 0.509897
t 0.519345 0.522159 0.676484
bt -0.144603 -0.78704 0.599715
t 0.908112 0.364917 0.20535
bt 0.0136517 -0.938614 0.344698
t 0.860037 0.510081 0.012412
bt -0.0846176 -0.258412 0.962322
t 0.846514 0.317996 0.426957
bt -0.0680371 -0.270011 0.96045
t 0.962277 0.265706 -0.0585145
bt 0.0135803 -0.444121 0.895864
t 0.943756 0.296401 0.146534
bt 0.0196095 -0.802909 0.595779
t 0.637208 0.665753 0.38825
bt -0.134287 -0.598657 0.789669
t 0.716095 0.649433 0.25582
bt -0.185954 -0.525628 0.830142
t 0.766578 0.628383 0.132263
bt -0.17703 -0.442786 0.878977
t 0.813985 0.578616 0.0512924
bt -0.152854 -0.357661 0.921257
t 0.945107 0.288995 0.152496
bt 0.101774 -0.783402 0.613126
t 0.8585 -0.512794 0.00438271
bt 0.0134351 -0.218855 0.975665
t 0.899339 -0.416941 -0.131716
bt 0.0223591 -0.249097 0.96822
t 0.710443 -0.68976 -0.139645
bt 0.0360775 -0.402123 0.914875
t 0.0357525 -0.995626 0.0863175
bt 0.381457 0.0800125 0.920917
t 3.88265e-05 -1 9.3728e-05
bt 0.373433 0.218558 0.901543
t 0.106853 -0.988517 0.106853
bt 0.702752 0.110816 0.702752
t 0.106853 -0.988517 0.106853
bt 0.702752 0.110816 0.702752
t 0 -1 0
bt -0.38271 0 0.923869
t 0 -1 0
bt -0.38271 0 0.923869
t 1 0 0
bt 0 -1 0
t 1 0 0
bt 0 -1 0
t 1 0 0
bt 0 -1 0
t 1 0 0
bt 0 -1 0
t 0.64085 -0.422637 -0.64085
bt -0.0568981 -0.996757 0.0568981
t 0.65595 -0.373442 -0.65595
bt 0 -1 0
t 0.34162 -0.450603 -0.824774
bt -0.0284618 -0.99723 0.0687155
t 0.34162 -0.450603 -0.824774
bt -0.0284618 -0.99723 0.0687155
t 0.362827 0.317842 0.875975
bt 0 -1 0
t 0.352851 0.387013 0.85189
bt 0.0182739 -0.998859 0.0441189
t 0.67545 0.295862 0.67545
bt 0 -1 0
t 0.67545 0.295862 0.67545
bt 0 -1 0
t 0.997153 0 -0.0754042
bt 0.211567 0 0.977364
t 0.99991 0 -0.0134424
bt 0.00228024 0 0.999997
t 0.993831 0 -0.110907
bt 0.313769 0 0.949499
t 0.993831 0 -0.110907
bt 0.313769 0 0.949499
t 0.995757 0 -0.0920233
bt 0.0384859 0 0.999259
t 0.995721 0 -0.0924112
bt 0.0384859 0 0.999259
t 0.995185 0 0.0980093
bt -0.0220545 0 0.999757
t 0.995185 0 0.0980093
bt -0.0273142 0 0.999627
t 0.99415 0 -0.108011
bt 0.0330855 0 0.999453
t 0.996006 0 -0.0892825
bt 0.0412295 0 0.99915
t 0.995721 0 -0.0924112
bt 0.0384859 0 0.999259
t 0.995757 0 -0.0920233
bt 0.0384859 0 0.999259
t 0.956667 0 0.291183
bt -0.0743498 0 0.997232
t 0.946366 0 0.323096
bt -0.0147362 0 0.999891
t 0 -1 0
bt 0.707107 0 0.707107
t 0 -1 0
bt 0.923885 0 0.382671
t 0 -1 0
bt 0.923885 0 0.382671
t 0 -1 0
bt 0.707107 0 0.707107
t 0 -1 0
bt -0.38271 0 0.923869
t 0 -1 0
bt 0 0 1
t 0 -1 0
bt 0 0 1
t 0 -1 0
bt -0.38271 0 0.923869
t 1 0 0
bt 0 -1 0
t 1 0 0
bt 0 -1 0
t 1 0 0
bt 0 -1 0
t 1 0 0
bt 0 -1 0
t 0.667071 -0.331713 -0.667071
bt 0 -1 0
t 0.382671 0 -0.923885
bt 0.0139565 -0.999335 -0.0336954
t 0.357644 -0.355699 -0.863463
bt 0 -1 0
t 0.667071 -0.331713 -0.667071
bt 0 -1 0
t 0.360416 0.336052 0.870155
bt 0 -1 0
t 0.707107 0 0.707107
bt 0 -1 0
t 0.67156 0.313073 0.67156
bt 0 -1 0
t 0.360416 0.336052 0.870155
bt 0 -1 0
t -0.333744 -0.942468 -0.0192057
bt 0.310314 -0.111715 -0.944047
t -0.413485 -0.908107 -0.0661217
bt 0.300899 -0.145643 -0.942469
t -0.41967 -0.90639 0.048318
bt -0.300759 0.145933 -0.942469
t -0.327909 -0.944007 0.0364105
bt -0.309982 0.112634 -0.944047
t -0.756696 -0.653071 0.0301511
bt 0.0217994 -0.293624 -0.955672
t -0.809698 -0.586776 0.00912185
bt 0.0185183 -0.245766 -0.969152
t -0.802986 -0.594729 0.0388723
bt -0.124387 0.170933 -0.9774
t -0.746133 -0.664926 0.0340356
bt -0.157501 0.179751 -0.971022
t -0.602986 -0.796083 0.0515787
bt 0.150899 -0.290917 -0.944773
t -0.579641 -0.813756 0.0426357
bt -0.239444 0.175387 -0.954938
t -0.936344 -0.247113 0.24939
bt -0.0198381 -0.90297 -0.429244
t -0.50978 -0.462628 0.725328
bt -0.162386 -0.802709 -0.573837
t -0.458422 -0.68087 0.571197
bt -0.124301 -0.857109 -0.499913
t -0.91189 -0.351619 0.211708
bt 0.00577161 -0.939666 -0.342045
t -0.962273 -0.265714 -0.0585321
bt 0.0134689 -0.444143 -0.895855
t -0.893624 -0.393126 0.216534
bt -0.0814988 -0.276057 -0.95768
t -0.858499 -0.512797 -0.00440006
bt -0.0134885 -0.218886 -0.975657
t -0.976161 -0.216815 -0.0100251
bt -0.00461476 -0.512829 -0.858478
t -0.602986 -0.796083 0.0515787
bt 0.150899 -0.290917 -0.944773
t -0.943741 -0.296479 0.146471
bt 0.0195872 -0.802913 -0.595774
t -0.957364 -0.267971 0.107915
bt -0.0387167 -0.730614 -0.681692
t -0.710447 -0.68975 0.139679
bt -0.0360907 -0.402135 -0.914869
t -0.967715 -0.251864 0.00956584
bt -0.0357513 -0.594141 -0.803566
t -0.809698 -0.586776 0.00912185
bt 0.0185183 -0.245766 -0.969152
t -0.756696 -0.653071 0.0301511
bt 0.0217994 -0.293624 -0.955672
t -0.959005 -0.280886 0.037571
bt -0.0431606 -0.666312 -0.744423
t -0.933384 -0.341843 0.109263
bt -0.108363 -0.821391 -0.559977
t -0.635533 -0.642442 0.428213
bt -0.273415 -0.712906 -0.645762
t -0.976683 0.192063 -0.0959325
bt 0.032962 -0.45309 -0.890855
t -0.976683 -0.192063 0.0959325
bt -0.0333169 -0.453154 -0.890809
t -0.983206 0.156662 -0.0936126
bt 0.0212729 -0.515372 -0.856702
t -0.964276 0.182767 -0.19175
bt 0.0509748 -0.732509 -0.678846
t -0.954945 -0.175388 0.239414
bt -0.00967614 -0.808439 -0.5885
t -0.954945 0.175388 -0.239414
bt 0.0333599 -0.812338 -0.582232
t -0.971017 0.179544 -0.157764
bt 0.0391838 -0.66568 -0.745208
t -0.977398 0.170644 -0.124792
bt 0.0439931 -0.595373 -0.802244
t -0.954945 0.175388 -0.239414
bt 0.0551548 -0.815498 -0.576126
t -0.954945 -0.175388 0.239414
bt -0.0553318 -0.815522 -0.576075
t -0.942469 0.145643 -0.300899
bt 0.0264959 -0.903845 -0.427039
t -0.944019 0.112213 -0.310221
bt 0.0361871 -0.943982 -0.328006
t -0.858499 -0.512797 -0.00440006
bt -0.0134885 -0.218886 -0.975657
t -0.889728 -0.454607 -0.0414282
bt 0.0959325 -0.192063 -0.976683
t -0.890785 -0.453207 0.0332357
bt -0.0959525 0.192063 -0.976681
t -0.856162 -0.516056 0.0259268
bt -0.0934572 0.156754 -0.983206
t -0.710447 -0.68975 0.139679
bt -0.0360907 -0.402135 -0.914869
t -0.680452 -0.731463 0.0441186
bt -0.19175 0.182767 -0.964276
t 0 -1 0
bt 0.38271 0 -0.923869
t 0 -1 0
bt -0.38271 0 -0.923869
t 0 -1 0
bt -0.38271 0 -0.923869
t 0 -1 0
bt 0.38271 0 -0.923869
t -1 0 0
bt 0 -1 0
t -1 0 0
bt 0 -1 0
t -0.915325 -0.135719 0.379157
bt 0 -1 0
t -0.91286 -0.153951 0.378135
bt 0.0229129 -0.999692 -0.00949047
t -0.341601 -0.450701 0.824729
bt 0.0284541 -0.997232 -0.0686969
t -0.341601 -0.450701 0.824729
bt 0.0284541 -0.997232 -0.0686969
t -0.995759 0 0.0919955
bt -0.038532 0 -0.999257
t -0.995721 0 0.0924148
bt -0.038532 0 -0.999257
t -0.999992 0 0.00411833
bt 0 0 -1
t -0.999992 0 0.00411833
bt 0 0 -1
t -1 0 0
bt -0.00406548 0 -0.999992
t -1 0 0
bt 0.00382356 0 -0.999993
t -0.99415 0 0.108013
bt -0.0330428 0 -0.999454
t -0.996009 0 0.0892503
bt -0.0412421 0 -0.999149
t -0.995721 0 0.0924148
bt -0.038532 0 -0.999257
t -0.995759 0 0.0919955
bt -0.038532 0 -0.999257
t 0 -1 0
bt 0.38271 0 -0.923869
t 0 -1 0
bt -0.38271 0 -0.923869
t 0 -1 0
bt -0.38271 0 -0.923869
t 0 -1 0
bt 0.38271 0 -0.923869
t -0.923869 0 -0.38271
bt 0 -1 0
t -1 0 0
bt 0 -1 0
t -1 0 0
bt 0 -1 0
t -0.923869 0 -0.38271
bt 0 -1 0
t -0.667024 -0.331713 0.667118
bt 0 -1 0
t -0.382671 0 0.923885
bt -0.0139565 -0.999335 0.0336954
t -0.357644 -0.355699 0.863463
bt 0 -1 0
t -0.667024 -0.331713 0.667118
bt 0 -1 0
t 0.999795 0 -0.020249
bt 0 0 1
t 0.99995 0 0.00998
bt -5.08483e-05 0 1
t 0.999911 0 -0.0133547
bt 0.0217699 0 0.999763
t 0.999795 0 -0.020249
bt 0 0 1
t 0.999771 0 -0.0214112
bt 0.0433946 0 0.999058
t 1 0 0.000435959
bt 0.0652788 0 0.997867
t 0.99788 0 -0.0650749
bt -0.000436121 0 1
t 0.99788 0 -0.0650749
bt -0.000436121 0 1

