g sponza_366
t 0.478485 -0.450337 -0.753823
bt 0.809853 0.51054 0.288939
t 0.471805 -0.431816 -0.768723
bt 0.831554 0.0071485 0.555397
t 0.481177 -0.459447 -0.746577
bt 0.822311 -0.0193687 0.568709
t 0.481737 -0.471663 -0.738555
bt 0.819686 0.496986 0.284816
t 0.470647 -0.405749 -0.783491
bt 0.796915 0.51669 0.312983
t 0.486086 -0.419975 -0.766382
bt 0.815651 -0.0636283 0.575034
t 0.480685 -0.414876 -0.772541
bt 0.577301 -0.529674 0.621425
t 0.477992 -0.44069 -0.759814
bt 0.565959 -0.529739 0.631717
t 0.452396 -0.398641 -0.797761
bt 0.575514 -0.555763 0.599925
t 0.220717 -0.280087 -0.934257
bt 0.997293 -0.0508893 0.0530739
t 0.230326 -0.256256 -0.938767
bt 0.83278 0.542532 0.110165
t 0.0785834 0.0148817 -0.996796
bt 0.917534 0.396299 -0.0328453
t 0.081882 -0.0460459 -0.995578
bt 0.994805 -0.101184 -0.0111629
t -0.161785 0.220095 -0.961969
bt 0.993038 0.0124762 -0.117131
t -0.166742 0.256961 -0.951929
bt 0.862606 0.499307 -0.0812648
t 0.228343 -0.361464 -0.903993
bt 0.823704 -0.56691 -0.0111856
t 0.0823911 -0.175834 -0.980966
bt 0.824862 -0.5652 -0.0123331
t -0.178889 0.180791 -0.967116
bt 0.851574 -0.523178 -0.0332577
t -0.9855 0.00677192 0.169539
bt -0.0434078 -0.391169 -0.919295
t -0.988632 -0.0255549 0.148171
bt 0.0378529 -0.173586 -0.984091
t -0.910428 0.410992 -0.0469783
bt 0.0150521 -0.166613 -0.985907
t -0.889392 0.454553 -0.0486149
bt -0.0614163 -0.350669 -0.934483
t -0.597711 0.752123 -0.277584
bt -0.144745 -0.315946 -0.937671
t -0.516541 0.785913 -0.33989
bt 0.0490241 0.0257639 -0.998465
t -0.905506 0.424277 -0.00695662
bt -0.18322 -0.590236 -0.786163
t -0.946535 -0.226763 0.229455
bt -0.190859 -0.683585 -0.704475
t -0.459947 0.851171 -0.252897
bt -0.223689 -0.730318 -0.645445
t -0.327122 -0.182424 -0.927207
bt 0.944288 0.211629 -0.252058
t -0.306733 -0.195979 -0.931401
bt 0.882371 0.437112 -0.174225
t -0.352663 0.308508 -0.883432
bt 0.874738 0.44384 -0.194524
t -0.368738 0.336988 -0.866297
bt 0.927784 0.252426 -0.274769
t -0.240686 0.750203 -0.615846
bt 0.898433 0.275228 -0.342151
t -0.196564 0.816201 -0.543303
bt 0.785769 0.598606 -0.155686
t -0.383082 0.274496 -0.881986
bt 0.924322 -0.0426706 -0.37922
t -0.267412 -0.406516 -0.873634
bt 0.907515 -0.181366 -0.378845
t -0.289951 0.832398 -0.472273
bt 0.876467 -0.26379 -0.402767
t -0.359893 0.0491432 -0.931698
bt 0.955131 -0.0591657 -0.290215
t -0.324231 0.0453977 -0.944888
bt 0.919554 -0.276019 -0.279702
t -0.321196 0.173728 -0.930941
bt 0.888146 0.340251 -0.308912
t -0.340039 0.206346 -0.917494
bt 0.790423 0.571522 -0.22044
t -0.286768 0.0408259 -0.95713
bt 0.849928 0.50011 -0.16587
t -0.323011 0.056029 -0.944735
bt 0.965628 -0.0829419 -0.24634
t -0.339922 -0.0471571 -0.939271
bt 0.737809 -0.613301 -0.281956
t -0.32314 0.136703 -0.936426
bt 0.772425 -0.581661 -0.255012
t -0.38645 -0.0744042 -0.919304
bt 0.802552 -0.540298 -0.252958
t -0.616308 0.267936 -0.740523
bt 0.646442 0.68417 -0.337675
t -0.619321 0.278587 -0.734051
bt 0.787749 0.195404 -0.584182
t -0.607796 0.261466 -0.749813
bt 0.780909 0.158071 -0.604314
t -0.604281 0.248388 -0.757065
bt 0.650615 0.677192 -0.343672
t -0.627594 0.311914 -0.713327
bt 0.672858 0.66997 -0.313691
t -0.609277 0.319055 -0.725938
bt 0.757178 0.144304 -0.63707
t -0.607174 0.277089 -0.744689
bt 0.670569 0.674266 -0.309358
t -0.608718 0.286828 -0.739724
bt 0.648524 -0.401805 -0.646506
t -0.614838 0.27943 -0.737492
bt 0.658988 -0.403623 -0.634683
t -0.632109 0.336032 -0.698227
bt 0.640891 -0.439253 -0.629536
t -0.844504 0.103524 0.525448
bt -0.59299 -0.0738895 -0.801813
t -0.886829 0.318666 0.334643
bt -0.249356 0.120099 -0.960936
t -0.828337 0.214221 0.517655
bt -0.526363 0.531018 -0.664049
t -0.860595 0.0418594 0.507567
bt -0.570199 -0.00448216 -0.821494
t -0.893912 0.154046 0.420941
bt -0.656935 0.0784514 -0.749855
t -0.78082 0.514433 0.354512
bt -0.451285 0.733622 -0.508076
t -0.855103 0.0653959 0.514317
bt -0.443692 -0.523207 -0.727593
t -0.83609 0.0323592 0.547637
bt -0.383605 -0.533688 -0.753674
t -0.890715 0.0362742 0.453114
bt -0.449464 -0.540705 -0.71107
t -0.985309 -0.169165 0.0234415
bt 0.0707595 0.114311 -0.990922
t -0.98278 -0.184773 0.00179869
bt 0.127174 0.348022 -0.928821
t -0.94684 0.321128 0.0192733
bt 0.105146 0.354484 -0.929132
t -0.934897 0.352918 0.0376303
bt 0.0446212 0.156498 -0.98667
t -0.652546 0.757141 -0.0303603
bt -0.0311337 0.18183 -0.982837
t -0.569362 0.820235 -0.0551588
bt 0.115024 0.521179 -0.84566
t -0.954655 0.292909 0.0532761
bt -0.0587009 -0.140468 -0.988343
t -0.917677 -0.397328 -1.81187e-07
bt -0.064697 -0.276099 -0.958949
t -0.531454 0.845342 0.0543458
bt -0.0979385 -0.354801 -0.929798
t -0.0503935 0.253196 -0.966102
bt 0.38419 0.915553 0.118997
t -0.283458 -0.0448446 -0.957936
bt 0.251804 0.959038 0.129776
t -0.130197 0.232955 -0.963733
bt 0.609207 0.79201 -0.0398348
t 0.0977364 0.195921 -0.975737
bt 0.791564 0.60844 -0.0568101
t -0.248583 0.1157 -0.961676
bt 0.251041 0.95966 0.126618
t -0.256131 0.157097 -0.953791
bt 0.0894553 0.898082 -0.430634
t -0.269652 0.111358 -0.956497
bt 0.602946 0.797697 -0.0116523
t 0.303517 0.179077 -0.935847
bt 0.889993 0.34023 -0.303571
t 0.394092 -0.128269 -0.910076
bt 0.943317 0.113696 -0.31181
t -0.185381 0.118964 -0.975439
bt 0.860352 0.441023 -0.255527
t -0.150183 0.021384 -0.988427
bt 0.901597 0.341521 -0.265494
t -0.00429219 -0.232064 -0.972691
bt 0.992708 -0.120364 -0.00657422
t -0.0360524 -0.323742 -0.945458
bt 0.920815 0.38844 -0.0348571
t -0.0305491 0.0113445 -0.999469
bt 0.945621 0.319458 -0.0612191
t -0.037106 0.00634218 -0.999291
bt 0.988727 -0.147532 -0.0255622
t -0.0676438 0.220532 -0.973031
bt 0.98795 -0.110716 -0.108152
t -0.0438069 0.3272 -0.943939
bt 0.922961 0.377304 -0.0760554
t 0.0856972 -0.0898049 -0.992266
bt 0.847098 -0.531 0.0215397
t -0.0395109 -0.140257 -0.989327
bt 0.852117 -0.522883 0.0221308
t -0.133691 0.0480346 -0.989858
bt 0.847004 -0.531575 0.00362223
t -0.10067 0.100137 -0.989868
bt 0.885858 -0.463955 0.0012154
t -0.9276 -0.278175 0.249355
bt -0.337722 0.292616 -0.894606
t -0.895626 -0.375793 0.237979
bt -0.298446 0.714732 -0.632526
t -0.929164 -0.0697431 0.36303
bt -0.335346 0.664699 -0.667621
t -0.926273 -0.0753908 0.369236
bt -0.355918 0.257608 -0.89831
t -0.884358 0.109869 0.453696
bt -0.424752 0.290647 -0.857386
t -0.858081 0.223451 0.46235
bt -0.337378 0.703741 -0.62524
t -0.944777 -0.10025 0.312005
bt -0.307604 -0.139221 -0.941274
t -0.924923 -0.211244 0.316061
bt -0.302307 -0.127641 -0.944626
t -0.89302 -0.0151008 0.449763
bt -0.328364 -0.0580675 -0.942765
t -0.985412 -0.168563 0.0234466
bt 0.0707978 0.114263 -0.990925
t -0.982879 -0.184242 0.00179285
bt 0.127315 0.347946 -0.92883
t -0.946693 0.321563 0.0192386
bt 0.105303 0.354424 -0.929137
t -0.934705 0.353427 0.0376311
bt 0.0446854 0.156483 -0.986669
t -0.652229 0.757414 -0.0303608
bt -0.03106 0.181834 -0.982839
t -0.569022 0.820468 -0.0551875
bt 0.115257 0.521117 -0.845667
t -0.954505 0.293395 0.053279
bt -0.0587813 -0.140435 -0.988343
t -0.917896 -0.396821 -4.5165e-06
bt -0.0648176 -0.276055 -0.958954
t -0.531016 0.845618 0.0543402
bt -0.0981129 -0.354749 -0.929799
t 0.0736255 -0.215073 -0.973819
bt 0.956834 0.290569 -0.00614752
t 0.0737776 -0.31571 -0.945983
bt 0.696469 0.716807 -0.033441
t -0.0334503 -0.00358502 -0.999434
bt 0.741642 0.668203 -0.058915
t -0.0392918 -0.0106923 -0.999171
bt 0.965899 0.25781 -0.0239368
t -0.132906 0.174767 -0.975599
bt 0.949254 0.297426 -0.102245
t -0.149391 0.285975 -0.94652
bt 0.702322 0.708103 -0.0730356
t 0.0205982 -0.034479 -0.999193
bt 0.989714 -0.142152 0.0160824
t 0.00977972 -0.14668 -0.989136
bt 0.991124 -0.130983 0.0227511
t -0.126678 0.0507063 -0.990647
bt 0.998203 -0.0599084 0.0012461
t 0.422492 0.103497 -0.900438
bt 0.933856 -0.0739034 0.349931
t 0.561868 0.318591 -0.763416
bt 0.732173 0.120119 0.670443
t 0.413226 0.214144 -0.885091
bt 0.803007 0.530985 0.27062
t 0.445722 0.0419145 -0.89419
bt 0.925454 -0.00448695 0.378835
t 0.520818 0.15405 -0.839653
bt 0.959228 0.0784327 0.271534
t 0.462109 0.514428 -0.72237
bt 0.655112 0.733621 0.180634
t 0.437476 0.0654527 -0.896845
bt 0.768197 -0.523235 0.368915
t 0.403368 0.0323557 -0.914466
bt 0.732019 -0.533683 0.423474
t 0.500614 0.0362495 -0.864911
bt 0.764072 -0.540694 0.351914
t -0.0736662 0.0383032 -0.996547
bt 0.9975 -0.0641108 0.0297268
t -0.00547222 0.0429112 -0.999064
bt 0.968598 -0.24749 -0.0237848
t -0.137746 -0.542505 -0.828682
bt 0.962532 -0.267111 0.0467403
t -0.159559 -0.57093 -0.805345
bt 0.999 0.000519652 0.0447067
t 0.193887 0.717929 -0.66857
bt 0.973636 0.221073 0.0562148
t 0.139872 0.556382 -0.81907
bt 0.972651 -0.231249 -0.0217846
t 0.090406 -0.129752 -0.987416
bt 0.884118 -0.466462 -0.0273395
t -0.177416 -0.745596 -0.642348
bt 0.738429 -0.674331 0.000747516
t 0.146247 0.65948 -0.737359
bt 0.794308 -0.603324 -0.0712455
t -0.917257 0.197682 -0.345776
bt 0.402259 0.0212143 -0.91528
t -0.865568 0.421896 -0.269805
bt 0.481649 0.0710725 -0.873477
t -0.808049 0.535694 -0.24513
bt 0.451208 0.231316 -0.861919
t -0.800968 0.545485 -0.246772
bt 0.355282 0.0831149 -0.931057
t -0.621392 0.750956 -0.223467
bt 0.305671 0.125505 -0.943829
t -0.691072 0.652762 -0.310358
bt 0.304337 0.157973 -0.939374
t -0.831012 0.458626 -0.314772
bt 0.155201 -0.106173 -0.982161
t -0.942084 0.158376 -0.295627
bt 0.0928879 -0.137939 -0.986075
t -0.742389 0.648226 -0.169299
bt 0.311007 0.0636849 -0.948272
t -0.993532 0.110346 0.0267883
bt 0.105957 0.601086 -0.792129
t -0.994008 0.0998356 0.0445055
bt 0.0195801 0.395227 -0.918375
t -0.952392 -0.285537 -0.106852
bt 0.0576334 0.344498 -0.937016
t -0.996578 -0.0641696 -0.0521088
bt 0.0840142 0.461339 -0.883237
t -0.923092 0.366607 0.116193
bt 0.0123158 0.603699 -0.797117
t -0.910741 0.38065 0.160173
bt 0.0101528 0.435496 -0.900134
t -0.999586 -0.0275185 0.00838154
bt -0.0180905 0.104044 -0.994408
t -0.896912 -0.428053 -0.110996
bt 0.0349174 0.000437902 -0.99939
t -0.966751 0.240305 0.0874435
bt -0.0140664 0.314418 -0.94918
t 0.0323868 -0.488385 -0.872027
bt 0.989606 -0.12549 0.0702233
t -0.00128741 -0.565493 -0.824752
bt 0.929675 0.359996 -0.078146
t 0.0122248 -0.265538 -0.964023
bt 0.954504 0.284899 -0.0880559
t 0.00508518 -0.267311 -0.963597
bt 0.986132 -0.156169 0.056163
t -0.0231135 -0.0594416 -0.997964
bt 0.989717 -0.141369 -0.0217793
t 0.00127518 0.052125 -0.99864
bt 0.934103 0.337762 -0.115626
t 0.0509791 -0.32097 -0.945716
bt 0.838211 -0.517719 0.171375
t -2.10412e-05 -0.407401 -0.91325
bt 0.843455 -0.507522 0.176083
t -0.057082 -0.180311 -0.981952
bt 0.878196 -0.456067 0.144135
t 0.239921 -0.00768016 0.970762
bt 0.958352 -0.171961 -0.228014
t 0.221136 -0.0264348 0.974885
bt 0.94676 -0.195409 -0.255854
t 0.23275 -0.0144967 0.972429
bt 0.776235 -0.591257 -0.218803
t 0.245992 0.00158581 0.96927
bt 0.784601 -0.584774 -0.20601
t 0.228347 -0.0368104 0.972884
bt 0.962076 -0.134507 -0.237314
t 0.206074 -0.046553 0.977428
bt 0.772323 -0.585379 -0.246676
t 0.227179 -0.0205526 0.973636
bt 0.937669 0.262874 -0.227321
t 0.215441 -0.0412907 0.975644
bt 0.948501 0.254949 -0.188006
t 0.236525 -0.0270217 0.97125
bt 0.934397 0.275022 -0.226418
t 0.0736315 -0.215071 -0.973819
bt 0.956834 0.290569 -0.00614976
t 0.0737821 -0.315705 -0.945984
bt 0.696469 0.716808 -0.0334398
t -0.0334459 -0.0035811 -0.999434
bt 0.741642 0.668203 -0.0589141
t -0.0392887 -0.0106915 -0.999171
bt 0.965899 0.25781 -0.0239411
t -0.132898 0.174769 -0.975599
bt 0.949254 0.297426 -0.102245
t -0.149406 0.285998 -0.946511
bt 0.702275 0.708152 -0.0730136
t 0.0206064 -0.0344801 -0.999193
bt 0.989714 -0.142153 0.0160746
t 0.00975939 -0.146677 -0.989136
bt 0.991124 -0.130983 0.0227511
t -0.126664 0.0507056 -0.990649
bt 0.998203 -0.0599084 0.0012461
t 0.797058 -0.242353 0.55314
bt -0.571995 -0.328275 0.751703
t 0.803203 -0.324393 0.499634
bt -0.567754 0.179821 0.803318
t 0.809641 0.00235138 0.58692
bt -0.55321 0.104786 0.826425
t 0.814159 -0.00145332 0.58064
bt -0.552272 -0.350288 0.756501
t 0.792085 0.217581 0.570315
bt -0.490107 -0.319731 0.810905
t 0.744847 0.315809 0.587765
bt -0.534595 0.167518 0.82834
t 0.789301 -0.0627278 0.610794
bt -0.458078 -0.691029 0.559145
t 0.822432 -0.144413 0.550228
bt -0.466721 -0.684586 0.559923
t 0.83643 0.104726 0.537975
bt -0.476213 -0.636254 0.606961
t 0.0736225 -0.215074 -0.973819
bt 0.956835 0.290568 -0.00615215
t 0.0737823 -0.315705 -0.945984
bt 0.69647 0.716807 -0.0334447
t -0.0334529 -0.00358734 -0.999434
bt 0.741642 0.668203 -0.0589152
t -0.039289 -0.0106916 -0.999171
bt 0.965899 0.25781 -0.0239407
t -0.132904 0.174767 -0.975599
bt 0.949254 0.297427 -0.102249
t -0.149408 0.285996 -0.946511
bt 0.702274 0.708153 -0.0730188
t 0.0206028 -0.0344796 -0.999193
bt 0.989714 -0.142153 0.0160758
t 0.00976622 -0.146678 -0.989136
bt 0.991123 -0.130982 0.0227545
t -0.126664 0.0507056 -0.990649
bt 0.998203 -0.0599084 0.00124608
t -0.0104164 0.0221411 -0.999701
bt 0.832048 0.554542 0.0134114
t -0.0185981 0.0333192 -0.999272
bt 0.999951 0.00939467 0.00325624
t -0.00329402 0.0105035 -0.999939
bt 0.999547 -0.0299775 -0.00249776
t 0.00163876 -0.00394517 -0.999991
bt 0.837668 0.546179 -1.21666e-07
t -0.0327844 0.0718133 -0.996879
bt 0.835567 0.548013 0.0388443
t -0.00961359 0.0747463 -0.997156
bt 0.997443 -0.0603034 -0.0383523
t -0.00561659 0.0386459 -0.999237
bt 0.811883 -0.583626 -0.015048
t -0.0134302 0.032337 -0.999387
bt 0.813416 -0.581683 -3.80247e-07
t -0.041435 0.100177 -0.994106
bt 0.79016 -0.6129 -6.26059e-07
t -0.740636 0.385254 0.550489
bt -0.487444 0.0629422 -0.870883
t -0.757305 0.37296 0.536087
bt -0.323753 0.235978 -0.916241
t -0.527015 0.753549 0.392961
bt -0.339185 0.251794 -0.906396
t -0.49658 0.774338 0.392185
bt -0.481862 0.113276 -0.868894
t -0.202137 0.973314 0.108628
bt -0.523702 0.170932 -0.834577
t -0.14287 0.989094 0.0358063
bt -0.223878 0.397203 -0.890005
t -0.529376 0.728298 0.435135
bt -0.661894 -0.0872428 -0.744504
t -0.806992 0.158162 0.568989
bt -0.698811 -0.206384 -0.684886
t -0.0477967 0.994047 0.0979091
bt -0.735761 -0.257909 -0.62621
t -0.211252 -0.0687543 0.97501
bt -0.848195 0.525626 -0.0654436
t 0.0883424 -0.0940301 0.991642
bt -0.762647 0.646244 -0.027166
t -0.158233 -0.01722 0.987252
bt -0.98394 0.178486 -0.00216062
t -0.297808 -0.224586 0.927832
bt -0.990988 -0.108524 -0.0785183
t -0.0238852 0.0261523 0.999373
bt -0.670119 0.542873 0.506191
t 0.0145086 -0.00375067 0.999888
bt -0.978624 0.204778 -0.0189974
t -0.313005 -0.344578 0.885039
bt -0.861212 -0.503241 0.0711519
t -0.256 -0.685159 0.681925
bt -0.705914 -0.707268 0.0381808
t -0.0505921 -0.0713133 0.99617
bt -0.920232 -0.385367 0.0683069
t 0.98661 -0.154023 0.0536443
bt -0.0259333 0.332836 0.942628
t 0.946245 -0.318623 0.0556754
bt 0.0550573 0.0357437 0.997843
t 0.885584 -0.46375 -0.0259987
bt -0.0768335 -0.0807226 0.993771
t 1 0 0
bt -0.123653 -0.117487 0.985346
t 0.999786 -0.0179528 0.0103067
bt 0.0636286 0.495732 0.866141
t 0.988434 -0.0602437 -0.139174
bt -0.00206148 0.250099 0.968218
t 0.812736 -0.582231 0.0216179
bt -0.105133 -0.424887 0.899121
t 0.698695 -0.71542 -8.60734e-06
bt -0.195834 -0.408404 0.891547
t 0.975478 -0.212385 0.0577534
bt 0.089428 -0.297503 0.950523
t 0.908871 0.131341 -0.395856
bt 0.0763628 0.077161 0.99409
t 0.98723 0.142363 -0.0714779
bt 0.214449 -0.0649534 0.974573
t 0.929693 0.140419 -0.34052
bt 0.200659 -0.187193 0.96161
t 0.865007 0.163083 -0.474517
bt 0.0777688 -0.00434963 0.996962
t 0.961721 0.191492 -0.196022
bt 0.679323 0.203986 0.704919
t 0.95361 0.186366 -0.236424
bt 0.169605 -0.0750002 0.982654
t 0.993839 0.0702381 -0.0857336
bt 0.393798 -0.325434 0.85966
t 0.984697 -0.145591 -0.0957876
bt 0.406843 -0.493463 0.768748
t 0.967118 0.16015 -0.197574
bt 0.362572 -0.273948 0.890783
t -0.0734153 0.0492793 0.996083
bt -0.702152 0.698482 -0.138223
t -0.085316 0.0716653 0.993773
bt -0.822317 0.55017 -0.145284
t 0.00152738 0.166417 0.986054
bt -0.383362 0.920351 -0.077383
t 0.0321056 0.161257 0.98639
bt -0.178372 0.97914 -0.0973092
t -0.122437 0.096172 0.987806
bt -0.233457 0.957665 -0.168452
t -0.0862529 0.0803762 0.993026
bt -0.696362 0.695206 -0.178237
t -0.139403 -0.00684713 0.990212
bt -0.97044 0.221842 -0.0950409
t -0.0296921 0.132976 0.990674
bt -0.955844 0.262129 -0.132853
t -0.138579 -0.0594844 0.988563
bt -0.939058 0.31239 -0.143465
t -0.930191 -0.367051 -0.0043112
bt -0.0410078 0.365136 -0.930051
t -0.937605 -0.347354 0.015543
bt -0.0142287 0.105564 -0.994311
t -0.705262 -0.70856 -0.0234197
bt 0.0398569 0.0571822 -0.997568
t -0.843867 -0.535548 -0.0328257
bt 0.0123337 0.196294 -0.980467
t -0.996745 -0.0781695 0.0197384
bt -0.12043 0.320779 -0.939467
t -0.996877 -0.0471901 0.0633252
bt -0.0392769 0.127804 -0.991021
t -0.875585 -0.482929 0.0114481
bt 0.0618072 -0.211952 -0.975323
t -0.598103 -0.801419 0.000802938
bt 0.154954 -0.278756 -0.947779
t -0.974976 -0.221055 0.0236079
bt -0.0128236 -0.00690746 -0.999894
t 0.612967 -0.712694 0.341086
bt 0.226632 -0.30507 -0.92497
t 0.792189 -0.469101 0.39036
bt 0.168372 -0.346863 -0.922679
t 0.767282 -0.53817 0.348785
bt 0.463963 0.0308642 -0.885316
t 0.615231 -0.715094 0.331861
bt 0.492515 0.050918 -0.868813
t 0.455436 -0.831802 0.317308
bt 0.507694 -0.00804374 -0.8615
t 0.402456 -0.882897 0.241912
bt 0.202788 -0.368969 -0.90705
t 0.706116 -0.600968 0.374483
bt 0.62724 0.396018 -0.670627
t 0.626238 -0.713837 0.31347
bt 0.631739 0.389435 -0.670258
t 0.534336 -0.767942 0.3532
bt 0.612592 0.317231 -0.723945
t 0.80009 0.0953743 -0.59225
bt 0.533229 0.443919 0.720141
t 0.813426 -0.0100279 -0.581582
bt 0.265664 0.809494 0.523585
t 0.681761 0.281537 -0.675233
bt 0.32322 0.778453 0.53809
t 0.685078 0.267397 -0.677619
bt 0.556525 0.425358 0.713688
t 0.553215 0.419852 -0.719499
bt 0.584234 0.490114 0.646884
t 0.490667 0.510045 -0.70647
bt 0.298698 0.812186 0.501132
t 0.72568 0.260136 -0.63696
bt 0.655486 0.0472923 0.753725
t 0.748899 0.151237 -0.645196
bt 0.648242 0.0566679 0.759323
t 0.603953 0.310454 -0.734071
bt 0.646824 0.131607 0.751198
t 0.22187 -0.12931 -0.966464
bt 0.997372 -0.0579084 0.0435423
t 0.231629 -0.105065 -0.967114
bt 0.834959 0.520901 0.177499
t 0.0791791 0.172521 -0.981818
bt 0.917455 0.39746 0.0173488
t 0.0828931 0.109621 -0.990511
bt 0.994757 -0.0987321 -0.026639
t -0.160166 0.367435 -0.916154
bt 0.992317 0.0325931 -0.119354
t -0.164997 0.401428 -0.900906
bt 0.861908 0.506748 -0.0179006
t 0.230448 -0.216193 -0.948764
bt 0.824412 -0.55996 -0.0823951
t 0.0856334 -0.0191786 -0.996142
bt 0.825584 -0.558117 -0.0831587
t -0.176831 0.329945 -0.92729
bt 0.852708 -0.512703 -0.100122
t -0.963756 -0.262975 -0.0449243
bt 0.0966557 0.043055 -0.994386
t -0.997251 -0.0740269 0.00310475
bt -0.0544231 0.141134 -0.988494
t -0.997983 0.0596234 0.0217927
bt 0.0718038 0.26347 -0.961992
t -0.995146 0.0979823 0.00914025
bt 0.0209228 0.0815172 -0.996452
t -0.941647 0.335289 0.0296932
bt -0.0414503 0.103561 -0.993759
t -0.980242 0.197258 -0.0146446
bt -0.0515423 0.135529 -0.989432
t -0.999469 -0.00338802 -0.0324066
bt -0.0993581 -0.178472 -0.978916
t -0.940659 -0.338739 -0.0204244
bt 0.11983 -0.217801 -0.968609
t -0.978598 0.189287 0.0807241
bt -0.0135904 0.0604808 -0.998077
t -0.201625 -0.526686 -0.825802
bt 0.827828 -0.531346 0.179922
t -0.16357 -0.552798 -0.817104
bt 0.676237 -0.678389 0.287214
t -0.137011 -0.457822 -0.878423
bt 0.959936 -0.279188 -0.0240088
t -0.120222 -0.424131 -0.897585
bt 0.988669 -0.0383931 -0.145123
t -0.141536 -0.572393 -0.807672
bt 0.996072 -0.07424 -0.0482621
t -0.159642 -0.545178 -0.82298
bt 0.826696 -0.514264 0.228268
t -0.208284 -0.599673 -0.772664
bt 0.398959 -0.842198 0.362676
t -0.129261 -0.491314 -0.861337
bt 0.438672 -0.814095 0.380547
t -0.264783 -0.596087 -0.758004
bt 0.480429 -0.793079 0.374452
t 0.982073 -0.178335 -0.0610714
bt 0.122929 0.618027 0.776486
t 0.982116 -0.171533 -0.0776219
bt 0.0909628 0.311967 0.945728
t 0.98166 -0.1822 -0.0560974
bt 0.0904737 0.296691 0.950678
t 0.98065 -0.189199 -0.0502891
bt 0.135933 0.611261 0.779668
t 0.984219 -0.156531 -0.0825307
bt 0.095488 0.619004 0.779561
t 0.984953 -0.162431 -0.0590221
bt 0.0875355 0.259664 0.961724
t 0.984405 -0.159065 -0.075134
bt 0.0559338 -0.0486516 0.997248
t 0.982503 -0.174271 -0.0657127
bt 0.0382943 -0.0527893 0.997871
t 0.981404 -0.166287 -0.0958863
bt 0.0850648 -0.0760586 0.993468
t -0.0507077 -0.0407631 -0.997881
bt 0.996187 0.0770945 -0.0408303
t -0.052876 -0.0269279 -0.998238
bt 0.888362 -0.458905 -0.0148234
t -0.0496675 -0.0551436 -0.997242
bt 0.868393 -0.495552 -0.0179113
t -0.0508114 -0.0698744 -0.996261
bt 0.996395 0.065367 -0.0540763
t -0.0501452 0.0156894 -0.998619
bt 0.997408 0.0705786 -0.0140164
t -0.0293639 0.00688897 -0.999545
bt 0.852703 -0.520093 -0.0489974
t -0.0402198 -0.0279119 -0.998801
bt 0.46717 -0.884133 0.00783436
t -0.0497977 -0.0298814 -0.998312
bt 0.470477 -0.882143 0.0218124
t -0.0478057 0.0451094 -0.997838
bt 0.439289 -0.898019 0.0242199
t -0.820007 -0.396989 0.412296
bt -0.388325 -0.224184 -0.893837
t -0.766826 -0.476561 0.429961
bt -0.475357 0.278031 -0.834706
t -0.880783 -0.161374 0.445174
bt -0.497751 0.201599 -0.843565
t -0.877093 -0.164465 0.451286
bt -0.400942 -0.250303 -0.881246
t -0.881986 0.0518192 0.468418
bt -0.474818 -0.229361 -0.849671
t -0.886852 0.159053 0.433815
bt -0.511618 0.259346 -0.819138
t -0.885421 -0.222933 0.407837
bt -0.24365 -0.605022 -0.758012
t -0.838182 -0.307745 0.450271
bt -0.241184 -0.596479 -0.765535
t -0.860228 -0.0675124 0.505421
bt -0.282959 -0.546397 -0.78828
t 0.972141 -0.171818 0.159439
bt -0.036669 0.524815 0.850426
t 0.945466 -0.271344 0.180184
bt -0.000567273 0.860899 0.508775
t 0.999927 0.00432158 0.0112709
bt 0.0223243 0.827238 0.561409
t 0.999968 -0.0052331 0.00596878
bt -0.0207216 0.494952 0.868673
t 0.981028 0.149765 -0.123103
bt 0.0541069 0.531168 0.845537
t 0.953057 0.253292 -0.165907
bt 0.0376448 0.854749 0.517675
t 0.997813 -0.0118576 0.0650349
bt -0.0602705 0.1302 0.989654
t 0.988859 -0.123346 0.0833242
bt -0.0669801 0.141233 0.987708
t 0.99533 0.0314172 -0.0912725
bt -0.0458834 0.211579 0.976283
t -0.360779 0.105709 0.926641
bt -0.807513 0.493847 -0.322548
t -0.382933 0.00123499 0.923775
bt -0.460136 0.837874 -0.293671
t -0.207596 0.282863 0.936425
bt -0.51736 0.810102 -0.275815
t -0.209869 0.268351 0.940183
bt -0.824402 0.476681 -0.305184
t -0.0691402 0.413285 0.907973
bt -0.808559 0.539709 -0.234406
t -0.0184883 0.50125 0.865105
bt -0.475966 0.840981 -0.257306
t -0.265249 0.26422 0.927271
bt -0.95024 0.108893 -0.291866
t -0.286886 0.156574 0.945083
bt -0.946495 0.118164 -0.300308
t -0.109529 0.30545 0.945888
bt -0.936527 0.192322 -0.293137
t 0.500965 -0.455951 -0.735624
bt 0.800957 0.0978967 0.590664
t 0.49579 -0.238255 -0.835121
bt 0.772456 0.184899 0.607555
t 0.502627 -0.105977 -0.857983
bt 0.803466 0.296197 0.516439
t 0.503003 -0.0608191 -0.862142
bt 0.847104 0.105839 0.520781
t 0.522972 0.212279 -0.825493
bt 0.881386 0.107873 0.459915
t 0.589272 0.0562654 -0.805973
bt 0.885853 0.135737 0.443666
t 0.544647 -0.187691 -0.817393
bt 0.877112 -0.175637 0.44702
t 0.445864 -0.491706 -0.747951
bt 0.879399 -0.244843 0.408301
t 0.45573 0.0476873 -0.88884
bt 0.868315 0.0606018 0.492297
t -0.985309 -0.169165 0.0234408
bt 0.070767 0.114312 -0.990921
t -0.982779 -0.184774 0.00179972
bt 0.127159 0.34802 -0.928823
t -0.94684 0.321128 0.0192747
bt 0.105152 0.354481 -0.929132
t -0.934897 0.352919 0.0376293
bt 0.0446269 0.156496 -0.98667
t -0.652546 0.757141 -0.0303557
bt -0.0311357 0.181833 -0.982836
t -0.569364 0.820234 -0.0551537
bt 0.115021 0.521183 -0.845659
t -0.954655 0.292909 0.0532793
bt -0.0587024 -0.140468 -0.988343
t -0.917677 -0.397328 -2.19435e-06
bt -0.0647009 -0.276101 -0.958948
t -0.531452 0.845343 0.0543531
bt -0.0979377 -0.354802 -0.929798
t -0.0611767 -0.168584 0.983787
bt -0.981197 0.114233 -0.155572
t -0.0825144 -0.18425 0.97941
bt -0.914482 0.347945 -0.206537
t -0.0620446 0.321583 0.944846
bt -0.916661 0.354454 -0.184648
t -0.0427001 0.353439 0.934483
bt -0.979203 0.156447 -0.12917
t -0.0862109 0.757404 0.64723
bt -0.981892 0.181785 -0.0533182
t -0.103807 0.820485 0.562164
bt -0.832682 0.521093 -0.187359
t -0.0288154 0.293441 0.955543
bt -0.989739 -0.140454 -0.0262392
t -0.0787419 -0.396857 0.914497
bt -0.960973 -0.276076 -0.0177041
t 0.0085829 0.845609 0.533733
bt -0.934787 -0.354753 0.0179689
t -0.859141 0.067132 0.507317
bt -0.506693 -0.1861 -0.841801
t -0.80423 0.230335 0.547868
bt -0.461663 -0.00708514 -0.887027
t -0.844243 0.0126461 0.535812
bt -0.480459 0.233809 -0.845277
t -0.85104 -0.0478727 0.522913
bt -0.478433 -0.0867787 -0.873825
t -0.865474 -0.0166824 0.500675
bt -0.409438 0.267452 -0.872256
t -0.856914 -0.00240479 0.515453
bt -0.439903 -0.11941 -0.890071
t -0.835936 -0.0616728 0.54535
bt -0.445672 -0.497901 -0.743956
t -0.857081 0.0476633 0.512971
bt -0.421423 -0.465943 -0.77801
t -0.831712 -0.090325 0.547811
bt -0.431959 -0.426842 -0.794492
t -0.85166 -0.0797624 0.517989
bt -0.449287 -0.498166 -0.741601
t 0.740958 -0.66594 -0.0866324
bt -0.162513 -0.301334 0.939568
t 0.968577 -0.241207 -0.0606513
bt -0.141894 -0.377242 0.91518
t 0.913526 -0.396436 -0.091156
bt 0.0892088 0.013511 0.995921
t 0.845574 -0.524619 -0.0988911
bt 0.0485323 -0.261115 0.964087
t 0.929526 -0.292723 -0.224266
bt 0.0997975 0.205982 0.973454
t 0.945166 -0.253798 -0.205545
bt 0.0451562 -0.0549168 0.997469
t 0.658524 -0.734384 -0.164399
bt -0.183202 -0.632472 0.752607
t 0.527869 -0.823671 -0.207171
bt -0.266416 -0.596276 0.757283
t 0.892267 -0.448914 -0.0483224
bt 0.0314849 -0.578095 0.815362
t 0.42918 -0.886338 0.173806
bt -0.593079 -0.106694 0.798043
t 0.742237 -0.59994 0.298591
bt -0.591556 -0.181544 0.785559
t 0.650788 -0.719897 0.241295
bt -0.290381 0.104534 0.951184
t 0.56022 -0.802714 0.204462
bt -0.40777 -0.147843 0.901036
t 0.749075 -0.648333 0.136201
bt -0.208018 0.271913 0.93957
t 0.770095 -0.617533 0.160023
bt -0.355234 0.0539105 0.933222
t 0.3661 -0.927656 0.0736563
bt -0.658663 -0.429162 0.618047
t 0.246296 -0.969072 -0.0154019
bt -0.722159 -0.361189 0.58994
t 0.613303 -0.742266 0.270003
bt -0.464274 -0.45378 0.760613
t 0.429184 -0.886338 0.173801
bt -0.59308 -0.106693 0.798043
t 0.742231 -0.599943 0.298601
bt -0.59156 -0.181541 0.785557
t 0.65079 -0.719897 0.241288
bt -0.290379 0.104531 0.951185
t 0.56022 -0.802714 0.204461
bt -0.407769 -0.147845 0.901036
t 0.749074 -0.648332 0.136212
bt -0.208018 0.271913 0.93957
t 0.770092 -0.617533 0.160035
bt -0.35523 0.0539074 0.933223
t 0.366098 -0.927657 0.0736578
bt -0.658667 -0.429156 0.618048
t 0.246299 -0.969072 -0.0154041
bt -0.722164 -0.361176 0.589941
t 0.613293 -0.74227 0.270014
bt -0.464273 -0.453782 0.760614
t 0.740958 -0.665939 -0.086637
bt -0.16251 -0.301337 0.939567
t 0.968577 -0.241206 -0.060653
bt -0.141902 -0.377239 0.91518
t 0.913524 -0.396436 -0.0911709
bt 0.0892187 0.0135067 0.99592
t 0.845574 -0.524618 -0.0988944
bt 0.0485329 -0.261116 0.964087
t 0.92953 -0.292721 -0.22425
bt 0.0998123 0.205978 0.973453
t 0.945169 -0.2538 -0.205528
bt 0.0451553 -0.0549165 0.997469
t 0.658523 -0.734385 -0.164397
bt -0.183208 -0.632467 0.752609
t 0.527868 -0.823673 -0.207168
bt -0.266419 -0.596272 0.757285
t 0.892268 -0.448913 -0.0483235
bt 0.0314665 -0.578088 0.815367
t 0.783096 -0.556629 0.277353
bt -0.512163 -0.312999 0.799825
t 0.924473 -0.0933736 0.369637
bt -0.477813 -0.387073 0.788587
t 0.908996 -0.257058 0.328097
bt -0.343837 0.0334355 0.938434
t 0.8658 -0.399601 0.301181
bt -0.340242 -0.244085 0.908107
t 0.966373 -0.152175 0.207281
bt -0.346775 0.227203 0.910014
t 0.967213 -0.110542 0.228648
bt -0.37728 -0.0398946 0.92524
t 0.748982 -0.639112 0.174819
bt -0.418047 -0.646968 0.637706
t 0.657689 -0.748626 0.0836936
bt -0.497557 -0.622387 0.604212
t 0.876561 -0.315966 0.363052
bt -0.26336 -0.562875 0.783462
t -0.652432 0.0986292 -0.751402
bt 0.515983 0.81578 -0.261276
t -0.643795 0.111858 -0.756978
bt 0.695003 0.567005 -0.442127
t -0.506484 -0.0127035 -0.862156
bt 0.715956 0.581247 -0.386729
t -0.458819 -0.0550678 -0.886822
bt 0.454001 0.870758 -0.188849
t -0.765723 0.20132 -0.610851
bt 0.485254 0.841814 -0.236385
t -0.76879 0.129206 -0.626312
bt 0.661674 0.584015 -0.470228
t -0.648758 0.0782135 -0.756965
bt 0.803596 0.235803 -0.546471
t -0.568619 0.0254376 -0.822208
bt 0.803228 0.24317 -0.543777
t -0.719022 0.0943606 -0.688552
bt 0.785638 0.29214 -0.545369
t 0.0706236 -0.689766 -0.72058
bt 0.806599 0.554806 -0.203932
t 0.0908431 -0.691899 -0.716256
bt 0.654131 0.717788 -0.238522
t -0.124826 -0.316921 -0.940202
bt 0.650106 0.713476 -0.26137
t -0.167238 -0.298563 -0.939623
bt 0.790151 0.56383 -0.240329
t -0.267848 0.202668 -0.941904
bt 0.791077 0.530649 -0.304317
t -0.286837 0.318724 -0.903404
bt 0.517492 0.800661 -0.301899
t -0.160379 -0.326161 -0.93161
bt 0.933624 0.295068 -0.203179
t 0.171468 -0.800695 -0.57401
bt 0.97136 0.182544 -0.152107
t -0.404996 0.31269 -0.859188
bt 0.985808 0.0910096 -0.141064
t -0.660918 0.0333076 0.749718
bt -0.659823 0.0419603 -0.750248
t -0.684079 0.0268632 0.728913
bt -0.568688 0.137379 -0.811
t -0.640068 0.356448 0.680631
bt -0.602348 0.131416 -0.787341
t -0.624112 0.345641 0.700726
bt -0.653121 0.086903 -0.75225
t -0.521281 0.637755 0.56704
bt -0.571093 0.172135 -0.802634
t -0.553039 0.569814 0.607833
bt -0.674113 0.0637735 -0.73587
t -0.596649 0.355743 0.719345
bt -0.77447 -0.0825115 -0.627206
t -0.683927 -0.0703582 0.72615
bt -0.800615 -0.11122 -0.588767
t -0.373756 0.752084 0.542841
bt -0.82768 -0.144032 -0.542403
t -0.97202 -0.169114 0.163025
bt -0.0705494 0.114289 -0.990939
t -0.97258 -0.184775 0.141229
bt -0.00591684 0.34799 -0.93748
t -0.934536 0.321098 0.153425
bt -0.0277322 0.354515 -0.934639
t -0.920067 0.352995 0.169915
bt -0.095824 0.156501 -0.983018
t -0.650259 0.757133 0.0625486
bt -0.170293 0.181824 -0.968473
t -0.571443 0.820224 0.0261906
bt -0.00613248 0.521184 -0.853422
t -0.937428 0.29294 0.188189
bt -0.198345 -0.140452 -0.970017
t -0.908416 -0.397275 0.130201
bt -0.200115 -0.27608 -0.940071
t -0.518377 0.845333 0.129217
bt -0.228885 -0.354797 -0.906494
t -0.829487 0.421165 0.366839
bt -0.353649 -0.104112 -0.929566
t -0.827523 0.418325 0.374447
bt -0.47133 -0.289341 -0.833145
t -0.857645 0.0474315 0.512049
bt -0.444115 -0.367788 -0.817003
t -0.871481 0.254447 0.419259
bt -0.410007 -0.263357 -0.873234
t -0.724894 0.64588 0.239516
bt -0.444791 -0.0737646 -0.892592
t -0.686168 0.677776 0.264183
bt -0.486524 -0.269533 -0.831051
t -0.851279 0.311234 0.422443
bt -0.511093 -0.551367 -0.659377
t -0.81996 -0.0928695 0.564837
bt -0.46213 -0.637421 -0.616547
t -0.773177 0.552051 0.312148
bt -0.512066 -0.378269 -0.771168
t 0.187216 0.0802056 0.979039
bt -0.956472 0.0453474 0.28828
t -0.101652 0.138567 0.985122
bt -0.988863 -0.0194163 0.147558
t 0.346718 0.301246 0.888278
bt -0.875516 0.316392 0.365196
t 0.358502 0.367752 0.858041
bt -0.863041 0.372677 0.340986
t 0.010888 0.0631841 0.997943
bt -0.997931 0.0242875 0.0595363
t 0.0115062 0.0716936 0.99736
bt -0.998159 0.00474562 0.0604624
t 0.0737693 -0.0660923 0.995083
bt -0.989713 0.142847 -0.00795421
t 0.155073 -0.202241 -0.96698
bt 0.948684 -0.139321 0.283883
t 0.355566 -0.244078 -0.902219
bt 0.891231 -0.117979 0.437937
t 0.151435 0.0272269 -0.988092
bt 0.955769 -0.00649936 0.294047
t 0.150683 0.0661476 -0.986367
bt 0.955988 8.2902e-05 0.293405
t 0.141339 0.0569756 -0.98832
bt 0.946102 0.0658856 0.317096
t 0.157268 0.048276 -0.986375
bt 0.995565 0.0546469 0.0765813
t 0.138747 0.0159237 -0.9902
bt 0.825941 0.442458 0.34936
t 0.0486372 -0.0652977 -0.99668
bt 0.906141 0.405235 0.121219
t -0.17448 -0.284406 -0.942693
bt 0.942225 0.086829 0.323531
t -0.21346 -0.308624 -0.926923
bt 0.945382 -0.0768949 0.316765
t -0.861368 -0.0800856 -0.501628
bt 0.607972 0.180477 -0.773174
t -0.865748 -0.0767643 -0.494558
bt 0.634509 0.265043 -0.726052
t -0.800866 -0.279778 -0.52947
bt 0.598448 -0.000526955 -0.801161
t -0.796378 -0.298296 -0.52612
bt 0.606631 -0.0374528 -0.794101
t -0.449288 0.0958081 -0.888235
bt 0.744204 0.183619 -0.642219
t -0.399461 0.108346 -0.910325
bt 0.890522 0.199489 -0.408871
t -0.749357 0.019028 -0.661893
bt 0.636535 0.0425218 -0.770075
t -0.729303 0.00823863 -0.684141
bt 0.64184 0.0439527 -0.765578
t 0.323485 -0.361744 -0.874356
bt 0.801436 -0.179387 0.570544
t -0.0950764 -0.160289 -0.982481
bt 0.899195 -0.3232 -0.29494
t 0.510927 0.776189 -0.369436
bt 0.711746 -0.697045 0.086868
t 0.658704 0.385788 -0.645969
bt 0.845131 -0.502535 0.182242
t 0.564207 0.443769 -0.696232
bt 0.871284 -0.429724 0.237069
t 0.518058 0.787756 -0.333251
bt 0.712617 -0.695618 0.0910663
t -0.0713449 0.378599 -0.922807
bt 0.86909 0.397603 -0.294271
t 0.203733 0.467577 -0.860154
bt 0.911631 0.409502 -0.0351553
t 0.000854803 0.466811 -0.884356
bt 0.932662 0.280207 -0.227212
t 0.0109249 0.391683 -0.920035
bt 0.93086 0.294164 -0.21672
t 0.13833 0.365082 -0.920641
bt 0.99816 0.0549792 0.025557
t 0.1316 0.54051 -0.830981
bt 0.999456 -0.0244352 -0.0221717
t 0.157623 0.629342 -0.760976
bt 0.999421 -0.0242588 -0.0238351
t 0.658683 0.462308 -0.593639
bt 0.927597 0.137111 0.347512
t -0.220239 0.393275 0.892653
bt 0.931587 -0.0891734 0.352411
t -0.262595 0.46712 0.8443
bt 0.925045 -0.0694822 0.373449
t -0.275847 0.0556151 0.959591
bt 0.92806 -0.236771 0.28748
t -0.126387 0.015879 0.991854
bt 0.924316 -0.25036 0.288027
t 0.201341 -0.0312987 0.979021
bt 0.878898 0.0578768 -0.473485
t 0.901207 0.0198522 0.432934
bt 0.727745 0.0774633 -0.681459
t 0.199527 0.0374035 0.979178
bt 0.947948 -0.133002 -0.289317
t 0.192103 0.00824785 0.98134
bt 0.9156 -0.277262 -0.291207
t 0.934766 0.0264063 0.35428
bt 0.424327 0.0556104 -0.9038
t 0.935715 -0.0079117 0.352669
bt 0.415497 0.180343 -0.891537
t -0.178803 -0.280012 -0.943198
bt 0.910848 -0.230908 -0.342108
t -0.333276 0.0627413 -0.94074
bt 0.853428 -0.327605 -0.405384
t -0.192692 -0.163512 -0.96754
bt 0.904735 -0.298336 -0.304057
t -0.367187 -0.336215 -0.867256
bt 0.932769 -0.132301 -0.335318
t -0.550114 0.527553 -0.64735
bt 0.853658 -0.0883914 -0.513278
t -0.61328 0.175735 -0.770068
bt 0.87501 -0.147044 -0.461232
t -0.43848 0.281179 -0.853624
bt 0.744836 -0.428613 -0.511381
t -0.674769 0.533237 -0.51024
bt 0.83163 0.320616 -0.453427
t -0.536308 0.0647549 -0.841535
bt 0.703016 -0.523991 -0.480835

