g sponza_115
t 0 0 -1
bt -0.0973947 -0.995246 0
t 0 0 -1
bt -0.172904 -0.984937 0.00153642
t 0 0 -1
bt -0.164705 -0.986343 0
t 0 0 -1
bt -0.0973947 -0.995246 0
t 0 0 -1
bt -0.674573 -0.729935 -0.110209
t 0 0 -1
bt -0.678429 -0.734107 -0.0286503
t 0 0 -1
bt -0.674573 -0.729935 -0.110209
t 0 0 -1
bt -0.674573 -0.729935 -0.110209
t 0 0 -1
bt 0.564881 -0.825172 -0.00132209
t 0 0 -1
bt 0.564881 -0.825172 0
t 0 0 -1
bt 0.564881 -0.825172 -0.00132209
t 0 0 -1
bt 0.564881 -0.825172 -0.00132209
t 0 0 -1
bt -0.606826 -0.794834 0
t 0 0 -1
bt -0.606821 -0.794828 -0.00399892
t 0 0 -1
bt -0.606826 -0.794834 0
t 0 0 -1
bt -0.606826 -0.794834 0
t 0 0 -1
bt 0.606825 -0.794832 0.00234949
t 0 0 -1
bt 0.606826 -0.794834 0
t 0 0 -1
bt 0.606825 -0.794832 0.00234949
t 0 0 -1
bt 0.606825 -0.794832 0.00234949
t 0 0 -1
bt -0.313106 -0.949718 -7.95387e-05
t 0 0 -1
bt -0.365003 -0.931007 0.000135933
t 0 0 -1
bt -0.365003 -0.931007 0
t 0 0 -1
bt -0.298895 -0.954286 0
t -0.554872 0.330225 -0.76359
bt -0.0176544 -0.975451 0.219506
t -0.658482 -0.210913 -0.722438
bt -0.0660616 -0.949137 0.307854
t -0.595038 0.147221 -0.790098
bt -0.0550786 -0.947403 0.315269
t -0.554872 0.330225 -0.76359
bt -0.0176544 -0.975451 0.219506
t -0.61009 -0.250518 -0.751685
bt -0.00997655 -0.999743 -0.0203367
t -0.590843 -0.346281 -0.728693
bt -0.00212579 -0.999941 -0.0106898
t -0.610196 -0.250519 -0.751599
bt -0.0099789 -0.999743 -0.0203348
t -0.610301 -0.25052 -0.751513
bt -0.00998125 -0.999743 -0.0203328
t -0.830585 -0.299357 -0.469589
bt -0.107514 -0.529252 0.841625
t -0.631519 -0.000132445 -0.77536
bt -0.0314325 -0.493532 0.86916
t -0.830675 -0.299222 -0.469516
bt -0.107434 -0.529372 0.84156
t -0.830585 -0.299357 -0.469589
bt -0.107514 -0.529252 0.841625
t -0.865381 0.456499 -0.2067
bt 0.0260799 -0.483749 -0.874818
t -0.631544 9.6677e-05 -0.77534
bt 0.0254292 -0.483431 -0.875013
t -0.865327 0.456581 -0.206744
bt 0.0261223 -0.483684 -0.874853
t -0.86522 0.456745 -0.206831
bt 0.0262072 -0.483555 -0.874922
t -0.713372 -0.358615 -0.602076
bt -0.0391405 -0.816618 0.57585
t -0.72106 -0.247308 -0.647234
bt -0.0807499 -0.764801 0.639187
t -0.741346 -0.350086 -0.572579
bt -0.0635353 -0.755938 0.651553
t -0.708146 -0.315073 -0.631868
bt -0.0405697 -0.821604 0.568613
t 0 0 -1
bt 0 -1 0
t 0 0 -1
bt 0 -1 0.000342509
t 0 0 -1
bt 0 -1 0
t 0 0 -1
bt 0 -1 0
t 1 0 -0.000919713
bt 0 0 1
t 1 0 -0.000111091
bt 0.00159071 0 0.999999
t 1 0 -0.000919648
bt -0.00746461 0 0.999972
t 1 0 -0.000919648
bt -0.00746461 0 0.999972
t -0.819435 0.568004 -0.0767934
bt 0.0603923 -0.552769 -0.831143
t -0.836188 0.39544 -0.380022
bt 0.093381 -0.568929 -0.817068
t -0.819339 0.568133 -0.076872
bt 0.0604755 -0.552658 -0.831211
t -0.819435 0.568004 -0.0767934
bt 0.0603923 -0.552769 -0.831143
t -0.652035 -0.0196802 -0.757933
bt -0.498149 -0.567498 0.655586
t -0.631297 -4.36436e-05 -0.775541
bt -0.522439 -0.57093 0.633322
t -0.652191 -0.019397 -0.757806
bt -0.498158 -0.567483 0.655593
t -0.652128 -0.019512 -0.757858
bt -0.498165 -0.56747 0.655599
t -1 0 6.40478e-05
bt -0.00124274 0 -0.999999
t -0.999967 0 0.00816929
bt 0 0 -1
t -1 0 6.40478e-05
bt -0.00124274 0 -0.999999
t -1 0 6.40478e-05
bt -0.00124274 0 -0.999999
t 1 0 -0.000919517
bt -0.0223926 0 0.999749
t 1 1.27985e-06 -1.53011e-07
bt -0.00186402 -0.992869 0.119196
t 1 1.45241e-06 -1.7364e-07
bt 0 -0.992871 0.119196
t 1 2.12436e-06 -4.34625e-07
bt -0.00124691 -0.979693 0.200499
t 1 1.47005e-06 -3.13716e-07
bt -0.00118293 -0.978021 0.208503
t 1 0 0
bt 0.0208936 -0.660743 0.750322
t 1 0 0
bt 0.0809545 -0.658718 0.748022
t 1 0 0
bt 0.0208936 -0.660743 0.750322
t 1 0 0
bt 0.0208936 -0.660743 0.750322
t 1 0 0
bt 0.000967383 -0.765287 -0.643689
t 1 -6.04884e-06 -5.08731e-06
bt 0 -0.765287 -0.643689
t 1 0 0
bt 0.000967383 -0.765287 -0.643689
t 1 0 0
bt 0.000967383 -0.765287 -0.643689
t 1 0 0
bt 0.0030056 -0.72944 0.684038
t 1 2.91503e-06 -2.73389e-06
bt 0 -0.729394 0.684094
t 1 0 0
bt 0.0030056 -0.72939 0.684091
t 1 0 0
bt 0.0030056 -0.72944 0.684038
t 1 0 0
bt -0.00172954 -0.729393 -0.684093
t 1 0 0
bt 0 -0.729394 -0.684094
t 1 0 0
bt -0.00172954 -0.729393 -0.684093
t 1 0 0
bt -0.00172954 -0.729393 -0.684093
t 1 1.34205e-06 -5.3697e-07
bt 7.29484e-06 -0.92836 0.371683
t 1 0 0
bt 6.49085e-05 -0.933573 0.358388
t 1 2.28085e-06 -1.09891e-06
bt -8.63447e-05 -0.90091 0.434005
t 1 2.28085e-06 -1.09891e-06
bt -8.63447e-05 -0.90091 0.434005
t 0.636088 0.317649 0.703201
bt -0.173914 -0.984314 0.0296559
t 0.571697 -0.214868 0.79183
bt -0.270348 -0.96046 0.0665549
t 0.652907 0.141204 0.74416
bt -0.268046 -0.961232 0.0646921
t 0.636088 0.317649 0.703201
bt -0.173914 -0.984314 0.0296559
t 0.612034 -0.250755 0.750024
bt 0.0165682 -0.999787 0.0122803
t 0.593539 -0.346472 0.726408
bt 0.00865117 -0.999959 0.00255038
t 0.612034 -0.250755 0.750024
bt 0.0165682 -0.999787 0.0122803
t 0.611871 -0.250756 0.750157
bt 0.016565 -0.999787 0.0122829
t 0.302135 -0.291536 0.907591
bt -0.793414 -0.596294 0.122177
t 0.631145 4.23909e-06 0.775665
bt -0.810177 -0.581457 0.0743033
t 0.302196 -0.291628 0.907541
bt -0.793448 -0.596243 0.122205
t 0.302151 -0.291559 0.907578
bt -0.793454 -0.596234 0.12221
t 0.631346 0.000303512 0.775501
bt 0.826876 -0.561179 -0.0367958
t 0.0567073 0.440645 0.895889
bt 0.826815 -0.561266 -0.0368501
t 0.631276 0.000196022 0.775559
bt 0.826837 -0.561239 -0.0367636
t 0.631167 2.93026e-05 0.775647
bt 0.826827 -0.561254 -0.0367558
t 0.456605 -0.33774 0.82307
bt -0.493043 -0.86746 0.0664921
t 0.498609 -0.230551 0.835605
bt -0.561542 -0.821069 0.102547
t 0.428133 -0.327512 0.842281
bt -0.56962 -0.81708 0.0889592
t 0.485917 -0.295525 0.822526
bt -0.487244 -0.870702 0.0668704
t 1 0 0
bt 0 -1 0
t 1 0 0
bt -0.000235238 -1 0
t 1 0 0
bt 0 -1 0
t 1 0 0
bt 0 -1 0
t 7.23445e-05 0 -1
bt -0.999997 0 -0.00240318
t 0.000399092 0 -1
bt -0.999934 0 0.011452
t 0.000181308 0 -1
bt -0.999952 0 0.00984989
t 7.23445e-05 0 -1
bt -0.999997 0 -0.00240318
t 0.336346 0.293875 0.894712
bt 0.759765 -0.640033 -0.114519
t -0.018525 0.531266 0.847003
bt 0.766145 -0.63503 -0.0987863
t 0.33633 0.293854 0.894725
bt 0.759799 -0.639987 -0.114547
t 0.336346 0.293875 0.894712
bt 0.759765 -0.640033 -0.114519
t 0.60949 -0.0194719 0.792554
bt -0.515442 -0.569949 0.639904
t 0.631427 8.44442e-05 0.775436
bt -0.536408 -0.572588 0.620008
t 0.609553 -0.0195863 0.792503
bt -0.515436 -0.56996 0.6399
t 0.609616 -0.0197007 0.792452
bt -0.51543 -0.56997 0.639895
t -3.47175e-05 0 1
bt 0.999998 0 0.00191938
t -0.00457384 0 0.99999
bt 1 0 0
t -3.47175e-05 0 1
bt 0.999998 0 0.00191938
t -3.47175e-05 0 1
bt 0.999998 0 0.00191938
t 0.000399235 0 -1
bt -0.99941 0 0.0343516

