g sponza_308
t 0.872151 0.40786 0.27019
bt -0.202704 -0.978119 0.0468348
t 0.871889 0.40854 0.270009
bt -0.203129 -0.978039 0.0466684
t 0.874642 0.407855 0.262022
bt 0.00452069 -0.9936 -0.112866
t 0.874642 0.407855 0.262022
bt 0.00452069 -0.9936 -0.112866
t 0.863919 0.406417 0.297438
bt -0.565056 -0.824707 0.0238518
t 0.864112 0.405736 0.297806
bt -0.565033 -0.824723 0.0238701
t 0.843526 0.414857 0.341111
bt -0.677832 -0.734805 0.0246096
t 0.843553 0.414672 0.34127
bt -0.677964 -0.734689 0.0244216
t 0.798024 0.379899 0.467797
bt -0.736761 -0.67614 0.0042594
t 0.797985 0.379683 0.468038
bt -0.736543 -0.676374 0.00483927
t 0.848595 0.368825 0.379281
bt -0.707379 -0.706575 -0.0191485
t 0.848595 0.368825 0.379281
bt -0.707379 -0.706575 -0.0191485
t 0.637088 0.307291 0.706888
bt -0.757983 -0.652273 0.00153866
t 0.637198 0.307441 0.706724
bt -0.758079 -0.652162 0.000969947
t 0.326303 0.275636 0.904186
bt -0.763917 -0.645314 0.000147642
t 0.32749 0.276639 0.90345
bt -0.763917 -0.645314 0
t -0.559666 -0.208324 0.802107
bt -0.75834 -0.651859 0.000582015
t -0.559857 -0.208554 0.801913
bt -0.758324 -0.651878 0.000484738
t -0.32668 -0.275955 0.903952
bt -0.763917 -0.645314 0
t -0.32668 -0.275955 0.903952
bt -0.763917 -0.645314 0
t -0.790071 -0.342168 0.508635
bt -0.739241 -0.673437 0.00239942
t -0.790063 -0.342135 0.508669
bt -0.739285 -0.673388 0.00251968
t -0.848615 -0.368573 0.379483
bt -0.707587 -0.706358 0.0194701
t -0.848601 -0.368748 0.379342
bt -0.7075 -0.706449 0.0193358
t -0.865821 -0.399619 0.301098
bt -0.603342 -0.797452 0.00702058
t -0.865795 -0.399712 0.301048
bt -0.603131 -0.797613 0.00684603
t -0.843545 -0.414726 0.341224
bt -0.678009 -0.73465 -0.024358
t -0.843545 -0.414726 0.341224
bt -0.678009 -0.73465 -0.024358
t -0.872647 -0.40657 0.270533
bt -0.343237 -0.939199 0.00968708
t -0.872425 -0.407147 0.27038
bt -0.343361 -0.939153 0.00973845
t -0.874195 -0.408813 0.262021
bt 0.00526222 -0.993617 0.112686
t -0.874637 -0.40784 0.262061
bt 0.00308071 -0.993554 0.113321
t -0.872833 -0.406304 0.270333
bt 0.879601 -0.473403 0.0468278
t -0.87279 -0.406405 0.27032
bt 0.879794 -0.473063 0.0466232
t -0.874637 -0.40784 0.262061
bt 0.758252 -0.642114 -0.11289
t -0.874647 -0.407845 0.262022
bt 0.758243 -0.642114 -0.112952
t -0.866207 -0.401224 0.297834
bt 0.994978 -0.0972025 0.0238665
t -0.866319 -0.40106 0.29773
bt 0.994974 -0.0972404 0.0238916
t -0.849601 -0.390898 0.354086
bt 0.998111 0.0606172 0.0099672
t -0.859911 -0.379635 0.341218
bt 0.998591 0.0470899 0.0244579
t -0.804254 -0.367029 0.467402
bt 0.991492 0.130113 0.00383605
t -0.804958 -0.366625 0.466506
bt 0.991485 0.130166 0.00373917
t -0.827741 -0.413255 0.379559
bt 0.995941 0.0879096 -0.0193414
t -0.647407 -0.290394 0.704652
bt 0.986853 0.161615 0.0008671
t -0.647522 -0.290386 0.70455
bt 0.986858 0.161584 0.00098737
t -0.425686 -0.0736057 0.901873
bt 0.985376 0.170396 0.000149585
t -0.422432 -0.073043 0.903447
bt 0.985376 0.170396 0
t 0.521985 0.294794 0.800393
bt 0.986808 0.161895 0.000625506
t 0.521345 0.294798 0.800808
bt 0.986812 0.161868 0.000518766
t 0.424562 0.0734114 0.902418
bt 0.985376 0.170396 0
t 0.424562 0.0734114 0.902418
bt 0.985376 0.170396 0
t 0.771164 0.384683 0.507273
bt 0.991058 0.133412 0.00241069
t 0.771131 0.384699 0.50731
bt 0.991041 0.133534 0.00263344
t 0.839267 0.401711 0.366414
bt 0.99722 0.0743655 0.00479122
t 0.838932 0.402054 0.366805
bt 0.997233 0.0741938 0.00460665
t 0.862653 0.406415 0.301094
bt 0.998706 -0.0503818 0.00699112
t 0.862704 0.406341 0.301047
bt 0.998693 -0.0506502 0.00681463
t 0.872169 0.407503 0.270673
bt 0.940102 -0.340755 0.00969424
t 0.872083 0.407657 0.270716
bt 0.940168 -0.34057 0.00977065
t 0.87458 0.407989 0.262022
bt 0.757799 -0.642667 0.112779
t 0.874642 0.407855 0.262022
bt 0.759123 -0.641012 0.113295
t 0.631896 0.303854 0.713008
bt 0.126909 -0.990397 -0.0548511
t 0.852861 0.389811 0.347383
bt -0.186878 -0.982381 0.00204649
t 0.84072 0.380411 0.385327
bt -0.454168 -0.890368 0.0312389
t 0.59473 0.302218 0.744957
bt -0.0577178 -0.997856 -0.0308583
t 0.344746 0.162867 0.924459
bt 0.203949 -0.978961 0.00635727
t 0.379025 0.175237 0.908643
bt 0.305115 -0.952281 -0.00814868
t 0.389373 0.181531 0.903014
bt 0.418891 -0.907997 -0.0085442
t 0.645822 0.30113 0.701594
bt 0.416544 -0.909092 -0.00654845
t 0.528282 0.278846 0.801975
bt -0.207634 -0.977392 -0.0399015
t 0.810547 0.352256 0.467899
bt -0.611281 -0.791327 0.0117522
t 0.735773 0.334768 0.588701
bt -0.671156 -0.741144 0.016002
t 0.421133 0.258139 0.869489
bt -0.287789 -0.957524 -0.0180384
t 0.209253 0.105174 0.972189
bt 0.0458732 -0.998946 0.00139656
t 0.289536 0.131687 0.948065
bt 0.110473 -0.993874 -0.00313966
t 0.235433 0.123787 0.963975
bt -0.334365 -0.94239 -0.0100675
t 0.494835 0.196682 0.846437
bt -0.702978 -0.711176 0.00710449
t 0.0366297 0.0361162 0.998676
bt -0.71209 -0.702089 0
t 0.0129065 0.0346197 0.999317
bt -0.349304 -0.937009 0
t 6.6207e-05 0.00874549 0.999962
bt -0.00769977 -0.99997 0
t 0.110866 0.0430679 0.992902
bt 0.0051158 -0.999983 -0.0028414
t -0.251534 -0.176402 0.951637
bt -0.334272 -0.942428 0.0095309
t -0.532146 -0.247406 0.809698
bt -0.702972 -0.711182 -0.00713644
t -0.727613 -0.306012 0.613951
bt -0.673933 -0.738736 -0.00912055
t -0.416682 -0.229067 0.879718
bt -0.289887 -0.956763 0.0238846
t -0.210124 -0.0916889 0.973366
bt 0.0455696 -0.998961 -2.17469e-05
t -0.110694 -0.0585423 0.992129
bt 0.00559373 -0.999983 -0.00143243
t -0.528079 -0.290987 0.797784
bt -0.201288 -0.979113 0.0286564
t -0.810131 -0.365637 0.458255
bt -0.602726 -0.797599 -0.0236217
t -0.841978 -0.374811 0.388059
bt -0.483294 -0.875421 -0.00805708
t -0.595536 -0.297255 0.746308
bt -0.0765693 -0.995546 0.0550114
t -0.345606 -0.159286 0.924762
bt 0.199284 -0.979926 0.00553082
t -0.288537 -0.138619 0.947381
bt 0.112653 -0.993627 -0.00374342
t -0.631477 -0.305162 0.71282
bt 0.16671 -0.985924 0.012709
t -0.85239 -0.391129 0.347057
bt -0.123477 -0.991856 -0.0312197
t -0.853841 -0.398145 0.335315
bt 0.379296 -0.925123 0.016794
t -0.64581 -0.301137 0.701602
bt 0.398452 -0.916823 0.0259127
t -0.389373 -0.181531 0.903014
bt 0.419178 -0.90787 0.00788458
t -0.378705 -0.176054 0.908618
bt 0.311998 -0.950051 -0.00778051
t -0.638944 -0.288747 0.713005
bt 0.676315 -0.734662 -0.0535646
t -0.846833 -0.402738 0.347383
bt 0.87381 -0.486267 0.000997665
t -0.831783 -0.399529 0.385374
bt 0.974304 -0.223193 0.0302774
t -0.613786 -0.261308 0.744973
bt 0.801498 -0.597199 -0.0308881
t -0.346432 -0.159288 0.924453
bt 0.618818 -0.785508 0.00638569
t -0.37807 -0.177374 0.908626
bt 0.532678 -0.846295 -0.00626383
t -0.551285 -0.227001 0.802842
bt 0.88239 -0.468755 -0.0406921
t -0.790855 -0.39448 0.467904
bt 0.999163 -0.0394692 0.0107242
t -0.727807 -0.349176 0.590231
bt 0.999155 0.0382773 0.0149389
t -0.466504 -0.157869 0.870317
bt 0.918597 -0.394741 -0.0189421
t -0.214582 -0.0931532 0.972254
bt 0.735389 -0.677634 0.00393156
t -0.286039 -0.138231 0.948195
bt 0.690616 -0.723209 -0.0043007
t -0.246404 -0.100672 0.963924
bt 0.936837 -0.349621 -0.0101216
t -0.468763 -0.252653 0.84642
bt 0.99664 0.0816804 0.00609744
t -0.0512288 -0.00484533 0.998675
bt 0.995553 0.0941982 0
t -0.0348251 0.0123679 0.999317
bt 0.942323 -0.334706 0
t -0.00674427 0.00557329 0.999962
bt 0.770968 -0.636874 0
t -0.105049 -0.0565703 0.992857
bt 0.762508 -0.646979 0.000580534
t 0.29689 0.0791522 0.951625
bt 0.936765 -0.349846 0.00885529
t 0.531545 0.248634 0.809716
bt 0.996673 0.081057 -0.00858107
t 0.701149 0.361086 0.614822
bt 0.999115 0.0407928 -0.0102286
t 0.442185 0.172626 0.880155
bt 0.919138 -0.39326 0.0230693
t 0.20584 0.101509 0.973307
bt 0.736368 -0.676576 0.0026238
t 0.117511 0.0458758 0.992011
bt 0.762672 -0.646783 0.00170781
t 0.561273 0.218437 0.798285
bt 0.879396 -0.475238 0.0284887
t 0.800827 0.38557 0.45827
bt 0.998404 -0.0511828 -0.02386
t 0.828313 0.404077 0.388096
bt 0.981157 -0.193029 -0.00837455
t 0.610523 0.265173 0.746288
bt 0.811865 -0.581243 0.0550556
t 0.344213 0.162288 0.924759
bt 0.622581 -0.782536 0.00558458
t 0.291232 0.132431 0.947442
bt 0.688623 -0.725107 -0.00432207
t 0.639681 0.287578 0.712816
bt 0.649715 -0.760032 0.014888
t 0.847574 0.401473 0.347042
bt 0.837355 -0.545679 -0.032721
t 0.853841 0.398145 0.335315
bt 0.468298 -0.883383 0.0181935
t 0.378584 0.176513 0.90858
bt 0.527098 -0.849765 -0.00812915
t 0.753746 0.426284 0.500148
bt -0.40831 -0.869526 -0.277864
t 0.745544 0.387378 0.542313
bt -0.338794 -0.938714 -0.0635119
t 0.783698 0.365424 0.502277
bt 0.231241 -0.966023 -0.115443
t 0.75257 0.429225 0.499404
bt -0.0640573 -0.99654 -0.0529591
t 0.700419 0.382307 0.602706
bt -0.472544 -0.879337 -0.0588877
t 0.616308 0.380543 0.689458
bt -0.53079 -0.846826 -0.033886
t 0.406411 0.240112 0.881576
bt -0.562708 -0.826467 -0.017683
t 0.134308 0.192917 0.971979
bt -0.571386 -0.820681 9.28572e-05
t -0.442593 -0.310233 0.841348
bt -0.562337 -0.82676 0.0156326
t -0.611284 -0.35625 0.706695
bt -0.531494 -0.846309 0.0357016
t -0.260327 -0.373929 0.890172
bt -0.571375 -0.820689 0
t -0.700087 -0.391399 0.597231
bt -0.467122 -0.88274 0.0506618
t -0.74616 -0.384465 0.543537
bt -0.360447 -0.928963 0.0842999
t -0.752454 -0.429513 0.499331
bt -0.0584611 -0.997072 0.049286
t -0.783746 -0.365322 0.502277
bt 0.229364 -0.966343 0.11651
t -0.75396 -0.425749 0.500283
bt -0.410452 -0.86807 0.279256
t -0.785449 -0.348381 0.511568
bt 0.837663 -0.538081 -0.0937572
t -0.837273 -0.234587 0.493905
bt 0.959322 -0.230303 -0.163283
t -0.78371 -0.365406 0.502273
bt 0.733295 -0.640248 -0.228827
t -0.743094 -0.290803 0.602698
bt 0.977244 -0.204114 -0.0577185
t -0.687675 -0.227456 0.689468
bt 0.989815 -0.138756 -0.0318298
t -0.828556 -0.248329 0.501825
bt 0.95997 -0.118205 -0.253938
t -0.445344 -0.156939 0.881498
bt 0.994809 -0.100269 -0.0173359
t -0.234341 0.0211393 0.971924
bt 0.99596 -0.0897975 0.000126852
t 0.522565 0.139515 0.841108
bt 0.994805 -0.100426 0.0166566
t 0.666186 0.239043 0.706438
bt 0.989975 -0.136353 0.0368349
t 0.453751 -0.0409317 0.890188
bt 0.995958 -0.0898213 0
t 0.749855 0.284651 0.597237
bt 0.976443 -0.209836 0.0502835
t 0.828679 0.248138 0.501716
bt 0.960108 -0.119898 0.252622
t 0.785585 0.348153 0.511513
bt 0.797857 -0.601143 0.0452803
t 0.78371 0.365406 0.502273
bt 0.731827 -0.642385 0.22753
t 0.837335 0.234487 0.493848
bt 0.959117 -0.232381 0.161532
t 0.391874 0.178078 0.90262
bt 0.303175 -0.952932 -0.00223644
t 0.276644 0.126904 0.952556
bt 0.343934 -0.938993 0.000764763
t 0.25101 0.112696 0.961402
bt 0.270378 -0.962738 0.00560595
t 0.357297 0.160143 0.920159
bt 0.1947 -0.980857 0.00333022
t 0.400735 0.187159 0.896874
bt 0.421648 -0.906757 -0.00204254
t 0.284929 0.132872 0.949295
bt 0.422244 -0.906481 -0.00121532
t 0.388634 0.185157 0.902596
bt 0.533617 -0.845725 -0.00147876
t 0.27502 0.130408 0.952553
bt 0.497234 -0.867606 -0.00431523
t 0.352665 0.17034 0.920115
bt 0.626156 -0.77969 -0.00338131
t 0.247683 0.119852 0.961399
bt 0.563733 -0.82594 -0.00526047
t 0.297302 0.141288 0.944272
bt 0.696871 -0.717182 -0.00448809
t 0.203841 0.0998294 0.973901
bt 0.616975 -0.78696 -0.00590038
t 0.216921 0.101154 0.970934
bt 0.743825 -0.668355 -0.00511139
t 0.14596 0.0715011 0.986703
bt 0.655385 -0.755274 -0.00560882
t 0.116918 0.052049 0.991777
bt 0.771537 -0.636168 -0.00447243
t 0.0767937 0.0366469 0.996373
bt 0.678334 -0.734745 -0.00367084
t 0.00178873 -0.0014355 0.999997
bt 0.779902 -0.625902 -0.000533089
t 0.000872167 -0.000924716 0.999999
bt 0.686103 -0.727504 -3.209e-05
t -0.113759 -0.0546854 0.992002
bt 0.771598 -0.6361 0.0036785
t -0.074251 -0.0394095 0.996461
bt 0.67841 -0.734679 0.00244135
t -0.214219 -0.103678 0.971268
bt 0.744062 -0.668101 0.00358026
t -0.144491 -0.073212 0.986794
bt 0.655616 -0.755085 0.00373719
t -0.25274 -0.189176 0.94886
bt 0.683918 -0.727513 0.0546021
t -0.202719 -0.101288 0.973985
bt 0.617285 -0.786728 0.00420279
t -0.351786 -0.17151 0.920234
bt 0.627266 -0.778805 -4.02019e-05
t -0.247254 -0.120493 0.96143
bt 0.564181 -0.825644 0.00336517
t -0.259389 -0.182162 0.948438
bt 0.680569 -0.729667 0.0664135
t -0.38879 -0.184897 0.902582
bt 0.535133 -0.844765 -0.00231136
t -0.27476 -0.130867 0.952565
bt 0.498117 -0.867109 0.00113791
t -0.401039 -0.186505 0.896874
bt 0.423396 -0.905943 -0.00186964
t -0.284929 -0.132872 0.949295
bt 0.423144 -0.906061 -0.00178723
t -0.3917 -0.178586 0.902595
bt 0.305026 -0.952342 -0.00186296
t -0.276694 -0.126771 0.95256
bt 0.34471 -0.938703 -0.00336655
t -0.35725 -0.160347 0.920142
bt 0.194535 -0.980891 -0.00292283
t -0.251022 -0.112654 0.961404
bt 0.270444 -0.962718 -0.00585036
t -0.299428 -0.136269 0.944338
bt 0.10219 -0.994741 -0.00689031
t -0.207567 -0.0917012 0.973913
bt 0.206176 -0.978499 -0.0056226
t -0.216907 -0.101674 0.970883
bt 0.0339099 -0.999411 -0.0052883
t -0.148559 -0.066081 0.986693
bt 0.157064 -0.987578 -0.00455874
t -0.115023 -0.0550457 0.991837
bt -0.00867982 -0.999954 -0.00418401
t -0.0775148 -0.0346372 0.996389
bt 0.126706 -0.991937 -0.0023683
t -5.49359e-05 -0.00253624 0.999997
bt -0.0218019 -0.999762 0.000278839
t 0.000191003 -0.00163236 0.999999
bt 0.116303 -0.993214 -5.95762e-05
t 0.115014 0.0515168 0.992027
bt -0.00869825 -0.999954 0.00402251
t 0.077875 0.0318569 0.996454
bt 0.126761 -0.991929 0.00304878
t 0.21709 0.0982261 0.971197
bt 0.0336875 -0.999423 0.00430758
t 0.149 0.0634067 0.986802
bt 0.156987 -0.987592 0.00406895
t 0.299758 0.133796 0.944586
bt 0.100818 -0.994901 0.00270341
t 0.207968 0.0898801 0.973997
bt 0.205815 -0.978583 0.00399572
t -0.879281 -0.409547 0.24318
bt 0.899189 -0.434798 0.0491018
t -0.879069 -0.409936 0.243292
bt 0.90096 -0.431276 0.0476714
t -0.8808 -0.41071 0.235602
bt 0.785324 -0.60922 -0.110081
t -0.8808 -0.41071 0.235602
bt 0.785324 -0.60922 -0.110081
t -0.873896 -0.40522 0.268518
bt 0.99855 -0.0491986 0.021837
t -0.87433 -0.404599 0.268044
bt 0.998545 -0.0492909 0.0218897
t -0.869751 -0.385659 0.307898
bt 0.996141 0.0848481 0.0224295
t -0.869502 -0.385951 0.308233
bt 0.996137 0.0849136 0.0223601
t -0.822284 -0.376176 0.427013
bt 0.987009 0.160621 0.00377257
t -0.822214 -0.376219 0.427111
bt 0.987049 0.160361 0.00424745
t -0.842094 -0.416157 0.343062
bt 0.992286 0.122693 -0.0177709
t -0.842094 -0.416157 0.343062
bt 0.992286 0.122693 -0.0177709
t -0.676662 -0.307629 0.668949
bt 0.981975 0.189006 0.00152543
t -0.675684 -0.307694 0.669907
bt 0.981964 0.189066 0.00129057
t -0.464797 -0.0934819 0.880469
bt 0.980365 0.197193 0.000448561
t -0.463218 -0.0931644 0.881334
bt 0.980365 0.197193 0
t 0.554357 0.311211 0.771904
bt 0.981856 0.189624 0.000894925
t 0.553751 0.311285 0.772309
bt 0.981827 0.189771 0.00147017
t 0.464495 0.0934212 0.880634
bt 0.980365 0.197193 0
t 0.464495 0.0934212 0.880634
bt 0.980365 0.197193 0
t 0.791051 0.394073 0.467915
bt 0.986398 0.16435 0.00302515
t 0.790944 0.39413 0.468048
bt 0.986432 0.164149 0.00265823
t 0.851499 0.406196 0.331592
bt 0.993855 0.110582 0.00488637
t 0.851503 0.406192 0.331587
bt 0.993864 0.110506 0.0048051
t 0.870895 0.409743 0.271391
bt 0.999965 -0.0055893 0.00615635
t 0.870965 0.409675 0.271267
bt 0.999965 -0.00589735 0.00595921
t 0.878771 0.41048 0.243447
bt 0.956355 -0.292118 0.00719818
t 0.878511 0.410956 0.243584
bt 0.955962 -0.293413 0.00670149
t 0.880546 0.411254 0.235602
bt 0.789733 -0.603201 0.111666
t 0.8808 0.41071 0.235602
bt 0.788684 -0.604643 0.111288
t 0.878946 0.410276 0.24316
bt -0.248409 -0.967473 0.0478349
t 0.879079 0.409939 0.243251
bt -0.247698 -0.967643 0.0481002
t 0.8808 0.41071 0.235602
bt -0.0452278 -0.992716 -0.111668
t 0.8808 0.41071 0.235602
bt -0.0452278 -0.992716 -0.111668
t 0.872182 0.408876 0.26855
bt -0.60262 -0.797695 0.0230684
t 0.871973 0.409604 0.26812
bt -0.602495 -0.797786 0.0231706
t 0.856705 0.404527 0.320021
bt -0.714549 -0.69953 0.00883751
t 0.856732 0.404344 0.32018
bt -0.714571 -0.699508 0.00880408
t 0.816745 0.388264 0.426824
bt -0.757786 -0.652497 0.00288858
t 0.81671 0.388028 0.427106
bt -0.757805 -0.652475 0.00283712
t 0.67152 0.321892 0.667418
bt -0.776246 -0.63043 0.000215158
t 0.671192 0.321339 0.668014
bt -0.776287 -0.630379 -3.48583e-05
t 0.370361 0.295913 0.880493
bt -0.781239 -0.624231 -0.000766143
t 0.369189 0.294978 0.881299
bt -0.781239 -0.624232 0
t -0.595345 -0.225286 0.771239
bt -0.776346 -0.630307 0.000392992
t -0.595037 -0.224802 0.771619
bt -0.776291 -0.630375 5.88904e-05
t -0.370145 -0.295741 0.880642
bt -0.781239 -0.624232 0
t -0.370145 -0.295741 0.880642
bt -0.781239 -0.624232 0
t -0.810608 -0.353888 0.466559
bt -0.759386 -0.650638 0.0015209
t -0.810594 -0.353822 0.466633
bt -0.759271 -0.650773 0.0012019
t -0.858622 -0.390427 0.332166
bt -0.722882 -0.690961 0.00379419
t -0.858615 -0.390488 0.332114
bt -0.723495 -0.690313 0.00473741
t -0.873689 -0.403763 0.271372
bt -0.639158 -0.769046 0.00671527
t -0.873675 -0.403843 0.271299
bt -0.63898 -0.769195 0.00656746
t -0.879317 -0.409328 0.243416
bt -0.390177 -0.920714 0.00684748
t -0.879506 -0.408846 0.243546
bt -0.38941 -0.921041 0.00654136
t -0.880983 -0.410317 0.235601
bt -0.0362473 -0.993298 0.109755
t -0.8808 -0.41071 0.235602
bt -0.0462839 -0.992642 0.111892
t -0.0645327 -0.03008 0.997462
bt 0.422682 -0.906278 -0.000245128
t -0.0625585 -0.0286835 0.997629
bt 0.439346 -0.898318 -0.000126887
t -2.4e-07 3.15565e-07 1
bt 0.422606 -0.906313 -2.63917e-06
t -0.0562685 -0.0254725 0.998091
bt 0.454665 -0.890663 -0.000227653
t -0.0459707 -0.0208849 0.998724
bt 0.467795 -0.883837 0.000113021
t -0.033709 -0.0125362 0.999353
bt 0.477758 -0.878491 -0.00093154
t -0.0310672 -0.0173913 0.999366
bt 0.477723 -0.878511 0.000246292
t -0.0161589 -0.0088026 0.999831
bt 0.48399 -0.875073 0.000291793
t -0.000139092 0.000250019 1
bt 0.486101 -0.873902 0
t 0.0163323 0.00848854 0.999831
bt 0.483993 -0.875072 -0.000122275
t 0.0310672 0.0173913 0.999366
bt 0.477723 -0.878511 -0.000242212
t 0.0337092 0.0125357 0.999353
bt 0.47776 -0.87849 0.000994078
t 0.0463332 0.0201995 0.998722
bt 0.467831 -0.883818 0.000693986
t 0.0559354 0.0261257 0.998093
bt 0.454601 -0.890695 -0.000915208
t 0.0627283 0.0283362 0.997628
bt 0.439264 -0.898357 -0.00118252
t 0.0645354 0.0300812 0.997462
bt 0.4226 -0.906316 0.000258002
t 0.0623056 0.0292161 0.997629
bt 0.40582 -0.913952 0.000856384
t 0.0559749 0.0260355 0.998093
bt 0.390122 -0.920761 0.00177281
t 0.046068 0.0205084 0.998728
bt 0.376379 -0.926466 0.00010298
t 0.0323092 0.0151164 0.999364
bt 0.36581 -0.93069 -0.000579218
t 0.0164316 0.00853112 0.999829
bt 0.359259 -0.933238 0.000288292
t -8.83109e-05 0.000231142 1
bt 0.357002 -0.934104 0
t -0.0166724 -0.00790629 0.99983
bt 0.359256 -0.933239 -0.000123152
t -0.0322568 -0.0152497 0.999363
bt 0.365824 -0.930684 0.000144455
t -0.0460784 -0.0204831 0.998728
bt 0.376344 -0.92648 0.000657373
t -0.0562276 -0.0254399 0.998094
bt 0.390018 -0.920807 8.98933e-05
t -0.0622595 -0.0293198 0.997629
bt 0.405716 -0.913999 0.000803276
t 0.359079 0.170084 0.917679
bt 0.190905 -0.981608 0.000925458
t 0.394496 0.181585 0.900777
bt 0.300073 -0.953895 -0.00632038
t 0.418588 0.192052 0.887637
bt 0.288032 -0.957552 -0.011497
t 0.381914 0.180242 0.906451
bt 0.174465 -0.984658 0.00331962
t 0.404909 0.18862 0.894691
bt 0.42526 -0.905052 0.00592011
t 0.394862 0.18189 0.900555
bt 0.53373 -0.845646 -0.00396911
t 0.418768 0.193199 0.887304
bt 0.540061 -0.841588 -0.00795147
t 0.429101 0.199766 0.880889
bt 0.427727 -0.903848 0.0104577
t 0.359177 0.16853 0.917927
bt 0.631853 -0.775056 0.00707728
t 0.302392 0.140028 0.942842
bt 0.700005 -0.714137 -0.0011358
t 0.324157 0.148052 0.934346
bt 0.716879 -0.697196 -0.00095724
t 0.381011 0.180205 0.906839
bt 0.647148 -0.762282 0.0112137
t 0.216552 0.105166 0.97059
bt 0.747792 -0.663931 0.00140796
t 0.12015 0.0508368 0.991453
bt 0.77457 -0.632486 0.00145695
t 0.13198 0.0527713 0.989847
bt 0.792829 -0.609444 0.000582862
t 0.228608 0.115491 0.966644
bt 0.765874 -0.642987 0.00208823
t -0.00472803 0.00375806 0.999982
bt 0.782962 -0.62207 -3.19216e-05
t -0.111626 -0.0578934 0.992063
bt 0.774592 -0.632459 -0.00175695
t -0.116032 -0.0652275 0.991101
bt 0.792903 -0.609345 -0.00158521
t -0.00878607 0.0065614 0.99994
bt 0.801282 -0.598287 0
t -0.222561 -0.0994614 0.969832
bt 0.747538 -0.66422 0.000272816
t -0.299264 -0.143578 0.943306
bt 0.701281 -0.712872 -0.00425974
t -0.316855 -0.155768 0.935596
bt 0.718322 -0.695693 -0.00490252
t -0.24006 -0.10535 0.965025
bt 0.765172 -0.643821 0.00238827
t -0.360535 -0.166524 0.917761
bt 0.628216 -0.778029 0.00395289
t -0.394539 -0.182429 0.900588
bt 0.538086 -0.842862 -0.00683372
t -0.417954 -0.194165 0.887476
bt 0.547267 -0.836911 -0.00886629
t -0.383731 -0.176459 0.906428
bt 0.640374 -0.768017 0.00838569
t -0.404828 -0.188793 0.894691
bt 0.419775 -0.907607 0.00620449
t -0.394282 -0.182206 0.900746
bt 0.304864 -0.952387 -0.00418261
t -0.418111 -0.19346 0.887556
bt 0.297575 -0.954666 -0.00789707
t -0.428932 -0.200039 0.880909
bt 0.417477 -0.908627 0.0105007
t -0.359822 -0.167418 0.917877
bt 0.188555 -0.982051 0.00482326
t -0.301335 -0.144721 0.942472
bt 0.096994 -0.995284 -0.00102435
t -0.321527 -0.155148 0.934103
bt 0.0745878 -0.997203 -0.00475119
t -0.383021 -0.175881 0.906841
bt 0.170103 -0.985406 0.00632518
t -0.219669 -0.0980865 0.970631
bt 0.0276371 -0.999615 0.00251027
t -0.116278 -0.0593811 0.99144
bt -0.0132724 -0.999912 0.000720074
t -0.125255 -0.0672211 0.989845
bt -0.0427577 -0.999085 0.000300146
t -0.235419 -0.100532 0.96668
bt 0.000286515 -0.999997 0.00220508
t 0.000162526 0.00604263 0.999982
bt -0.0267015 -0.999643 -5.92628e-05
t 0.116205 0.0484913 0.992041
bt -0.013432 -0.999908 -0.00209111
t 0.124548 0.0469378 0.991103
bt -0.0429047 -0.999078 -0.0014997
t 0.000621189 0.0109447 0.99994
bt -0.0566995 -0.998391 0
t 0.219361 0.106604 0.969802
bt 0.0283251 -0.999599 0.000483532
t 0.30206 0.139279 0.94306
bt 0.0948194 -0.995479 -0.0055289
t 0.322689 0.145163 0.935307
bt 0.0712585 -0.997447 -0.00464965
t 0.235015 0.116131 0.965029
bt 0.00136897 -0.999995 0.00266343
t 0.796353 0.297083 0.526843
bt 0.0621507 -0.997616 0.0299899
t 0.794068 0.305583 0.525428
bt 0.218428 -0.96674 0.133052
t -0.794196 -0.305114 0.525508
bt 0.220378 -0.966119 -0.134341
t -0.796826 -0.29529 0.527135
bt 0.060634 -0.997739 -0.0289913
t -0.68281 -0.426884 0.592909
bt 0.796812 -0.577948 0.176259
t -0.341533 -0.0917891 0.935377
bt 0.716939 -0.690657 -0.0948204
t -0.366991 -0.0622744 0.928138
bt 0.710237 -0.701644 -0.0570867
t -0.657568 -0.451195 0.603347
bt 0.863393 -0.497018 0.0867543
t 0.66001 0.448905 0.602388
bt 0.863771 -0.496462 -0.0861678
t 0.681464 0.428218 0.593495
bt 0.795291 -0.57949 -0.178056

