g sponza_82
t 0 0 -1
bt -0.0972956 -0.995256 0
t 0 0 -1
bt -0.172904 -0.984937 0.00154754
t 0 0 -1
bt -0.164705 -0.986343 0
t 0 0 -1
bt -0.0972956 -0.995256 0
t -1 0 0
bt 0.00128895 -0.978021 0.208503
t -1 0 0
bt 0.00172895 -0.97802 0.208503
t -1 0 0
bt 0.00193298 -0.992869 0.119196
t -1 0 0
bt 0.00193298 -0.992869 0.119196
t -1 0 0
bt -0.000306124 -1 0
t -1 0 0
bt 0.000235895 -1 0
t -1 0 0
bt -0.000306124 -1 0
t -1 0 0
bt -0.000306124 -1 0
t 0 0 1
bt 0 -1 0.000328683
t 0 0 1
bt 0 -1 0
t 0 0 1
bt 0 -1 0.000328683
t 0 0 1
bt 0 -1 0.000328683
t 0 0 -1
bt -0.674678 -0.729841 -0.110195
t 0 0 -1
bt -0.678533 -0.734012 -0.0286237
t 0 0 -1
bt -0.674678 -0.729841 -0.110195
t 0 0 -1
bt -0.674678 -0.729841 -0.110195
t -1 0 0
bt 0.512665 -0.567521 0.644278
t -1 0 0
bt -0.504391 -0.570751 0.647945
t -1 0 0
bt 0.512665 -0.567521 0.644278
t -1 0 0
bt 0.512665 -0.567521 0.644278
t 0 0 -1
bt 0.564995 -0.825093 -0.00132204
t 0 0 -1
bt 0.564996 -0.825094 0
t 0 0 -1
bt 0.564995 -0.825093 -0.00132204
t 0 0 -1
bt 0.564995 -0.825093 -0.00132204
t -1 0 0
bt -0.000426679 -0.765378 -0.643581
t -1 0 0
bt 0.000581189 -0.765378 -0.643581
t -1 0 0
bt -0.000426679 -0.765378 -0.643581
t -1 0 0
bt -0.000426679 -0.765378 -0.643581
t 0 0 -1
bt -0.606826 -0.794834 0
t 0 0 -1
bt -0.606821 -0.794828 -0.0039961
t 0 0 -1
bt -0.606826 -0.794834 0
t 0 0 -1
bt -0.606826 -0.794834 0
t -1 0 0
bt -0.00306622 -0.729487 0.683988
t -1 0 0
bt -0.00680428 -0.729474 0.683975
t -1 0 0
bt -0.00306622 -0.729487 0.683988
t -1 0 0
bt -0.00306622 -0.729487 0.683988
t 0 0 -1
bt 0.606825 -0.794832 0.00236859
t 0 0 -1
bt 0.606826 -0.794834 0
t 0 0 -1
bt 0.606825 -0.794832 0.00236859
t 0 0 -1
bt 0.606825 -0.794832 0.00236859
t -1 0 0
bt 0.00195849 -0.729489 -0.68399
t -1 0 0
bt 0.00819209 -0.729466 -0.683968
t -1 0 0
bt 0.00195849 -0.729489 -0.68399
t -1 0 0
bt 0.00195849 -0.729489 -0.68399
t 0 0 -1
bt -0.313106 -0.949718 -8.39529e-05
t 0 0 -1
bt -0.365003 -0.931007 0.000135933
t 0 0 -1
bt -0.365003 -0.931007 0
t 0 0 -1
bt -0.298895 -0.954286 0
t -1 0 0
bt 0.000380224 -0.90095 0.433924
t -1 0 0
bt -0.00034147 -0.90095 0.433924
t -1 0 0
bt 0.000269076 -0.928394 0.371597
t -1 0 0
bt 0.000249053 -0.928394 0.371597
t -0.551884 0.339349 -0.761752
bt -0.0192518 -0.975853 0.217579
t -0.659017 -0.21205 -0.721617
bt -0.0620053 -0.946431 0.316896
t -0.593227 0.152287 -0.7905
bt -0.0543551 -0.947139 0.316185
t -0.551884 0.339349 -0.761752
bt -0.0192518 -0.975853 0.217579
t -0.587322 -0.225403 0.777333
bt 0.176668 -0.983922 0.026199
t -0.635786 0.32149 0.701727
bt 0.176495 -0.983943 0.0265787
t -0.572315 -0.217593 0.790638
bt 0.268988 -0.961379 0.0582765
t -0.549198 -0.276029 0.78879
bt 0.275078 -0.95952 0.0604487
t -0.610816 -0.24614 -0.752542
bt -0.0100418 -0.999741 -0.0204169
t -0.5905 -0.347056 -0.728602
bt 0.00107149 -0.999977 -0.00676394
t -0.61071 -0.246139 -0.752628
bt -0.0100395 -0.999741 -0.0204188
t -0.610816 -0.24614 -0.752542
bt -0.0100418 -0.999741 -0.0204169
t -0.612636 -0.247994 0.750451
bt -0.0166323 -0.999785 0.0123526
t -0.58694 -0.374568 0.717775
bt -0.00549028 -0.999984 -0.00133474
t -0.612684 -0.247993 0.750412
bt -0.0166336 -0.999785 0.0123515
t -0.612636 -0.247994 0.750451
bt -0.0166323 -0.999785 0.0123526
t -0.821355 0.563993 -0.0853672
bt 0.0625255 -0.553942 -0.830204
t -0.837799 0.404512 -0.366692
bt 0.100218 -0.57227 -0.813919
t -0.82135 0.563999 -0.0853709
bt 0.0625703 -0.553882 -0.830241
t -0.82135 0.563999 -0.0853709
bt 0.0625703 -0.553882 -0.830241
t -0.339184 0.291659 0.894365
bt -0.758053 -0.641304 -0.118676
t 0.0151073 0.529443 0.848211
bt -0.762963 -0.637577 -0.10669
t -0.339202 0.291683 0.894351
bt -0.758094 -0.64125 -0.11871
t -0.339184 0.291659 0.894365
bt -0.758053 -0.641304 -0.118676
t -0.64816 -0.0155961 -0.761344
bt -0.501927 -0.568047 0.652221
t -0.631298 3.27451e-05 -0.77554
bt -0.522321 -0.570869 0.633474
t -0.64816 -0.0155961 -0.761344
bt -0.501927 -0.568047 0.652221
t -0.64816 -0.0155961 -0.761344
bt -0.501927 -0.568047 0.652221
t -0.631315 5.94084e-05 0.775527
bt 0.522253 -0.570906 0.633497
t -0.631305 5.06525e-05 0.775535
bt 0.51508 -0.569957 0.640189
t -0.631315 5.94084e-05 0.775527
bt 0.522253 -0.570906 0.633497
t -0.631315 5.94084e-05 0.775527
bt 0.522253 -0.570906 0.633497
t -0.831285 -0.301374 -0.467053
bt -0.101565 -0.526515 0.844077
t -0.631379 2.32136e-05 -0.775474
bt -0.0315826 -0.493606 0.869112
t -0.831375 -0.30124 -0.46698
bt -0.101485 -0.526635 0.844012
t -0.831285 -0.301374 -0.467053
bt -0.101565 -0.526515 0.844077
t -0.631384 -1.76241e-05 0.77547
bt 0.809802 -0.581815 0.075582
t -0.256542 -0.323816 0.910675
bt 0.797573 -0.592918 0.111023
t -0.631384 -1.76241e-05 0.77547
bt 0.809802 -0.581815 0.075582
t -0.631384 -1.76241e-05 0.77547
bt 0.809802 -0.581815 0.075582
t -0.865448 0.454468 -0.210853
bt 0.0118092 -0.476555 -0.879065
t -0.631363 7.37408e-07 -0.775487
bt 0.0329937 -0.487061 -0.872744
t -0.865416 0.454516 -0.210879
bt 0.0118764 -0.476452 -0.87912
t -0.865406 0.454532 -0.210887
bt 0.0119204 -0.476385 -0.879156
t -0.631368 -6.2842e-06 0.775483
bt -0.826472 -0.56169 -0.0380664
t -0.019418 0.460555 0.887419
bt -0.829877 -0.557352 -0.0257512
t -0.631368 -6.2842e-06 0.775483
bt -0.826472 -0.56169 -0.0380664
t -0.631368 -6.2842e-06 0.775483
bt -0.826472 -0.56169 -0.0380664
t -0.715309 -0.363589 -0.596771
bt -0.0417606 -0.813963 0.579414
t -0.720194 -0.243855 -0.649504
bt -0.0800672 -0.764452 0.639689
t -0.742038 -0.356152 -0.567922
bt -0.0620744 -0.755051 0.652721
t -0.708486 -0.320606 -0.628697
bt -0.0376216 -0.819914 0.57125
t -0.495025 -0.277512 0.823369
bt 0.488551 -0.869425 0.0736108
t -0.438658 -0.371118 0.818444
bt 0.486586 -0.871656 0.058736
t -0.502246 -0.225659 0.834762
bt 0.562826 -0.820427 0.100625
t -0.502246 -0.225659 0.834762
bt 0.562826 -0.820427 0.100625
t -1 0 -0.000150921
bt -0.000463067 0 -1
t -0.999786 0 0.0206698
bt 0 0 -1
t -1 0 -0.000150921
bt -0.0114125 0 -0.999935
t -1 0 -0.000113191
bt -0.00855927 0 -0.999963
t -1 0 0
bt -0.0328445 0 -0.999461
t -1 0 0
bt 0 0 -1
t 0 0 1
bt 0.164705 -0.986343 0
t 0 0 1
bt 0.172904 -0.984936 -0.00222646
t 0 0 1
bt 0.0974044 -0.995245 0
t 0 0 1
bt 0.0973947 -0.995246 0
t 0 0 -1
bt 0 -1 0
t 0 0 -1
bt 0 -1 0.000328683
t 0 0 -1
bt 0 -1 0
t 0 0 -1
bt 0 -1 0
t -1.7802e-05 1.92621e-05 1
bt 0.579906 -0.627498 0.519573
t 0 0 1
bt 0.526021 -0.569107 0.631996
t -1.7802e-05 1.92621e-05 1
bt 0.579906 -0.627498 0.519573
t -1.7802e-05 1.92621e-05 1
bt 0.579906 -0.627498 0.519573
t 0 0 1
bt -0.564995 -0.825092 0.00183139
t 0 0 1
bt -0.564996 -0.825094 0
t 0 0 1
bt -0.564995 -0.825092 0.00183139
t 0 0 1
bt -0.564995 -0.825092 0.00183139
t 0 0 1
bt 0.606715 -0.79492 0
t 0 0 1
bt 0.606697 -0.794897 0.00760084
t 0 0 1
bt 0.606715 -0.79492 0
t 0 0 1
bt 0.606715 -0.79492 0
t 0 0 1
bt -0.60669 -0.794886 -0.00916125
t 0 0 1
bt -0.606715 -0.79492 0
t 0 0 1
bt -0.60669 -0.794886 -0.00916125
t 0 0 1
bt -0.60669 -0.794886 -0.00916125
t 0 0 1
bt 0.365089 -0.930973 0
t 0 0 1
bt 0.365089 -0.930973 0.000135844
t 0 0 1
bt 0.313106 -0.949718 -8.47575e-05
t 0 0 1
bt 0.298895 -0.954286 0
t 1 0 0
bt 0 0 1
t 1 0 0
bt -0.00883685 0 0.999961
t 1 0 0
bt -0.00324343 0 0.999995
t 1 0 0
bt 0 0 1
t 1 0 0
bt -0.0264312 0 0.999651
t 1 0 0
bt -0.0264312 0 0.999651

