g sponza_188
t -0.319295 -0.947655 0
bt 0.939591 -0.342298 0
t -0.339103 -0.940749 0
bt 0.942044 -0.335488 0
t -0.325123 -0.945672 0
bt 0.940289 -0.340377 0
t -0.319295 -0.947655 0
bt 0.939591 -0.342298 0
t -0.339571 -0.94058 0
bt 0.941422 -0.337231 0
t -0.337974 -0.941155 0
bt 0.9419 -0.335894 0
t -0.337831 -0.941207 0
bt 0.941577 -0.336797 0
t -0.337972 -0.941156 0
bt 0.941746 -0.336325 0
t -0.331963 -0.943293 0
bt 0.942284 -0.334815 0
t -0.331963 -0.943293 0
bt 0.942284 -0.334815 0
t -0.333882 -0.942615 0
bt 0.941559 -0.336849 0
t -0.333625 -0.942706 0
bt 0.941793 -0.336193 0
t -0.335705 -0.941967 0
bt 0.941 -0.338407 0
t -0.335705 -0.941967 0
bt 0.941 -0.338407 0
t 0.000710832 0.0149809 0.999887
bt -0.0473876 -0.998703 0.0186144
t 0.00838126 0.0163942 0.99983
bt -0.455156 -0.89031 0.0134329
t 0.0074389 0.0145509 0.999866
bt -0.455121 -0.890243 0.018236
t 0.000710832 0.0149809 0.999887
bt -0.0473876 -0.998703 0.0186144
t 0.0129026 0.0150085 0.999804
bt -0.651863 -0.758257 0.0109881
t 0.0129026 0.0150085 0.999804
bt -0.651863 -0.758257 0.0109881
t -0.0095671 -0.015034 0.999841
bt 0.536821 0.843576 0.0142444
t -0.0106724 -0.0167709 0.999802
bt 0.536821 0.843576 0.0142448
t -0.0125773 -0.0108871 0.999862
bt 0.756001 0.654407 0.0146569
t -0.0125776 -0.0108874 0.999862
bt 0.756001 0.654407 0.0146403
t -0.0132392 0.0105094 0.999857
bt 0.783169 -0.621686 0.0123401
t -0.00617164 0.0156425 0.999859
bt 0.366982 -0.930147 0.0122756
t -0.00617211 0.0156437 0.999859
bt 0.366982 -0.930147 0.0122755
t -0.0132392 0.0105094 0.999857
bt 0.783169 -0.621686 0.0123401
t -0.00787222 0.0149796 0.999857
bt 0.465155 -0.885114 0.0143267
t -0.00887176 0.0168815 0.999818
bt 0.465155 -0.885114 0.0143267
t -0.00787222 0.0149796 0.999857
bt 0.465155 -0.885114 0.0143267
t -0.00787222 0.0149796 0.999857
bt 0.465155 -0.885114 0.0143267
t -0.0168761 -0.00941298 0.999813
bt 0.873275 0.487086 0.0117835
t -0.014934 -0.00832973 0.999854
bt 0.873275 0.487086 0.0117832
t -0.0168761 -0.00941298 0.999813
bt 0.873275 0.487086 0.0117835
t -0.0168761 -0.00941298 0.999813
bt 0.873275 0.487086 0.0117835
t 0.987743 0.156087 0
bt 0.148805 -0.988867 0
t 0.987736 0.156133 0
bt 0.176497 -0.984301 0
t 0.987779 0.155859 0
bt 0.149502 -0.988761 0
t 0.987784 0.155827 0
bt 0.152092 -0.988366 0
t 0.987877 0.155238 0
bt 0.156496 -0.987679 0
t 0.987745 0.156079 0
bt 0.155583 -0.987823 0
t 0.987935 0.154871 0
bt 0.157985 -0.987441 0
t 0.987876 0.155247 0
bt 0.156759 -0.987637 0
t 0.987746 0.156069 0
bt 0.152622 -0.988285 0
t 0.987746 0.156069 0
bt 0.152622 -0.988285 0
t 0.98772 0.156236 0
bt 0.154724 -0.987958 0
t 0.987789 0.155796 0
bt 0.15411 -0.988054 0
t 0.987676 0.156512 0
bt 0.154305 -0.988023 0
t 0.98751 0.157555 0
bt 0.156568 -0.987667 0
t -0.0159553 -0.00342534 0.999867
bt 0.977565 0.209868 0.0179268
t -0.0148589 -0.00318998 0.999885
bt 0.977661 0.209888 0.011269
t -0.0166081 0.00321406 0.999857
bt 0.981597 -0.189963 0.0195401
t -0.0159978 0.00309597 0.999867
bt 0.981635 -0.18997 0.0174322

