g sponza_25
t 0.999982 0 0.00593448
bt -0.000312151 0 -1
t 1 0 0
bt 0.0405775 0 -0.999176
t 1 0 -0.000211082
bt -0.000258077 0 -1
t 0.999994 0 0.00351861
bt -0.00296654 0 -0.999996
t 0.999832 0 0.0183402
bt 0 0 -1
t 1 0 -0.000140123
bt -0.00457803 0 -0.99999
t 1 0 0
bt -0.0140582 0 -0.999901
t 0.999834 0 0.0182258
bt 0 0 -1
t -1 0 0
bt 4.7352e-05 -1 0
t -1 0 0
bt -4.67617e-05 -1 0
t -1 0 0
bt 4.7352e-05 -1 0
t -1 0 0
bt 4.7352e-05 -1 0
t 0 0 -1
bt 0 -1 0.000529292
t 0 0 -1
bt 0 -1 -4.65254e-05
t 0 0 -1
bt 0 -1 0.000529292
t 0 0 -1
bt 0 -1 0.000529292
t 1 0 0
bt -4.68283e-05 -1 0
t 1 0 0
bt 4.76455e-05 -1 0
t 1 0 0
bt -4.68283e-05 -1 0
t 1 0 0
bt -4.68283e-05 -1 0
t 0 0 1
bt 0 -1 -0.000529183
t 0 0 1
bt 0 -1 -0.000114541
t 0 0 1
bt 0 -1 -0.000529183
t 0 0 1
bt 0 -1 -0.000529183
t -1 0 0
bt 0.00243479 -0.992868 -0.119196
t -1 -2.03879e-06 -4.38365e-07
bt 0.00211025 -0.977657 -0.210194
t -1 -6.79914e-07 -1.4619e-07
bt 0.00161096 -0.977658 -0.210194
t -1 0 0
bt 0.00243479 -0.992868 -0.119196
t 0 0 -1
bt 0.119196 -0.992868 0.00242126
t 0 0 -1
bt 0.210194 -0.977657 0.00212935
t 0 0 -1
bt 0.210194 -0.977658 0.00160103
t 0 0 -1
bt 0.119196 -0.992868 0.00242126
t 1 0 0
bt -0.00243673 -0.992868 0.119196
t 1 0 0
bt -0.00210998 -0.977657 0.210194
t 1 0 0
bt -0.00161204 -0.977658 0.210194
t 1 0 0
bt -0.00243673 -0.992868 0.119196
t 0 0 1
bt -0.119295 -0.992856 -0.00240479
t 4.38281e-07 2.0386e-06 1
bt -0.210201 -0.977653 -0.00320594
t 0 0 1
bt -0.210201 -0.977655 -0.00241505
t 0 0 1
bt -0.119295 -0.992856 -0.00240479
t -1 0 0
bt -0.000306961 -1 0
t -1 0 0
bt 0.000356373 -1 0
t -1 0 0
bt -0.000306961 -1 0
t -1 0 0
bt -0.000306961 -1 0
t 0 0 -1
bt 0 -1 -0.000310531
t 0 0 -1
bt 0 -1 0.000302975
t 0 0 -1
bt 0 -1 -0.000310531
t 0 0 -1
bt 0 -1 -0.000310531
t 1 0 0
bt 0.000355428 -1 0
t 1 0 0
bt -0.000307619 -1 0
t 1 0 0
bt 0.000355428 -1 0
t 1 0 0
bt 0.000355428 -1 0
t 0 0 1
bt 0 -1 0.000302028
t 0 0 1
bt 0 -1 -0.000311101
t 0 0 1
bt 0 -1 0.000302028
t 0 0 1
bt 0 -1 0.000302028
t -1 0 0
bt 0.587409 -0.534935 -0.607285
t -0.999999 0.000818576 0.000929288
bt -0.582983 -0.537047 -0.609682
t -1 0 0
bt 0.587409 -0.534935 -0.607285
t -1 0 0
bt 0.587409 -0.534935 -0.607285
t 0 0 -1
bt 0.750484 -0.660886 0.00206793
t -0.000312338 0.000275048 -1
bt 0.602808 -0.530841 -0.595676
t 0 0 -1
bt 0.750484 -0.660886 0.00206793
t 0 0 -1
bt 0.750484 -0.660886 0.00206793
t 1 0 0
bt -0.591468 -0.532977 0.605062
t 1 0 0
bt 0.582981 -0.537047 0.609683
t 1 0 0
bt -0.591468 -0.532977 0.605062
t 1 0 0
bt -0.591468 -0.532977 0.605062
t 0 0 1
bt -0.602936 -0.531024 -0.595384
t -0.000951457 -0.000837977 0.999999
bt -0.604982 -0.532826 0.591687
t 0 0 1
bt -0.602936 -0.531024 -0.595384
t 0 0 1
bt -0.602936 -0.531024 -0.595384
t -1 0 0
bt -0.000639121 -0.765336 0.64363
t -1 0 0
bt 0.000679824 -0.765336 0.64363
t -1 0 0
bt -0.000639121 -0.765336 0.64363
t -1 0 0
bt -0.000639121 -0.765336 0.64363
t 0 0 -1
bt -0.643689 -0.765287 -0.000570699
t 0 0 -1
bt -0.643689 -0.765287 0.000603409
t 0 0 -1
bt -0.643689 -0.765287 -0.000570699
t 0 0 -1
bt -0.643689 -0.765287 -0.000570699
t 1 0 0
bt 0.000636778 -0.765336 -0.643631
t 1 0 0
bt -0.000679023 -0.765336 -0.64363
t 1 0 0
bt 0.000636778 -0.765336 -0.643631
t 1 0 0
bt 0.000636778 -0.765336 -0.643631
t 0 0 1
bt 0.643689 -0.765287 0.000573056
t 0 0 1
bt 0.643689 -0.765287 -0.000603291
t 0 0 1
bt 0.643689 -0.765287 0.000573056
t 0 0 1
bt 0.643689 -0.765287 0.000573056
t -1 0 0
bt -0.00375976 -0.729485 -0.683986
t -1 0 0
bt 0.00352113 -0.729486 -0.683987
t -1 0 0
bt -0.00375976 -0.729485 -0.683986
t -1 0 0
bt -0.00375976 -0.729485 -0.683986
t 0 0 -1
bt 0.684036 -0.729439 -0.00369506
t 0 0 -1
bt 0.684017 -0.729418 -0.00842094
t 0 0 -1
bt 0.684036 -0.729439 -0.00369506
t 0 0 -1
bt 0.684036 -0.729439 -0.00369506
t 1 0 0
bt 0.00372419 -0.729485 0.683986
t 1 0 0
bt 0.00836283 -0.729465 0.683967
t 1 0 0
bt 0.00372419 -0.729485 0.683986
t 1 0 0
bt 0.00372419 -0.729485 0.683986
t 0 0 1
bt -0.683986 -0.729485 0.0037003
t 0 0 1
bt -0.683967 -0.729465 0.00842992
t 0 0 1
bt -0.683986 -0.729485 0.0037003
t 0 0 1
bt -0.683986 -0.729485 0.0037003
t -1 0 0
bt 0.00204537 -0.729489 0.68399
t -1 0 0
bt -0.00213117 -0.729489 0.683989
t -1 0 0
bt 0.00204537 -0.729489 0.68399
t -1 0 0
bt 0.00204537 -0.729489 0.68399
t 0 0 -1
bt -0.684039 -0.729442 0.00236187
t 0 0 -1
bt -0.684006 -0.729406 0.010147
t 0 0 -1
bt -0.684039 -0.729442 0.00236187
t 0 0 -1
bt -0.684039 -0.729442 0.00236187
t 1 0 0
bt -0.00235248 -0.729488 -0.683989
t 1 0 0
bt -0.0100852 -0.729453 -0.683956
t 1 0 0
bt -0.00235248 -0.729488 -0.683989
t 1 0 0
bt -0.00235248 -0.729488 -0.683989
t 0 0 1
bt 0.683989 -0.729488 -0.00232352
t 0 0 1
bt 0.683956 -0.729453 -0.010117
t 0 0 1
bt 0.683989 -0.729488 -0.00232352
t 0 0 1
bt 0.683989 -0.729488 -0.00232352
t -1 0 0
bt 0.000325137 -0.927306 -0.374303
t -1 0 0
bt -0.00044198 -0.900949 -0.433924
t -1 0 0
bt 0.000459835 -0.900949 -0.433924
t -1 -6.11685e-07 -2.46899e-07
bt 0.000287999 -0.927306 -0.374303
t 0 0 -1
bt 0.374388 -0.927272 0.000339128
t 0 0 -1
bt 0.434005 -0.90091 -0.000435861
t 0 0 -1
bt 0.434005 -0.90091 0.000485411
t 0 0 -1
bt 0.374388 -0.927272 0.000304212
t 1 0 0
bt -0.000342551 -0.927306 0.374303
t 1 0 0
bt 0.00041457 -0.900949 0.433924
t 1 0 0
bt -0.000486153 -0.900949 0.433924
t 1 0 0
bt -0.000305364 -0.927306 0.374303
t 0 0 1
bt -0.374303 -0.927306 -0.000341774
t 0 0 1
bt -0.434005 -0.90091 0.000438753
t 0 0 1
bt -0.434005 -0.90091 -0.00048249
t 2.47001e-07 6.11719e-07 1
bt -0.374388 -0.927272 -0.000305971
t 4.38589e-07 2.04004e-06 1
bt -0.21022 -0.977654 4.90035e-05
t 4.38589e-07 2.04004e-06 1
bt -0.21022 -0.977654 4.90035e-05
t -0.707107 2.72616e-08 -0.707107
bt -6.81343e-05 -1 0.000497556
t -0.707107 2.05091e-09 -0.707107
bt -1.81993e-05 -1 0.000547491
t -0.707107 2.72616e-08 -0.707107
bt -6.81343e-05 -1 0.000497556
t -0.707107 2.72616e-08 -0.707107
bt -6.81343e-05 -1 0.000497556
t -0.579593 0.255098 0.773948
bt -0.558766 -0.826268 -0.0711444
t -0.558688 0.287647 0.777899
bt -0.570649 -0.819406 -0.0541601
t -0.580116 0.213359 0.786094
bt -0.634181 -0.76598 -0.105304
t -0.580116 0.213359 0.786094
bt -0.634181 -0.76598 -0.105304
t 0.707107 -3.17993e-08 -0.707107
bt -1.82538e-05 -1 -0.000547436
t 0.707107 -2.05091e-09 -0.707107
bt -6.35782e-05 -1 -0.000502112
t 0.707107 -3.17993e-08 -0.707107
bt -1.82538e-05 -1 -0.000547436
t 0.707107 -3.17993e-08 -0.707107
bt -1.82538e-05 -1 -0.000547436
t 0.707207 8.83665e-08 0.707007
bt 6.84503e-05 -1 -0.000497179
t 0.707207 3.2034e-08 0.707007
bt 1.82137e-05 -1 -0.000547402
t 0.707107 3.17993e-08 0.707107
bt 6.84831e-05 -1 -0.000497207
t 0.707107 3.17993e-08 0.707107
bt 6.84831e-05 -1 -0.000497207
t -0.675037 -0.126684 -0.726826
bt 0.0673303 -0.94532 -0.31912
t -0.732526 0.200677 -0.650488
bt 0.0664333 -0.945109 -0.319931
t -0.63903 -0.292732 -0.711301
bt 0.0268476 -0.976353 -0.214511
t -0.63903 -0.292732 -0.711301
bt 0.0268476 -0.976353 -0.214511
t -0.707107 2.45344e-08 0.707107
bt 9.15835e-05 -1 0.000474107
t -0.707107 -2.72616e-08 0.707107
bt 0.000703464 -1 -0.000137774
t -0.707207 -3.2034e-08 0.707007
bt 9.1554e-05 -1 0.000474082
t -0.707207 -3.2034e-08 0.707007
bt 9.1554e-05 -1 0.000474082
t 0.67051 0.141376 -0.728306
bt 0.0635985 -0.944434 0.32249
t 0.732086 -0.19201 -0.653592
bt 0.0670987 -0.945265 0.31933
t 0.630812 0.315766 -0.708779
bt 0.0236723 -0.975764 0.217541
t 0.630812 0.315766 -0.708779
bt 0.0236723 -0.975764 0.217541
t 0.728286 0.140131 0.670793
bt -0.322533 -0.94442 0.0635875
t 0.653835 -0.191629 0.731969
bt -0.31938 -0.945249 0.0670786
t 0.709047 0.314271 0.631257
bt -0.217582 -0.975755 0.0236571
t 0.709047 0.314271 0.631257
bt -0.217582 -0.975755 0.0236571
t -0.69068 0.219927 0.688907
bt 0.00571757 -0.999981 0.00234337
t -0.662307 0.355651 0.65944
bt 0.0140961 -0.999882 -0.00603598
t -0.69068 0.219927 0.688907
bt 0.00571757 -0.999981 0.00234337
t -0.69068 0.219927 0.688907
bt 0.00571757 -0.999981 0.00234337
t -0.68891 0.219909 -0.690683
bt -0.0018801 -0.999979 0.00618083
t -0.659435 0.355671 -0.662302
bt 0.0134935 -0.999677 0.021552
t -0.68891 0.219909 -0.690683
bt -0.0018801 -0.999979 0.00618083
t -0.68891 0.219909 -0.690683
bt -0.0018801 -0.999979 0.00618083
t 0.687963 -0.225629 -0.689782
bt 0.0123586 -0.999715 -0.0204174
t 0.668688 -0.319779 -0.671266
bt -0.00131039 -0.999976 -0.00675051
t 0.687963 -0.225629 -0.689782
bt 0.0123586 -0.999715 -0.0204174
t 0.687963 -0.225629 -0.689782
bt 0.0123586 -0.999715 -0.0204174
t 0.689519 -0.227266 0.687687
bt 0.0204128 -0.999715 0.012354
t 0.664945 -0.345535 0.662159
bt 0.00672331 -0.999977 -0.00133759
t 0.689519 -0.227266 0.687687
bt 0.0204128 -0.999715 0.012354
t 0.689519 -0.227266 0.687687
bt 0.0204128 -0.999715 0.012354
t -0.883369 -0.347294 -0.314715
bt -0.107439 -0.565164 0.817953
t -0.872383 -0.481576 -0.0838565
bt -0.0620577 -0.547539 0.834476
t -0.883369 -0.347294 -0.314715
bt -0.107439 -0.565164 0.817953
t -0.88341 -0.347227 -0.314674
bt -0.107444 -0.565156 0.817958
t -0.314787 -0.347246 0.883363
bt 0.798173 -0.582142 0.155018
t -0.0838009 -0.481604 0.872373
bt 0.834509 -0.5475 0.0619594
t -0.314802 -0.34727 0.883348
bt 0.79821 -0.582081 0.155055
t -0.314802 -0.34727 0.883348
bt 0.79821 -0.582081 0.155055
t 0.868053 0.279587 -0.410262
bt -0.104456 -0.564048 -0.819108
t 0.843404 0.53617 0.0345138
bt -0.0937797 -0.560005 -0.823165
t 0.868093 0.279521 -0.410222
bt -0.104461 -0.56404 -0.819113
t 0.868093 0.279521 -0.410222
bt -0.104461 -0.56404 -0.819113
t 0.405186 0.283389 0.869204
bt 0.819142 -0.564016 -0.104371
t -0.0186753 0.529404 0.848164
bt 0.823199 -0.559969 -0.0936869
t 0.405186 0.283389 0.869204
bt 0.819142 -0.564016 -0.104371
t 0.405205 0.28342 0.869185
bt 0.819179 -0.563954 -0.104408
t -0.675045 -0.0278521 -0.73725
bt 0.594532 -0.534972 -0.600281
t -0.707104 -2.32351e-06 -0.707109
bt 0.587411 -0.534923 -0.607294
t -0.675045 -0.0278521 -0.73725
bt 0.594532 -0.534972 -0.600281
t -0.675045 -0.0278521 -0.73725
bt 0.594532 -0.534972 -0.600281
t -0.707107 4.21561e-08 0.707107
bt -0.581033 -0.534835 -0.613475
t -0.707138 -2.77593e-05 0.707076
bt -0.595661 -0.534975 -0.599158
t -0.707107 4.21561e-08 0.707107
bt -0.581033 -0.534835 -0.613475
t -0.707107 4.21561e-08 0.707107
bt -0.581033 -0.534835 -0.613475
t 0.722674 -0.0141626 -0.691043
bt 0.580448 -0.534825 0.614037
t 0.707104 2.31147e-06 -0.707109
bt 0.601206 -0.534968 0.5936
t 0.722674 -0.0141626 -0.691043
bt 0.580448 -0.534825 0.614037
t 0.722674 -0.0141626 -0.691043
bt 0.580448 -0.534825 0.614037
t 0.707107 -4.32278e-08 0.707107
bt -0.60098 -0.534969 0.593828
t 0.707138 2.7738e-05 0.707076
bt -0.593711 -0.534969 0.601096
t 0.707107 -4.32278e-08 0.707107
bt -0.60098 -0.534969 0.593828
t 0.707107 -4.32278e-08 0.707107
bt -0.60098 -0.534969 0.593828
t -0.309833 0.318574 0.895832
bt -0.838627 -0.528219 -0.133003
t -0.707107 0 0.707107
bt -0.834353 -0.532018 -0.144263
t -0.309846 0.318599 0.895818
bt -0.838663 -0.528153 -0.133039
t -0.309846 0.318599 0.895818
bt -0.838663 -0.528153 -0.133039
t -0.895867 0.318486 -0.309822
bt 0.0891728 -0.512698 -0.853926
t -0.707194 5.11617e-06 -0.70702
bt 0.0573197 -0.500708 -0.863717
t -0.895828 0.318557 -0.30986
bt 0.0891689 -0.512705 -0.853922
t -0.895815 0.318582 -0.309874
bt 0.0892057 -0.512637 -0.853959
t 0.8784 -0.2591 -0.401597
bt 0.124264 -0.525207 0.841853
t 0.707193 -5.14085e-06 -0.70702
bt 0.0388562 -0.493483 0.868887
t 0.878345 -0.259201 -0.401652
bt 0.124295 -0.52515 0.841884
t 0.878345 -0.259201 -0.401652
bt 0.124295 -0.52515 0.841884
t 0.373794 -0.277866 0.884912
bt -0.841894 -0.525172 0.124131
t 0.707107 0 0.707107
bt -0.868869 -0.49351 0.0389154
t 0.37381 -0.277895 0.884896
bt -0.84193 -0.525106 0.124167
t 0.37381 -0.277895 0.884896
bt -0.84193 -0.525106 0.124167
t -0.707137 -5.64405e-05 0.707077
bt 0.832365 -0.530091 0.161782
t -0.166839 -0.39325 0.904167
bt 0.889095 -0.456542 -0.0328431
t -0.707137 -5.64405e-05 0.707077
bt 0.832365 -0.530091 0.161782
t -0.707107 0 0.707107
bt 0.832329 -0.530157 0.161746
t -0.707134 -0.000117341 -0.70708
bt -0.0328514 -0.483822 0.874549
t -0.904169 -0.393232 -0.166876
bt -0.0329548 -0.483863 0.874523
t -0.707194 -4.45095e-06 -0.70702
bt -0.0328156 -0.48389 0.874514
t -0.707194 -4.45095e-06 -0.70702
bt -0.0328156 -0.48389 0.874514
t 0.707164 6.08901e-05 -0.70705
bt -0.0328418 -0.483903 -0.874505
t 0.89058 0.452949 -0.0412836
bt -0.0222717 -0.479597 -0.877206
t 0.707194 4.4365e-06 -0.70702
bt -0.0328432 -0.483901 -0.874506
t 0.707194 4.4365e-06 -0.70702
bt -0.0328432 -0.483901 -0.874506
t 0.707137 5.64449e-05 0.707077
bt 0.874541 -0.483835 -0.0328839
t 0.0237449 0.460558 0.887312
bt 0.877217 -0.479579 -0.0222279
t 0.707137 5.64449e-05 0.707077
bt 0.874541 -0.483835 -0.0328839
t 0.707107 0 0.707107
bt 0.874542 -0.483833 -0.0328853
t -0.665512 0.207972 0.716827
bt -0.208851 -0.977398 -0.0327924
t -0.711391 -0.292748 0.638922
bt -0.207622 -0.977616 -0.0340749
t -0.650591 0.20069 0.732431
bt -0.313387 -0.946762 -0.0736885
t -0.650591 0.20069 0.732431
bt -0.313387 -0.946762 -0.0736885
t -0.808863 0.343562 -0.477185
bt 0.0925874 -0.76101 -0.6421
t -0.785867 0.212465 -0.580751
bt 0.096572 -0.762586 -0.639637
t -0.782386 0.355483 -0.511374
bt 0.0654958 -0.82404 -0.562733
t -0.779593 0.305321 -0.546822
bt 0.0671701 -0.824703 -0.561564
t 0.805672 -0.314711 -0.501847
bt 0.076227 -0.75435 0.652031
t 0.786985 -0.216898 -0.57759
bt 0.0981731 -0.763215 0.638643
t 0.781037 -0.325097 -0.533191
bt 0.0512102 -0.818237 0.572595
t 0.777702 -0.285251 -0.560189
bt 0.0549635 -0.81973 0.570107
t 0.482594 -0.337345 0.808271
bt -0.652077 -0.754318 0.0761499
t 0.577594 -0.216892 0.786984
bt -0.638647 -0.763213 0.0981674
t 0.516057 -0.349213 0.782135
bt -0.572728 -0.818144 0.0512164
t 0.549207 -0.30198 0.779217
bt -0.570136 -0.819715 0.0548783
t 0 0 1
bt 0.658999 -0.657509 0.365243
t 0 0 1
bt 0.667696 -0.666187 -0.332231
t 0 0 1
bt 0.658999 -0.657509 0.365243
t 0 0 1
bt 0.658999 -0.657509 0.365243
t 0.707138 -3.1738e-05 0.707075
bt 0.604549 -0.580698 -0.545261
t 0.707107 0 0.707107
bt 0.432239 -0.570849 -0.69807
t 0.707167 2.58196e-05 0.707046
bt 0.604574 -0.580649 -0.545286
t 0.707167 2.58196e-05 0.707046
bt 0.604574 -0.580649 -0.545286
t 0.999959 0.00643714 0.0064499
bt 0.365415 -0.657555 -0.658858
t 1 0 0
bt -0.334783 -0.665644 -0.666963
t 0.999959 0.00643714 0.0064499
bt 0.365415 -0.657555 -0.658858
t 0.999959 0.00643714 0.0064499
bt 0.365415 -0.657555 -0.658858
t 0.707204 1.07938e-05 -0.70701
bt -0.545568 -0.580663 -0.604306
t 0.707163 -3.00416e-05 -0.70705
bt -0.696561 -0.571076 -0.434368
t 0.707204 1.07938e-05 -0.70701
bt -0.545568 -0.580663 -0.604306
t 0.707204 1.07938e-05 -0.70701
bt -0.545568 -0.580663 -0.604306
t -0.00101517 -0.00101288 -0.999999
bt -0.659001 -0.657511 -0.365235
t 0 0 -1
bt -0.6671 -0.665593 0.334609
t -0.00101517 -0.00101288 -0.999999
bt -0.659001 -0.657511 -0.365235
t -0.00101517 -0.00101288 -0.999999
bt -0.659001 -0.657511 -0.365235
t -0.707167 2.58462e-05 -0.707046
bt -0.604382 -0.580656 0.545492
t -0.707163 3.0056e-05 -0.707051
bt -0.434442 -0.571109 0.696487
t -0.707167 2.58462e-05 -0.707046
bt -0.604382 -0.580656 0.545492
t -0.707167 2.58462e-05 -0.707046
bt -0.604382 -0.580656 0.545492
t -1 -0.000510977 0.000511989
bt -0.365972 -0.6574 0.658703
t -0.999991 0.00296792 -0.00297381
bt 0.388456 -0.65093 0.65222
t -1 -0.000510977 0.000511989
bt -0.365972 -0.6574 0.658703
t -1 -0.000510977 0.000511989
bt -0.365972 -0.6574 0.658703
t -0.875872 0.227405 0.425599
bt 0.569544 -0.581189 0.581239
t -0.841326 0.164933 0.51475
bt 0.734112 -0.562701 0.380063
t -0.875908 0.227334 0.425563
bt 0.569568 -0.581143 0.581262
t -0.875908 0.227334 0.425563
bt 0.569568 -0.581143 0.581262
t 0 0 1
bt 0 -1 0
t 0 0 1
bt 0 -1 0
t 0 0 1
bt 0 -1 0
t 0 0 1
bt 0 -1 0
t 0.707107 0 0.707107
bt 0 -1 0
t 0.707107 0 0.707107
bt 0 -1 0
t 0.707107 0 0.707107
bt 0 -1 0
t 0.707107 0 0.707107
bt 0 -1 0
t 1 0 0
bt 0 -1 0
t 1 0 0
bt 0 -1 0
t 1 0 0
bt 0 -1 0
t 1 0 0
bt 0 -1 0
t 0.707107 0 -0.707107
bt 0 -1 0
t 0.707107 0 -0.707107
bt 0 -1 0
t 0.707107 0 -0.707107
bt 0 -1 0
t 0.707107 0 -0.707107
bt 0 -1 0
t 0 0 -1
bt 0 -1 0
t 0 0 -1
bt 0 -1 0
t 0 0 -1
bt 0 -1 0
t 0 0 -1
bt 0 -1 0
t -0.707107 0 -0.707107
bt 0 -1 0
t -0.707107 0 -0.707107
bt 0 -1 0
t -0.707107 0 -0.707107
bt 0 -1 0
t -0.707107 0 -0.707107
bt 0 -1 0
t -1 0 0
bt 0 -1 0
t -1 0 0
bt 0 -1 0
t -1 0 0
bt 0 -1 0
t -1 0 0
bt 0 -1 0
t -0.707107 0 0.707107
bt 0 -1 0
t -0.707107 0 0.707107
bt 0 -1 0
t -0.707107 0 0.707107
bt 0 -1 0
t -0.707107 0 0.707107
bt 0 -1 0
t 0 0 1
bt -0.519841 -0.801055 -0.296775
t -0.00207857 -0.003203 0.999993
bt -0.524096 -0.807612 0.270345
t 0 0 1
bt -0.519841 -0.801055 -0.296775
t 0 0 1
bt -0.519841 -0.801055 -0.296775
t 0.99997 0.0065061 -0.00422132
bt -0.296916 -0.801062 0.51975
t 0.99997 0.00644417 -0.00418114
bt 0.294922 -0.801581 0.520086
t 0.99997 0.0065061 -0.00422132
bt -0.296916 -0.801062 0.51975
t 0.99997 0.0065061 -0.00422132
bt -0.296916 -0.801062 0.51975
t 0.000707055 -0.00108955 -0.999999
bt 0.52376 -0.807094 0.272534
t 0.000693882 -0.00106925 -0.999999
bt 0.520162 -0.80155 -0.294873
t 0.000707055 -0.00108955 -0.999999
bt 0.52376 -0.807094 0.272534
t 0.000707055 -0.00108955 -0.999999
bt 0.52376 -0.807094 0.272534
t -1 -0.00054471 -0.000353422
bt 0.297371 -0.800944 -0.519673
t -1 -0.000534424 -0.000346748
bt -0.0613662 -0.837312 -0.54327
t -1 -0.00054471 -0.000353422
bt 0.297371 -0.800944 -0.519673
t -1 -0.00054471 -0.000353422
bt 0.297371 -0.800944 -0.519673
t -0.578607 0.170775 0.797527
bt -0.469012 -0.740885 -0.480747
t -0.655697 0.0746005 0.751329
bt -0.515391 -0.739645 -0.432778
t -0.578607 0.170775 0.797527
bt -0.469012 -0.740885 -0.480747
t -0.578607 0.170775 0.797527
bt -0.469012 -0.740885 -0.480747
t -0.707128 3.32106e-05 -0.707085
bt 0.498302 -0.740495 -0.450957
t -0.707146 -4.47892e-05 -0.707068
bt 0.449567 -0.740481 -0.499577
t -0.707128 3.32106e-05 -0.707085
bt 0.498302 -0.740495 -0.450957
t -0.707128 3.32106e-05 -0.707085
bt 0.498302 -0.740495 -0.450957
t 0.707128 3.3215e-05 0.707085
bt -0.500468 -0.740414 0.448687
t 0.707107 -3.04413e-08 0.707107
bt -0.449517 -0.740444 0.499677
t 0.707128 3.3215e-05 0.707085
bt -0.500468 -0.740414 0.448687
t 0.707128 3.3215e-05 0.707085
bt -0.500468 -0.740414 0.448687
t 0.707153 -7.19421e-05 -0.707061
bt 0.450998 -0.740497 0.498262
t 0.707129 -3.53094e-05 -0.707084
bt 0.502055 -0.740349 0.447017
t 0.707153 -7.19421e-05 -0.707061
bt 0.450998 -0.740497 0.498262
t 0.707153 -7.19421e-05 -0.707061
bt 0.450998 -0.740497 0.498262
t 0 0 -1
bt 0 1 0
t 0 0 -1
bt 0 1 0
t 0 0 -1
bt 0 1 0
t 0 0 -1
bt 0 1 0
t -0.707107 0 -0.707107
bt 0 1 0
t -0.707107 0 -0.707107
bt 0 1 0
t -0.707107 0 -0.707107
bt 0 1 0
t -0.707107 0 -0.707107
bt 0 1 0
t -1 0 0
bt 0 1 0
t -1 0 0
bt 0 1 0
t -1 0 0
bt 0 1 0
t -1 0 0
bt 0 1 0
t -0.707107 0 0.707107
bt 0 1 0
t -0.707107 0 0.707107
bt 0 1 0
t -0.707107 0 0.707107
bt 0 1 0
t -0.707107 0 0.707107
bt 0 1 0
t 0 0 1
bt 0 1 0
t 0 0 1
bt 0 1 0
t 0 0 1
bt 0 1 0
t 0 0 1
bt 0 1 0
t 0.707157 0 0.707057
bt 0 1 0
t 0.707157 0 0.707057
bt 0 1 0
t 0.707157 0 0.707057
bt 0 1 0
t 0.707157 0 0.707057
bt 0 1 0
t 1 0 0
bt 0 1 0
t 1 0 0
bt 0 1 0
t 1 0 0
bt 0 1 0
t 1 0 0
bt 0 1 0
t 0.707107 0 -0.707107
bt 0 1 0
t 0.707107 0 -0.707107
bt 0 1 0
t 0.707107 0 -0.707107
bt 0 1 0
t 0.707107 0 -0.707107
bt 0 1 0
t 0.0877851 0.185487 0.978718
bt 0.76792 -0.224229 0.600017
t 0.259703 0.00585282 0.965671
bt 0.647478 -0.450285 -0.61483
t -0.259686 -0.00586258 0.965675
bt 0.632048 -0.444839 0.634534
t -0.291412 -0.0831324 0.952978
bt 0.626655 -0.444966 0.639772
t 0.978718 0.185487 -0.0877851
bt 0.600078 -0.224197 -0.767882
t 0.965675 0.00586301 -0.259685
bt -0.634104 -0.444962 -0.632393
t 0.991037 -0.117081 0.0643307
bt 0.632429 -0.445477 -0.633706
t 0.952972 -0.0831473 0.291429
bt 0.639511 -0.444962 -0.626924
t -0.29143 0.0831466 -0.952972
bt -0.851864 -0.460806 0.248969
t -0.259704 0.00585201 -0.965671
bt -0.647525 -0.450301 0.614769
t 0.259683 -0.00586423 -0.965676
bt -0.841209 -0.495455 -0.216544
t 0.291446 -0.0831381 -0.952968
bt -0.857564 -0.459416 -0.231346
t -0.978719 0.185488 0.0877643
bt -0.600071 -0.224146 0.767902
t -0.991037 0.117081 0.0643307
bt 0.616974 -0.44975 0.645809
t -0.991023 -0.117171 -0.0643797
bt -0.632415 -0.445534 0.63368
t -0.952975 -0.0831246 -0.291427
bt -0.639515 -0.445015 0.626883
t -0.762377 -0.217558 0.609467
bt 0.609589 -0.451703 0.651434
t -0.746582 -0.135071 0.651438
bt 0.609622 -0.450128 0.652492
t -0.762376 0.217492 -0.609492
bt -0.637946 -0.443944 0.629237
t 0.762368 0.217564 0.609475
bt 0.637953 -0.443889 -0.629268
t 0.651361 -0.135109 0.746642
bt 0.651655 -0.45003 -0.610589
t 0.291446 -0.0831381 -0.952968
bt -0.857564 -0.459416 -0.231346
t 0.259683 -0.00586423 -0.965676
bt -0.841209 -0.495455 -0.216544
t 0.746682 -0.13508 -0.651321
bt -0.638002 -0.445297 -0.628222
t -0.252725 0 0.967538
bt 0.944799 0 0.327652
t 0.252725 0 0.967538
bt 0.940653 0 -0.339371
t 0.252725 0 0.967538
bt 0.993787 0 0.111303
t 0 0 1
bt 0.942613 0 0.333887
t 0.707088 0 0.707126
bt 0.315175 0 -0.949034
t 0.707107 0 0.707107
bt 0.936079 0 -0.351791
t 1 0 0
bt 0.333922 0 -0.942601
t 0.967543 0 -0.252708
bt -0.3396 0 -0.94057
t 0.967543 0 -0.252707
bt 0.111146 0 -0.993804
t 1 0 0
bt 0.333922 0 -0.942601
t 0.505449 0 -0.862856
bt -0.946681 0 -0.322171
t 0.707148 0 -0.707066
bt -0.35234 0 -0.935872
t 0 0 -1
bt -0.942899 0 0.333078
t 0 0 -1
bt -0.942614 0 -0.333884
t 0 0 -1
bt -0.942614 0 -0.333884
t -0.707148 0 -0.707066
bt -0.935914 0 0.352228
t -0.862298 0 -0.506402
bt -0.322099 0 0.946706
t -0.707148 0 -0.707066
bt -0.935914 0 0.352228
t -0.707148 0 -0.707066
bt -0.935914 0 0.352228
t -0.985149 0 0.171704
bt 0.209257 0 0.977861
t -0.999994 0 -0.00350891
bt -0.33357 0 0.942725
t -0.999994 0 -0.00350891
bt -0.33357 0 0.942725
t -0.985149 0 0.171704
bt 0.209257 0 0.977861
t -0.866273 0 0.49957
bt 0.58474 0 0.811221
t -0.866273 0 0.49957
bt 0.58474 0 0.811221
t 0.252717 0 0.96754
bt -0.944799 0 0.327651
t -0.252725 0 0.967538
bt -0.942004 0 -0.335601
t -0.252725 0 0.967538
bt -0.993359 0 0.115054
t 0 0 1
bt -0.942613 0 0.333887
t -0.862856 0 0.505449
bt -0.504111 0 -0.863639
t -0.707107 0 0.707107
bt -0.940237 0 -0.34052
t -0.862856 0 0.505449
bt -0.504111 0 -0.863639
t -0.967543 0 -0.252707
bt 0.339585 0 -0.940575
t -0.967543 0 -0.252707
bt 0.111498 0 -0.993765
t -1 0 0
bt -0.0114777 0 -0.999934
t -0.505431 0 -0.862867
bt 0.946703 0 -0.322109
t -0.707148 0 -0.707066
bt 0.352338 0 -0.935873
t 0 0 -1
bt 0.942878 0 0.333138
t 0 0 -1
bt 0.942636 0 -0.333823
t 0 0 -1
bt 0.942636 0 -0.333823
t 0.707148 0 -0.707066
bt 0.935892 0 0.352287
t 0.862856 0 -0.505449
bt 0.322231 0 0.946661
t 0.707148 0 -0.707066
bt 0.935892 0 0.352287
t 0.707148 0 -0.707066
bt 0.935892 0 0.352287
t 1 0 -1.29875e-06
bt -0.333175 0 0.942865
t 0.967538 0 0.252725
bt 0.111338 0 0.993783
t 1 0 0
bt 0.333955 0 0.942589
t 0.707107 0 0.707107
bt -0.351835 0 0.936062
t 0.707107 0 0.707107
bt -0.351835 0 0.936062

