g sponza_33
t -0.999984 0 -0.00565997
bt 0.000309832 0 1
t -1 0 0
bt -0.0412745 0 0.999148
t -1 0 0.000416094
bt 0.00030448 0 1
t -0.999991 0 -0.00424495
bt 0.00022836 0 1
t -0.999996 0 -0.00266883
bt 0 0 1
t -1 0 0
bt -1.60549e-05 0 1
t -0.999834 0 -0.0182275
bt 0 0 1
t 1 0 0
bt -4.76658e-05 -1 0
t 1 0 0
bt 0 -1 0
t 1 0 0
bt -4.76658e-05 -1 0
t 1 0 0
bt -4.76658e-05 -1 0
t 0 0 -1
bt 0 -1 0.000529945
t 0 0 -1
bt 0 -1 0.000114005
t 0 0 -1
bt 0 -1 0.000529945
t 0 0 -1
bt 0 -1 0.000529945
t -1 0 0
bt 0.00241793 -0.992868 -0.119196
t -1 0 0
bt 0.00106985 -0.99287 -0.119196
t -1 0 0
bt 0.00124459 -0.981803 -0.1899
t -1 0 0
bt 0.00155112 -0.977658 -0.210194
t 0 0 -1
bt 0.119196 -0.992868 0.00242219
t -4.38428e-07 2.03908e-06 -1
bt 0.210194 -0.977657 0.00212032
t -1.46211e-07 6.80012e-07 -1
bt 0.210194 -0.977658 0.0016047
t 0 0 -1
bt 0.119196 -0.992868 0.00242219
t 1 0 0
bt 0.000284373 -1 0
t 1 0 0
bt 0 -1 0
t 1 0 0
bt 0.000284373 -1 0
t 1 0 0
bt 0.000284373 -1 0
t 0 0 -1
bt 0 -1 -0.000305512
t 0 0 -1
bt 0 -1 0.000307619
t 0 0 -1
bt 0 -1 -0.000305512
t 0 0 -1
bt 0 -1 -0.000305512
t -1 0 0
bt 0.591779 -0.532827 -0.604891
t -1 0 0
bt 0.170127 -0.651357 -0.739453
t -1 0 0
bt 0.591779 -0.532827 -0.604891
t -1 0 0
bt 0.591779 -0.532827 -0.604891
t 0 0 -1
bt 0.602963 -0.530977 0.595398
t 0.000951509 -0.000837911 -0.999999
bt 0.605016 -0.532785 -0.591689
t 0 0 -1
bt 0.602963 -0.530977 0.595398
t 0 0 -1
bt 0.602963 -0.530977 0.595398
t -1 0 0
bt -0.00115158 -0.765377 0.643581
t -1 0 0
bt -0.00585241 -0.765365 0.64357
t -1 0 0
bt -0.00115158 -0.765377 0.643581
t -1 0 0
bt -0.00115158 -0.765377 0.643581
t 0 0 -1
bt -0.643689 -0.765287 -0.000608451
t 0 0 -1
bt -0.643689 -0.765287 0.000604479
t 0 0 -1
bt -0.643689 -0.765287 -0.000608451
t 0 0 -1
bt -0.643689 -0.765287 -0.000608451
t -1 0 0
bt -0.00326601 -0.729487 -0.683987
t -1 0 0
bt 0.00923774 -0.729459 -0.683962
t -1 0 0
bt -0.00326601 -0.729487 -0.683987
t -1 0 0
bt -0.00326601 -0.729487 -0.683987
t 0 0 -1
bt 0.684036 -0.729439 -0.00369503
t 0 0 -1
bt 0.684017 -0.729418 -0.00842537
t 0 0 -1
bt 0.684036 -0.729439 -0.00369503
t 0 0 -1
bt 0.684036 -0.729439 -0.00369503
t -1 0 0
bt 0.00177429 -0.729489 0.68399
t -1 0 0
bt -0.00936542 -0.729458 0.683961
t -1 0 0
bt 0.00177429 -0.729489 0.68399
t -1 0 0
bt 0.00177429 -0.729489 0.68399
t 0 0 -1
bt -0.684039 -0.729442 0.00235224
t 0 0 -1
bt -0.684006 -0.729406 0.0101113
t 0 0 -1
bt -0.684039 -0.729442 0.00235224
t 0 0 -1
bt -0.684039 -0.729442 0.00235224
t -1 0 0
bt -9.66182e-05 -0.927306 -0.374303
t -1 0 0
bt -0.00115939 -0.94013 -0.340814
t -1 0 0
bt -4.30147e-05 -0.90095 -0.433924
t -1 0 0
bt -4.30147e-05 -0.90095 -0.433924
t 0 0 -1
bt 0.374388 -0.927272 0.000333931
t 0 0 -1
bt 0.434005 -0.90091 -0.000439411
t 0 0 -1
bt 0.434005 -0.90091 0.00047079
t -2.47001e-07 6.11719e-07 -1
bt 0.374388 -0.927272 0.0002975
t 0.579485 0.25512 -0.774022
bt 0.558813 -0.82623 0.0712139
t 0.558576 0.287703 -0.777959
bt 0.570629 -0.819417 0.0542023
t 0.580082 0.213405 -0.786106
bt 0.634185 -0.765978 0.105298
t 0.580082 0.213405 -0.786106
bt 0.634185 -0.765978 0.105298
t -0.707107 4.09095e-08 -0.707107
bt -6.86574e-05 -1 0.000497033
t -0.707107 0 -0.707107
bt -1.78723e-05 -1 0.000547818
t -0.707107 4.09095e-08 -0.707107
bt -6.86574e-05 -1 0.000497033
t -0.707107 4.09095e-08 -0.707107
bt -6.86574e-05 -1 0.000497033
t 0.707107 8.17265e-09 -0.707107
bt -9.1719e-05 -1 -0.000473971
t 0.707107 -3.63718e-08 -0.707107
bt -0.000703176 -1 0.000137486
t 0.707107 8.17265e-09 -0.707107
bt -9.1719e-05 -1 -0.000473971
t 0.707107 8.17265e-09 -0.707107
bt -9.1719e-05 -1 -0.000473971
t -0.72819 0.140159 -0.670891
bt 0.322511 -0.944428 -0.0635749
t -0.653731 -0.191618 -0.732065
bt 0.31935 -0.94526 -0.0670765
t -0.709047 0.31427 -0.631258
bt 0.217576 -0.975757 -0.0236629
t -0.709047 0.31427 -0.631258
bt 0.217576 -0.975757 -0.0236629
t 0.690681 0.219925 -0.688908
bt -0.00571588 -0.999981 -0.00234506
t 0.662315 0.355623 -0.659448
bt -0.0141071 -0.999882 0.00604696
t 0.690681 0.219925 -0.688908
bt -0.00571588 -0.999981 -0.00234506
t 0.690681 0.219925 -0.688908
bt -0.00571588 -0.999981 -0.00234506
t -0.689517 -0.227277 -0.687685
bt -0.0204226 -0.999715 -0.0123638
t -0.664945 -0.345534 -0.662159
bt -0.00672506 -0.999977 0.00133585
t -0.689517 -0.227277 -0.687685
bt -0.0204226 -0.999715 -0.0123638
t -0.689517 -0.227277 -0.687685
bt -0.0204226 -0.999715 -0.0123638
t 0.314815 -0.347227 -0.88336
bt -0.798178 -0.582138 -0.155007
t 0.0838676 -0.481571 -0.872385
bt -0.834504 -0.547506 -0.0619752
t 0.314815 -0.347227 -0.88336
bt -0.798178 -0.582138 -0.155007
t 0.314815 -0.347227 -0.88336
bt -0.798178 -0.582138 -0.155007
t -0.405207 0.283373 -0.869199
bt -0.819138 -0.56402 0.10438
t 0.0186031 0.529373 -0.848185
bt -0.823197 -0.559972 0.0936934
t -0.405207 0.283373 -0.869199
bt -0.819138 -0.56402 0.10438
t -0.405207 0.283373 -0.869199
bt -0.819138 -0.56402 0.10438
t 0.707126 -1.68475e-05 -0.707088
bt 0.58102 -0.534835 0.613488
t 0.707117 -9.23198e-06 -0.707097
bt 0.595648 -0.534975 0.599171
t 0.707126 -1.68475e-05 -0.707088
bt 0.58102 -0.534835 0.613488
t 0.707126 -1.68475e-05 -0.707088
bt 0.58102 -0.534835 0.613488
t -0.70713 2.10222e-05 -0.707083
bt 0.600977 -0.534969 -0.59383
t -0.707107 0 -0.707107
bt 0.593715 -0.534969 -0.601091
t -0.70713 2.10222e-05 -0.707083
bt 0.600977 -0.534969 -0.59383
t -0.70713 2.10222e-05 -0.707083
bt 0.600977 -0.534969 -0.59383
t 0.309823 0.318613 -0.895821
bt 0.838683 -0.528134 0.132984
t 0.707179 1.07329e-05 -0.707035
bt 0.834415 -0.531929 0.144232
t 0.309823 0.318613 -0.895821
bt 0.838683 -0.528134 0.132984
t 0.309784 0.318542 -0.89586
bt 0.838689 -0.528124 0.13299
t -0.373822 -0.277887 -0.884893
bt 0.841929 -0.525107 -0.124172
t -0.707208 2.10068e-05 -0.707005
bt 0.868918 -0.493425 -0.0389102
t -0.373822 -0.277887 -0.884893
bt 0.841929 -0.525107 -0.124172
t -0.373806 -0.277858 -0.884909
bt 0.841892 -0.525174 -0.124136
t 0.707179 -1.13371e-05 -0.707034
bt -0.832406 -0.530057 -0.161678
t 0.166808 -0.39325 -0.904174
bt -0.889055 -0.456619 0.0328684
t 0.707179 -1.13371e-05 -0.707034
bt -0.832406 -0.530057 -0.161678
t 0.707179 -1.13371e-05 -0.707034
bt -0.832406 -0.530057 -0.161678
t -0.707209 -2.02298e-05 -0.707005
bt -0.874547 -0.483826 0.0328607
t -0.0236308 0.46052 -0.887335
bt -0.877218 -0.479578 0.0222306
t -0.707209 -2.02298e-05 -0.707005
bt -0.874547 -0.483826 0.0328607
t -0.707209 -2.02298e-05 -0.707005
bt -0.874547 -0.483826 0.0328607
t 0.665505 0.207997 -0.716826
bt 0.208839 -0.9774 0.0328046
t 0.711394 -0.292723 -0.63893
bt 0.207606 -0.977618 0.0340913
t 0.650583 0.200714 -0.732432
bt 0.31337 -0.946766 0.0737066
t 0.650583 0.200714 -0.732432
bt 0.31337 -0.946766 0.0737066
t -0.48248 -0.337477 -0.808284
bt 0.652069 -0.754324 -0.0761644
t -0.577569 -0.216927 -0.786992
bt 0.638642 -0.763216 -0.0981746
t -0.515908 -0.349291 -0.782199
bt 0.572631 -0.818215 -0.0511568
t -0.549059 -0.302013 -0.779309
bt 0.57009 -0.819748 -0.054866
t 0 0 -1
bt -0.659001 -0.657512 -0.365235
t 0 0 -1
bt -0.667696 -0.666187 0.33223
t 0 0 -1
bt -0.659001 -0.657512 -0.365235
t 0 0 -1
bt -0.659001 -0.657512 -0.365235
t -0.707102 5.06304e-06 -0.707112
bt -0.604552 -0.580698 0.545258
t -0.707107 0 -0.707107
bt -0.432243 -0.570849 0.698066
t -0.707131 6.26174e-05 -0.707083
bt -0.604577 -0.580649 0.545283
t -0.707131 6.26174e-05 -0.707083
bt -0.604577 -0.580649 0.545283
t -0.999959 0.00638051 -0.00639315
bt -0.133964 -0.700039 0.701426
t -1 0 0
bt -0.335007 -0.665587 0.666906
t -0.999959 0.00638051 -0.00639315
bt -0.133964 -0.700039 0.701426
t -0.999959 0.00638051 -0.00639315
bt -0.133964 -0.700039 0.701426
t 0.875872 0.227404 -0.425602
bt -0.569545 -0.581189 -0.581238
t 0.841306 0.164902 -0.514792
bt -0.734124 -0.562698 -0.380044
t 0.875908 0.227332 -0.425566
bt -0.569569 -0.581143 -0.581261
t 0.875908 0.227332 -0.425566
bt -0.569569 -0.581143 -0.581261
t 0 0 -1
bt 0 -1 0
t 0 0 -1
bt 0 -1 0
t 0 0 -1
bt 0 -1 0
t 0 0 -1
bt 0 -1 0
t -0.707107 0 -0.707107
bt 0 -1 0
t -0.707107 0 -0.707107
bt 0 -1 0
t -0.707107 0 -0.707107
bt 0 -1 0
t -0.707107 0 -0.707107
bt 0 -1 0
t -1 0 0
bt 0 -1 0
t -1 0 0
bt 0 -1 0
t -1 0 0
bt 0 -1 0
t -1 0 0
bt 0 -1 0
t 0.707107 0 -0.707107
bt 0 -1 0
t 0.707107 0 -0.707107
bt 0 -1 0
t 0.707107 0 -0.707107
bt 0 -1 0
t 0.707107 0 -0.707107
bt 0 -1 0
t 0 0 -1
bt 0.519774 -0.801099 0.296776
t 0.00207818 -0.00320298 -0.999993
bt 0.524028 -0.807656 -0.270346
t 0 0 -1
bt 0.519774 -0.801099 0.296776
t 0 0 -1
bt 0.519774 -0.801099 0.296776
t -0.999969 0.00658988 0.0042749
bt 0.294969 -0.801612 -0.520011
t -0.999969 0.00658557 0.0042721
bt 0.049453 -0.837913 -0.543559
t -0.999969 0.00658988 0.0042749
bt 0.294969 -0.801612 -0.520011
t -0.999969 0.00658988 0.0042749
bt 0.294969 -0.801612 -0.520011
t 0.5786 0.170783 -0.797531
bt 0.469019 -0.740885 0.480739
t 0.655626 0.074617 -0.75139
bt 0.515283 -0.739732 0.432758
t 0.578609 0.170795 -0.797522
bt 0.46898 -0.740935 0.4807
t 0.5786 0.170783 -0.797531
bt 0.469019 -0.740885 0.480739
t -0.707103 -5.53211e-06 -0.70711
bt 0.500389 -0.740465 -0.448689
t -0.707075 -4.89014e-05 -0.707138
bt 0.449538 -0.740496 -0.499581
t -0.707103 -5.53211e-06 -0.70711
bt 0.500389 -0.740465 -0.448689
t -0.70714 -5.30277e-05 -0.707073
bt 0.500366 -0.740495 -0.448666
t 0 0 1
bt 0 1 0
t 0 0 1
bt 0 1 0
t 0 0 1
bt 0 1 0
t 0 0 1
bt 0 1 0
t 0.707107 0 0.707107
bt 0 1 0
t 0.707107 0 0.707107
bt 0 1 0
t 0.707107 0 0.707107
bt 0 1 0
t 0.707107 0 0.707107
bt 0 1 0
t -1 0 0
bt 0 1 0
t -1 0 0
bt 0 1 0
t -1 0 0
bt 0 1 0
t -1 0 0
bt 0 1 0
t -0.707107 0 0.707107
bt 0 1 0
t -0.707107 0 0.707107
bt 0 1 0
t -0.707107 0 0.707107
bt 0 1 0
t -0.707107 0 0.707107
bt 0 1 0
t -0.0877851 0.185487 -0.978718
bt -0.767903 -0.224214 -0.600044
t -0.259679 0.00586695 -0.965677
bt -0.647481 -0.450286 0.614826
t 0.259681 -0.00586586 -0.965677
bt -0.632022 -0.44483 -0.634566
t 0.291386 -0.0831467 -0.952985
bt -0.626633 -0.444962 -0.639797
t -1 0 0
bt -0.632674 -0.443991 0.634505
t -1 0 0
bt -0.161839 -0.565763 0.808529
t -0.965655 -0.00590007 -0.259761
bt -0.634278 -0.445054 0.632153
t -0.952968 -0.0831111 -0.291452
bt -0.63951 -0.445016 0.626888
t 0.762313 -0.217536 -0.609554
bt -0.609572 -0.451759 -0.651411
t 0.871137 -0.0299116 -0.490128
bt -0.612065 -0.449793 -0.650433
t -0.651305 -0.135069 -0.746698
bt -0.651655 -0.45003 0.610589
t 0.252709 0 -0.967542
bt -0.944793 0 -0.327669
t -0.252725 0 -0.967538
bt -0.940645 0 0.339392
t -0.252725 0 -0.967538
bt -0.993786 0 -0.11131
t 0 0 -1
bt -0.942607 0 -0.333905
t -0.707088 0 -0.707126
bt -0.315195 0 0.949027
t -0.707107 0 -0.707107
bt -0.936071 0 0.35181
t -1 0 0
bt -0.12033 0 0.992734
t -1 0 0
bt -0.33319 0 0.94286
t -1 0 0
bt -0.12033 0 0.992734
t -1 0 0
bt -0.12033 0 0.992734
t 0.93917 0 -0.343453
bt -0.409718 0 -0.912212
t 0.866238 0 -0.499632
bt -0.584749 0 -0.811215
t 0.866238 0 -0.499632
bt -0.584749 0 -0.811215
t -0.252717 0 -0.96754
bt 0.944792 0 -0.32767
t 0.252709 0 -0.967542
bt 0.941997 0 0.335621
t 0.252709 0 -0.967542
bt 0.993358 0 -0.115062
t 0 0 -1
bt 0.942607 0 -0.333905
t 0.707069 0 -0.707145
bt 0.70187 0 0.712305
t 0.707069 0 -0.707145
bt 0.940232 0 0.340535
t 1 0 0
bt -0.253198 0 0.967415
t 1 0 0
bt 0.00834683 0 0.999965
t 1 0 0
bt -0.253198 0 0.967415
t 1 0 0
bt -0.253198 0 0.967415
t -0.862856 0 -0.505449
bt 0.345648 0 -0.938364
t -0.707107 0 -0.707107
bt 0.351854 0 -0.936055
t -0.862856 0 -0.505449
bt 0.27643 0 -0.961034
t 1 -2.71304e-06 5.55244e-07
bt -0.0021204 -0.979692 0.200499
t 1 0 0
bt 0 -0.992871 0.119196
t 1 -2.78585e-06 3.34468e-07
bt -0.00316981 -0.992866 0.119196
t 1 -1.80076e-06 3.87186e-07
bt -0.00212197 -0.977657 0.210194
t 0.999999 0.00109339 -0.00124127
bt 0.582967 -0.537054 0.60969
t 1 0 0
bt -0.340551 -0.621483 0.705538
t 0.999999 0.00109339 -0.00124127
bt 0.582967 -0.537054 0.60969
t 0.999999 0.00109339 -0.00124127
bt 0.582967 -0.537054 0.60969
t 1 0 0
bt 0 -0.765378 -0.643581
t 1 0 0
bt -0.000455138 -0.765378 -0.643581
t 1 0 0
bt 0 -0.765378 -0.643581
t 1 0 0
bt 0 -0.765378 -0.643581
t 1 0 0
bt -0.00345209 -0.729486 0.683987
t 1 -9.29763e-07 8.71724e-07
bt 0 -0.72949 0.683991
t 1 0 0
bt -0.00345209 -0.729486 0.683987
t 1 0 0
bt -0.00345209 -0.729486 0.683987
t 1 0 0
bt 0 -0.72949 -0.683991
t 1 0 0
bt 0.00196966 -0.729489 -0.68399
t 1 0 0
bt 0 -0.72949 -0.683991
t 1 0 0
bt 0 -0.72949 -0.683991
t 1 0 0
bt 0.000511551 -0.900949 0.433924
t 1 0 0
bt 2.72192e-07 -0.933573 0.358388
t 1 0 0
bt 0.000342033 -0.927306 0.374303
t 1 0 0
bt 0.000511551 -0.900949 0.433924
t 1 -0.000676634 -0.000677975
bt 0.145917 -0.698846 -0.700231
t 0.999991 0.00298289 0.0029888
bt -0.388516 -0.650913 -0.652203
t 1 -0.000676634 -0.000677975
bt 0.145917 -0.698846 -0.700231
t 1 -0.000676634 -0.000677975
bt 0.145917 -0.698846 -0.700231
t 1 0 0
bt 0 -1 0
t 1 0 0
bt 0 -1 0
t 1 0 0
bt 0 -1 0
t 1 0 0
bt 0 -1 0
t 1 -0.0007057 0.000457876
bt 0.0614525 -0.837308 0.543267
t 1 -0.000714763 0.000463757
bt -0.214462 -0.819374 0.531631
t 1 -0.0007057 0.000457876
bt 0.0614525 -0.837308 0.543267
t 1 -0.0007057 0.000457876
bt 0.0614525 -0.837308 0.543267
t 1 0 0
bt 0.39199 -0.527395 -0.753789
t 0.991023 0.117171 -0.0643797
bt 0.376132 -0.401058 -0.83527
t 1 0 0
bt 0.39199 -0.527395 -0.753789
t 0.999994 0 0.00336144
bt 0.253197 0 -0.967415
t 0.93917 0 -0.343453
bt -0.409718 0 -0.912212
t 0.999994 0 0.00336144
bt 0.253197 0 -0.967415
t 0.999994 0 0.00336144
bt 0.253197 0 -0.967415
t -1 0 0
bt 0 -0.979694 0.200499
t -1 0 0
bt 0.00304743 -0.977676 0.210096
t -1 0 0
bt 0 -0.992871 0.119196
t -1 0 0
bt 0 -0.992871 0.119196
t -1 0 0
bt 0.340581 -0.621476 0.70553
t -0.999999 0.000824103 -0.000935563
bt -0.509794 -0.56865 0.64556
t -1 0 0
bt 0.340581 -0.621476 0.70553
t -1 0 0
bt 0.340581 -0.621476 0.70553
t -1 0 0
bt 0 -0.765378 -0.643581
t -1 0 0
bt -0.00866322 -0.765349 -0.643557
t -1 0 0
bt 0 -0.765378 -0.643581
t -1 0 0
bt 0 -0.765378 -0.643581
t -1 -1.0313e-06 9.66922e-07
bt 0 -0.72949 0.683991
t -1 0 0
bt 0.00208018 -0.729489 0.68399
t -1 -1.0313e-06 9.66922e-07
bt 0 -0.72949 0.683991
t -1 -1.0313e-06 9.66922e-07
bt 0 -0.72949 0.683991
t -1 0 0
bt 0 -0.72949 -0.683991
t -1 0 0
bt -0.00207956 -0.729489 -0.68399
t -1 0 0
bt 0 -0.72949 -0.683991
t -1 0 0
bt 0 -0.72949 -0.683991
t -1 0 0
bt 0 -0.90095 0.433924
t -1 0 0
bt 0.00138155 -0.900949 0.433923
t -1 0 0
bt -0.000930938 -0.927272 0.374388
t -1 0 0
bt 0 -0.933573 0.358388
t -0.999999 -0.00076454 -0.000766056
bt -0.145903 -0.698847 -0.700232
t -0.999989 0.00329764 0.00330417
bt 0.334332 -0.665757 -0.667076
t -0.999999 -0.00076454 -0.000766056
bt -0.145903 -0.698847 -0.700232
t -0.999999 -0.00076454 -0.000766056
bt -0.145903 -0.698847 -0.700232
t -1 0 0
bt 0 -1 0
t -1 0 0
bt 0 -1 0
t -1 0 0
bt 0 -1 0
t -1 0 0
bt 0 -1 0
t -1 -0.000807624 0.000524007
bt 0.214442 -0.819378 0.531634
t -1 0 0
bt -0.0471517 -0.83796 0.54369
t -1 -0.000807624 0.000524007
bt 0.214442 -0.819378 0.531634
t -1 -0.000807624 0.000524007
bt 0.214442 -0.819378 0.531634
t -1 0 0
bt -0.39197 -0.5274 -0.753797
t -1 0 0
bt 0.544301 -0.480914 -0.687356
t -1 0 0
bt -0.39197 -0.5274 -0.753797
t -1 0 0
bt -0.39197 -0.5274 -0.753797
t -0.999993 0 0.00371758
bt -0.253221 0 -0.967408
t -1 0 0
bt -0.034639 0 -0.9994
t -0.999993 0 0.00371758
bt -0.253221 0 -0.967408
t -0.999993 0 0.00371758
bt -0.253221 0 -0.967408
t -1 0 0
bt 0 -1 0
t -1 0 0
bt -4.79114e-05 -1 0
t -1 0 0
bt 0 -1 0
t -1 0 0
bt 0 -1 0
t -1 0 0
bt 0 -1 0
t -1 0 0
bt 0.000296874 -1 0
t -1 0 0
bt 0 -1 0
t -1 0 0
bt 0 -1 0
t 1 0 0
bt 0 1 0
t 1 0 0
bt 0 1 0
t 1 0 0
bt 0 1 0
t 1 0 0
bt 0 1 0
t -1 0 0
bt 0.12033 0 -0.992734
t -1 0 0
bt 0.12033 0 -0.992734
t 1 0 0
bt 0 0 1
t 1 0 0
bt 0 0 1
t 1 0 0
bt 0 0 1
t -1 0 0
bt 0 -1 0
t -1 0 0
bt 0 -1 0
t -1 0 0
bt 0 -1 0
t -1 0 0
bt 0 -1 0
t -1 0 0
bt 0 -1 0
t -1 0 0
bt 0 -1 0
t -1 0 0
bt 0 -1 0
t -1 0 0
bt 0 -1 0
t 1 0 0
bt 0 1 0
t 1 0 0
bt 0 1 0
t 1 0 0
bt 0 1 0
t 1 0 0
bt 0 1 0
t -1 0 0
bt 0.034639 0 0.9994
t -1 0 0
bt 0.253221 0 0.967408
t -1 0 0
bt 0.034639 0 0.9994
t -1 0 0
bt 0.034639 0 0.9994
t 0.00657731 0 0.999978
bt -1 0 -0.0003185
t 0 0 1
bt -1 0 0
t -0.0014172 0 0.999999
bt -0.999964 0 0.00853975
t 0.00352269 0 0.999994
bt -0.999979 0 0.00640472
t 0 0 1
bt -1 0 8.81372e-05
t -0.00564102 0 0.999984
bt -0.999647 0 0.0265727
t 0.0183418 0 0.999832
bt -1 0 0
t 0 0 -1
bt 0 -1 4.66784e-05
t 0 0 -1
bt 0 -1 0
t 0 0 -1
bt 0 -1 4.66784e-05
t 0 0 -1
bt 0 -1 4.66784e-05
t 1 0 0
bt -0.000530053 -1 0
t 1 0 0
bt -0.000114228 -1 0
t 1 0 0
bt -0.000530053 -1 0
t 1 0 0
bt -0.000530053 -1 0
t 0 0 1
bt 0.119196 -0.99287 -0.00105344
t 0 0 1
bt 0.210194 -0.977659 -0.00125314
t 0 0 1
bt 0.189901 -0.981803 -0.000339736
t 0 0 1
bt 0.119196 -0.99287 -0.00105344
t 1 6.805e-07 1.46316e-07
bt -0.0016042 -0.977658 -0.210194
t 1 2.04052e-06 4.38738e-07
bt -0.00212025 -0.977657 -0.210194
t 1 0 0
bt -0.00242142 -0.992868 -0.119196
t 1 0 0
bt -0.00242142 -0.992868 -0.119196
t 0 0 -1
bt 0 -1 -0.000308886
t 0 0 -1
bt 0 -1 0
t 0 0 -1
bt 0 -1 -0.000308886
t 0 0 -1
bt 0 -1 -0.000308886
t 1 0 0
bt 0.000294537 -1 0
t 1 0 0
bt -0.000300347 -1 0
t 1 0 0
bt 0.000294537 -1 0
t 1 0 0
bt 0.000294537 -1 0
t 0 0 1
bt 0.73946 -0.651363 -0.170071
t 0 0 1
bt 0.604901 -0.532835 -0.591761
t 0 0 1
bt 0.73946 -0.651363 -0.170071
t 0 0 1
bt 0.73946 -0.651363 -0.170071
t 1 0 0
bt -0.595398 -0.531017 -0.602928
t 0.999999 -0.000837973 -0.000951452
bt 0.591713 -0.532813 -0.604967
t 1 0 0
bt -0.595398 -0.531017 -0.602928
t 1 0 0
bt -0.595398 -0.531017 -0.602928
t 0 0 1
bt -0.64363 -0.765336 0.00114829
t 0 0 1
bt -0.64362 -0.765323 0.00580942
t 0 0 1
bt -0.64363 -0.765336 0.00114829
t 0 0 1
bt -0.64363 -0.765336 0.00114829
t 1 0 0
bt 0.000606553 -0.765287 0.643689
t 1 0 0
bt -0.000642144 -0.765287 0.643689
t 1 0 0
bt 0.000606553 -0.765287 0.643689
t 1 0 0
bt 0.000606553 -0.765287 0.643689
t 0 0 1
bt 0.683962 -0.72946 -0.00918763
t 0 0 1
bt 0.683987 -0.729487 0.00327342
t 0 0 1
bt 0.683962 -0.72946 -0.00918763
t 0 0 1
bt 0.683962 -0.72946 -0.00918763
t 1 0 0
bt 0.00369387 -0.729485 -0.683986
t 1 0 0
bt 0.00843004 -0.729464 -0.683967
t 1 0 0
bt 0.00369387 -0.729485 -0.683986
t 1 0 0
bt 0.00369387 -0.729485 -0.683986
t 0 0 1
bt -0.68399 -0.729489 -0.0017464
t 0 0 1
bt -0.683961 -0.729459 0.00931891
t 0 0 1
bt -0.68399 -0.729489 -0.0017464
t 0 0 1
bt -0.68399 -0.729489 -0.0017464
t 1 0 0
bt -0.00235286 -0.729488 0.683989
t 1 0 0
bt -0.0100749 -0.729453 0.683956
t 1 0 0
bt -0.00235286 -0.729488 0.683989
t 1 0 0
bt -0.00235286 -0.729488 0.683989
t 0 0 1
bt 0.374303 -0.927306 0.00116232
t 0 0 1
bt 0.433924 -0.90095 2.93818e-05
t 0 0 1
bt 0.433923 -0.900948 0.00163592
t 0 0 1
bt 0.340814 -0.94013 0.00145972
t 1 0 0
bt -0.000469831 -0.90091 -0.434005
t 1 0 0
bt 0.000427316 -0.90091 -0.434005
t 1 0 0
bt -0.000330095 -0.927272 -0.374388
t 1 6.12158e-07 2.47178e-07
bt -0.000296873 -0.927272 -0.374388
t 0.786103 0.213394 -0.58009
bt -0.105324 -0.765987 -0.634169
t 0.777907 0.287725 -0.558637
bt -0.0542041 -0.819425 -0.570618
t 0.773955 0.255149 -0.579562
bt -0.0711712 -0.826279 -0.558747
t 0.786103 0.213394 -0.58009
bt -0.105324 -0.765987 -0.634169
t 0.707107 -4.5377e-09 0.707107
bt -0.000497567 -1 6.81235e-05
t 0.707107 1.49679e-11 0.707107
bt -0.000547872 -1 1.78179e-05
t 0.707107 -4.5377e-09 0.707107
bt -0.000497567 -1 6.81235e-05
t 0.707107 -4.5377e-09 0.707107
bt -0.000497567 -1 6.81235e-05
t 0.707107 1.63606e-08 -0.707107
bt 0.000474452 -1 9.12379e-05
t 0.707107 4.55432e-09 -0.707107
bt -0.000137665 -1 0.000703355
t 0.707107 1.63606e-08 -0.707107
bt 0.000474452 -1 9.12379e-05
t 0.707107 1.63606e-08 -0.707107
bt 0.000474452 -1 9.12379e-05
t 0.631253 0.314282 0.709046
bt 0.023679 -0.97576 -0.217561
t 0.732067 -0.191657 0.653717
bt 0.0670733 -0.945259 -0.319353
t 0.670894 0.14015 0.728189
bt 0.0635822 -0.94443 -0.322505
t 0.631253 0.314282 0.709046
bt 0.023679 -0.97576 -0.217561
t 0.688904 0.219946 -0.690677
bt 0.00234911 -0.999981 0.00571183
t 0.659435 0.35567 -0.662302
bt -0.00603385 -0.999882 0.014094
t 0.688904 0.219946 -0.690677
bt 0.00234911 -0.999981 0.00571183
t 0.688904 0.219946 -0.690677
bt 0.00234911 -0.999981 0.00571183
t 0.687684 -0.227285 0.689516
bt 0.0123511 -0.999715 0.0204099
t 0.662153 -0.345557 0.664939
bt -0.00134158 -0.999977 0.00671933
t 0.687684 -0.227285 0.689516
bt 0.0123511 -0.999715 0.0204099
t 0.687684 -0.227285 0.689516
bt 0.0123511 -0.999715 0.0204099
t 0.883367 -0.347274 -0.314745
bt 0.155014 -0.582141 0.798175
t 0.872374 -0.4816 -0.0838083
bt 0.0619754 -0.547506 0.834504
t 0.883367 -0.347274 -0.314745
bt 0.155014 -0.582141 0.798175
t 0.883367 -0.347274 -0.314745
bt 0.155014 -0.582141 0.798175
t 0.869215 0.283427 0.405136
bt -0.104406 -0.564029 0.819128
t 0.848189 0.529367 -0.0185888
bt -0.0937099 -0.559978 0.823191
t 0.869215 0.283427 0.405136
bt -0.104406 -0.564029 0.819128
t 0.869215 0.283427 0.405136
bt -0.104406 -0.564029 0.819128
t 0.707112 4.22962e-06 -0.707102
bt -0.613481 -0.534835 -0.581027
t 0.707086 -1.85106e-05 -0.707127
bt -0.599171 -0.534975 -0.595648
t 0.707112 4.22962e-06 -0.707102
bt -0.613481 -0.534835 -0.581027
t 0.707112 4.22962e-06 -0.707102
bt -0.613481 -0.534835 -0.581027
t 0.707083 2.1065e-05 0.70713
bt 0.593849 -0.534969 -0.600958
t 0.707107 4.74115e-08 0.707107
bt 0.601114 -0.534969 -0.593692
t 0.707083 2.1065e-05 0.70713
bt 0.593849 -0.534969 -0.600958
t 0.707083 2.1065e-05 0.70713
bt 0.593849 -0.534969 -0.600958
t 0.895841 0.31862 -0.309758
bt -0.133009 -0.528221 -0.838624
t 0.707144 4.07706e-05 -0.707069
bt -0.144244 -0.532011 -0.834361
t 0.895841 0.31862 -0.309758
bt -0.133009 -0.528221 -0.838624
t 0.895841 0.31862 -0.309758
bt -0.133009 -0.528221 -0.838624
t 0.884925 -0.277907 0.373731
bt 0.124174 -0.525187 -0.841878
t 0.707144 -4.08129e-05 0.707069
bt 0.0388551 -0.493486 -0.868885
t 0.884925 -0.277907 0.373731
bt 0.124174 -0.525187 -0.841878
t 0.884925 -0.277907 0.373731
bt 0.124174 -0.525187 -0.841878
t 0.707115 -9.70349e-05 -0.707099
bt 0.161712 -0.530068 0.832392
t 0.904166 -0.393275 -0.16679
bt -0.0327692 -0.456574 0.889082
t 0.707115 -9.70349e-05 -0.707099
bt 0.161712 -0.530068 0.832392
t 0.707145 -4.05991e-05 -0.707069
bt 0.161719 -0.530055 0.832399
t 0.707115 9.7039e-05 0.707099
bt -0.0328507 -0.483822 0.87455
t 0.887298 0.460589 0.023672
bt -0.0222641 -0.479594 0.877208
t 0.707115 9.7039e-05 0.707099
bt -0.0328507 -0.483822 0.87455
t 0.707145 4.05818e-05 0.707069
bt -0.0328521 -0.48382 0.874551
t 0.732527 0.200709 -0.650476
bt -0.0736949 -0.946774 -0.31335
t 0.638927 -0.292732 -0.711393
bt -0.0340989 -0.97762 -0.207599
t 0.716826 0.208027 -0.665497
bt -0.0328118 -0.977401 -0.208832
t 0.732527 0.200709 -0.650476
bt -0.0736949 -0.946774 -0.31335
t 0.782169 -0.349273 0.515966
bt 0.0512298 -0.818194 -0.572655
t 0.786993 -0.216929 0.577567
bt 0.0981781 -0.763217 -0.63864
t 0.808279 -0.337429 0.482522
bt 0.076203 -0.754341 -0.652046
t 0.779258 -0.302043 0.549115
bt 0.0548768 -0.819759 -0.570073
t 1 0 0
bt 0.365233 -0.657512 0.659002
t 1 0 0
bt -0.332229 -0.666187 0.667696
t 1 0 0
bt 0.365233 -0.657512 0.659002
t 1 0 0
bt 0.365233 -0.657512 0.659002
t 0.707026 4.9796e-06 0.707188
bt -0.545286 -0.580649 0.604574
t 0.707161 -3.20171e-05 0.707052
bt -0.698123 -0.570787 0.432233
t 0.707084 -0.000110155 0.70713
bt -0.545283 -0.580654 0.604572
t 0.707026 4.9796e-06 0.707188
bt -0.545286 -0.580649 0.604574
t -1.35045e-06 -1.34773e-06 1
bt -0.66691 -0.665591 0.334991
t 0.0063933 0.00638065 0.999959
bt -0.701429 -0.700041 0.133941
t -1.35045e-06 -1.34773e-06 1
bt -0.66691 -0.665591 0.334991
t -1.35045e-06 -1.34773e-06 1
bt -0.66691 -0.665591 0.334991
t 0.425468 0.227397 -0.875938
bt 0.581262 -0.581143 0.569568
t 0.514643 0.164918 -0.841394
bt 0.380096 -0.562641 0.73414
t 0.425468 0.227397 -0.875938
bt 0.581262 -0.581143 0.569568
t 0.425468 0.227397 -0.875938
bt 0.581262 -0.581143 0.569568
t 1 0 0
bt 0 -1 0
t 1 0 0
bt 0 -1 0
t 1 0 0
bt 0 -1 0
t 1 0 0
bt 0 -1 0
t 0.707107 0 0.707107
bt 0 -1 0
t 0.707107 0 0.707107
bt 0 -1 0
t 0.707107 0 0.707107
bt 0 -1 0
t 0.707107 0 0.707107
bt 0 -1 0
t 0 0 1
bt 0 -1 0
t 0 0 1
bt 0 -1 0
t 0 0 1
bt 0 -1 0
t 0 0 1
bt 0 -1 0
t 0.707107 0 -0.707107
bt 0 -1 0
t 0.707107 0 -0.707107
bt 0 -1 0
t 0.707107 0 -0.707107
bt 0 -1 0
t 0.707107 0 -0.707107
bt 0 -1 0
t 1 0 0
bt -0.296818 -0.801044 -0.519834
t 0.999993 -0.00320296 -0.00207855
bt 0.270386 -0.807602 -0.52409
t 1 0 0
bt -0.296818 -0.801044 -0.519834
t 1 0 0
bt -0.296818 -0.801044 -0.519834
t -0.00427329 0.00658619 0.999969
bt 0.543637 -0.837878 -0.0491898
t -0.00427606 0.00659045 0.999969
bt 0.520101 -0.801604 -0.294832
t -0.00427329 0.00658619 0.999969
bt 0.543637 -0.837878 -0.0491898
t -0.00427329 0.00658619 0.999969
bt 0.543637 -0.837878 -0.0491898
t 0.797514 0.170742 -0.578636
bt -0.480817 -0.740884 -0.46894
t 0.751322 0.0745876 -0.655707
bt -0.43281 -0.739647 -0.515362
t 0.797514 0.170742 -0.578636
bt -0.480817 -0.740884 -0.46894
t 0.797514 0.170742 -0.578636
bt -0.480817 -0.740884 -0.46894
t 0.707071 5.53337e-05 0.707142
bt 0.448717 -0.740415 -0.500439
t 0.707096 1.63149e-05 0.707117
bt 0.499783 -0.74044 -0.449406
t 0.707071 5.53337e-05 0.707142
bt 0.448717 -0.740415 -0.500439
t 0.707071 5.53337e-05 0.707142
bt 0.448717 -0.740415 -0.500439
t -1 0 0
bt 0 1 0
t -1 0 0
bt 0 1 0
t -1 0 0
bt 0 1 0
t -1 0 0
bt 0 1 0
t -0.707157 0 -0.707057
bt 0 1 0
t -0.707157 0 -0.707057
bt 0 1 0
t -0.707157 0 -0.707057
bt 0 1 0
t -0.707157 0 -0.707057
bt 0 1 0
t 0 0 1
bt 0 1 0
t 0 0 1
bt 0 1 0
t 0 0 1
bt 0 1 0
t 0 0 1
bt 0 1 0
t -0.707007 0 0.707207
bt 0 1 0
t -0.707007 0 0.707207
bt 0 1 0
t -0.707007 0 0.707207
bt 0 1 0
t -0.707007 0 0.707207
bt 0 1 0
t 0.96567 -0.00585117 -0.259705
bt 0.634569 -0.444829 0.63202
t 0.965669 0.00584807 0.259711
bt -0.614828 -0.450286 0.647479
t 0.978719 0.185488 0.0877643
bt 0.600052 -0.224156 0.767914
t 0.952974 -0.0831516 -0.291421
bt 0.639803 -0.444907 0.626665
t 0.0643307 -0.117081 0.991037
bt -0.633718 -0.445481 0.632415
t 0 0 1
bt -0.808578 -0.565728 0.161722
t 0 0 1
bt -0.63455 -0.443968 0.632645
t 0.29142 -0.0831282 0.952976
bt -0.626906 -0.44502 0.639489
t 0.609445 -0.217569 -0.762392
bt 0.65144 -0.45166 0.609615
t 0.490082 -0.029825 -0.871166
bt 0.650438 -0.449731 0.612104
t 0.609422 0.217527 0.762421
bt -0.629277 -0.443893 0.637942
t 0.746601 -0.135058 0.651419
bt -0.6106 -0.449972 0.651684
t 0.967542 0 0.252709
bt 0.111299 0 0.993787
t 0.967542 0 0.252709
bt -0.339353 0 0.940659
t 1 0 0
bt 0.333871 0 0.942619
t 1 0 0
bt 0.333871 0 0.942619
t 0.707145 0 0.707069
bt -0.351769 0 0.936087
t 0.707119 0 0.707094
bt -0.949025 0 0.3152
t -5.56799e-06 0 1
bt -0.942855 0 0.333203
t -2.67971e-06 0 1
bt -0.992723 0 0.120421
t -5.56799e-06 0 1
bt -0.942855 0 0.333203
t -5.56799e-06 0 1
bt -0.942855 0 0.333203
t 0.499437 0 -0.86635
bt 0.811249 0 0.584701
t 0.707094 0 -0.707119
bt 0.315121 0 0.949052
t 0.343311 0 -0.939222
bt 0.912228 0 0.409682
t 0.499437 0 -0.86635
bt 0.811249 0 0.584701
t 1 0 0
bt 0.333871 0 -0.942619
t 1 0 0
bt -0.333123 0 -0.942883
t 0.96754 0 0.252719
bt 0.327634 0 -0.944805
t 1 0 0
bt 0.333871 0 -0.942619
t 0.707018 0 -0.707195
bt -0.340506 0 -0.940242
t 0.505439 0 -0.862862
bt -0.864142 0 -0.503247
t 0.707018 0 -0.707195
bt -0.340506 0 -0.940242
t 0.707018 0 -0.707195
bt -0.340506 0 -0.940242
t 0 0 -1
bt -0.999965 0 -0.00834799
t 4.95843e-06 0 -1
bt -0.96741 0 0.253214
t 0 0 -1
bt -0.999965 0 -0.00834799
t 0.505439 0 -0.862862
bt -0.864142 0 -0.503247
t 0.707145 0 0.707069
bt 0.936052 0 -0.351862
t 0.707145 0 0.707069
bt 0.936052 0 -0.351862
t 0.707145 0 0.707069
bt 0.936052 0 -0.351862
t -1.8517e-07 -9.04784e-07 -1
bt -0.200499 -0.979694 0
t -5.80919e-07 -2.70179e-06 -1
bt -0.210194 -0.977657 0.00212349
t 0 0 -1
bt -0.119196 -0.992871 0
t 0 0 -1
bt -0.119196 -0.992871 0
t 0 0 -1
bt -0.705539 -0.621484 0.340548
t 0.00124128 0.0010934 -0.999999
bt -0.609685 -0.537049 -0.582978
t 0 0 -1
bt -0.705539 -0.621484 0.340548
t 0 0 -1
bt -0.705539 -0.621484 0.340548
t 0 0 -1
bt 0.643631 -0.765336 0
t 0 0 -1
bt 0.643631 -0.765336 0.000492246
t 0 0 -1
bt 0.643631 -0.765336 0
t 0 0 -1
bt 0.643631 -0.765336 0
t 0 0 -1
bt -0.683991 -0.72949 0
t 0 0 -1
bt -0.683987 -0.729486 0.00345314
t 0 0 -1
bt -0.683991 -0.72949 0
t 0 0 -1
bt -0.683991 -0.72949 0
t 0 0 -1
bt 0.683991 -0.72949 0
t 0 0 -1
bt 0.68399 -0.729489 -0.00193422
t 0 0 -1
bt 0.683991 -0.72949 0
t 0 0 -1
bt 0.683991 -0.72949 0
t 0 0 -1
bt -0.433924 -0.90095 0
t 0 0 -1
bt -0.433924 -0.900949 -0.000525942
t 0 0 -1
bt -0.374303 -0.927307 1.4994e-06
t -3.15423e-07 -8.21592e-07 -1
bt -0.358388 -0.933573 0
t 0.000677984 -0.000676643 -1
bt 0.700231 -0.698846 -0.145915
t -0.00298632 0.00298041 -0.999991
bt 0.652204 -0.650914 0.38851
t 0.000677984 -0.000676643 -1
bt 0.700231 -0.698846 -0.145915
t 0.000677984 -0.000676643 -1
bt 0.700231 -0.698846 -0.145915
t 0 0 -1
bt 0 -1 0
t 0 0 -1
bt 0 -1 0
t 0 0 -1
bt 0 -1 0
t 0 0 -1
bt 0 -1 0
t -0.000463799 -0.000714828 -1
bt -0.531633 -0.819378 0.214443
t -0.000457918 -0.000705765 -1
bt -0.543268 -0.837309 -0.0614319
t -0.000463799 -0.000714828 -1
bt -0.531633 -0.819378 0.214443
t -0.000463799 -0.000714828 -1
bt -0.531633 -0.819378 0.214443
t 0.0643306 0.117095 -0.991035
bt 0.835279 -0.401034 -0.376139
t 0 0 -1
bt 0.753792 -0.527397 -0.391983
t 0 0 -1
bt 0.753792 -0.527397 -0.391983
t -0.00335622 0 -0.999994
bt 0.96741 0 -0.253214
t 0.343311 0 -0.939222
bt 0.912228 0 0.409682
t -0.00335622 0 -0.999994
bt 0.96741 0 -0.253214
t -0.00335622 0 -0.999994
bt 0.96741 0 -0.253214
t 0 0 1
bt -0.200498 -0.979689 -0.00304201
t 0 0 1
bt -0.119196 -0.992871 0
t 0 0 1
bt -0.119195 -0.99286 -0.00454753
t 0 0 1
bt -0.210097 -0.977678 -0.00211403
t 0.000935568 0.000824108 0.999999
bt -0.645564 -0.568654 0.509784
t 0 0 1
bt -0.70553 -0.621476 -0.340579
t 0.000935568 0.000824108 0.999999
bt -0.645564 -0.568654 0.509784
t 0.000935568 0.000824108 0.999999
bt -0.645564 -0.568654 0.509784
t 0 0 1
bt 0.643631 -0.765336 0
t 0 0 1
bt 0.643606 -0.765308 0.00866543
t 0 0 1
bt 0.643631 -0.765336 0
t 0 0 1
bt 0.643631 -0.765336 0
t 0 0 1
bt -0.68399 -0.729489 -0.00212175
t 0 0 1
bt -0.683991 -0.72949 0
t 0 0 1
bt -0.68399 -0.729489 -0.00212175
t 0 0 1
bt -0.68399 -0.729489 -0.00212175
t 0 0 1
bt 0.683991 -0.72949 0
t 0 0 1
bt 0.68399 -0.729489 0.00212172
t 0 0 1
bt 0.683991 -0.72949 0
t 0 0 1
bt 0.683991 -0.72949 0
t 0 0 1
bt -0.433923 -0.900949 -0.00137949
t 0 0 1
bt -0.358388 -0.933572 0.000931308
t 0 0 1
bt -0.374388 -0.927272 1.11579e-05
t 0 0 1
bt -0.433923 -0.900949 -0.00137949
t 0.00076606 -0.000764545 0.999999
bt 0.700232 -0.698847 0.145902
t -0.0033042 0.00329767 0.999989
bt 0.66708 -0.665761 -0.334315
t 0.00076606 -0.000764545 0.999999
bt 0.700232 -0.698847 0.145902
t 0.00076606 -0.000764545 0.999999
bt 0.700232 -0.698847 0.145902
t 0 0 1
bt 0 -1 0
t 0 0 1
bt 0 -1 0
t 0 0 1
bt 0 -1 0
t 0 0 1
bt 0 -1 0
t 0 0 1
bt -0.543695 -0.837967 0.0469855
t -0.00052405 -0.00080769 1
bt -0.531636 -0.819381 -0.214425
t 0 0 1
bt -0.543695 -0.837967 0.0469855
t 0 0 1
bt -0.543695 -0.837967 0.0469855
t 0 0 1
bt 0.753798 -0.527401 0.391965
t 0 0 1
bt 0.687367 -0.480922 -0.54428
t 0 0 1
bt 0.753798 -0.527401 0.391965
t 0 0 1
bt 0.753798 -0.527401 0.391965
t -0.00371726 0 0.999993
bt 0.967403 0 0.253242
t 0 0 1
bt 0.999403 0 0.0345636
t -0.00371726 0 0.999993
bt 0.967403 0 0.253242
t -0.00371726 0 0.999993
bt 0.967403 0 0.253242
t 0 0 1
bt 0 -1 0
t 0 0 1
bt 0 -1 4.6941e-05
t 0 0 1
bt 0 -1 0
t 0 0 1
bt 0 -1 0
t 0 0 1
bt 0 -1 0
t 0 0 1
bt 0 -1 -0.000321291
t 0 0 1
bt 0 -1 0
t 0 0 1
bt 0 -1 0
t 0 0 -1
bt 0 1 0
t 0 0 -1
bt 0 1 0
t 0 0 -1
bt 0 1 0
t 0 0 -1
bt 0 1 0
t -2.67971e-06 0 1
bt 0.992723 0 -0.120421
t -5.56799e-06 0 1
bt 0.942855 0 -0.333203
t -2.67971e-06 0 1
bt 0.992723 0 -0.120421
t -2.67971e-06 0 1
bt 0.992723 0 -0.120421
t 0 0 -1
bt -1 0 0
t 0 0 -1
bt -1 0 0
t 0 0 -1
bt -1 0 0
t 0 0 1
bt 0 -1 0
t 0 0 1
bt 0 -1 0
t 0 0 1
bt 0 -1 0
t 0 0 1
bt 0 -1 0
t 0 0 1
bt 0 -1 0
t 0 0 1
bt 0 -1 0
t 0 0 1
bt 0 -1 0
t 0 0 1
bt 0 -1 0
t 0 0 -1
bt 0 1 0
t 0 0 -1
bt 0 1 0
t 0 0 -1
bt 0 1 0
t 0 0 -1
bt 0 1 0
t 0 0 1
bt -0.999403 0 -0.0345636
t 0 0 1
bt -0.967403 0 -0.253242
t 0 0 1
bt -0.999403 0 -0.0345636
t 0 0 1
bt -0.999403 0 -0.0345636

