g sponza_107
t 0 0 1
bt -0.137598 -0.990486 -0.00226821
t 0 0 1
bt -0.137598 -0.990488 0
t 0 0 1
bt -0.229998 -0.97319 -0.00151885
t 0 0 1
bt -0.240907 -0.970547 -0.00144312
t -1 0 0
bt 0.0028435 -0.992867 -0.119196
t -1 0 0
bt 0.00248403 -0.977355 -0.211594
t -1 0 0
bt 0.00187767 -0.977356 -0.211594
t -1 0 0
bt 0.0028435 -0.992867 -0.119196
t -1 0 0
bt -0.000322536 -1 0
t -1 0 0
bt 0.000266982 -1 0
t -1 0 0
bt -0.000322536 -1 0
t -1 0 0
bt -0.000322536 -1 0
t 0 0 -1
bt 0 -1 -0.000342686
t 0 0 -1
bt 0 -1 0
t 0 0 -1
bt 0 -1 -0.000342686
t 0 0 -1
bt 0 -1 -0.000342686
t 0 0 1
bt -0.795559 -0.605417 0.0236003
t 0 0 1
bt -0.792475 -0.60307 0.0910532
t 0 0 1
bt -0.795559 -0.605417 0.0236003
t 0 0 1
bt -0.795559 -0.605417 0.0236003
t -1 0 0
bt 0.647227 -0.503873 -0.572022
t -1 0 0
bt -0.63887 -0.508512 -0.577288
t -1 0 0
bt 0.647227 -0.503873 -0.572022
t -1 0 0
bt 0.647227 -0.503873 -0.572022
t 0 0 1
bt 0.697492 -0.716592 0.00113915
t 0 0 1
bt 0.697492 -0.716592 0
t 0 0 1
bt 0.697492 -0.716592 0.00113915
t 0 0 1
bt 0.697492 -0.716592 0.00113915
t -1 0 0
bt -0.000742879 -0.765378 0.643581
t -1 0 0
bt 0.000571075 -0.765378 0.643581
t -1 0 0
bt -0.000742879 -0.765378 0.643581
t -1 0 0
bt -0.000742879 -0.765378 0.643581
t 0 0 1
bt -0.735458 -0.677562 0.00340906
t 0 0 1
bt -0.735462 -0.677565 0
t 0 0 1
bt -0.735458 -0.677562 0.00340906
t 0 0 1
bt -0.735458 -0.677562 0.00340906
t -1 0 0
bt -0.00416458 -0.729484 -0.683985
t -1 0 0
bt -0.00977794 -0.729456 -0.683958
t -1 0 0
bt -0.00416458 -0.729484 -0.683985
t -1 0 0
bt -0.00416458 -0.729484 -0.683985
t 0 0 1
bt 0.735461 -0.677564 -0.00200297
t 0 0 1
bt 0.735462 -0.677566 0
t 0 0 1
bt 0.735461 -0.677564 -0.00200297
t 0 0 1
bt 0.735461 -0.677564 -0.00200297
t -1 0 0
bt 0.00264743 -0.729488 0.683989
t -1 0 0
bt 0.0116244 -0.729441 0.683945
t -1 0 0
bt 0.00264743 -0.729488 0.683989
t -1 0 0
bt 0.00264743 -0.729488 0.683989
t 0 0 1
bt -0.422282 -0.906464 -7.60514e-06
t 0 0 1
bt -0.405293 -0.914187 7.74917e-05
t 0 0 1
bt -0.486925 -0.873444 -0.000127527
t 0 0 1
bt -0.486925 -0.873444 -0.000127527
t -1 0 0
bt 0.000413359 -0.926414 -0.376506
t -1 0 0
bt -0.000479796 -0.900949 -0.433924
t -1 0 0
bt 0.00059801 -0.900949 -0.433924
t -1 0 0
bt 0.00037304 -0.926414 -0.376506
t -0.692591 0.27562 0.666597
bt -0.0304888 -0.976138 -0.215
t -0.779995 -0.185013 0.597811
bt -0.0715409 -0.942315 -0.326993
t -0.72673 0.119711 0.676412
bt -0.0679186 -0.944193 -0.322315
t -0.692591 0.27562 0.666597
bt -0.0304888 -0.976138 -0.215
t -0.775345 0.127221 -0.618591
bt 0.360498 -0.930563 -0.0639842
t -0.709061 -0.17249 -0.683724
bt 0.318705 -0.941103 -0.112924
t -0.758529 0.290436 -0.583336
bt 0.249885 -0.967991 -0.0234741
t -0.758578 0.290422 -0.583279
bt 0.249901 -0.967986 -0.0234927
t -0.739112 -0.209438 0.640195
bt -0.0142836 -0.99969 0.0203982
t -0.721176 -0.297932 0.625413
bt 0.00156539 -0.999976 0.00670882
t -0.739064 -0.209437 0.640251
bt -0.0142827 -0.99969 0.0203993
t -0.739064 -0.209437 0.640251
bt -0.0142827 -0.99969 0.0203993
t -0.740646 -0.210867 -0.637949
bt -0.0236826 -0.999643 -0.0123958
t -0.717764 -0.322128 -0.617291
bt -0.00780425 -0.999969 0.00131996
t -0.740521 -0.210868 -0.638093
bt -0.0237441 -0.999642 -0.0123247
t -0.740521 -0.210868 -0.638093
bt -0.0237441 -0.999642 -0.0123247
t -0.896537 0.249472 0.36604
bt 0.120679 -0.563026 0.817581
t -0.876067 0.48119 -0.0310304
bt 0.108328 -0.559174 0.821943
t -0.896527 0.249492 0.366052
bt 0.120656 -0.56307 0.817554
t -0.896527 0.249492 0.366052
bt 0.120656 -0.56307 0.817554
t -0.358564 0.341494 -0.8688
bt -0.849449 -0.515868 0.110983
t -0.0969738 0.481016 -0.871332
bt -0.86431 -0.498199 0.0690361
t -0.358564 0.341494 -0.8688
bt -0.849449 -0.515868 0.110983
t -0.358564 0.341494 -0.8688
bt -0.849449 -0.515868 0.110983
t -0.771039 -0.013146 0.636652
bt -0.656066 -0.504961 -0.560884
t -0.756714 5.07816e-05 0.653746
bt -0.636985 -0.506604 -0.581035
t -0.771039 -0.013146 0.636652
bt -0.656066 -0.504961 -0.560884
t -0.771039 -0.013146 0.636652
bt -0.656066 -0.504961 -0.560884
t -0.756777 6.11992e-06 -0.653673
bt 0.656491 -0.504919 -0.560425
t -0.756675 -9.8531e-06 -0.653791
bt 0.649431 -0.505535 -0.568044
t -0.756777 6.11992e-06 -0.653673
bt 0.656491 -0.504919 -0.560425
t -0.756777 6.11992e-06 -0.653673
bt 0.656491 -0.504919 -0.560425
t -0.914549 -0.261919 0.308219
bt -0.111579 -0.514539 -0.850176
t -0.756756 -2.42085e-05 0.653697
bt -0.075745 -0.503436 -0.860706
t -0.914549 -0.261919 0.308219
bt -0.111579 -0.514539 -0.850176
t -0.914549 -0.261919 0.308219
bt -0.111579 -0.514539 -0.850176
t -0.422877 -0.271265 -0.864633
bt 0.874827 -0.471455 -0.111393
t -0.756592 1.72187e-05 -0.653887
bt 0.897193 -0.440274 -0.0346875
t -0.422926 -0.27137 -0.864576
bt 0.874856 -0.471393 -0.111427
t -0.422942 -0.271404 -0.864558
bt 0.874889 -0.471322 -0.111466
t -0.756746 4.74591e-05 0.653709
bt 0.037979 -0.483777 0.874367
t -0.914876 0.402064 0.036683
bt 0.0258095 -0.479544 0.877138
t -0.756746 4.74591e-05 0.653709
bt 0.037979 -0.483777 0.874367
t -0.756746 4.74591e-05 0.653709
bt 0.037979 -0.483777 0.874367
t -0.756581 -4.18737e-05 -0.6539
bt -0.900132 -0.434113 0.0361722
t -0.192279 0.391347 -0.899931
bt -0.905607 -0.423925 0.0127448
t -0.756634 7.34343e-05 -0.653839
bt -0.900165 -0.434042 0.0362098
t -0.756581 -4.18737e-05 -0.6539
bt -0.900132 -0.434113 0.0361722
t -0.823911 -0.299445 0.481148
bt -0.0701059 -0.818698 -0.569929
t -0.827153 -0.193929 0.527455
bt -0.107964 -0.760252 -0.640593
t -0.844582 -0.28902 0.450721
bt -0.0936329 -0.755517 -0.648404
t -0.819073 -0.262538 0.510091
bt -0.0665897 -0.824138 -0.562462
t -0.537654 -0.324788 -0.778101
bt 0.705541 -0.705088 -0.0711559
t -0.633571 -0.205573 -0.745874
bt 0.692792 -0.715247 -0.0919791
t -0.569922 -0.334984 -0.750316
bt 0.631835 -0.773498 -0.0498572
t -0.604631 -0.291163 -0.74138
bt 0.624197 -0.779827 -0.0474106
t -0.702527 -0.190747 -0.685618
bt 0.441058 -0.897414 0.0107712
t -1 0 0.000106147
bt -0.000662938 0 1
t -1 0 0
bt -0.0466721 0 0.99891
t -0.999989 0 -0.00473994
bt -0.000662938 0 1
t -0.999994 0 -0.00355494
bt -0.000497204 0 1
t -0.999894 0 -0.0145379
bt 0 0 1
t -1 0 0
bt 0 0 1
t 0 0 -1
bt 0.137696 -0.990475 0
t 0 0 -1
bt 0.240907 -0.970546 0.00224516
t 0 0 -1
bt 0.229998 -0.973191 0
t 0 0 -1
bt 0.137696 -0.990475 0
t 0 0 1
bt 0 -1 0
t 0 0 1
bt 0 -1 -0.000342686
t 0 0 1
bt 0 -1 0
t 0 0 1
bt 0 -1 0
t -5.59588e-05 4.25725e-05 -1
bt 0.711407 -0.541288 -0.448227
t -2.02168e-05 1.53806e-05 -1
bt 0.660405 -0.502482 -0.558011
t -5.59588e-05 4.25725e-05 -1
bt 0.711407 -0.541288 -0.448227
t -0.000116508 -3.70005e-05 -1
bt 0.711337 -0.54138 -0.448227
t 0 0 -1
bt -0.697492 -0.716592 0
t -1.55248e-05 -1.59506e-05 -1
bt -0.697492 -0.716591 -0.00159949
t 0 0 -1
bt -0.697492 -0.716592 0
t 0 0 -1
bt -0.697542 -0.716543 0
t 0 0 -1
bt 0.735417 -0.677615 0
t 0 0 -1
bt 0.735401 -0.677601 -0.00647671
t 0 0 -1
bt 0.735417 -0.677615 0
t 0 0 -1
bt 0.735417 -0.677615 0
t 0 0 -1
bt -0.735417 -0.677615 0
t 0 0 -1
bt -0.735394 -0.677595 0.00782661
t 0 0 -1
bt -0.735417 -0.677615 0
t 0 0 -1
bt -0.735417 -0.677615 0
t 0 0 -1
bt 0.422282 -0.906464 7.84134e-05
t 0 0 -1
bt 0.487001 -0.873402 -0.000127524
t 0 0 -1
bt 0.487001 -0.873402 0
t 0 0 -1
bt 0.405293 -0.914187 0
t 1 0 0
bt -0.00454675 0 -0.99999
t 1 0 0
bt -0.0125517 0 -0.999921
t 1 0 0
bt 0 0 -1
t 1 0 0
bt 0 0 -1
t 1 0 0
bt -0.037471 0 -0.999298
t 1 0 0
bt -0.037471 0 -0.999298

