g sponza_45
t -0.0956509 0.138088 -0.98579
bt -0.549538 0.793419 0.261715
t -0.0858609 0.15697 -0.983864
bt -0.479907 0.877319 0
t 0.017391 0.367926 -0.929692
bt -0.47992 0.805034 0.348707
t 0.019372 0.371542 -0.928214
bt -0.567642 0.720993 0.397431
t 0.0119631 0.998581 0.0518998
bt -0.946554 -0.0644403 0.316043
t 0 0.99842 0.0561985
bt -1 0 0
t 0 0.941255 -0.337697
bt -1 0 0
t -0.0125577 0.942611 -0.333656
bt -0.946212 0.0625778 0.317437
t -0.0187245 0.996363 0.0831328
bt -0.563994 -0.197313 0.801859
t -0.0169677 0.996091 0.0866848
bt -0.479339 -0.0565568 0.875805
t 0.0159795 0.916354 0.40005
bt -0.478682 -0.37468 0.794027
t 0.0178406 0.914821 0.403466
bt -0.570421 -0.414562 0.709054
t -0.0174607 0.951386 -0.307507
bt -0.479914 0.296292 0.825768
t -0.0329256 0.954897 -0.295106
bt -0.579136 0.062119 0.812861
t 0.0319988 0.999396 0.0135402
bt -0.589843 -0.150975 0.793279
t 0 0.99842 0.0561985
bt 1 0 0
t 0 0.941255 -0.337697
bt 1 0 0
t 0 0.941255 -0.337697
bt 1 0 0
t 0 0.99842 0.0561985
bt 1 0 0
t 0.0574789 0.0193414 0.998159
bt -0.947821 -0.318802 0
t 0 0 1
bt -1 0 0
t 0 0.367801 0.929904
bt -1 0 0
t -0.0115088 0.36416 0.931265
bt -0.946874 -0.312606 0.0755435
t 0.0789967 0.144883 0.98629
bt -0.47869 -0.877984 0
t -0.0160272 0.340288 0.940184
bt -0.478738 -0.816416 0.322915
t -0.0302726 0.329053 0.943826
bt -0.581168 -0.80703 0.104624
t 0.0899447 0.122104 0.988433
bt -0.593114 -0.805119 0
t 0 0 1
bt 1 0 0
t -7.68471e-06 0.367801 0.929904
bt 1 0 0
t 0 0.367801 0.929904
bt 1 0 0
t 0 0 1
bt 1 0 0
t 0.0193728 0.371541 0.928214
bt -0.5623 0.807468 -0.178366
t 0.0858244 0.247012 0.965204
bt -0.479834 0.805079 -0.348723
t -0.0858621 0.156972 0.983864
bt -0.477022 0.872043 -0.109501
t -0.095654 0.138092 0.985789
bt -0.569385 0.822071 0
t -0.0627375 0.946355 0.316981
bt -0.947323 0.108163 -0.301464
t 0 0.941255 0.337697
bt -1 0 0
t 0 0.99842 -0.0561985
bt -1 0 0
t 0.0119687 0.998581 -0.0518991
bt -0.946533 0.0284754 -0.321347
t 0.0178113 0.914804 -0.403504
bt -0.565832 -0.214824 -0.796043
t 0.0160297 0.91639 -0.399965
bt -0.477807 -0.428676 -0.766771
t -0.0169921 0.996087 -0.0867294
bt -0.479337 -0.040349 -0.876703
t -0.0187343 0.996363 -0.0831278
bt -0.570672 -0.0528737 -0.819474
t -0.0976236 0.973165 0.208375
bt -0.561841 -0.0438577 -0.826082
t -0.0174605 0.951386 0.307507
bt -0.478501 0.36764 -0.797419
t 0.0319177 0.9994 -0.0134758
bt -0.593076 -0.0517068 -0.803484
t 0 0.941255 0.337697
bt 1 0 0
t 0 0.941255 0.337697
bt 1 0 0
t 0 0.99842 -0.0561985
bt 1 0 0
t 0 0.99842 -0.0561985
bt 1 0 0
t -0.0115145 0.364158 -0.931266
bt -0.946875 -0.279712 -0.158712
t 0 0.367801 -0.929904
bt -1 0 0
t 0 0 -1
bt -1 0 0
t 0.0574789 0.0193414 -0.998159
bt -0.945177 -0.317912 -0.0746459
t -0.0302687 0.329058 -0.943825
bt -0.581167 -0.807031 -0.104619
t -0.0160258 0.340291 -0.940184
bt -0.477534 -0.788284 -0.388034
t 0.0790004 0.14489 -0.986289
bt -0.475306 -0.871779 -0.118678
t 0.0899495 0.12211 -0.988432
bt -0.593114 -0.805119 0
t 0 0.367801 -0.929904
bt 1 0 0
t 0 0.367801 -0.929904
bt 1 0 0
t 0 0 -1
bt 1 0 0
t 0 0 -1
bt 1 0 0
t -0.0194375 0.748173 -0.663219
bt -0.562272 0.440617 0.699791
t -0.0174475 0.750786 -0.660315
bt -0.479948 0.6001 0.639945
t 0.019322 0.931271 -0.363814
bt -0.567612 0.203258 0.797811
t 0.0125548 0.72647 -0.687084
bt -0.946207 0.183574 0.266443
t 0 0.729492 -0.68399
bt -1 0 0
t -1.15611e-05 0.397501 -0.917602
bt -1 0 0
t -0.0126053 0.401307 -0.915857
bt -0.946209 0.274356 0.171516
t -0.0178636 0.664986 0.746642
bt -0.565844 -0.691509 0.44904
t -0.0160425 0.662238 0.749122
bt -0.478729 -0.640433 0.600554
t 0.0178945 0.391432 0.920033
bt -0.570395 -0.78743 0.233672
t -0.09764 0.513667 -0.852416
bt -0.561838 0.572596 0.597052
t 0.0329121 0.697731 -0.715604
bt -0.589623 0.468703 0.657771
t 0 0.729492 -0.68399
bt 1 0 0
t 0 0.397501 -0.917602
bt 1 0 0
t 0 0.397501 -0.917602
bt 1 0 0
t 0 0.729492 -0.68399
bt 1 0 0
t 0.0115054 0.686831 0.726726
bt -0.946907 -0.262843 0.185151
t 6.24685e-06 0.68399 0.729492
bt -1 0 0
t 0 0.904358 0.426774
bt -1 0 0
t -0.0115127 0.902648 0.430226
bt -0.946875 -0.176363 0.268932
t -0.0303046 0.885643 0.463377
bt -0.581196 -0.517117 0.628333
t 0.0302664 0.713146 0.700361
bt -0.590136 -0.65262 0.475213
t 0 0.68399 0.729492
bt 1 0 0
t 0 0.904395 0.426697
bt 1 0 0
t 0 0.904395 0.426697
bt 1 0 0
t 0 0.68399 0.729492
bt 1 0 0
t -0.0194361 0.748172 0.66322
bt -0.569363 0.562344 -0.599662
t 0.0193817 0.931239 0.363894
bt -0.569353 0.277639 -0.773792
t -0.0174451 0.750783 0.660319
bt -0.479918 0.608221 -0.632255
t 0.0125668 0.726467 0.687086
bt -0.946208 0.254112 -0.200295
t -0.0125928 0.401304 0.915859
bt -0.946209 0.312783 -0.0827918
t 0 0.397501 0.917602
bt -1 0 0
t 0 0.729492 0.68399
bt -1 0 0
t -0.0178627 0.664988 -0.746641
bt -0.571925 -0.598379 -0.56111
t 0.017896 0.391434 -0.920032
bt -0.57189 -0.762828 -0.301721
t -0.0160386 0.662243 -0.749117
bt -0.478703 -0.633294 -0.608098
t 0.0329179 0.697725 0.715609
bt -0.593096 0.550718 -0.587322
t -0.0976401 0.513667 0.852416
bt -0.593081 0.738804 -0.320037
t -0.0858572 0.535093 0.840419
bt -0.45389 0.632496 -0.62764
t 0 0.729492 0.68399
bt 1 0 0
t 0 0.397501 0.917602
bt 1 0 0
t 0 0.397501 0.917602
bt 1 0 0
t 0 0.729492 0.68399
bt 1 0 0
t 0.0115242 0.686783 -0.726772
bt -0.946873 -0.201737 -0.250468
t -0.0115132 0.902648 -0.430226
bt -0.946873 -0.0954349 -0.307121
t 0 0.904395 -0.426697
bt -1 0 0
t 0 0.68399 -0.729492
bt -1 0 0
t 0.0302716 0.713151 -0.700356
bt -0.593096 -0.587317 -0.550723
t -0.0303106 0.885639 -0.463384
bt -0.593123 -0.343585 -0.728117
t 0 0.68399 -0.729492
bt 1 0 0
t 0 0.904358 -0.426774
bt 1 0 0
t 0 0.904358 -0.426774
bt 1 0 0
t 0 0.68399 -0.729492
bt 1 0 0
t 0 0.941241 -0.337737
bt -1 0 0
t 0 0.941241 -0.337737
bt 1 0 0
t 0 0.941241 -0.337737
bt 1 0 0
t -0.0858571 0.535093 0.840419
bt -0.479834 0.805079 -0.348723
t 0.062746 0.932008 0.356966
bt -0.947323 0.108163 -0.301464
t 0 0.941241 0.337737
bt -1 0 0
t 0.0976074 0.883639 0.457882
bt -0.593081 0.271907 -0.75784
t 0 0.941241 0.337737
bt 1 0 0
t 0 0.941241 0.337737
bt 1 0 0
t 0 0 -1
bt -1 0 0
t -0.0627539 0.0212246 -0.997803
bt -0.944226 0.319256 0.0807047
t 0.0883262 0.126697 0.988001
bt -0.571909 -0.820317 0
t -0.0976225 0.132527 -0.98636
bt -0.561875 0.76271 0.320266
t 0.0975998 0.270414 -0.957784
bt -0.593081 0.73881 0.320023
t 1.06663e-05 0 -1
bt 1 0 0
t 0 0 -1
bt 1 0 0
t -0.06276 0.0212267 0.997803
bt -0.947316 0.320301 0
t 0 0 1
bt -1 0 0
t 0.0883294 0.126702 -0.988
bt -0.571909 -0.820317 0
t 0.0975933 0.270423 0.957782
bt -0.593081 0.738804 -0.320037
t -0.0976261 0.132531 0.986359
bt -0.593114 0.805119 0
t 0.0858245 0.247012 0.965204
bt -0.479864 0.805056 -0.348733
t 0 0 1
bt 1 0 0
t 0 0 1
bt 1 0 0
t -0.0627375 0.946355 0.316981
bt -0.947298 0.108146 -0.301549
t 0.0627459 0.932008 0.356966
bt -0.919476 0.331457 -0.211425

