g sponza_73
t -0.686515 -5.8438e-07 -0.727116
bt 0.00014542 -1 -0.0001373
t -0.687081 1.23164e-06 -0.726581
bt -0.000500418 -1 -0.000820207
t -0.683422 0 -0.730024
bt 0 -1 0
t -0.683319 0 -0.73012
bt 0 -1 0
t -0.750908 8.47435e-07 0.660407
bt -0.00047384 -1 0.000549922
t -0.750908 0 0.660407
bt 0 -1 0
t -0.758812 6.78123e-07 0.65131
bt -0.000157659 -0.999999 0.00145319
t -0.759271 -2.68809e-08 0.650775
bt -0.000158168 -0.999999 0.00145256
t -1 -0.000957106 0
bt 0.00012229 -1 0
t -1 0 0
bt 0 -1 0
t -1 -0.000488345 0
bt -3.51161e-06 -1 0
t -1 -0.000800442 0
bt 0.000725897 -1 0
t -0.999972 0.00751617 0
bt 0.0018912 -0.999998 0
t -1 -0.000340772 0
bt -0.000644265 -1 0
t -0.999999 -0.00124839 0
bt 0.00291763 -0.999996 0
t -0.999999 0.00120419 0
bt -0.000543028 -1 0
t -0.999954 -0.00957761 0
bt -0.00214912 -0.999998 0
t -1 8.6142e-05 0
bt 0.000497329 -1 0
t -0.999995 0.00326801 0
bt -0.00124311 -0.999999 0
t -0.999995 0.00326801 0
bt -0.00124311 -0.999999 0
t -0.744794 3.13047e-08 0.667295
bt 0.000158865 -0.999999 0.00133457
t -0.744794 5.51286e-06 0.667295
bt 0.000259168 -0.999999 0.000976189
t -1 0 0
bt 0.000791764 -1 0
t -1 0 0
bt -0.0017757 -0.999998 0
t -1 0 0
bt 0.00237529 -0.999997 0
t -1 0 0
bt 0 -1 0
t -0.999998 0.0020477 0
bt 1.00954e-05 -1 0
t -1 0 0
bt -3.5571e-06 -1 0
t -1 0 0
bt 0 -1 0
t -1 0 0
bt -1.77855e-05 -1 0
t -1 -9.98759e-07 0
bt 4.9259e-05 -1 0
t -0.70088 7.16215e-07 -0.713279
bt -0.000482962 -0.999998 -0.0019182
t -0.701888 2.60919e-06 -0.712288
bt -0.000791156 -0.999996 -0.00251247
t -0.999996 -0.00268596 0
bt -0.00340303 -0.999994 0
t -1 5.00961e-05 0
bt -0.00680771 -0.999977 0
t -0.999996 0.00273732 0
bt -0.00634378 -0.99998 0
t -0.988965 0.14815 0
bt 0.025001 -0.999687 0
t -0.999967 0.00811171 0
bt -0.00541592 -0.999985 0
t -1 0 0
bt 6.93109e-05 -1 0
t -0.999971 -0.00759071 0
bt -0.000202095 -1 0
t -0.999923 0.012412 0
bt -0.0108811 -0.999941 0
t -0.999999 -0.00120546 0
bt -0.00583031 -0.999983 0
t -0.998877 0.0473817 0
bt -0.0303502 -0.999539 0
t -0.999996 -0.00272359 0
bt -0.00521563 -0.999986 0
t -0.999996 -0.00272359 0
bt -0.00521563 -0.999986 0
t -0.999995 0.00330304 0
bt -0.0033928 -0.999994 0
t -0.999995 -0.00322762 0
bt 0.000280196 -1 0
t -1 -0.000407262 0
bt -5.12171e-05 -1 0
t -1 0 0
bt -0.00468912 -0.999989 0
t -1 -0.000409007 0
bt 0 -1 0
t -1 -0.000233271 0
bt 0.000723229 -1 0
t -1 1.74875e-05 0
bt 0 -1 0
t -0.999972 0.00743707 0
bt 0.00298999 -0.999996 0
t -1 0.000213619 0
bt -0.00133554 -0.999999 0
t -1 -0.000848859 0
bt -0.00392568 -0.999992 0
t -0.999996 -0.00265253 0
bt 0.00780813 -0.99997 0
t -0.999996 -0.00265253 0
bt 0.00780813 -0.99997 0
t -0.999996 -0.00275924 0
bt -0.00302155 -0.999995 0
t -1 0 0
bt -0.00289113 -0.999996 0
t -1 -2.37796e-05 0
bt -0.000266872 -1 0
t -0.999998 0.00186999 0
bt -0.00125873 -0.999999 0
t -0.999962 0.00874735 0
bt -0.000339521 -1 0
t -0.999998 0.00190645 0
bt -0.00320983 -0.999995 0
t -1 0.000811366 0
bt 0.00150605 -0.999999 0
t -0.999766 -0.0216487 0
bt 0.00334166 -0.999994 0
t -0.999982 0.00602782 0
bt -1.23976e-05 -1 0
t -1 0.000391971 0
bt 0.0105345 -0.999945 0
t -0.999968 0.00802463 0
bt 0.00404218 -0.999992 0
t -0.99996 -0.00896948 0
bt -0.00285165 -0.999996 0
t -1 0.000373906 0
bt 0.0004153 -1 0
t -0.999961 0.00881652 0
bt 0.00148457 -0.999999 0
t -0.999999 -0.00110171 0
bt -0.00144152 -0.999999 0
t -0.999999 -0.00126077 0
bt 8.98522e-05 -1 0
t -1 0 0
bt -0.00280229 -0.999996 0
t -0.999996 -0.00282888 0
bt -0.00584953 -0.999983 0
t -0.999999 -0.00141557 0
bt -0.00409766 -0.999992 0
t -0.999987 0.00504331 0
bt -0.00090611 -1 0
t -0.999996 0.00268141 0
bt 0.00242575 -0.999997 0
t -0.999893 0.0146024 0
bt 0.0071042 -0.999975 0
t -0.99998 0.00631521 0
bt 0.00717908 -0.999974 0
t -0.999998 0.00215525 0
bt 0.00449059 -0.99999 0
t -1 -0.000952379 0
bt 0.0011236 -0.999999 0
t 1.60535e-06 0.00036484 -1
bt -0.00439996 -0.99999 0
t 0 0 -1
bt -0.00439996 -0.99999 0
t 1.07024e-06 0.000243226 -1
bt -0.00439996 -0.99999 -1.90368e-05
t 8.02677e-07 0.00018242 -1
bt -0.00439996 -0.99999 -1.42776e-05
t 0.00327731 0 -0.999995
bt 1 0 0
t 0 0 -1
bt 1 0 0
t 0.00218487 0 -0.999998
bt 1 0 5.15905e-05
t 0.00130096 0 -0.999999
bt 1 0 1.31137e-06
t 0 0 1
bt -0.347796 -0.93757 0
t 0 0 1
bt -0.0280002 -0.999608 0
t 0 0 1
bt -0.0280002 -0.999608 0
t 0 0 1
bt -0.347796 -0.93757 0
t 0 0 -1
bt 1 0 0
t 0 0 -1
bt 1 0 5.37762e-05
t 0 0 -1
bt 1 0 0
t -1.66031e-05 0 -1
bt 1 0 -9.88099e-05
t 0 0 -1
bt 0.0332016 -0.999449 0
t 0 0 -1
bt 0.382103 -0.92412 0
t 0 0 -1
bt 0.382103 -0.92412 0
t 0 0 -1
bt 0.0332016 -0.999449 0
t 0 0 -1
bt 0.382103 -0.92412 0
t 0 0 -1
bt 0.68239 -0.730989 0
t 0 0 -1
bt 0.68239 -0.730989 0
t 0 0 -1
bt 0.382103 -0.92412 0
t 0 0 -1
bt -0.28091 -0.959734 0
t 0 0 -1
bt -0.28091 -0.959734 0
t 0 0 -1
bt -0.28091 -0.959734 0
t 0 0 -1
bt -0.28091 -0.959734 0
t 0 0 -1
bt 0.826923 -0.562316 0
t 0 0 -1
bt 0.826923 -0.562316 0
t 0 0 -1
bt 0.826923 -0.562316 0
t 0 0 -1
bt 0.826923 -0.562316 0
t 0 0 -1
bt -0.329397 -0.944192 0
t 0 0 -1
bt -0.329397 -0.944192 0
t 0 0 -1
bt -0.329397 -0.944192 0
t 0 0 -1
bt -0.329397 -0.944192 0
t 0 0 -1
bt 0.606094 -0.795393 0
t 0 0 -1
bt 0.606094 -0.795393 0
t 0 0 -1
bt 0.606094 -0.795393 0
t 0 0 -1
bt 0.606094 -0.795393 0
t 0 0 1
bt -0.998688 -0.0511994 0
t 0 0 1
bt -0.998688 -0.0511994 0
t 0 0 1
bt -0.998688 -0.0511994 0
t 0 0 1
bt -0.998688 -0.0511994 0
t 0 0 -1
bt 0.567717 -0.823224 0
t 0 0 -1
bt 0.442886 -0.896578 0
t 0 0 -1
bt 0.442886 -0.896578 0
t 0 0 -1
bt 0.567717 -0.823224 0
t 0 0 -1
bt 0.442886 -0.896578 0
t 0 0 -1
bt 0.542105 -0.840311 0
t 0 0 -1
bt 0.542105 -0.840311 0
t 0 0 -1
bt 0.442886 -0.896578 0
t 0 0 -1
bt 0.542105 -0.840311 0
t 0 0 -1
bt 0.907329 -0.420422 0
t 0 0 -1
bt 0.907329 -0.420422 0
t 0 0 -1
bt 0.542105 -0.840311 0
t 0 0 -1
bt 0.907329 -0.420422 0
t 0 0 -1
bt 0.991709 -0.128501 0
t 0 0 -1
bt 0.991709 -0.128501 0
t 0 0 -1
bt 0.907329 -0.420422 0
t 0 0 -1
bt -0.00439996 -0.99999 0
t 0 0 -1
bt -0.00439996 -0.99999 -3.80735e-05
t 0 0 -1
bt -0.00439996 -0.99999 0
t 0 0 -1
bt -0.00439996 -0.99999 0
t -1 0 0
bt 0 0 1
t -1 0 0
bt 0 0 1
t -1 0 0
bt 0 0 1
t -1 0 0
bt 0 0 1
t -1 0 0
bt 0 0 1
t -1 0 0
bt 0 0 1
t 0 0 1
bt 0.00889965 -0.99996 0
t 0 0 1
bt 0.00889965 -0.99996 8.32194e-06
t 4.45256e-06 -0.000500295 1
bt 0.00889965 -0.99996 6.24145e-06
t 0 0 1
bt 0.00889965 -0.99996 0
t 0 0 1
bt 0.00889965 -0.99996 0
t 5.93674e-06 -0.000667061 1
bt 0.00889965 -0.99996 1.66439e-05
t 0 0 1
bt -0.921737 -0.387816 0
t 0 0 1
bt -0.761897 -0.647698 0
t 0 0 1
bt -0.761897 -0.647698 0
t 0 0 1
bt -0.921737 -0.387816 0
t 0 0 1
bt -0.472983 -0.881072 0
t 0 0 1
bt -0.472983 -0.881072 0
t 0 0 1
bt -0.412725 -0.910856 0
t 0 0 1
bt -0.412725 -0.910856 0
t 0 0 1
bt -0.999829 0.0185005 0
t 0 0 1
bt -0.999829 0.0185005 0
t 0 0 1
bt -0.999829 0.0185005 0
t 0 0 1
bt -0.999829 0.0185005 0
t 0 0 1
bt -0.670295 -0.742095 0
t 0 0 1
bt -0.670295 -0.742095 0
t 0 0 1
bt -0.670295 -0.742095 0
t 0 0 1
bt -0.670295 -0.742095 0
t 0 0 1
bt 0.455116 -0.890432 0
t 0 0 1
bt 0.455116 -0.890432 0
t 0 0 1
bt 0.455116 -0.890432 0
t 0 0 1
bt 0.455116 -0.890432 0
t 0 0 1
bt -0.615691 -0.787988 0
t 0 0 1
bt -0.615691 -0.787988 0
t 0 0 1
bt -0.615691 -0.787988 0
t 0 0 1
bt -0.615691 -0.787988 0
t 0 0 1
bt 0.376385 -0.926463 0
t 0 0 1
bt 0.376385 -0.926463 0
t 0 0 1
bt 0.376385 -0.926463 0
t 0 0 1
bt 0.376385 -0.926463 0
t 0 0 1
bt -0.630604 -0.776105 0
t 0 0 1
bt -0.630604 -0.776105 0
t 0 0 1
bt 0.00889965 -0.99996 0
t 1.78102e-05 -0.00200118 0.999998
bt 0.00889965 -0.99996 0
t 0 0 -1
bt 1 0 0
t -4.98094e-05 0 -1
bt 1 0 0
t -0.747656 0.000291088 0.664087
bt -0.0461816 -0.997685 -0.0499264
t -0.742157 1.93546e-06 0.670226
bt -0.012098 -0.997455 -0.0702655
t -0.707008 4.32923e-05 -0.707205
bt 0.0131633 -0.997201 -0.0735972
t -0.715928 -0.000890996 -0.698173
bt 0.0215001 -0.996364 -0.0824393
t 0 0 -1
bt -1 0 -2.3266e-06
t 0 0 -1
bt -1 0 -1.56505e-06
t 0 0 -1
bt -1 0 -1.55106e-06
t 0 0 -1
bt -1 0 -2.3266e-06
t 0 0 -1
bt -1 0 -1.19623e-06
t 0 0 -1
bt -1 0 0
t 0 0 -1
bt 0.128895 0.991658 0
t 0 0 -1
bt 0.128895 0.991658 0
t 0 0 -1
bt 0.128895 0.991658 0
t 0 0 -1
bt 0.128895 0.991658 0
t 0 0 -1
bt 0.254209 0.967149 0
t 0 0 -1
bt 0.254209 0.967149 0
t 0 0 -1
bt 0.493401 0.869802 2.58004e-06
t 0 0 -1
bt 0.493401 0.869802 0
t 0 0 -1
bt 0.717625 0.69643 0
t 0 0 -1
bt 0.717625 0.69643 0
t 0 0 -1
bt 0.717625 0.69643 0
t 0 0 -1
bt 0.869802 0.493401 0
t 0 0 -1
bt 0.869802 0.493401 0
t 0 0 -1
bt 0.717625 0.69643 0
t 0 0 -1
bt 0.915163 0.403084 0
t 0 0 -1
bt 0.915163 0.403084 0
t 0 0 -1
bt 0.91484 -0.403818 0
t 0 0 -1
bt 0.860888 -0.508794 0
t 0 0 -1
bt 0.860888 -0.508794 0
t 0 0 -1
bt 0.91484 -0.403818 0
t 0 0 -1
bt 0.700125 -0.714021 0
t 0 0 -1
bt 0.700125 -0.714021 0
t 0 0 -1
bt 0.486807 -0.87351 0
t 0 0 -1
bt 0.486807 -0.87351 0
t 0 0 -1
bt 0.268097 -0.963392 0
t 0 0 -1
bt 0.268097 -0.963392 0
t 0 0 -1
bt 0.1576 -0.987503 5.35309e-06
t 0 0 -1
bt 0.1576 -0.987503 5.35309e-06
t 0 0 -1
bt 0.1576 -0.987503 1.60088e-05
t 0 0 -1
bt 0.1576 -0.987503 1.60593e-05
t 0 0 1
bt -0.683294 0 -0.730143
t 0 0 1
bt -0.683294 0 -0.730143
t 0 0 1
bt -0.683294 0 -0.730143
t -0.000714739 0 1
bt -1 0 0
t -0.000444559 0 1
bt -1 0 0
t 0 0 1
bt -1 0 0
t 0 0 1
bt 0 1 0
t 0 0 1
bt 0 1 0
t 0 0 1
bt 0 1 0
t 0 0 1
bt 0 1 0
t 0 0 1
bt 0 -1 0
t 0 0 1
bt 0.0886988 -0.996058 0
t 0 0 1
bt 0.0886988 -0.996058 0
t 0 0 1
bt 0 -1 0
t -0.000889119 0 1
bt -0.973294 0 0.22956
t -0.000889119 0 1
bt -0.973294 0 0.22956
t 0 0 1
bt -0.759253 0 0.650795
t 0 0 1
bt 0.934634 -0.35561 0
t 0 0 1
bt 1 0.00050002 0
t 0 0 1
bt 1 0.00050002 0
t 0 0 1
bt 0.934634 -0.35561 0
t 0 0 1
bt 0.821014 -0.570908 0
t 0 0 1
bt 0.821014 -0.570908 0
t 0 0 1
bt 0.648076 -0.761576 0
t 0 0 1
bt 0.648076 -0.761576 0
t 0 0 1
bt 0.442285 -0.896875 0
t 0 0 1
bt 0.442285 -0.896875 0
t 0 0 1
bt 0.249096 -0.968479 0
t 0 0 1
bt 0.249096 -0.968479 0
t 0 0 1
bt 0.943452 0.33151 0
t 0 0 1
bt 0.943452 0.33151 0
t 0 0 1
bt 0.943447 0.331525 0
t 0 0 1
bt 0.866423 0.499311 0
t 0 0 1
bt 0.866423 0.499311 0
t 0 0 1
bt 0.943447 0.331525 0
t 0 0 1
bt 0.724389 0.689391 0
t 0 0 1
bt 0.724389 0.689391 0
t 0 0 1
bt 0.536568 0.843857 0
t 0 0 1
bt 0.536568 0.843857 0
t 0 0 1
bt 0.313003 0.949752 0
t 0 0 1
bt 0.0936015 0.99561 0
t 0 0 1
bt 0.0936016 0.99561 0
t 0 0 1
bt 0.313003 0.949752 0
t 0 0 1
bt 0.536568 0.843857 0
t 0 0 1
bt 0.313028 0.949744 0
t 0 0 1
bt 0.313028 0.949744 0
t 0 0 1
bt 0.536568 0.843857 0
t 0 0 1
bt 0 1 0
t 0 0 1
bt 0 1 0
t 0 0 1
bt 0 -1 0
t 0 0 1
bt 0 -1 0
t 0 0 1
bt 0 -1 0
t 0 0 1
bt 0 -1 0
t 0 0 1
bt 0 -1 0
t 0 0 1
bt 0 -1 0
t -1 0.000233072 0
bt 2.48892e-05 -1 0
t -1 0 0
bt 2.23665e-05 -1 0
t -1 0.000233072 0
bt -0.000160355 -1 0
t -1 0.000233072 0
bt -0.000160355 -1 0
t -1 0 0
bt -0.000298368 -1 0
t -1 0 0
bt -0.000130792 -1 0
t -1 0.000342027 0
bt -0.000393382 -1 0
t -1 0 0
bt -0.000709284 -1 0
t -0.934499 -0.0156634 -0.355621
bt -0.00348357 -0.708891 -0.705309
t -0.883728 0.0116068 -0.467856
bt -0.00133351 -0.80139 -0.598141
t -0.877449 0.00511146 -0.479643
bt -0.0258451 -0.789765 -0.612865
t -0.937158 -0.0232892 -0.348127
bt -0.00356237 -0.709362 -0.704835
t -1 -0.000296953 0
bt -0.000332447 -1 0
t -1 -0.000273649 0
bt 0 -1 0
t -1 -0.000167252 0
bt -0.000211245 -1 0
t -1 -0.000296953 0
bt -0.000332447 -1 0
t -0.747643 0.000562665 0.664101
bt 0.0396804 -0.991284 -0.125622
t -0.797697 0.00194242 0.603055
bt -0.0156589 -0.967059 -0.254069
t -0.78725 0.00805665 0.616581
bt -0.0135574 -0.969332 -0.245381
t -1 0.000158318 0
bt 0.000156052 -1 0
t -1 0 0
bt -9.63663e-05 -1 0
t -1 0.000383692 0
bt -0.000360768 -1 0
t -1 0.000311298 0
bt -0.00057475 -1 0
t -1 -0.000494824 0
bt -9.8487e-05 -1 0
t -1 0 0
bt -0.000565982 -1 0
t -1 -0.000371118 0
bt 0.000424179 -1 0
t -1 0 0
bt 0.000230132 -1 0
t -1 0 0
bt 0.000155094 -1 0
t -1 -0.000254698 0
bt -0.00024055 -1 0
t -1 0 0
bt -8.99234e-06 -1 0
t -1 0 0
bt 0 -1 0
t -1 0 0
bt -0.000540444 -1 0
t -0.841591 0.00137273 0.540114
bt -0.00890493 -0.924092 -0.382066
t -0.838705 0.010478 0.544485
bt -0.00551314 -0.923949 -0.382475
t -0.862929 0.00676784 0.505279
bt -0.0136243 -0.856909 -0.515287
t -0.86493 -0.00543532 0.501863
bt -0.0114032 -0.864339 -0.50278
t -0.917196 0.0205073 0.397909
bt -0.00359192 -0.791633 -0.610987
t -0.908235 0.00220726 0.418454
bt -0.004413 -0.793879 -0.60806
t -0.995892 0.0584658 0.0691423
bt -0.000870825 -0.751151 -0.66013
t -0.958597 0.0219973 0.283917
bt 0.0088456 -0.780586 -0.624985
t -0.998566 0.0398941 0.035689
bt -1.285e-08 -0.748985 -0.662587
t -0.81536 0.0108766 -0.578852
bt -0.00259747 -0.850894 -0.52533
t -0.821277 0.00778742 -0.570477
bt -0.00413925 -0.856183 -0.516656
t -0.677794 0.00247217 -0.735248
bt -0.0312793 -0.862555 -0.504996
t -0.687309 0.028492 -0.725807
bt 0.0360148 -0.880871 -0.471984
t -0.747638 0.000365662 -0.664106
bt 0.000124807 -0.977794 -0.209568
t -0.725543 -0.0163219 -0.687984
bt -0.0521645 -0.962524 -0.266131
t -1 0 0
bt -0.000108695 -1 0
t -1 0 0
bt 0 -1 0
t -1 -0.000141318 0
bt -0.000700823 -1 0
t -1 0.000362663 0
bt -8.31771e-05 -1 0
t -1 -0.00025471 0
bt 0.000370369 -1 0
t -1 0.000373826 0
bt 0.000181933 -1 0
t -1 0.000466256 0
bt 0.000749349 -1 0
t -1 -0.000468313 0
bt 0.000587226 -1 0
t -1 -0.000478988 0
bt -0.000703098 -1 0
t -1 0.000582774 0
bt -0.000694653 -1 0
t -1 0.000374016 0
bt -0.000507276 -1 0
t -1 0.000824032 0
bt 0.000538342 -1 0
t -0.999999 0.00106307 0
bt -0.000350987 -1 0
t -1 0.000104541 0
bt -0.000562112 -1 0
t -1 -0.000220707 0
bt 0.000225405 -1 0
t -1 -0.000390135 0
bt -0.000320757 -1 0

