g sponza_70
t -0.999982 -0.00342977 0.00493845
bt -0.00141821 -0.623791 0.78159
t -1 0 0
bt -0.000249043 -0.622118 0.782923
t -0.999984 0.000546811 0.00558221
bt -0.00142289 -0.641398 0.767207
t -0.999974 -0.000155977 0.00720229
bt -0.00142721 -0.641398 0.767207
t -1 -0.000301616 0
bt 0.000227257 -1 0
t -1 0.000877341 0
bt -0.000425575 -1 0
t -1 -0.000193806 0
bt -0.0002853 -1 0
t -1 -0.000301616 0
bt 0.000227257 -1 0
t -1 0.000226293 0
bt 0.00399076 -0.999992 0
t -0.997756 0.0669624 0
bt -0.0249156 -0.99969 0
t -0.999999 -0.00116399 0
bt 0.000560099 -1 0
t -1 -0.000767324 0
bt 0.00106141 -0.999999 0
t -1 -4.29746e-05 0
bt -0.00184078 -0.999998 0
t -1 0.000699339 0
bt 0 -1 0
t -0.999999 -0.00133323 0
bt -0.00317896 -0.999995 0
t -1 0.000923357 0
bt -0.002736 -0.999996 0
t -0.999993 0.00386528 0
bt -0.00455601 -0.99999 0
t -0.999992 0.00387936 0
bt -0.00351365 -0.999994 0
t -0.999999 -0.00106331 0
bt -5.17184e-05 -1 0
t -0.999994 -0.00341296 0
bt -0.0022796 -0.999997 0
t -0.999994 -0.00341296 0
bt -0.0022796 -0.999997 0
t -0.999879 -0.0155855 0
bt 0.0038148 -0.999993 0
t -0.980582 -0.196108 0
bt -0.00489195 -0.999988 0
t -0.999972 0.00746528 0
bt 0.00384092 -0.999993 0
t -0.997522 -0.070357 0
bt -0.00337413 -0.999994 0
t -0.991556 -0.12968 0
bt 0.000168773 -1 0
t -0.999112 0.0421337 0
bt -0.00349512 -0.999994 0
t -0.999982 -0.00608291 0
bt -0.00124613 -0.999999 0
t -0.999606 0.0280731 0
bt -0.00350153 -0.999994 0
t -1 0 0
bt 0 -1 0
t -1 0.000681532 0
bt 0.000632612 -1 0
t -0.99999 0.00454237 0
bt 0.00655942 -0.999978 0
t -1 0 0
bt -1.98702e-05 -1 0
t -0.999976 0.00694081 0
bt 4.14149e-05 -1 0
t -0.999984 0.0056031 0
bt -0.000789995 -1 0
t -0.999772 0.0213548 0
bt -1.9942e-05 -1 0
t 0.970709 0.240257 0
bt -0.848565 -0.529092 0
t -0.999978 0.00660431 0
bt 0.00220174 -0.999998 0
t -0.999984 0.00563007 0
bt 0.01629 -0.999867 0
t -1 0.000105778 0
bt -0.00334581 -0.999994 0
t -0.999613 -0.0278181 0
bt -0.00593755 -0.999982 0
t -1 -0.00093432 0
bt 0.00151168 -0.999999 0
t -0.999936 -0.0112941 0
bt 0.00354804 -0.999994 0
t -0.999398 -0.0347011 0
bt 0.00976774 -0.999952 0
t -1 0 0
bt 0 -1 0
t -1 0 0
bt 0 -1 0
t -0.99949 -0.0319316 0
bt 0.00726192 -0.999974 0
t -0.999964 -0.00848486 0
bt -0.00350492 -0.999994 0
t -0.999999 0.00119473 0
bt -0.00260334 -0.999997 0
t -0.997536 0.0701613 0
bt -0.0383616 -0.999264 0
t -0.998973 0.045309 0
bt -0.000965946 -1 0
t -0.99892 0.0464566 0
bt -0.0254893 -0.999675 0
t -0.998759 0.0498035 0
bt -0.0237479 -0.999718 0
t -0.999981 0.00622938 0
bt 0.00203308 -0.999998 0
t 0 0 1
bt 1 0 0
t -0.00124233 0 0.999999
bt 1 0 1.81899e-13
t 0 0 1
bt 1 0 0
t 0 0 1
bt 1 0 0
t 0 0 1
bt 0 -1 0
t 0 -0.000894134 1
bt 0 -1 7.74116e-08
t 0 0 1
bt 0 -1 7.74116e-08
t 0 0 1
bt 0 -1 0
t 0 0 -1
bt 0 0 -1
t 0 0 -1
bt 0 0 -1
t 0 0 -1
bt 0 0 -1
t 0 0 -1
bt 0 0 -1
t 0 0 1
bt 0 -1 0
t 0 0 1
bt 0 -1 2.32235e-07
t 0 0 1
bt -1 0 0
t 0 0 1
bt -1 0 0
t 0 0 1
bt -1 0 0
t 0 0 1
bt -1 0 0
t -3.90611e-05 -0.000273658 -1
bt -0.141305 -0.989966 1.81281e-07
t 0 0 -1
bt -0.289912 -0.957053 0
t 0 0 -1
bt 0.00389997 -0.999992 2.69042e-07
t 1.08941e-06 -0.000279334 -1
bt 0.00389997 -0.999992 1.79361e-07
t 0 0 1
bt 0 0 -1
t 0 0 1
bt 0 0 -1
t 0 0 1
bt 0 0 -1
t 0 0 1
bt 0 0 -1
t 0 0 1
bt 0 0 -1
t 0 0 1
bt 0 0 -1
t 0 0 1
bt 0 0 -1
t 0 0 1
bt 0 0 -1
t 0 0 1
bt 0 0 -1
t 0 0 1
bt 0 0 -1
t 0 0 -1
bt 0 0 -1
t 0 0 -1
bt 0 0 -1
t 0 0 -1
bt 0 0 -1
t 0 0 -1
bt 0 0 -1
t 0 0 1
bt 0 0 -1
t 0 0 1
bt 0 0 -1
t 0 0 1
bt 0 0 -1
t 0 0 1
bt 0 0 -1
t 0 0 1
bt 0 0 -1
t 0 0 1
bt 0 0 -1
t 0 0 1
bt 0 0 -1
t 0 0 1
bt 0 0 -1
t 0 0 1
bt 0 0 1
t 0 0 1
bt 0 0 1
t 0 0 1
bt 0 0 1
t 0 0 1
bt 0 0 1
t 0 0 1
bt 0 0 -1
t 0 0 1
bt 0 0 -1
t 0 0 1
bt 0 0 -1
t 0 0 1
bt 0 0 -1
t 0 0 1
bt 0 0 1
t 0 0 1
bt 0 0 1
t 0 0 1
bt 0 0 1
t 0 0 1
bt 0 0 1
t 0 0 1
bt 0 0 1
t 0 0 1
bt 0 0 1
t 0 0 1
bt 0 0 -1
t 0 0 1
bt 0 0 -1
t 0 0 1
bt 0 0 -1
t 0 0 1
bt 0 0 -1
t 0 0 1
bt 0 1 0
t 0 0 1
bt 0 1 0
t 0 0 1
bt 0.261992 0.96507 0
t 0 0 1
bt 0.261992 0.96507 0
t 0 0 1
bt 1 0 -1.45788e-07
t 0 0 1
bt 1 0 0
t 0 0 -1
bt 0 0 1
t 0 0 -1
bt 0 0 1
t 0 0 -1
bt 0 0 1
t 0 0 -1
bt 0 0 1
t 0 0 -1
bt 0 0 1
t 0 0 -1
bt 0 0 1
t 0 0 -1
bt 0 0 -1
t 0 0 -1
bt 0 0 -1
t 0 0 -1
bt 0 0 -1
t 0 0 -1
bt 0 0 -1
t 0 0 -1
bt 0 0 1
t 0 0 -1
bt 0 0 1
t 0 0 -1
bt 0 0 1
t 0 0 -1
bt 0 0 1
t 0 0 -1
bt 0 0 1
t 0 0 -1
bt 0 0 1
t 0 0 -1
bt 0 0 -1
t 0 0 -1
bt 0 0 -1
t 0 0 -1
bt 0 0 -1
t 0 0 -1
bt 0 0 -1
t 0 0 1
bt 0 0 -1
t 0 0 1
bt 0 0 -1
t 0 0 1
bt 0 0 -1
t 0 0 1
bt 0 0 -1
t 0 0 -1
bt 0 0 -1
t 0 0 -1
bt 0 0 -1
t 0 0 -1
bt 0 0 -1
t 0 0 -1
bt 0 0 -1
t 0 0 -1
bt 0 0 -1
t 0 0 -1
bt 0 0 -1
t 0 0 -1
bt 0 0 -1
t 0 0 -1
bt 0 0 -1
t 0 0 -1
bt 0 0 -1
t 0 0 -1
bt 0 0 -1
t 3.26823e-06 -0.000838003 -1
bt 0.00389997 -0.999992 0
t 0 0 -1
bt 0.00389997 -0.999992 0
t -1 0 0
bt 0.00187491 -0.999998 0
t -1 0 0
bt -0.00209569 -0.999998 0
t -1 0 0
bt 0.00187512 -0.999998 0
t -1 0 0
bt 0.00187491 -0.999998 0
t -1 -0.00010781 0
bt 0.00106245 -0.999999 0
t -1 0.000110595 0
bt 0.000910972 -1 0
t -1 -2.26901e-05 0
bt 0.00087655 -1 0
t -1 0 0
bt 0.00126047 -0.999999 0
t 0.000361365 0 1
bt 1 0 -2.91576e-07
t 0 0 1
bt 1 0 0
t 0.0010841 0 0.999999
bt 1 0 0
t 0 0 1
bt 1 0 0
t -1 0 0
bt -0.00146306 -0.999999 0
t -1 0 0
bt -0.00122943 -0.999999 0
t -1 -0.000435142 0
bt -0.00105325 -0.999999 0
t -1 -2.26901e-05 0
bt -0.00101689 -0.999999 0
t -1 0 0
bt 0.00187449 -0.999998 0
t -1 0 0
bt -0.000392383 -1 0
t -1 0.00030116 0.00026328
bt -0.0015102 -0.658171 0.752867
t -1 0 0
bt -0.00151102 -0.659714 0.751516
t -0.0441816 -0.00437632 -0.999014
bt -0.701966 -0.700433 0.128986
t -0.0458398 1.4638e-05 -0.998949
bt -0.674399 -0.712096 0.195204
t -0.0270348 -0.0182947 -0.999467
bt -0.603321 -0.787495 0.125914
t -0.0331232 -0.0155321 -0.999331
bt -0.72491 -0.676496 0.129844
t -0.0437067 -0.00190917 -0.999043
bt -0.66215 -0.740066 0.117728
t 0 0 -1
bt -0.424571 -0.902925 0.0668228
t 0.0432021 -0.00284387 -0.999062
bt 0.707801 -0.661423 0.248068
t 0.0328704 -0.0147449 -0.999351
bt 0.749286 -0.647778 0.137673
t 0.0255478 -0.0163071 -0.999541
bt 0.611528 -0.764066 0.205515
t 0.0458477 2.49147e-05 -0.998949
bt 0.682059 -0.702101 0.204573
t 0 0 -1
bt 0.424653 -0.902887 0.0668216
t 0.0437057 -0.00190811 -0.999043
bt 0.66215 -0.740066 0.117728
t 0.0190984 -1.54523e-05 0.999818
bt 0.0118995 -0.999929 -0.000135096
t 0.0241094 -0.000530455 0.999709
bt 0.0126943 -0.999919 -0.000403666
t -0.0189976 -0.000500084 0.999819
bt 0.00560075 -0.999984 1.46776e-05
t -0.0239977 -0.000528068 0.999712
bt 0.0048014 -0.999988 -6.48108e-07
t 0.0307883 0.00709645 0.999501
bt 0.999526 -0.000218654 -0.0307964
t 0.0316398 0.00709627 0.999474
bt 0.999545 -0.000214097 -0.0301545
t 0.0303626 0.00709655 0.999514
bt 0.999516 -0.000220933 -0.0311173
t 0.0303626 0.00709655 0.999514
bt 0.999516 -0.000220933 -0.0311173
t 0.0240448 0.0147276 0.999602
bt 0.00285997 0.999895 -0.0141898
t 0.0240448 0.0147299 0.999602
bt 0.00285995 0.999895 -0.0141903
t 0.0240448 0.0147276 0.999602
bt 0.00285997 0.999895 -0.0141898
t 0.0240448 0.0147276 0.999602
bt 0.00285997 0.999895 -0.0141898
t 0 0 1
bt -1 0 0
t 0 0 1
bt -1 0 0
t 0.0316397 0.00709627 0.999474
bt 0.999545 -0.000214097 -0.0301545
t 0.0303628 0.00709655 0.999514
bt 0.999516 -0.000220933 -0.0311173
t -1 0 0
bt 0.00947543 -0.999955 0
t -1 0.000180595 0
bt 0.00121204 -0.999999 0
t -0.999999 0.00168079 0
bt 0.00237709 -0.999997 0
t -0.999984 0.00573981 0
bt 0.00731749 -0.999973 0
t -0.999984 0.00573981 0
bt 0.00731749 -0.999973 0
t -0.999982 -0.00599435 0
bt 6.09107e-05 -1 0
t -0.999999 0.00102959 0
bt 0.000179349 -1 0
t -1 -7.14343e-05 0
bt -0.00289491 -0.999996 0
t -0.999993 -0.0038542 0
bt 0.0238252 -0.999716 0
t -0.999996 0.00295139 0
bt -0.00456584 -0.99999 0
t -1 0.000885669 0
bt -0.00262665 -0.999997 0
t -0.999866 0.0163465 0
bt -0.00454935 -0.99999 0
t -0.999999 -0.0016312 0
bt 0.000324369 -1 0
t -1 0.000337401 0
bt 0 -1 0

