g sponza_365
t 0.0357231 -0.0505667 -0.998082
bt -0.999591 -0.00146842 -0.0285495
t 0.0187322 5.30757e-05 -0.999825
bt -0.480831 -0.876807 0.00339707
t -0.0442929 -0.00595704 -0.999001
bt -0.500032 -0.865971 -0.00787891
t -0.069048 0.0400045 -0.996811
bt -0.99975 -0.000891123 0.0223294
t -0.0600074 0.00395592 -0.99819
bt 0.515327 -0.856946 -0.00904299
t -0.0298136 4.22388e-05 -0.999556
bt 0.500007 -0.865998 -0.00629043
t -0.104498 -0.0807556 -0.991241
bt 0.999059 -0.00351846 -0.0432184
t -0.0365056 -0.0209864 -0.999113
bt 0.999917 -0.000247438 -0.0129111
t 0.104454 -0.080756 -0.991246
bt -0.998931 -0.00375111 -0.0460742
t 0.0520534 -0.00929476 -0.998601
bt -0.516773 -0.855567 0.0308392
t 0.0307465 0.00165925 -0.999526
bt -0.500149 -0.86593 0.00390672
t 0.0366858 -0.0209863 -0.999106
bt -0.999917 -0.000247451 -0.0129095
t 0.0493314 -0.0138238 -0.998687
bt -0.513852 -0.857199 -0.0341376
t -0.0206928 0.00362948 -0.999779
bt 0.480739 -0.876861 -0.00235455
t 0.0407453 3.13344e-06 -0.99917
bt 0.499636 -0.866218 0.00545765
t -0.0357849 -0.0505666 -0.998079
bt 0.999673 -0.00131619 -0.0255452
t 0.0691715 0.0400041 -0.996802
bt 0.99975 -0.000891247 0.0223322
t 0.253193 -0.150527 -0.955633
bt -0.996151 -0.0136618 -0.0865827
t 0.10559 0.0302187 -0.99395
bt -0.4928 -0.870064 0.0117402
t -0.0936612 0.00599026 -0.995586
bt 0.497879 -0.867164 -0.0119672
t -0.253196 -0.150527 -0.955633
bt 0.996036 -0.0138629 -0.0878594
t 0.253442 -0.150517 -0.955569
bt -0.996033 -0.0138693 -0.0878997
t 0.105758 0.0272605 -0.994018
bt -0.49914 -0.866499 0.00618857
t 0.10574 0.0805875 -0.991123
bt -0.516771 -0.85557 0.0307797
t -0.0929667 0.0076098 -0.99564
bt 0.491607 -0.870793 -0.00653714
t 0.0432859 -0.0238722 -0.998778
bt -0.51385 -0.857199 -0.0341828
t -0.250416 -0.150639 -0.956347
bt 0.996166 -0.0136344 -0.0864084
t 0.316329 -0.187555 -0.929924
bt -0.993444 -0.0225582 -0.112068
t 0.127785 0.0302382 -0.991341
bt -0.486637 -0.873517 0.0123129
t -0.119019 0.00628222 -0.992872
bt 0.498177 -0.866998 -0.0115313
t -0.312779 -0.187787 -0.931078
bt 0.993085 -0.0231669 -0.115086
t 0.312315 -0.187818 -0.931227
bt -0.992993 -0.0233205 -0.115848
t 0.13268 0.0304291 -0.990692
bt -0.500133 -0.865882 0.0107555
t -0.115766 0.00822181 -0.993243
bt 0.484857 -0.874551 -0.00863843
t -0.31754 -0.187475 -0.929528
bt 0.993078 -0.02318 -0.115151
t 0.415948 -0.244445 -0.875919
bt -0.987115 -0.0430066 -0.154123
t 0.173574 0.0468336 -0.983707
bt -0.477241 -0.87858 0.0183786
t -0.161915 0.00785626 -0.986773
bt 0.494289 -0.869162 -0.0153406
t -0.415522 -0.244497 -0.876107
bt 0.987127 -0.0429872 -0.154053
t 0.415339 -0.244519 -0.876187
bt -0.987078 -0.0430681 -0.154344
t 0.179742 0.0401309 -0.982895
bt -0.497928 -0.86709 0.0148911
t -0.155481 0.0121797 -0.987764
bt 0.473881 -0.880519 -0.011089
t -0.414221 -0.244656 -0.876678
bt 0.987113 -0.0430107 -0.154138
t 0.546799 -0.308524 -0.778347
bt -0.975159 -0.0816539 -0.205907
t 0.224236 0.0492323 -0.97329
bt -0.462519 -0.886144 0.0287196
t -0.218435 0.00538494 -0.975837
bt 0.482568 -0.875568 -0.0225475
t -0.54113 -0.309878 -0.781763
bt 0.974835 -0.0821775 -0.207227
t 0.54074 -0.309971 -0.781997
bt -0.974802 -0.0822304 -0.207361
t 0.240168 0.0469006 -0.969598
bt -0.489643 -0.871709 0.0193056
t -0.205343 0.0104524 -0.978634
bt 0.45609 -0.889852 -0.0120831
t -0.545323 -0.308878 -0.779241
bt 0.976113 -0.0800902 -0.201962
t 0.678084 -0.361523 -0.639925
bt -0.952425 -0.149968 -0.265325
t 0.287041 0.0609079 -0.95598
bt -0.439104 -0.897596 0.0388588
t -0.283665 -0.00257671 -0.95892
bt 0.459391 -0.887854 -0.0259951
t -0.675167 -0.362842 -0.642259
bt 0.951721 -0.151045 -0.267231
t 0.677612 -0.361737 -0.640304
bt -0.951188 -0.151856 -0.268666
t 0.308813 0.0503952 -0.949787
bt -0.472143 -0.881044 0.0290082
t -0.264745 0.00951356 -0.964271
bt 0.428278 -0.903569 -0.0118922
t -0.678257 -0.361444 -0.639786
bt 0.951338 -0.151629 -0.268264
t 0.799739 -0.37622 -0.467842
bt -0.911104 -0.258361 -0.321152
t 0.343845 0.0570108 -0.937294
bt -0.405765 -0.912294 0.0554507
t -0.35016 -0.0141819 -0.936582
bt 0.420893 -0.906823 -0.022827
t -0.80073 -0.375421 -0.466788
bt 0.911029 -0.258382 -0.321348
t 0.798271 -0.377472 -0.469338
bt -0.910283 -0.259412 -0.322629
t 0.375106 0.0471836 -0.92578
bt -0.441201 -0.896353 0.043516
t -0.323608 0.00209349 -0.946189
bt 0.388475 -0.921435 -0.00667737
t -0.798329 -0.377394 -0.469302
bt 0.912073 -0.257015 -0.319478
t 0.866732 -0.355383 -0.349969
bt -0.864578 -0.358009 -0.35261
t 0.426268 0.169861 -0.888506
bt -0.42798 -0.883652 0.189718
t 0.32717 -0.127639 -0.936305
bt -0.321968 -0.938273 -0.126409
t -0.381718 -0.0128049 -0.92419
bt 0.376202 -0.926429 -0.0141676
t -0.86655 -0.355608 -0.35019
bt 0.866104 -0.356132 -0.350761
t 0.866555 -0.355602 -0.350184
bt -0.866109 -0.356126 -0.350755
t 0.402808 0.048675 -0.913989
bt -0.399049 -0.915502 0.0511512
t -0.32717 -0.127639 -0.936305
bt 0.321968 -0.938273 -0.12641
t -0.426269 0.169865 -0.888505
bt 0.427981 -0.88365 0.189723
t -0.866737 -0.355377 -0.349963
bt 0.864583 -0.358003 -0.352604
t 0.86423 -0.352756 -0.358706
bt -0.865392 -0.351418 -0.357215
t 0.402149 0.0516 -0.914119
bt -0.406381 -0.912385 0.0490742
t 0.429374 0.181532 -0.884695
bt -0.423286 -0.889442 0.172398
t 0.32606 -0.130434 -0.936308
bt -0.319453 -0.938273 -0.132642
t -0.363548 -0.00661617 -0.931552
bt 0.368838 -0.92947 -0.00663813
t -0.863465 -0.353675 -0.359641
bt 0.865161 -0.351697 -0.357499
t 0.863672 -0.353427 -0.359389
bt -0.865228 -0.351616 -0.357416
t 0.384848 0.056843 -0.921228
bt -0.388548 -0.919889 0.0532472
t -0.378996 -0.0141041 -0.925291
bt 0.385219 -0.922743 -0.0123094
t -0.32606 -0.130434 -0.936308
bt 0.319453 -0.938273 -0.132642
t -0.864406 -0.352544 -0.358491
bt 0.865413 -0.351393 -0.357189
t -0.429375 0.181536 -0.884693
bt 0.423288 -0.889441 0.172403
t 0.812099 -0.361677 -0.457914
bt -0.90577 -0.262617 -0.332584
t 0.422396 0.198242 -0.884467
bt -0.466239 -0.871979 0.149246
t 0.28851 -0.135821 -0.947794
bt -0.377291 -0.914852 -0.143865
t -0.324785 0.00127457 -0.945787
bt 0.396091 -0.918182 -0.00733977
t -0.813334 -0.360609 -0.456562
bt 0.906549 -0.261584 -0.331275
t 0.812497 -0.361334 -0.457479
bt -0.90673 -0.261342 -0.33097
t 0.34909 0.0660229 -0.934761
bt -0.41149 -0.910159 0.0478158
t -0.28851 -0.135821 -0.947794
bt 0.37729 -0.914852 -0.143865
t -0.421887 0.196696 -0.885055
bt 0.466276 -0.871932 0.149403
t -0.813227 -0.360701 -0.456679
bt 0.905752 -0.262641 -0.332614
t 0.719048 -0.346298 -0.602535
bt -0.946976 -0.160111 -0.278571
t 0.320665 0.0667554 -0.944838
bt -0.471982 -0.881146 0.0285396
t 0.410495 0.162953 -0.897185
bt -0.470882 -0.865738 0.169612
t 0.288836 -0.135128 -0.947794
bt -0.377247 -0.914852 -0.143981
t -0.266632 0.00963961 -0.96375
bt 0.425127 -0.905059 -0.0116808
t -0.717096 -0.347301 -0.604281
bt 0.946477 -0.160842 -0.279842
t 0.717514 -0.347086 -0.603907
bt -0.946328 -0.16106 -0.280221
t 0.293169 0.0717065 -0.953368
bt -0.435546 -0.899426 0.0364952
t -0.288459 -0.0017414 -0.957491
bt 0.459925 -0.887669 -0.0226534
t -0.288837 -0.135128 -0.947794
bt 0.377247 -0.914852 -0.143981
t -0.719429 -0.346101 -0.602192
bt 0.946754 -0.160436 -0.279136
t -0.411283 0.16524 -0.896405
bt 0.470927 -0.865675 0.169811
t 0.551211 -0.279189 -0.78627
bt -0.978989 -0.0681859 -0.192174
t 0.231757 0.0574601 -0.971075
bt -0.50178 -0.864835 0.0166568
t -0.183627 0.0120272 -0.982922
bt 0.452383 -0.891792 -0.00754154
t -0.547244 -0.279969 -0.78876
bt 0.979459 -0.0674454 -0.19003
t 0.550215 -0.279316 -0.786922
bt -0.978908 -0.0683335 -0.192533
t 0.209978 0.0664452 -0.975446
bt -0.457291 -0.888886 0.0277012
t -0.201574 0.00212475 -0.979471
bt 0.495719 -0.868196 -0.02232
t -0.549214 -0.279629 -0.787509
bt 0.979551 -0.0672775 -0.189616
t 0.280784 -0.133214 -0.950481
bt -0.996775 -0.0111612 -0.0794629
t 0.107973 0.0384256 -0.993411
bt -0.519672 -0.854351 0.00500036
t -0.0778324 0.006535 -0.996945
bt 0.469418 -0.882961 -0.00505227
t -0.289709 -0.132747 -0.947864
bt 0.996642 -0.0113963 -0.0810818
t 0.28459 -0.13296 -0.949384
bt -0.99686 -0.0110225 -0.0784129
t 0.0954907 0.0400454 -0.994624
bt -0.470251 -0.882482 0.00946267
t -0.0866531 0.00294963 -0.996234
bt 0.518641 -0.854919 -0.0111818
t -0.281044 -0.133203 -0.950406
bt 0.996607 -0.0114485 -0.0815124
t -0.0512855 0.0650157 -0.996565
bt -0.999261 -0.00247839 0.0383679
t -0.0374594 0.00389623 -0.999291
bt -0.52145 -0.853281 -0.00132999
t 0.0362672 -0.00221024 -0.99934
bt 0.473585 -0.880746 0.00153018
t 0.0553065 0.0650018 -0.996351
bt 0.999398 -0.00223354 0.0346145
t -0.05497 0.065003 -0.99637
bt -0.999337 -0.00234628 0.0363426
t -0.0334104 0.00310815 -0.999437
bt -0.473806 -0.880602 -0.00688294
t 0.0406642 -0.00135568 -0.999172
bt 0.52124 -0.853393 0.00542852
t 0.0513142 0.0650156 -0.996564
bt 0.999178 -0.0026137 0.0404419
t -0.351015 0.224085 -0.909161
bt -0.989773 -0.0340765 0.138522
t -0.159444 -0.0286874 -0.98679
bt -0.507235 -0.861735 -0.0112043
t 0.136321 -0.0120107 -0.990592
bt 0.469167 -0.883071 0.0081747
t 0.353704 0.223843 -0.908178
bt 0.990795 -0.032334 0.131452
t -0.35275 0.223929 -0.908528
bt -0.990767 -0.0323827 0.13165
t -0.148165 -0.0348051 -0.98835
bt -0.471869 -0.881465 -0.0189401
t 0.145471 -0.00423361 -0.989353
bt 0.504212 -0.863419 0.0166765
t 0.350313 0.224148 -0.909416
bt 0.989778 -0.0340688 0.138491
t -0.562398 0.323147 -0.761108
bt -0.971594 -0.0924594 0.217845
t -0.254713 -0.0459832 -0.965923
bt -0.491422 -0.870654 -0.021577
t 0.214253 -0.0121413 -0.976703
bt 0.447067 -0.894449 0.00958975
t 0.560392 0.323679 -0.76236
bt 0.971546 -0.092536 0.218025
t -0.559154 0.324005 -0.76313
bt -0.972363 -0.091217 0.214919
t -0.233632 -0.0532174 -0.970868
bt -0.453696 -0.890634 -0.0305261
t 0.232015 -0.00247309 -0.972709
bt 0.483348 -0.875127 0.0229566
t 0.563475 0.32286 -0.760432
bt 0.97172 -0.0922569 0.217368
t -0.740668 0.380742 -0.553576
bt -0.931117 -0.206709 0.300488
t -0.350335 -0.044626 -0.935561
bt -0.463033 -0.885663 -0.0346527
t 0.291837 -0.00791138 -0.956435
bt 0.399858 -0.916558 0.00594787
t 0.741633 0.380138 -0.552699
bt 0.931175 -0.206625 0.300365
t -0.74164 0.380133 -0.552692
bt -0.931178 -0.206621 0.300359
t -0.31185 -0.0592119 -0.948285
bt -0.413396 -0.909193 -0.0497113
t 0.32529 0.0114392 -0.945545
bt 0.445985 -0.894631 0.0270782
t 0.740676 0.380737 -0.553569
bt 0.93112 -0.206705 0.300482
t -0.896373 0.346999 -0.275874
bt -0.816035 -0.452507 0.359617
t -0.458739 -0.0270185 -0.88816
bt -0.372996 -0.925908 -0.0597287
t 0.292432 0.119237 -0.948824
bt 0.326929 -0.937835 0.11655
t 0.392642 -0.177718 -0.902357
bt 0.414138 -0.892978 -0.176295
t 0.860488 0.35735 -0.363126
bt 0.866147 -0.350528 0.356258
t -0.860494 0.357344 -0.363119
bt -0.866152 -0.350522 0.356252
t -0.392643 -0.177723 -0.902356
bt -0.414139 -0.892977 -0.176299
t -0.292432 0.119237 -0.948824
bt -0.326929 -0.937835 0.11655
t 0.44252 0.0279706 -0.896322
bt 0.339725 -0.940375 0.0167578
t 0.896377 0.346993 -0.275869
bt 0.816041 -0.452501 0.359612
t -0.941671 0.279399 -0.187593
bt -0.72656 -0.580972 0.366854
t -0.471741 -0.0210552 -0.881486
bt -0.438907 -0.898014 -0.0305124
t 0.506241 -0.00699508 -0.862364
bt -0.0952941 -0.995447 -0.00188927
t 0.287007 0.132882 -0.948667
bt 0.333641 -0.937636 0.0975816
t 0.999231 0.0391516 -0.00201962
bt 0.783434 -0.620686 0.0313208
t 0.400734 -0.207306 -0.892433
bt 0.404672 -0.904034 -0.137709
t -0.999231 0.0391506 -0.00201957
bt -0.783441 -0.620677 0.0313204
t -0.507171 0.00588004 -0.861825
bt -0.117416 -0.928343 -0.352694
t -0.400735 -0.207311 -0.892431
bt -0.404673 -0.904033 -0.137713
t -0.287007 0.132882 -0.948667
bt -0.333641 -0.937636 0.0975816
t 0.433937 0.0486724 -0.899628
bt 0.419073 -0.907646 0.0235781
t 0.939379 0.292161 -0.179469
bt 0.736503 -0.566223 0.370075
t -0.96773 0.23024 -0.102409
bt -0.625182 -0.719691 0.301981
t -0.482514 -0.0296779 -0.875385
bt -0.380286 -0.92259 -0.0648903
t 0.529812 -0.00719694 -0.848085
bt -0.222526 -0.974128 0.0394626
t 0.998507 -0.0541337 -0.00731553
bt -0.815192 -0.573983 -0.0774949
t 0.99981 0.0194504 -0.00100494
bt -0.812282 -0.582523 0.0293962
t -0.998507 -0.0541324 -0.00731531
bt 0.815199 -0.573973 -0.0774937
t -0.534022 0.0225928 -0.845169
bt 0.224905 -0.973409 0.0434943
t -0.508849 0.0329053 -0.860227
bt 0.29779 -0.883742 0.360999
t -0.99981 0.0194499 -0.00100491
bt 0.812289 -0.582514 0.0293957
t 0.458261 0.0404073 -0.887899
bt 0.350811 -0.936303 -0.016383
t 0.970622 0.223241 -0.0897592
bt 0.64899 -0.699282 0.299695
t -0.997983 -0.0630419 -0.00741144
bt -0.301037 -0.94783 -0.104861
t -0.540557 0.0792784 -0.837564
bt 0.0363777 -0.972954 -0.228117
t -0.51582 -0.0992309 -0.850931
bt 0.123417 -0.987899 -0.0939363
t 0.457922 0.0183656 -0.888802
bt 0.276756 -0.9609 0.00879441
t 0.984264 0.168254 -0.053991
bt 0.387347 -0.87789 0.281552
t 0.996796 -0.0792607 -0.010711
bt 0.221503 -0.966392 -0.130475
t -0.984264 0.168253 -0.0539909
bt -0.387327 -0.877898 0.281555
t -0.47047 -0.0372596 -0.881629
bt -0.287016 -0.957843 -0.012606
t -0.996796 -0.0792607 -0.010711
bt -0.221503 -0.966392 -0.130475
t 0.521736 -0.0638471 -0.850715
bt -0.209498 -0.976746 0.0455883
t 0.997935 -0.0638961 -0.00650202
bt 0.301909 -0.947589 -0.104531
t -0.915483 -0.251067 -0.314415
bt 0.849605 -0.329137 -0.412116
t -0.345473 -0.122236 -0.930434
bt 0.830381 -0.555939 0.0374216
t -0.53959 0.0687307 -0.839118
bt 0.35079 -0.887956 0.297457
t -0.99708 -0.0758487 -0.00882967
bt 0.694785 -0.714907 -0.0786311
t 0.191302 0.261992 -0.94592
bt 0.824552 -0.562796 0.0580864
t -0.517917 -0.0878532 -0.850908
bt 0.238088 -0.966597 0.0948907
t 0.740529 -0.225076 -0.633212
bt 0.816491 -0.570374 0.0895289
t 0.832006 0.335689 -0.441677
bt 0.783493 -0.376066 0.494685
t -0.832025 0.335672 -0.441655
bt -0.783515 -0.376049 0.494662
t -0.609826 -0.0759019 -0.788892
bt -0.835536 -0.549383 0.00754909
t -0.182792 0.267573 -0.94604
bt -0.79321 -0.586173 0.164982
t 0.289239 -0.165652 -0.942815
bt -0.81516 -0.577458 -0.0453435
t 0.533122 -0.260458 -0.804949
bt -0.935944 -0.342716 -0.080958
t 0.914448 -0.252531 -0.31625
bt -0.873038 -0.304321 -0.381042
t 0.997077 -0.0759993 -0.00784308
bt -0.694729 -0.714884 -0.0793276
t 0.913928 -0.253262 -0.317166
bt 0.999186 0.0251651 0.0315149
t 0.188241 -0.416104 -0.889619
bt 0.961877 0.255634 -0.0971773
t 0.0581421 0.604054 -0.794819
bt 0.999529 -0.0185648 0.0244277
t -0.101758 0.601937 -0.792033
bt -0.999513 -0.0188816 0.0248446

