g sponza_62
t 0 -1 0
bt 0 0 -1
t 0 -1 0
bt 0 0 -1
t 0 -1 0
bt 0 0 -1
t 0 -1 0
bt 0 0 -1
t 0 -1 0
bt -1 0 0
t -1.05103e-06 -1 0
bt -0.997924 0.0643974 0
t 0 -1 0
bt -1 0 0
t 0 -1 0
bt -1 0 0
t 0 -1 0
bt 0 0 1
t 0 -1 0
bt 0 0 1
t 0 -1 0
bt 0 0 1
t 0 -1 0
bt 0 0 1
t 0 -1 0
bt -0.972923 -0.231131 0
t 1.44332e-06 -1 0
bt -1 0 0
t 0 -1 0
bt -0.972923 -0.231131 0
t 0 -1 0
bt -0.972923 -0.231131 0
t 0 -1 0
bt -0.633504 0.0479692 -0.772251
t 0 -1 0
bt -0.634234 0 -0.773141
t 0 -1 0
bt -0.633504 0.0479692 -0.772251
t 0 -1 0
bt -0.633504 0.0479692 -0.772251
t -1 0 0
bt 0 -1 0
t -1 0 0
bt -0.375285 -0.92691 0
t -1 0 0
bt 0 -1 0
t -1 0 0
bt 0 -1 0
t -1 0 0
bt 0 -0.634234 -0.773141
t -1 -5.65544e-07 -6.89224e-07
bt 0.18848 -0.622867 -0.759284
t -1 0 0
bt 0 -0.634234 -0.773141
t -1 0 0
bt 0 -0.634234 -0.773141
t -1 0 0
bt 0 0 -1
t -1 0 0
bt 0 0 -1
t -1 0 0
bt 0 0 -1
t -1 0 0
bt 0 0 -1
t -1 -1.40417e-06 0
bt 0 -1 0
t -1 0 0
bt 0.258336 -0.966055 0
t -1 -1.40417e-06 0
bt 0 -1 0
t -1 -1.40417e-06 0
bt 0 -1 0
t -1 0 0
bt 0 0 1
t -1 0 0
bt 0 0 1
t -1 0 0
bt 0 0 1
t -1 0 0
bt 0 0 1
t 0 -1 0
bt 0 0 -1
t 0 -1 0
bt 0 0 -1
t 0 -1 0
bt 0 0 -1
t 0 -1 0
bt 0 0 -1
t 0 -1 0
bt 1 0 0
t 0 -1 0
bt 0.997925 0.0643948 0
t 0 -1 0
bt 1 0 0
t 0 -1 0
bt 1 0 0
t 0 -1 0
bt 0 0 1
t 0 -1 0
bt 0 0 1
t 0 -1 0
bt 0 0 1
t 0 -1 0
bt 0 0 1
t -2.88664e-06 -1 0
bt 1 0 0
t 0 -1 0
bt 0.963904 -0.266251 0
t -2.88664e-06 -1 0
bt 1 0 0
t -2.88664e-06 -1 0
bt 1 0 0
t 0 -1 0
bt 0.634234 0 -0.773141
t 0 -1 0
bt 0.633504 0.0479701 -0.772251
t 0 -1 0
bt 0.634234 0 -0.773141
t 0 -1 0
bt 0.634234 0 -0.773141
t 1 0 0
bt 0.278373 -0.960473 0
t 1 0 0
bt 0 -1 0
t 1 0 0
bt 0.278373 -0.960473 0
t 1 0 0
bt 0.278373 -0.960473 0
t 1 -6.04878e-07 -7.37161e-07
bt -0.136908 -0.628262 -0.765861
t 1 0 0
bt 0 -0.634234 -0.773141
t 1 -6.04878e-07 -7.37161e-07
bt -0.136908 -0.628262 -0.765861
t 1 -6.04878e-07 -7.37161e-07
bt -0.136908 -0.628262 -0.765861
t 1 0 0
bt 0 0 -1
t 1 0 0
bt 0 0 -1
t 1 0 0
bt 0 0 -1
t 1 0 0
bt 0 0 -1
t 1 -1.50078e-06 0
bt 0 -1 0
t 1 0 0
bt -0.187111 -0.982339 0
t 1 -1.50078e-06 0
bt 0 -1 0
t 1 -1.50078e-06 0
bt 0 -1 0
t 1 0 0
bt 0 0 1
t 1 0 0
bt 0 0 1
t 1 0 0
bt 0 0 1
t 1 0 0
bt 0 0 1

