g sponza_171
t 0 -0.857478 -0.51452
bt 0 -0.515266 0.85703
t 0 -0.853323 -0.521383
bt 0 -0.498701 0.866774
t 0 -0.858747 -0.5124
bt 0 -0.513789 0.857916
t 0 -0.858477 -0.512852
bt 0 -0.513136 0.858307
t 0 -0.860996 -0.508611
bt 0 -0.511636 0.859202
t 0 -0.860699 -0.509114
bt 0 -0.50967 0.86037
t 0 -0.86069 -0.509129
bt 0 -0.51179 0.859111
t 0 -0.860661 -0.509178
bt 0 -0.51048 0.85989
t 0 -0.858233 -0.51326
bt 0 -0.508253 0.861208
t 0 -0.858233 -0.51326
bt 0 -0.508253 0.861208
t 0 -0.859703 -0.510794
bt 0 -0.510476 0.859892
t 0 -0.859652 -0.510881
bt 0 -0.510774 0.859715
t 0 -0.858686 -0.512502
bt 0 -0.509536 0.860449
t 0 -0.859857 -0.510535
bt 0 -0.50958 0.860423
t -0.999999 0.00111316 0.000569086
bt 0.00188084 0.890389 0.455196
t -0.999998 0.00182685 0.000933942
bt 0.00483255 0.89038 0.455192
t -0.999998 0.00188161 8.92806e-05
bt 0 0.998876 0.0473958
t -0.999998 0.00188161 8.92806e-05
bt 0 0.998876 0.0473958
t -1 0 0
bt 0.00548421 0.758291 0.651893
t -1 0 0
bt 0.00548421 0.758291 0.651893
t -1 0 0
bt 0 -0.654477 -0.756082
t -0.999998 -0.00187948 -0.00119581
bt 0 -0.843707 -0.536804
t -1 0 0
bt 0 -0.843707 -0.536804
t -1 0 0
bt 0.00236451 -0.654475 -0.75608
t -1 0.000570986 -0.00022527
bt 0 0.930217 -0.36701
t -0.999998 0.00194629 -0.000767895
bt 0 0.930217 -0.36701
t -1 0 0
bt 0 0.621734 -0.783229
t -1 0 0
bt 0 0.621734 -0.783229
t -1 0 0
bt 0 0.885204 -0.465202
t -0.999998 0.00187251 -0.000984061
bt 0.00159488 0.885203 -0.465202
t -1 0 0
bt 0 0.885204 -0.465202
t -1 0 0
bt 0 0.885204 -0.465202
t -0.999998 -0.00104128 -0.00186687
bt 0.00393504 -0.487116 -0.873329
t -1 0 0
bt 0 -0.48712 -0.873335
t -0.999998 -0.00104128 -0.00186687
bt 0.00393504 -0.487116 -0.873329
t -0.999998 -0.00104128 -0.00186687
bt 0.00393504 -0.487116 -0.873329
t 0 0.143393 0.989666
bt 0 -0.986919 0.161217
t 0 0.139708 0.990193
bt 0 -0.990615 0.136684
t 0 0.141981 0.989869
bt 0 -0.987883 0.1552
t 0 0.143393 0.989666
bt 0 -0.986919 0.161217
t 0 0.138978 0.990295
bt 0 -0.99042 0.138091
t 0 0.138381 0.990379
bt 0 -0.990546 0.137178
t 0 0.138668 0.990339
bt 0 -0.990367 0.138468
t 0 0.139223 0.990261
bt 0 -0.990511 0.137436
t 0 0.139734 0.990189
bt 0 -0.990578 0.136949
t 0 0.139734 0.990189
bt 0 -0.990578 0.136949
t 0 0.138104 0.990418
bt 0 -0.990066 0.140607
t 0 0.138441 0.990371
bt 0 -0.99039 0.138305
t 0 0.13712 0.990555
bt 0 -0.990266 0.13919
t 0 0.13712 0.990555
bt 0 -0.990266 0.13919
t -0.999998 0.00036023 -0.00186142
bt 0 0.189999 -0.981784
t -1 0 0
bt 0.00231693 -0.209901 -0.97772
t -0.999999 -0.000258061 -0.00120209
bt 0.00231693 -0.209901 -0.97772
t -0.999999 0.000234575 -0.0012121
bt 0 0.189999 -0.981784

