g sponza_74
t 0.729974 0 0.683475
bt 0 -1 0
t 0.726581 1.23271e-06 0.687081
bt 0.000820195 -1 0.000500407
t 0.727116 -5.83343e-07 0.686515
bt 0.0001373 -1 -0.00014542
t 0.73012 0 0.683319
bt 0 -1 0
t -0.65131 6.8359e-07 0.758812
bt -0.00145314 -0.999999 0.000157592
t -0.660407 0 0.750908
bt 0 -1 0
t -0.660407 8.47954e-07 0.750908
bt -0.000549883 -1 0.000473797
t -0.650775 -2.1417e-08 0.759271
bt -0.00145251 -0.999999 0.000158101
t 0 -0.000242718 1
bt 0 -1 -0.000980131
t 0 -0.00265833 0.999996
bt 0 -0.999997 0.00241217
t 0 0.000171999 1
bt 0 -1 -0.000292299
t 0 -1.79817e-05 1
bt 0 -1 -0.000145392
t 0 0 1
bt 0 -1 2.69241e-05
t 0 -0.00127842 0.999999
bt 0 -0.999998 -0.00194494
t 0 -0.00124415 0.999999
bt 0 -0.999996 -0.00291741
t 0 0.00128729 0.999999
bt 0 -1 0.000602767
t 0 0.000826676 1
bt 0 -1 0.000313747
t 0 0 1
bt 0 -1 4.26585e-05
t 0 -0.000555163 1
bt 0 -1 -0.000553313
t 0 0.00326409 0.999995
bt 0 -0.999999 0.00127415
t -0.667295 5.51713e-06 0.744794
bt -0.000976707 -0.999999 -0.000258591
t -0.667295 3.67394e-08 0.744794
bt -0.0013351 -0.999999 -0.000158274
t 0 0 1
bt 0 -1 0.000396425
t 0 0 1
bt 0 -0.999998 0.0017886
t 0 0 1
bt 0 -0.999997 -0.00238793
t 0 0 1
bt 0 -1 3.7582e-06
t 0 -0.0711631 0.997465
bt 0 -0.998876 0.0473904
t 0 0 1
bt 0 -1 0
t 0 0 1
bt 0 -1 0
t 0 0 1
bt 0 -1 1.8791e-05
t 0 -0.000811928 1
bt 0 -1 -0.000119188
t 0.713279 7.21352e-07 0.70088
bt 0.0019182 -0.999998 0.000482963
t 0.712288 2.61562e-06 0.701888
bt 0.00251243 -0.999996 0.000791119
t 0 -0.00480714 0.999988
bt 0 -0.999999 0.00136155
t 0 -0.0594226 0.998233
bt 0 -0.999165 -0.0408616
t 0 -0.00117573 0.999999
bt 0 -1 -0.00028198
t 0 -0.000369161 1
bt 0 -0.999995 -0.00313425
t 0 -0.00298601 0.999996
bt 0 -1 -7.70614e-05
t 0 0 1
bt 0 -0.999989 0.0046327
t 0 0.00167957 0.999999
bt 0 -0.999863 -0.0165466
t 0 -0.00312378 0.999995
bt 0 -0.999988 -0.00498171
t 0 -0.00705577 0.999975
bt 0 -0.999989 0.0047378
t 0 2.87156e-05 1
bt 0 -0.999977 0.00680887
t 0 0.00351459 0.999994
bt 0 -1 -0.000575244
t 0 0.00351459 0.999994
bt 0 -1 -0.000575244
t 0 0.000216075 1
bt 0 -0.999999 0.00133492
t 0 0.00744579 0.999972
bt 0 -0.999996 -0.00298934
t 0 -7.55681e-06 1
bt 0 -0.999998 -0.00192818
t 0 7.38389e-05 1
bt 0 -1 0.000188377
t 0 1.74876e-05 1
bt 0 -1 0
t 0 -0.000414581 1
bt 0 -0.999999 0.00156336
t 0 0 1
bt 0 -0.999989 0.00469008
t 0 0.00470819 0.999989
bt 0 -0.999989 0.00470034
t 0 0.00217536 0.999998
bt 0 -0.999996 0.00271732
t 0 -0.00324423 0.999995
bt 0 -1 -0.000281718
t 0 0.0123326 0.999924
bt 0 -0.9999 0.0141146
t 0 -0.00262262 0.999997
bt 0 -0.999969 -0.0078338
t 0 0.0014231 0.999999
bt 0 -1 -0.000444004
t 0 0.00800562 0.999968
bt 0 -0.999992 -0.0040933
t 0 0.0105642 0.999944
bt 0 -0.999999 -0.00163543
t 0 0.00295139 0.999996
bt 0 -1 -0.00012307
t 0 0.00570043 0.999984
bt 0 -0.999999 0.00139496
t 0 -0.00341368 0.999994
bt 0 -0.999998 -0.00182478
t 0 -0.00263739 0.999997
bt 0 -1 -0.000982327
t 0 -0.00107177 0.999999
bt 0 -1 -0.000105877
t 0 0.00873533 0.999962
bt 0 -1 0.000341148
t 0 0 1
bt 0 -0.999996 0.0028906
t 0 -0.00298711 0.999996
bt 0 -0.999996 0.00288663
t 0 -0.00896125 0.99996
bt 0 -0.999996 0.00287868
t 0 0.00227402 0.999997
bt 0 -0.999999 -0.00122262
t 0 -0.000991285 1
bt 0 -0.999999 -0.00109141
t 0 -0.0021815 0.999998
bt 0 -1 0.000720064
t 0 0.0497427 0.998762
bt 0 -0.999855 0.0170156
t 0.000316051 -0.0857825 0.996314
bt 0.000187568 -0.999164 -0.0408829
t 0 0.00664715 0.999978
bt 0 -0.999911 -0.0133183
t 0 0.00932313 0.999957
bt 0 -0.999987 -0.00513683
t 0 0.00477879 0.999989
bt 0 -0.999999 -0.00126062
t 0 0.00503054 0.999987
bt 0 -1 0.000888233
t 0 -0.00117513 0.999999
bt 0 -0.999999 0.00147263
t 0 -0.0135863 0.999908
bt 0 -0.999997 0.00264141
t 0 0.00880457 0.999961
bt 0 -0.999999 -0.00148504
t 0 0.00880457 0.999961
bt 0 -0.999999 -0.00148504
t 1 0 0
bt 0 -0.99999 0.00439996
t 1 0.000186027 -8.18489e-07
bt 1.40376e-05 -0.99999 0.00439996
t 1 0 0
bt 0 -0.99999 0.00439996
t 1 0 0
bt 0 -0.99999 0.00439996
t 1 0 0
bt 0 0 -1
t 0.999999 0 -0.00130754
bt -7.26859e-07 0 -1
t 1 0 0
bt 0 0 -1
t 1 0 0
bt 0 0 -1
t -1 0 0
bt 0 -0.999608 0.0280002
t -1 0 0
bt 0 -0.999608 0.0280002
t -1 0 0
bt 0 -0.93757 0.347796
t -1 0 0
bt 0 -0.93757 0.347796
t 1 0 0
bt 5.0808e-05 0 -1
t 1 0 0
bt 0 0 -1
t 1 0 1.66027e-05
bt 0.000101616 0 -1
t 1 0 0
bt 0 0 -1
t 1 0 0
bt 0 -0.92412 -0.382103
t 1 0 0
bt 0 -0.92412 -0.382103
t 1 0 0
bt 0 -0.999449 -0.0332016
t 1 0 0
bt 0 -0.999449 -0.0332016
t 1 0 0
bt 0 -0.731039 -0.682336
t 1 0 0
bt 0 -0.731039 -0.682336
t 1 0 0
bt 0 -0.92412 -0.382103
t 1 0 0
bt 0 -0.92412 -0.382103
t 1 0 0
bt 0 -0.959734 0.28091
t 1 0 0
bt 0 -0.959734 0.28091
t 1 0 0
bt 0 -0.959734 0.28091
t 1 0 0
bt 0 -0.959734 0.28091
t 1 0 0
bt 0 -0.562316 -0.826923
t 1 0 0
bt 0 -0.562316 -0.826923
t 1 0 0
bt 0 -0.562316 -0.826923
t 1 0 0
bt 0 -0.562316 -0.826923
t 1 0 0
bt 0 -0.944192 0.329397
t 1 0 0
bt 0 -0.944192 0.329397
t 1 0 0
bt 0 -0.944192 0.329397
t 1 0 0
bt 0 -0.944192 0.329397
t 1 0 0
bt 0 -0.795441 -0.606031
t 1 0 0
bt 0 -0.795441 -0.606031
t 1 0 0
bt 0 -0.795441 -0.606031
t 1 0 0
bt 0 -0.795441 -0.606031
t -1 0 0
bt 0 -0.0511994 0.998688
t -1 0 0
bt 0 -0.0511994 0.998688
t -1 0 0
bt 0 -0.0511994 0.998688
t -1 0 0
bt 0 -0.0511994 0.998688
t 1 0 0
bt -2.03642e-05 -0.896578 -0.442886
t 1 0 0
bt 0 -0.896578 -0.442886
t 1 0 0
bt -3.02259e-05 -0.823224 -0.567717
t 1 0 0
bt -3.02259e-05 -0.823224 -0.567717
t 1 0 0
bt 0 -0.840311 -0.542105
t 1 0 0
bt 0 -0.840311 -0.542105
t 1 0 0
bt 0 -0.896578 -0.442886
t 1 0 0
bt -2.03642e-05 -0.896578 -0.442886
t 1 0 0
bt 0 -0.420422 -0.907329
t 1 0 0
bt 0 -0.420422 -0.907329
t 1 0 0
bt 0 -0.840311 -0.542105
t 1 0 0
bt 0 -0.840311 -0.542105
t 1 0 0
bt 0 -0.128501 -0.991709
t 1 0 0
bt 0 -0.128501 -0.991709
t 1 0 0
bt 0 -0.420422 -0.907329
t 1 0 0
bt 0 -0.420422 -0.907329
t 1 0 0
bt 0 -0.99999 0.00439996
t 1 0 0
bt 0 -0.99999 0.00439996
t 1 0 0
bt 0 -0.99999 0.00439996
t 1 0 0
bt 0 -0.99999 0.00439996
t 0 0 1
bt -1 0 0
t 0 0 1
bt -1 0 0
t 0 0 1
bt -1 0 0
t 0 0 1
bt -1 0 0
t 0 0 1
bt -1 0 0
t 0 0 1
bt -1 0 0
t -1 -0.000498954 -4.44052e-06
bt -6.48114e-06 -0.99996 -0.00889965
t -1 0 0
bt -8.64152e-06 -0.99996 -0.00889965
t -1 0 0
bt 0 -0.99996 -0.00889965
t -1 0 0
bt 0 -0.99996 -0.00889965
t -1 -0.000665272 -5.92069e-06
bt -1.7283e-05 -0.99996 -0.00889965
t -1 0 0
bt 0 -0.99996 -0.00889965
t -1 0 0
bt 0 -0.647698 0.761897
t -1 0 0
bt 0 -0.647698 0.761897
t -1 0 0
bt 0 -0.387816 0.921737
t -1 0 0
bt 0 -0.387816 0.921737
t -1 0 0
bt 0 -0.881072 0.472983
t -1 0 0
bt 0 -0.881072 0.472983
t -1 0 0
bt 0 -0.910873 0.412688
t -1 0 0
bt 0 -0.910873 0.412688
t -1 0 0
bt 0 0.0185005 0.999829
t -1 0 0
bt 0 0.0185005 0.999829
t -1 0 0
bt 0 0.0185005 0.999829
t -1 0 0
bt 0 0.0185005 0.999829
t -1 0 0
bt 0 -0.742095 0.670295
t -1 0 0
bt 0 -0.742095 0.670295
t -1 0 0
bt 0 -0.742095 0.670295
t -1 0 0
bt 0 -0.742095 0.670295
t -1 0 0
bt 0 -0.890432 -0.455116
t -1 0 0
bt 0 -0.890432 -0.455116
t -1 0 0
bt 0 -0.890432 -0.455116
t -1 0 0
bt 0 -0.890432 -0.455116
t -1 0 0
bt 0 -0.788037 0.615629
t -1 0 0
bt 0 -0.788037 0.615629
t -1 0 0
bt 0 -0.788037 0.615629
t -1 0 0
bt 0 -0.788037 0.615629
t -1 0 0
bt 0 -0.926463 -0.376385
t -1 0 0
bt 0 -0.926463 -0.376385
t -1 0 0
bt 0 -0.926463 -0.376385
t -1 0 0
bt 0 -0.926463 -0.376385
t -1 0 0
bt 0 -0.776105 0.630604
t -1 0 0
bt 0 -0.776105 0.630604
t -0.999998 -0.00199582 -1.77621e-05
bt 0 -0.99996 -0.00889965
t -1 0 0
bt 0 -0.99996 -0.00889965
t 1 0 4.98081e-05
bt 0 0 -1
t 1 0 0
bt -1.04408e-05 0 -1
t -0.670226 6.93705e-07 0.742157
bt 0.0702665 -0.997455 0.0120968
t -0.663958 -0.00125918 0.747769
bt 0.0764723 -0.99694 0.0162184
t 0.707205 4.3647e-05 0.707008
bt 0.073597 -0.997201 -0.0131636
t 0.698089 0.000694932 0.716011
bt 0.0880549 -0.995992 -0.0157015
t 1 0 0
bt 1.56505e-06 0 1
t 1 0 0
bt 1.55107e-06 0 1
t 1 0 0
bt 2.34757e-06 0 1
t 1 0 0
bt 2.34757e-06 0 1
t 1 0 0
bt 0 0 1
t 1 0 -8.08432e-06
bt 0 0 1
t 1 6.8903e-07 -8.91058e-08
bt 0 0.991658 -0.128895
t 1 0 0
bt 0 0.991658 -0.128895
t 1 1.03355e-06 -1.33659e-07
bt 0 0.991658 -0.128895
t 1 1.03355e-06 -1.33659e-07
bt 0 0.991658 -0.128895
t 1 0 0
bt 0 0.967149 -0.254209
t 1 0 0
bt 0 0.967149 -0.254209
t 1 0 0
bt 0 0.869802 -0.493401
t 1 0 0
bt 0 0.869802 -0.493401
t 1 0 0
bt 0 0.69643 -0.717625
t 1 0 0
bt 0 0.69643 -0.717625
t 1 0 0
bt 0 0.493401 -0.869802
t 1 0 0
bt 0 0.493401 -0.869802
t 1 0 0
bt 0 0.69643 -0.717625
t 1 0 0
bt 0 0.69643 -0.717625
t 1 0 0
bt 0 0.403084 -0.915163
t 1 0 0
bt 0 0.403084 -0.915163
t 1 0 0
bt 0 -0.508794 -0.860888
t 1 0 0
bt 0 -0.508794 -0.860888
t 1 0 0
bt 0 -0.403818 -0.91484
t 1 0 0
bt 0 -0.403818 -0.91484
t 1 0 0
bt 0 -0.714021 -0.700125
t 1 0 0
bt 0 -0.714021 -0.700125
t 1 0 0
bt 0 -0.87351 -0.486807
t 1 0 0
bt 0 -0.87351 -0.486807
t 1 0 0
bt 0 -0.963392 -0.268097
t 1 0 0
bt 0 -0.963392 -0.268097
t 1 0 0
bt -5.33628e-06 -0.987503 -0.1576
t 1 0 0
bt -5.33628e-06 -0.987503 -0.1576
t 1 0 0
bt -1.60088e-05 -0.987503 -0.1576
t 1 0 0
bt -1.60593e-05 -0.987503 -0.1576
t -0.999999 0 0.00153601
bt 0 0 1
t -1 0 0
bt 0.73014 0 0.683298
t -0.999999 0 0.00102401
bt 0 0 1
t -1 0 0.000768007
bt 0 0 1
t -1 0 0.000404748
bt 0 0 1
t -1 0 0
bt 0 1 0
t -1 0 0
bt 0 1 0
t -1 0 0
bt 0 1 0
t -1 0 0
bt 0 1 0
t -1 0 0
bt 0 -0.996058 -0.0886988
t -1 0 0
bt 0 -0.996058 -0.0886988
t -1 0 0
bt 0 -1 0
t -1 0 0
bt 0 -1 0
t -1 0 0.000809497
bt -0.229559 0 0.973295
t -1 0 0.000809497
bt -0.229559 0 0.973295
t -1 0 0
bt -0.650791 0 0.759257
t -1 0 0
bt 0 0.00050002 -1
t -1 0 0
bt 0 0.00050002 -1
t -1 0 0
bt 0 -0.35561 -0.934634
t -1 0 0
bt 0 -0.35561 -0.934634
t -1 0 0
bt 0 -0.570908 -0.821014
t -1 0 0
bt 0 -0.570908 -0.821014
t -1 0 0
bt 0 -0.761576 -0.648076
t -1 0 0
bt 0 -0.761576 -0.648076
t -1 0 0
bt 0 -0.896847 -0.442341
t -1 0 0
bt 0 -0.896847 -0.442341
t -1 0 0
bt 0 -0.968479 -0.249096
t -1 0 0
bt 0 -0.968479 -0.249096
t -1 0 0
bt 0 -0.896861 -0.442312
t -1 0 0
bt 0 -0.896861 -0.442312
t -1 0 0
bt 0 0.33151 -0.943452
t -1 0 0
bt 0 0.33151 -0.943452
t -1 0 0
bt 0 0.499311 -0.866423
t -1 0 0
bt 0 0.499311 -0.866423
t -1 0 0
bt 0 0.331525 -0.943447
t -1 0 0
bt 0 0.331525 -0.943447
t -1 0 0
bt 0 0.689391 -0.724389
t -1 0 0
bt 0 0.689391 -0.724389
t -1 0 0
bt 0 0.843857 -0.536568
t -1 0 0
bt 0 0.843857 -0.536568
t -1 0 0
bt 0 0.99561 -0.0936015
t -1 0 0
bt 0 0.99561 -0.0936015
t -1 0 0
bt 0 0.949752 -0.313003
t -1 0 0
bt 0 0.949752 -0.313003
t -1 0 0
bt 0 0.949744 -0.313028
t -1 0 0
bt 0 0.949744 -0.313028
t -1 0 0
bt 0 0.843857 -0.536568
t -1 0 0
bt 0 0.843857 -0.536568
t -1 0 0
bt 0 1 0
t -1 0 0
bt 0 1 0
t -1 0 0
bt 0 -1 0
t -1 0 0
bt 0 -1 0
t -1 0 0
bt 0 -1 0
t -1 0 0
bt 0 -1 0
t -1 0 0
bt 0 -1 0
t -1 0 0
bt 0 -1 0
t 0 0.000233807 1
bt 0 -1 0.000165196
t 0 0 1
bt 0 -1 -2.36832e-05
t 0 0.000233807 1
bt 0 -1 -2.49017e-05
t 0 0.000233807 1
bt 0 -1 0.000165196
t 0 0 1
bt 0 -1 0.000129302
t 0 0.000228096 1
bt 0 -1 0.000113838
t 0 0.000342144 1
bt 0 -1 0.00043463
t 0 0.000342144 1
bt 0 -1 0.00039668
t 0.345572 -0.00412119 0.938383
bt 0.701691 -0.712307 -0.0157803
t 0.348126 -0.0232884 0.937158
bt 0.704835 -0.709362 0.00356195
t 0.473309 0.0158717 0.880753
bt 0.603511 -0.797353 -0.00157511
t 0.467856 0.0116066 0.883728
bt 0.598134 -0.801395 0.00131377
t 0 -0.000404354 1
bt 0 -1 0.000121255
t 0 -0.000297003 1
bt 0 -1 0.000332504
t 0 -0.000581953 1
bt 0 -1 -0.000225515
t 0 -0.000273613 1
bt 0 -1 0
t -0.615066 -0.00132508 0.788475
bt 0.247312 -0.968874 0.0109286
t -0.603055 0.00193982 0.797698
bt 0.254069 -0.967059 0.0156583
t 0 0.000384613 1
bt 0 -1 0.000355312
t 0 0 1
bt 0 -1 0.000109564
t 0 0.000158898 1
bt 0 -1 -0.000157137
t 0 0.000384613 1
bt 0 -1 0.000355312
t 0 -0.00037125 1
bt 0 -1 -0.0002069
t 0 0 1
bt 0 -1 0.000566193
t 0 -0.000495 1
bt 0 -1 0.000100591
t 0 0 1
bt 0 -1 -0.000155662
t 0 -0.000127764 1
bt 0 -1 -0.000188276
t 0 -0.000255527 1
bt 0 -1 0.00023542
t 0 -0.000255527 1
bt 0 -1 0.00023542
t 0 0 1
bt 0 -1 0.000692976
t 0 0 1
bt 0 -1 0
t -0.544486 0.0104798 0.838705
bt 0.382473 -0.92395 0.00551741
t -0.540118 0.00138743 0.841588
bt 0.382063 -0.924093 0.00891044
t -0.501867 -0.00542649 0.864928
bt 0.502776 -0.864342 0.0114133
t -0.505281 0.00677149 0.862928
bt 0.515283 -0.856912 0.013634
t -0.418455 0.00220967 0.908235
bt 0.608057 -0.793881 0.00442412
t -0.397909 0.0205067 0.917196
bt 0.610984 -0.791635 0.00360281
t -0.283916 0.0219965 0.958597
bt 0.624984 -0.780588 -0.00883731
t -0.0691416 0.0584651 0.995892
bt 0.66013 -0.751151 0.000874226
t -0.0356886 0.0398938 0.998566
bt 0.662587 -0.748985 1.44177e-08
t 0.570477 0.00778708 0.821277
bt 0.516649 -0.856188 0.00412511
t 0.573238 0.0243933 0.819026
bt 0.534217 -0.845115 0.0198128
t 0.725806 0.0284941 0.687309
bt 0.47198 -0.880873 -0.0360199
t 0.735246 0.00248132 0.677796
bt 0.505 -0.862553 0.0312836
t 0.589803 -0.0160937 0.807387
bt 0.507013 -0.861346 -0.0319473
t 0.687629 -0.0130595 0.725945
bt 0.271164 -0.960789 0.0579159
t 0.664106 0.000366362 0.747638
bt 0.209567 -0.977794 -0.000125753
t 0 0 1
bt 0 -1 0
t 0 0 1
bt 0 -1 0.000681063
t 0 -0.000141291 1
bt 0 -1 0.000707539
t 0 -0.000254988 1
bt 0 -1 -0.000367822
t 0 -0.00020888 1
bt 0 -1 -0.000655812
t 0 0.000463177 1
bt 0 -1 -0.000760032
t 0 0.000457773 1
bt 0 -1 -0.000112786
t 0 -0.000482854 1
bt 0 -1 0.000700849
t 0 -0.000410012 1
bt 0 -1 0.000486635
t 0 0.000372129 1
bt 0 -1 0.000508739
t 0 0.000582144 1
bt 0 -1 0.000698378
t 0 0.00106405 0.999999
bt 0 -1 0.000353681
t 0 0.000823016 1
bt 0 -1 -0.00053836
t 0 -0.000221038 1
bt 0 -1 -0.000225425
t 0 0.00010499 1
bt 0 -1 0.000562308
t 0 -0.000390167 1
bt 0 -1 0.000320846

