g sponza_157
t 0.424786 -0.904683 0.0332513
bt 0.288211 0.17156 -0.942073
t 0.413488 -0.908106 -0.0661121
bt -0.300899 -0.145643 -0.942469
t 0.333749 -0.942466 -0.0192437
bt -0.310283 -0.111715 -0.944057
t 0.346746 -0.937737 -0.0204168
bt 0.273955 0.207179 -0.939162
t 0.610483 -0.780092 0.136997
bt 0.628574 0.573523 -0.525325
t 0.58778 -0.805716 0.0730496
bt 0.633487 0.621905 -0.460357
t 0.962272 -0.265717 0.0585376
bt 0.101198 0.424526 -0.899743
t 0.895709 -0.44447 -0.0123134
bt 0.408 0.0204609 -0.912753
t 0.858412 -0.512933 0.00526888
bt 0.0189345 0.200392 -0.979533
t 0.961597 -0.260083 0.0876825
bt 0.0780632 0.498038 -0.863634
t 0.586278 -0.809908 0.0180628
bt 0.1835 0.249568 -0.950812
t 0.798769 -0.588813 0.123563
bt 0.481447 0.608204 -0.631107
t 0.826472 -0.529555 0.191089
bt 0.301151 0.630573 -0.715322
t 0.682 -0.730397 0.0373629
bt 0.106521 0.269342 -0.957135
t 0.910491 -0.373157 0.178214
bt 0.0541141 0.57792 -0.814297
t 0.808036 -0.589119 0.00416036
bt -0.0010227 0.259102 -0.965849
t 0.742008 -0.668136 0.0549381
bt 0.0311582 0.286116 -0.957688
t 0.870294 -0.453374 0.192459
bt 0.112201 0.633798 -0.765318
t 0.710428 -0.669565 0.216739
bt 0.577545 0.536324 -0.615466
t 0.802703 -0.594979 -0.0408429
bt -0.124366 -0.170933 -0.977402
t 0.756662 -0.653107 0.0302298
bt -0.02181 -0.293636 -0.955668
t 0.602977 -0.796092 0.0515402
bt -0.150898 -0.290918 -0.944773
t 0.458516 -0.68083 0.571168
bt 0.124295 -0.857115 -0.499905
t 0.509781 -0.462635 0.725322
bt 0.162389 -0.802711 -0.573834
t 0.893587 -0.424223 0.146752
bt 0.00548331 -0.900935 -0.43392
t 0.872673 -0.462373 0.157011
bt -0.0267822 -0.936804 -0.348828
t 0.858501 -0.512794 -0.00437883
bt 0.0134806 -0.218881 -0.975658
t 0.899342 -0.416972 0.131597
bt 0.022372 -0.249104 -0.968218
t 0.962274 -0.265714 -0.0585306
bt -0.0135032 -0.444136 -0.895857
t 0.976158 -0.216826 -0.0100458
bt 0.00460621 -0.512828 -0.858479
t 0.957358 -0.268009 0.107876
bt 0.0386983 -0.730611 -0.681697
t 0.943741 -0.296477 0.146473
bt -0.0195836 -0.802914 -0.595773
t 0.602977 -0.796092 0.0515402
bt -0.150898 -0.290918 -0.944773
t 0.710442 -0.689765 0.139629
bt 0.0360876 -0.402132 -0.91487
t 0.756662 -0.653107 0.0302298
bt -0.02181 -0.293636 -0.955668
t 0.816475 -0.570835 0.0866966
bt 0.176419 -0.372139 -0.911257
t 0.967718 -0.251852 0.00958402
bt 0.0357897 -0.594147 -0.80356
t 0.959013 -0.280854 0.0376107
bt 0.0431952 -0.666317 -0.744416
t 0.814107 -0.578382 0.0520077
bt 0.105419 -0.327849 -0.93883
t 0.933381 -0.341851 0.109256
bt 0.108355 -0.82139 -0.55998
t 0.939799 -0.0773264 0.332863
bt 0.00826741 -0.901337 -0.43304
t 0.635533 -0.642446 0.428206
bt 0.273407 -0.7129 -0.645773
t 0.976683 -0.192063 0.0959325
bt 0.0332611 -0.453144 -0.890816
t 0.976683 0.192063 -0.0959325
bt -0.0329548 -0.453089 -0.890856
t 0.979509 0.200533 -0.0186899
bt -0.0102992 -0.513715 -0.857899
t 0.954945 -0.175388 0.239414
bt 0.00968717 -0.808441 -0.588497
t 0.961229 0.239687 -0.136341
bt -0.0428212 -0.731261 -0.680752
t 0.954945 0.175388 -0.239414
bt -0.0333561 -0.812337 -0.582233
t 0.966003 0.245741 -0.0803106
bt -0.0423202 -0.666178 -0.744591
t 0.972723 0.227615 -0.0447475
bt -0.0374402 -0.594396 -0.803301
t 0.942508 -0.145595 0.300799
bt 0.0269736 -0.903905 -0.426882
t 0.954945 -0.175388 0.239414
bt 0.0553532 -0.815525 -0.576069
t 0.954945 0.175388 -0.239414
bt -0.0551745 -0.815501 -0.57612
t 0.938897 0.223347 -0.261893
bt 0.0172599 -0.897286 -0.441112
t 0.519346 0.522165 -0.676479
bt -0.144605 -0.787042 -0.599712
t 0.457375 0.695579 -0.554056
bt -0.118744 -0.852001 -0.509897
t 0.864307 0.480948 -0.147183
bt 0.0386012 -0.934991 -0.352564
t 0.962274 0.265713 0.0585304
bt 0.0135028 -0.444137 -0.895857
t 0.84663 0.317999 -0.426726
bt -0.0679462 -0.269973 -0.960468
t 0.860037 0.51008 -0.0124166
bt -0.0846781 -0.258445 -0.962308
t 0.637211 0.665814 -0.388141
bt -0.134296 -0.598665 -0.789661
t 0.943754 0.29641 -0.146527
bt 0.0196029 -0.80291 -0.595778
t 0.716095 0.649475 -0.255716
bt -0.185962 -0.525635 -0.830136
t 0.815156 0.575513 -0.0656196
bt -0.176422 -0.372141 -0.911256
t 0.766578 0.62838 -0.132274
bt -0.177073 -0.442816 -0.878953
t 0.811238 0.584298 -0.02209
bt -0.105422 -0.327851 -0.938829
t 0.945104 0.289011 -0.152483
bt 0.101747 -0.783409 -0.613121
t 0.944057 0.112176 -0.310116
bt -0.0361831 -0.943983 -0.328005
t 0.944058 -0.112176 0.310116
bt 0.0362885 -0.943991 -0.327969
t 0.942508 -0.145595 0.300799
bt 0.0529591 -0.906873 -0.418064
t 0.899342 -0.416972 0.131597
bt 0.022372 -0.249104 -0.968218
t 0.858501 -0.512794 -0.00437883
bt 0.0134806 -0.218881 -0.975658
t 0.710442 -0.689765 0.139629
bt 0.0360876 -0.402132 -0.91487
t 0.807025 -0.590395 -0.012
bt -0.124366 -0.170933 -0.977402
t 0.10687 -0.988513 -0.10687
bt 0.702753 0.110799 -0.702753
t 0 -1 0
bt 0.373434 0.218542 -0.901547
t 0.0357599 -0.995624 -0.0863352
bt 0.381458 0.0799961 -0.920918
t 0.10687 -0.988513 -0.10687
bt 0.702753 0.110799 -0.702753
t 0 -1 0
bt -0.38271 0 -0.923869
t 0 -1 0
bt -0.38271 0 -0.923869
t 1 0 0
bt 0 -1 0
t 0.918551 0.107187 -0.380492
bt 0 -1 0
t 0.918551 0.107187 -0.380492
bt 0 -1 0
t 1 0 0
bt 0 -1 0
t 0.341608 -0.450666 0.824745
bt -0.0284569 -0.997231 -0.0687036
t 0.65594 -0.373476 0.65594
bt 0 -1 0
t 0.640838 -0.422674 0.640838
bt -0.056892 -0.996758 -0.056892
t 0.341608 -0.450666 0.824745
bt -0.0284569 -0.997231 -0.0687036
t 0.659273 0.361551 -0.659273
bt 0.0365407 -0.998664 -0.0365407
t 0.675452 0.295854 -0.675452
bt 0 -1 0
t 0.993833 0 0.110886
bt 0.313791 0 -0.949492
t 0.99991 0 0.0134476
bt 0.00227545 0 -0.999997
t 0.997154 0 0.0753928
bt 0.211582 0 -0.97736
t 0.993833 0 0.110886
bt 0.313791 0 -0.949492
t 0.995723 0 0.0923869
bt 0.0384821 0 -0.999259
t 0.995761 0 0.0919767
bt 0.0384821 0 -0.999259
t 0.994146 0 0.108042
bt 0.0330966 0 -0.999452
t 0.995193 0 -0.0979346
bt -0.0273187 0 -0.999627
t 0.995193 0 -0.0979335
bt -0.0220088 0 -0.999758
t 0.996011 0 0.0892312
bt 0.0412355 0 -0.99915
t 0.995723 0 0.0923869
bt 0.0384821 0 -0.999259
t 0.995761 0 0.0919767
bt 0.0384821 0 -0.999259
t 0.946368 0 -0.32309
bt -0.0147417 0 -0.999891
t 0.956735 0 -0.290962
bt -0.074242 0 -0.99724
t 0 -1 0
bt 0.707107 0 -0.707107
t 0 -1 0
bt 0.707107 0 -0.707107
t 0 -1 0
bt 0.382684 0 -0.923879
t 0 -1 0
bt 0.382684 0 -0.923879
t 0 -1 0
bt -0.38271 0 -0.923869
t 0 -1 0
bt -0.38271 0 -0.923869
t 1 0 0
bt 0 -1 0
t 1 0 0
bt 0 -1 0
t 0.923874 0 -0.382697
bt 0 -1 0
t 0.917904 0.113497 -0.380224
bt 0 -1 0
t 0.35765 -0.355662 0.863476
bt 0 -1 0
t 0.382671 0 0.923885
bt 0.0139582 -0.999335 0.0336994
t 0.667077 -0.331689 0.667077
bt 0 -1 0
t 0.667077 -0.331689 0.667077
bt 0 -1 0
t 0.671558 0.313081 -0.671558
bt 0 -1 0
t 0.671558 0.313081 -0.671558
bt 0 -1 0
t -0.419668 -0.906391 -0.048324
bt -0.300759 0.145933 0.942469
t -0.413491 -0.908105 0.0661034
bt 0.300899 -0.145643 0.942469
t -0.333743 -0.942468 0.0192075
bt 0.310314 -0.111715 0.944047
t -0.327908 -0.944008 -0.0364133
bt -0.309982 0.112634 0.944047
t -0.802722 -0.594961 -0.0407251
bt -0.124366 0.170933 0.977402
t -0.802715 -0.594968 0.0407686
bt 0.124366 -0.170933 0.977402
t -0.756657 -0.653114 -0.0301938
bt 0.0218046 -0.293641 0.955667
t -0.746128 -0.66493 -0.0340633
bt -0.157501 0.179751 0.971022
t -0.579634 -0.81376 -0.0426612
bt -0.239444 0.175387 0.954938
t -0.603003 -0.796065 -0.0516571
bt 0.150907 -0.290908 0.944775
t -0.458422 -0.680865 -0.571202
bt -0.124306 -0.857114 0.499904
t -0.509771 -0.46258 -0.725364
bt -0.1624 -0.802721 0.573816
t -0.936344 -0.247111 -0.249392
bt -0.0198494 -0.902972 0.429241
t -0.872673 -0.462373 -0.157011
bt 0.0267822 -0.936804 0.348828
t -0.8585 -0.512794 0.00439264
bt -0.0135294 -0.218799 0.975676
t -0.899339 -0.416939 -0.131725
bt -0.0224157 -0.249124 0.968212
t -0.962272 -0.265717 0.0585375
bt 0.0135039 -0.444136 0.895857
t -0.976143 -0.216899 0.00997972
bt -0.00460123 -0.512829 0.858479
t -0.957364 -0.267971 -0.107915
bt -0.0386868 -0.730609 0.681699
t -0.943752 -0.296417 -0.146521
bt 0.019607 -0.802909 0.595779
t -0.603003 -0.796065 -0.0516571
bt 0.150907 -0.290908 0.944775
t -0.710441 -0.689768 -0.139619
bt -0.0360748 -0.402121 0.914876
t -0.756657 -0.653114 -0.0301938
bt 0.0218046 -0.293641 0.955667
t -0.816483 -0.5708 -0.0868473
bt -0.176408 -0.372133 0.911261
t -0.967714 -0.25187 -0.00955713
bt -0.0357907 -0.594147 0.80356
t -0.959002 -0.280899 -0.037555
bt -0.0431986 -0.666318 0.744416
t -0.814117 -0.578357 -0.0521247
bt -0.1054 -0.327837 0.938836
t -0.933411 -0.341739 -0.10935
bt -0.10841 -0.821395 0.559963
t -0.635524 -0.642348 -0.428368
bt -0.273453 -0.712933 0.645717
t -0.976683 -0.192063 -0.0959325
bt -0.0332592 -0.453144 0.890817
t -0.976683 0.192063 0.0959325
bt 0.032953 -0.453089 0.890856
t -0.983206 0.156662 0.0936126
bt 0.0212678 -0.515372 0.856703
t -0.954945 -0.175388 -0.239414
bt -0.00968015 -0.80844 0.588499
t -0.964276 0.182767 0.19175
bt 0.0509648 -0.732507 0.678849
t -0.954945 0.175388 0.239414
bt 0.0333487 -0.812336 0.582235
t -0.971017 0.179544 0.157764
bt 0.0391847 -0.66568 0.745208
t -0.977398 0.170644 0.124792
bt 0.0439974 -0.595373 0.802244
t -0.954945 -0.175388 -0.239414
bt -0.0553636 -0.815526 0.576066
t -0.954945 0.175388 0.239414
bt 0.0550402 -0.815483 0.576159
t -0.942469 0.145643 0.300899
bt 0.0264611 -0.90384 0.427051
t -0.944057 0.112176 0.310116
bt 0.0362912 -0.943991 0.327968
t -0.944058 -0.112176 -0.310116
bt -0.0362885 -0.943991 0.327969
t -0.890814 -0.453148 -0.0332821
bt -0.0959325 0.192063 0.976683
t -0.899339 -0.416939 -0.131725
bt -0.0224157 -0.249124 0.968212
t -0.8585 -0.512794 0.00439264
bt -0.0135294 -0.218799 0.975676
t -0.856162 -0.516057 -0.0259301
bt -0.0934583 0.156754 0.983206
t -0.680446 -0.731467 -0.0441435
bt -0.19175 0.182767 0.964276
t -0.710441 -0.689768 -0.139619
bt -0.0360748 -0.402121 0.914876
t -0.807019 -0.590402 0.0120432
bt 0.124366 -0.170933 0.977402
t -0.803596 -0.594128 -0.0352893
bt -0.124366 0.170933 0.977402
t 0 -1 0
bt 0 0 1
t 0 -1 0
bt 0 0 1
t 0 -1 0
bt 0.38271 0 0.923869
t 0 -1 0
bt 0.38271 0 0.923869
t -1 0 0
bt 0 -1 0
t -1 0 0
bt 0 -1 0
t -1 0 0
bt 0 -1 0
t -1 0 0
bt 0 -1 0
t -0.341615 -0.45063 -0.824762
bt 0.0284597 -0.997231 0.0687104
t -0.655939 -0.373482 -0.655939
bt 0 -1 0
t -0.640836 -0.42268 -0.640836
bt 0.0568909 -0.996758 0.0568909
t -0.341615 -0.45063 -0.824762
bt 0.0284597 -0.997231 0.0687104
t -0.999992 0 -0.00408039
bt 2.43393e-06 0 1
t -0.99572 0 -0.0924227
bt -0.0385333 0 0.999257
t -0.995758 0 -0.0920141
bt -0.0385316 0 0.999257
t -0.999992 0 -0.00408039
bt 2.43393e-06 0 1
t -0.994151 0 -0.107995
bt -0.0330054 0 0.999455
t -1 0 0
bt 0.00383456 0 0.999993
t -1 0 0
bt -0.00406925 0 0.999992
t -0.996005 0 -0.0892942
bt -0.0412459 0 0.999149
t -0.99572 0 -0.0924227
bt -0.0385333 0 0.999257
t -0.995758 0 -0.0920141
bt -0.0385316 0 0.999257
t 0 -1 0
bt 0 0 1
t 0 -1 0
bt 0 0 1
t 0 -1 0
bt 0 0 1
t 0 -1 0
bt 0 0 1
t -0.917163 -0.120308 -0.379918
bt 0 -1 0
t -0.917163 -0.120308 -0.379918
bt 0 -1 0
t -1 0 0
bt 0 -1 0
t -1 0 0
bt 0 -1 0
t -0.667081 -0.331673 -0.667081
bt 0 -1 0
t -0.707107 0 -0.707107
bt -0.0279144 -0.99922 -0.0279144
t 0.999803 0 -0.01986
bt 0 0 -1
t 0.999795 0 0.020249
bt 0 0 -1
t 0.999911 0 -0.0133064
bt 0 0 -1
t 0.99995 0 -0.00997983
bt -5.16178e-05 0 -1
t 1 0 -0.000435959
bt 0.0655791 0 -0.997847
t 1 0 -0.000131576
bt -6.88238e-05 0 -1
t 0.99788 0 0.0650751
bt -0.000439224 0 -1
t 1 0 0
bt -0.000206471 0 -1

