g sponza_377
t 0.515308 -0.0454958 0.855797
bt -0.824472 -0.563979 0.0466214
t 0.406645 -0.0760666 0.910414
bt -0.798673 -0.601379 -0.0215637
t 0.399612 0.0149154 0.916563
bt -0.894404 -0.444701 0.0477842
t 0.316955 -0.095014 0.943669
bt -0.807986 -0.588971 -0.0164964
t 0.131005 0.224001 0.965744
bt -0.925338 -0.375305 0.0538135
t 0.132015 0.105956 0.985569
bt -0.886603 -0.458481 0.0610676
t 0.240926 0.00681412 0.97052
bt -0.688697 -0.724064 0.0377892
t 0.384919 -0.0690475 0.920364
bt -0.554569 -0.831347 -0.0362632
t 0.195688 -0.238197 0.951298
bt -0.719523 -0.691216 -0.067132
t 0.418741 -0.134464 0.898095
bt -0.43828 -0.8981 -0.0364237
t 0.401589 -0.261165 0.877792
bt -0.508544 -0.855338 -0.0988951
t 0.434868 -0.332801 0.83674
bt -0.642002 -0.754035 -0.138794
t 0.54467 -0.330668 0.77071
bt -0.534524 -0.815111 -0.223334
t 0.692382 -0.230704 0.683654
bt -0.645982 -0.756826 -0.0996106
t 0.599976 -0.302936 0.740445
bt -0.5628 -0.824255 0.0621314
t 0.589257 -0.413262 0.694256
bt -0.47825 -0.50223 -0.720446
t 0.607048 -0.460853 0.647385
bt -0.522391 -0.513685 -0.680613
t 0.641475 -0.287647 0.711175
bt 0.374606 -0.870166 0.320128
t 0.603863 -0.316649 0.731494
bt 0.325138 -0.910589 0.255173
t 0.840534 -0.246701 0.48233
bt 0.77707 -0.583936 -0.234907
t 0.434854 -0.198378 0.878378
bt 0.0133645 -0.749716 0.661625
t 0.666678 -0.198813 0.718341
bt 0.317854 -0.766839 0.557609
t 0.578633 -0.0978975 0.809691
bt -0.218314 -0.851464 0.47681
t 0.427152 -0.171314 0.887802
bt -0.525413 -0.841722 0.124276
t 0.420352 -0.2628 0.86847
bt -0.188906 -0.952628 -0.238356
t 0.294427 -0.355881 0.886939
bt -0.649442 -0.733425 -0.200779
t 0.00746222 -0.212535 0.977125
bt -0.80853 -0.582286 -0.0849855
t 0.145834 -0.522717 0.83994
bt -0.650082 -0.732176 -0.203255
t 0.333961 -0.304945 0.891896
bt -0.616682 -0.78182 -0.0919787
t 0.296538 -0.205186 0.932719
bt -0.562529 -0.82056 -0.101211
t 0.68679 -0.12816 0.715468
bt -0.616566 -0.686237 -0.385909
t 0.329623 -0.16389 0.929779
bt -0.347567 -0.931632 -0.106105
t 0.355294 -0.309355 0.88208
bt -0.684769 -0.704365 -0.186979
t 0.524987 -0.285533 0.801785
bt -0.423588 -0.870086 -0.25204
t 0.312716 -0.494948 0.8107
bt -0.433573 -0.779609 -0.451912
t 0.0129007 -0.57023 0.821384
bt -0.688478 -0.596986 -0.411832
t -0.058646 -0.312721 0.948033
bt -0.923423 -0.373706 -0.0873732
t 0.214883 -0.580047 0.78573
bt 0.0469073 -0.75832 -0.650193
t 0.154643 -0.637657 0.754638
bt -0.0820792 -0.663915 -0.74329
t -0.189747 -0.535649 0.822846
bt -0.80108 -0.507395 -0.317524
t 0.402642 -0.495571 0.769603
bt 0.203352 -0.720969 -0.662458
t 0.19935 -0.55831 0.805326
bt 0.0249674 -0.769473 -0.638191
t 0.656662 -0.374518 0.654623
bt -0.0692406 -0.843958 -0.531921
t 0.314399 -0.38106 0.869452
bt -0.46277 -0.823845 -0.327298
t 0.474942 -0.242381 0.845979
bt -0.76727 -0.639343 0.0503627
t 0.477343 -0.23957 0.845429
bt -0.483405 -0.861033 -0.157931
t 0.545855 -0.258558 0.796988
bt -0.709425 -0.703981 -0.0335842
t 0.50426 -0.239252 0.829747
bt -0.452446 -0.869782 -0.196904
t 0.416367 -0.281991 0.864361
bt -0.464742 -0.847402 -0.256759
t 0.118813 -0.232391 0.965338
bt -0.429609 -0.883765 -0.185459
t 0.258022 -0.141554 0.955713
bt -0.289874 -0.953017 -0.0879275
t 0.509523 -0.241184 0.825964
bt -0.419697 -0.850745 -0.316367
t 0.41255 -0.320638 0.852639
bt 0.213427 -0.788499 -0.576818
t 0.574393 -0.0117169 0.818496
bt -0.0958945 -0.91021 -0.402891
t 0.363945 -0.392678 0.844599
bt -0.516622 -0.00501888 -0.856199
t 0.539144 -0.22482 0.811652
bt -0.146955 -0.936083 -0.319613
t 0.418599 -0.339147 0.842469
bt 0.216254 -0.791019 -0.572296
t 0.45306 -0.249239 0.85593
bt -0.361857 -0.864005 -0.350078
t 0.649307 -0.253133 0.717164
bt -0.401833 -0.780541 -0.478838
t 0.0707277 -0.0637155 0.995459
bt -0.409441 -0.899827 -0.150563
t 0.471832 -0.025897 0.881308
bt -0.13236 -0.920096 -0.368652
t 0.443079 -0.174079 0.879419
bt -0.245744 -0.949526 -0.194962
t 0.524832 -0.187395 0.830322
bt -0.543517 -0.838865 0.0299274
t 0.394417 -0.0465045 0.917754
bt -0.245612 -0.960186 -0.133107
t 0.31696 -0.00965083 0.94839
bt -0.299637 -0.953749 0.0241047
t 0.319019 0.0122278 0.94767
bt -0.329171 -0.943049 0.0480149
t 0.473713 -0.119595 0.872521
bt -0.326757 -0.937887 -0.116607
t 0.498776 -0.108023 0.859973
bt -0.357622 -0.926968 -0.113302
t 0.0670937 0.0416524 0.996877
bt -0.317674 -0.948168 -0.00781855
t -0.0327622 0.0697832 0.997024
bt -0.410796 -0.910249 -0.0518907
t 0.218711 -0.0386674 0.975023
bt -0.441815 -0.889058 -0.119898
t 0.452802 -0.033119 0.890996
bt -0.249126 -0.931719 -0.264266
t 0.369967 -0.200124 0.907235
bt 0.232975 -0.80708 -0.542536
t 0.6232 0.0761847 0.778342
bt -0.210615 -0.953305 -0.216452
t 0.6151 0.0129038 0.788343
bt -0.45238 -0.891637 0.0183419
t 0.56081 -0.148945 0.814437
bt -0.548678 -0.836002 0.00729182
t 0.632728 -0.0109368 0.774297
bt -0.405721 -0.908538 0.0997456
t 0.36653 -0.0353981 0.929733
bt -0.294896 -0.954714 -0.0394637
t 0.724986 -0.0266181 0.688249
bt -0.366807 -0.929012 0.0488758
t 0.646672 -0.0952851 0.756793
bt -0.418486 -0.907122 0.0447073
t 0.370203 -0.161521 0.914801
bt -0.42003 -0.907465 0.00904519
t 0.0118633 0.0533309 0.998506
bt -0.341696 -0.938265 0.053884
t -0.0123935 0.0773153 0.99693
bt -0.597191 -0.800769 0.0461739
t -0.215916 0.157037 0.963701
bt -0.408609 -0.908892 0.0833944
t 0.0963996 -0.166112 0.981384
bt -0.748131 -0.663457 -0.0111498
t -0.506533 0.182171 0.842756
bt -0.857978 -0.513437 -0.0160108
t -0.421837 0.194417 0.885582
bt -0.666539 -0.742103 0.0707703
t 0.474585 -0.260463 0.84079
bt -0.622957 -0.782219 -0.00763498
t 0.344055 -0.0586393 0.937117
bt -0.735595 -0.676906 0.0264064
t 0.352092 -0.224541 0.908632
bt -0.719286 -0.688819 -0.0903158
t 0.204765 -0.0359957 0.978149
bt -0.716874 -0.696618 0.0285394
t 0.472754 -0.156649 0.867159
bt -0.542306 -0.819316 -0.186079
t 0.458075 0.085602 0.884782
bt -0.786924 -0.614564 -0.0553219
t -0.532054 -0.307295 0.788979
bt -0.90756 -0.419008 -0.027698
t -0.35088 -0.528682 0.772902
bt -0.791553 -0.601455 -0.108149
t -0.149339 -0.658435 0.737673
bt -0.733869 -0.637776 -0.233832
t 0.502215 0.168069 0.848253
bt -0.907565 -0.418742 -0.0313199
t -0.0866229 0.123383 0.988571
bt -0.917648 -0.389244 -0.0800706
t 0.464608 0.323019 0.824499
bt -0.915132 -0.39108 -0.0979303
t 0.477809 0.113953 0.871042
bt -0.896666 -0.440398 -0.0451708
t 0.499264 -0.0415677 0.865452
bt -0.704107 -0.704845 -0.0861776
t -0.687858 0.211644 0.694305
bt -0.756838 -0.652687 0.0345822
t 0.106399 -0.0596186 0.992535
bt -0.738225 -0.665396 0.110779
t 0.129727 -0.00254749 0.991546
bt -0.330729 -0.943617 0.0143588
t 0.603434 0.310654 0.734413
bt -0.889873 -0.455025 -0.0328458
t 0.329172 0.155457 0.931386
bt -0.756994 -0.643554 0.113125
t 0.233677 -0.125322 0.964204
bt -0.493371 -0.866254 0.0786667
t 0.836681 -0.10995 0.53654
bt -0.600403 -0.789701 -0.126051
t -0.882285 -0.252593 0.397202
bt -0.906113 -0.422544 -0.0204018
t -0.985541 0.0594018 0.158682
bt -0.986392 -0.162516 -0.0248922
t -0.82387 -0.420092 0.380474
bt -0.890371 -0.455201 -0.00566775
t -0.66829 -0.644295 0.37185
bt -0.753101 -0.657391 -0.0260111
t -0.190663 0.0611188 0.979751
bt -0.570816 -0.817326 0.0784125
t -0.170642 0.0358021 0.984682
bt -0.277629 -0.958846 0.0594624
t 0.250722 -0.112337 0.961519
bt -0.164905 -0.985796 -0.031827
t -0.0941278 -0.0055173 0.995545
bt -0.120749 -0.992642 0.00903566
t 0.439454 0.818405 0.370262
bt -0.69908 -0.690656 0.185152
t 0.753293 0.30628 0.582016
bt -0.936297 -0.349177 -0.0377249
t 0.715397 0.509529 0.478109
bt -0.905121 -0.424339 -0.0263113
t -0.804653 -0.274474 0.526496
bt -0.936323 -0.349169 -0.0371395
t 0.733304 0.382303 0.562237
bt -0.912603 -0.406158 -0.046808
t -0.902981 -0.374416 0.210804
bt -0.914753 -0.403725 -0.0152554
t -0.781555 -0.22708 0.581039
bt -0.922054 -0.384822 -0.0415804
t -0.927823 0.103481 0.358381
bt -0.987157 -0.159276 -0.0123543
t -0.850944 -0.277225 0.446139
bt -0.925786 -0.377886 0.0110114
t -0.821362 -0.457725 0.34037
bt -0.89682 -0.438032 -0.06198
t -0.285061 -0.409968 -0.86641
bt 0.090961 -0.721122 -0.686811
t 0.867906 -0.0271861 0.495983
bt 0.343574 -0.935397 0.083606
t -0.833898 -0.223661 -0.504568
bt -0.363299 -0.91684 -0.165582
t 0.00129846 -0.166823 -0.985986
bt 0.000881649 -0.786415 -0.617698
t 0.531919 0.0806565 0.842945
bt 0.619455 -0.78494 -0.0120098
t -0.087487 -0.159245 0.983355
bt 0.829961 -0.491221 -0.264323
t 0.510075 -0.0867039 0.855749
bt 0.479507 -0.877518 -0.00589833
t 0.554898 -0.0940057 0.82659
bt 0.451688 -0.891464 0.035645
t 0.667143 8.0217e-05 0.74493
bt 0.438442 -0.895605 0.0752398
t 0.760751 -0.0250248 0.648562
bt 0.12184 -0.990897 0.057247
t 0.435048 -0.18813 0.880534
bt 0.244694 -0.962558 0.116647
t 0.226881 -0.176929 0.957717
bt 0.256777 -0.961864 0.0942508
t -0.456384 -0.334198 0.824636
bt 0.349058 -0.931044 -0.106376
t 0.260384 -0.199438 0.944682
bt 0.150703 -0.988335 0.0219603
t -0.0160455 -0.226056 0.973982
bt 0.528697 -0.831825 -0.168957
t 0.256161 -0.503238 0.825308
bt 0.100602 -0.993093 -0.0603757
t 0.0506466 -0.210156 0.976355
bt 0.526389 -0.846096 -0.083876
t 0.71599 0.115387 0.688508
bt 0.510073 -0.85936 -0.0364104
t 0.683136 0.0670823 0.727204
bt 0.151863 -0.98791 0.0311776
t 0.735091 0.159574 0.658921
bt 0.360524 -0.925211 -0.11835
t 0.662676 0.0637251 0.74619
bt 0.136197 -0.987873 -0.0745526
t 0.853601 0.114015 0.508297
bt 0.000600725 -0.994156 0.107954
t 0.929277 0.163379 0.331289
bt 0.313894 -0.946076 -0.0800702
t 0.413706 0.0720466 0.907555
bt -0.233289 -0.969897 0.0698331
t 0.759734 0.021963 0.649862
bt -0.339333 -0.916586 0.211479
t 0.932479 -0.0448455 0.35843
bt -0.343307 -0.884312 0.316439
t 0.946951 0.00256894 0.321367
bt -0.171765 -0.937012 0.304146
t 0.97854 0.143274 0.148095
bt 0.287783 -0.957015 -0.0360898
t 0.447784 0.0112233 0.894071
bt -0.137321 -0.986419 -0.0901131
t 0.393548 0.0196574 0.919094
bt -0.234981 -0.971817 -0.0188353
t 0.470009 0.0246982 0.882316
bt -0.288658 -0.955088 0.0669568
t 0.452414 0.0198915 0.891586
bt -0.310695 -0.949066 0.0523742
t 0.724801 0.0245465 0.688521
bt -0.0647646 -0.997789 -0.0149025
t 0.801562 -0.0935655 0.590545
bt -0.128285 -0.991409 0.025501
t 0.800048 -0.0535427 0.597541
bt -0.226005 -0.973646 0.0305926
t 0.648178 -0.165326 0.743325
bt -0.257464 -0.959283 0.116142
t 0.475462 -0.124037 0.870948
bt -0.166954 -0.938118 0.303417
t 0.779162 0.141031 0.610751
bt 0.251298 -0.967266 0.0352888
t 0.594064 0.00784228 0.80438
bt 0.0186208 -0.986179 0.164631
t 0.54778 -0.0485757 0.835211
bt 0.343253 -0.938199 0.0442737
t 0.494887 -0.0700157 0.866132
bt 0.164956 -0.982052 0.0914504
t 0.685274 0.00272812 0.72828
bt 0.300579 -0.948142 0.103341
t 0.911853 0.178859 0.369505
bt 0.402996 -0.9045 -0.139551
t 0.10074 -0.761245 0.640592
bt -0.277416 -0.952212 0.127796
t 0.627179 -0.156709 0.762947
bt -0.111769 -0.992493 0.0496414
t 0.4038 -0.0491164 0.913528
bt -0.0927856 -0.993331 -0.0684427
t 0.441357 -0.0675426 0.894786
bt -0.0694501 -0.993509 -0.0900918
t 0.458751 -0.041761 0.887583
bt 0.0259154 -0.994345 -0.10299
t 0.555842 -0.0787575 0.827549
bt -0.0638698 -0.996996 -0.0438236
t 0.592436 -0.0787626 0.801758
bt -0.292949 -0.953693 -0.0681896
t 0.545769 -0.0621043 0.835631
bt 0.12194 -0.986533 -0.10901
t 0.638426 -0.114748 0.761082
bt -0.0716742 -0.994791 0.072478
t 0.425877 -0.251339 0.86917
bt 0.0929942 -0.993992 0.0577223
t 0.669447 -0.0574058 0.740638
bt 0.420438 -0.905967 -0.0495545
t 0.849233 0.0172178 0.527737
bt 0.380092 -0.876732 0.294738
t 0.714666 -0.0548806 0.697309
bt -0.0915025 -0.977892 -0.188028
t 0.842205 -0.0947063 0.530775
bt -0.461009 -0.856972 -0.230369
t 0.672215 -0.068684 0.737164
bt -0.115566 -0.790598 -0.601331
t 0.618167 -0.14512 0.772535
bt 0.398799 -0.903835 -0.155054
t 0.0145571 -0.364433 0.931116
bt 0.116433 -0.94876 -0.293766
t 0.289744 -0.347281 0.891877
bt 0.101322 -0.993555 -0.0508093
t 0.699443 -0.273136 0.660437
bt 0.302792 -0.930858 0.204502
t 0.684003 0.0109785 0.729396
bt 0.42847 -0.884538 -0.184406
t 0.684633 0.0603313 0.726387
bt 0.208827 -0.970768 -0.118328
t 0.558467 0.119543 0.820868
bt 0.280443 -0.959655 0.020341
t 0.600805 -0.00704578 0.799365
bt 0.317569 -0.946059 -0.0642071
t 0.586135 -0.00823749 0.810172
bt 0.243912 -0.9692 -0.0340244
t 0.727781 0.0328646 0.685021
bt 0.369916 -0.921813 -0.115854
t 0.0152056 -0.259255 0.965689
bt 0.274127 -0.957457 -0.0901703
t 0.163866 -0.107832 0.980571
bt 0.233542 -0.972344 -0.00236682
t 0.534056 -0.0847588 0.84119
bt 0.543041 -0.827193 -0.144428
t 0.586266 -0.00898791 0.810068
bt 0.22104 -0.972951 -0.0671436
t 0.0614233 -0.388193 0.919529
bt 0.027262 -0.990635 -0.133785
t 0.578192 -0.435969 0.689656
bt -0.194561 -0.979565 0.0509796
t 0.613989 -0.0551818 0.787383
bt 0.476616 -0.861629 -0.17445
t 0.407066 -0.147852 0.901353
bt 0.679586 -0.723277 -0.122612
t 0.615478 0.0126896 0.788052
bt 0.518856 -0.846507 -0.119225
t 0.600927 -0.0244632 0.798929
bt 0.52453 -0.84618 -0.0940646
t 0.294171 -0.0456038 0.954664
bt 0.394634 -0.906224 -0.151732
t 0.364631 0.00641801 0.93113
bt 0.143137 -0.987071 -0.0721273
t 0.306127 -0.0490831 0.950725
bt 0.495883 -0.835339 -0.237293
t 0.119745 -0.119352 0.985604
bt 0.237493 -0.943696 -0.230292
t 0.573638 -0.204229 0.79324
bt 0.566773 -0.761234 -0.315105
t 0.734647 -0.0169135 0.678238
bt 0.490286 -0.800107 -0.345614
t 0.107447 -0.0721051 0.991593
bt 0.247341 -0.95613 -0.156965
t 0.616265 -0.149444 0.77323
bt 0.574537 -0.808853 -0.125158
t 0.628368 -0.0909804 0.772578
bt 0.525079 -0.845948 -0.0930789
t 0.585769 -0.314147 0.747119
bt 0.593069 -0.785762 -0.175634
t -0.191316 -0.718971 0.668191
bt 0.735032 -0.605229 -0.305655
t 0.732543 -0.269179 0.625238
bt 0.635248 -0.759748 -0.138717
t 0.658696 -0.738917 -0.141847
bt 0.697302 -0.683224 -0.216737
t 0.0908514 -0.41721 0.904257
bt 0.590647 -0.803394 -0.0754639
t 0.298041 -0.359936 0.884091
bt 0.488236 -0.872112 -0.0323341
t 0.504615 -0.240254 0.829242
bt 0.436771 -0.898964 0.0330737
t 0.610033 -0.0455678 0.791065
bt 0.535222 -0.841392 -0.0748169
t 0.16675 -0.232011 0.958314
bt 0.44326 -0.886481 -0.132935
t -0.00486974 -0.331442 0.943463
bt -0.00860893 -0.989141 -0.146716
t 0.58356 0.0138603 0.811952
bt 0.538642 -0.839738 -0.0685988
t 0.418194 -0.030015 0.907862
bt 0.432932 -0.900008 0.0505562
t 0.634347 -0.0107743 0.772973
bt -0.094644 -0.994551 0.0437152
t 0.547253 -0.0316009 0.83637
bt 0.105787 -0.99308 0.0510024
t 0.349318 -0.0255588 0.936656
bt 0.0199912 -0.997875 -0.0620189
t 0.264863 -0.0142853 0.96418
bt -0.168235 -0.983351 -0.0686796
t 0.542093 -0.0233277 0.839994
bt 0.284941 -0.940008 -0.187598
t 0.177712 -0.0531825 0.982644
bt 0.0875187 -0.995656 -0.0317616
t 0.559969 -0.0781453 0.82482
bt 0.450287 -0.892766 -0.0145327
t 0.550674 -0.0698212 0.831795
bt 0.291363 -0.950072 -0.111673
t 0.570907 -0.089325 0.816141
bt 0.0156826 -0.994614 -0.102457
t 0.561277 -0.146434 0.814571
bt 0.0834337 -0.973771 -0.21168
t 0.571882 -0.0690907 0.817421
bt 0.756304 -0.571728 -0.31801
t 0.459326 -0.0901825 0.883678
bt 0.181401 -0.978682 -0.0963053
t 0.434132 -0.0814217 0.897162
bt -0.0217119 -0.997802 -0.0626049
t 0.440081 -0.119329 0.889994
bt -0.28184 -0.958798 0.0356655
t 0.224729 -0.08063 0.97108
bt 0.017618 -0.999083 0.039022
t 0.578543 -0.0817634 0.811543
bt 0.126321 -0.982759 -0.135012
t 0.851649 0.0308579 0.523203
bt -0.0816872 -0.974684 0.208129
t 0.502497 -0.259894 0.824592
bt 0.39927 -0.890271 -0.21909
t 0.716365 -0.129842 0.685538
bt -0.196259 -0.980155 -0.0279189
t 0.541686 -0.305511 0.783096
bt 0.354404 -0.865676 -0.353556
t 0.0435256 -0.434402 0.899667
bt 0.727077 -0.622146 -0.290333
t 0.502217 -0.173557 0.847146
bt 0.547033 -0.829698 0.111156
t 0.38405 -0.203858 0.900526
bt 0.612094 -0.786643 0.0808366
t 0.660735 0.146866 0.736111
bt 0.887823 -0.457178 -0.0525133
t 0.477198 0.154583 0.865093
bt 0.948148 -0.315576 -0.0377833
t 0.312447 -0.23874 0.919445
bt 0.65408 -0.752068 0.0810794
t 0.711139 0.462924 0.529133
bt 0.883028 -0.457324 -0.105436
t 0.457535 0.325295 0.827554
bt 0.992938 -0.0308787 -0.114541
t 0.462259 0.386517 0.798073
bt 0.982824 -0.0927313 -0.159554
t 0.670781 0.569042 0.47565
bt 0.850959 -0.519976 -0.0741217
t 0.0354389 0.00264577 0.999368
bt 0.99564 -0.01246 0.0924421
t 0.0075475 -0.0145889 0.999865
bt 0.997528 0.00037025 0.0702734
t -0.438694 -0.337692 0.832773
bt 0.897435 -0.439448 0.0386703
t -0.496933 -0.399869 0.77017
bt 0.961057 -0.167529 0.219781
t -0.0437921 -0.0417225 0.998169
bt 0.959276 -0.277529 0.0526003
t -0.656935 -0.36013 0.662377
bt 0.566108 -0.822508 0.0547938
t -0.437443 -0.0658903 0.896829
bt 0.540497 -0.82776 0.150584
t -0.384345 -0.166996 0.90796
bt 0.353811 -0.930895 -0.0908461
t 0.00304892 -0.224851 0.974388
bt 0.404208 -0.890114 -0.210507
t -0.541311 -0.331602 0.772672
bt 0.665417 -0.745666 -0.0346831
t -0.566337 -0.236682 0.789458
bt 0.668594 -0.740335 0.0699005
t -0.0757905 -0.0467836 0.996026
bt 0.390788 -0.918676 0.0576209
t -0.104689 -0.0423179 0.993604
bt 0.610257 -0.792198 0.00302392
t -0.295384 -0.0529457 0.95391
bt 0.353088 -0.93559 0.000569377
t -0.731935 -0.124015 0.669993
bt 0.289099 -0.957289 0.00452446
t 0.491339 0.316043 0.811605
bt 0.59785 -0.801402 -0.0181499
t 0.394066 0.230696 0.889658
bt 0.44457 -0.852035 0.276395
t -0.0821911 -0.031796 0.996109
bt 0.404232 -0.890279 -0.209762
t 0.0288157 -0.0743299 0.996817
bt 0.328636 -0.940766 -0.0834091
t -0.774537 -0.459113 0.435096
bt 0.765702 -0.597588 0.237886
t -0.731815 -0.537099 0.419489
bt 0.866878 -0.475901 0.148462
t -0.838883 -0.30306 0.452138
bt 0.717646 -0.666986 0.200283
t -0.140392 0.105651 0.984443
bt 0.39764 -0.917255 -0.022915
t 0.0134621 0.0913987 0.995723
bt -0.165818 -0.980364 -0.10673
t 0.0856045 0.0853909 0.992663
bt 0.398136 -0.915067 -0.0643482
t -0.0635924 0.184708 0.980734
bt 0.272842 -0.962056 -0.00230231
t 0.345009 0.34986 0.870957
bt 0.304789 -0.947744 0.0942619
t -0.162551 0.15937 0.973745
bt 0.402415 -0.909283 -0.106143
t -0.224743 -0.35611 0.907015
bt 0.531153 -0.829895 0.170738
t -0.0779778 0.0549883 0.995437
bt 0.582759 -0.81251 0.0148278
t -0.207433 -0.376224 0.90301
bt 0.620668 -0.781721 -0.0606884
t 0.216853 0.308058 0.926324
bt 0.59572 -0.801514 0.0518932
t 0.328399 0.401936 0.854752
bt 0.89121 -0.451241 -0.0461212
t -0.782553 -0.501736 0.368607
bt 0.88463 -0.437598 0.16105
t -0.62253 -0.486534 0.612977
bt 0.946533 -0.187882 0.262253
t -0.541255 -0.14873 0.827601
bt 0.71747 -0.695243 -0.043294
t -0.552861 -0.250759 0.794648
bt 0.78795 -0.615451 0.0188151
t -0.33677 0.0429756 0.940606
bt 0.468388 -0.858133 -0.210286
t -0.610907 -0.046071 0.790361
bt 0.710064 -0.703707 -0.0246322
t -0.393489 -0.0819616 0.915668
bt 0.366352 -0.916688 -0.159589
t -0.297364 0.0872776 0.950767
bt 0.39602 -0.895684 -0.202281
t -0.20216 0.162153 0.965835
bt 0.853755 -0.506985 -0.118607
t -0.442225 -0.272433 0.854528
bt 0.704031 -0.710104 -0.00966525
t -0.518011 -0.179632 0.836299
bt 0.788817 -0.485532 -0.376864
t -0.605027 -0.111674 0.788334
bt 0.613003 -0.786646 -0.073593
t -0.367401 0.112422 0.923243
bt 0.524161 -0.776223 -0.350333
t -0.573649 -0.102991 0.812601
bt 0.750103 -0.646223 -0.140506
t -0.45709 -0.255112 0.852048
bt 0.701775 -0.712385 -0.00445119
t -0.833555 -0.456012 0.311831
bt 0.813267 -0.481373 0.326921
t -0.818362 -0.324698 0.474189
bt 0.726255 -0.65652 0.203804
t -0.881127 -0.377182 0.285218
bt 0.700187 -0.586284 0.407442
t -0.785914 -0.166815 0.59541
bt 0.585225 -0.801378 0.123712
t -0.564126 -0.462456 0.684029
bt 0.842925 -0.53797 -0.00811549
t 0.0914696 0.186525 0.978183
bt 0.764211 -0.644966 -0.000692727
t -0.649077 -0.378234 0.660029
bt 0.841872 -0.53568 0.0655595
t 0.563876 0.338526 0.753289
bt 0.972617 -0.230822 -0.0271427
t 0.0145015 -0.181936 0.983203
bt 0.689951 -0.721792 0.0546174
t 0.207562 -0.21816 0.953585
bt 0.843114 -0.537688 0.00711206
t 0.197339 -0.072541 0.977648
bt 0.493628 -0.869662 0.00447665
t 0.116501 -0.266737 0.956702
bt 0.579262 -0.815111 -0.00701138
t -0.157214 -0.362437 0.918653
bt 0.410681 -0.91171 -0.0112245
t 0.0197292 -0.207704 0.977993
bt 0.377469 -0.924346 -0.0557017
t 0.0734622 0.0420235 0.996412
bt 0.705654 -0.708525 -0.0066979
t 0.873341 -0.255647 0.414632
bt 0.920252 -0.386191 -0.0631856
t 0.208841 -0.0562477 0.976331
bt 0.387229 -0.921375 -0.033485
t 0.134364 0.128828 0.982522
bt 0.403077 -0.915159 0.00353207
t 0.344067 0.146011 0.927523
bt 0.375558 -0.919495 -0.116127
t 0.478621 0.211154 0.852253
bt 0.739009 -0.666992 0.0948029
t 0.514943 0.24391 0.821792
bt 0.884113 -0.45782 0.0935083
t 0.590045 0.324889 0.739117
bt 0.670296 -0.739687 0.0597239
t 0.29754 0.0266685 0.954337
bt 0.890629 -0.454329 -0.0190963
t 0.282116 0.130019 0.950529
bt 0.589189 -0.806984 0.0404239
t 0.322017 0.209473 0.923269
bt 0.492549 -0.870244 -0.00843729
t -0.572097 -0.295257 0.765198
bt 0.47031 -0.876816 -0.100015
t -0.486576 -0.208257 0.848453
bt 0.526212 -0.842335 -0.116498
t 0.293177 0.171267 0.940593
bt 0.551548 -0.826395 -0.113429
t 0.269482 0.147679 0.951615
bt 0.45694 -0.88638 -0.0744052
t 0.448756 0.178987 0.875547
bt 0.534807 -0.840464 -0.0871895
t 0.288129 0.0287485 0.95716
bt 0.583249 -0.799723 -0.142349
t 0.624906 0.47699 0.618039
bt 0.586125 -0.805146 0.0905399
t 0.757531 0.430584 0.490657
bt 0.727091 -0.662869 -0.178725
t 0.568805 0.351639 0.743512
bt 0.608095 -0.790772 -0.0699998
t 0.821728 0.253584 0.510351
bt 0.621405 -0.719232 -0.310744
t 0.583888 0.194048 0.788302
bt 0.631991 -0.743612 -0.21824
t 0.872807 0.199968 0.445219
bt 0.294393 -0.954282 -0.0517496
t 0.70874 0.175424 0.683311
bt 0.240515 -0.968026 -0.0712686
t 0.867332 0.0170849 0.497437
bt -0.0549981 -0.977001 0.206018
t 0.705289 0.0111762 0.708832
bt -0.126475 -0.986239 0.106475
t 0.8102 -0.134997 0.570396
bt -0.122093 -0.946801 0.297761
t 0.750646 -0.141693 0.645332
bt 0.0812827 -0.981071 0.175761
t 0.256298 0.155818 0.953956
bt 0.284302 -0.921241 -0.265497
t 0.0792814 0.101914 0.991629
bt 0.588956 -0.802371 -0.0965984
t 0.336051 0.0154437 0.941717
bt -0.157664 -0.975265 -0.154921
t 0.922278 0.281902 0.264452
bt 0.597965 -0.711903 -0.368282
t 0.867248 0.25512 0.427545
bt 0.688915 -0.69051 -0.220433
t 0.760043 0.0826666 0.644593
bt 0.767724 -0.639867 0.0342065
t 0.856426 0.117707 0.502673
bt 0.57726 -0.816344 -0.0187666
t 0.671084 -0.129772 0.729935
bt -0.10468 -0.993571 -0.043103
t 0.578776 -0.0574947 0.813457
bt -0.16452 -0.985751 -0.0350531
t 0.767265 -0.0632968 0.638198
bt -0.239963 -0.970726 -0.010384
t 0.798165 -0.0242163 0.601952
bt -0.112728 -0.970647 -0.212456
t 0.568808 -0.00655487 0.822444
bt 0.322395 -0.78012 -0.536166
t 0.523791 0.00996027 0.851789
bt 0.018453 -0.967016 -0.254046
t 0.700527 -0.00312505 0.713619
bt 0.0430433 -0.939199 -0.340666
t 0.6182 -0.0291222 0.785481
bt 0.46068 -0.635159 -0.619957
t 0.442311 -0.121974 0.888529
bt 0.562483 -0.530787 -0.633939
t 0.392834 -0.0402571 0.918728
bt 0.136189 -0.93845 -0.317435
t 0.400773 0.00220972 0.916175
bt -0.304441 -0.951502 0.0442585
t 0.261445 0.0542517 0.963693
bt -0.238886 -0.970621 -0.0287747
t 0.448435 0.00559859 0.893798
bt -0.305017 -0.95016 0.064511
t 0.616 -0.052571 0.78599
bt -0.426483 -0.897411 0.112985
t 0.432757 -0.0478399 0.90024
bt -0.325999 -0.945181 0.0189075
t 0.537587 -0.0501875 0.841713
bt -0.0263702 -0.969552 -0.24346
t 0.593619 -0.121528 0.795517
bt 0.231885 -0.854941 -0.46401
t 0.627388 -0.0281948 0.778196
bt -0.305197 -0.951704 -0.0333847
t 0.60154 -0.00988121 0.798781
bt 0.522291 -0.566657 -0.637269
t 0.35211 -0.0885511 0.93176
bt 0.107338 -0.910458 -0.39943
t 0.195539 0.0866186 0.976863
bt -0.234452 -0.968473 -0.084213
t 0.458314 0.0416995 0.887812
bt -0.331607 -0.943396 0.00636164
t 0.659377 -0.0185389 0.751584
bt 0.163425 -0.897873 -0.408799
t 0.305387 -0.217381 0.927084
bt 0.272518 -0.827442 -0.490993
t 0.671452 -0.0503572 0.739335
bt 0.169289 -0.911485 -0.374881
t 0.691092 -0.283578 0.664812
bt -0.505425 -0.862789 -0.0118408
t 0.852304 -0.108565 0.511655
bt -0.363718 -0.927939 -0.0814759
t 0.839558 -0.0440145 0.541484
bt -0.27311 -0.961087 -0.0415082
t 0.472184 -0.060276 0.879437
bt -0.45791 -0.879317 -0.130842
t 0.244149 -0.131948 0.960719
bt -0.295038 -0.953668 -0.0589038
t 0.957945 -0.045865 0.283262
bt -0.405262 -0.892075 0.199912
t 0.879877 -0.240541 0.409825
bt -0.472722 -0.864648 0.170053
t 0.913036 -0.23146 0.335845
bt -0.562824 -0.816383 0.129412
t 0.810935 -0.244822 0.531457
bt -0.579545 -0.804913 0.127446
t 0.76795 -0.236812 0.595124
bt -0.567697 -0.815226 0.114569
t 0.820608 -0.0890501 0.56451
bt -0.428672 -0.902509 0.0414431
t 0.947802 -0.104816 0.301139
bt -0.507918 -0.847248 0.155531
t 0.934682 -0.0397313 0.353257
bt -0.426791 -0.903027 0.0489114
t 0.961991 -0.0128059 0.27278
bt -0.513468 -0.844363 0.152979
t 0.9502 -0.0926956 0.297537
bt -0.45252 -0.873364 0.180168
t 0.861702 -0.0452917 0.505389
bt 0.0320835 -0.946867 -0.320021
t 0.323781 -0.117635 0.938791
bt -0.107696 -0.971919 -0.209226
t 0.141577 -0.0739023 0.987165
bt -0.466602 -0.879252 -0.0959075
t 0.0805349 0.115185 0.990074
bt -0.436106 -0.899721 -0.0176927
t 0.360687 0.0349546 0.932032
bt -0.577419 -0.813507 0.0692411
t -0.0878343 0.0992547 0.991178
bt -0.557654 -0.828159 -0.0563413
t 0.369756 -0.837402 0.402539
bt 0.233147 -0.968543 -0.0869821
t 0.683139 -0.300059 0.665797
bt 0.250867 -0.797319 0.548952
t 0.865152 -0.0786933 0.495297
bt -0.319408 -0.945951 0.0561666
t 0.703648 -0.0593922 0.708062
bt -0.270211 -0.962706 0.0135342
t 0.36821 -0.0291276 0.929286
bt -0.283436 -0.958956 -0.00821033
t 0.532028 -0.0439577 0.845585
bt 0.00321171 -0.993824 -0.110925
t 0.829583 0.0766496 0.553098
bt 0.175059 -0.976332 -0.127007
t 0.823884 0.130332 0.551569
bt 0.595479 -0.72793 -0.339887
t 0.388898 0.00440127 0.92127
bt 0.0491679 -0.998403 -0.0278225
t 0.782194 0.030945 0.622266
bt 0.136321 -0.979003 -0.151557
t 0.802592 0.104305 0.587338
bt 0.531942 -0.765811 -0.361347
t 0.490393 0.0668814 0.868931
bt 0.313286 -0.947648 0.0617682
t 0.337644 -0.136561 0.931315
bt -0.270716 -0.96232 0.0255742
t 0.188227 0.0458021 0.981057
bt -0.737701 -0.597554 0.314209
t 0.591132 0.0677104 0.803728
bt 0.700838 -0.665323 -0.257238
t 0.409608 -0.0404713 0.911363
bt 0.041408 -0.984812 -0.168612
t 0.717311 -0.00570226 0.69673
bt -0.392074 -0.915914 0.0859082
t 0.565157 -0.133134 0.81417
bt -0.372395 -0.91994 0.122607
t 0.565785 -0.000566438 0.824552
bt -0.306849 -0.947828 -0.0864094
t 0.426414 -0.0779685 0.901161
bt -0.262543 -0.961538 -0.0807256
t 0.262204 -0.138547 0.955015
bt -0.324292 -0.94306 -0.0739749
t 0.22106 -0.105232 0.969566
bt -0.652373 -0.757293 0.0302759
t -0.0788978 -0.160536 0.983872
bt -0.141838 -0.980259 -0.137748
t -0.0259722 -0.0533406 0.998239
bt -0.680395 -0.732762 0.0110697
t 0.257053 -0.0246976 0.966082
bt 0.0730738 -0.993575 -0.0864276
t 0.268711 -0.216522 0.938569
bt 0.72805 -0.637775 -0.251367
t 0.362514 -0.0538308 0.930423
bt -0.0540016 -0.994162 -0.0934084
t 0.679119 -0.0694849 0.730732
bt -0.303264 -0.952484 0.0283761
t 0.834915 -0.0671492 0.546268
bt -0.292446 -0.95617 0.0146731
t 0.601628 -0.731268 0.321389
bt 0.777613 -0.595985 -0.2003
t -0.598667 0.0952238 0.795318
bt 0.778613 -0.591202 -0.21034
t -0.650685 0.411677 0.638068
bt 0.902365 -0.401061 -0.157757
t -0.643729 -0.213171 0.734963
bt 0.917786 -0.3828 -0.10551
t 0.427839 -0.662424 0.614937
bt 0.917384 -0.384453 -0.102966
t -0.696078 0.717957 0.00375536
bt 0.648319 -0.752996 -0.1126
t 0.619437 -0.165988 0.767298
bt 0.663632 -0.740428 -0.106579
t 0.637114 -0.580128 0.507482
bt 0.693662 -0.709903 -0.12195
t 0.332418 -0.0776071 0.939934
bt 0.49594 -0.852714 -0.16408
t 0.359709 -0.0465719 0.931902
bt 0.791463 -0.584609 -0.178379
t 0.656231 -0.0836829 0.749905
bt 0.796771 -0.600509 -0.0674189
t 0.244156 -0.233458 0.941215
bt 0.663197 -0.731709 -0.157393
t 0.312868 0.399998 0.861461
bt 0.851154 -0.519885 -0.0725064
t 0.303781 -0.0268852 0.952363
bt 0.499199 -0.85279 -0.15346
t 0.273793 -0.0196717 0.961587
bt 0.398907 -0.911749 -0.0979152
t 0.338328 -0.0882199 0.936884
bt 0.48202 -0.8513 -0.207233
t -0.597013 0.16693 0.784672
bt 0.696509 -0.715326 -0.0564302
t -0.685606 0.197002 0.70081
bt -0.184162 -0.73559 0.651914
t -0.574117 0.646465 0.502466
bt 0.289393 -0.349589 -0.891089
t -0.687783 0.357193 0.631955
bt -0.138118 -0.40004 0.90603
t 0.670137 -0.587941 -0.453037
bt 0.6367 -0.683819 -0.356377
t 0.578469 -0.610898 0.540534
bt 0.791355 -0.599866 -0.117974
t 0.550024 -0.0740219 0.831862
bt 0.859669 -0.504804 -0.0783667
t -0.654086 0.0403012 0.755346
bt 0.584854 -0.774397 -0.241361
t -0.734965 0.446993 0.509925
bt 0.78607 -0.616763 -0.041199
t 0.0819983 0.4709 0.878367
bt 0.836754 -0.545688 -0.0454722
t 0.845461 -0.12263 0.519768
bt 0.836861 -0.536403 -0.109247
t 0.816768 -0.180779 0.547913
bt 0.820942 -0.563547 -0.0920241
t 0.76926 -0.407297 0.492289
bt 0.837839 -0.539103 -0.0859853
t 0.249483 0.0377116 0.967645
bt 0.858592 -0.503434 -0.0968177
t 0.819487 -0.384971 0.424545
bt 0.872248 -0.488339 0.0266327
t 0.948848 0.0253946 0.314711
bt 0.959113 -0.282212 0.0214401
t -0.380346 0.442772 0.811967
bt 0.855711 -0.508102 -0.0979345
t -0.367393 0.362079 0.856692
bt 0.837472 -0.539262 -0.0885275
t 0.688343 0.0235166 0.725004
bt 0.797427 -0.602991 -0.022646
t 0.638231 -0.0625582 0.767299
bt 0.801482 -0.597301 -0.0292916
t 0.240584 -0.679249 0.693355
bt 0.702494 -0.707105 -0.0806557
t 0.271475 0.100392 0.957195
bt 0.702986 -0.709874 -0.0434607
t 0.309948 -0.230105 0.922488
bt 0.782265 -0.617412 -0.0828438
t 0.606441 -0.639634 0.472332
bt 0.769051 -0.629728 -0.109561
t 0.823207 0.0211747 0.567347
bt 0.79488 -0.601291 -0.0813293
t 0.703837 -0.502103 0.5025
bt 0.825993 -0.537889 -0.168555
t -0.909336 -0.174382 0.377754
bt 0.901031 -0.417034 -0.119267
t -0.713314 0.437437 0.54757
bt 0.831032 -0.545232 -0.11004
t -0.640496 0.376248 0.66948
bt 0.770018 -0.619029 -0.154516
t -0.685179 0.230428 0.690965
bt 0.831304 -0.549042 -0.0865289
t -0.599866 0.482096 0.638549
bt 0.780129 -0.616115 -0.108636
t -0.0619704 -0.232866 0.970532
bt 0.557753 -0.824992 -0.0911019
t 0.557963 0.1879 0.808314
bt 0.870971 -0.485526 0.0753254
t 0.370465 -0.531497 0.761752
bt 0.825545 -0.563199 -0.0358091
t 0.149425 -0.60229 0.784167
bt 0.689396 -0.714468 -0.119454
t -0.0571203 -0.598631 0.798986
bt 0.67757 -0.727385 -0.108675
t -0.570736 0.00313811 0.821128
bt 0.665444 -0.742914 -0.0725472
t 0.311037 -0.0396741 0.949569
bt 0.475475 -0.8501 -0.22639
t 0.088161 -0.251264 0.963895
bt 0.298147 -0.898596 -0.321922
t -0.488725 0.747226 0.450335
bt 0.366847 -0.700546 -0.612094
t -0.642374 -0.181972 0.744475
bt 0.255211 -0.898859 0.356258
t 0.424634 -0.748664 0.509105
bt 0.561837 -0.730675 -0.387883
t 0.788306 0.0379165 0.614113
bt 0.435457 -0.814128 -0.384153
t -0.230541 0.101728 0.967731
bt 0.556873 -0.714716 -0.423171
t 0.645723 -0.0269491 0.763096
bt 0.406236 -0.839253 -0.361423
t 0.518446 -0.161984 0.839628
bt 0.412694 -0.816661 -0.403421
t 0.0268259 0.0214027 0.999411
bt -0.348716 -0.936653 -0.0328463
t 0.0865434 -0.0700226 0.993784
bt -0.221678 -0.974743 -0.027111
t 0.0344408 -0.0606576 0.997564
bt -0.576117 -0.817248 -0.0139834
t 0.0226616 0.011786 0.999674
bt -0.588299 -0.808641 0.00206713
t -0.277319 0.0717925 0.958092
bt -0.27046 -0.962717 -0.00530813
t -0.252722 0.110847 0.961168
bt -0.611172 -0.791488 -0.00398975
t -0.366716 0.108914 0.923936
bt -0.338363 -0.938424 0.069788
t -0.549811 0.191653 0.813005
bt -0.596025 -0.802793 -0.016651
t -0.132409 0.0921605 0.986901
bt -0.458634 -0.887081 0.0523737
t 0.106416 -0.0812087 0.991
bt -0.564218 -0.825454 0.0168453
t -0.0582677 -0.0680777 0.995977
bt -0.435861 -0.899375 0.0339165
t -0.323846 0.125428 0.937759
bt -0.102098 -0.976193 0.19137
t -0.86059 0.0371065 0.507946
bt 0.0348284 -0.947878 0.316724
t -0.939252 -0.0228532 0.342468
bt -0.382265 -0.921548 -0.0679935
t -0.821645 0.0791396 0.564479
bt -0.39085 -0.917696 -0.0712097
t -0.298445 0.198017 0.933659
bt 0.281651 -0.83805 0.467274
t -0.669392 0.0324712 0.742199
bt 0.187278 -0.915937 0.354945
t -0.372177 0.155281 0.91508
bt -0.412488 -0.910688 -0.0223779
t -0.658868 0.0232105 0.751901
bt 0.152437 -0.89474 0.419766
t -0.642085 0.113052 0.758252
bt -0.406625 -0.91125 -0.0654184
t -0.609391 0.0166309 0.792695
bt 0.541582 -0.56754 0.620151
t -0.653802 0.069955 0.753425
bt 0.458956 -0.634165 0.62225
t -0.702749 0.0167648 0.71124
bt 0.0575993 -0.942973 0.327849
t -0.714829 0.0704452 0.695742
bt -0.365117 -0.928552 -0.0669448
t -0.60043 0.0962236 0.793867
bt -0.530348 -0.843209 -0.0879197
t -0.383885 0.0384491 0.92258
bt -0.357484 -0.928844 0.0972308
t -0.864286 -0.0639414 0.49892
bt -0.420492 -0.898478 0.126191
t -0.844208 -0.0532782 0.533361
bt -0.305779 -0.949687 0.067769
t -0.946677 0.109568 0.302982
bt -0.517695 -0.842116 -0.151104
t -0.44709 -0.0164447 0.894338
bt -0.16516 -0.974673 0.150781
t -0.765379 -0.0419147 0.642214
bt -0.403744 -0.90261 -0.149284
t -0.400101 0.015122 0.916346
bt -0.265442 -0.964086 0.00884326
t -0.38604 0.0216804 0.922227
bt -0.258207 -0.962469 0.083567
t -0.20342 -0.11041 0.972846
bt -0.249982 -0.954221 0.164228
t -0.61751 0.0708619 0.783364
bt -0.338871 -0.937655 0.0772616
t -0.473949 0.0536195 0.878918
bt -0.484244 -0.852925 0.195002
t -0.848083 0.149656 0.50829
bt -0.584784 -0.802873 -0.115857
t -0.904607 0.148977 0.399363
bt -0.503876 -0.851544 -0.144849
t -0.808426 0.119457 0.576348
bt -0.563148 -0.820771 -0.0959106
t -0.918536 0.0945982 0.383853
bt -0.396417 -0.870968 -0.290289
t -0.712495 0.238415 0.659931
bt -0.583336 -0.807452 0.0879823
t -0.231944 0.173574 0.957118
bt -0.322518 -0.934151 0.152787
t -0.654578 0.354923 0.667501
bt 0.118753 -0.867394 -0.483245
t -0.359431 0.870576 0.336017
bt 0.208073 -0.964475 0.162767
t -0.362715 0.125741 0.923378
bt 0.129233 -0.926018 0.354668
t -0.337093 0.0016001 0.94147
bt -0.58084 -0.812218 -0.0541038
t -0.00626953 -0.00903994 0.99994
bt -0.523505 -0.850528 -0.0504473
t -0.013613 -0.0137353 0.999813
bt -0.563808 -0.825904 0.00138529
t -0.056261 0.0626347 0.996449
bt -0.573388 -0.819175 0.0133435
t 0.00673829 0.0103491 0.999924
bt -0.643294 -0.765604 -0.00480335
t -0.277495 0.0468984 0.959582
bt -0.175918 -0.980449 0.088164
t -0.370737 0.0785846 0.925407
bt -0.207635 -0.974593 0.0840052
t -0.260157 0.0958522 0.960797
bt -0.341048 -0.927792 0.151285
t 0.825229 0.410474 0.387954
bt -0.959744 -0.266115 0.0898596
t 0.593892 0.0936771 0.799072
bt -0.836817 -0.53704 0.106421
t 0.821624 0.070132 0.565699
bt -0.995795 -0.0916064 -0.000241652
t 0.669365 0.711563 0.213609
bt -0.855779 -0.448861 0.257226
t 0.736539 0.668887 0.100502
bt -0.929737 -0.265433 0.255216
t -0.814732 -0.154438 0.558892
bt -0.516999 -0.755683 -0.402063
t -0.901105 0.0238957 0.432942
bt -0.0199612 -0.838593 -0.544393
t -0.864977 -0.0150627 0.501586
bt -0.277277 -0.869501 -0.408761
t -0.428153 0.503454 0.750479
bt -0.670946 -0.503437 0.544411
t -0.396195 0.565562 0.723304
bt -0.521294 -0.783386 0.338466
t -0.300785 0.705039 0.642221
bt -0.88332 -0.383258 0.269923
t 0.248864 0.0890019 0.96444
bt -0.984244 -0.176636 -0.0079588
t 0.110625 0.809067 0.577211
bt -0.872702 -0.422434 0.24483
t -0.783002 -0.0574483 0.619361
bt -0.485368 -0.833205 -0.264927
t -0.600438 0.164928 0.782479
bt 0.00517554 -0.992393 0.123005
t -0.629651 -0.0311592 0.776253
bt -0.262477 -0.963196 -0.0579668
t -0.937851 0.124191 0.324057
bt 0.0592215 -0.918279 0.39148
t -0.64849 -0.00568484 0.761202
bt 0.373115 -0.580944 -0.723387
t -0.933855 0.0830262 0.347882
bt 0.637702 -0.751015 0.171209
t -0.936491 0.0902021 0.338894
bt 0.761502 -0.647977 -0.0155343
t -0.620688 0.0158631 0.783897
bt 0.325421 -0.663189 -0.674004
t -0.254173 0.00433709 0.967149
bt -0.510213 -0.845261 0.158797
t -0.117957 0.0385979 0.992268
bt -0.268383 -0.952963 0.140828
t -0.908475 -0.130031 0.397197
bt -0.959726 -0.266595 0.0886181
t -0.781884 -0.166307 0.600832
bt -0.807144 -0.476514 0.348501
t -0.927954 0.0185366 0.372234
bt -0.97517 -0.210219 0.0696527
t -0.822629 -0.0116612 0.568458
bt -0.814633 -0.245258 0.525568
t -0.809554 0.103688 0.577816
bt 0.735536 -0.368143 -0.568733
t -0.602579 -0.0113658 0.797978
bt 0.6897 0.208101 -0.693547
t -0.64965 0.0714545 0.756868
bt 0.485509 -0.559751 -0.671535
t -0.953936 0.12989 0.270435
bt 0.884456 -0.447904 0.130846
t 0.284356 0.0294972 0.958265
bt -0.986075 -0.166292 -0.00198904
t -0.0940842 0.0452858 0.994534
bt -0.995332 -0.0961761 -0.00802578
t -0.601973 0.282988 0.74669
bt -0.657684 -0.311227 0.685995
t -0.241809 0.466264 0.850956
bt -0.728044 -0.630812 0.26838
t 0.140399 0.0269047 0.989729
bt -0.821571 -0.569195 0.0322053
t 0.241295 -0.0493141 0.969198
bt -0.971835 -0.235142 0.0156594
t -0.511881 0.667268 0.541046
bt -0.902419 -0.262495 0.341668
t -0.805057 0.129654 0.578855
bt 0.0967065 -0.970226 -0.222059
t -0.440802 0.138622 0.886836
bt -0.327881 -0.934567 0.138124
t -0.788129 -0.19044 0.585308
bt 0.225757 -0.609552 -0.759921
t -0.913721 -0.13746 0.382385
bt 0.943757 0.190813 -0.270022
t 0.712912 0.698655 -0.0603141
bt -0.811757 -0.43367 0.391128
t 0.234528 0.970681 0.0526716
bt -0.511675 -0.506094 0.694304
t 0.823543 0.151351 -0.546691
bt -0.818251 -0.215943 0.53276
t -0.88547 0.0423301 0.462765
bt 0.690718 -0.472266 -0.547608
t -0.236389 0.0693674 0.969179
bt -0.123196 -0.989534 0.0751269
t -0.0958789 0.0641601 0.993323
bt -0.190924 -0.977771 0.0866735
t -0.352632 0.0693378 0.93319
bt -0.191387 -0.97138 0.140683
t -0.36003 0.0156888 0.932809
bt -0.16623 -0.983487 0.0715657
t -0.412365 0.0166548 0.910867
bt 0.0257846 -0.999572 0.0138501
t -0.520763 -0.0328268 0.85307
bt -0.0271722 -0.998462 0.0483313
t -0.595975 0.0372365 0.802139
bt -0.232338 -0.972354 -0.0233812
t -0.319936 -0.0670318 0.945065
bt -0.109084 -0.992402 0.0569186
t -0.237078 -0.0385452 0.970726
bt 0.117084 -0.993035 0.0131543
t -0.279408 0.0256846 0.959829
bt -0.209172 -0.971228 0.113853
t -0.13706 -0.111835 0.984229
bt -0.656304 -0.722858 -0.216197
t -0.389868 -0.0192533 0.920669
bt -0.13392 -0.988131 0.0752456
t -0.505385 0.0586784 0.860897
bt -0.250162 -0.936821 0.24451
t -0.219353 0.0335258 0.975069
bt 0.134707 -0.971163 0.196717
t -0.321014 -0.0638807 0.944918
bt 0.256936 -0.965475 0.0429122
t -0.703688 -0.0159245 0.710331
bt -0.0844472 -0.995655 -0.0392353
t -0.54645 0.0214192 0.837218
bt -0.16088 -0.982847 0.0901667
t -0.77431 -0.0778389 0.628001
bt 0.252864 -0.953088 0.166384
t -0.65926 -0.130654 0.740476
bt 0.625912 -0.678082 0.385277
t -0.35834 0.0287687 0.933148
bt -0.133853 -0.990901 -0.0140713
t -0.329875 0.200722 0.922439
bt -0.192763 -0.970551 0.144474
t -0.261215 0.0409944 0.96441
bt -0.0652929 -0.992588 0.102499
t -0.241658 0.0935685 0.96584
bt -0.083004 -0.992834 0.085974
t -0.392487 0.046145 0.918599
bt -0.357925 -0.929449 0.0895219
t -0.503836 0.0987093 0.858141
bt -0.148034 -0.988736 -0.0220624
t -0.328497 0.185398 0.92613
bt -0.365391 -0.91799 0.15422
t 0.019333 0.203258 0.978934
bt -0.664709 -0.729706 0.160285
t -0.353511 0.16319 0.921086
bt -0.384164 -0.90846 0.164677
t 0.0179433 0.783089 0.621651
bt -0.80744 -0.532676 0.253569
t -0.630577 0.0425488 0.77496
bt -0.412755 -0.904461 -0.107626
t -0.362311 -0.00232664 0.932054
bt -0.172575 -0.980983 0.0888316
t -0.841907 0.0836974 0.533093
bt -0.342796 -0.937258 -0.0635391
t -0.85281 0.0296923 0.521376
bt -0.281251 -0.959343 -0.0236324
t -0.822533 0.0460651 0.566849
bt -0.229765 -0.97195 0.0502093
t -0.78604 0.053973 0.615814
bt -0.103468 -0.970809 0.216387
t 0.324966 -0.0760288 0.942665
bt -0.512301 -0.858738 -0.0108594
t 0.510734 -0.0912161 0.854886
bt -0.0646892 -0.987992 -0.140314
t 0.365679 -0.0838888 0.926953
bt 0.498763 -0.861169 -0.0980962
t 0.50542 -0.0571046 0.860982
bt 0.227816 -0.968528 -0.100264
t 0.451269 -0.0738999 0.889323
bt 0.0914587 -0.995268 -0.0328276
t 0.569997 -0.0268551 0.821208
bt 0.00129394 -0.992803 -0.119754
t 0.697903 -0.00800513 0.716148
bt -0.0433728 -0.998963 -0.0138573
t 0.558129 0.00881871 0.829707
bt -0.100719 -0.994888 -0.00728942
t 0.693567 0.00505617 0.720374
bt -0.177695 -0.983357 -0.0378538
t 0.422218 -0.00358734 0.906487
bt -0.0247539 -0.997277 -0.069462
t 0.651606 0.0261775 0.758106
bt -0.0966921 -0.991734 0.0843416
t 0.716332 0.0621578 0.694985
bt -0.438565 -0.879667 -0.183975
t 0.608279 0.142307 0.780862
bt 0.218995 -0.970071 -0.104895
t 0.667247 0.0171427 0.74464
bt -0.213095 -0.970495 -0.112827
t 0.765835 0.120957 0.631559
bt 0.215549 -0.910809 0.352088
t 0.606068 0.137199 0.783491
bt 0.0368197 -0.97428 0.222313
t 0.720371 0.113975 0.68416
bt 0.215676 -0.860541 0.461468
t 0.822864 0.0811628 0.562412
bt -0.76675 -0.559534 0.314669
t 0.765526 0.0878377 0.637381
bt -0.502021 -0.819182 -0.277337
t 0.937805 0.200248 0.283588
bt -0.119941 -0.99165 -0.0473659
t 0.796605 0.100347 0.596113
bt 0.556247 -0.708502 -0.434297
t 0.886539 0.275452 0.371718
bt 0.364303 -0.845768 -0.38982
t 0.301901 -0.122944 0.945379
bt -0.499342 -0.864913 0.0508268
t -0.0138314 -0.0104748 0.999849
bt -0.491304 -0.870213 0.036743
t 0.0948109 -0.0281093 0.995098
bt -0.248826 -0.966198 -0.0674293
t -0.132663 0.0195332 0.990969
bt -0.584845 -0.810502 -0.0322941
t -0.190108 0.0215359 0.981527
bt -0.42883 -0.900304 -0.0745536
t -0.279572 -0.0219957 0.959873
bt -0.205177 -0.976113 -0.0714509
t 0.00585983 -0.0399282 0.999185
bt -0.274512 -0.955959 -0.103848
t 0.241995 -0.115526 0.963375
bt -0.228059 -0.963277 -0.141723
t 0.183586 -0.0970292 0.978203
bt -0.180662 -0.970526 -0.159503
t -0.274416 0.00262034 0.961608
bt -0.209992 -0.976172 -0.0546927
t 0.969494 0.0164186 0.244564
bt 0.245826 -0.882382 -0.401213
t 0.99008 0.000329219 0.140503
bt 0.0776792 -0.919592 -0.385118
t 0.324279 -0.0786814 0.942684
bt -0.305317 -0.942528 -0.135733
t 0.500479 0.00105305 0.865748
bt -0.310468 -0.942114 -0.126615
t 0.605933 0.0424218 0.794384
bt -0.0122157 -0.975851 -0.218097
t 0.972982 -0.0112129 0.230609
bt 0.293311 -0.86093 -0.415654
t 0.965958 0.0367874 0.256072
bt 0.106109 -0.876308 -0.46992
t 0.907318 0.270242 -0.322091
bt 0.521689 -0.639352 -0.564862
t 0.971891 0.193307 0.134386
bt 0.585119 -0.810841 0.0131468
t 0.945248 0.125657 0.301193
bt 0.259335 -0.866261 -0.427009
t 0.978332 0.158899 0.132729
bt -0.605241 -0.784985 -0.132222
t 0.730394 0.16045 -0.663913
bt -0.059356 -0.962046 -0.266352
t 0.994266 0.0967605 0.0455245
bt -0.0765535 -0.985496 -0.151451
t 0.724205 -0.28015 -0.630113
bt 0.0175576 -0.906793 0.42121
t 0.996916 -0.0172178 0.0765592
bt -0.24912 -0.874185 0.416821
t -0.293239 -0.127511 0.947497
bt 0.220751 -0.973426 -0.0609141
t 0.118279 -0.0557532 0.991414
bt 0.135696 -0.988095 -0.0724903
t -0.279594 -0.0220894 0.959864
bt -0.194566 -0.974981 -0.107495
t 0.161689 0.165709 0.972829
bt 0.0305007 -0.999445 0.0134303
t 0.129027 -0.0121889 0.991566
bt 0.305303 -0.948724 0.0819283
t -0.320922 -0.166563 0.932344
bt 0.698321 -0.712186 -0.0716924
t 0.278085 0.0614606 0.958588
bt 0.47058 -0.877912 0.0884574
t 0.196284 0.00790902 0.980515
bt 0.783473 -0.611827 -0.108797
t 0.89736 -0.00590869 0.441259
bt -0.507129 -0.684552 0.52365
t 0.602908 0.0519069 0.796121
bt -0.749812 -0.540773 0.381243
t -0.280278 -0.0252029 0.959588
bt -0.18536 -0.972927 -0.138038
t 0.861813 -0.0749431 0.501658
bt -0.933147 -0.355664 -0.0523433
t 0.945884 -0.324236 -0.0132396
bt -0.79498 -0.146856 0.588592
t 0.866901 -0.142345 0.477724
bt -0.985101 -0.0583825 0.161765
t 0.694739 -0.543271 -0.471375
bt -0.552774 -0.351954 0.755361
t 0.354281 0.103238 0.929423
bt -0.815948 -0.442107 0.372519
t 0.541084 -0.125143 0.831605
bt -0.839967 -0.539114 -0.0617353
t 0.627775 -0.209294 0.74973
bt 0.0470434 -0.977298 -0.206578
t 0.619464 -0.0459414 0.78368
bt -0.503745 -0.410935 -0.759851
t 0.53775 -0.256692 0.803078
bt -0.523623 -0.7773 -0.348746
t 0.623722 -0.226848 0.748005
bt -0.434669 -0.793359 -0.426197
t 0.55647 -0.209611 0.803993
bt -0.618185 -0.78519 0.0363762
t 0.267346 -0.191303 0.94442
bt -0.433588 -0.84521 -0.312444
t 0.611403 -0.300427 0.732073
bt -0.571874 -0.301215 -0.76304
t 0.582243 -0.300753 0.755341
bt 0.0427873 -0.93333 -0.35646
t 0.615561 -0.265537 0.742007
bt -0.020451 -0.987158 -0.158433
t 0.453262 -0.363979 0.813678
bt -0.137204 -0.857496 -0.495858
t 0.53672 -0.437362 0.721558
bt -0.094484 -0.624133 -0.775584
t 0.579145 -0.233158 0.781171
bt -0.395658 -0.44166 -0.805228
t 0.525681 -0.439404 0.728412
bt 0.782373 -0.485472 -0.390139
t 0.536693 -0.4372 0.721676
bt 0.337649 -0.929048 -0.151205
t 0.650098 -0.248059 0.71822
bt 0.289358 -0.912382 0.289536
t 0.539247 -0.252724 0.803333
bt -0.1691 -0.967249 0.189301
t 0.378101 0.00975782 0.925713
bt -0.311116 -0.946534 -0.0853277
t 0.308324 -0.226607 0.923897
bt -0.316157 -0.943413 -0.100085
t 0.753182 -0.0166897 0.6576
bt -0.722506 -0.688157 0.0665153
t 0.777023 -0.131253 0.615636
bt -0.559964 -0.813735 -0.155809
t 0.608247 -0.126514 0.783601
bt -0.858025 -0.512981 -0.0253875
t 0.845035 -0.0710185 0.529974
bt 0.312209 -0.842389 0.439211
t 0.79586 -0.0490066 0.603494
bt 0.257746 -0.849824 0.459746
t 0.397971 0.109101 0.910888
bt -0.868512 -0.495616 0.00723975
t 0.670933 0.119974 0.731748
bt -0.88223 -0.470665 0.0120544
t -0.765067 -0.519236 0.380876
bt -0.900398 -0.433485 -0.0370522
t -0.736483 -0.480799 0.475841
bt -0.869878 -0.492873 -0.0196883
t -0.721379 -0.526274 0.450165
bt -0.888688 -0.45653 -0.0425999
t 0.802238 0.191475 0.565465
bt -0.88045 -0.467014 0.0818873
t 0.847499 0.168162 0.503455
bt -0.944745 -0.327176 -0.0203351
t 0.663644 0.364502 0.653235
bt -0.762301 -0.644552 -0.0587371
t -0.817718 0.308381 0.486044
bt -0.973283 -0.228805 -0.0192234
t -0.510206 -0.633925 0.581231
bt -0.770086 -0.614287 -0.172101
t -0.760789 -0.399839 0.511203
bt -0.94651 -0.315047 -0.0697437
t -0.715914 0.168073 0.677657
bt -0.910571 -0.40058 -0.101959
t -0.536867 -0.393176 0.746449
bt -0.730401 -0.681101 -0.0511444
t 0.612059 0.630445 0.477413
bt -0.709958 -0.680175 -0.182544
t -0.655389 -0.602558 0.4554
bt -0.76936 -0.638792 -0.00553816
t -0.673325 0.27316 0.687035
bt -0.821333 -0.553124 0.139519
t -0.27457 0.297392 0.914423
bt -0.912097 -0.409965 -0.00266841
t -0.855043 -0.155761 0.494612
bt -0.897459 -0.435208 -0.0718449
t -0.747894 -0.138683 0.64917
bt -0.927946 -0.369623 -0.0479055
t 0.504546 0.588601 0.631651
bt -0.929447 -0.366964 -0.0382931
t 0.344988 0.839452 0.419886
bt -0.82949 -0.535337 0.159252
t -0.676896 -0.614127 0.405783
bt 0.638333 0.592904 -0.490914
t -0.864781 -0.168628 0.472988
bt 0.709048 -0.219829 -0.67002
t -0.871826 -0.237712 0.428266
bt 0.808675 0.183077 -0.559041
t 0.326808 0.331235 0.885144
bt -0.93382 -0.357447 0.0145362
t 0.42903 0.00896275 0.903246
bt -0.638714 -0.760522 0.116839
t 0.046293 0.0553037 0.997396
bt -0.661435 -0.749187 0.0349612
t 0.093431 0.122242 0.988093
bt -0.665022 -0.745672 0.0414632
t 0.362077 0.0258124 0.931791
bt -0.647601 -0.75497 0.103118
t 0.0604675 0.125158 0.990292
bt -0.579985 -0.814163 0.0274909
t 0.282778 -0.0104853 0.959128
bt -0.527264 -0.839672 0.13017
t -0.277611 0.102859 0.955171
bt -0.652594 -0.757136 -0.0294524
t -0.225654 0.162792 0.96051
bt -0.525585 -0.842866 -0.115486
t -0.341863 0.105767 0.933779
bt -0.648822 -0.757688 -0.0702764
t -0.766174 0.146505 0.625711
bt -0.42429 -0.897977 -0.11668
t -0.820935 0.0972172 0.562686
bt 0.168848 -0.980702 0.0985557
t -0.630267 0.200605 0.750014
bt 0.103216 -0.993282 0.0523138
t -0.871003 0.0551894 0.488169
bt -0.185563 -0.974333 -0.127441
t -0.813913 0.0283111 0.580296
bt -0.211149 -0.946423 -0.244335
t -0.752089 0.027926 0.65847
bt -0.0384026 -0.989301 -0.140743
t -0.698131 -0.0793161 0.711563
bt -0.171052 -0.977 -0.127326
t -0.864999 -0.0408499 0.500108
bt -0.113242 -0.978586 -0.17189
t -0.888578 -0.164754 0.428117
bt 0.179003 -0.976186 0.12255
t -0.426837 0.132912 0.894508
bt 0.000657141 -0.994892 -0.100945
t -0.328799 0.146314 0.932997
bt -0.145942 -0.988723 0.0335717
t -0.9642 -0.199666 0.174504
bt 0.363936 -0.928376 0.0752919
t -0.950557 -0.0410325 0.307826
bt -0.152157 -0.938141 -0.311029
t -0.566545 0.137686 0.812447
bt 0.176878 -0.973604 0.144256
t -0.347106 0.107656 0.931626
bt -0.0678332 -0.996094 0.0565214
t -0.423955 0.127443 0.896672
bt 0.320401 -0.943478 0.0848057
t -0.0777186 0.139102 0.987224
bt 0.447179 -0.894433 0.00447665
t -0.00591535 0.106986 0.994243
bt -0.130305 -0.988852 0.0720575
t 0.160004 0.0891989 0.983078
bt 0.199371 -0.97877 0.0475478
t 0.0111477 0.0113708 0.999873
bt 0.37578 -0.926256 0.0289839
t 0.338402 -0.0322104 0.94045
bt -0.0454292 -0.995596 -0.0820111
t 0.353428 0.118923 0.927872
bt 0.333319 -0.940597 -0.0646228
t -0.178682 -0.0862233 0.980121
bt 0.251314 -0.934471 -0.2522
t 0.386128 -0.0922589 0.91782
bt 0.00427272 -0.991459 0.130348
t 0.545893 -0.0864333 0.833385
bt 0.222724 -0.972885 -0.0623632
t 0.311667 -0.746335 0.588088
bt 0.344106 -0.863563 -0.368579
t -0.419821 -0.164981 0.892487
bt 0.431255 -0.865604 -0.254457
t -0.314703 -0.260241 0.912818
bt 0.0192686 -0.938246 -0.345431
t -0.538435 -0.243067 0.80685
bt 0.62417 -0.780076 -0.0435128
t 0.78603 -0.173014 0.593484
bt 0.130787 -0.986162 -0.101881
t 0.61487 -0.182582 0.767202
bt 0.159569 -0.983714 -0.0827338
t 0.682949 -0.339588 0.646731
bt -0.359374 -0.916217 0.17719
t 0.738481 -0.229243 0.634108
bt -0.486459 -0.871246 0.0654836
t 0.861299 -0.169568 0.478969
bt -0.270185 -0.957686 0.0991898
t 0.774521 -0.139035 0.617079
bt -0.453271 -0.886172 0.0961504
t 0.80002 -0.0583649 0.597128
bt -0.320875 -0.923947 0.208235
t -0.619505 -0.2463 0.745352
bt 0.57938 -0.813935 -0.042762
t -0.571843 -0.22419 0.789135
bt 0.491137 -0.861021 -0.132012
t -0.617992 -0.220635 0.75459
bt 0.553029 -0.82111 -0.141196
t -0.521845 0.183785 0.833007
bt 0.689192 -0.721662 -0.0649521
t -0.511613 0.108474 0.852341
bt 0.658087 -0.752808 0.014226
t -0.761136 -0.247381 0.599562
bt -0.0336503 -0.995848 -0.0845789
t -0.401968 0.328054 0.854869
bt 0.546391 -0.837528 -0.00204596
t -0.328145 -0.0951444 0.939824
bt 0.447869 -0.891845 -0.0634576
t 0.367178 -0.689353 0.624478
bt 0.705977 -0.68254 -0.189039
t 0.336965 -0.802112 0.493023
bt 0.699733 -0.667675 -0.254134
t 0.58657 -0.631245 0.507411
bt 0.887594 -0.449183 -0.102037
t -0.853276 0.211644 0.476578
bt 0.888795 -0.444665 -0.110983
t -0.677945 0.323642 0.660036
bt 0.685997 -0.703174 -0.186962
t -0.763962 0.204369 0.612042
bt 0.777532 -0.62571 -0.0626953
t 0.142041 -0.667831 0.730634
bt 0.792864 -0.597901 -0.117822
t 0.550786 -0.15319 0.820468
bt 0.809617 -0.58641 -0.0253631
t 0.286478 -0.38405 0.877745
bt 0.82391 -0.563374 -0.0614983
t -0.523999 0.562365 0.639664
bt 0.810191 -0.585763 -0.0217553
t -0.519686 0.390329 0.75998
bt 0.742641 -0.669676 0.00418181
t -0.625488 0.285553 0.726102
bt 0.824177 -0.562296 -0.0675036
t -0.24794 0.114358 0.962002
bt 0.563188 -0.825887 0.0270073
t -0.468274 0.193816 0.862064
bt 0.627719 -0.775399 0.0687365
t -0.403538 0.0985911 0.909635
bt 0.602567 -0.793909 -0.0813721
t 0.01911 -0.105884 0.994195
bt 0.707525 -0.702625 -0.0756769
t 0.0413588 0.0072762 0.999118
bt 0.586789 -0.801922 -0.112244
t -0.340979 -0.0912093 0.935636
bt 0.421244 -0.902919 -0.0853866
t -0.22684 0.0460967 0.972841
bt 0.364304 -0.929338 -0.0601063
t 0.703247 -0.700199 0.123148
bt 0.775554 -0.628761 -0.0563533
t 0.383129 -0.708974 0.592088
bt 0.574119 -0.815085 -0.0776219
t -0.329542 0.0827897 0.940504
bt 0.461903 -0.885716 0.0464065
t -0.457137 0.132401 0.879486
bt 0.375843 -0.922497 0.0879875
t -0.354166 0.136999 0.925093
bt 0.459996 -0.886298 0.0536563
t -0.74891 -0.00270964 0.662667
bt 0.244244 -0.955231 0.166968
t -0.2804 -0.0194581 0.959686
bt 0.471351 -0.881905 0.0084767
t -0.163423 0.0912832 0.982324
bt 0.332495 -0.941907 -0.0475275
t -0.628892 -0.152398 0.762411
bt 0.268153 -0.961237 -0.0641709
t -0.294703 0.00925367 0.955544
bt 0.447858 -0.888728 0.0979053
t -0.160098 0.0248786 0.986788
bt 0.614908 -0.78245 -0.0982817
t 0.209437 -0.284694 0.93546
bt 0.744078 -0.667378 -0.030891
t -0.106512 -0.213837 0.971045
bt 0.629723 -0.775282 -0.0488459
t 0.0195157 -0.385917 0.922327
bt 0.667625 -0.737276 -0.103446
t -0.94524 -0.0471028 0.322958
bt 0.597055 -0.797357 -0.0880238
t -0.617149 0.470947 0.630346
bt 0.667231 -0.73807 -0.100277
t -0.597916 0.540841 0.591598
bt 0.632251 -0.771829 -0.0673723
t -0.85066 0.365973 0.377413
bt 0.815371 -0.56678 0.118032
t -0.486387 0.377757 0.787863
bt 0.414326 -0.908204 0.0591541
t -0.219288 -0.0411131 0.974793
bt 0.436676 -0.892434 -0.113473
t -0.467075 -0.178598 0.865993
bt 0.330439 -0.929566 -0.163455
t -0.0354601 0.836668 0.546562
bt 0.202481 -0.964279 -0.170787
t 0.281113 0.0669666 0.957335
bt -0.0751368 -0.995818 0.0519629
t -0.35341 0.170171 0.91986
bt 0.787071 -0.575184 -0.222894
t -0.133354 0.53337 0.835304
bt 0.541993 -0.837135 -0.0738207
t -0.15445 0.358983 0.920476
bt 0.560983 -0.827663 0.0165114
t -0.214617 0.309343 0.926416
bt 0.51535 -0.812258 -0.273223
t -0.569191 0.0302726 0.821648
bt 0.177498 -0.983628 -0.0311649
t -0.310391 -0.0280033 0.950196
bt 0.106925 -0.982149 -0.154758
t -0.51076 0.00157889 0.859722
bt -0.0360008 -0.976879 -0.210741
t -0.768507 0.102793 0.63153
bt 0.115858 -0.993076 -0.019404
t -0.883449 0.0891278 0.459972
bt 0.487449 -0.869536 0.0793813
t -0.868154 0.420234 0.264032
bt 0.857694 -0.474923 0.197002
t -0.92196 -0.00605446 0.387238
bt 0.613036 -0.743939 0.265974
t -0.0942001 0.399887 0.911711
bt 0.523527 -0.83199 0.183611
t -0.831077 0.353772 0.429135
bt 0.835916 -0.458701 0.301394
t 0.732154 -0.603474 0.315863
bt 0.831989 -0.551459 0.0607247
t 0.712287 -0.432373 0.552902
bt 0.887823 -0.453348 0.0790255
t 0.721941 -0.453188 0.522897
bt 0.894786 -0.439237 0.0801817
t -0.995251 -0.0150594 0.0961646
bt 0.880397 -0.462891 0.103115
t -0.903354 0.385286 0.18843
bt 0.89138 -0.441998 0.100391
t -0.996321 0.00058609 0.0856953
bt 0.727947 -0.635862 0.25646
t 0.144708 0.493108 0.857849
bt 0.100269 -0.979321 0.175718
t -0.477361 0.855752 0.199537
bt 0.523739 -0.817661 0.239014
t 0.803899 -0.468851 0.365959
bt 0.833328 -0.473656 0.284981
t 0.253338 -0.258394 0.93223
bt 0.431717 -0.827878 0.358103
t 0.783835 -0.151771 0.602136
bt 0.912487 -0.363481 0.187747
t 0.607773 -0.620429 0.495661
bt 0.641323 -0.734882 0.220574
t 0.386225 -0.628796 0.674868
bt 0.433342 -0.866842 0.246574
t -0.439526 0.694677 0.569421
bt 0.638562 -0.762657 0.102924
t -0.289289 0.404192 0.867721
bt 0.311531 -0.95023 0.00338698
t -0.561306 0.501083 0.658674
bt 0.206432 -0.972761 0.105458
t -0.502078 0.404731 0.764271
bt 0.2619 -0.961471 -0.0835586
t -0.373679 0.156739 0.914219
bt 0.419599 -0.895826 -0.1464
t -0.403656 0.136669 0.904645
bt 0.288515 -0.946617 -0.143789
t -0.823532 0.550137 0.138361
bt 0.86859 -0.481794 0.115869
t -0.388492 0.903346 0.181767
bt 0.43332 -0.867312 0.244956
t -0.327904 0.846315 0.419798
bt 0.429682 -0.811685 0.395652
t -0.824179 0.492007 0.28046
bt 0.910201 -0.350378 0.220837
t 0.720247 0.463628 0.516036
bt 0.934604 -0.308457 0.177113
t 0.493395 0.0277944 0.869361
bt 0.868091 -0.436066 0.237203
t -0.158884 -0.172327 0.972142
bt 0.491677 -0.864455 0.104744
t 0.0387636 0.211001 0.976717
bt 0.637789 -0.709543 0.299622
t -0.502647 -0.0415992 0.86349
bt 0.117643 -0.960658 -0.251588
t -0.457244 0.0086463 0.889299
bt 0.100836 -0.972825 -0.208432
t -0.514779 -0.024996 0.856959
bt 0.398781 -0.90961 -0.11655
t -0.446253 -0.0299017 0.894407
bt 0.528196 -0.849104 -0.0056712
t -0.546215 0.0121303 0.837557
bt 0.0780225 -0.981462 -0.175057
t -0.494227 0.0994782 0.863623
bt 0.0794651 -0.994456 -0.068871
t -0.630479 0.130593 0.765141
bt -0.131511 -0.935165 -0.328894
t -0.567205 0.0261323 0.823162
bt -0.00619559 -0.986061 -0.166266
t -0.658238 0.304669 0.688403
bt -0.0141232 -0.984031 -0.177437
t -0.626339 0.276476 0.728876
bt 0.275378 -0.959288 -0.0627205
t -0.582519 0.251059 0.773072
bt -0.0705325 -0.918907 -0.388117
t -0.687014 0.334207 0.645226
bt 0.274764 -0.952752 -0.12949
t -0.705875 0.100121 0.701224
bt -0.42716 -0.72 0.546932
t -0.701947 0.140374 0.698259
bt -0.523285 -0.777238 0.349392
t -0.86699 0.145378 0.476647
bt -0.574634 -0.457774 0.678409
t -0.972726 0.00849489 0.231803
bt -0.777932 -0.628171 0.0149232
t -0.634891 0.276242 0.721528
bt -0.0414575 -0.998419 0.0379684
t -0.60596 0.195959 0.770981
bt -0.342365 -0.934741 -0.0951101
t -0.56474 0.0570302 0.823296
bt 0.140208 -0.98999 -0.0161661
t -0.642494 0.0950001 0.760379
bt -0.24769 -0.946685 -0.206004
t -0.487289 0.140109 0.861927
bt 0.10402 -0.991915 0.0726984
t -0.316914 0.119057 0.940952
bt 0.449319 -0.880494 0.151137
t -0.755004 0.0519059 0.653663
bt 0.232608 -0.961634 0.145443
t -0.811297 0.0924436 0.577279
bt -0.0281617 -0.992727 0.117043
t -0.889225 -0.0681384 0.452367
bt 0.235856 -0.968514 0.0797036
t -0.855535 -0.139484 0.498603
bt -0.0374016 -0.995198 -0.0904506
t -0.696802 -0.0107658 0.717182
bt 0.0465726 -0.985398 0.163773
t -0.76316 0.0288945 0.645564
bt -0.0883739 -0.989667 0.112909
t -0.863777 0.0452731 0.501837
bt -0.134667 -0.988345 0.0709876
t -0.395713 0.0513797 0.916936
bt -0.132148 -0.990848 -0.0275164
t -0.812359 0.109532 0.572778
bt -0.288046 -0.95755 -0.0113066
t -0.44679 0.0958197 0.889493
bt -0.244324 -0.969068 0.0348236
t -0.213154 0.0313173 0.976517
bt -0.373463 -0.914694 -0.154468
t -0.296497 -0.0216937 0.954787
bt 0.112151 -0.992866 -0.0404951
t -0.358985 -0.0308802 0.932832
bt -0.0463557 -0.994585 -0.0930197
t -0.403658 -0.0153333 0.914782
bt 0.228636 -0.972429 -0.045901
t -0.512713 -0.0474802 0.857246
bt 0.083023 -0.992888 -0.0853267
t -0.581041 -0.0494996 0.812367
bt 0.198655 -0.974804 -0.101452
t -0.706949 -0.0157379 0.707089
bt 0.0587394 -0.985874 -0.156851
t -0.66901 0.0116602 0.743162
bt 0.124915 -0.992111 -0.0106184
t -0.700209 -0.0439255 0.712585
bt 0.313614 -0.944216 -0.100516
t -0.731654 -0.0321894 0.680916
bt 0.301422 -0.937345 -0.174724
t -0.699837 -0.0464625 0.71279
bt -0.176146 -0.907027 0.382458
t -0.668586 -0.0268814 0.743148
bt -0.0637703 -0.932574 0.355301
t -0.59077 -0.0549378 0.804968
bt 0.122841 -0.955337 0.268776
t -0.731911 -0.0231036 0.681008
bt 0.290371 -0.93882 0.185207
t -0.564835 -0.032844 0.82455
bt 0.319953 -0.914535 -0.247499
t -0.562963 -0.046681 0.825163
bt 0.1652 -0.986235 -0.00697837
t -0.426635 -0.0716382 0.901582
bt -0.145006 -0.967771 -0.205893
t -0.643885 0.0171238 0.76493
bt 0.0813558 -0.981636 -0.172543
t -0.182859 -0.164984 0.969197
bt -0.372709 -0.898434 -0.232173
t -0.532701 -0.0548138 0.844526
bt -0.257752 -0.949441 -0.179235
t -0.531563 -0.0502707 0.845526
bt -0.209678 -0.943962 -0.254893
t -0.246365 -0.106082 0.963354
bt -0.401153 -0.89947 -0.173291
t -0.454697 -0.12861 0.881312
bt 0.200062 -0.952192 0.230881
t -0.836715 0.232028 0.496055
bt -0.631861 -0.768213 0.102962
t -0.234172 0.019044 0.972009
bt -0.508088 -0.841423 -0.183992
t -0.402322 0.066913 0.91305
bt 0.496024 -0.846746 0.192306
t -0.52948 -0.0419997 0.847282
bt -0.233073 -0.947545 -0.218714
t -0.673172 -0.0295754 0.738894
bt -0.244724 -0.946818 -0.208916
t -0.540103 -0.0853126 0.837264
bt -0.239481 -0.948263 -0.208438
t -0.588859 0.0123119 0.808142
bt 0.333431 -0.937366 0.100842
t -0.603172 0.0444489 0.796371
bt 0.191773 -0.981191 0.0220841
t -0.233236 0.0207816 0.972198
bt 0.061081 -0.996502 0.0570263
t -0.531349 0.102768 0.840896
bt -0.0360248 -0.99787 0.0543796
t -0.457771 -0.02914 0.888593
bt 0.0803921 -0.996727 0.00844789
t -0.482676 -0.00801094 0.875762
bt 0.134292 -0.990742 -0.0198973
t -0.455383 0.0587225 0.888357
bt -0.173377 -0.976002 -0.131758
t -0.702341 -0.0110115 0.711755
bt -0.278513 -0.84281 0.460546
t -0.506792 0.0601335 0.859969
bt -0.321193 -0.943676 -0.0794403
t -0.589818 0.0889405 0.802624
bt -0.639184 -0.762927 -0.0968778
t -0.685932 -0.118282 0.717988
bt 0.51057 -0.786058 -0.34847
t -0.601971 -0.00763607 0.798482
bt 0.4832 -0.835542 -0.261511
t -0.650384 -0.116645 0.750596
bt 0.500442 -0.811449 -0.301841
t -0.664045 -0.118086 0.738309
bt 0.853153 -0.479657 0.205081
t -0.704957 0.238908 0.667801
bt 0.591721 -0.802323 0.0783905
t -0.530698 0.0451298 0.846359
bt -0.205167 -0.962935 -0.175108
t -0.633501 0.142402 0.760525
bt 0.405067 -0.914134 0.0167175
t -0.320823 0.0349667 0.946494
bt 0.25622 -0.965768 0.0405367
t -0.401804 0.112145 0.908833
bt -0.0390248 -0.942801 0.331065
t -0.13916 0.12831 0.981922
bt 0.23834 -0.836461 0.493484
t -0.506544 0.132821 0.851922
bt -0.161227 -0.949494 0.269196
t 0.0497795 0.207083 0.977056
bt -0.539992 -0.805472 0.244181
t -0.682671 0.0630372 0.728002
bt -0.14976 -0.955202 0.255268
t -0.738223 0.0879697 0.668796
bt -0.17084 -0.96342 0.206485
t -0.507637 0.116655 0.853637
bt -0.2349 -0.888916 0.393256
t -0.82919 0.0566948 0.556084
bt -0.295576 -0.954609 -0.036835
t -0.506439 0.135059 0.851633
bt -0.145357 -0.959207 0.242473
t -0.528804 0.12074 0.840112
bt -0.496279 -0.867849 0.0233565
t 0.0669544 0.115222 0.991081
bt -0.631579 -0.751509 0.190636
t -0.507396 0.120047 0.85331
bt -0.205097 -0.916715 0.342884
t -0.162331 0.119158 0.979515
bt -0.183962 -0.973031 0.139168
t -0.724822 0.0971996 0.682045
bt -0.29859 -0.954381 0.00100575
t -0.507749 0.115463 0.853733
bt -0.183347 -0.934067 0.306437
t 0.172211 0.133317 0.975997
bt -0.412288 -0.88084 0.232678
t -0.596223 -0.0323898 0.802165
bt 0.0395121 -0.759073 0.649805
t -0.460979 0.0465365 0.88619
bt -0.315493 -0.948922 0.0032853
t -0.390094 0.0550484 0.919128
bt -0.309456 -0.950663 0.0218166
t -0.422006 0.0824515 0.902836
bt -0.342656 -0.939219 0.0212976
t -0.232412 0.0749419 0.969726
bt -0.253667 -0.96284 0.0926923
t -0.5901 0.111035 0.799658
bt -0.463834 -0.883883 -0.0600671
t -0.410383 0.1279 0.9029
bt 0.136987 -0.939347 0.314423
t -0.537262 0.0906871 0.838526
bt -0.0406934 -0.96265 0.267672
t -0.606514 0.163276 0.778127
bt 0.244373 -0.857003 0.453683
t -0.495454 0.169384 0.851959
bt 0.584273 -0.537832 0.607751
t -0.489197 0.0188199 0.87197
bt 0.0446411 -0.967825 0.247635
t -0.583873 0.0335825 0.81115
bt 0.374793 -0.794036 0.478578
t -0.914376 0.209606 0.346384
bt 0.103228 -0.833223 0.543216
t -0.977956 0.101828 0.182302
bt -0.394139 -0.914575 0.0905882
t -0.537265 0.653402 0.533303
bt 0.315199 -0.772214 0.551666
t -0.971429 0.0593495 0.229789
bt -0.515298 -0.840233 0.16875
t -0.546931 0.721473 0.424668
bt 0.410087 -0.613893 0.674511
t -0.0818006 0.0397953 0.995854
bt 0.56913 -0.797726 0.199311
t 0.00913809 -0.278153 0.960493
bt 0.808524 -0.584035 0.07206
t -0.802543 0.448207 0.393746
bt -0.0490746 -0.239582 0.969635
t -0.643473 -0.411243 0.645617
bt 0.838386 -0.540977 -0.0667232
t -0.36871 -0.113585 0.922579
bt 0.754406 -0.655864 -0.0267065
t -0.461695 -0.306586 0.832372
bt 0.863688 -0.50351 0.0228039
t -0.746867 0.413179 0.521031
bt 0.641285 -0.708756 0.293969
t -0.885456 0.115602 0.450115
bt 0.62747 -0.69154 0.357846
t -0.881158 0.208552 0.424343
bt 0.659996 -0.640527 0.392595
t -0.588418 -0.0506296 0.80697
bt 0.645248 -0.747401 -0.158262
t -0.887655 -0.0245029 0.459856
bt 0.810643 -0.575965 -0.105464
t -0.98313 0.00931887 0.18267
bt -0.892873 -0.450231 -0.00837012
t -0.91005 0.113129 0.398761
bt -0.80441 -0.252555 0.537719
t -0.714015 0.351615 0.605434
bt -0.576449 -0.0750594 0.813679
t 0.277196 -0.727922 0.62713
bt 0.861539 -0.50769 0.000825498
t -0.750387 0.422253 0.508549
bt 0.566206 -0.705468 0.426292
t -0.601514 0.159516 0.782775
bt 0.662017 -0.706391 0.250488
t 0.0715248 -0.480458 0.874096
bt 0.754158 -0.656196 -0.0255526
t 0.515277 -0.803635 0.29776
bt 0.835821 -0.54548 -0.0620891
t -0.470552 0.104936 0.87611
bt -0.0777874 -0.995284 -0.0579581
t -0.868317 0.159737 0.469585
bt -0.539855 -0.507767 0.671364
t -0.715766 -0.00309839 0.698333
bt 0.598095 -0.800852 0.0303012
t -0.858393 0.0936821 0.504365
bt 0.567744 -0.812026 0.135206
t -0.887025 0.155953 0.434587
bt 0.475164 -0.81309 0.336309
t -0.801626 -0.0945203 0.590306
bt 0.839724 -0.49048 -0.233008
t -0.840903 -0.0173032 0.540909
bt 0.865504 -0.468508 -0.177211
t -0.647632 0.200117 0.735204
bt 0.587156 -0.455503 -0.669152
t -0.830305 -0.00886126 0.557238
bt 0.794051 -0.607454 0.0219571
t -0.455183 0.201325 0.867339
bt 0.301658 -0.666265 -0.681978
t -0.364376 -0.360261 0.858745
bt 0.688065 -0.711147 -0.14435
t -0.46252 -0.583152 0.667839
bt 0.795368 -0.585866 -0.155402
t 0.336714 0.12622 0.933109
bt -0.96998 -0.243055 -0.00797573
t -0.103333 0.846454 0.52234
bt -0.586601 -0.631797 0.506686
t 0.609044 0.031385 0.792516
bt -0.934712 -0.355267 -0.00993057
t -0.0364737 0.899708 0.434966
bt -0.537937 -0.62111 0.569952
t -0.70746 0.0764172 0.70261
bt 0.456764 -0.784613 -0.419225
t -0.608986 -0.0721167 0.789896
bt 0.267857 -0.689311 -0.673129
t -0.54893 -0.030161 0.835324
bt 0.312953 -0.600926 -0.735492
t -0.875434 0.0384254 0.481807
bt 0.819986 -0.568309 0.0681754
t -0.689024 0.26303 0.675323
bt -0.574287 -0.557511 0.599479
t 0.0616178 0.205498 0.976716
bt -0.750169 -0.650684 0.117715
t -0.295252 0.302362 0.906313
bt -0.672461 -0.686672 0.276184
t -0.267916 0.205781 0.941209
bt -0.77635 -0.626237 0.071473
t -0.1678 0.450149 0.877046
bt -0.652892 -0.736315 0.177688
t -0.250576 0.207185 0.945667
bt -0.227254 -0.920594 0.317588
t -0.394367 0.167709 0.90352
bt -0.61205 -0.789933 0.0374215
t -0.513139 0.225158 0.828246
bt -0.308903 -0.945819 0.100025
t -0.200624 0.433877 0.878351
bt -0.269361 -0.950437 -0.155289
t -0.380239 0.379069 0.843638
bt -0.00160609 -0.985771 0.168085
t -0.566599 0.270244 0.778418
bt -0.123952 -0.978415 0.165349
t -0.489809 0.340113 0.802751
bt 0.460428 -0.802413 0.379658
t -0.226927 0.458678 0.859138
bt 0.0451771 -0.969711 0.24004
t -0.549832 0.211356 0.808092
bt -0.0211801 -0.998999 0.0393959
t -0.360472 0.143598 0.92165
bt -0.359736 -0.928262 0.0944433
t -0.359365 0.146741 0.921588
bt -0.357332 -0.929832 0.0878991
t -0.629296 0.208823 0.748585
bt 0.357967 -0.884028 -0.300591
t -0.465223 0.242472 0.851337
bt 0.743017 -0.657881 0.122955
t -0.398776 0.161236 0.902763
bt -0.590866 -0.806488 -0.0213227
t -0.448987 -0.17322 0.876588
bt -0.282044 -0.954214 -0.0996361
t -0.309563 0.276739 0.909718
bt -0.45624 -0.782492 0.423735
t -0.635549 -0.171641 0.752739
bt 0.210632 -0.61725 -0.758047
t -0.559576 -0.0989183 0.822855
bt 0.161903 -0.79547 -0.583965
t -0.263953 0.557497 0.787099
bt -0.627791 -0.697731 0.345036
t -0.463973 0.287259 0.837981
bt -0.510143 -0.705851 0.491455
t 0.0480918 -0.85007 0.52447
bt 0.186135 -0.957755 0.219225
t -0.326294 -0.546927 0.770975
bt 0.491524 -0.860883 -0.131471
t 0.291943 -0.074698 0.953514
bt 0.153926 -0.977425 0.144732
t -0.114878 -0.267057 0.956809
bt 0.651234 -0.752479 -0.0983341
t -0.313278 0.0165556 0.949517
bt 0.549138 -0.835561 -0.0168725
t -0.284287 -0.0617288 0.95675
bt 0.519122 -0.845541 0.124791
t -0.148547 -0.0197615 0.988708
bt 0.279073 -0.958631 0.0560747
t -0.292835 0.0852262 0.952357
bt 0.307157 -0.943351 0.125476
t -0.355982 0.105654 0.928501
bt 0.24613 -0.962092 0.117464
t -0.29067 0.151757 0.944712
bt 0.260403 -0.952889 0.155539
t -0.352781 0.111398 0.929051
bt 0.334816 -0.931865 0.139736
t -0.119406 0.0149058 0.992734
bt 0.257718 -0.951358 0.168817
t 0.228689 -0.936313 0.266494
bt -0.210312 -0.68347 0.699026
t -0.492108 0.136169 0.859818
bt 0.0779789 -0.994428 0.0709438
t -0.504149 0.145085 0.851343
bt 0.215493 -0.96856 0.124318
t -0.750174 0.0788664 0.65652
bt -0.393777 -0.916767 -0.0669247
t -0.688224 0.0741617 0.721698
bt -0.478828 -0.876666 -0.0466994
t -0.289615 0.0337725 0.956547
bt 0.27656 -0.936113 0.217274
t -0.094079 0.0889094 0.991587
bt 0.743056 -0.640707 0.193295
t 0.171026 0.289883 0.941657
bt 0.613884 -0.769384 0.176621
t 0.327537 0.234987 0.915151
bt 0.193516 -0.95256 0.234905
t -0.248957 -0.000724732 0.968514
bt 0.287151 -0.950018 0.122517
t -0.45231 -0.155134 0.878265
bt 0.791026 -0.565103 0.234384
t -0.188417 0.11367 0.975489
bt 0.230483 -0.938432 0.257339
t -0.192188 0.274752 0.942112
bt 0.0066585 -0.949851 0.312633
t -0.0608282 0.377344 0.924073
bt -0.112167 -0.935824 0.334144
t 0.430355 0.129369 0.893341
bt -0.200097 -0.956594 0.211869
t 0.168992 0.137672 0.975955
bt -0.175841 -0.943742 0.280055
t 0.576322 0.0245679 0.816853
bt -0.499473 -0.833828 0.23507
t -0.890629 -0.0911799 0.445496
bt 0.101148 -0.860085 0.500024
t -0.976225 0.216643 0.00706756
bt -0.0860459 -0.926237 0.36699
t -0.716304 0.497892 -0.488889
bt -0.160544 -0.971113 -0.176538
t -0.845137 0.043526 -0.532775
bt -0.219421 -0.946153 0.23801
t -0.877451 0.461507 0.130734
bt -0.467549 -0.883354 -0.0329091
t -0.86339 -0.378063 0.334104
bt 0.591709 -0.641427 -0.488315
t -0.806373 0.590966 -0.0228408
bt 0.004887 -0.84605 0.533081
t -0.767353 0.352753 0.535476
bt -0.701818 -0.64323 -0.306115
t -0.620697 0.178033 0.763571
bt -0.805843 -0.440931 -0.395217
t -0.578419 0.526996 0.622661
bt -0.918613 -0.390423 0.0609909
t -0.834255 0.484601 0.263022
bt -0.93819 -0.328031 -0.110434
t -0.73808 0.598416 0.311666
bt 0.0975666 -0.900738 -0.423263
t -0.703356 0.408731 0.581575
bt -0.232614 -0.816864 -0.527849
t -0.669856 0.270575 0.691435
bt 0.340907 -0.756107 0.558646
t -0.741006 0.314778 0.593148
bt -0.00935963 -0.98395 0.1782
t -0.770333 0.564194 0.297105
bt -0.779185 -0.580986 -0.235216
t -0.721929 0.484767 -0.493781
bt -0.707497 -0.454252 -0.54139
t -0.543087 0.268242 0.795677
bt 0.404694 -0.745652 0.529363
t -0.53529 0.25381 0.805633
bt -0.299866 -0.90112 0.313151
t -0.751889 0.224701 0.619817
bt 0.0695969 -0.997071 0.0317208
t -0.36297 0.218944 0.905713
bt -0.302439 -0.908768 0.287528
t -0.752781 0.217771 0.621206
bt -0.611665 -0.5477 0.570868
t -0.835418 0.17588 0.520713
bt -0.89358 -0.436732 -0.103823
t -0.752821 0.222983 0.619306
bt -0.586826 -0.537483 0.605596
t -0.704589 0.306887 0.639824
bt -0.926322 -0.359462 -0.112757
t -0.611762 0.00141095 0.79104
bt 0.452243 -0.865851 0.213957
t -0.568689 -0.000553448 0.822553
bt 0.233352 -0.966132 -0.110159
t -0.563004 0.0342806 0.825743
bt -0.119085 -0.975991 -0.182371
t -0.523035 -0.0178213 0.852125
bt -0.218938 -0.945599 -0.240641
t -0.591591 0.1278 0.796045
bt 0.160819 -0.984975 -0.0629486
t -0.502594 0.0770008 0.861087
bt -0.372671 -0.893637 -0.25006
t -0.259965 0.120205 0.958107
bt -0.185333 -0.930951 -0.314613
t -0.200909 0.0136671 0.979515
bt -0.52259 -0.802344 -0.288347
t 0.0682013 -0.064113 0.995609
bt -0.653583 -0.657593 -0.374702
t -0.630721 0.176814 0.755597
bt -0.474188 -0.557879 0.681114
t -0.665975 -0.0901893 0.740502
bt -0.252368 -0.952885 -0.168285
t -0.853326 -0.0683914 0.516872
bt -0.248736 -0.829082 -0.500753

