g sponza_114
t 0 0 1
bt -0.0973945 -0.995243 -0.00229574
t 0 0 1
bt -0.0973947 -0.995246 0
t 0 0 1
bt -0.164705 -0.986342 -0.00153403
t 0 0 1
bt -0.172904 -0.984938 -0.00145596
t 0 0 1
bt -0.67843 -0.734108 0.0286009
t 0 0 1
bt -0.674573 -0.729935 0.110209
t 0 0 1
bt -0.67843 -0.734108 0.0286009
t 0 0 1
bt -0.67843 -0.734108 0.0286009
t 0 0 1
bt 0.564881 -0.825172 0.00133243
t 0 0 1
bt 0.564881 -0.825172 0
t 0 0 1
bt 0.564881 -0.825172 0.00133243
t 0 0 1
bt 0.564881 -0.825172 0.00133243
t 0 0 1
bt -0.606821 -0.794828 0.00404353
t 0 0 1
bt -0.606826 -0.794834 0
t 0 0 1
bt -0.606821 -0.794828 0.00404353
t 0 0 1
bt -0.606821 -0.794828 0.00404353
t 0 0 1
bt 0.606825 -0.794832 -0.00243832
t 0 0 1
bt 0.606826 -0.794834 0
t 0 0 1
bt 0.606825 -0.794832 -0.00243832
t 0 0 1
bt 0.606825 -0.794832 -0.00243832
t 0 0 1
bt -0.313106 -0.949718 -3.26533e-06
t 0 0 1
bt -0.298895 -0.954286 7.9048e-05
t 0 0 1
bt -0.365003 -0.931007 -0.00012342
t 0 0 1
bt -0.365003 -0.931007 -0.00012342
t -0.595038 0.147223 0.790098
bt -0.055087 -0.947405 -0.31526
t -0.658483 -0.210938 0.72243
bt -0.0660635 -0.949138 -0.307852
t -0.554864 0.330247 0.763585
bt -0.0176637 -0.975454 -0.219496
t -0.554864 0.330247 0.763585
bt -0.0176637 -0.975454 -0.219496
t -0.61019 -0.250554 0.751592
bt -0.00997732 -0.999744 0.0203328
t -0.590879 -0.346325 0.728644
bt -0.00212516 -0.999941 0.0106887
t -0.610084 -0.250553 0.751678
bt -0.00997497 -0.999744 0.0203347
t -0.610296 -0.250554 0.751506
bt -0.00997967 -0.999744 0.0203309
t -0.830697 -0.299277 0.469442
bt -0.107457 -0.529382 -0.841551
t -0.631478 -8.66506e-05 0.775394
bt -0.0313986 -0.493515 -0.86917
t -0.830607 -0.299411 0.469515
bt -0.107536 -0.529262 -0.841616
t -0.830607 -0.299411 0.469515
bt -0.107536 -0.529262 -0.841616
t -0.631534 2.78539e-06 0.775348
bt 0.0254125 -0.48342 0.87502
t -0.865218 0.456773 0.206776
bt 0.0262376 -0.48357 0.874913
t -0.631464 0.000110247 0.775405
bt 0.025455 -0.483355 0.875054
t -0.631503 5.10318e-05 0.775374
bt 0.0254112 -0.483422 0.875019
t -0.741361 -0.350194 0.572493
bt -0.063573 -0.755958 -0.651526
t -0.721077 -0.247378 0.647187
bt -0.0807727 -0.764812 -0.63917
t -0.71338 -0.35872 0.602005
bt -0.0391762 -0.816637 -0.57582
t -0.708228 -0.315112 0.631757
bt -0.0406616 -0.821582 -0.568639
t 0 0 1
bt 0 -1 0
t 0 0 1
bt 0 -1 -0.000342766
t 0 0 1
bt 0 -1 0
t 0 0 1
bt 0 -1 0
t 1 0 9.99822e-05
bt 0.00159068 0 -0.999999
t 1 0 0.000797016
bt -0.00746388 0 -0.999972
t 1 0 0.0003323
bt -0.00640343 0 -0.999979
t 1 0 9.99822e-05
bt 0.00159068 0 -0.999999
t -0.836201 0.395511 0.37992
bt 0.0933984 -0.568938 0.81706
t -0.81942 0.568035 0.0767236
bt 0.0603925 -0.552769 0.831143
t -0.836069 0.395686 0.380027
bt 0.0934765 -0.568834 0.817123
t -0.836201 0.395511 0.37992
bt 0.0933984 -0.568938 0.81706
t -0.652215 -0.0194199 0.757785
bt -0.498159 -0.567483 -0.655592
t -0.631282 6.58385e-05 0.775554
bt -0.522383 -0.570978 -0.633325
t -0.65206 -0.0197032 0.757912
bt -0.49815 -0.567498 -0.655585
t -0.652152 -0.0195349 0.757836
bt -0.498166 -0.56747 -0.655598
t -1 0 -4.79892e-05
bt -0.00124273 0 0.999999
t -0.999965 0 -0.00842612
bt 0 0 1
t -1 0 -4.79892e-05
bt -0.00124273 0 0.999999
t -1 0 -4.79892e-05
bt -0.00124273 0 0.999999
t 1 0 0.000796937
bt -0.0223904 0 -0.999749
t 1 0 0
bt 0 -0.992871 -0.119196
t 1 8.82335e-06 1.88295e-06
bt -0.00124779 -0.978021 -0.208503
t 1 2.83301e-06 5.79609e-07
bt 0 -0.979694 -0.200499
t 1 0 0
bt 0 -0.992871 -0.119196
t 1 0 0
bt 0.0809545 -0.658718 -0.748022
t 1 0 0
bt 0.0208936 -0.660743 -0.750322
t 1 0 0
bt 0.0809545 -0.658718 -0.748022
t 1 0 0
bt 0.0809545 -0.658718 -0.748022
t 1 0 0
bt 0.000967368 -0.765287 0.643689
t 1 0 0
bt 0 -0.765287 0.643689
t 1 0 0
bt 0.000967368 -0.765287 0.643689
t 1 0 0
bt 0.000967368 -0.765287 0.643689
t 1 0 0
bt 0 -0.729444 -0.684041
t 1 -5.0578e-06 -4.7442e-06
bt 0.00300571 -0.72944 -0.684038
t 1 0 0
bt 0 -0.729394 -0.684094
t 1 0 0
bt 0 -0.729394 -0.684094
t 1 5.05291e-06 -4.73892e-06
bt -0.0017295 -0.729393 0.684093
t 1 5.86569e-06 -5.50119e-06
bt 0 -0.729394 0.684094
t 1 5.05291e-06 -4.73892e-06
bt -0.0017295 -0.729393 0.684093
t 1 5.05291e-06 -4.73892e-06
bt -0.0017295 -0.729393 0.684093
t 1 0 0
bt 6.49921e-05 -0.92836 -0.371683
t 1 0 0
bt -8.63443e-05 -0.90091 -0.434005
t 1 0 0
bt 0 -0.90091 -0.434005
t 1 4.82581e-06 1.85172e-06
bt 0 -0.933573 -0.358388
t 0.587815 -0.22317 -0.777604
bt -0.173914 -0.984314 -0.0296559
t 0.63609 0.317626 -0.703209
bt -0.173914 -0.984314 -0.0296559
t 0.572374 -0.215117 -0.791272
bt -0.268054 -0.96123 -0.0646822
t 0.553916 -0.262968 -0.789952
bt -0.27286 -0.959971 -0.0632641
t 0.612036 -0.250746 -0.750026
bt 0.0165685 -0.999787 -0.0122807
t 0.593587 -0.346461 -0.726374
bt 0.00865205 -0.999959 -0.0025501
t 0.612036 -0.250746 -0.750026
bt 0.0165685 -0.999787 -0.0122807
t 0.611872 -0.250747 -0.750159
bt 0.0165653 -0.999787 -0.0122833
t 0.631225 -8.71761e-06 -0.7756
bt -0.810156 -0.58148 -0.0743527
t 0.302152 -0.291558 -0.907578
bt -0.79346 -0.59623 -0.122195
t 0.631296 -0.00011529 -0.775542
bt -0.810193 -0.581424 -0.074383
t 0.631186 5.00799e-05 -0.775632
bt -0.81016 -0.581475 -0.0743557
t 0.631318 0.000150352 -0.775524
bt 0.826815 -0.561266 0.0368406
t 0.0566932 0.440653 -0.895886
bt 0.826793 -0.561293 0.0369271
t 0.63142 0.000306047 -0.775441
bt 0.826896 -0.561142 0.0369065
t 0.631208 -1.63468e-05 -0.775613
bt 0.826806 -0.56128 0.0368328
t 0.499264 -0.27029 -0.823213
bt -0.487338 -0.869949 -0.0754339
t 0.458339 -0.338755 -0.821687
bt -0.489426 -0.869733 -0.0634512
t 0.498726 -0.230654 -0.835507
bt -0.56162 -0.821011 -0.102586
t 0.498604 -0.230558 -0.835606
bt -0.561552 -0.821064 -0.102531
t 1 0 0
bt 0 -1 0
t 1 0 0
bt -0.000235274 -1 0
t 1 0 0
bt 0 -1 0
t 1 0 0
bt 0 -1 0
t 0.00039902 0 1
bt -1 0 0
t 7.23438e-05 0 1
bt -0.999997 0 0.00240074
t 0.000399092 0 1
bt -0.999934 0 -0.011452
t 0.000399092 0 1
bt -0.999934 0 -0.011452
t 0.336324 0.293859 -0.894725
bt 0.7598 -0.639987 0.114546
t -0.0184751 0.531325 -0.846967
bt 0.766134 -0.635042 0.098798
t 0.33634 0.29388 -0.894712
bt 0.759765 -0.640033 0.114518
t 0.33634 0.29388 -0.894712
bt 0.759765 -0.640033 0.114518
t 0.631364 0.000199222 -0.775487
bt -0.536412 -0.572581 -0.620011
t 0.609616 -0.0197007 -0.792452
bt -0.51543 -0.56997 -0.639895
t 0.631427 8.44442e-05 -0.775436
bt -0.536408 -0.572588 -0.620008
t 0.631427 8.44442e-05 -0.775436
bt -0.536408 -0.572588 -0.620008
t -3.47566e-05 0 -1
bt 0.999998 0 -0.00191962
t -0.00457415 0 -0.99999
bt 1 0 -1.17553e-05
t -3.47566e-05 0 -1
bt 0.999998 0 -0.00191962
t -3.47566e-05 0 -1
bt 0.999998 0 -0.00191962
t 0.000399235 0 1
bt -0.99941 0 -0.0343516

