g sponza_256
t -0.412113 -0.90844 -0.0699906
bt -0.300589 0.146029 0.942508
t -0.413513 -0.9081 0.0660408
bt 0.300899 -0.145643 0.942469
t -0.33383 -0.942436 0.0192999
bt 0.310281 -0.111751 0.944054
t -0.346859 -0.937696 0.0203714
bt -0.27392 0.207251 0.939156
t -0.610428 -0.78011 -0.137136
bt -0.628367 0.573709 0.52537
t -0.415608 -0.907556 -0.0600903
bt -0.295316 0.157032 0.942406
t -0.587601 -0.805833 -0.0732077
bt -0.633246 0.622099 0.460427
t -0.96229 -0.265672 -0.0584464
bt -0.101312 0.424591 0.899699
t -0.895705 -0.44448 0.0122629
bt -0.407968 0.0204805 0.912767
t -0.858422 -0.512919 -0.00517554
bt -0.0189753 0.200369 0.979537
t -0.961619 -0.259993 -0.0877052
bt -0.0781019 0.498032 0.863634
t -0.586218 -0.809952 -0.0180457
bt -0.183503 0.249609 0.950801
t -0.771156 -0.617465 -0.155097
bt -0.514135 0.585304 0.626965
t -0.826505 -0.52952 -0.191044
bt -0.301275 0.630518 0.715318
t -0.682004 -0.730395 -0.0373279
bt -0.106621 0.26937 0.957116
t -0.910478 -0.373174 -0.178243
bt -0.0541099 0.577921 0.814297
t -0.810591 -0.585387 0.0162995
bt 0.0825438 0.313163 0.946105
t -0.742005 -0.668138 -0.0549524
bt -0.031163 0.286112 0.957689
t -0.870298 -0.453369 -0.192453
bt -0.11223 0.63379 0.76532
t -0.811234 -0.584306 0.0220483
bt 0.0888376 0.317217 0.944183
t -0.447734 -0.893322 0.0388708
bt -0.241331 0.262026 0.934399
t -0.802725 -0.594959 -0.0407089
bt -0.124366 0.170933 0.977402
t -0.802706 -0.594976 0.0408228
bt 0.124366 -0.170933 0.977402
t -0.756655 -0.653118 -0.0301775
bt 0.0218216 -0.293627 0.955671
t -0.602912 -0.796142 -0.051534
bt 0.151 -0.290963 0.944743
t -0.43411 -0.900847 -0.00486842
bt -0.300799 0.145595 0.942508
t -0.45856 -0.680772 -0.571203
bt -0.124409 -0.857113 0.499879
t -0.509766 -0.462549 -0.725388
bt -0.162416 -0.802734 0.573794
t -0.936346 -0.247095 -0.2494
bt -0.0198797 -0.902976 0.429231
t -0.911884 -0.351641 -0.211698
bt 0.00568055 -0.939677 0.342015
t -0.85851 -0.512779 0.00428688
bt -0.0134375 -0.218857 0.975664
t -0.89934 -0.416951 -0.13168
bt -0.0223674 -0.249101 0.968219
t -0.970269 -0.241929 0.00700303
bt -0.0019931 -0.447318 0.894373
t -0.976163 -0.216809 0.0100154
bt -0.00457988 -0.512824 0.858482
t -0.957357 -0.268015 -0.10787
bt -0.0386394 -0.730601 0.68171
t -0.949791 -0.258112 -0.176848
bt -0.0267877 -0.811338 0.583964
t -0.602912 -0.796142 -0.051534
bt 0.151 -0.290963 0.944743
t -0.710445 -0.689773 -0.139577
bt -0.0359989 -0.402171 0.914856
t -0.756655 -0.653118 -0.0301775
bt 0.0218216 -0.293627 0.955671
t -0.816474 -0.570838 -0.086684
bt -0.176433 -0.372148 0.911251
t -0.967711 -0.251882 -0.00953989
bt -0.0357561 -0.594142 0.803565
t -0.959006 -0.280886 -0.0375719
bt -0.0431648 -0.666312 0.744422
t -0.814104 -0.57839 -0.0519682
bt -0.105424 -0.327852 0.938828
t -0.635525 -0.642439 -0.42823
bt -0.273295 -0.712984 0.645727
t -0.975081 0.217316 0.0446253
bt 0.0174567 -0.45029 0.892712
t -0.979528 0.20044 0.0186552
bt 0.0103091 -0.513716 0.857898
t -0.961228 0.239698 0.13633
bt 0.042874 -0.73127 0.68074
t -0.953224 0.223021 0.204022
bt 0.000160168 -0.806728 0.590924
t -0.965981 0.2458 0.0803897
bt 0.0423276 -0.666127 0.744636
t -0.972724 0.227607 0.0447589
bt 0.0374448 -0.594396 0.8033
t -0.938898 0.223339 0.261898
bt -0.017272 -0.897284 0.441116
t -0.51925 0.522199 0.676526
bt 0.144631 -0.787046 0.5997
t -0.457505 0.695599 0.553923
bt 0.118817 -0.851973 0.509926
t -0.908058 0.364998 0.205444
bt -0.0136675 -0.938646 0.344611
t -0.846524 0.318007 0.426929
bt 0.0680329 -0.270009 0.960451
t -0.860047 0.510061 0.012507
bt 0.0847607 -0.258388 0.962316
t -0.637186 0.66586 0.388103
bt 0.134317 -0.598782 0.789569
t -0.716095 0.649463 0.255744
bt 0.186051 -0.525702 0.830074
t -0.814046 0.578551 0.051072
bt 0.152904 -0.357625 0.921262
t -0.766585 0.628347 0.132393
bt 0.177108 -0.442841 0.878934
t -0.89934 -0.416951 -0.13168
bt -0.0223674 -0.249101 0.968219
t -0.85851 -0.512779 0.00428688
bt -0.0134375 -0.218857 0.975664
t -0.710445 -0.689773 -0.139577
bt -0.0359989 -0.402171 0.914856
t -0.807015 -0.590407 0.0120753
bt 0.124366 -0.170933 0.977402
t -0.803606 -0.594118 -0.0352217
bt -0.124366 0.170933 0.977402
t -0.12921 -0.990172 0.0535185
bt -0.91723 0.119811 0.379915
t 0 -1 0
bt -0.373433 0.218551 0.901545
t -0.0357583 -0.995624 0.0863315
bt -0.381457 0.0799995 0.920918
t -0.12921 -0.990172 0.0535185
bt -0.91723 0.119811 0.379915
t 0 -1 0
bt 0 0 1
t 0 -1 0
bt 0 0 1
t -0.915329 -0.135693 -0.379158
bt 0 -1 0
t -0.91855 0.1072 0.380492
bt 0 -1 0
t -0.91855 0.1072 0.380492
bt 0 -1 0
t -0.912864 -0.153923 -0.378137
bt 0.0229179 -0.999692 0.00949254
t -0.640846 -0.422651 -0.640846
bt 0.0568958 -0.996758 0.0568958
t -0.640846 -0.422651 -0.640846
bt 0.0568958 -0.996758 0.0568958
t -0.659271 0.361559 0.659271
bt -0.0365398 -0.998664 0.0365398
t -0.675451 0.29586 0.675451
bt 0 -1 0
t -0.993829 0 -0.110925
bt -0.313719 0 0.949516
t -0.999911 0 -0.0133316
bt -0.0023647 0 0.999997
t -0.997153 0 -0.0754087
bt -0.211532 0 0.977371
t -0.993829 0 -0.110925
bt -0.313719 0 0.949516
t -0.995719 0 -0.0924302
bt -0.0385128 0 0.999258
t -0.995758 0 -0.092007
bt -0.0385128 0 0.999258
t -0.994151 0 -0.107995
bt -0.0330277 0 0.999454
t -0.995186 0 0.0980066
bt 0.0272846 0 0.999628
t -0.995186 0 0.0980066
bt 0.0220552 0 0.999757
t -0.996006 0 -0.0892826
bt -0.0412491 0 0.999149
t -0.995719 0 -0.0924302
bt -0.0385128 0 0.999258
t -0.995758 0 -0.092007
bt -0.0385128 0 0.999258
t -0.946383 0 0.323046
bt 0.0145927 0 0.999894
t -0.95667 0 0.291175
bt 0.0743296 0 0.997234
t 0 -1 0
bt -0.923885 0 0.382671
t 0 -1 0
bt -0.923885 0 0.382671
t 0 -1 0
bt -0.707157 0 0.707057
t 0 -1 0
bt -0.707157 0 0.707057
t 0 -1 0
bt 0 0 1
t 0 -1 0
bt 0 0 1
t 0 -1 0
bt 0 0 1
t 0 -1 0
bt 0 0 1
t -0.917203 -0.12031 -0.379822
bt 0 -1 0
t -0.917203 -0.12031 -0.379822
bt 0 -1 0
t -0.923913 0 0.382602
bt 0 -1 0
t -0.917946 0.113476 0.38013
bt 0 -1 0
t -0.667176 -0.331668 -0.666987
bt 0 -1 0
t -0.707207 0 -0.707007
bt -0.0279188 -0.99922 -0.0279109
t -0.671665 0.313031 0.671475
bt 0 -1 0
t -0.671665 0.313031 0.671475
bt 0 -1 0
t 0.419645 -0.9064 0.0483373
bt 0.300791 0.145931 -0.942459
t 0.41349 -0.908109 -0.0660554
bt -0.300931 -0.145642 -0.942459
t 0.333831 -0.942436 -0.019298
bt -0.310281 -0.111751 -0.944054
t 0.328026 -0.943967 0.0364127
bt 0.309949 0.11267 -0.944054
t 0.803065 -0.594618 0.0389399
bt 0.124366 0.170954 -0.977399
t 0.809769 -0.58668 0.00900216
bt -0.0184875 -0.245764 -0.969153
t 0.756661 -0.653109 0.0302195
bt -0.0217826 -0.293658 -0.955662
t 0.746126 -0.664932 0.0340754
bt 0.157501 0.179751 -0.971022
t 0.579531 -0.81383 0.0427188
bt 0.239445 0.175357 -0.954943
t 0.602905 -0.796147 0.051536
bt -0.15089 -0.290936 -0.944769
t 0.458553 -0.680884 0.571074
bt 0.124379 -0.857086 -0.499934
t 0.509674 -0.462627 0.725402
bt 0.162404 -0.802711 -0.573829
t 0.936343 -0.247118 0.249388
bt 0.0198179 -0.902968 -0.429251
t 0.91188 -0.351656 0.211691
bt -0.00574696 -0.939669 -0.342037
t 0.858509 -0.512781 -0.0042965
bt 0.0135013 -0.218893 -0.975655
t 0.89934 -0.416949 0.131688
bt 0.0224214 -0.249126 -0.968211
t 0.970267 -0.241937 -0.0070191
bt 0.00209889 -0.447338 -0.894362
t 0.976162 -0.216811 -0.0100183
bt 0.00464782 -0.512834 -0.858475
t 0.957353 -0.268037 0.107848
bt 0.03878 -0.730624 -0.681678
t 0.94976 -0.25819 0.176899
bt 0.0269865 -0.811372 -0.583906
t 0.602905 -0.796147 0.051536
bt -0.15089 -0.290936 -0.944769
t 0.710434 -0.689791 0.139543
bt 0.036142 -0.40218 -0.914847
t 0.756661 -0.653109 0.0302195
bt -0.0217826 -0.293658 -0.955662
t 0.809769 -0.58668 0.00900216
bt -0.0184875 -0.245764 -0.969153
t 0.967707 -0.251896 0.00951859
bt 0.0358077 -0.594149 -0.803557
t 0.958996 -0.280924 0.037524
bt 0.0432241 -0.666322 -0.744411
t 0.635502 -0.642456 0.428239
bt 0.273304 -0.712931 -0.645782
t 0.976681 0.192062 -0.0959542
bt -0.032909 -0.453148 -0.890828
t 0.983225 0.156573 -0.0935597
bt -0.0212417 -0.51537 -0.856704
t 0.964276 0.182768 -0.191749
bt -0.0507714 -0.732478 -0.678895
t 0.954911 0.175453 -0.239501
bt -0.040482 -0.813415 -0.580273
t 0.971017 0.179544 -0.157764
bt -0.0392311 -0.665687 -0.745199
t 0.977398 0.170644 -0.124792
bt -0.0440441 -0.59538 -0.802236
t 0.942464 0.145678 -0.300898
bt -0.0266029 -0.903814 -0.427098
t 0.944015 0.112248 -0.310219
bt -0.0362361 -0.943952 -0.328089
t 0.890779 -0.453216 0.0332831
bt 0.0959542 0.192062 -0.976681
t 0.89934 -0.416949 0.131688
bt 0.0224214 -0.249126 -0.968211
t 0.858509 -0.512781 -0.0042965
bt 0.0135013 -0.218893 -0.975655
t 0.856163 -0.516056 0.0259116
bt 0.0934054 0.156665 -0.983225
t 0.680458 -0.731459 0.0440942
bt 0.19175 0.182767 -0.964276
t 0.710434 -0.689791 0.139543
bt 0.036142 -0.40218 -0.914847
t 0 -1 0
bt 0 0 -1
t 0 -1 0
bt 0 0 -1
t 0 -1 0
bt 0 0 -1
t 0 -1 0
bt 0 0 -1
t 0.915327 -0.135708 0.379157
bt 0 -1 0
t 0.923869 0 -0.38271
bt 0 -1 0
t 0.923869 0 -0.38271
bt 0 -1 0
t 0.912861 -0.153939 0.378136
bt -0.022915 -0.999692 -0.00949136
t 0.640836 -0.422681 0.640836
bt -0.0568908 -0.996758 -0.0568908
t 0.640836 -0.422681 0.640836
bt -0.0568908 -0.996758 -0.0568908
t 0.999992 0 0.00408756
bt 0 0 -1
t 0.995718 0 0.0924428
bt 0.0385324 0 -0.999257
t 0.995757 0 0.0920186
bt 0.0385324 0 -0.999257
t 0.999992 0 0.00408756
bt 0 0 -1
t 0.994146 0 0.108045
bt 0.0329629 0 -0.999457
t 1 0 0
bt -0.0038111 0 -0.999993
t 1 0 0
bt 0.00403368 0 -0.999992
t 0.996005 0 0.0892939
bt 0.0412213 0 -0.99915
t 0.995718 0 0.0924428
bt 0.0385324 0 -0.999257
t 0.995757 0 0.0920186
bt 0.0385324 0 -0.999257
t 0 -1 0
bt 0 0 -1
t 0 -1 0
bt 0 0 -1
t 0 -1 0
bt 0 0 -1
t 0 -1 0
bt 0 0 -1
t 0.917204 -0.120301 0.379823
bt 0 -1 0
t 0.917204 -0.120301 0.379823
bt 0 -1 0
t 0.923869 0 -0.38271
bt 0 -1 0
t 0.923869 0 -0.38271
bt 0 -1 0
t 0.667186 -0.331628 0.666997
bt 0 -1 0
t 0.707207 0 0.707007
bt 0.0279226 -0.99922 0.0279147
t -0.999804 0 0.019809
bt 0 0 1
t -0.999796 0 -0.0202162
bt 0 0 1
t -0.999912 0 0.0132722
bt 0 0 1
t -0.99995 0 0.00995492
bt 4.99188e-05 0 1
t -1 0 0.000435937
bt -0.0649002 0 0.997892
t -1 0 0.000132245
bt 6.65584e-05 0 1
t -0.997863 0 -0.0653425
bt 0.000435959 0 1
t -1 0 2.91313e-06
bt 0.000199675 0 1

