g sponza_125
t -0.137138 0.614727 -0.776726
bt 0.997607 -0.00953097 -0.0684828
t 0.137065 0.614037 -0.777285
bt 0.992016 0.0311023 0.122214
t -0.0444005 0.604925 -0.795044
bt 0.992211 0.0302816 0.120833
t -0.13718 0.614066 -0.777242
bt 0.99776 -0.00702655 -0.0665266
t 0.394767 0.613982 -0.68351
bt 0.883382 0.0284737 0.467787
t 0.230916 0.603781 -0.762972
bt 0.883381 0.0284708 0.46779
t 0.604611 0.614038 -0.507349
bt 0.670103 0.0284568 0.741722
t 0.477925 0.603838 -0.63794
bt 0.670112 0.028466 0.741714
t 0.741661 0.614076 -0.269904
bt 0.35265 0.0325377 0.935189
t 0.690339 0.605257 -0.396353
bt 0.349347 0.0354216 0.936324
t 0.776757 0.614713 -0.137028
bt 0.0457587 0.00955946 0.998907
t 0.784925 0.617874 -0.0460879
bt 0.0409048 0.014875 0.999052
t -0.77672 0.614762 0.137019
bt 0.0457587 -0.00955824 0.998907
t -0.741662 0.614076 0.269903
bt 0.269556 0.0355028 0.96233
t -0.769055 0.612616 0.18236
bt 0.265251 0.033277 0.963605
t -0.784887 0.617923 0.046085
bt 0.0409048 -0.0148731 0.999052
t -0.604582 0.614086 0.507325
bt 0.614075 0.0284456 0.788735
t -0.711245 0.603883 0.3598
bt 0.614072 0.0284484 0.788737
t -0.394746 0.614035 0.683473
bt 0.846814 0.0284847 0.531126
t -0.545319 0.603825 0.581397
bt 0.84682 0.0284756 0.531116
t -0.137059 0.614085 0.777248
bt 0.97936 0.0301175 0.199866
t -0.228033 0.610635 0.75837
bt 0.979554 0.0311264 0.198761
t 0.137129 0.614789 0.776679
bt 0.997607 0.00952615 -0.0684803
t 0.137174 0.614066 0.777243
bt 0.99776 0.00702655 -0.0665266
t -0.0103951 0.998981 -0.0439194
bt 0.99695 -0.000750225 -0.0780423
t 0.00780801 0.998982 -0.0444207
bt 0.987075 0.00286023 0.160233
t -0.00234516 0.998931 -0.0461687
bt 0.987107 0.00286827 0.160034
t -0.00784258 0.998982 -0.0444242
bt 0.996989 -0.000746781 -0.0775439
t 0.0225296 0.998982 -0.0390713
bt 0.866069 0.00264912 0.499917
t 0.0136234 0.998929 -0.0442107
bt 0.866069 0.00264911 0.499917
t 0.0345638 0.998982 -0.0289713
bt 0.64284 0.00265051 0.765996
t 0.0279331 0.99893 -0.0368705
bt 0.642839 0.0026495 0.765996
t 0.0392496 0.998913 -0.0251494
bt 0.308844 0.00319137 0.951107
t 0.0426873 0.998967 -0.0155446
bt 0.308156 0.00324806 0.95133
t 0.0441638 0.998941 -0.0129335
bt 0.0268733 0.00113668 0.999638
t 0.0444112 0.998983 -0.00782804
bt 0.025775 0.00115173 0.999667
t -0.00631233 0.9934 0.114529
bt 0.996945 0.00196914 -0.0780814
t 0.019977 0.99343 0.112682
bt 0.996999 0.0018825 -0.0773895
t -0.019685 0.993434 0.112703
bt 0.987199 -0.00719039 0.15933
t -0.0325019 0.993333 0.110602
bt 0.987151 -0.00722565 0.159627
t -0.0569158 0.993458 0.0990086
bt 0.866345 -0.00667864 0.499402
t -0.0682584 0.993375 0.0924449
bt 0.86641 -0.00666359 0.499288
t -0.0876172 0.993435 0.0735551
bt 0.643388 -0.00667654 0.765511
t -0.0959845 0.993351 0.0635691
bt 0.643388 -0.00667606 0.765511
t -0.109606 0.993431 0.0328758
bt 0.308915 -0.00811607 0.951055
t -0.107466 0.993438 0.0391391
bt 0.3099 -0.00800277 0.950736
t -0.112862 0.993589 0.00662994
bt 0.0277942 -0.00278628 0.99961
t -0.112505 0.993453 0.0198609
bt 0.0260996 -0.00296781 0.999655
t -0.137015 0.614362 0.777037
bt -0.973054 -0.0250118 -0.229218
t -0.394614 0.614035 0.68355
bt -0.883391 0.0284321 -0.467773
t -0.230846 0.603834 0.762951
bt -0.883391 0.0284317 -0.467773
t -0.137071 0.613996 0.777316
bt -0.972735 -0.0229354 -0.230783
t -0.604564 0.614038 0.507406
bt -0.670104 0.0284578 -0.741721
t -0.477808 0.603875 0.637992
bt -0.670105 0.0284551 -0.741721
t -0.741736 0.613961 0.269961
bt -0.376049 0.0284363 -0.926163
t -0.697421 0.609942 0.376265
bt -0.376019 0.0284647 -0.926175
t -0.782622 0.618774 0.0679721
bt -0.153264 0.0262127 -0.987838
t -0.782889 0.618434 0.0680044
bt -0.154054 0.0252211 -0.987741
t 0.741693 0.61402 -0.269946
bt -0.376012 -0.0284587 -0.926178
t 0.604535 0.614086 -0.507382
bt -0.61408 0.028441 -0.788731
t 0.711231 0.603886 -0.359823
bt -0.61407 0.0284503 -0.788739
t 0.763316 0.612587 -0.20515
bt -0.376019 -0.0284647 -0.926175
t 0.394596 0.614084 -0.683517
bt -0.803366 0.084665 -0.589436
t 0.613764 0.591279 -0.523146
bt -0.803367 0.0846637 -0.589435
t 0.394595 0.614084 -0.683517
bt -0.912166 -0.0846123 -0.400992
t 0.137007 0.614423 -0.77699
bt -0.973058 0.0250311 -0.229199
t 0.313454 0.606416 -0.730757
bt -0.972739 0.0229522 -0.230765
t 0.394595 0.614084 -0.683517
bt -0.912166 -0.0846123 -0.400992
t -0.0679597 0.618449 -0.78288
bt -0.998428 0.0555086 -0.00774586
t 0.0688415 0.614114 -0.786209
bt -0.999155 0.0182436 0.0368303
t -0.00786422 0.998982 0.0444225
bt -0.979836 -0.00224336 -0.19979
t -0.0225571 0.998982 0.0390554
bt -0.866069 0.00264936 -0.499917
t -0.0136568 0.99893 0.0441914
bt -0.866069 0.00264944 -0.499917
t -0.0130785 0.997146 0.0743581
bt -0.985076 -0.00595396 -0.172017
t -0.034559 0.998982 0.028977
bt -0.64284 0.00264983 -0.765996
t -0.0279383 0.99893 0.0368642
bt -0.64284 0.00264993 -0.765996
t -0.038863 0.99893 0.0250832
bt -0.34217 0.00264636 -0.939634
t -0.0423837 0.998982 0.0154187
bt -0.34217 0.00264691 -0.939634
t -0.0428334 0.998962 0.0154758
bt -0.121722 0.00233707 -0.992561
t -0.0444585 0.999004 0.00386651
bt -0.121917 0.00233792 -0.992538
t 0.0198915 0.993441 -0.112601
bt -0.980123 -0.0168594 -0.197674
t -0.00980528 0.993579 -0.112717
bt -0.998171 0.00430973 0.0602991
t 0.000157204 0.99356 -0.11331
bt -0.998195 0.00428225 0.0599008
t 0.0198914 0.993441 -0.1126
bt -0.979867 -0.00566527 -0.199573
t 0.0584987 0.992786 -0.104659
bt -0.979339 0.0169367 -0.201515
t 0.0573497 0.993423 -0.0991065
bt -0.866391 -0.00668663 -0.499322
t 0.0686364 0.993337 -0.0925784
bt -0.866391 -0.00668562 -0.499322
t 0.0877101 0.993435 -0.0734443
bt -0.643388 -0.00667457 -0.765511
t 0.0960568 0.993349 -0.0634827
bt -0.643388 -0.00667434 -0.765511
t 0.107409 0.993446 -0.0390939
bt -0.342766 -0.00666913 -0.939397
t 0.107409 0.993446 -0.0390939
bt -0.342766 -0.00666913 -0.939397
t -0.777287 0.614037 -0.137049
bt 0.268198 -0.0993361 -0.958229
t -0.683491 0.614084 -0.39464
bt 0.400998 0.0846074 -0.912163
t -0.793138 0.591271 -0.146051
bt 0.400989 0.0846148 -0.912167
t -0.777577 0.613661 -0.137089
bt 0.265675 -0.102829 -0.958563
t -0.683491 0.614084 -0.39464
bt 0.589437 -0.0846659 -0.803365
t -0.50736 0.614038 -0.604602
bt 0.741713 0.0284675 -0.670113
t -0.637977 0.603832 -0.477883
bt 0.741718 0.0284616 -0.670108
t -0.683491 0.614084 -0.39464
bt 0.589437 -0.0846659 -0.803365
t -0.270055 0.614044 -0.741634
bt 0.93195 0.0310711 -0.361253
t -0.396344 0.606294 -0.689433
bt 0.932718 0.032713 -0.35912
t -0.137138 0.614727 -0.776726
bt 0.997607 -0.00953097 -0.0684828
t -0.13718 0.614066 -0.777242
bt 0.99776 -0.00702655 -0.0665266
t 0.137129 0.614789 0.776679
bt 0.997607 0.00952615 -0.0684803
t 0.270039 0.614102 0.741591
bt 0.95842 0.0328326 -0.283465
t 0.182664 0.612091 0.769401
bt 0.959307 0.0317409 -0.280575
t 0.137174 0.614066 0.777243
bt 0.99776 0.00702655 -0.0665266
t 0.50736 0.614038 0.604602
bt 0.788734 0.0284487 -0.614075
t 0.359913 0.603845 0.711221
bt 0.788732 0.0284457 -0.614079
t 0.68347 0.614115 0.394628
bt 0.531161 0.0284079 -0.846794
t 0.581352 0.60392 0.545262
bt 0.531168 0.0284138 -0.84679
t 0.777241 0.614099 0.13704
bt 0.268174 0.0993711 -0.958232
t 0.705776 0.586138 0.397898
bt 0.265676 0.102816 -0.958564
t -0.0444407 0.998981 -0.00782644
bt 0.140244 -0.00954435 -0.990071
t -0.0390605 0.998982 -0.0225483
bt 0.499917 0.00264978 -0.866069
t -0.0442067 0.99893 -0.0136305
bt 0.499917 0.00264982 -0.866069
t -0.044643 0.998972 -0.00785489
bt 0.139691 -0.00961399 -0.990148
t -0.0289825 0.998982 -0.0345544
bt 0.765996 0.0026501 -0.642839
t -0.0368707 0.99893 -0.0279329
bt 0.765996 0.00265086 -0.64284
t -0.0251293 0.998919 -0.0391036
bt 0.947123 0.00299611 -0.320856
t -0.015551 0.998968 -0.0426681
bt 0.947253 0.00303458 -0.320472
t -0.0103951 0.998981 -0.0439194
bt 0.99695 -0.000750225 -0.0780423
t -0.00784258 0.998982 -0.0444242
bt 0.996989 -0.000746781 -0.0775439
t 0.107073 0.992536 0.0583734
bt 0.142692 0.0240283 -0.989475
t 0.112552 0.99345 0.0197363
bt 0.14163 0.0241397 -0.989625
t 0.0990544 0.993434 0.0572425
bt 0.499322 -0.00668106 -0.866391
t 0.0925302 0.993349 0.0685227
bt 0.499322 -0.00668001 -0.866391
t 0.073401 0.993446 0.0876176
bt 0.765512 -0.0066682 -0.643388
t 0.0634416 0.993361 0.0959624
bt 0.765511 -0.00666922 -0.643388
t 0.0329646 0.993416 0.109719
bt 0.947008 -0.00760275 -0.32112
t 0.0392043 0.993431 0.107504
bt 0.946806 -0.00753569 -0.321716
t -0.00631233 0.9934 0.114529
bt 0.996945 0.00196914 -0.0780814
t 0.019977 0.99343 0.112682
bt 0.996999 0.0018825 -0.0773895
t 0.784925 0.617874 -0.0460879
bt 0.0409048 0.014875 0.999052
t 0.776757 0.614713 -0.137028
bt 0.0457587 0.00955946 0.998907
t 0.77702 0.614387 0.136995
bt -0.166691 0.0235069 0.985729
t 0.777324 0.613989 0.137056
bt -0.168042 0.0253429 0.985454
t 0.683483 0.614035 0.39473
bt -0.467775 0.0284299 0.88339
t 0.76294 0.603837 0.230874
bt -0.467771 0.0284335 0.883392
t 0.507326 0.614038 0.604631
bt -0.741715 0.028465 0.670111
t 0.637935 0.603839 0.477931
bt -0.741716 0.0284638 0.67011
t 0.269905 0.61402 0.741708
bt -0.926177 0.0284602 0.376014
t 0.376193 0.609947 0.697455
bt -0.926175 0.0284632 0.376017
t 0.067963 0.618401 0.782919
bt -0.996194 0.0177278 0.0853414
t -0.000274553 0.617522 0.786554
bt -0.996302 0.0188001 0.0838438
t -0.269892 0.614068 -0.741673
bt -0.893514 -0.0846394 0.440987
t -0.507326 0.614038 -0.604631
bt -0.788738 0.0284539 0.61407
t -0.359813 0.603831 -0.711282
bt -0.788734 0.0284486 0.614076
t -0.269892 0.614068 -0.741673
bt -0.893514 -0.0846394 0.440987
t -0.683429 0.614115 -0.394699
bt -0.531162 0.0284086 0.846794
t -0.523073 0.591261 -0.613845
bt -0.58943 0.0846588 0.803371
t -0.776973 0.614449 -0.136987
bt -0.227949 0.0252005 0.973347
t -0.730875 0.60623 -0.313539
bt -0.229339 0.0233488 0.973067
t -0.68345 0.614084 -0.394711
bt -0.400992 -0.0846126 0.912166
t -0.77672 0.614762 0.137019
bt 0.0457587 -0.00955824 0.998907
t -0.784887 0.617923 0.046085
bt 0.0409048 -0.0148731 0.999052
t 0.0441638 0.998941 -0.0129335
bt 0.0268733 0.00113668 0.999638
t 0.0444306 0.998982 0.00782408
bt -0.197901 0.0022594 0.980219
t 0.0463605 0.998922 -0.00222228
bt -0.198206 0.00224916 0.980158
t 0.0444112 0.998983 -0.00782804
bt 0.025775 0.00115173 0.999667
t 0.0390693 0.998982 0.0225331
bt -0.499917 0.00264926 0.866069
t 0.0442095 0.998929 0.0136256
bt -0.499917 0.00264944 0.866069
t 0.0290176 0.998982 0.0345249
bt -0.765996 0.00265031 0.64284
t 0.0368891 0.998929 0.0279175
bt -0.765996 0.00264985 0.64284
t 0.0339372 0.997281 0.0654155
bt -0.948455 0.00351952 0.316893
t 0.0154099 0.998984 0.0423524
bt -0.957035 0.00351223 0.289951
t -0.0717578 0.988131 0.135826
bt -0.996274 0.00158212 0.0862304
t -0.0198826 0.990853 0.133471
bt -0.995374 -0.00410673 0.0959893
t -0.112862 0.993589 0.00662994
bt 0.0277942 -0.00278628 0.99961
t -0.112505 0.993453 0.0198609
bt 0.0260996 -0.00296781 0.999655
t -0.112706 0.993431 -0.0198182
bt -0.197749 -0.00574619 0.980236
t -0.110214 0.993372 -0.032647
bt -0.197155 -0.00568001 0.980356
t -0.099354 0.993411 -0.0571185
bt -0.499322 -0.00669238 0.866391
t -0.0928183 0.99333 -0.0684193
bt -0.499322 -0.0066919 0.866391
t -0.0736827 0.993435 -0.08751
bt -0.765511 -0.00667594 0.643388
t -0.0635919 0.993351 -0.0959653
bt -0.765511 -0.00667556 0.643388
t -0.0388972 0.993446 -0.107481
bt -0.939397 -0.00666986 0.342766
t -0.0388972 0.993446 -0.107481
bt -0.939397 -0.00666986 0.342766
t 0.998394 0.0322528 0.0465812
bt -0.0684134 -0.621768 0.780208
t 0.964637 -0.03228 -0.261598
bt 0.235504 -0.621721 0.746994
t 0.964661 -0.0321906 -0.261522
bt 0.134793 -0.618379 0.774234
t 0.998394 0.0322528 0.0465812
bt -0.0684134 -0.621768 0.780208
t 0.996208 -0.00350707 0.0869366
bt 0.00458385 -0.998595 -0.0528013
t 0.953793 0.0034974 -0.300444
bt -0.0155066 -0.9986 -0.0505784
t 0.953763 0.00350342 -0.300538
bt -0.00943614 -0.998577 -0.0524897
t 0.996199 -0.00351258 0.0870368
bt 0.00458379 -0.998595 -0.0528008
t 0.998231 -0.0328137 0.0495853
bt 0.0658067 -0.657316 -0.750737
t 0.963831 0.0328338 -0.264485
bt -0.226798 -0.657334 -0.718662
t 0.963829 0.0328291 -0.264491
bt -0.130044 -0.654032 -0.745205
t 0.998231 -0.0328137 0.0495853
bt 0.0658067 -0.657316 -0.750737
t 0.996584 0.0205786 0.079987
bt -0.0285094 -0.944399 0.327564
t 0.955642 -0.0205945 -0.29381
bt 0.0990235 -0.94437 0.313623
t 0.955642 -0.0205949 -0.29381
bt 0.0586193 -0.94353 0.326059
t 0.996584 0.0205786 0.079987
bt -0.0285094 -0.944399 0.327564
t 0.996583 -0.0205809 0.0799862
bt 0.0285094 -0.944399 -0.327564
t 0.955637 0.0206031 -0.293825
bt -0.0990324 -0.94436 -0.313652
t 0.95567 0.0205614 -0.293721
bt -0.0586044 -0.943528 -0.326068
t 0.996583 -0.0205809 0.0799862
bt 0.0285094 -0.944399 -0.327564
t 0.996289 0.0107575 0.0853933
bt -0.0144313 -0.986393 0.163772
t 0.954201 -0.0107506 -0.298972
bt 0.0492993 -0.986393 0.156841
t 0.954206 -0.0107457 -0.298956
bt 0.0293281 -0.986176 0.163085
t 0.996289 0.0107575 0.0853933
bt -0.0144313 -0.986393 0.163772
t 0.997119 -0.0289911 0.0700996
bt 0.0439723 -0.86152 -0.505816
t 0.958307 0.028988 -0.284267
bt -0.152518 -0.86159 -0.48415
t 0.954987 0.0126857 -0.296375
bt -0.063982 -0.940229 -0.334478
t 0.996503 -0.0126711 0.0825968
bt 0.0294624 -0.940937 -0.337297
t 0.954067 0.00928259 -0.299449
bt -0.0251288 -0.989788 -0.140318
t 0.996273 -0.00926478 0.0857521
bt 0.0126161 -0.989967 -0.140737
t 0.994504 -0.0820504 -0.0650302
bt 0.0766523 -0.476539 -0.875805
t 0.967486 0.0277299 -0.251399
bt -0.264355 -0.476574 -0.838447
t 0.967485 0.0277274 -0.251404
bt -0.149636 -0.473228 -0.868139
t 0.994504 -0.0820504 -0.0650302
bt 0.0766523 -0.476539 -0.875805
t 0.999302 -0.0224737 0.0298359
bt 0.0811095 -0.365285 -0.927355
t 0.969142 0.0225463 -0.245469
bt -0.279928 -0.365316 -0.887797
t 0.969141 0.0225444 -0.245473
bt -0.157439 -0.362394 -0.918631
t 0.999302 -0.0224737 0.0298359
bt 0.0811095 -0.365285 -0.927355
t 0.995246 0.097294 0.00432104
bt 0.207891 -0.736141 0.64411
t 0.995245 0.0973032 0.00431312
bt -0.0563508 -0.76305 0.643878
t 0.9616 -0.0315377 -0.272637
bt 0.210388 -0.761329 0.613282
t 0.960892 -0.0336136 -0.274875
bt 0.293236 -0.757412 0.583386
t 0.997475 -0.0316987 0.0635573
bt 0.0520328 -0.802459 -0.594434
t 0.960065 0.0317215 -0.277974
bt -0.179307 -0.802456 -0.569134
t 0.960064 0.0317198 -0.277975
bt -0.104498 -0.800012 -0.590814
t 0.997475 -0.0316987 0.0635573
bt 0.0520328 -0.802459 -0.594434
t 0.997871 0.0343134 0.0554611
bt -0.059162 -0.73431 0.676231
t 0.962164 -0.0323464 -0.270543
bt 0.213473 -0.733337 0.645482
t 0.956668 -0.016768 -0.290698
bt 0.109924 -0.854417 0.507827
t 0.996924 0.0180585 0.0762687
bt -0.0707061 -0.855651 0.512701
t 0.99624 0.00751785 0.0863072
bt -0.00993775 -0.993469 0.113665
t 0.954204 -0.00750009 -0.299063
bt 0.0410655 -0.993296 0.108055
t 0.954794 -0.0109774 -0.297064
bt 0.0772984 -0.956392 0.281673
t 0.996421 0.0110387 0.0838067
bt -0.0252733 -0.957028 0.288894
t 0.988253 -0.00189236 0.152812
bt -0.222437 -0.027735 0.974552
t 0.988253 -0.00189241 0.152813
bt -0.087083 -0.0280032 0.995807
t 0.915597 0.00183998 0.402094
bt -0.461469 -0.0279547 0.886716
t 0.915597 0.00183998 0.402094
bt -0.461469 -0.0279547 0.886716
t 0.99221 -0.0330578 0.120113
bt -0.0619074 -0.706955 0.704543
t 0.90133 0.0331215 0.431865
bt -0.326058 -0.707054 0.627504
t 0.90133 0.0331225 0.431864
bt -0.242383 -0.703969 0.667591
t 0.992216 -0.0331292 0.120045
bt -0.0619078 -0.706951 0.704548
t 0.997983 -0.0331698 0.0541172
bt 0.061894 -0.707105 -0.704394
t 0.962626 0.033125 -0.268801
bt -0.213168 -0.70692 -0.674406
t 0.962648 0.0330609 -0.26873
bt -0.122782 -0.703827 -0.69968
t 0.99799 -0.0330976 0.0540477
bt 0.0618943 -0.707101 -0.704399
t 0.996191 -1.53547e-05 0.0872004
bt 0 -1 0
t 0.996191 0 0.0872004
bt 0 -1 0
t 0.953718 -1.53546e-05 -0.300703
bt 0 -1 0
t 0.953718 -1.53546e-05 -0.300703
bt 0 -1 0
t 0.996199 0.00255788 0.0870684
bt -0.00304533 -0.999255 0.0384791
t 0.953738 -0.00255136 -0.300629
bt 0.0112885 -0.999259 0.0368093
t 0.953738 -0.00255164 -0.300629
bt 0.00705647 -0.999247 0.0381433
t 0.996208 0.00255386 0.0869681
bt -0.00304535 -0.999255 0.0384795
t 0.997895 0.033132 0.0557462
bt -0.059814 -0.724275 0.686912
t 0.962188 -0.0330932 -0.270367
bt 0.207292 -0.724257 0.657633
t 0.962191 -0.0330713 -0.270361
bt 0.0349669 -0.712829 0.700465
t 0.997901 0.0330639 0.0556726
bt -0.148121 -0.721421 0.67647
t 0.997901 -0.0330564 0.0556798
bt 0.0598144 -0.724271 -0.686917
t 0.962191 0.0330713 -0.270361
bt -0.207277 -0.724303 -0.657588
t 0.962187 0.0330875 -0.270373
bt -0.120035 -0.721276 -0.682167
t 0.997895 -0.0331268 0.0557511
bt 0.059814 -0.724275 -0.686912
t 0.996199 -0.000603843 0.0871008
bt 0.00131314 -0.999884 -0.0151432
t 0.95352 0.000655685 -0.301328
bt -0.0109324 -0.999849 -0.0135345
t 0.954139 -0.0016214 -0.29936
bt -0.00251698 -0.999633 0.0269911
t 0.996199 0.00180197 0.087082
bt -0.00237821 -0.99963 0.0270966
t 0.996199 -0.00118446 0.0871031
bt 0.00259798 -0.999556 -0.029685
t 0.953719 0.00118585 -0.300696
bt -0.0117762 -0.999552 -0.0275325
t 0.953742 0.00131865 -0.300625
bt -0.00618194 -0.999441 -0.0328617
t 0.996198 -0.0013243 0.0871045
bt 0.00289416 -0.999449 -0.0330753
t 0.996267 0.00598181 0.0861179
bt -0.0146177 -0.985855 0.166962
t 0.953969 -0.00635933 -0.299838
bt 0.0528373 -0.985784 0.159493
t 0.996208 0.00365361 0.086932
bt -0.00478397 -0.998475 0.0549911
t 0.953758 -0.00367024 -0.300554
bt 0.016511 -0.998475 0.05267
t 0.953787 -0.00365058 -0.30046
bt 0.00982391 -0.99845 0.0547784
t 0.996208 0.00365361 0.086932
bt -0.00478397 -0.998475 0.0549911
t 0.988253 0.00187713 0.152814
bt 0.0870833 -0.0279037 -0.99581
t 0.915597 -0.00183998 0.402094
bt 0.461469 -0.0279547 -0.886716
t 0.915596 -0.00183995 0.402095
bt 0.335955 -0.0276934 -0.941471
t 0.988253 0.00187713 0.152814
bt 0.0870833 -0.0279037 -0.99581
t -0.998394 0.032251 -0.0465835
bt -0.134363 -0.608951 -0.781745
t -0.998394 0.0322502 -0.0465844
bt 0.068394 -0.621768 -0.780209
t -0.964642 -0.0322665 0.261581
bt -0.235491 -0.62178 -0.74695
t -0.964642 -0.0322658 0.261582
bt -0.330697 -0.618598 -0.712725
t -0.996199 -0.00351307 -0.0870368
bt 0.00910523 -0.9985 0.0539944
t -0.996208 -0.00350708 -0.0869366
bt -0.00432728 -0.998594 0.0528237
t -0.953763 0.00350916 0.300538
bt 0.0161041 -0.998595 0.0504929
t -0.953763 0.00350971 0.300538
bt 0.0224933 -0.998571 0.0484771
t -0.998231 -0.0328073 -0.0495926
bt 0.128775 -0.644833 0.753397
t -0.998231 -0.03281 -0.0495895
bt -0.0657895 -0.657316 0.750738
t -0.963834 0.0328118 0.264474
bt 0.226217 -0.657438 0.71875
t -0.963834 0.032809 0.264477
bt 0.317936 -0.654344 0.686112
t -0.996584 0.02058 -0.0799865
bt -0.0553338 -0.941045 -0.333726
t -0.996584 0.0205804 -0.0799864
bt 0.0286896 -0.944399 -0.327548
t -0.95567 -0.0205542 0.293721
bt -0.0991243 -0.944398 -0.313508
t -0.955642 -0.0205891 0.29381
bt -0.139124 -0.943556 -0.300577
t -0.996583 -0.0205797 -0.0799866
bt 0.0553625 -0.941042 0.333728
t -0.996583 -0.0205793 -0.0799868
bt -0.0286897 -0.944399 0.327548
t -0.955642 0.0205949 0.29381
bt 0.0991484 -0.94437 0.313584
t -0.95567 0.02056 0.293721
bt 0.139168 -0.94352 0.300671
t -0.996289 0.0107564 -0.0853935
bt 0.0144463 -0.986393 -0.16377
t -0.954829 -0.0322188 0.295403
bt -0.0491736 -0.986409 -0.156779
t -0.954207 -0.0107413 0.298956
bt -0.0293303 -0.986193 -0.162982
t -0.996289 0.0107564 -0.0853935
bt 0.0144463 -0.986393 -0.16377
t -0.996503 -0.0126644 -0.0825979
bt 0.0491902 -0.938035 0.343032
t -0.997119 -0.0289851 -0.070103
bt -0.0442668 -0.861589 0.505672
t -0.958308 0.0289959 0.284262
bt 0.152657 -0.86159 0.484106
t -0.954987 0.0126876 0.296375
bt 0.139362 -0.940233 0.310708
t -0.996265 -0.00927765 -0.0858517
bt 0.0235838 -0.989324 0.143811
t -0.954067 0.00927767 0.299449
bt 0.059667 -0.989805 0.129326
t -0.994505 -0.0820495 0.0650285
bt 0.263138 -0.44875 0.854039
t -0.994503 -0.0820544 0.0650378
bt -0.0766523 -0.476539 0.875805
t -0.967486 0.0277306 0.251398
bt 0.264324 -0.476574 0.838457
t -0.967485 0.0277272 0.251404
bt 0.371038 -0.473487 0.798837
t -0.999302 -0.0224696 -0.0298462
bt 0.161454 -0.354517 0.921005
t -0.999302 -0.0224692 -0.0298474
bt -0.0811524 -0.365285 0.927352
t -0.969144 0.0225498 0.24546
bt 0.279928 -0.365316 0.887797
t -0.969145 0.0225501 0.245459
bt 0.39284 -0.362658 0.845078
t -0.997913 0.0330648 -0.0554614
bt 0.0603525 -0.72197 -0.689287
t -0.961863 -0.0342202 0.271383
bt -0.272777 -0.721857 -0.636014
t -0.962473 -0.0322297 0.269458
bt -0.0293757 -0.711388 -0.702185
t -0.997913 0.0330648 -0.0554614
bt 0.0603525 -0.72197 -0.689287
t -0.996198 -0.00167475 -0.0871069
bt 0.0048987 -0.999076 0.0426884
t -0.996197 -0.00186208 -0.0871085
bt -0.00408066 -0.998904 0.0466217
t -0.953736 0.00186435 0.300638
bt 0.0144208 -0.9989 0.0446271
t -0.95394 0.0016043 0.299994
bt 0.0126115 -0.999155 0.0391191
t -0.997475 -0.0316972 -0.0635583
bt 0.101265 -0.792985 0.600766
t -0.997475 -0.0316982 -0.0635576
bt -0.0520204 -0.802459 0.594435
t -0.960066 0.0317293 0.277968
bt 0.179425 -0.802456 0.569097
t -0.960066 0.0317299 0.277968
bt 0.252005 -0.800095 0.544372
t -0.997943 0.0318409 -0.055638
bt 0.0613509 -0.709903 -0.701622
t -0.962237 -0.0333101 0.270166
bt -0.202772 -0.710747 -0.673589
t -0.957036 -0.0189104 0.28935
bt -0.0791264 -0.839538 -0.537509
t -0.996959 0.0176028 -0.0759081
bt 0.0717085 -0.841927 -0.534805
t -0.997362 -0.00832914 0.072103
bt -0.0830081 -0.648626 -0.756567
t -0.998566 0.0210734 -0.0492215
bt 0.161972 -0.692548 -0.702952
t -0.963221 -0.0241458 0.267622
bt -0.333359 -0.686931 -0.645754
t -0.968017 -0.0433226 0.247117
bt -0.318231 -0.609954 -0.725731
t -0.988251 -0.00189275 -0.152825
bt 0.342546 -0.0270342 -0.939112
t -0.988251 -0.00189279 -0.152827
bt 0.0871208 -0.0280032 -0.995804
t -0.915597 0.00184 -0.402093
bt 0.461498 -0.0279547 -0.886701
t -0.915597 0.00184 -0.402093
bt 0.461498 -0.0279547 -0.886701
t -0.992209 -0.0330592 -0.120119
bt 0.242239 -0.695165 -0.676805
t -0.992215 -0.0331268 -0.120047
bt 0.0610771 -0.707001 -0.70457
t -0.901325 0.0331527 -0.431873
bt 0.327296 -0.706748 -0.627205
t -0.901356 0.0330887 -0.431813
bt 0.406388 -0.703764 -0.582722
t -0.997983 -0.0331596 -0.0541244
bt 0.120916 -0.69536 0.708416
t -0.99799 -0.033088 -0.0540543
bt -0.0610597 -0.707201 0.704371
t -0.962639 0.0330665 0.268761
bt 0.212575 -0.707213 0.674286
t -0.962619 0.0331376 0.268825
bt 0.298469 -0.704297 0.644113
t -0.9962 0 -0.0871
bt 0 -1 0
t -0.9962 0 -0.0871
bt 0 -1 0
t -0.953718 0 0.300703
bt 0 -1 0
t -0.953718 0 0.300703
bt 0 -1 0
t -0.996199 0.00255752 -0.0870684
bt -0.00651643 -0.999206 -0.039314
t -0.996199 0.00255768 -0.0870684
bt 0.00336788 -0.999255 -0.0384509
t -0.953738 -0.002558 0.300629
bt -0.0117122 -0.999255 -0.0367804
t -0.953738 -0.00255829 0.300629
bt -0.0164378 -0.999242 -0.0352898
t -0.997901 0.033061 -0.0556754
bt -0.117575 -0.712788 -0.691455
t -0.997901 0.0330577 -0.0556786
bt 0.0601316 -0.724271 -0.686889
t -0.962187 -0.0330879 0.270372
bt -0.207292 -0.724257 -0.657633
t -0.962191 -0.0330711 0.270361
bt -0.207278 -0.724303 -0.657588
t -0.997901 -0.0330608 -0.0556756
bt 0.117575 -0.712788 0.691455
t -0.997901 -0.0330641 -0.0556724
bt -0.0601316 -0.724271 0.686889
t -0.962192 0.0330745 0.270358
bt 0.207277 -0.724303 0.657588
t -0.962187 0.0330857 0.270374
bt 0.291153 -0.721403 0.628338
t -0.996199 -0.00192147 -0.087082
bt -0.0022986 -0.999579 0.028909
t -0.95332 0.00182063 0.301955
bt -0.00205046 -0.999581 0.0288644
t -0.996199 -0.00115307 -0.0871031
bt 0.00342405 -0.999562 0.0294092
t -0.996282 0.00754954 -0.0858258
bt 0.0154757 -0.984104 -0.17692
t -0.954173 -0.00747988 0.299162
bt -0.050996 -0.984172 -0.169719
t -0.953749 0.00115473 0.300603
bt 0.0132506 -0.999565 0.0263352
t -0.996208 0.00365293 -0.0869321
bt -0.00919728 -0.998377 -0.0562086
t -0.996208 0.0036532 -0.0869321
bt 0.00465075 -0.998475 -0.0550027
t -0.953758 -0.00365704 0.300555
bt -0.016476 -0.998475 -0.052681
t -0.953787 -0.0036513 0.30046
bt -0.0232225 -0.998451 -0.0505546
t -0.988251 0.00187746 -0.152826
bt -0.342547 -0.0269403 0.939114
t -0.988252 0.00187741 -0.152824
bt -0.087121 -0.0279037 0.995807
t -0.915594 -0.00183981 -0.402099
bt -0.461498 -0.0279547 0.886701
t -0.915594 -0.00183978 -0.4021
bt -0.572676 -0.0277176 0.819313
t 0.0465948 0.0322385 -0.998393
bt 0.781649 -0.609044 -0.134499
t 0.0465827 0.032248 -0.998394
bt 0.78014 -0.621878 0.068188
t -0.261518 -0.0322248 -0.96466
bt 0.747018 -0.621654 -0.235606
t -0.261526 -0.0322183 -0.964658
bt 0.712794 -0.618463 -0.330801
t 0.0869365 -0.00352103 -0.996208
bt -0.0541621 -0.998494 0.00874197
t 0.0869365 -0.00352104 -0.996208
bt -0.0530029 -0.998584 -0.00456809
t -0.300538 0.0035233 -0.953763
bt -0.0508054 -0.998584 0.0157762
t -0.300538 0.00352331 -0.953763
bt -0.0487558 -0.998562 0.0222731
t 0.0495898 -0.0328108 -0.998231
bt -0.753325 -0.644836 0.129181
t 0.0496015 -0.0327963 -0.998231
bt -0.750666 -0.657422 -0.0655559
t -0.264441 0.0327766 -0.963845
bt -0.718805 -0.657213 0.226694
t -0.264433 0.0327833 -0.963847
bt -0.686166 -0.654095 0.318332
t 0.0799869 0.020579 -0.996584
bt 0.333711 -0.941065 -0.0550774
t 0.0799885 0.0205744 -0.996583
bt 0.327546 -0.944399 0.0287102
t -0.293795 -0.0205661 -0.955647
bt 0.313393 -0.944473 -0.0987666
t -0.293794 -0.0205692 -0.955648
bt 0.300495 -0.943642 -0.138717
t 0.0799881 -0.0205755 -0.996583
bt -0.333712 -0.941063 0.0551061
t 0.0799865 -0.02058 -0.996583
bt -0.327546 -0.944399 -0.0287103
t -0.293808 0.0205881 -0.955643
bt -0.313506 -0.944432 0.0988023
t -0.293809 0.020585 -0.955643
bt -0.300602 -0.943601 0.138766
t 0.085398 0.0107361 -0.996289
bt 0.163462 -0.986444 0.0144357
t -0.298956 -0.0107387 -0.954206
bt 0.156643 -0.986411 -0.0495545
t -0.298956 -0.0107398 -0.954207
bt 0.162959 -0.986195 -0.0294034
t 0.085398 0.0107361 -0.996289
bt 0.163462 -0.986444 0.0144357
t 0.0643001 -0.0631707 -0.995929
bt -0.347599 -0.92269 0.166787
t 0.0701118 -0.0289644 -0.997119
bt -0.505473 -0.861702 -0.0443325
t -0.284252 0.0289705 -0.958312
bt -0.483987 -0.861658 0.152649
t -0.296376 0.0126824 -0.954987
bt -0.310696 -0.940232 0.139398
t 0.0858513 -0.00927376 -0.996265
bt -0.143726 -0.989333 0.0237374
t 0.0643001 -0.0631707 -0.995929
bt -0.337009 -0.941039 -0.0294905
t -0.299449 0.00928247 -0.954067
bt -0.12938 -0.989789 0.0598204
t 0.0360213 -0.0277027 -0.998967
bt -0.872638 -0.464139 0.151911
t 0.0360294 -0.0276983 -0.998967
bt -0.875763 -0.476616 -0.0766556
t -0.251407 0.0277256 -0.967484
bt -0.838432 -0.476574 0.264402
t -0.251409 0.0277242 -0.967484
bt -0.798811 -0.473483 0.3711
t 0.0298478 -0.022469 -0.999302
bt -0.921007 -0.354517 0.161443
t 0.0298308 -0.0224757 -0.999302
bt -0.927356 -0.365285 -0.0811036
t -0.245419 0.0224618 -0.969157
bt -0.88782 -0.36529 0.279892
t -0.245414 0.022464 -0.969158
bt -0.845096 -0.362622 0.392833
t 0.0549615 0.0306266 -0.998019
bt 0.670454 -0.725802 -0.153958
t 0.0605827 0.0358957 -0.997518
bt 0.670594 -0.741625 0.0171888
t -0.268589 -0.0302842 -0.962779
bt 0.635494 -0.733883 -0.239922
t -0.273374 -0.0351156 -0.961267
bt 0.605471 -0.729044 -0.319217
t 0.0853044 -0.00108669 -0.996354
bt -0.0302266 -0.999405 0.0166401
t 0.0871085 -0.00189378 -0.996197
bt -0.0473405 -0.998866 -0.00502143
t -0.300545 0.00187528 -0.953766
bt -0.0453536 -0.998881 0.0134485
t -0.302222 0.00140092 -0.953236
bt -0.027967 -0.99933 0.0236116
t 0.0635521 -0.0317073 -0.997475
bt -0.600876 -0.792901 0.101266
t 0.0635539 -0.0317049 -0.997475
bt -0.594545 -0.802376 -0.0520471
t -0.277974 0.0317214 -0.960065
bt -0.569094 -0.802456 0.179434
t -0.277972 0.0317239 -0.960065
bt -0.544396 -0.8001 0.251938
t 0.0764897 0.0181389 -0.996905
bt 0.532629 -0.844655 -0.0535312
t 0.0572471 0.0348151 -0.997753
bt 0.691148 -0.721819 0.0359295
t -0.268128 -0.0314834 -0.962869
bt 0.657557 -0.717164 -0.230855
t -0.289581 -0.0174562 -0.956994
bt 0.494416 -0.845485 -0.201761
t -0.150174 0.0289929 -0.988234
bt 0.685558 -0.597447 -0.416014
t 0.0480657 0.0214342 -0.998614
bt 0.717047 -0.680789 0.149568
t -0.293038 -0.00527997 -0.956086
bt 0.646262 -0.688924 -0.328221
t -0.311978 -0.033535 -0.949497
bt 0.64526 -0.618653 -0.448228
t -0.152839 -0.00189314 0.988249
bt -0.93909 -0.0270337 -0.342605
t -0.15281 -0.00189231 0.988254
bt -0.995804 -0.0280032 -0.087128
t -0.402119 0.00183921 0.915586
bt -0.886659 -0.0279547 -0.461577
t -0.402113 0.00183939 0.915588
bt -0.819269 -0.0277173 -0.572739
t -0.120096 -0.0331107 0.99221
bt -0.677196 -0.694908 -0.241886
t -0.120083 -0.0331239 0.992211
bt -0.704793 -0.706751 -0.0613985
t -0.431885 0.0331516 0.901319
bt -0.62731 -0.707009 -0.326527
t -0.431884 0.0331531 0.90132
bt -0.582666 -0.704078 -0.405924
t 0.0541292 -0.0331488 -0.997984
bt -0.70822 -0.695562 0.120906
t 0.0541453 -0.0331327 -0.997983
bt -0.704136 -0.707405 -0.0614143
t -0.268801 0.0331253 -0.962626
bt -0.67456 -0.70692 0.212682
t -0.268808 0.0331518 -0.962623
bt -0.644446 -0.703886 0.29872
t 0.0872004 0 -0.996191
bt 0 -1 0
t 0.0872004 0 -0.996191
bt 0 -1 0
t -0.300703 0 -0.953718
bt 0 -1 0
t -0.300703 0 -0.953718
bt 0 -1 0
t 0.0870684 0.00253779 -0.996199
bt 0.0390036 -0.999219 -0.00640485
t 0.0870685 0.00253748 -0.996199
bt 0.0381498 -0.999266 0.00337321
t -0.300629 -0.00253725 -0.953738
bt 0.0365104 -0.999266 -0.0115725
t -0.300629 -0.00253852 -0.953738
bt 0.0350425 -0.999254 -0.0162259
t 0.0556727 0.033061 -0.997902
bt 0.691352 -0.712878 -0.117633
t 0.0556806 0.0330575 -0.997901
bt 0.686849 -0.724318 0.0600133
t -0.270363 -0.0330342 -0.962191
bt 0.657471 -0.724398 -0.207314
t -0.270427 -0.0331359 -0.96217
bt 0.628244 -0.721519 -0.291068
t 0.0556841 -0.0330491 -0.997901
bt -0.691352 -0.712878 0.117633
t 0.0556762 -0.0330621 -0.997901
bt -0.686849 -0.724318 -0.0600133
t -0.27034 0.033059 -0.962197
bt -0.657471 -0.724398 0.207314
t -0.270356 0.0330424 -0.962193
bt -0.628222 -0.721541 0.291059
t -0.297615 0.000729836 -0.954686
bt -0.0033343 -0.999595 0.0282674
t 0.0906006 -5.59112e-05 -0.995887
bt -0.00334162 -0.999605 0.0279055
t 0.0870032 -0.00116506 -0.996207
bt -0.0297605 -0.999553 0.0028557
t 0.0854125 0.00678458 -0.996323
bt 0.172387 -0.98499 0.00875342
t -0.300084 -0.00672044 -0.953889
bt 0.164673 -0.984641 -0.0580123
t -0.300696 0.00116597 -0.953719
bt -0.0267343 -0.999563 0.0126461
t 0.0869321 0.00366586 -0.996207
bt 0.0564085 -0.998365 -0.00919404
t 0.0869321 0.0036659 -0.996207
bt 0.0551936 -0.998464 0.00475685
t -0.30046 -0.00366482 -0.953787
bt 0.0528721 -0.998464 -0.0165385
t -0.30046 -0.0036648 -0.953787
bt 0.0507364 -0.99844 -0.0233092
t -0.152823 0.0018774 0.988252
bt 0.939093 -0.0269398 0.342606
t -0.152853 0.00187822 0.988247
bt 0.995806 -0.0279037 0.0871283
t -0.402086 -0.00184021 0.9156
bt 0.886659 -0.0279547 0.461577
t -0.402092 -0.00184003 0.915597
bt 0.819269 -0.0277173 0.572739
t -0.0465789 0.0322576 0.998394
bt -0.781878 -0.608783 0.134349
t -0.0465793 0.0322573 0.998394
bt -0.780364 -0.621597 -0.068181
t 0.261531 -0.0322143 0.964657
bt -0.747081 -0.621654 0.235407
t 0.261529 -0.0322157 0.964658
bt -0.712889 -0.618479 0.330566
t -0.0869366 -0.00348073 0.996208
bt 0.0535626 -0.998526 -0.00875458
t -0.0869366 -0.00348039 0.996208
bt 0.0524018 -0.998616 0.00457274
t 0.300538 0.00348356 0.953763
bt 0.0501957 -0.998616 -0.0157204
t 0.300538 0.0034828 0.953763
bt 0.0481674 -0.998594 -0.0221493
t -0.0495865 -0.0328204 0.99823
bt 0.753519 -0.644646 -0.128994
t -0.0495836 -0.0328229 0.998231
bt 0.750878 -0.65716 0.0657475
t 0.26443 0.0327867 0.963848
bt 0.718851 -0.657213 -0.226549
t 0.26443 0.0327866 0.963848
bt 0.686254 -0.65411 -0.318112
t -0.0799859 0.0205817 0.996583
bt -0.333717 -0.941057 0.0551787
t -0.0799874 0.0205776 0.996583
bt -0.327547 -0.944399 -0.0287044
t 0.293795 -0.0205649 0.955647
bt -0.31335 -0.944474 0.0989034
t 0.293795 -0.0205671 0.955647
bt -0.300447 -0.943636 0.138861
t -0.0799868 -0.0205791 0.996583
bt 0.333718 -0.941055 -0.0552073
t -0.0799854 -0.0205832 0.996584
bt 0.327547 -0.944399 0.0287044
t 0.293809 0.0205856 0.955643
bt 0.313463 -0.944432 -0.0989392
t 0.293809 0.0205834 0.955642
bt 0.300554 -0.943595 -0.138911
t -0.0853942 0.0107589 0.996289
bt -0.163883 -0.986377 -0.0142721
t 0.298972 -0.0107687 0.954201
bt -0.157126 -0.986344 0.0493672
t 0.298972 -0.0107718 0.954201
bt -0.163363 -0.986126 0.029466
t -0.0853942 0.0107589 0.996289
bt -0.163883 -0.986377 -0.0142721
t -0.0825981 -0.0126711 0.996502
bt 0.343155 -0.937989 -0.049202
t -0.070104 -0.028995 0.997118
bt 0.505955 -0.861432 0.0440849
t 0.284214 0.0289785 0.958323
bt 0.484471 -0.861402 -0.152559
t 0.278277 0.0632394 0.958417
bt 0.323114 -0.940882 -0.101683
t -0.085851 -0.00927597 0.996265
bt 0.143714 -0.989338 -0.0235955
t 0.278284 0.0632195 0.958416
bt 0.32304 -0.940895 -0.10179
t 0.299449 0.00928074 0.954067
bt 0.129438 -0.989792 -0.0596365
t 0.0650403 -0.0820558 0.994503
bt 0.854026 -0.44874 -0.263196
t 0.0650299 -0.0820502 0.994504
bt 0.875809 -0.476539 0.0766129
t 0.251416 0.0277234 0.967482
bt 0.838462 -0.476532 -0.264382
t 0.251411 0.0277266 0.967483
bt 0.798841 -0.473441 -0.371089
t -0.0298755 -0.0224582 0.999301
bt 0.921001 -0.354514 -0.161483
t -0.0298135 -0.0224825 0.999303
bt 0.927356 -0.365285 0.0811017
t 0.245419 0.0225662 0.969154
bt 0.88779 -0.365316 -0.279951
t 0.2454 0.0224694 0.969161
bt 0.845076 -0.362619 -0.392878
t -0.0543211 0.0299872 0.998073
bt -0.66342 -0.741603 -0.099494
t 0.275656 -0.0356268 0.960596
bt -0.614913 -0.749512 0.245183
t 0.27053 -0.0307113 0.962222
bt -0.679474 -0.733667 -0.00689918
t -0.0599268 0.0352837 0.997579
bt -0.663356 -0.741661 -0.0994885
t -0.0889026 -0.00119492 0.99604
bt 0.0284195 -0.999586 0.00443027
t -0.0870086 -0.00188928 0.996206
bt 0.0474942 -0.998866 0.00327008
t 0.30066 0.00190552 0.95373
bt 0.0454399 -0.998852 -0.0151762
t 0.299055 0.000896472 0.954236
bt 0.024132 -0.999707 -0.00190886
t -0.0635596 -0.0316972 0.997475
bt 0.600876 -0.7929 -0.101275
t -0.0635548 -0.0317037 0.997475
bt 0.594546 -0.802376 0.0520394
t 0.27796 0.0317407 0.960068
bt 0.569085 -0.802456 -0.179465
t 0.277963 0.0317359 0.960067
bt 0.544382 -0.800097 -0.251976
t -0.0536414 0.0313496 0.998068
bt -0.68696 -0.721751 -0.0846296
t 0.272085 -0.0348505 0.961642
bt -0.66181 -0.726526 0.184843
t 0.29047 -0.0181844 0.956711
bt -0.527265 -0.84739 0.0626313
t -0.0756612 0.0175755 0.996979
bt -0.522013 -0.848026 -0.0913995
t 0.0836689 0.0223303 0.996243
bt -0.704473 -0.607403 0.367124
t -0.0683119 0.0204984 0.997453
bt -0.695651 -0.703167 -0.147057
t 0.274364 -0.015682 0.961498
bt -0.649241 -0.679463 0.341784
t 0.26775 -0.0388274 0.962706
bt -0.693963 -0.597482 0.401783
t 0.152835 -0.00189302 -0.98825
bt 0.974536 -0.0277347 0.222508
t 0.152834 -0.00189299 -0.98825
bt 0.995805 -0.0280032 0.0871124
t 0.402119 0.00183921 -0.915586
bt 0.886659 -0.0279547 0.461577
t 0.40211 0.00183948 -0.915589
bt 0.819264 -0.0277173 0.572747
t 0.12001 -0.0331537 -0.992219
bt 0.676613 -0.695488 0.241852
t 0.120001 -0.0331446 -0.99222
bt 0.704239 -0.707301 0.0614234
t 0.431895 0.0331411 -0.901315
bt 0.62731 -0.707009 0.326527
t 0.431898 0.0331382 -0.901314
bt 0.582753 -0.704089 0.405779
t -0.0540552 -0.0330961 0.997989
bt 0.708701 -0.695061 -0.120966
t -0.0540442 -0.033107 0.99799
bt 0.704643 -0.706901 0.061386
t 0.203888 0.0984973 0.974027
bt 0.674027 -0.707376 -0.212855
t 0.203888 0.0984973 0.974027
bt 0.674027 -0.707376 -0.212855
t -0.0872004 0 0.996191
bt 0 -1 0
t -0.0872004 0 0.996191
bt 0 -1 0
t 0.300703 0 0.953718
bt 0 -1 0
t 0.300703 0 0.953718
bt 0 -1 0
t -0.0870639 0.00257068 0.996199
bt -0.0395083 -0.999199 0.00640477
t -0.0870639 0.0025707 0.996199
bt -0.0386542 -0.999247 -0.00337938
t 0.300629 -0.00256501 0.953738
bt -0.0369403 -0.999251 0.011537
t 0.300629 -0.00256477 0.953738
bt -0.0354398 -0.999239 0.0162943
t -0.0556887 0.033049 0.997901
bt -0.691407 -0.712829 0.117605
t -0.0556806 0.0330576 0.997901
bt -0.68685 -0.724318 -0.0600064
t 0.27036 -0.0331008 0.96219
bt -0.657648 -0.724257 0.207244
t 0.270367 -0.0330931 0.962188
bt -0.628351 -0.721405 0.291119
t -0.055682 -0.033056 0.997901
bt 0.691407 -0.712829 -0.117605
t -0.0556902 -0.0330474 0.997901
bt 0.68685 -0.724318 0.0600064
t 0.270375 0.0330845 0.962186
bt 0.657648 -0.724257 -0.207244
t 0.270368 0.0330922 0.962188
bt 0.628351 -0.721405 -0.291119
t -0.0837004 -5.01556e-05 0.996491
bt -0.00153493 -0.999612 0.0278285
t 0.303806 -0.000689954 0.952734
bt -0.00159022 -0.999618 0.0275879
t -0.087203 -0.0011716 0.99619
bt 0.0298535 -0.999547 -0.00391293
t -0.0865391 0.0067289 0.996226
bt -0.171288 -0.98499 -0.0213217
t 0.299082 -0.0067232 0.954204
bt -0.164456 -0.985324 0.0457213
t 0.300603 0.0011754 0.953749
bt 0.0267262 -0.999549 -0.013672
t -0.0869321 0.00364594 0.996208
bt -0.0561117 -0.998382 0.00923438
t -0.0869321 0.00364612 0.996208
bt -0.0548828 -0.998481 -0.00487743
t 0.300555 -0.00364996 0.953758
bt -0.0525245 -0.998481 0.0166408
t 0.300555 -0.00365045 0.953758
bt -0.0504221 -0.998456 0.0233037
t 0.152834 0.0018777 -0.98825
bt -0.939095 -0.0269399 -0.342601
t 0.152834 0.0018777 -0.98825
bt -0.995808 -0.0279037 -0.0871127
t 0.40211 -0.00183948 -0.915589
bt -0.886659 -0.0279547 -0.461577
t 0.402119 -0.00183921 -0.915586
bt -0.819263 -0.0277173 -0.572747
t 0.738895 0.0322281 -0.67305
bt 0.647885 -0.608828 0.457792
t 0.738926 0.0322802 -0.673013
bt 0.503597 -0.621694 0.599906
t 0.497193 -0.0322041 -0.867042
bt 0.694741 -0.621657 0.361769
t 0.497187 -0.0321988 -0.867046
bt 0.737857 -0.618477 0.270285
t 0.765929 -0.00350297 -0.642916
bt -0.0443146 -0.998509 -0.0318638
t 0.765929 -0.00350298 -0.642916
bt -0.0340564 -0.9986 -0.0404773
t 0.461893 0.00349695 -0.886929
bt -0.0468102 -0.998605 -0.0244239
t 0.461893 0.00349653 -0.886929
bt -0.0499568 -0.998582 -0.0183765
t 0.740911 -0.0327908 -0.670802
bt -0.623915 -0.644802 -0.441543
t 0.74091 -0.0327922 -0.670803
bt -0.484343 -0.657304 -0.577377
t 0.494507 0.0328325 -0.868553
bt -0.668381 -0.657347 -0.348084
t 0.494509 0.0328342 -0.868552
bt -0.710102 -0.654245 -0.260227
t 0.761297 0.0206099 -0.648076
bt 0.275011 -0.941054 0.196941
t 0.761211 0.0205602 -0.648178
bt 0.211376 -0.944399 0.251855
t 0.468008 -0.0205682 -0.883485
bt 0.291598 -0.944432 0.151717
t 0.468008 -0.0205693 -0.883485
bt 0.310726 -0.943597 0.114343
t 0.761253 -0.0205886 -0.648129
bt -0.275102 -0.941015 -0.197003
t 0.761252 -0.0205901 -0.648129
bt -0.211446 -0.944361 -0.251939
t 0.468009 0.020577 -0.883484
bt -0.291677 -0.944402 -0.151758
t 0.468009 0.0205759 -0.883484
bt -0.310812 -0.943565 -0.114371
t 0.764855 0.0107546 -0.644113
bt 0.137698 -0.985526 0.0988871
t 0.764855 0.0107519 -0.644112
bt 0.10572 -0.986393 0.125908
t 0.463306 -0.0107371 -0.886133
bt 0.145635 -0.986428 0.0758299
t 0.463306 -0.0107368 -0.886134
bt 0.155258 -0.986213 0.0572682
t 0.763053 -0.012682 -0.646211
bt -0.277615 -0.937975 -0.207682
t 0.754594 -0.0289619 -0.655553
bt -0.326525 -0.861478 -0.388891
t 0.476604 0.0290159 -0.878639
bt -0.450679 -0.861413 -0.234216
t 0.465779 0.0126627 -0.88481
bt -0.318247 -0.940229 -0.121197
t 0.765197 -0.00927959 -0.64373
bt -0.118234 -0.98933 -0.0851265
t 0.462919 0.00924614 -0.886352
bt -0.133213 -0.989866 -0.0491801
t 0.731878 -0.0277659 -0.680869
bt -0.72447 -0.464095 -0.509665
t 0.731876 -0.027768 -0.680872
bt -0.56508 -0.476584 -0.673463
t 0.589174 0.0821211 -0.803823
bt -0.779815 -0.47655 -0.405942
t 0.589174 0.0821211 -0.803823
bt -0.779815 -0.47655 -0.405942
t 0.727746 -0.0225491 -0.685476
bt -0.765429 -0.35454 -0.537047
t 0.727751 -0.0225466 -0.685471
bt -0.598385 -0.365333 -0.713069
t 0.511754 0.0224756 -0.858838
bt -0.825729 -0.365287 -0.429811
t 0.511756 0.0224766 -0.858837
bt -0.875371 -0.362617 -0.319741
t 0.745956 0.0311129 -0.665268
bt 0.567354 -0.741254 0.358681
t 0.707019 0.0996699 -0.700135
bt 0.442733 -0.75658 0.481221
t 0.489682 -0.030074 -0.871382
bt 0.603904 -0.749625 0.270855
t 0.484909 -0.0350245 -0.873863
bt 0.639421 -0.744489 0.192034
t 0.765197 -0.000738255 -0.643795
bt -0.0246878 -0.999686 -0.00431565
t 0.766023 -0.0019137 -0.64281
bt -0.032799 -0.998835 -0.0353984
t 0.461811 0.00190237 -0.886976
bt -0.0435036 -0.99885 -0.0201662
t 0.460274 0.000979463 -0.887776
bt -0.0274288 -0.999622 0.00163322
t 0.750274 -0.0317346 -0.660365
bt -0.496503 -0.792921 -0.353214
t 0.750278 -0.0317256 -0.66036
bt -0.383617 -0.802407 -0.457144
t 0.482325 0.0317122 -0.875418
bt -0.529396 -0.802381 -0.275546
t 0.482327 0.031715 -0.875417
bt -0.563211 -0.80002 -0.206786
t 0.759329 0.0175013 -0.650472
bt 0.405881 -0.849921 0.335998
t 0.746545 0.0338307 -0.664474
bt 0.452177 -0.730562 0.511678
t 0.541214 -0.0964439 -0.835336
bt 0.619686 -0.726493 0.29698
t 0.507662 -0.0876918 -0.857082
bt 0.475657 -0.851327 0.221345
t 0.754781 0.0193794 -0.65569
bt 0.494487 -0.684569 0.535581
t 0.487611 -0.0252691 -0.872695
bt 0.610627 -0.677037 0.4108
t 0.533206 -0.0260825 -0.845583
bt 0.589269 -0.592675 0.54909
t 0.740193 0.0257305 -0.671903
bt 0.551696 -0.607787 0.571162
t 0.590742 -0.00188228 0.806858
bt -0.846421 -0.0276968 0.531794
t 0.590747 -0.00188213 0.806855
bt -0.765771 -0.0279638 0.642505
t 0.363086 0.00186838 0.931754
bt -0.953349 -0.0279904 0.300569
t 0.363098 0.00186875 0.931749
bt -0.984299 -0.0277561 0.174314
t 0.616685 -0.0330784 0.786515
bt -0.649531 -0.695232 0.307835
t 0.616682 -0.0330825 0.786517
bt -0.541586 -0.706993 0.454803
t 0.331969 0.0330981 0.94271
bt -0.674168 -0.707228 0.212899
t 0.331964 0.0330927 0.942712
bt -0.69877 -0.704308 0.12518
t 0.743925 -0.0331566 -0.66744
bt -0.586699 -0.694978 -0.41568
t 0.743863 -0.0330529 -0.667515
bt -0.455139 -0.706816 -0.541535
t 0.490619 0.0331164 -0.870745
bt -0.627226 -0.707104 -0.326484
t 0.490623 0.0331209 -0.870743
bt -0.666655 -0.704166 -0.24438
t 0.766018 1.53547e-05 -0.642819
bt 0 -1 0
t 0.766018 0 -0.642819
bt 0 -1 0
t 0.461719 1.53549e-05 -0.887026
bt 0 -1 0
t 0.461719 1.53549e-05 -0.887026
bt 0 -1 0
t 0.765995 0.00255904 -0.642842
bt 0.0322269 -0.999208 0.0233444
t 0.765995 0.00255819 -0.642842
bt 0.0247094 -0.999255 0.0296543
t 0.461806 -0.00253841 -0.886978
bt 0.0339326 -0.999266 0.0177591
t 0.461806 -0.00253846 -0.886978
bt 0.0361982 -0.999255 0.0134058
t 0.745006 0.033105 -0.666236
bt 0.51103 -0.721206 0.467665
t 0.74501 0.0330987 -0.666231
bt 0.443344 -0.724204 0.52818
t 0.489192 -0.0330768 -0.871549
bt 0.61162 -0.724257 0.318391
t 0.489189 -0.0330732 -0.871551
bt 0.650181 -0.721401 0.238422
t 0.74501 -0.0330987 -0.666231
bt -0.572179 -0.712703 -0.40579
t 0.745002 -0.0331106 -0.66624
bt -0.443344 -0.724204 -0.52818
t 0.489198 0.0330851 -0.871545
bt -0.611621 -0.724257 -0.318391
t 0.489201 0.0330887 -0.871543
bt -0.650181 -0.721401 -0.238422
t 0.46461 -0.000622907 -0.885515
bt -0.00327581 -0.999615 0.027544
t 0.767608 0.00130801 -0.640919
bt -0.0030429 -0.999623 0.0272869
t 0.765974 -0.00117902 -0.64287
bt -0.0233732 -0.999543 -0.0191552
t 0.765054 0.00678458 -0.64393
bt 0.112074 -0.985606 0.12657
t 0.4623 -0.00664835 -0.886699
bt 0.154024 -0.985323 0.0735856
t 0.461708 0.00117906 -0.887031
bt -0.028111 -0.999554 -0.0100998
t 0.765924 0.00365536 -0.642921
bt 0.04618 -0.998378 0.0333013
t 0.765924 0.00365553 -0.642921
bt 0.0353944 -0.998475 0.0423581
t 0.461871 -0.00364433 -0.88694
bt 0.0487614 -0.998486 0.025442
t 0.461871 -0.00365182 -0.88694
bt 0.0521287 -0.998456 0.0191857
t 0.590747 0.00188212 0.806855
bt 0.906304 -0.0269975 -0.421763
t 0.590744 0.00188221 0.806857
bt 0.765771 -0.0279638 -0.642505
t 0.363102 -0.00183254 0.931747
bt 0.953352 -0.0278951 -0.30057
t 0.36309 -0.00183217 0.931752
bt 0.984302 -0.0276577 -0.174315
t -0.738895 0.0322272 0.673049
bt -0.648002 -0.608806 -0.457656
t -0.738923 0.0322842 0.673016
bt -0.503626 -0.621694 -0.599882
t -0.497196 -0.0322066 0.86704
bt -0.69486 -0.621657 -0.361541
t -0.497194 -0.0322049 0.867042
bt -0.737935 -0.618464 -0.270101
t -0.765929 -0.00350244 0.642916
bt 0.0443147 -0.998509 0.0318636
t -0.765929 -0.00350245 0.642916
bt 0.0340566 -0.9986 0.0404772
t -0.461893 0.00349714 0.886929
bt 0.0468102 -0.998605 0.0244239
t -0.461893 0.0034974 0.886929
bt 0.0499162 -0.998583 0.0184546
t -0.74091 -0.0327922 0.670803
bt 0.624062 -0.644773 0.441377
t -0.740909 -0.0327936 0.670805
bt 0.484512 -0.657304 0.577235
t -0.494513 0.0328388 0.86855
bt 0.668488 -0.657347 0.347879
t -0.494511 0.032836 0.868551
bt 0.71015 -0.654237 0.260116
t -0.761251 0.0206018 0.64813
bt -0.275101 -0.94099 -0.197123
t -0.761253 0.0205925 0.648128
bt -0.211643 -0.94433 -0.25189
t -0.468007 -0.0205643 0.883485
bt -0.291518 -0.944432 -0.15187
t -0.468007 -0.0205659 0.883485
bt -0.310675 -0.943601 -0.114444
t -0.761253 -0.0205942 0.648128
bt 0.275123 -0.940987 0.197104
t -0.76125 -0.0206036 0.648131
bt 0.211643 -0.94433 0.25189
t -0.46801 0.0205815 0.883483
bt 0.291597 -0.944402 0.151911
t -0.46801 0.0205799 0.883484
bt 0.310761 -0.94357 0.114472
t -0.764855 0.0107546 0.644113
bt -0.137641 -0.985529 -0.0989359
t -0.764855 0.0107532 0.644113
bt -0.105719 -0.986393 -0.125909
t -0.463306 -0.0107439 0.886133
bt -0.145651 -0.986412 -0.0760105
t -0.463306 -0.0107448 0.886133
bt -0.155343 -0.986197 -0.0573155
t -0.763055 -0.0126758 0.64621
bt 0.277451 -0.937992 0.207827
t -0.754594 -0.028962 0.655553
bt 0.326615 -0.861478 0.388816
t -0.476649 0.0289717 0.878616
bt 0.450079 -0.861657 0.234469
t -0.465735 0.0126759 0.884834
bt 0.318107 -0.940275 0.121207
t -0.765196 -0.00927925 0.64373
bt 0.118337 -0.989325 0.0850397
t -0.462897 0.0092714 0.886364
bt 0.1335 -0.989822 0.0493019
t -0.731873 -0.0277699 0.680875
bt 0.724454 -0.464097 0.509686
t -0.731877 -0.0277666 0.68087
bt 0.565067 -0.476584 0.673474
t -0.589167 0.0821163 0.803828
bt 0.7798 -0.47655 0.405971
t -0.589167 0.0821163 0.803828
bt 0.7798 -0.47655 0.405971
t -0.727734 -0.0225559 0.685488
bt 0.765409 -0.354543 0.537074
t -0.727755 -0.0225444 0.685467
bt 0.598304 -0.365333 0.713136
t -0.511737 0.0224681 0.858848
bt 0.825729 -0.365287 0.42981
t -0.511736 0.0224675 0.858849
bt 0.875372 -0.362617 0.31974
t -0.490288 -0.0309018 0.871013
bt -0.584085 -0.733954 -0.346634
t -0.746261 0.0346539 0.66475
bt -0.418657 -0.727551 -0.543503
t -0.743859 0.0309708 0.667619
bt -0.544436 -0.720882 -0.428859
t -0.485802 -0.0357296 0.873339
bt -0.623174 -0.733875 -0.270336
t -0.766841 -0.00156946 0.641835
bt 0.0254285 -0.999269 0.028533
t -0.765977 -0.00187078 0.642865
bt 0.0330446 -0.998884 0.0337551
t -0.461811 0.00188157 0.886976
bt 0.04371 -0.998873 0.018473
t -0.463309 0.00128779 0.886196
bt 0.0275513 -0.999411 0.0204706
t -0.75028 -0.0317227 0.660359
bt 0.49646 -0.792929 0.353258
t -0.750274 -0.0317345 0.660365
bt 0.383669 -0.802407 0.457101
t -0.482347 0.0316886 0.875407
bt 0.529209 -0.802524 0.275487
t -0.482342 0.0316803 0.87541
bt 0.563036 -0.800163 0.206711
t -0.74369 0.0316522 0.667774
bt -0.437289 -0.713313 -0.547689
t -0.48831 -0.0347286 0.871979
bt -0.607494 -0.717159 -0.341519
t -0.47142 -0.0184989 0.881715
bt -0.425214 -0.842224 -0.331439
t -0.758151 0.0181704 0.651826
bt -0.314394 -0.843451 -0.435598
t -0.528219 -0.0128093 0.849012
bt -0.517014 -0.628851 -0.580726
t -0.749176 0.0329605 0.66155
bt -0.420166 -0.622709 -0.660071
t -0.75163 0.0183508 0.65933
bt -0.490129 -0.694999 -0.526071
t -0.47689 -0.022825 0.878667
bt -0.585061 -0.700322 -0.408965
t -0.590728 -0.00188276 -0.806868
bt 0.846426 -0.0276968 -0.531785
t -0.59074 -0.00188237 -0.80686
bt 0.76574 -0.0279638 -0.642542
t -0.363074 0.00186802 -0.931759
bt 0.953349 -0.0279904 -0.300569
t -0.363074 0.00186802 -0.931759
bt 0.953349 -0.0279904 -0.300569
t -0.616727 -0.0331411 -0.78648
bt 0.649697 -0.695208 -0.307538
t -0.616689 -0.0330734 -0.786512
bt 0.541581 -0.706993 -0.454808
t -0.331979 0.0331148 -0.942705
bt 0.67476 -0.706709 -0.212745
t -0.331987 0.0331227 -0.942702
bt 0.699305 -0.703782 -0.125149
t -0.743906 -0.0330732 0.667466
bt 0.586234 -0.695506 0.415453
t -0.743971 -0.0331721 0.667388
bt 0.454325 -0.707322 0.541557
t -0.490617 0.0331147 0.870746
bt 0.627226 -0.707104 0.326484
t -0.490616 0.0331136 0.870746
bt 0.666685 -0.704162 0.244311
t -0.766018 0 0.642819
bt 0 -1 0
t -0.766018 0 0.642819
bt 0 -1 0
t -0.461792 0 0.886988
bt 0 -1 0
t -0.461792 0 0.886988
bt 0 -1 0
t -0.765789 0.00771029 0.643046
bt -0.0363031 -0.999137 -0.0201838
t -0.765995 0.00257127 0.642842
bt -0.0250305 -0.999247 -0.0296456
t -0.461857 -0.00256294 0.886951
bt -0.0343579 -0.999251 -0.0178145
t -0.461857 -0.00256316 0.886951
bt -0.0366317 -0.999238 -0.0134456
t -0.745008 0.0331016 0.666233
bt -0.51103 -0.721206 -0.467665
t -0.745012 0.0330953 0.666229
bt -0.443345 -0.724204 -0.528179
t -0.489192 -0.033078 0.871548
bt -0.61162 -0.724257 -0.318391
t -0.489191 -0.0330765 0.871549
bt -0.650184 -0.7214 -0.238416
t -0.745012 -0.0330953 0.666229
bt 0.572179 -0.712703 0.405789
t -0.745005 -0.0331073 0.666237
bt 0.443345 -0.724204 0.528179
t -0.489201 0.0330884 0.871543
bt 0.61162 -0.724257 0.318391
t -0.489202 0.03309 0.871542
bt 0.650184 -0.7214 0.238416
t -0.764458 -0.00131977 0.644672
bt -0.00168989 -0.999592 0.0284976
t -0.458945 0.000807464 0.888464
bt -0.00156538 -0.999598 0.0282981
t -0.766066 -0.00116262 0.642761
bt 0.0236288 -0.999554 0.0182891
t -0.765449 0.00729231 0.643455
bt -0.109801 -0.984362 -0.13775
t -0.463261 -0.00695974 0.886194
bt -0.152098 -0.984641 -0.085717
t -0.46183 0.00116322 0.886968
bt 0.0282994 -0.999558 0.00909184
t -0.765924 0.00365547 0.642921
bt -0.0462085 -0.998377 -0.0332774
t -0.765924 0.00365507 0.642921
bt -0.0354797 -0.998475 -0.0422865
t -0.461871 -0.00365129 0.88694
bt -0.0488499 -0.998481 -0.025488
t -0.461944 -0.00364662 0.886902
bt -0.0520898 -0.998457 -0.0192566
t -0.59074 0.00188237 -0.80686
bt -0.906291 -0.0269977 0.421792
t -0.590729 0.00188275 -0.806868
bt -0.765709 -0.0279638 0.642579
t -0.363094 -0.00183228 -0.931751
bt -0.953352 -0.0278951 0.30057
t -0.363095 -0.00183232 -0.93175
bt -0.984301 -0.0276578 0.17432
t -0.673049 0.0322207 -0.738895
bt 0.457622 -0.609095 -0.647754
t -0.673027 0.0322879 -0.738913
bt 0.599692 -0.621877 -0.503625
t -0.867065 -0.0322715 -0.497148
bt 0.361824 -0.621629 -0.694738
t -0.867042 -0.0322044 -0.497193
bt 0.270355 -0.618481 -0.737827
t -0.642916 -0.00350912 -0.765929
bt -0.0318542 -0.998502 0.044481
t -0.642916 -0.00351038 -0.765928
bt -0.0406602 -0.998595 0.0339935
t -0.886929 0.00349763 -0.461893
bt -0.0240681 -0.998605 0.0469954
t -0.886864 0.00348982 -0.462017
bt -0.0181061 -0.99858 0.050101
t -0.67077 -0.0328457 -0.740938
bt -0.441377 -0.644952 0.623878
t -0.670799 -0.0327841 -0.740914
bt -0.57699 -0.657433 0.484627
t -0.868538 0.0327928 -0.494536
bt -0.34825 -0.657247 0.668393
t -0.868538 0.0327935 -0.494537
bt -0.260412 -0.654152 0.71012
t -0.648128 0.0205875 -0.761253
bt 0.197094 -0.941026 -0.274999
t -0.657873 0.0616295 -0.750603
bt 0.252018 -0.944392 -0.211213
t -0.883483 -0.0205814 -0.46801
bt 0.151854 -0.944402 -0.291627
t -0.883483 -0.0205807 -0.46801
bt 0.114445 -0.943568 -0.310775
t -0.648129 -0.0205923 -0.761252
bt -0.197075 -0.941023 0.27502
t -0.648129 -0.0205906 -0.761252
bt -0.252086 -0.944361 0.21127
t -0.883484 0.020579 -0.468009
bt -0.151854 -0.944402 0.291627
t -0.883484 0.0205796 -0.46801
bt -0.114432 -0.943568 0.310781
t -0.644164 0.0107278 -0.764812
bt 0.0986924 -0.985558 -0.137607
t -0.644108 0.0107416 -0.764859
bt 0.125593 -0.986429 -0.105757
t -0.886107 -0.0107449 -0.463357
bt 0.0760195 -0.986393 -0.145772
t -0.886107 -0.0107447 -0.463357
bt 0.057402 -0.986179 -0.155425
t -0.655546 -0.0289359 -0.754601
bt -0.388614 -0.861646 0.326413
t -0.878626 0.0289928 -0.476629
bt -0.234157 -0.861578 0.450392
t -0.884811 0.0126598 -0.465778
bt -0.191436 -0.940219 0.281675
t -0.64621 -0.0126651 -0.763054
bt -0.259059 -0.941011 0.217687
t -0.64373 -0.00927647 -0.765196
bt -0.0849694 -0.98934 0.118268
t -0.886364 0.00928061 -0.462897
bt -0.0495024 -0.989796 0.133618
t -0.680872 -0.0277679 -0.731876
bt -0.509677 -0.464096 0.724462
t -0.680868 -0.0277652 -0.731879
bt -0.673449 -0.476584 0.565096
t -0.803828 0.0821166 -0.589167
bt -0.405971 -0.47655 0.7798
t -0.861892 0.0277665 -0.506332
bt -0.302508 -0.473423 0.82726
t -0.685491 -0.0225575 -0.727732
bt -0.537059 -0.354541 0.76542
t -0.68548 -0.0225515 -0.727742
bt -0.713104 -0.365333 0.598343
t -0.858853 0.0224643 -0.511729
bt -0.429805 -0.365287 0.825732
t -0.858851 0.0224654 -0.511732
bt -0.319753 -0.362618 0.875366
t -0.667232 0.0314711 -0.744185
bt 0.388366 -0.713902 -0.582679
t -0.664361 0.0351466 -0.746585
bt 0.506724 -0.727528 -0.46253
t -0.870982 -0.0319419 -0.490275
bt 0.305027 -0.723404 -0.619391
t -0.871904 -0.033924 -0.488501
bt 0.229042 -0.720013 -0.655073
t -0.643791 -0.00146833 -0.7652
bt -0.0188714 -0.999141 0.0368975
t -0.642865 -0.00187085 -0.765977
bt -0.0345507 -0.998887 0.0320968
t -0.886937 0.00186094 -0.461887
bt -0.0192777 -0.998896 0.0428391
t -0.887281 0.00166239 -0.461227
bt -0.0115736 -0.99912 0.0403007
t -0.660358 -0.0317224 -0.75028
bt -0.457248 -0.802407 0.383494
t -0.875439 0.0317405 -0.482285
bt -0.275393 -0.80246 0.529355
t -0.875409 0.0316884 -0.482343
bt -0.34394 -0.800027 0.491591
t -0.660358 -0.0317224 -0.75028
bt -0.457248 -0.802407 0.383494
t -0.650779 0.0174358 -0.759067
bt 0.349273 -0.840436 -0.414336
t -0.709815 0.0997213 -0.697294
bt 0.525761 -0.713288 -0.463461
t -0.87049 -0.0327676 -0.491094
bt 0.316607 -0.710772 -0.628143
t -0.881429 -0.0180141 -0.471973
bt 0.241751 -0.842656 -0.481132
t -0.656375 0.0179906 -0.75422
bt 0.546467 -0.692878 -0.470419
t -0.876885 -0.0194965 -0.480305
bt 0.398964 -0.688661 -0.605453
t -0.845866 -0.025071 -0.532806
bt 0.566409 -0.612431 -0.551461
t -0.669768 0.0280585 -0.74204
bt 0.587932 -0.627216 -0.510819
t -0.806855 -0.00188215 0.590746
bt -0.421732 -0.0269972 -0.906319
t -0.806855 -0.00188216 0.590746
bt -0.642537 -0.0279638 -0.765744
t -0.931749 0.00186871 0.363097
bt -0.3005 -0.0279904 -0.953371
t -0.93175 0.00186866 0.363095
bt -0.174268 -0.027756 -0.984307
t -0.786465 -0.0331464 0.616744
bt -0.307394 -0.69537 -0.649592
t -0.821895 -0.0984462 0.561067
bt -0.454427 -0.707163 -0.541679
t -0.94272 0.0331431 0.331936
bt -0.212604 -0.707115 -0.674379
t -0.942692 0.0330495 0.332024
bt -0.125115 -0.704153 -0.698938
t -0.667437 -0.0331419 -0.743929
bt -0.415857 -0.695338 0.586147
t -0.667434 -0.0331378 -0.743932
bt -0.54149 -0.707113 0.45473
t -0.870711 0.0330432 -0.490683
bt -0.327218 -0.706915 0.627056
t -0.870781 0.0332059 -0.490548
bt -0.244771 -0.704006 0.66668
t -0.642819 0 -0.766018
bt 0 -1 0
t -0.642819 0 -0.766018
bt 0 -1 0
t -0.887026 0 -0.461719
bt 0 -1 0
t -0.887026 0 -0.461719
bt 0 -1 0
t -0.642842 0.00257872 -0.765995
bt 0.0235201 -0.999196 -0.0324836
t -0.642842 0.00257701 -0.765995
bt 0.0299615 -0.999243 -0.0248093
t -0.886977 -0.00255761 -0.461806
bt 0.0177589 -0.999255 -0.0342704
t -0.886977 -0.00255776 -0.461806
bt 0.0134201 -0.999242 -0.0365285
t -0.666233 0.0331011 -0.745009
bt 0.405803 -0.712706 -0.572167
t -0.666218 0.0330799 -0.745023
bt 0.5284 -0.724204 -0.443082
t -0.871552 -0.0330699 -0.489186
bt 0.318244 -0.724257 -0.611697
t -0.87157 -0.0331096 -0.489152
bt 0.238322 -0.721439 -0.650176
t -0.66623 -0.0330966 -0.745012
bt -0.5284 -0.724204 0.443082
t -0.87157 0.0331096 -0.489152
bt -0.318224 -0.724299 0.611658
t -0.871542 0.0330911 -0.489203
bt -0.397854 -0.721248 0.567022
t -0.66627 -0.0330479 -0.744978
bt -0.528429 -0.724168 0.443107
t -0.886364 0.00174565 -0.462985
bt -0.00279265 -0.999579 0.0288864
t -0.640918 -0.0014249 -0.767608
bt -0.00312666 -0.999588 0.0285452
t -0.64287 -0.00115854 -0.765974
bt -0.0187719 -0.999558 0.0230528
t -0.643958 0.00650614 -0.765033
bt 0.132054 -0.984362 -0.116589
t -0.886536 -0.00698893 -0.462608
bt 0.0796999 -0.984172 -0.158282
t -0.886922 0.00578733 -0.461883
bt -0.0137894 -0.999576 0.025629
t -0.642921 0.0036631 -0.765924
bt 0.0332888 -0.99837 -0.0463499
t -0.642921 0.00366162 -0.765924
bt 0.042366 -0.99847 -0.03554
t -0.886902 -0.00364529 -0.461944
bt 0.0253523 -0.998481 -0.0489177
t -0.88694 -0.00365028 -0.461871
bt 0.0190977 -0.998455 -0.0521744
t -0.806859 0.00188233 0.590741
bt 0.421731 -0.0269972 0.906319
t -0.806859 0.00188232 0.590741
bt 0.642537 -0.0279638 0.765744
t -0.93175 -0.00183235 0.363096
bt 0.3005 -0.0278951 0.953374
t -0.931749 -0.00183241 0.363098
bt 0.174269 -0.0276576 0.98431
t 0.673052 0.032231 0.738892
bt -0.457729 -0.608818 0.647939
t 0.673047 0.0322248 0.738897
bt -0.600111 -0.621647 0.503411
t 0.867062 -0.0322355 0.497155
bt -0.361458 -0.62176 0.694811
t 0.867063 -0.0322353 0.497155
bt -0.270111 -0.618574 0.737839
t 0.642973 -0.00351271 0.765881
bt 0.0318966 -0.998496 -0.0445898
t 0.642916 -0.00351778 0.765928
bt 0.0408517 -0.998589 -0.0339205
t 0.886929 0.00349762 0.461893
bt 0.0239754 -0.998605 -0.0470437
t 0.886864 0.00348971 0.462017
bt 0.018086 -0.99858 -0.0501114
t 0.670809 -0.0328037 0.740904
bt 0.441632 -0.64476 -0.623896
t 0.670806 -0.0327991 0.740908
bt 0.57741 -0.657254 -0.48437
t 0.86854 0.0327904 0.494534
bt 0.348252 -0.657247 -0.668392
t 0.868538 0.0327935 0.494537
bt 0.260428 -0.654153 -0.710114
t 0.648075 0.0206076 0.761297
bt -0.196923 -0.941052 0.275032
t 0.657874 0.0616332 0.750602
bt -0.251906 -0.944392 0.211346
t 0.883485 -0.0205734 0.468008
bt -0.151712 -0.944402 0.291701
t 0.883485 -0.0205728 0.468008
bt -0.114301 -0.943562 0.310847
t 0.648129 -0.0205904 0.761252
bt 0.196984 -0.941013 -0.275123
t 0.64813 -0.0205925 0.761252
bt 0.251975 -0.944361 -0.211403
t 0.883485 0.0205749 0.468008
bt 0.151712 -0.944402 -0.291701
t 0.883484 0.0205755 0.468008
bt 0.114289 -0.943561 -0.310854
t 0.644113 0.0107644 0.764854
bt -0.0990301 -0.985514 0.13768
t 0.644164 0.0107516 0.764811
bt -0.126133 -0.986378 0.105588
t 0.884062 -0.0322411 0.466257
bt -0.0760241 -0.986392 0.145778
t 0.886107 -0.0107417 0.463356
bt -0.0573798 -0.986178 0.155436
t 0.6555 -0.0289769 0.754639
bt 0.388588 -0.861666 -0.326392
t 0.878629 0.0289848 0.476625
bt 0.234157 -0.861579 -0.450392
t 0.884811 0.0126592 0.465778
bt 0.191244 -0.940227 -0.281778
t 0.646211 -0.0126751 0.763054
bt 0.259255 -0.940961 -0.21767
t 0.645602 -0.0278299 0.763167
bt 0.0733643 -0.9885 -0.132234
t 0.886364 0.00926894 0.462897
bt 0.0492245 -0.98982 -0.13354
t 0.680879 -0.0277734 0.731869
bt 0.509696 -0.464099 -0.724446
t 0.68087 -0.0277665 0.731878
bt 0.673449 -0.476584 -0.565096
t 0.861896 0.0277618 0.506324
bt 0.406018 -0.476508 -0.779801
t 0.861896 0.0277623 0.506325
bt 0.302533 -0.473425 -0.82725
t 0.685516 -0.0224956 0.72771
bt 0.537128 -0.354498 -0.765391
t 0.685487 -0.0225553 0.727736
bt 0.713095 -0.365333 -0.598353
t 0.858847 0.0224686 0.511739
bt 0.429905 -0.365287 -0.82568
t 0.858845 0.0224705 0.511743
bt 0.31981 -0.362621 -0.875344
t 0.665676 0.0306386 0.745612
bt -0.519544 -0.756585 0.397055
t 0.873953 -0.0338686 0.48483
bt -0.23443 -0.75954 0.606747
t 0.872876 -0.0318039 0.486905
bt -0.464078 -0.747399 0.475422
t 0.662441 0.0344394 0.748322
bt -0.519561 -0.756567 0.397069
t 0.641838 -0.000788359 0.76684
bt 0.0139627 -0.999815 -0.0132326
t 0.642919 -0.00191142 0.765932
bt 0.0345986 -0.998831 -0.0337522
t 0.886976 0.0019247 0.461811
bt 0.0193802 -0.998822 -0.044475
t 0.886693 0.000632991 0.462358
bt 0.00723752 -0.999869 -0.0144954
t 0.660363 -0.0317316 0.750275
bt 0.457247 -0.802407 -0.383494
t 0.875417 0.0317148 0.482326
bt 0.275791 -0.802381 -0.529268
t 0.875416 0.0317189 0.482329
bt 0.344045 -0.799929 -0.491678
t 0.660409 -0.0316892 0.750237
bt 0.457276 -0.80238 -0.383518
t 0.667431 0.0327432 0.743951
bt -0.534147 -0.73058 0.42537
t 0.87199 -0.0343315 0.488318
bt -0.322323 -0.73337 0.598562
t 0.881986 -0.0176538 0.470946
bt -0.316964 -0.851992 0.416705
t 0.651517 0.0182804 0.758414
bt -0.424269 -0.853104 0.30366
t 0.849241 -0.0143092 0.527812
bt -0.564049 -0.609127 0.557506
t 0.66872 0.0311473 0.742861
bt -0.642389 -0.609547 0.464531
t 0.661637 0.0202462 0.749551
bt -0.515393 -0.684656 0.515379
t 0.877884 -0.0218155 0.478376
bt -0.438374 -0.686095 0.580605
t 0.806856 -0.00188218 -0.590745
bt 0.421745 -0.0269973 0.906313
t 0.806851 -0.00188196 -0.590752
bt 0.642515 -0.0279638 0.765763
t 0.931751 0.00186858 -0.363092
bt 0.300534 -0.0279904 0.95336
t 0.931751 0.00186858 -0.363092
bt 0.300534 -0.0279904 0.95336
t 0.786529 -0.0330741 -0.616666
bt 0.30806 -0.695082 0.649585
t 0.786505 -0.0331167 -0.616695
bt 0.455159 -0.706784 0.54156
t 0.942701 0.0331016 -0.331994
bt 0.213167 -0.70692 0.674407
t 0.942719 0.0331697 -0.331934
bt 0.125244 -0.703991 0.699078
t 0.667435 -0.0331405 0.74393
bt 0.415336 -0.695246 -0.586625
t 0.667441 -0.0331483 0.743924
bt 0.541494 -0.707113 -0.454725
t 0.870764 0.0331477 0.490582
bt 0.325993 -0.707198 -0.627375
t 0.870766 0.0331453 0.49058
bt 0.244126 -0.704249 -0.66666
t 0.642819 0 0.766018
bt 0 -1 0
t 0.642819 0 0.766018
bt 0 -1 0
t 0.887026 0 0.461719
bt 0 -1 0
t 0.887026 0 0.461719
bt 0 -1 0
t 0.642842 0.00255836 0.765995
bt -0.0233952 -0.999209 0.0321663
t 0.642842 0.00255905 0.765995
bt -0.0295079 -0.999255 0.0248839
t 0.886977 -0.00257215 0.461806
bt -0.0183631 -0.999247 0.034181
t 0.886913 -0.0025663 0.46193
bt -0.0137699 -0.999236 0.036574
t 0.666266 0.0330395 0.744982
bt -0.405779 -0.712804 0.572062
t 0.666276 0.0330537 0.744972
bt -0.528072 -0.724285 0.443341
t 0.871543 -0.0330936 0.489201
bt -0.318582 -0.724207 0.61158
t 0.871543 -0.0330936 0.489201
bt -0.318582 -0.724207 0.61158
t 0.666271 -0.033046 0.744977
bt 0.528072 -0.724285 -0.443341
t 0.871543 0.0330935 0.489201
bt 0.318582 -0.724207 -0.61158
t 0.871549 0.0330817 0.489192
bt 0.397512 -0.721223 -0.567293
t 0.666271 -0.033046 0.744978
bt 0.528072 -0.724285 -0.443341
t 0.644724 0.0012102 0.764414
bt -0.00189443 -0.999628 0.0272184
t 0.887546 -0.00500497 0.460692
bt -0.00198465 -0.99963 0.0271352
t 0.642815 -0.00118104 0.76602
bt 0.0186742 -0.999539 -0.0239493
t 0.64334 0.0064703 0.765554
bt -0.132349 -0.985607 0.105176
t 0.886393 -0.00621685 0.462893
bt -0.07974 -0.985784 0.147888
t 0.886968 0.00118308 0.46183
bt 0.00957765 -0.999545 -0.0286098
t 0.642921 0.00366185 0.765924
bt -0.0333407 -0.998372 0.0462882
t 0.642921 0.00366177 0.765924
bt -0.0424553 -0.99847 0.0354337
t 0.88694 -0.00365154 0.46187
bt -0.0255233 -0.998475 0.0489439
t 0.886902 -0.00365322 0.461944
bt -0.0192476 -0.998451 0.0522068
t 0.806857 0.00188223 -0.590744
bt -0.421744 -0.0269973 -0.906313
t 0.806862 0.00188245 -0.590737
bt -0.642515 -0.0279638 -0.765763
t 0.931748 -0.0018325 -0.363101
bt -0.300535 -0.0278951 -0.953363
t 0.931747 -0.00183254 -0.363102
bt -0.174305 -0.0276577 -0.984303
t 0.815321 -0.0954462 -0.571089
bt 0.442733 -0.75658 0.481221
t 0.953702 -0.00192042 -0.300746
bt -0.0113725 -0.998822 -0.0471634
t 0.930631 0.0231473 -0.365225
bt 0.525237 -0.595087 0.608274
t 0.948397 0.0288752 -0.315768
bt 0.309839 -0.691283 0.652784
t -0.951587 0.0322208 0.305685
bt -0.0491733 -0.986409 -0.156779
t -0.766202 -0.00771283 0.642554
bt -0.0250324 -0.999247 -0.0296478
t -0.624956 -0.0616272 -0.778223
bt 0.252018 -0.944392 -0.211213
t -0.561869 -0.0969128 -0.82153
bt 0.525761 -0.713288 -0.463461
t -0.695289 0.0984927 0.71195
bt -0.454427 -0.707163 -0.541679
t 0.624953 -0.0616377 0.778225
bt -0.251906 -0.944392 0.211346
t 0.321743 -0.0632453 0.944713
bt 0.257613 -0.922509 -0.287425
t 0.321742 -0.0632454 0.944713
bt 0.32304 -0.940895 -0.10179
t 0.639477 0.0278369 0.768306
bt 0.108411 -0.989951 -0.0907919
t 0.39165 -0.098483 0.914829
bt 0.567389 -0.680902 -0.463078
t 0.391644 -0.098477 0.914832
bt 0.674027 -0.707376 -0.212854
t 0.109601 0.0631921 -0.991965
bt -0.337041 -0.941025 -0.0296005
t 0.109596 0.0631791 -0.991966
bt -0.337009 -0.941039 -0.0294908
t 0.320491 -0.0820502 -0.943691
bt -0.889722 -0.448762 -0.0837163
t 0.32047 -0.082062 -0.943697
bt -0.779815 -0.47655 -0.405942
t 0.411406 0.0884789 -0.907147
bt 0.579356 -0.814645 -0.0264643
t 0.376458 0.099974 -0.921024
bt 0.619686 -0.726493 0.29698
t 0.188561 -0.0270312 -0.981689
bt 0.685371 -0.565902 0.458282
t -0.320495 -0.082048 0.94369
bt 0.889731 -0.448753 0.0836643
t -0.320495 -0.0820484 0.94369
bt 0.7798 -0.47655 0.405971
t -0.23671 0.0821051 0.968105
bt 0.875809 -0.476539 0.0766129
t -0.23671 0.0821051 0.968105
bt 0.875809 -0.476539 0.0766129
t -0.205718 0.00158686 0.97861
bt -0.619349 -0.621092 -0.480262
t -0.94369 -0.082048 -0.320495
bt -0.405971 -0.47655 0.7798
t -0.968105 0.0821042 -0.236708
bt -0.0766523 -0.476539 0.875805
t -0.968105 0.0821042 -0.236708
bt -0.0766523 -0.476539 0.875805
t -0.986667 -0.00491656 -0.162677
bt 0.399824 -0.603993 -0.689444
t -0.887098 -0.00578481 -0.461544
bt -0.00732412 -0.999553 0.0289934
t 0.998394 0.0322528 0.0465812
bt -0.0684134 -0.621768 0.780208
t 0.998394 0.0322528 0.0465812
bt -0.0684134 -0.621768 0.780208
t 0.996208 -0.00350707 0.0869366
bt 0.00458385 -0.998595 -0.0528013
t 0.996199 -0.00351258 0.0870368
bt 0.00458379 -0.998595 -0.0528008
t 0.998231 -0.0328137 0.0495853
bt 0.0658067 -0.657316 -0.750737
t 0.998231 -0.0328137 0.0495853
bt 0.0658067 -0.657316 -0.750737
t 0.996584 0.0205786 0.079987
bt -0.0285094 -0.944399 0.327564
t 0.996584 0.0205786 0.079987
bt -0.0285094 -0.944399 0.327564
t 0.996583 -0.0205809 0.0799862
bt 0.0285094 -0.944399 -0.327564
t 0.996583 -0.0205809 0.0799862
bt 0.0285094 -0.944399 -0.327564
t 0.889048 0.0322308 0.456678
bt -0.0760246 -0.986392 0.145778
t 0.996289 0.0107575 0.0853933
bt -0.0144313 -0.986393 0.163772
t 0.996289 0.0107575 0.0853933
bt -0.0144313 -0.986393 0.163772
t 0.997119 -0.0289911 0.0700996
bt 0.0439723 -0.86152 -0.505816
t 0.996503 -0.0126711 0.0825968
bt 0.0294624 -0.940937 -0.337297
t 0.996273 -0.00926478 0.0857521
bt 0.0126161 -0.989967 -0.140737
t 0.968105 0.0821041 0.236708
bt 0.0766523 -0.476539 -0.875805
t 0.968105 0.0821041 0.236708
bt 0.0766523 -0.476539 -0.875805
t 0.999302 -0.0224737 0.0298359
bt 0.0811095 -0.365285 -0.927355
t 0.999302 -0.0224737 0.0298359
bt 0.0811095 -0.365285 -0.927355
t 0.980876 -0.097298 0.16857
bt -0.0563509 -0.76305 0.643878
t 0.980876 -0.097298 0.16857
bt -0.0563509 -0.76305 0.643878
t 0.996189 0.00192049 0.0871999
bt 0.00420939 -0.998828 -0.0482183
t 0.996199 -0.000603843 0.0871008
bt 0.00131314 -0.999884 -0.0151432
t 0.997475 -0.0316987 0.0635573
bt 0.0520328 -0.802459 -0.594434
t 0.997475 -0.0316987 0.0635573
bt 0.0520328 -0.802459 -0.594434
t 0.997871 0.0343134 0.0554611
bt -0.059162 -0.73431 0.676231
t 0.996924 0.0180585 0.0762687
bt -0.0707061 -0.855651 0.512701
t 0.983936 -0.000480857 0.178518
bt -0.464586 -0.599021 0.652176
t 0.996043 -0.01356 0.0878332
bt -0.253273 -0.68717 0.680919
t 0.988253 -0.00189241 0.152813
bt -0.087083 -0.0280032 0.995807
t 0.988253 -0.00189236 0.152812
bt -0.222437 -0.027735 0.974552
t 0.99221 -0.0330578 0.120113
bt -0.0619074 -0.706955 0.704543
t 0.992216 -0.0331292 0.120045
bt -0.0619078 -0.706951 0.704548
t 0.997983 -0.0331698 0.0541172
bt 0.061894 -0.707105 -0.704394
t 0.99799 -0.0330976 0.0540477
bt 0.0618943 -0.707101 -0.704399
t 0.996191 0 0.0872004
bt 0 -1 0
t 0.996191 -1.53547e-05 0.0872004
bt 0 -1 0
t 0.996199 0.00255788 0.0870684
bt -0.00304533 -0.999255 0.0384791
t 0.996208 0.00255386 0.0869681
bt -0.00304535 -0.999255 0.0384795
t 0.997895 0.033132 0.0557462
bt -0.059814 -0.724275 0.686912
t 0.997901 0.0330639 0.0556726
bt -0.148121 -0.721421 0.67647
t 0.997901 -0.0330564 0.0556798
bt 0.0598144 -0.724271 -0.686917
t 0.997895 -0.0331268 0.0557511
bt 0.059814 -0.724275 -0.686912
t 0.88768 0.00493613 0.460435
bt -0.0023211 -0.999634 0.0269607
t 0.996199 0.00180197 0.087082
bt -0.00237821 -0.99963 0.0270966
t 0.996267 0.00598181 0.0861179
bt -0.0146177 -0.985855 0.166962
t 0.996199 -0.00118446 0.0871031
bt 0.00259798 -0.999556 -0.029685
t 0.996208 0.00365361 0.086932
bt -0.00478397 -0.998475 0.0549911
t 0.996208 0.00365361 0.086932
bt -0.00478397 -0.998475 0.0549911
t 0.988253 0.00187713 0.152814
bt 0.0870833 -0.0279037 -0.99581
t 0.988253 0.00187713 0.152814
bt 0.0870833 -0.0279037 -0.99581
t 0.997005 0.0182491 0.075157
bt -0.0107525 -0.834909 0.550282
t 0.956966 -0.018618 -0.289603
bt 0.21813 -0.83352 0.507606
t 0.996043 -0.01356 0.0878332
bt -0.253273 -0.68717 0.680919
t -0.95754 -0.0184157 0.287712
bt -0.164779 -0.818277 -0.550701
t -0.99708 0.0187469 -0.0740315
bt 0.00147244 -0.816621 -0.577172
t -0.996496 0.0126318 -0.0826864
bt -0.00689179 -0.940922 -0.338552
t -0.954859 -0.012706 0.296787
bt -0.125116 -0.941841 -0.311899
t -0.295772 -0.0117982 -0.955186
bt 0.321605 -0.945456 -0.0517961
t -0.289367 -0.0193217 -0.957023
bt 0.519341 -0.821148 -0.236645
t 0.0734125 0.0176671 -0.997145
bt 0.56554 -0.824422 -0.0222195
t 0.084332 0.0122227 -0.996363
bt 0.311831 -0.94946 0.0358775
t 0.287794 -0.0176569 0.95753
bt -0.538213 -0.829744 0.147821
t -0.0757717 0.0193617 0.996937
bt -0.558728 -0.826272 -0.0713898
t -0.0821557 0.011476 0.996553
bt -0.316188 -0.948526 0.0179794
t 0.298114 -0.0118802 0.954456
bt -0.287339 -0.952391 0.101919
t 0.465951 -0.01119 -0.88474
bt 0.247882 -0.951343 0.183035
t 0.471652 -0.0191796 -0.881576
bt 0.525885 -0.827913 0.194948
t 0.757479 0.0177542 -0.652619
bt 0.404913 -0.831103 0.3812
t 0.764258 0.0115516 -0.644807
bt 0.177912 -0.954712 0.23848
t -0.473936 -0.0178517 0.880378
bt -0.494171 -0.822888 -0.280445
t -0.757954 0.01922 0.652024
bt -0.355683 -0.820094 -0.448258
t -0.762699 0.0121234 0.64664
bt -0.252563 -0.942603 -0.218431
t -0.464471 -0.0125151 0.8855
bt -0.291094 -0.946457 -0.139582
t -0.884689 -0.0124194 -0.466017
bt 0.209349 -0.94035 -0.268169
t -0.880905 -0.0190122 -0.47291
bt 0.214106 -0.816974 -0.535456
t -0.653207 0.0180802 -0.756964
bt 0.395787 -0.818526 -0.416375
t -0.645464 0.012682 -0.763685
bt 0.263554 -0.943785 -0.199522
t 0.881004 -0.0179404 0.472769
bt -0.218213 -0.834083 0.506644
t 0.651275 0.0189594 0.758605
bt -0.434256 -0.83275 0.343438
t 0.646049 0.0110215 0.763217
bt -0.192279 -0.95348 0.232175
t 0.885602 -0.0112517 0.464309
bt -0.111407 -0.956121 0.270963
t 0.997005 0.0182491 0.075157
bt -0.0107525 -0.834909 0.550282
t 0.996421 0.0110387 0.0838067
bt -0.0252733 -0.957028 0.288894
t 0.993586 0.0191108 -0.111457
bt 0.459709 -0.600163 0.654578
t -0.996273 0.00972399 -0.0857079
bt -0.0203669 -0.988391 -0.150563
t -0.953864 -0.00975651 0.30008
bt -0.0537712 -0.989102 -0.137063
t -0.29758 -0.00875975 -0.954657
bt 0.136623 -0.990313 -0.0247666
t 0.0881931 0.00892402 -0.996063
bt 0.130754 -0.991356 0.0108275
t -0.0838351 0.00832085 0.996445
bt -0.132053 -0.991232 0.00465423
t 0.30163 -0.00845888 0.953387
bt -0.118613 -0.992207 0.0381529
t 0.46614 -0.0243378 -0.884376
bt 0.0946781 -0.99162 0.0878936
t 0.76642 0.00803738 -0.642289
bt 0.0731238 -0.992873 0.0941062
t -0.764103 0.00915676 0.645029
bt -0.108232 -0.989477 -0.096032
t -0.461097 -0.00932702 0.887301
bt -0.122459 -0.990474 -0.0629632
t -0.885919 -0.00950861 -0.463743
bt 0.0767992 -0.989088 -0.125725
t -0.642664 0.00962689 -0.766088
bt 0.112625 -0.98967 -0.0887029
t 0.644663 0.00764881 0.764429
bt -0.0775135 -0.992661 0.0928164
t 0.886976 -0.00770441 0.461751
bt -0.044277 -0.993269 0.107032
t 0.460611 0.0248587 -0.887254
bt 0.118051 -0.992061 0.0433388
t 0.99624 0.00751785 0.0863072
bt -0.00993775 -0.993469 0.113665
t 0.953742 0.00131065 -0.300625
bt -0.00886796 -0.999451 -0.0319104
t 0.996198 -0.00132968 0.0871042
bt 0.00288774 -0.999452 -0.0329753
t -0.953742 0.00133424 0.300625
bt 0.0119869 -0.999433 0.0314508
t -0.996198 -0.00133545 -0.0871047
bt -0.000882632 -0.999433 0.0336522
t -0.300625 0.00133098 -0.953742
bt -0.0312757 -0.999436 0.0122098
t 0.0871046 -0.00132788 -0.996198
bt -0.0334707 -0.999439 -0.000665025
t 0.300625 0.00132307 0.953742
bt 0.0311994 -0.999444 -0.0117876
t -0.0871046 -0.0013285 0.996198
bt 0.0334351 -0.99944 0.00107252
t 0.461802 0.00132309 -0.886982
bt -0.0305709 -0.999443 -0.0133918
t 0.766021 -0.00132014 -0.642814
bt -0.0230234 -0.999446 -0.0240223
t -0.461802 0.00133154 0.886982
bt 0.030575 -0.999437 0.0138166
t -0.766021 -0.00133217 0.642814
bt 0.0229953 -0.999437 0.0244371
t -0.886982 0.00133582 -0.461802
bt -0.0136301 -0.999433 0.0307847
t -0.642814 -0.0013328 -0.766021
bt -0.0242509 -0.999436 0.0232171
t -0.886922 0.00578733 -0.461883
bt -0.0133652 -0.999576 0.0258525
t 0.886982 0.00131945 0.461802
bt 0.0135837 -0.999447 -0.0303585
t 0.642814 -0.00132042 0.766021
bt 0.0242097 -0.999447 -0.0228
t -0.887098 -0.00578481 -0.461545
bt 0.000203834 -0.999458 0.0329113
t 0.996198 -0.0013243 0.0871045
bt 0.00289416 -0.999449 -0.0330753
t -0.953712 0.00130619 0.300718
bt 0.0127566 -0.999457 0.0303689
t -0.996198 -0.00130406 -0.0871039
bt 0.000126382 -0.999457 0.032935
t -0.300625 0.00130668 -0.953742
bt -0.0305006 -0.999454 0.012675
t 0.0871038 -0.00131282 -0.996198
bt -0.0331264 -0.999451 2.22112e-05
t 0.300718 0.0013134 0.953712
bt 0.0305446 -0.999451 -0.0128637
t -0.0871039 -0.00131143 0.996198
bt 0.0331419 -0.999451 -0.000199282
t 0.461802 0.00131176 -0.886982
bt -0.0292335 -0.999455 -0.0153119
t 0.766021 -0.0013122 -0.642814
bt -0.0212261 -0.999452 -0.0253999
t -0.461802 0.00130771 0.886982
bt 0.0292213 -0.999459 0.015119
t -0.765975 -0.00130159 0.642869
bt 0.0211339 -0.999462 0.0250834
t -0.886982 0.00130328 -0.461802
bt -0.0151728 -0.999462 0.0290807
t -0.64276 -0.00130601 -0.766066
bt -0.0251665 -0.999462 0.0210343
t 0.886982 0.00131552 0.461802
bt 0.0152529 -0.999452 -0.0293769
t 0.642869 -0.00131379 0.765975
bt 0.0253158 -0.999452 -0.0213232
t 0.996198 -0.00132968 0.0871042
bt 0.00288774 -0.999452 -0.0329753
t 0.996189 0.00192049 0.0871999
bt 0.00420939 -0.998828 -0.0482183
t -0.0878883 -0.0224408 -0.995878
bt 0.732871 -0.560267 0.386007
t 0.782536 0.618885 -0.0679637
bt -0.15325 -0.026223 -0.987839
t 0.782841 0.618495 -0.0680005
bt -0.15404 -0.0252348 -0.987742
t 0.109095 0.993254 -0.0393033
bt -0.12225 -0.00592151 -0.992482
t 0.112846 0.993564 -0.00981311
bt -0.12196 -0.00596382 -0.992517
t -0.269892 0.614068 -0.741673
bt -0.967935 0.0846172 0.23652
t 0.0688415 0.614114 -0.786209
bt -0.999155 0.0182436 0.0368303
t -0.270457 0.60302 -0.750479
bt -0.989838 -0.0542565 0.131445
t -0.269892 0.614068 -0.741673
bt -0.967935 0.0846172 0.23652
t 0.000157204 0.99356 -0.11331
bt -0.998195 0.00428225 0.0599008
t -0.00980528 0.993579 -0.112717
bt -0.998171 0.00430973 0.0602991
t -0.000274553 0.617522 0.786554
bt -0.996302 0.0188001 0.0838438
t 0.067963 0.618401 0.782919
bt -0.996194 0.0177278 0.0853414
t -0.0198826 0.990853 0.133471
bt -0.995374 -0.00410673 0.0959893
t -0.0717578 0.988131 0.135826
bt -0.996274 0.00158212 0.0862304
t -0.00616437 -0.0529855 0.998576
bt -0.683522 -0.549259 -0.480742
t 0.998066 -0.0308037 -0.0539909
bt -0.464035 -0.557622 0.688279
t 0.983936 -0.000480857 0.178518
bt -0.464586 -0.599021 0.652176
t -0.121517 -0.00232094 -0.992587
bt -0.122772 0.0271377 -0.992064
t -0.116635 -0.336518 0.934426
bt -0.139418 -0.00956639 0.990187
t 0.138793 0.0096137 -0.990275
bt 0.13734 0.0396786 -0.989729
t -0.121717 -0.00234033 -0.992562
bt -0.122977 0.0271184 -0.992039
t -0.777577 0.613661 -0.137089
bt -0.00912895 -0.0987416 0.995071
t -0.782889 0.618434 0.0680049
bt 0.0893278 0.026121 0.99566
t -0.786488 0.602453 -0.135968
bt 0.0870732 0.026337 0.995854
t -0.777288 0.614037 -0.137049
bt -0.0117584 -0.102232 0.994691
t 0.786403 0.602565 0.135962
bt 0.0870725 -0.0263284 0.995854
t 0.782841 0.618495 -0.0680005
bt 0.0893268 -0.0261156 0.99566
t 0.77754 0.61371 0.137082
bt -0.00912897 0.0987292 0.995072
t 0.777241 0.614099 0.13704
bt -0.0117755 0.102237 0.99469
t 0.112639 0.99344 0.0197487
bt -0.137235 0.0241645 0.990244
t 0.112846 0.993564 -0.0098128
bt 0.120608 -0.00592734 0.992683
t 0.116244 0.993034 0.0192737
bt 0.120909 -0.00591895 0.992646
t 0.112552 0.99345 0.0197363
bt -0.136128 0.0240105 0.9904
t 0.507562 -0.0874873 -0.857162
bt 0.400307 -0.844254 0.356357
t 0.411285 0.0886795 -0.907183
bt 0.470938 -0.851513 0.230529

