g sponza_135
t -0.424878 -0.90464 -0.0332429
bt -0.288199 0.17156 0.942077
t -0.413613 -0.908055 0.0660371
bt 0.300898 -0.145678 0.942464
t -0.33394 -0.942397 0.0192687
bt 0.31028 -0.111785 0.94405
t -0.346957 -0.93766 0.0203871
bt -0.27391 0.207243 0.939161
t -0.610511 -0.780046 -0.137131
bt -0.628469 0.573636 0.525326
t -0.58763 -0.805813 -0.0731894
bt -0.633302 0.622041 0.460427
t -0.962286 -0.265682 -0.0584615
bt -0.101118 0.424545 0.899742
t -0.895704 -0.444481 0.0122558
bt -0.407869 0.0205402 0.912809
t -0.858421 -0.512919 -0.00518677
bt -0.0188461 0.200333 0.979547
t -0.964499 -0.253193 -0.0750662
bt -0.112543 0.490698 0.864031
t -0.586216 -0.809953 -0.0180516
bt -0.183515 0.249594 0.950802
t -0.771176 -0.617445 -0.155075
bt -0.514202 0.585255 0.626955
t -0.826508 -0.529517 -0.19104
bt -0.301267 0.630522 0.715318
t -0.682001 -0.730397 -0.0373431
bt -0.106601 0.269391 0.957113
t -0.91045 -0.373213 -0.178307
bt -0.0539641 0.577952 0.814285
t -0.808024 -0.589134 -0.00424504
bt 0.00108783 0.259147 0.965837
t -0.741948 -0.6682 -0.0549721
bt -0.0310938 0.286162 0.957677
t -0.870251 -0.453424 -0.192535
bt -0.112036 0.633761 0.765373
t -0.955182 -0.273684 -0.112805
bt -0.00845396 0.51065 0.859747
t -0.809685 -0.586795 -0.0090144
bt 0.0184741 -0.245797 0.969145
t -0.756606 -0.653174 -0.0301857
bt 0.0218043 -0.293652 0.955664
t -0.602975 -0.796097 -0.0514949
bt 0.150985 -0.290974 0.944742
t -0.458601 -0.680768 -0.571174
bt -0.124482 -0.857074 0.499928
t -0.509795 -0.462631 -0.725315
bt -0.162484 -0.802686 0.573842
t -0.893593 -0.424209 -0.146762
bt -0.00555429 -0.900945 0.433897
t -0.91189 -0.351618 -0.211708
bt 0.00570343 -0.939674 0.342023
t -0.85851 -0.51278 0.00429807
bt -0.0135616 -0.218817 0.975672
t -0.89934 -0.416947 -0.131693
bt -0.0224537 -0.249141 0.968207
t -0.962286 -0.265683 0.0584624
bt 0.0134412 -0.444149 0.895852
t -0.976148 -0.216877 0.00998837
bt -0.00469213 -0.512725 0.85854
t -0.957381 -0.267954 -0.107803
bt -0.0386712 -0.730603 0.681706
t -0.949792 -0.258104 -0.176854
bt -0.0268083 -0.811341 0.583958
t -0.602975 -0.796097 -0.0514949
bt 0.150985 -0.290974 0.944742
t -0.710444 -0.689775 -0.13957
bt -0.0360116 -0.402182 0.914851
t -0.756606 -0.653174 -0.0301857
bt 0.0218043 -0.293652 0.955664
t -0.809685 -0.586795 -0.0090144
bt 0.0184741 -0.245797 0.969145
t -0.967707 -0.2519 -0.00951333
bt -0.0358335 -0.594153 0.803553
t -0.958976 -0.280985 -0.0375965
bt -0.0432163 -0.666325 0.744408
t -0.939793 -0.0772435 -0.332901
bt -0.00817555 -0.901323 0.43307
t -0.635556 -0.642424 -0.428206
bt -0.273322 -0.712898 0.645811
t -0.976683 -0.192063 -0.0959325
bt -0.0332365 -0.45314 0.89082
t -0.975082 0.217307 0.0446428
bt 0.0173802 -0.450275 0.892721
t -0.97953 0.200432 0.0186687
bt 0.0102303 -0.513704 0.857907
t -0.961198 0.239785 0.136385
bt 0.0428607 -0.731225 0.680788
t -0.953225 0.223013 0.204027
bt 0.000155563 -0.806727 0.590925
t -0.965983 0.245787 0.0804062
bt 0.0422883 -0.666121 0.744644
t -0.972725 0.227601 0.044767
bt 0.0373878 -0.594388 0.803309
t -0.942508 -0.145595 -0.300799
bt -0.0270032 -0.903909 0.426872
t -0.938898 0.22334 0.261897
bt -0.0172152 -0.897294 0.441099
t -0.519213 0.522223 0.676535
bt 0.144686 -0.78704 0.599695
t -0.45737 0.695635 0.553989
bt 0.118749 -0.852004 0.50989
t -0.908058 0.364998 0.205444
bt -0.0136673 -0.938646 0.344611
t -0.846612 0.317927 0.426814
bt 0.0677849 -0.269998 0.960472
t -0.860049 0.510058 0.0125521
bt 0.0844945 -0.258345 0.962351
t -0.637186 0.665866 0.388093
bt 0.134313 -0.598779 0.789572
t -0.716095 0.649459 0.255755
bt 0.186019 -0.525678 0.830096
t -0.814046 0.57855 0.0510757
bt 0.152831 -0.35758 0.921292
t -0.766585 0.628344 0.132403
bt 0.177052 -0.442802 0.878965
t -0.942508 -0.145595 -0.300799
bt -0.0529203 -0.906869 0.418077
t -0.89934 -0.416947 -0.131693
bt -0.0224537 -0.249141 0.968207
t -0.85851 -0.51278 0.00429807
bt -0.0135616 -0.218817 0.975672
t -0.710444 -0.689775 -0.13957
bt -0.0360116 -0.402182 0.914851
t -0.106829 -0.988518 0.106859
bt -0.702652 0.110825 0.70285
t 0 -1 0
bt -0.373356 0.218579 0.90157
t -0.0357481 -0.995626 0.0863215
bt -0.381382 0.0800108 0.920949
t -0.106829 -0.988518 0.106859
bt -0.702652 0.110825 0.70285
t 0 -1 0
bt 0.382595 0 0.923916
t 0 -1 0
bt 0.382595 0 0.923916
t -1 0 0
bt 0 -1 0
t -0.918593 0.107167 0.380398
bt 0 -1 0
t -0.918593 0.107167 0.380398
bt 0 -1 0
t -1 0 0
bt 0 -1 0
t -0.341558 -0.450665 -0.824766
bt 0.0284528 -0.997231 0.0687055
t -0.655837 -0.373512 -0.656023
bt 0 -1 0
t -0.640735 -0.422713 -0.640916
bt 0.0568776 -0.996759 0.0568937
t -0.341558 -0.450665 -0.824766
bt 0.0284528 -0.997231 0.0687055
t -0.65948 0.361475 0.659107
bt -0.03656 -0.998663 0.0365393
t -0.675657 0.295788 0.675275
bt 0 -1 0
t -0.993826 0 -0.110947
bt -0.313537 0 0.949576
t -0.999911 0 -0.0133316
bt -0.0023647 0 0.999997
t -0.997152 0 -0.0754234
bt -0.211407 0 0.977398
t -0.993826 0 -0.110947
bt -0.313537 0 0.949576
t -0.995717 0 -0.0924494
bt -0.0385651 0 0.999256
t -0.995757 0 -0.0920261
bt -0.0385651 0 0.999256
t -0.994151 0 -0.107997
bt -0.0329677 0 0.999456
t -0.995189 0 0.0979699
bt 0.0273222 0 0.999627
t -0.995189 0 0.0979699
bt 0.0220464 0 0.999757
t -0.996005 0 -0.0893018
bt -0.0412542 0 0.999149
t -0.995717 0 -0.0924494
bt -0.0385651 0 0.999256
t -0.995757 0 -0.0920261
bt -0.0385651 0 0.999256
t -0.946372 0 0.323078
bt 0.014675 0 0.999892
t -0.956702 0 0.291068
bt 0.0741621 0 0.997246
t 0 -1 0
bt -0.923885 0 0.382671
t 0 -1 0
bt -0.923885 0 0.382671
t 0 -1 0
bt -0.707157 0 0.707057
t 0 -1 0
bt -0.707157 0 0.707057
t 0 -1 0
bt 0 0 1
t 0 -1 0
bt 0 0 1
t 0 -1 0
bt 0 0 1
t 0 -1 0
bt 0 0 1
t -0.917203 -0.12031 -0.379822
bt 0 -1 0
t -0.917203 -0.12031 -0.379822
bt 0 -1 0
t -0.923913 0 0.382602
bt 0 -1 0
t -0.917944 0.113488 0.38013
bt 0 -1 0
t -0.667176 -0.331668 -0.666987
bt 0 -1 0
t -0.707207 0 -0.707007
bt -0.0279188 -0.99922 -0.0279109
t -0.671659 0.313054 0.671469
bt 0 -1 0
t -0.671659 0.313054 0.671469
bt 0 -1 0
t 0.419649 -0.9064 0.048313
bt 0.300691 0.145883 -0.942498
t 0.413496 -0.908108 -0.0660319
bt -0.300831 -0.145593 -0.942498
t 0.33372 -0.942475 -0.0192784
bt -0.310314 -0.111715 -0.944047
t 0.327915 -0.944006 0.0363934
bt 0.309982 0.112634 -0.944047
t 0.803065 -0.594618 0.038941
bt 0.124366 0.170954 -0.977399
t 0.809769 -0.58668 0.00900243
bt -0.0185171 -0.245744 -0.969158
t 0.756661 -0.653108 0.0302252
bt -0.0218009 -0.293644 -0.955666
t 0.746126 -0.664932 0.0340727
bt 0.157501 0.179751 -0.971022
t 0.579539 -0.813826 0.0426929
bt 0.239445 0.175357 -0.954943
t 0.602909 -0.796143 0.051554
bt -0.150898 -0.290927 -0.944771
t 0.458419 -0.680919 0.57114
bt 0.124309 -0.857117 -0.499898
t 0.509633 -0.462644 0.72542
bt 0.162463 -0.802709 -0.573816
t 0.936343 -0.247117 0.249389
bt 0.0198085 -0.902966 -0.429254
t 0.91188 -0.351656 0.211691
bt -0.00574623 -0.939669 -0.342037
t 0.858511 -0.512777 -0.00427609
bt 0.0133698 -0.218818 -0.975674
t 0.899386 -0.416863 0.131645
bt 0.02225 -0.249148 -0.96821
t 0.970271 -0.24192 -0.00698387
bt 0.00191066 -0.447302 -0.894381
t 0.976166 -0.216797 -0.00999321
bt 0.00449361 -0.51281 -0.85849
t 0.95732 -0.268131 0.107903
bt 0.0387575 -0.730574 -0.681733
t 0.949755 -0.25819 0.176929
bt 0.0270014 -0.811335 -0.583957
t 0.602909 -0.796143 0.051554
bt -0.150898 -0.290927 -0.944771
t 0.710434 -0.689791 0.139544
bt 0.036122 -0.402162 -0.914856
t 0.756661 -0.653108 0.0302252
bt -0.0218009 -0.293644 -0.955666
t 0.809769 -0.58668 0.00900243
bt -0.0185171 -0.245744 -0.969158
t 0.96771 -0.251886 0.00953323
bt 0.0357466 -0.59414 -0.803567
t 0.959001 -0.280905 0.0375477
bt 0.043158 -0.666311 -0.744424
t 0.635502 -0.642463 0.428227
bt 0.27337 -0.712979 -0.645701
t 0.976683 0.192063 -0.0959325
bt -0.0329289 -0.453084 -0.890859
t 0.983208 0.156754 -0.0934399
bt -0.0139118 -0.514202 -0.857557
t 0.964276 0.182768 -0.191749
bt -0.0508286 -0.732487 -0.678881
t 0.954911 0.175453 -0.239501
bt -0.0405776 -0.813429 -0.580247
t 0.971021 0.179544 -0.15774
bt -0.0391886 -0.665637 -0.745246
t 0.977398 0.170644 -0.124792
bt -0.0439844 -0.595371 -0.802246
t 0.983207 0.156478 -0.0939029
bt -0.0360401 -0.517446 -0.854957
t 0.942504 0.14563 -0.300797
bt -0.0266998 -0.903828 -0.427062
t 0.944015 0.112248 -0.310219
bt -0.0362369 -0.943952 -0.328088
t 0.890811 -0.453151 0.0333187
bt 0.0959792 0.192156 -0.97666
t 0.899386 -0.416863 0.131645
bt 0.02225 -0.249148 -0.96821
t 0.858511 -0.512777 -0.00427609
bt 0.0133698 -0.218818 -0.975674
t 0.856163 -0.516055 0.0259204
bt 0.0934583 0.156754 -0.983206
t 0.680451 -0.731464 0.0441249
bt 0.19175 0.182767 -0.964276
t 0.710434 -0.689791 0.139544
bt 0.036122 -0.402162 -0.914856
t 0 -1 0
bt 0 0 -1
t 0 -1 0
bt 0 0 -1
t 0 -1 0
bt 0 0 -1
t 0 -1 0
bt 0 0 -1
t 0.915371 -0.135668 0.379064
bt 0 -1 0
t 1 0 0
bt 0 -1 0
t 1 0 0
bt 0 -1 0
t 0.912907 -0.153895 0.378043
bt -0.0229234 -0.999692 -0.00949319
t 0.641048 -0.422588 0.640685
bt -0.056922 -0.996756 -0.0568898
t 0.641048 -0.422588 0.640685
bt -0.056922 -0.996756 -0.0568898
t 0.999992 0 0.00408756
bt 0 0 -1
t 0.995721 0 0.0924141
bt 0.0384539 0 -0.99926
t 0.99576 0 0.0919899
bt 0.0384539 0 -0.99926
t 0.999992 0 0.00408756
bt 0 0 -1
t 0.994145 0 0.108052
bt 0.0331076 0 -0.999452
t 1 0 0
bt -0.00373736 0 -0.999993
t 1 0 0
bt 0.0041753 0 -0.999991
t 0.996008 0 0.0892652
bt 0.0412372 0 -0.999149
t 0.995721 0 0.0924141
bt 0.0384539 0 -0.99926
t 0.99576 0 0.0919899
bt 0.0384539 0 -0.99926
t 0 -1 0
bt 0 0 -1
t 0 -1 0
bt 0 0 -1
t 0 -1 0
bt 0 0 -1
t 0 -1 0
bt 0 0 -1
t 0.917202 -0.120314 0.379822
bt 0 -1 0
t 0.917202 -0.120314 0.379822
bt 0 -1 0
t 0.923869 0 -0.38271
bt 0 -1 0
t 0.923869 0 -0.38271
bt 0 -1 0
t 0.66718 -0.331653 0.666991
bt 0 -1 0
t 0.707207 0 0.707007
bt 0.0279203 -0.99922 0.0279124
t -0.999804 0 0.019809
bt 0 0 1
t -0.999796 0 -0.0202162
bt 0 0 1
t -0.999912 0 0.0132722
bt 0 0 1
t -0.99995 0 0.00995492
bt 5.03711e-05 0 1
t -1 0 0.000435938
bt -0.0650799 0 0.99788
t -1 0 0.000132245
bt 6.71615e-05 0 1
t -0.997864 0 -0.0653309
bt 0.000436037 0 1
t -1 0 2.91314e-06
bt 0.000201485 0 1

