g sponza_189
t 0.972764 0.216523 0.0827562
bt -0.117219 0.327917 -0.937406
t 0.899809 0.392274 -0.190959
bt -0.340481 0.108232 -0.934002
t 0.903829 0.415951 -0.100392
bt -0.0848912 0.0509046 -0.995089
t 0.99495 -0.0499055 -0.0870825
bt -0.0121758 0.411436 -0.911357
t 0.922253 0.37549 0.0919632
bt 0.22572 -0.158985 -0.961132
t 0.92168 0.381785 -0.0688961
bt 0 0 -1
t 0.92176 0.381814 0.0676471
bt 0.000106984 4.43126e-05 -1
t 0.907756 0.414508 0.0645177
bt 0.126225 -0.0319709 -0.991486
t 0.989162 0.0233262 -0.144962
bt -0.0282919 -0.412501 -0.910518
t 0.972297 0.205403 -0.111575
bt -0.0573785 -0.368764 -0.927751
t 0.972758 -0.215316 0.0859144
bt -0.0839948 -0.33658 -0.937901
t 1 0 0
bt -0.0954853 -0.380961 -0.919647
t 1 0 0
bt 0.0295386 -0.382543 -0.923466
t 0.996682 -0.0742226 0.0334198
bt -0.00678598 -0.410045 -0.91204
t 0.910766 -0.412227 -0.0239797
bt -0.0944144 -0.0465589 -0.994444
t 0.937759 -0.332547 0.100107
bt -0.13257 -0.197154 -0.971368
t 0.937892 -0.334967 -0.0903028
bt 0.0279209 0.23703 -0.971101
t 0.918608 -0.380531 -0.106561
bt 0 0 -1
t 0.92377 -0.382669 0.0146033
bt 0 0 -1
t 0.912347 -0.408836 -0.0218247
bt 0.0334198 0.0742226 -0.996682
t 0.972297 -0.20541 -0.111557
bt -0.158829 0.387184 -0.908219
t 1 0 0
bt 0.988414 0.0580886 -0.140227
t 1 -7.43191e-05 0.000179408
bt -0.0835957 0.38137 -0.920635
t 0.972764 0.216558 0.0826629
bt 0.960257 0.270774 -0.0677303
t 0.996682 -0.0742226 -0.0334198
bt 0.985477 -0.0120007 -0.169383
t 0.996682 0.0742226 0.0334198
bt -0.15602 0.39388 -0.905824
t 0.937756 -0.340457 0.0685775
bt 0.0821776 0.216743 0.972764
t 0.972463 -0.207625 0.105865
bt 0.222517 0.297618 0.928391
t 0.996675 -0.0757394 0.0300497
bt 0.0358413 0.407625 0.912446
t 0.912445 -0.407445 -0.0378487
bt -0.0499373 -0.0667709 0.996518
t 0.972763 0.217072 -0.081316
bt -0.00574321 0.355326 0.934725
t 1 0 0
bt -0.0985873 0.380845 0.919368
t 1 0 0
bt 0.168849 0.377215 0.910604
t 0.996682 0.0742226 -0.0334198
bt 0.134646 0.416823 0.89896
t 1 0 0
bt 0.875588 0.184872 0.446283
t 0.912446 0.407566 -0.0365051
bt 0.758803 0.388481 0.522781
t 0.996682 -0.0742226 0.0334198
bt 0.878599 0.128412 0.459972
t 0.896626 0.393926 0.2022
bt -0.310911 0.12172 0.942613
t 0.909565 0.413365 0.0426724
bt -0.0834246 0.051573 0.995179
t 0.913414 0.383469 -0.136475
bt 0.267187 -0.141147 0.953251
t 0.919461 0.380861 0.0976553
bt 0 0 1
t 0.920231 0.38118 -0.088746
bt -0.00018138 -7.5127e-05 1
t 0.904319 0.41582 -0.096438
bt 0.114065 -0.0375605 0.992763
t 0.610183 0.252766 0.750857
bt 0 0 1
t 0.951977 -0.0506869 0.301945
bt -0.0178653 -0.411824 0.911088
t 0.585052 0.329786 0.740915
bt -0.0334198 0.0742226 0.996682
t 0.972464 0.207633 0.105846
bt 0.222395 -0.297656 0.928408
t 0.972763 -0.217057 -0.0813566
bt -0.00817041 -0.354779 0.934914
t 1 0 0
bt -0.058867 -0.382046 0.922267
t 1 0 0
bt 0.00537157 -0.382704 0.923855
t 0.996682 -0.0742226 -0.0334198
bt -0.0311079 -0.408043 0.912432
t 0.937844 -0.337754 -0.079819
bt 0.182257 -0.307796 0.933833
t 0.478101 -0.198052 0.855684
bt 0 0 1
t 0.923181 -0.382425 -0.0385777
bt 0 0 1
t 0.549069 0.00358607 0.835769
bt 0.0826629 0.216558 0.972764
t 0.447659 -0.277694 0.849993
bt -0.0334198 -0.0742226 0.996682
t 0.91162 -0.410991 -0.00588911
bt 0.0334198 0.0742226 0.996682
t 0 1 0
bt -0.999999 0.00154734 0
t 0 1 0
bt -0.980783 0.00081207 -0.195099
t 0.0999621 0.928266 -0.358232
bt -0.982227 -0.022163 -0.186384
t 0 1 0
bt -1 0.000928402 0
t 0 1 0
bt 0 0.0026204 0.999997
t 0 1 0
bt -0.195101 0.000559891 0.980783
t -0.356619 0.928033 -0.107598
bt -0.191869 -0.00828431 0.981386
t 0 1 0
bt 0 0.00157224 0.999999
t 0.344261 0.926631 0.151128
bt -0.555572 -7.42103e-06 0.831468
t 0.206046 0.928683 0.30837
bt -0.814036 0.0683329 0.57678
t -0.153912 0.926827 -0.342495
bt -0.831365 -0.000473901 0.555727
t -0.280299 0.927517 -0.247275
bt -0.560126 0.0136732 0.828295
t -0.285051 0.927872 0.240417
bt -0.555638 -1.96022e-05 -0.831425
t 0.333092 0.927695 -0.168618
bt -0.560067 -0.0137138 -0.828334
t 0.206046 0.928683 -0.30837
bt -0.814039 0.0683232 -0.576778
t -0.153902 0.926826 0.342502
bt -0.831569 0.000447785 -0.555421
t 0.174911 0.927983 -0.32902
bt 0.831572 0.000459636 0.555417
t 0.30837 0.928683 -0.206046
bt 0.576768 0.0682893 0.814049
t -0.349235 0.92602 0.143251
bt 0.56006 -0.0136934 0.828339
t -0.24732 0.927475 0.280398
bt 0.828334 0.0137112 0.560066
t 0.206046 0.928683 0.30837
bt -0.844815 -0.0710583 0.530318
t 0.106442 0.928072 0.356864
bt -0.980779 -2.9597e-06 0.195121
t 0 1 0
bt -0.980783 -0.00146529 0.195097
t -0.044075 0.928248 -0.369343
bt -0.980753 -0.000333615 0.195253
t 0.206046 0.928683 -0.30837
bt -0.843956 -0.0655439 -0.532393
t -0.0443789 0.928256 0.369285
bt -0.980779 -5.35411e-07 -0.195122
t 0.30837 0.928683 -0.206046
bt 0.530321 -0.0710517 0.844814
t 0 1 0
bt 0.195097 -0.000150631 0.980784
t -0.369308 0.928252 0.0442577
bt 0.195173 -0.000129736 0.980769
t 0.366616 0.928539 0.0583747
bt -0.195122 -5.34166e-07 0.980779
t 0 1 0
bt -0.195098 -0.000154322 -0.980784
t 0.362461 0.928609 -0.0794114
bt -0.199392 -0.0109351 -0.979859
t -0.355359 0.927816 0.113483
bt -0.195122 5.3043e-07 -0.980779
t 0 1 0
bt 0.980784 0.000133905 0.195097
t -0.0931647 0.928425 0.359649
bt 0.980756 0.00030061 0.19524
t -0.90491 0.415649 0.0915045
bt 0.141144 0.0250909 0.989671
t -0.382498 0.923413 0.0316715
bt 0 0 1
t -0.922142 0.381949 0.0613844
bt 0 0 1
t -0.0930131 0.415704 -0.904731
bt -0.989672 0.0250934 0.141139
t -0.0332859 0.923365 -0.382478
bt -1 0 0
t -0.0641112 0.381884 -0.921984
bt -1 0 0
t -0.0914278 0.415646 0.904919
bt -0.989671 0.0250909 -0.141144
t -0.030029 0.92346 0.382518
bt -1 0 0
t -0.061046 0.381957 0.922162
bt -1 0 0
t 0.909565 0.413365 0.0426724
bt -0.0834246 0.051573 0.995179
t 0.381659 0.921386 0.0733797
bt 0 0 1
t 0.919461 0.380861 0.0976553
bt 0 0 1
t 0.899809 0.392274 -0.190959
bt -0.340481 0.108232 -0.934002
t 0.505032 0.417224 -0.755557
bt -0.799582 0.0250966 -0.600032
t 0.480041 0.871746 -0.0980818
bt -0.814039 0.0683232 -0.576778
t -0.505077 0.417224 -0.755527
bt -0.788534 -0.0332803 0.61409
t -0.779701 0.416808 -0.467266
bt -0.600032 0.0250966 0.799582
t -0.755521 0.41727 0.505049
bt 0.577507 -0.0123027 0.816293
t -0.467233 0.416807 0.779721
bt 0.841255 -0.00822841 0.540576
t -0.505032 0.417224 0.755557
bt -0.799608 -0.0250773 -0.599999
t -0.779687 0.416808 0.467288
bt -0.6464 0.0525899 -0.761184
t 0.896626 0.393926 0.2022
bt -0.310911 0.12172 0.942613
t 0.505077 0.417224 0.755527
bt -0.829434 0.00166789 0.558602
t 0.480063 0.871736 0.0980622
bt -0.814036 0.0683329 0.57678
t 0.462132 0.416688 -0.782819
bt 0.761976 -0.0520482 0.64551
t 0.913414 0.383469 -0.136475
bt 0.267187 -0.141147 0.953251
t 0.0980042 0.871706 -0.480128
bt 0.576768 0.0682893 0.814049
t 0.0764184 0.415051 -0.906583
bt -0.97704 0.00834463 -0.212891
t 0.206237 0.928639 -0.308376
bt -0.844389 -0.0682987 -0.531359
t 0.234382 0.41651 -0.878399
bt 0.968358 -0.0250662 0.248301
t 0.108468 0.928006 -0.356426
bt 0.979607 -0.0136731 0.200457
t 0.903829 0.415951 -0.100392
bt -0.0848912 0.0509046 -0.995089
t -0.891617 0.417224 -0.175907
bt -0.280833 0.0405617 0.958899
t -0.211648 0.416967 0.883937
bt 0.97704 0.00834463 0.212891
t -0.87402 0.416028 0.251016
bt -0.218299 0.0108888 -0.975821
t 0.0966652 0.415832 0.90429
bt -0.958913 0.0405405 0.280789
t 0.206284 0.928639 0.308345
bt -0.84439 -0.0683057 0.531356
t 0.904319 0.41582 -0.096438
bt 0.114065 -0.0375605 0.992763
t 0.338282 0.922143 -0.187665
bt 0.200471 0.0137077 0.979604
t 0.308345 0.928639 -0.206284
bt 0.531359 -0.0682987 0.844389
t 0 1 0
bt 0.999999 0.00150409 0
t 0 1 0
bt 0.980784 0.000133905 0.195097
t -0.0931647 0.928425 0.359649
bt 0.980756 0.00030061 0.19524
t 0 1 0
bt 1 0.000902452 0
t 0 1 0
bt 0 0.00172113 -0.999999
t 0 1 0
bt 0.195101 0.000367745 -0.980783
t 0.356617 0.928033 0.107607
bt 0.191736 -0.00862175 -0.981409
t 0 1 0
bt 0 0.00103268 -0.999999
t -0.344257 0.926631 -0.151135
bt 0.55557 -1.44436e-07 -0.83147
t -0.263508 0.926377 -0.269054
bt 0.828465 0.0131569 -0.559887
t 0.15389 0.926825 0.342509
bt 0.831368 -0.000459391 -0.555722
t 0.30837 0.928683 0.206046
bt 0.576771 0.068299 -0.814046
t -0.106766 0.928062 -0.356795
bt 0.980781 -2.4792e-05 -0.195112
t 0 1 0
bt 0.980783 -0.00125445 -0.195097
t 0.0444199 0.928257 0.369278
bt 0.980769 -0.00013081 -0.195173
t -0.366614 0.928539 -0.0583857
bt 0.195122 -5.35411e-07 -0.980779
t 0.30837 0.928683 0.206046
bt 0.531359 -0.0682987 -0.844389
t 0.903829 0.415951 -0.100392
bt -0.0848912 0.0509046 -0.995089
t 0.362461 0.928609 -0.0794114
bt -0.199392 -0.0109351 -0.979859
t 0.382521 0.923469 -0.0297226
bt 0 0 -1
t 0.92168 0.381785 -0.0688961
bt 0 0 -1
t 0.092561 0.415688 0.904785
bt 0.989676 0.0251087 -0.141106
t 0.0315981 0.923415 0.382499
bt 1 0 0
t 0.0627055 0.381918 0.922067
bt 1 0 0
t 0.234382 0.41651 -0.878399
bt 0.968358 -0.0250662 0.248301
t 0.108468 0.928006 -0.356426
bt 0.979607 -0.0136731 0.200457
t 0.0303445 0.923451 -0.382514
bt 1 0 0
t 0.0605476 0.381969 -0.92219
bt 1 0 0
t -0.894774 0.417154 -0.159257
bt 0.141144 0.0250909 -0.989671
t -0.381708 0.921504 -0.0716169
bt 0 0 -1
t -0.914208 0.378663 -0.144351
bt 0 0 -1
t 0.504941 0.417224 0.755618
bt 0.788519 -0.0332918 -0.614109
t 0.922253 0.37549 0.0919632
bt 0.22572 -0.158985 -0.961132
t 0.132815 0.888182 0.439879
bt 0.576771 0.068299 -0.814046
t -0.781836 0.416775 -0.463714
bt 0.599969 -0.0251284 -0.799629
t -0.504941 0.417224 -0.755618
bt 0.82945 0.0016547 -0.558578
t 0.907756 0.414508 0.0645177
bt 0.126225 -0.0319709 -0.991486
t 0.332766 0.927728 0.169078
bt 0.531359 -0.0682987 -0.844389
t -0.108654 0.416213 -0.902752
bt 0.958913 0.0405405 -0.280789
t 0 1 0
bt -1 0 0
t 0.382687 0.923851 0.00706343
bt 0 0 1
t 0 1 0
bt 0 0 1
t 0 1 0
bt 1 0 0
t 0 1 0
bt -0.195098 -0.000154322 -0.980784
t -0.355359 0.927816 0.113483
bt -0.195122 5.3043e-07 -0.980779
t 0 1 0
bt 0 0 -1
t -0.00899072 0.923837 -0.382681
bt -1 0 0
t -0.000925758 1 0
bt -1 0 0
t 0.0190208 0.382602 -0.923718
bt -1 6.15419e-05 -0.000148581
t -0.0156008 0.923764 0.382644
bt -1 0 0
t 0.0243699 0.382557 0.92361
bt -1 0 0
t 0 1 0
bt -1 0 0
t 0.00226605 0.999997 0
bt -1 0 0
t 0.09323 0.984138 -0.150931
bt -0.855859 -0.107202 -0.505978
t -0.193155 0.598007 -0.777868
bt -0.241006 0 -0.970524
t 0 1 0
bt -0.439241 0 -0.898369
t 0 1 0
bt -0.999999 -0.00132205 0
t 0 1 0
bt 0 -0.00050759 1
t -0.382689 0.923873 -0.00286468
bt 0 0 1
t -0.913916 0.378542 -0.146504
bt -0.000282198 0.000116886 1
t 0.920231 0.38118 -0.088746
bt -0.00018138 -7.5127e-05 1
t -0.251604 0.967829 -0.00139895
bt 0 0 1
t -0.106308 0.992893 -0.0534897
bt -0.442362 -0.0593473 0.894871
t -0.668219 0.721974 0.179546
bt -0.96574 0 0.259511
t 0 1 0
bt -0.910642 0 0.413197
t 0.251605 0.96783 8.37236e-05
bt 0 0 1
t 0 1 0
bt 0 0 1
t 0 1 0
bt 1 -0.000611283 0
t 0.0180579 0.923726 0.382628
bt 1 0 0
t -0.0186517 0.382604 0.923724
bt 1 0.000124343 0.000300203
t -0.0107533 0.923823 -0.382668
bt 1 0 0
t -0.0627351 0.381917 -0.922065
bt 1 0 0
t -0.000431931 1 0
bt 1 0 0
t -0.0591064 0.991461 0.11624
bt 0.893323 -0.0655986 0.444602
t 0.192343 0.717663 0.669301
bt 0.2762 0 0.9611
t 0 1 0
bt 0.441313 0 0.897353
t -0.000111394 1 0
bt 1 0 0
t -0.211648 0.416967 0.883937
bt 0.97704 0.00834463 0.212891
t 0 1 0
bt 1 0 0
t 0 1 0
bt 0 -0.000433357 -1
t 0.382687 0.923867 0.00446773
bt 0 0 -1
t 0.92176 0.381814 0.0676471
bt 0.000106984 4.43126e-05 -1
t -0.382575 0.923597 0.0245816
bt 0 0 -1
t -0.87402 0.416028 0.251016
bt -0.218299 0.0108888 -0.975821
t -0.914349 0.378721 0.143308
bt 0.00024449 -0.000101267 -1
t 0 0.999999 -0.00106878
bt 0 0 -1
t 0.142956 0.986226 0.0832008
bt 0.48703 -0.0945035 -0.868257
t 0.743744 0.638281 -0.198601
bt 0.966142 0 -0.258011
t 0 1 0
bt 0.893674 0 -0.448717
t 0 0.999999 -0.00140519
bt 0 0 -1
t 0 1 0
bt 0 0 -1
t 0.0672799 0.991774 0.108889
bt -0.853379 -0.0781918 0.515394
t -0.14098 0.592497 0.793141
bt -0.174995 0 0.984569
t 0 1 0
bt -0.323852 0 0.946108
t 0.145571 0.986677 -0.0726537
bt 0.433289 -0.0798551 0.897711
t 0.63825 0.732265 0.23754
bt 0.937198 0 0.348799
t 0 1 0
bt 0.839314 0 0.543646
t -0.0648851 0.989664 -0.127886
bt 0.894126 -0.0718169 -0.44202
t 0.209618 0.720535 -0.660976
bt 0.302304 0 -0.953212
t 0 1 0
bt 0.479898 0 -0.877324
t -0.110743 0.991749 0.0645816
bt -0.494091 -0.0739377 -0.866261
t -0.758218 0.633088 -0.155898
bt -0.979509 0 -0.201402
t 0 1 0
bt -0.934863 0 -0.355009
t 0.780478 0.625183 0
bt 0 0 -1
t 0.780478 0.625183 0
bt 0 0 -1
t 0.780478 0.625183 0
bt 0 0 -1
t 0.780478 0.625183 0
bt 0 0 -1
t -0.743734 0.638293 0.198598
bt 0.966142 0 -0.258011
t -0.142956 0.986226 -0.0832008
bt 0.48703 0.0945036 -0.868257
t -0.780478 0.625183 0
bt 0 0 -1
t -0.780478 0.625183 0
bt 0 0 -1
t -0.780478 0.625183 0
bt 0 0 -1
t -0.780478 0.625183 0
bt 0 0 -1
t 0.758228 0.633076 0.1559
bt -0.979509 0 -0.201402
t 0.110743 0.991749 -0.0645816
bt -0.494091 0.0739377 -0.866261
t 0 0.703699 0.710499
bt 1 0 0
t 0 0.703699 0.710499
bt 1 0 0
t 0 0.703699 0.710499
bt 1 0 0
t 0 0.703699 0.710499
bt 1 0 0
t -0.19234 0.717674 -0.669291
bt 0.2762 0 0.9611
t 0.0591064 0.991461 -0.11624
bt 0.893323 0.0655986 0.444602
t 0 0.703699 -0.710499
bt 1 0 0
t 0 0.703699 -0.710499
bt 1 0 0
t 0 0.703699 -0.710499
bt 1 0 0
t 0 0.703699 -0.710499
bt 1 0 0
t -0.209621 0.720525 0.660986
bt 0.302304 0 -0.953212
t 0.0648851 0.989664 0.127886
bt 0.894126 0.0718169 -0.44202
t 0 1 0
bt 0 0 1
t 0 1 0
bt 0 0 1
t -0.251617 0.967827 -0.000101395
bt 0 0 1
t 0.668208 0.721985 -0.179543
bt -0.96574 0 0.259511
t 0.106308 0.992894 0.0534778
bt -0.442243 0.0593314 0.894931
t 0.251617 0.967826 0.00138211
bt 0 0 1
t -0.63826 0.732254 -0.237544
bt 0.937198 0 0.348799
t -0.145571 0.986676 0.0726538
bt 0.433289 0.0798551 0.897711
t 0 0.586523 -0.809932
bt -1 0 0
t 0 0.586523 -0.809932
bt -1 0 0
t 0 0.586523 -0.809932
bt -1 0 0
t 0 0.586523 -0.809932
bt -1 0 0
t 0.193152 0.598019 0.777859
bt -0.241006 0 -0.970524
t -0.0932121 0.98414 0.150931
bt -0.855935 0.107176 -0.505854
t 0 0.586523 0.809932
bt -1 0 0
t 0 0.586523 0.809932
bt -1 0 0
t 0 0.586523 0.809932
bt -1 0 0
t 0 0.586523 0.809932
bt -1 0 0
t 0.140981 0.592485 -0.793149
bt -0.174995 0 0.984569
t -0.0672799 0.991774 -0.108889
bt -0.853379 0.0781918 0.515394
t 0 1 0
bt -1 -0.000769589 0
t 0.00187933 0.999998 0
bt -1 0 0
t -0.00224391 0.999997 0
bt -1 0 0
t 0 1 0
bt 0 -0.000295473 1
t 0.000849955 1 0
bt 1 0 0
t 0.000105041 1 0
bt 1 0 0
t 0 1 0
bt 1 -0.000355834 0
t 0 0.999998 0.00207304
bt 0 0 -1
t 0 0.999999 0.00138642
bt 0 0 -1
t 0 1 0
bt 0 -0.000252262 -1
t 0.30837 0.928683 -0.206046
bt 0.531359 -0.0682987 0.844389

