g sponza_261
t 0.270215 0.00105026 -0.962799
bt 0.0468346 -0.8008 0.597098
t 0.270044 0.00173744 -0.962846
bt 0.0466793 -0.800564 0.597426
t 0.261992 0 -0.96507
bt -0.112893 -0.902412 0.415822
t 0.261992 0 -0.96507
bt -0.112893 -0.902412 0.415822
t 0.297431 0.00320871 -0.954738
bt 0.0238386 -0.508633 0.860654
t 0.297771 0.00256496 -0.954634
bt 0.023867 -0.50867 0.860631
t 0.353995 0.00494037 -0.935234
bt 0.0100151 -0.367007 0.930164
t 0.354123 0.00479391 -0.935187
bt 0.00988488 -0.366894 0.93021
t 0.467762 0.00702024 -0.883827
bt 0.00431981 -0.301387 0.953492
t 0.467981 0.00685759 -0.883712
bt 0.00490691 -0.301694 0.953392
t 0.706878 0.00928656 -0.707274
bt 0.00155532 -0.270862 0.962617
t 0.706755 0.00935392 -0.707397
bt 0.000962627 -0.270715 0.962659
t 0.904214 0.111898 -0.41216
bt 0.000150128 -0.261992 0.96507
t 0.903465 0.112313 -0.413687
bt 0 -0.261992 0.96507
t 0.802132 0.0477143 0.595237
bt 0.000602334 -0.270327 0.962768
t 0.801935 0.0475838 0.595514
bt 0.000498734 -0.270352 0.962761
t 0.903974 -0.112031 0.41265
bt 0 -0.261992 0.96507
t 0.903974 -0.112031 0.41265
bt 0 -0.261992 0.96507
t 0.508635 0.0238407 0.860652
bt 0.00240085 -0.297857 0.954607
t 0.508672 0.0238686 0.86063
bt 0.00257111 -0.297767 0.954635
t 0.366947 0.00994599 0.930189
bt 0.00495015 -0.353986 0.935238
t 0.366835 0.00981693 0.930234
bt 0.0048065 -0.354112 0.935191
t 0.301087 0.00374705 0.953589
bt 0.00702258 -0.467759 0.883828
t 0.30103 0.0036397 0.953608
bt 0.0068425 -0.468002 0.883701
t 0.270559 0.000334386 0.962703
bt 0.0096892 -0.706141 0.708005
t 0.270414 -0.000251277 0.962744
bt 0.00976235 -0.706007 0.708137
t 0.261992 -0.00100156 0.96507
bt 0.112728 -0.902712 0.415216
t 0.261992 0 0.96507
bt 0.113232 -0.901792 0.417073
t 0.27032 0.000629672 0.96277
bt 0.0468305 -0.800794 -0.597107
t 0.270342 0.000542601 0.962764
bt 0.0466729 -0.800554 -0.59744
t 0.261992 0 0.96507
bt -0.112896 -0.902406 -0.415834
t 0.261992 0 0.96507
bt -0.112896 -0.902406 -0.415834
t 0.297836 0.00244008 0.954614
bt 0.0238268 -0.508617 -0.860663
t 0.297742 0.00261815 0.954643
bt 0.0238468 -0.508643 -0.860647
t 0.35413 0.00478584 0.935184
bt 0.00990088 -0.366908 -0.930205
t 0.354237 0.00466339 0.935144
bt 0.00978418 -0.366807 -0.930246
t 0.467455 0.00724764 0.883987
bt 0.00378154 -0.301105 -0.953583
t 0.466523 0.00793862 0.884474
bt 0.00369321 -0.301059 -0.953599
t 0.704677 0.0104877 0.709451
bt 0.000821045 -0.27068 -0.962669
t 0.704551 0.0105563 0.709575
bt 0.000961714 -0.270715 -0.962659
t 0.901863 0.113193 0.41693
bt 0.000146961 -0.261992 -0.96507
t 0.903464 0.112314 0.413689
bt 0 -0.261992 -0.96507
t 0.800387 0.0465625 -0.597673
bt 0.000621991 -0.270322 -0.96277
t 0.800805 0.0468382 -0.597091
bt 0.00050867 -0.27035 -0.962762
t 0.902416 -0.11289 -0.415814
bt 0 -0.261992 -0.96507
t 0.902416 -0.11289 -0.415814
bt 0 -0.261992 -0.96507
t 0.507219 0.022752 -0.861517
bt 0.0023486 -0.297884 -0.954599
t 0.507251 0.0227768 -0.861497
bt 0.00255174 -0.297777 -0.954632
t 0.366411 0.00932708 -0.930406
bt 0.0048001 -0.354118 -0.935189
t 0.366814 0.00979233 -0.930243
bt 0.00463574 -0.354261 -0.935135
t 0.301083 0.00373976 -0.953591
bt 0.00701985 -0.467763 -0.883826
t 0.301037 0.00365179 -0.953606
bt 0.00685643 -0.467983 -0.883711
t 0.270655 0.000719966 -0.962676
bt 0.0096948 -0.706131 -0.708015
t 0.270701 0.000905778 -0.962663
bt 0.00976204 -0.706008 -0.708137
t 0.261992 0.00015488 -0.96507
bt 0.112728 -0.902712 -0.415216
t 0.261992 0 -0.96507
bt 0.113229 -0.901797 -0.417063
t 0.713019 0.00835903 -0.701095
bt -0.0548754 -0.951231 0.303559
t 0.347421 -0.00716518 -0.937682
bt 0.00197145 -0.811334 0.584579
t 0.385381 -0.0105313 -0.922697
bt 0.0311164 -0.614983 0.787926
t 0.744965 0.022603 -0.666721
bt -0.030888 -0.879959 0.474045
t 0.924444 0.00200375 -0.381312
bt 0.00639538 -0.973425 0.228916
t 0.908636 -0.00121133 -0.417587
bt -0.00814412 -0.992007 0.12592
t 0.903016 0 -0.429607
bt -0.00854348 -0.999955 0.00406528
t 0.701583 0 -0.712588
bt -0.00654722 -0.999956 0.00664934
t 0.801949 0.0295041 -0.596663
bt -0.0398808 -0.798031 0.601295
t 0.46795 -0.023313 -0.883447
bt 0.0116699 -0.458827 0.888449
t 0.588668 -0.00753288 -0.808339
bt 0.0160033 -0.388047 0.921501
t 0.869471 0.0559936 -0.490801
bt -0.0180488 -0.746192 0.665487
t 0.972189 0.00689035 -0.234098
bt 0.00131526 -0.924724 0.380636
t 0.948057 -0.00300619 -0.318086
bt -0.00300122 -0.947445 0.319904
t 0.964002 0.0127218 -0.265592
bt -0.01007 -0.712782 0.701313
t 0.846426 -0.0308891 -0.531609
bt 0.00710617 -0.347407 0.937688
t 0.998676 0.017253 -0.048459
bt 0 -0.335391 0.942079
t 0.999318 0.0259136 -0.0263177
bt 0 -0.701587 0.712584
t 0.999962 0.00787162 -0.00374565
bt 0 -0.903016 0.429607
t 0.9929 -0.00779607 -0.118698
bt -0.0028602 -0.908442 0.418001
t 0.951662 -0.0536091 0.302431
bt 0.00950074 -0.712861 0.701241
t 0.809692 0.000692925 0.586855
bt -0.00715684 -0.347419 0.937683
t 0.613929 0.0301546 0.788785
bt -0.00914504 -0.384703 0.922995
t 0.879709 -0.0315133 0.474468
bt 0.0238907 -0.744615 0.667066
t 0.973367 0.00572367 0.229179
bt 5.49107e-05 -0.92461 0.380916
t 0.992129 -0.00625617 0.125067
bt -0.00133354 -0.908642 0.417575
t 0.797763 -0.0405797 0.601604
bt 0.0286575 -0.802264 0.596281
t 0.458296 0.0109969 0.888732
bt -0.0235437 -0.46813 0.883346
t 0.388108 0.0161278 0.921473
bt -0.0079632 -0.589157 0.807979
t 0.746278 -0.0177258 0.665398
bt 0.0550413 -0.869885 0.490173
t 0.924752 0.00164855 0.380568
bt 0.00552849 -0.972324 0.233569
t 0.947373 -0.00368835 0.320111
bt -0.0037455 -0.94813 0.317862
t 0.712831 -0.00971499 0.701268
bt 0.0127507 -0.963994 0.265618
t 0.347097 0.00578213 0.937811
bt -0.0311374 -0.846711 0.531142
t 0.335391 0 0.942079
bt 0.0167972 -0.998745 0.047179
t 0.701587 0 0.712584
bt 0.0259228 -0.999317 0.0263271
t 0.903016 0 0.429607
bt 0.00789984 -0.999962 0.00375907
t 0.908596 0.000340976 0.417677
bt -0.00779017 -0.9929 0.118701
t 0.713017 0.00837043 0.701097
bt -0.0536161 -0.95166 -0.302437
t 0.347409 -0.00711759 0.937687
bt 0.000942057 -0.810013 -0.586412
t 0.385359 -0.0104857 0.922707
bt 0.0302826 -0.614069 -0.788671
t 0.744968 0.0225919 0.666718
bt -0.0308433 -0.879977 -0.474015
t 0.924458 0.00184732 0.38128
bt 0.00640884 -0.973426 -0.228911
t 0.908633 -0.00115101 0.417594
bt -0.00632653 -0.992124 -0.125099
t 0.802799 0.0272135 0.595629
bt -0.0406547 -0.797734 -0.601637
t 0.467925 -0.023281 0.883461
bt 0.0106801 -0.458046 -0.888864
t 0.590192 -0.00887463 0.807214
bt 0.0149753 -0.387548 -0.921728
t 0.870293 0.0541019 0.489554
bt -0.0189113 -0.745961 -0.665721
t 0.972255 0.00623135 0.233842
bt 0.00384647 -0.92493 -0.380119
t 0.948191 -0.00437332 0.317671
bt -0.00431714 -0.947306 -0.3203
t 0.963916 0.012914 0.265894
bt -0.0101061 -0.712778 -0.701317
t 0.846419 -0.0308826 0.531621
bt 0.0060883 -0.347169 -0.937783
t 0.998675 0.0172598 0.0484782
bt 0 -0.335391 -0.942079
t 0.999317 0.025936 0.0263405
bt 0 -0.701587 -0.712584
t 0.999962 0.00790759 0.00376276
bt 0 -0.903016 -0.429607
t 0.992855 -0.00685438 0.119126
bt 0.000471985 -0.908602 -0.417664
t 0.95161 -0.0537636 -0.302569
bt 0.00883224 -0.712954 -0.701156
t 0.80968 0.000683594 -0.586871
bt -0.00857746 -0.34775 -0.937548
t 0.614806 0.0309541 -0.788071
bt -0.0102571 -0.385247 -0.922757
t 0.880138 -0.030439 -0.473741
bt 0.0230311 -0.744849 -0.666836
t 0.973307 0.00503001 -0.229451
bt 0.00270009 -0.924385 -0.381453
t 0.992002 -0.00821683 -0.125953
bt 0.00172463 -0.908498 -0.417886
t 0.798275 -0.0392444 -0.601013
bt 0.0284549 -0.802339 -0.59619
t 0.458289 0.0109885 -0.888735
bt -0.0238401 -0.468361 -0.883216
t 0.388092 0.0160956 -0.92148
bt -0.00836942 -0.589619 -0.807639
t 0.74628 -0.0177168 -0.665396
bt 0.0550224 -0.869894 -0.490161
t 0.924764 0.00180293 -0.380536
bt 0.00557174 -0.97232 -0.233586
t 0.947441 -0.00304186 -0.319916
bt -0.00437125 -0.948191 -0.317672
t 0.712833 -0.00970656 -0.701266
bt 0.0148734 -0.963394 -0.267677
t 0.347069 0.00566138 -0.937822
bt -0.0326533 -0.848439 -0.528285
t 0.335391 0 -0.942079
bt 0.0182009 -0.998527 -0.0511218
t 0.908582 4.79913e-05 -0.417707
bt -0.00808343 -0.992913 -0.118568
t 0.511511 0.0161184 -0.859125
bt -0.0936782 -0.841754 0.531671
t 0.493955 0.141192 -0.857947
bt -0.159991 -0.617578 0.770065
t 0.502297 -9.35247e-06 -0.864695
bt -0.115424 -0.97324 0.198697
t 0.602687 0.050489 -0.796379
bt -0.0588467 -0.597227 0.79991
t 0.512563 0.254203 -0.820158
bt -0.125307 -0.501751 0.855888
t 0.50187 0.12506 -0.855854
bt -0.252493 -0.514633 0.81939
t 0.876183 0.0528616 -0.479071
bt -0.0713043 -0.499344 0.863465
t 0.971979 0.118075 -0.203261
bt 9.30953e-05 -0.502297 0.864695
t 0.615354 0.162164 -0.77139
bt -0.141331 -0.493886 0.857964
t 0.612624 0.279681 -0.739237
bt -0.0690392 -0.499878 0.86334
t 0.841345 -0.0941291 0.532239
bt 0.0156271 -0.511612 0.859074
t 0.615513 -0.162008 0.771296
bt 0.139886 -0.494602 0.857788
t 0.890176 -0.228858 0.393969
bt 0 -0.5023 0.864693
t 0.597224 -0.0588513 0.799912
bt 0.0506015 -0.602614 0.796427
t 0.543488 -0.0330705 0.838765
bt 0.0843375 -0.689617 0.719246
t 0.511991 -0.254675 0.820369
bt 0.12366 -0.502548 0.85566
t 0.511461 -0.0163606 0.85915
bt 0.0443371 -0.882729 0.467785
t 0.502297 0.00013128 0.864695
bt 0.116473 -0.972745 0.200503
t 0.511499 0.0161761 0.859131
bt -0.0937561 -0.841684 -0.531769
t 0.542267 0.0359655 0.839436
bt -0.0656278 -0.705845 -0.70532
t 0.5023 0 0.864693
bt -0.22891 -0.890123 -0.394057
t 0.602692 0.0504817 0.796376
bt -0.0577192 -0.597968 -0.799439
t 0.51257 0.254198 0.820156
bt -0.123207 -0.502767 -0.855596
t 0.881503 0.0459576 0.469937
bt -0.0173193 -0.511264 -0.859249
t 0.971926 0.118185 0.20345
bt 0.000124237 -0.502297 -0.864695
t 0.615372 0.162146 0.771379
bt -0.139744 -0.494673 -0.857771
t 0.841134 -0.0943608 -0.532531
bt 0.0166627 -0.511399 -0.859182
t 0.706475 -0.0648872 -0.704757
bt 0.0368136 -0.541909 -0.839631
t 0.89017 -0.228864 -0.393978
bt 0 -0.5023 -0.864693
t 0.597214 -0.0588664 -0.799919
bt 0.0502742 -0.602827 -0.796287
t 0.543491 -0.033063 -0.838763
bt 0.0837029 -0.690178 -0.718783
t 0.499344 -0.071305 -0.863465
bt 0.0512319 -0.877451 -0.476923
t 0.5023 0 -0.864693
bt 0.227589 -0.891464 -0.391784
t 0.500301 -0.0672294 -0.863237
bt 0.27968 -0.612625 -0.739236
t 0.902634 -0.00424368 -0.430388
bt -0.00224252 -0.991777 0.12796
t 0.952703 -0.00960308 -0.303751
bt 0.00276293 -0.996424 0.0844513
t 0.961403 -0.00397914 -0.275114
bt 0.00559416 -0.986807 0.161807
t 0.920162 -0.00583636 -0.391495
bt 0.00338071 -0.971262 0.237988
t 0.896873 0.000255099 -0.442289
bt -0.00206208 -0.999997 0.00101659
t 0.949291 -4.43961e-05 -0.314398
bt -0.00121998 -0.999999 0.000403952
t 0.952691 -0.00885681 -0.303812
bt 0.0162741 -0.99665 0.0801458
t 0.902601 0.00352166 -0.430464
bt -0.00149948 -0.992003 -0.126203
t 0.952686 0.00856875 -0.303835
bt -0.0180309 -0.996665 -0.0795854
t 0.920115 0.00528314 -0.391611
bt -0.00344563 -0.971268 -0.237962
t 0.961403 0.00396454 -0.275116
bt -0.00527659 -0.986794 -0.161896
t 0.952707 0.00982391 -0.303733
bt -0.00429513 -0.996459 -0.0839645
t 0.944275 0.00242689 -0.329148
bt -0.0045002 -0.944493 -0.3285
t 0.973899 0.00435042 -0.226938
bt -0.00587667 -0.973971 -0.226597
t 0.970931 -2.09824e-05 -0.239359
bt -0.00511799 -0.920102 -0.391646
t 0.986704 0.00312022 -0.162499
bt -0.0056515 -0.961469 -0.274856
t 0.991776 -0.00225551 -0.127966
bt -0.00451168 -0.902646 -0.430359
t 0.996424 0.00277984 -0.0844459
bt -0.0117513 -0.952734 -0.303577
t 0.999997 -0.00205198 -0.00101162
bt -0.000504473 -0.896873 -0.442289
t 0.999999 -0.00121096 -0.000400965
bt -2.98078e-05 -0.949291 -0.314398
t 0.99665 0.0162702 -0.080147
bt -0.0107304 -0.95272 -0.303661
t 0.992002 -0.00147692 0.126214
bt 0.00368964 -0.902609 -0.430446
t 0.996665 -0.0180596 0.0795762
bt 0.00898249 -0.952693 -0.303802
t 0.971262 -0.00338002 0.237988
bt 0.00360274 -0.919973 -0.391965
t 0.986793 -0.00526038 0.1619
bt 0.00377617 -0.961395 -0.275145
t 0.996458 -0.00421849 0.0839889
bt 0.00985003 -0.952707 -0.303731
t 0.944541 -0.00495527 0.328358
bt 0.00477828 -0.944522 -0.328413
t 0.973983 -0.00615097 0.226536
bt 0.00420101 -0.973892 -0.226971
t 0.920237 -0.00674748 0.391302
bt -4.60431e-05 -0.970929 -0.239369
t 0.961433 -0.00473215 0.274998
bt 0.00337591 -0.986715 -0.162428
t 0.90259 -0.0032886 0.430489
bt -0.00230134 -0.991773 -0.127988
t 0.952708 -0.00994075 0.303724
bt 0.00338753 -0.996439 -0.0842529
t 0.896873 0.000479049 0.442289
bt -0.00183807 -0.999998 -0.000906126
t 0.949291 0 0.314398
bt -0.00176451 -0.999998 -0.0005843
t 0.952682 -0.00835219 0.303853
bt 0.0177466 -0.996663 -0.0796761
t 0.902609 0.00370168 0.430445
bt -0.00186268 -0.992024 0.126033
t 0.952693 0.00898836 0.303802
bt -0.0163947 -0.996651 0.0801073
t 0.920142 0.00559636 0.391545
bt -0.00290407 -0.971217 0.23818
t 0.961405 0.00401598 0.275108
bt -0.005875 -0.986818 0.161728
t 0.952707 0.00985815 0.30373
bt -0.00180952 -0.9964 0.0847541
t 0.944336 0.00300412 0.328968
bt -0.00694437 -0.944745 0.327734
t 0.973912 0.00461917 0.226878
bt -0.00557574 -0.973957 0.226664
t 0.970886 -0.000477404 0.239543
bt -0.00528412 -0.920116 0.391611
t 0.986694 0.0028868 0.162565
bt -0.00455507 -0.961426 0.275025
t 0.991838 -0.00126121 0.1275
bt -0.00413279 -0.902629 0.430399
t 0.99644 0.00343241 0.0842386
bt -0.00966026 -0.952704 0.303746
t 0.999997 -0.0022881 0.00112805
bt 0.000192407 -0.896873 0.442289
t 0.999999 -0.00156385 0.000517839
bt 0 -0.949291 0.314398
t 0.996663 0.01772 0.0796846
bt -0.00892422 -0.952692 0.303807
t 0.992027 -0.0019163 -0.126007
bt 0.00404969 -0.902625 0.430408
t 0.996663 -0.0177673 -0.0796695
bt 0.0104723 -0.952716 0.303682
t 0.9712 -0.00273323 -0.238249
bt 0.00435083 -0.920037 0.391808
t 0.986803 -0.00551727 -0.161828
bt 0.00407954 -0.961407 0.275098
t 0.996403 -0.00191334 -0.0847211
bt 0.0116159 -0.952733 0.303588
t 0.944589 -0.00542179 -0.328211
bt 0.00264034 -0.944298 0.329081
t 0.973997 -0.00644297 -0.22647
bt 0.00400544 -0.973883 0.227015
t 0.243213 0.000400159 0.969973
bt 0.0490233 -0.774049 -0.631224
t 0.243342 -0.000112149 0.969941
bt 0.0476003 -0.771619 -0.634302
t 0.235611 0 0.971847
bt -0.110134 -0.884001 -0.454327
t 0.235611 0 0.971847
bt -0.110134 -0.884001 -0.454327
t 0.265605 0.00740079 0.964054
bt 0.0500332 -0.504589 -0.861909
t 0.264986 0.00855094 0.964214
bt 0.0501151 -0.504698 -0.86184
t 0.319794 0.00489984 0.947474
bt 0.0089827 -0.332202 -0.943166
t 0.31998 0.00469313 0.947413
bt 0.00893661 -0.332161 -0.94318
t 0.274334 -0.0089043 0.961593
bt -0.0347742 -0.386613 -0.921586
t 0.274334 -0.0089043 0.961593
bt -0.0347742 -0.386613 -0.921586
t 0.385474 0.0355571 0.922033
bt 0.00912941 -0.274454 -0.961557
t 0.385468 0.0355613 0.922036
bt 0.00992311 -0.274877 -0.961428
t 0.668895 0.00727036 0.743321
bt 0.00158119 -0.243712 -0.969846
t 0.669894 0.00677836 0.742426
bt 0.00130813 -0.243643 -0.969864
t 0.506454 -0.0514395 0.860731
bt -0.00700055 -0.26582 -0.963997
t 0.506454 -0.0514395 0.860731
bt -0.00700055 -0.26582 -0.963997
t 0.880432 0.11172 0.460824
bt 0.000448964 -0.235589 -0.971853
t 0.881371 0.111309 0.459126
bt 0 -0.235589 -0.971853
t 0.771868 0.0477455 -0.633988
bt 0.000894402 -0.243088 -0.970004
t 0.772336 0.0480192 -0.633397
bt 0.00145621 -0.242946 -0.970039
t 0.88059 -0.111651 -0.460538
bt 0 -0.235589 -0.971853
t 0.88059 -0.111651 -0.460538
bt 0 -0.235589 -0.971853
t 0.507084 0.0519148 -0.860332
bt 0.00872736 -0.264891 -0.964239
t 0.507269 0.0520546 -0.860214
bt 0.00819844 -0.265176 -0.964165
t 0.331575 0.00827764 -0.943393
bt 0.00488272 -0.31981 -0.947469
t 0.331566 0.00826818 -0.943396
bt 0.00479755 -0.319886 -0.947444
t 0.385479 -0.0355541 -0.922032
bt -0.00838692 -0.274059 -0.961676
t 0.385479 -0.0355541 -0.922032
bt -0.00838692 -0.274059 -0.961676
t 0.274453 0.00912762 -0.961557
bt 0.0349002 -0.38643 -0.921658
t 0.274385 0.00899921 -0.961578
bt 0.0346767 -0.386755 -0.92153
t 0.243494 0.000717153 -0.969902
bt 0.00727161 -0.668893 -0.743323
t 0.24363 0.00125799 -0.969867
bt 0.00676949 -0.669912 -0.74241
t 0.265139 -0.00826762 -0.964175
bt -0.0514284 -0.506439 -0.860741
t 0.265139 -0.00826762 -0.964175
bt -0.0514284 -0.506439 -0.860741
t 0.235611 0.000687089 -0.971847
bt 0.111714 -0.880423 -0.460843
t 0.235611 0 -0.971847
bt 0.11134 -0.881276 -0.459299
t 0.243208 0.000419991 -0.969974
bt 0.0477507 -0.771876 0.633977
t 0.243286 0.000109779 -0.969955
bt 0.0479959 -0.772296 0.633447
t 0.235611 0 -0.971847
bt -0.111638 -0.880595 0.460532
t 0.235611 0 -0.971847
bt -0.111638 -0.880595 0.460532
t 0.265568 0.00747013 -0.964063
bt 0.0519214 -0.507092 0.860326
t 0.264959 0.00860133 -0.964221
bt 0.0520709 -0.50729 0.860201
t 0.320035 0.004632 -0.947394
bt 0.00880901 -0.332047 0.943222
t 0.320244 0.00439931 -0.947325
bt 0.00876533 -0.332008 0.943236
t 0.274304 -0.00884669 -0.961602
bt -0.0347661 -0.386625 0.921582
t 0.274304 -0.00884669 -0.961602
bt -0.0347661 -0.386625 0.921582
t 0.386398 0.0349224 -0.921671
bt 0.00849029 -0.274114 0.96166
t 0.386839 0.0346189 -0.921497
bt 0.00841621 -0.274075 0.961672
t 0.667428 0.00799196 -0.744631
bt 0.000193786 -0.243362 0.969936
t 0.668008 0.0077068 -0.744114
bt -6.53743e-05 -0.243297 0.969952
t 0.504233 -0.0497649 -0.862133
bt -0.00834518 -0.265097 0.964186
t 0.504233 -0.0497649 -0.862133
bt -0.00834518 -0.265097 0.964186
t 0.880428 0.111722 -0.460831
bt -0.000772239 -0.235589 0.971853
t 0.881285 0.111347 -0.459281
bt 0 -0.235589 0.971853
t 0.771213 0.0473634 0.634813
bt 0.000416671 -0.243209 0.969974
t 0.771636 0.04761 0.634281
bt 9.43364e-05 -0.24329 0.969954
t 0.880608 -0.111644 0.460506
bt 0 -0.235589 0.971853
t 0.880608 -0.111644 0.460506
bt 0 -0.235589 0.971853
t 0.504565 0.0500153 0.861924
bt 0.00747003 -0.265568 0.964063
t 0.504679 0.0501009 0.861852
bt 0.00688181 -0.265884 0.96398
t 0.332221 0.0090038 0.943159
bt 0.0038102 -0.320772 0.947149
t 0.332183 0.00896174 0.943172
bt 0.00483713 -0.319851 0.947456
t 0.386633 -0.0347604 0.921578
bt -0.0103664 -0.275112 0.961356
t 0.386633 -0.0347604 0.921578
bt -0.0103664 -0.275112 0.961356
t 0.274463 0.00914609 0.961554
bt 0.0349376 -0.386376 0.92168
t 0.274356 0.00894422 0.961587
bt 0.0346091 -0.386854 0.921492
t 0.243459 0.000576482 0.969911
bt 0.00691879 -0.669609 0.742682
t 0.243596 0.00112056 0.969876
bt 0.00664306 -0.670168 0.74218
t 0.265099 -0.00834195 0.964185
bt -0.0497906 -0.504267 0.862111
t 0.265099 -0.00834195 0.964185
bt -0.0497906 -0.504267 0.862111
t 0.235611 0.000424802 0.971847
bt 0.109729 -0.884907 0.452657
t 0.235611 0 0.971847
bt 0.111878 -0.880047 0.46152
t 0.997462 0 0.0711973
bt -0.000255774 -1 -1.80103e-05
t 0.997629 0.000438737 0.068817
bt -0.000141175 -0.99983 -0.0184529
t 1 8.77306e-09 0
bt -2.96565e-06 -1 0
t 0.998091 0.000749563 0.0617632
bt -0.00018874 -0.999363 -0.0356784
t 0.998724 0.000580061 0.050491
bt 0.000135355 -0.998726 -0.0504553
t 0.999361 0.00105091 0.0357312
bt -0.000620444 -0.998091 -0.0617588
t 0.999831 -0.00112718 0.018365
bt 0.000309504 -0.99763 -0.0688033
t 1 0.00023563 1.65798e-05
bt 0 -0.997462 -0.0711973
t 0.999831 0.000854346 -0.0183843
bt -0.000141252 -0.99763 -0.0688063
t 0.999365 0.000737617 -0.0356212
bt 0.000128227 -0.998092 -0.0617411
t 0.998722 -0.00129133 -0.0505272
bt 0.000687704 -0.998724 -0.0504964
t 0.998092 -5.97736e-05 -0.0617389
bt -0.000921553 -0.999365 -0.0356094
t 0.997628 -0.000833472 -0.0688243
bt -0.00113739 -0.999831 -0.0183643
t 0.997462 0 -0.0711973
bt 0.000294414 -1 -2.07693e-05
t 0.99763 0.000152202 -0.0688117
bt 0.000779879 -0.999831 0.0183894
t 0.998093 -9.32754e-05 -0.0617332
bt 0.00177051 -0.999366 0.0355573
t 0.998728 -0.000964305 -0.0504131
bt 0.000106932 -0.998726 0.0504567
t 0.999364 3.8362e-05 -0.0356687
bt -0.000555227 -0.998091 0.0617565
t 0.999828 0.000885939 -0.0185038
bt 0.00032687 -0.99763 0.068803
t 1 0.000263671 -1.85793e-05
bt 0 -0.997462 0.0711973
t 0.99983 -0.000193975 0.0184566
bt -0.000132612 -0.99763 0.0688065
t 0.999363 -0.000246198 0.0356819
bt 0.00017175 -0.998092 0.0617426
t 0.998728 0.000985617 0.0504124
bt 0.000712544 -0.998724 0.0504977
t 0.998094 0.00076503 0.0617096
bt 2.56454e-05 -0.999364 0.0356679
t 0.997629 -0.000259957 0.0688138
bt 0.00081287 -0.999829 0.0184988
t 0.917666 0.00246515 -0.397344
bt 0.000955849 -0.970335 0.241763
t 0.900763 -0.00205726 -0.434307
bt -0.00624328 -0.991333 0.131223
t 0.88756 -0.00196031 -0.460688
bt -0.0298881 -0.987769 0.153035
t 0.906432 0.00210591 -0.422346
bt 0.00342029 -0.966136 0.258012
t 0.894687 0 -0.446693
bt 0.00590122 -0.999978 -0.00294591
t 0.900561 -0.00192717 -0.434725
bt -0.00399351 -0.991976 -0.126367
t 0.887318 -0.00156092 -0.461155
bt -0.00797814 -0.990975 -0.133806
t 0.880901 0 -0.473301
bt 0.010471 -0.999929 -0.00562603
t 0.91793 0.000820875 -0.396741
bt 0.00709323 -0.969463 -0.245134
t 0.942814 -0.000816891 -0.333319
bt -0.0011689 -0.943034 -0.332695
t 0.934335 -0.00285755 -0.356383
bt -0.0009364 -0.934819 -0.355123
t 0.906865 0.00210558 -0.421416
bt 0.0112871 -0.964354 -0.264376
t 0.970589 0.00378096 -0.240715
bt 0.00151361 -0.917718 -0.397231
t 0.991441 -0.00465151 -0.130469
bt 0.00147978 -0.900584 -0.434679
t 0.988177 -0.0260361 -0.151092
bt -0.001321 -0.887525 -0.460759
t 0.966642 0.00802653 -0.256006
bt 0.00233092 -0.90637 -0.42248
t 0.999982 0.00540261 0.00269696
bt -2.96512e-05 -0.894687 -0.446693
t 0.992051 -0.00534778 0.125723
bt -0.00167182 -0.900574 -0.434699
t 0.991102 -0.0100657 0.132727
bt -0.00150531 -0.887384 -0.461028
t 0.99994 0.00965781 0.00518794
bt 0 -0.880859 -0.473378
t 0.969838 0.00385581 0.24372
bt 0.000250847 -0.917916 -0.396774
t 0.943291 -0.00354064 0.331949
bt -0.00415323 -0.942435 -0.334364
t 0.93559 -0.00725097 0.353014
bt -0.00484602 -0.934076 -0.357041
t 0.965038 0.00588063 0.262044
bt 0.00235547 -0.90689 -0.421361
t 0.917713 0.00156408 0.397242
bt 0.00393538 -0.970629 -0.240549
t 0.900591 0.00135968 0.434666
bt -0.00680316 -0.991295 -0.131488
t 0.887368 0.000704531 0.461062
bt -0.00884326 -0.989773 -0.142378
t 0.906399 0.00241743 0.422415
bt 0.00837688 -0.96668 -0.255852
t 0.894687 0 0.446693
bt 0.00620959 -0.999976 0.00309986
t 0.900731 0.00141126 0.434375
bt -0.00421646 -0.991988 0.126261
t 0.887486 0.00138077 0.460833
bt -0.0079835 -0.990976 0.133803
t 0.880859 0 0.473378
bt 0.0104907 -0.999929 0.00563556
t 0.917908 0.000158005 0.396794
bt 0.00486734 -0.96973 0.244131
t 0.942481 -0.00375082 0.334238
bt -0.00112695 -0.943029 0.332709
t 0.934076 -0.00484967 0.357042
bt -0.00475379 -0.93529 0.35385
t 0.906866 0.00211716 0.421414
bt 0.00640188 -0.964974 0.262269
t 0.970628 0.00392777 0.240552
bt 0.00233069 -0.917642 0.397402
t 0.99144 -0.00467799 0.130482
bt 0.000868633 -0.900616 0.434615
t 0.989843 -0.00797995 0.14194
bt 0.000219866 -0.887396 0.461009
t 0.966679 0.00836687 0.255856
bt 0.00192761 -0.906451 0.422307
t 0.999982 0.00541549 -0.00270339
bt 0 -0.894687 0.446693
t 0.99204 -0.00515196 -0.125816
bt -0.0021766 -0.900548 0.434751
t 0.991101 -0.0100836 -0.13273
bt -0.00158766 -0.887316 0.461158
t 0.99994 0.00965691 -0.00518746
bt 0 -0.880859 0.473378
t 0.969799 0.00398221 -0.243873
bt 0.000489572 -0.9179 0.396811
t 0.943057 -0.00138577 -0.332627
bt -0.00551351 -0.942277 0.334788
t 0.935287 -0.00472474 -0.35386
bt -0.00468161 -0.934098 0.356986
t 0.965019 0.00603963 -0.262112
bt 0.00264401 -0.906879 0.421382
t 0.99532 0.0251782 -0.0933004
bt -0.00763212 -0.952284 0.305118
t 0.99653 0.00768539 0.0828851
bt 0.00731256 -0.952293 0.305097
t 0.952271 -0.00801791 0.305147
bt 0.0241822 -0.995374 0.0929866
t 0.952205 0.00998786 0.305297
bt 0.00661495 -0.996509 -0.0832256
t 0.995237 0.0266554 0.0937657
bt -0.00584042 -0.95234 -0.304983
t 0.99653 0.00773608 -0.082869
bt 0.0100028 -0.952204 -0.305299
t 0.952281 -0.0077118 -0.305124
bt 0.026636 -0.995239 -0.0937596
t 0.952215 0.00967691 -0.305274
bt 0.00770367 -0.99653 0.0828793
t 0.952216 -0.00966053 -0.305273
bt -0.00789454 -0.996533 -0.0828186
t 0.99529 -0.0257216 -0.0934716
bt 0.0059819 -0.952336 -0.304993
t 0.996534 -0.0079313 0.0828069
bt -0.00973533 -0.952213 -0.305279
t 0.952334 0.00602644 0.304997
bt -0.0254447 -0.995305 -0.0933844
t 0.952216 -0.00966053 0.305273
bt -0.00635616 -0.996504 0.0833079
t 0.995305 -0.0254398 0.0933829
bt 0.00889472 -0.952243 0.305213
t 0.996533 -0.00785967 -0.0828296
bt -0.00965665 -0.952216 0.305273
t 0.952242 0.00891815 -0.305215
bt -0.0257414 -0.995289 0.0934778
t 0.887684 -0.00427561 -0.460434
bt 0.0255925 -0.991855 0.124774
t 0.991953 0.0282187 -0.123423
bt 0.00499544 -0.887153 -0.461449
t 0.592958 -0.0984164 -0.799197
bt 0.177818 -0.861236 0.476081
t 0.815038 -0.0861769 -0.572963
bt 0.127878 -0.602393 0.78789
t 0.603327 -0.130906 -0.786677
bt 0.0867665 -0.815384 0.572381
t 0.968553 -0.133434 -0.210002
bt 0.0591277 -0.525519 0.848724
t 0.930499 -0.0301474 -0.365052
bt 0.0645581 -0.52641 0.847776
t 0.861341 -0.178069 -0.475797
bt 0.0959404 -0.592138 0.800105
t 0.861895 0.1794 0.474291
bt -0.0980371 -0.592833 0.799336
t 0.815366 0.0867355 0.572412
bt -0.128449 -0.602569 0.787662
t 0.815011 -0.0861297 0.573009
bt 0.132567 -0.603837 -0.786007
t 0.861323 -0.178027 0.475845
bt 0.0958539 -0.592109 -0.800137
t 0.525435 0.0586155 -0.848812
bt -0.132937 -0.968451 -0.210784
t 0.527126 0.0690127 -0.84698
bt -0.0301507 -0.930501 -0.365048

