g sponza_207
t 1 0 0
bt 0 0 1
t 1 0 0
bt 0 0 1
t 1 0 0
bt 0 0 1
t 1 0 0
bt 0 0 1
t 1 0 0
bt 0 0 -1
t 1 0 0
bt 0 0 -1
t 1 0 0
bt 0 0 -1
t 1 0 0
bt 0 0 -1
t 0 0 -1
bt 0 -0.999987 0.00506004
t 0 -0.000175926 -1
bt 0 -0.999994 0.00337337
t 0 0.00136759 -0.999999
bt 0 -0.999997 0.002465
t 1 0 0
bt 0 -0.8527 0.5224
t 1 0 0
bt 0 -0.664233 0.747525
t 1 0 0
bt 0 -0.664233 0.747525
t 1 0 0
bt 0 -0.8527 0.5224
t 0 0 1
bt 0 -0.999987 0.00506293
t 0 -0.00136774 0.999999
bt 0 -0.999997 0.00246636
t 0 0.000175891 1
bt 0 -0.999994 0.0033753
t 0 0 -1
bt 0 -1 -0.00026013
t 0 0.00182346 -0.999998
bt 0 -1 -0.00017342
t 1 0 0
bt 0 -1 0
t 1 0 0
bt 0 -1 0
t 1 0 0
bt 0 -1 0
t 1 0 0
bt 0 -1 0
t 0 0 1
bt 0 -1 -0.000260472
t 0 -0.00182366 0.999998
bt 0 -1 -0.000173648
t 0 0.00547036 -0.999985
bt 0 -1 0
t 1 0 0
bt 0 -0.418506 0.908214
t 1 0 0
bt 0 -0.418506 0.908214
t 0 -0.00547096 0.999985
bt 0 -1 0

