g sponza_06
t -1 -0.000252544 0
bt 0 -1 0
t -1 -0.000329013 0
bt 9.6605e-06 -1 0
t -1 -8.96963e-05 0
bt 4.26132e-06 -1 0
t -1 4.24642e-06 0
bt -6.22464e-05 -1 0
t -1 -1.51278e-05 0
bt 0 -1 0
t -1 -8.36667e-06 0
bt -7.19069e-05 -1 0
t -1 6.8082e-05 0
bt 0 -1 0
t -1 5.45934e-05 0
bt 4.13184e-05 -1 0
t -1 0.000242138 0
bt 1.89444e-05 -1 0
t -1 1.97826e-05 0
bt 1.89444e-05 -1 0
t -1 -0.000195577 0
bt 0 -1 0
t -1 -0.000329012 0
bt -9.65769e-06 -1 0
t -1 -8.37637e-05 0
bt 1.71878e-06 -1 0
t -1 4.24642e-06 0
bt 5.00178e-05 -1 0
t -1 -1.55043e-05 0
bt 0 -1 0
t -1 -8.36667e-06 0
bt 5.96755e-05 -1 0
t -1 0.000200437 0
bt 6.6811e-06 -1 0
t -1 2.22734e-05 0
bt 6.6811e-06 -1 0
t -1 0.000252543 0
bt 0 -1 0
t -1 8.96957e-05 0
bt -2.41724e-05 -1 0
t -1 0.000329012 0
bt 9.45209e-06 -1 0
t -1 2.89125e-06 0
bt 9.45209e-06 -1 0
t -1 -0.000619912 0
bt -0.0177241 -0.999843 0
t -1 1.55043e-05 0
bt 0 -1 0
t -0.999994 -0.00348871 0
bt -0.00552376 -0.999985 0
t -0.999996 -0.0028888 0
bt -0.0244474 -0.999701 0
t -0.999997 -0.00263689 0
bt -0.0316288 -0.9995 0
t -0.999998 -0.00181709 0
bt -0.0561937 -0.99842 0
t -1 0.000271245 0
bt -1.32226e-05 -1 0
t -1 3.01956e-06 0
bt -1.32226e-05 -1 0
t -1 7.13767e-06 0
bt -2.95672e-05 -1 0
t -1 1.55043e-05 0
bt 0 -1 0
t -1 -0.000200437 0
bt -6.48671e-06 -1 0
t -1 -3.90067e-05 0
bt -6.56212e-05 -1 0
t -1 -0.000252293 0
bt -7.80502e-06 -1 0
t -1 2.27867e-05 0
bt 0.000163449 -1 0
t -1 3.16016e-05 0
bt 0.000453163 -1 0
t -1 6.53735e-05 0
bt 0.000322381 -1 0
t -1 0.000246314 0
bt 0.00266079 -0.999996 0
t -1 0.000513697 0
bt 0.0189171 -0.999821 0
t -1 0.000440553 0
bt 0.0142863 -0.999898 0
t -1 0.000407091 0
bt 0.0128147 -0.999918 0
t 0 -0.000639541 -1
bt 0 -0.999997 0.00245873
t 0 -0.000569523 -1
bt 0 -0.999977 -0.00685238
t 0 -0.000531289 -1
bt 0 -0.999931 -0.011716
t 0 -0.000336518 -1
bt 0 -0.999611 -0.0279052
t 0 -0.000412637 -1
bt 0 -0.999749 -0.0223812
t 0 -0.000151112 -1
bt 0 -1 0
t 0 -0.000657843 -1
bt 0 -0.99996 -0.00889786
t 0 -7.1885e-05 -1
bt 0 -1 0
t 0 -1.90213e-05 -1
bt 0 -1 -6.27263e-05
t 0 -4.45103e-05 -1
bt 0 -1 -2.23036e-05
t 0 2.90293e-05 -1
bt 0 -1 -7.15101e-05
t 0 -2.47544e-05 -1
bt 0 -1 -4.92065e-05
t 0 -0.000151112 -1
bt 0 -1 0
t 0 -0.000151112 -1
bt 0 -1 0
t -1 -0.000252544 0
bt 0 -1 0
t -1 -8.96963e-05 0
bt 4.26132e-06 -1 0
t -1 -0.000329013 0
bt 9.6605e-06 -1 0
t -1 -2.51467e-06 0
bt 9.6605e-06 -1 0
t -1 -6.76109e-06 0
bt -3.57013e-07 -1 0
t -1 -1.51278e-05 0
bt 0 -1 0
t -1 6.8082e-05 0
bt 0 -1 0
t -1 0.000242138 0
bt 1.89444e-05 -1 0
t -1 5.45934e-05 0
bt 4.13184e-05 -1 0
t -1 3.65159e-05 0
bt 1.82303e-05 -1 0
t -1 -0.000195577 0
bt 0 -1 0
t -1 -8.37637e-05 0
bt 1.71878e-06 -1 0
t -1 -0.000329012 0
bt -9.65769e-06 -1 0
t -1 -2.89125e-06 0
bt -9.65769e-06 -1 0
t -1 -7.13767e-06 0
bt 2.95549e-05 -1 0
t -1 -1.55043e-05 0
bt 0 -1 0
t -1 0.000200437 0
bt 6.6811e-06 -1 0
t -1 3.90067e-05 0
bt 6.57909e-05 -1 0
t -1 0.000252543 0
bt 0 -1 0
t -1 0.000329012 0
bt 9.45209e-06 -1 0
t -1 8.96957e-05 0
bt -2.41724e-05 -1 0
t -1 -4.24642e-06 0
bt -5.01489e-05 -1 0
t -1 1.55043e-05 0
bt 0 -1 0
t -1 8.36667e-06 0
bt -5.96009e-05 -1 0
t -0.999991 -0.00422514 0
bt -0.00349768 -0.999994 0
t -0.999995 -0.00319762 0
bt -0.0295974 -0.999562 0
t -0.999994 -0.00349685 0
bt -0.0223687 -0.99975 0
t -1 -0.000663354 0
bt -0.020037 -0.999799 0
t -1 0.000271245 0
bt -1.32226e-05 -1 0
t -1 -4.11811e-06 0
bt -1.91165e-05 -1 0
t -1 1.55043e-05 0
bt 0 -1 0
t -1 8.36667e-06 0
bt -5.89391e-06 -1 0
t -1 -0.000200437 0
bt -6.48671e-06 -1 0
t -1 -2.22733e-05 0
bt -6.48671e-06 -1 0
t -1 -0.000252293 0
bt -7.80502e-06 -1 0
t -1 -1.09852e-05 0
bt 0.000294231 -1 0
t -1 0.000175688 0
bt 0.0115411 -0.999933 0
t -1 3.16016e-05 0
bt 0.000453163 -1 0
t -1 6.01174e-05 0
bt 0.00355509 -0.999994 0
t -1 0.00028715 0
bt 0.0152349 -0.999884 0
t -1 0.000372458 0
bt 0.0198555 -0.999803 0
t -1 0.000665993 0
bt 0.0353381 -0.999375 0
t 0 -0.000526872 1
bt 0 -0.999995 -0.00327368
t 0 -0.00044549 1
bt 0 -0.99994 0.0109254
t 0 -0.000473476 1
bt 0 -0.999982 0.00599717
t 0 -0.000284296 1
bt 0 -0.999639 0.0268848
t 0 -0.000212438 1
bt 0 -0.999825 0.0187073
t 0 -0.000151112 1
bt 0 -1 0
t 0 -0.000151112 1
bt 0 -1 0
t 0 -7.1885e-05 1
bt 0 -1 0
t 0 -4.45103e-05 1
bt 0 -1 2.21466e-05
t 0 -1.90213e-05 1
bt 0 -1 6.29691e-05
t 0 2.90294e-05 1
bt 0 -1 7.24346e-05
t 0 2.56164e-05 1
bt 0 -1 0.000107946
t 0 -0.000151112 1
bt 0 -1 0
t 0 0 1
bt 0 -1 0.000172974

