g sponza_230
t 0 -0.857446 0.514574
bt 0 -0.515278 -0.857023
t 0 -0.853386 0.521279
bt 0 -0.498618 -0.866822
t 0 -0.858724 0.512438
bt 0 -0.513795 -0.857913
t 0 -0.858455 0.512889
bt 0 -0.513142 -0.858304
t 0 -0.860999 0.508607
bt 0 -0.511628 -0.859207
t 0 -0.860697 0.509118
bt 0 -0.50968 -0.860364
t 0 -0.860701 0.509111
bt 0 -0.511778 -0.859118
t 0 -0.860667 0.509168
bt 0 -0.510473 -0.859894
t 0 -0.858213 0.513293
bt 0 -0.508267 -0.8612
t 0 -0.858213 0.513293
bt 0 -0.508267 -0.8612
t 0 -0.859692 0.510813
bt 0 -0.510479 -0.85989
t 0 -0.859632 0.510914
bt 0 -0.510776 -0.859714
t 0 -0.858696 0.512486
bt 0 -0.509544 -0.860445
t 0 -0.859871 0.510511
bt 0 -0.509588 -0.860418
t 0.999999 0.00111525 -0.000570156
bt -0.00188073 0.890389 -0.455196
t 0.999998 0.00182685 -0.000933944
bt -0.00483245 0.89038 -0.455192
t 0.999998 0.00188164 -8.92821e-05
bt 0 0.998876 -0.0473958
t 0.999998 0.00188164 -8.92821e-05
bt 0 0.998876 -0.0473958
t 1 7.67861e-06 -6.60131e-06
bt -0.00548383 0.758291 -0.651893
t 1 7.67861e-06 -6.60131e-06
bt -0.00548383 0.758291 -0.651893
t 1 6.58995e-06 -7.61217e-06
bt 0 -0.654477 0.756082
t 0.999998 -0.00187957 0.00119587
bt 0 -0.843707 0.536804
t 1 6.02996e-06 -3.83675e-06
bt 0 -0.843707 0.536804
t 1 4.3925e-06 -5.07385e-06
bt -0.00236443 -0.654475 0.75608
t 1 0.000570983 0.000225269
bt 0 0.930217 0.36701
t 0.999998 0.00194632 0.000767906
bt 0 0.930217 0.36701
t 1 0 0
bt 0 0.621734 0.783229
t 1 0 0
bt 0 0.621734 0.783229
t 1 0 0
bt 0 0.885204 0.465202
t 0.999998 0.00187254 0.000984078
bt -0.00159489 0.885203 0.465202
t 1 0 0
bt 0 0.885204 0.465202
t 1 0 0
bt 0 0.885204 0.465202
t 0.999998 -0.00104128 0.00186686
bt -0.00393507 -0.487116 0.873329
t 1 0 0
bt 0 -0.48712 0.873335
t 0.999998 -0.00104128 0.00186686
bt -0.00393507 -0.487116 0.873329
t 0.999998 -0.00104128 0.00186686
bt -0.00393507 -0.487116 0.873329
t 0 0.143387 -0.989667
bt 0 -0.986863 -0.16156
t 0 0.139708 -0.990193
bt 0 -0.990621 -0.13664
t 0 0.141976 -0.98987
bt 0 -0.987851 -0.155406
t 0 0.143387 -0.989667
bt 0 -0.986863 -0.16156
t 0 0.138977 -0.990295
bt 0 -0.990415 -0.138126
t 0 0.138383 -0.990379
bt 0 -0.990549 -0.13716
t 0 0.138667 -0.990339
bt 0 -0.990365 -0.138484
t 0 0.139222 -0.990261
bt 0 -0.990505 -0.13748
t 0 0.139732 -0.990189
bt 0 -0.990575 -0.136975
t 0 0.139732 -0.990189
bt 0 -0.990575 -0.136975
t 0 0.138103 -0.990418
bt 0 -0.990072 -0.140562
t 0 0.138438 -0.990371
bt 0 -0.990395 -0.138268
t 0 0.137123 -0.990554
bt 0 -0.990265 -0.139197
t 0 0.137123 -0.990554
bt 0 -0.990265 -0.139197
t 0.999998 0.000360256 0.00186156
bt 0 0.189999 0.981784
t 1 0 0
bt -0.00231685 -0.209901 0.97772
t 0.999999 -0.00025809 0.00120222
bt -0.00231685 -0.209901 0.97772
t 0.999999 0.000234601 0.00121223
bt 0 0.189999 0.981784

