g sponza_153
t 0 -0.857464 -0.514545
bt 0 -0.515275 0.857025
t 0 -0.853424 -0.521218
bt 0 -0.498597 0.866834
t 0 -0.858727 -0.512433
bt 0 -0.513801 0.857909
t 0 -0.858466 -0.512871
bt 0 -0.51314 0.858305
t 0 -0.860998 -0.508608
bt 0 -0.511627 0.859207
t 0 -0.860699 -0.509114
bt 0 -0.50968 0.860364
t 0 -0.860709 -0.509098
bt 0 -0.511773 0.85912
t 0 -0.860673 -0.509158
bt 0 -0.51047 0.859895
t 0 -0.858233 -0.513261
bt 0 -0.508257 0.861206
t 0 -0.858233 -0.513261
bt 0 -0.508257 0.861206
t 0 -0.859692 -0.510813
bt 0 -0.510478 0.859891
t 0 -0.859631 -0.510916
bt 0 -0.510775 0.859715
t 0 -0.858696 -0.512486
bt 0 -0.509544 0.860444
t 0 -0.859875 -0.510505
bt 0 -0.509589 0.860418
t -0.999999 0.00111313 0.000569071
bt 0.00188084 0.890389 0.455196
t -0.999998 0.00182681 0.000933925
bt 0.00483266 0.89038 0.455192
t -0.999998 0.0018816 8.92801e-05
bt 0 0.998876 0.0473958
t -0.999998 0.0018816 8.92801e-05
bt 0 0.998876 0.0473958
t -1 0 0
bt 0.00548421 0.758291 0.651893
t -1 0 0
bt 0.00548421 0.758291 0.651893
t -1 0 0
bt 0 -0.654477 -0.756082
t -0.999998 -0.00187954 -0.00119585
bt 0 -0.843707 -0.536804
t -1 0 0
bt 0 -0.843707 -0.536804
t -1 0 0
bt 0.0023646 -0.654475 -0.75608
t -1 0.00057097 -0.000225264
bt 0 0.930217 -0.36701
t -0.999998 0.00194627 -0.000767889
bt 0 0.930217 -0.36701
t -1 0 0
bt 0 0.621734 -0.783229
t -1 0 0
bt 0 0.621734 -0.783229
t -1 0 0
bt 0 0.885204 -0.465202
t -0.999998 0.0018725 -0.000984055
bt 0.00159489 0.885203 -0.465202
t -1 0 0
bt 0 0.885204 -0.465202
t -1 0 0
bt 0 0.885204 -0.465202
t -0.999998 -0.00104126 -0.00186682
bt 0.00393516 -0.487116 -0.873329
t -1 0 0
bt 0 -0.48712 -0.873335
t -0.999998 -0.00104126 -0.00186682
bt 0.00393516 -0.487116 -0.873329
t -0.999998 -0.00104126 -0.00186682
bt 0.00393516 -0.487116 -0.873329
t 0 0.143386 0.989667
bt 0 -0.986866 0.161541
t 0 0.139707 0.990193
bt 0 -0.990622 0.136633
t 0 0.141976 0.98987
bt 0 -0.987853 0.155391
t 0 0.143386 0.989667
bt 0 -0.986866 0.161541
t 0 0.138978 0.990295
bt 0 -0.990412 0.138145
t 0 0.138383 0.990379
bt 0 -0.990548 0.137164
t 0 0.138666 0.990339
bt 0 -0.990365 0.138484
t 0 0.139223 0.990261
bt 0 -0.990506 0.13747
t 0 0.139735 0.990189
bt 0 -0.990579 0.136943
t 0 0.139735 0.990189
bt 0 -0.990579 0.136943
t 0 0.138102 0.990418
bt 0 -0.990072 0.14056
t 0 0.138438 0.990371
bt 0 -0.990395 0.138267
t 0 0.137124 0.990554
bt 0 -0.990265 0.139195
t 0 0.137124 0.990554
bt 0 -0.990265 0.139195
t -0.999998 0.000360248 -0.00186151
bt 0 0.189999 -0.981784
t -1 0 0
bt 0.00231705 -0.209901 -0.97772
t -0.999999 -0.000258084 -0.00120219
bt 0.00231705 -0.209901 -0.97772
t -0.999999 0.000234596 -0.0012122
bt 0 0.189999 -0.981784

