g sponza_91
t 0 0 1
bt -0.141099 -0.989993 -0.0022671
t 0 0 1
bt -0.141099 -0.989995 0
t 0 0 1
bt -0.235399 -0.971897 -0.0015184
t 0 0 1
bt -0.246602 -0.969116 -0.00144295
t -1 0 0
bt 0.00285508 -0.992867 -0.119196
t -1 0 0
bt 0.00252292 -0.977289 -0.211898
t -1 0 0
bt 0.00189681 -0.97729 -0.211898
t -1 0 0
bt 0.00285508 -0.992867 -0.119196
t -1 0 0
bt -0.000361115 -1 0
t -1 0 0
bt 0.000374936 -1 0
t -1 0 0
bt -0.000361115 -1 0
t -1 0 0
bt -0.000361115 -1 0
t 0 0 -1
bt 0 -1 -0.000342686
t 0 0 -1
bt 0 -1 0
t 0 0 -1
bt 0 -1 -0.000342686
t 0 0 -1
bt 0 -1 -0.000342686
t 0 0 1
bt -0.802857 -0.59572 0.0232221
t 0 0 1
bt -0.799843 -0.593483 0.0896052
t 0 0 1
bt -0.802857 -0.59572 0.0232221
t 0 0 1
bt -0.802857 -0.59572 0.0232221
t -1 0 0
bt 0.656676 -0.498503 -0.565925
t -1 0 0
bt -0.648438 -0.503193 -0.571249
t -1 0 0
bt 0.656676 -0.498503 -0.565925
t -1 0 0
bt 0.656676 -0.498503 -0.565925
t 0 0 1
bt 0.706506 -0.707706 0.00112507
t 0 0 1
bt 0.706506 -0.707707 0
t 0 0 1
bt 0.706506 -0.707706 0.00112507
t 0 0 1
bt 0.706506 -0.707706 0.00112507
t -1 0 0
bt -0.000672132 -0.765378 0.643581
t -1 0 0
bt 0.000720108 -0.765378 0.643581
t -1 0 0
bt -0.000672132 -0.765378 0.643581
t -1 0 0
bt -0.000672132 -0.765378 0.643581
t 0 0 1
bt -0.743891 -0.668292 0.00336223
t 0 0 1
bt -0.743896 -0.668296 0
t 0 0 1
bt -0.743891 -0.668292 0.00336223
t 0 0 1
bt -0.743891 -0.668292 0.00336223
t -1 0 0
bt -0.00441013 -0.729483 -0.683984
t -1 0 0
bt -0.00999672 -0.729454 -0.683957
t -1 0 0
bt -0.00441013 -0.729483 -0.683984
t -1 0 0
bt -0.00441013 -0.729483 -0.683984
t 0 0 1
bt 0.743894 -0.668295 -0.00197542
t 0 0 1
bt 0.743896 -0.668296 0
t 0 0 1
bt 0.743894 -0.668295 -0.00197542
t 0 0 1
bt 0.743894 -0.668295 -0.00197542
t -1 0 0
bt 0.00276275 -0.729488 0.683988
t -1 0 0
bt 0.0119612 -0.729438 0.683942
t -1 0 0
bt 0.00276275 -0.729488 0.683988
t -1 0 0
bt 0.00276275 -0.729488 0.683988
t 0 0 1
bt -0.4309 -0.9024 -7.2844e-06
t 0 0 1
bt -0.413786 -0.910374 7.72988e-05
t 0 0 1
bt -0.496397 -0.868095 -0.000126753
t 0 0 1
bt -0.496397 -0.868095 -0.000126753
t -1 0 0
bt 0.000396322 -0.926261 -0.376883
t -1 0 0
bt -0.000466263 -0.900949 -0.433924
t -1 0 0
bt 0.000566582 -0.900949 -0.433924
t -1 0 0
bt 0.000363392 -0.926261 -0.376883
t -0.701683 0.272221 0.658435
bt -0.0312814 -0.976117 -0.214981
t -0.787712 -0.182106 0.588512
bt -0.0728765 -0.941882 -0.327944
t -0.735368 0.118258 0.66727
bt -0.0685378 -0.944156 -0.32229
t -0.701683 0.272221 0.658435
bt -0.0312814 -0.976117 -0.214981
t -0.783064 0.124968 -0.609257
bt 0.367361 -0.927873 -0.0640166
t -0.715825 -0.176219 -0.675678
bt 0.36831 -0.926844 -0.0728548
t -0.766479 0.286272 -0.574942
bt 0.255777 -0.966451 -0.0234653
t -0.766479 0.286272 -0.574942
bt 0.255777 -0.966451 -0.0234653
t -0.747425 -0.206557 0.631419
bt -0.0146229 -0.999684 0.0204257
t -0.729758 -0.294048 0.617243
bt 0.00161265 -0.999976 0.00674881
t -0.747425 -0.206557 0.631419
bt -0.0146229 -0.999684 0.0204257
t -0.747425 -0.206557 0.631419
bt -0.0146229 -0.999684 0.0204257
t -0.74895 -0.207909 -0.629164
bt -0.0242523 -0.99963 -0.0123243
t -0.726411 -0.317958 -0.609287
bt -0.00802461 -0.999967 0.00134721
t -0.74895 -0.207909 -0.629164
bt -0.0242523 -0.99963 -0.0123243
t -0.74895 -0.207909 -0.629164
bt -0.0242523 -0.99963 -0.0123243
t -0.900915 0.244434 0.358615
bt 0.123702 -0.562842 0.817256
t -0.881126 0.4719 -0.0304422
bt 0.111091 -0.559045 0.821662
t -0.9009 0.244462 0.358632
bt 0.123735 -0.562778 0.817295
t -0.9009 0.244462 0.358632
bt 0.123735 -0.562778 0.817295
t -0.366274 0.34043 -0.865997
bt -0.855278 -0.506575 0.109003
t -0.0993623 0.480967 -0.87109
bt -0.869741 -0.488835 0.0677548
t -0.366309 0.340497 -0.865956
bt -0.855273 -0.506584 0.108998
t -0.366274 0.34043 -0.865997
bt -0.855278 -0.506575 0.109003
t -0.778817 -0.012963 0.627117
bt -0.665496 -0.499384 -0.554735
t -0.764811 -7.25078e-06 0.644254
bt -0.646569 -0.50132 -0.575002
t -0.778817 -0.012963 0.627117
bt -0.665496 -0.499384 -0.554735
t -0.778817 -0.012963 0.627117
bt -0.665496 -0.499384 -0.554735
t -0.764811 7.1617e-06 -0.644254
bt 0.665852 -0.499343 -0.554344
t -0.764811 7.28019e-06 -0.644254
bt 0.658862 -0.500113 -0.56195
t -0.764811 7.1617e-06 -0.644254
bt 0.665852 -0.499343 -0.554344
t -0.764811 7.1617e-06 -0.644254
bt 0.665852 -0.499343 -0.554344
t -0.918215 -0.256488 0.30182
bt -0.114509 -0.514355 -0.849898
t -0.764839 2.03728e-05 0.644221
bt -0.077712 -0.503392 -0.860556
t -0.918261 -0.256389 0.301766
bt -0.114482 -0.514415 -0.849865
t -0.918215 -0.256488 0.30182
bt -0.114509 -0.514355 -0.849898
t -0.43165 -0.270165 -0.860633
bt 0.879909 -0.462399 -0.109301
t -0.764773 7.97784e-05 -0.6443
bt 0.901547 -0.431347 -0.0339581
t -0.431666 -0.2702 -0.860614
bt 0.879942 -0.462327 -0.10934
t -0.431666 -0.2702 -0.860614
bt 0.879942 -0.462327 -0.10934
t -0.76481 4.30273e-05 0.644255
bt 0.0390192 -0.483744 0.87434
t -0.918573 0.393617 0.0358986
bt 0.0265038 -0.479592 0.877091
t -0.76481 4.30273e-05 0.644255
bt 0.0390192 -0.483744 0.87434
t -0.76481 4.30273e-05 0.644255
bt 0.0390192 -0.483744 0.87434
t -0.764797 -2.83994e-05 -0.644271
bt -0.904411 -0.425187 0.0354497
t -0.197034 0.390922 -0.899087
bt -0.909648 -0.415191 0.0124981
t -0.764797 -2.83994e-05 -0.644271
bt -0.904411 -0.425187 0.0354497
t -0.764797 -2.83994e-05 -0.644271
bt -0.904411 -0.425187 0.0354497
t -0.830511 -0.294302 0.472903
bt -0.0729767 -0.818402 -0.569994
t -0.833607 -0.190616 0.518425
bt -0.110748 -0.760025 -0.640389
t -0.850556 -0.283849 0.442702
bt -0.0961364 -0.75537 -0.648208
t -0.825511 -0.258281 0.501819
bt -0.0685573 -0.824769 -0.561298
t -0.547306 -0.322457 -0.77232
bt 0.714416 -0.696182 -0.0702911
t -0.64321 -0.203409 -0.738177
bt 0.701859 -0.706501 -0.0908304
t -0.579257 -0.332289 -0.744342
bt 0.64183 -0.765235 -0.0497032
t -0.614146 -0.289081 -0.734341
bt 0.633412 -0.772441 -0.0460874
t -1 0 0.000103502
bt -0.000676999 0 1
t -1 0 0
bt -0.0477934 0 0.998857
t -0.999989 0 -0.00462213
bt -0.000676999 0 1
t -0.999994 0 -0.00346659
bt -0.000507749 0 1
t -0.9999 0 -0.0141766
bt 0 0 1
t -1 0 0
bt 0 0 1
t 0 0 -1
bt 0.141099 -0.989995 0
t 0 0 -1
bt 0.246602 -0.969114 0.00224461
t 0 0 -1
bt 0.235496 -0.971875 0
t 0 0 -1
bt 0.141099 -0.989995 0
t 0 0 1
bt 0 -1 0
t 0 0 1
bt 0 -1 -0.000342686
t 0 0 1
bt 0 -1 0
t 0 0 1
bt 0 -1 0
t -2.84889e-05 2.11409e-05 -1
bt 0.720182 -0.534375 -0.442472
t -2.57212e-05 1.90871e-05 -1
bt 0.669714 -0.496928 -0.551856
t -2.84889e-05 2.11409e-05 -1
bt 0.720182 -0.534375 -0.442472
t -2.84889e-05 2.11409e-05 -1
bt 0.720182 -0.534375 -0.442472
t 0 0 -1
bt -0.706506 -0.707707 0
t -1.99116e-05 -1.99447e-05 -1
bt -0.706506 -0.707706 -0.0015797
t 0 0 -1
bt -0.706506 -0.707707 0
t 0 0 -1
bt -0.706506 -0.707707 0
t 0 0 -1
bt 0.743896 -0.668296 0
t 0 0 -1
bt 0.74388 -0.668282 -0.00638766
t 0 0 -1
bt 0.743896 -0.668296 0
t 0 0 -1
bt 0.743896 -0.668296 0
t 0 0 -1
bt -0.743896 -0.668296 0
t 0 0 -1
bt -0.743873 -0.668276 0.00771887
t 0 0 -1
bt -0.743896 -0.668296 0
t 0 0 -1
bt -0.743896 -0.668296 0
t 1.18913e-06 -2.49031e-06 -1
bt 0.4309 -0.9024 7.82206e-05
t 0 0 -1
bt 0.496397 -0.868095 -0.00012675
t 1.57768e-06 -2.75915e-06 -1
bt 0.496397 -0.868095 0
t 7.30661e-07 -1.60807e-06 -1
bt 0.413786 -0.910374 0
t 1 0 0
bt -0.00462181 0 -0.999989
t 1 0 0
bt -0.0129113 0 -0.999917
t 1 0 0
bt 0 0 -1
t 1 0 0
bt 0 0 -1
t 1 0 0
bt -0.0386404 0 -0.999253
t 1 0 0
bt -0.0386404 0 -0.999253

