g sponza_146
t -0.33371 -0.942478 -0.0193062
bt 0.310314 -0.111715 -0.944047
t -0.413494 -0.908105 -0.0660949
bt 0.300899 -0.145643 -0.942469
t -0.424794 -0.90468 0.033227
bt -0.288209 0.171564 -0.942073
t -0.346763 -0.937729 -0.0204727
bt -0.273954 0.207182 -0.939162
t -0.610499 -0.780081 0.136985
bt -0.628557 0.57354 -0.525326
t -0.587746 -0.805744 0.0730187
bt -0.633475 0.621891 -0.460393
t -0.858412 -0.512933 0.00526777
bt -0.0189471 0.200385 -0.979534
t -0.895708 -0.444472 -0.0123006
bt -0.407897 0.0205235 -0.912797
t -0.962274 -0.265714 0.0585309
bt -0.101228 0.424519 -0.899743
t -0.961597 -0.260082 0.0876808
bt -0.0780771 0.498035 -0.863635
t -0.826483 -0.529543 0.191074
bt -0.301127 0.630583 -0.715323
t -0.79876 -0.588823 0.123574
bt -0.481371 0.608256 -0.631116
t -0.586271 -0.809913 0.0180905
bt -0.183484 0.249589 -0.95081
t -0.682 -0.730397 0.0373601
bt -0.106507 0.269356 -0.957133
t -0.742007 -0.668137 0.0549458
bt -0.0311332 0.286136 -0.957683
t -0.808036 -0.589119 0.00415903
bt 0.00104386 0.259117 -0.965845
t -0.910486 -0.373164 0.178225
bt -0.0540514 0.577933 -0.814292
t -0.870283 -0.453387 0.192479
bt -0.112134 0.633816 -0.765313
t -0.710384 -0.669598 0.21678
bt -0.57747 0.536386 -0.615482
t -0.756663 -0.653106 0.0302342
bt 0.0218138 -0.293633 -0.955669
t -0.802702 -0.594979 -0.0408476
bt 0.124366 -0.170933 -0.977402
t -0.60298 -0.796089 0.0515529
bt 0.150892 -0.290926 -0.944772
t -0.936347 -0.247085 0.249406
bt -0.0198356 -0.90297 -0.429245
t -0.509767 -0.462555 0.725383
bt -0.16237 -0.802695 -0.573861
t -0.45842 -0.680896 0.571167
bt -0.124272 -0.857083 -0.499965
t -0.911939 -0.351553 0.211608
bt 0.0057173 -0.939639 -0.34212
t -0.962275 -0.26571 -0.0585237
bt 0.0135293 -0.444131 -0.89586
t -0.899342 -0.416968 0.131611
bt -0.0224417 -0.249136 -0.968209
t -0.858501 -0.512793 -0.00437724
bt -0.0134694 -0.218875 -0.97566
t -0.976159 -0.216826 -0.0100445
bt -0.00458643 -0.512825 -0.858481
t -0.60298 -0.796089 0.0515529
bt 0.150892 -0.290926 -0.944772
t -0.943739 -0.296486 0.146466
bt 0.0195108 -0.802929 -0.595756
t -0.957358 -0.268006 0.107879
bt -0.0387206 -0.730614 -0.681691
t -0.710442 -0.689765 0.13963
bt -0.0360987 -0.402142 -0.914866
t -0.967719 -0.25185 0.00958609
bt -0.035791 -0.594147 -0.80356
t -0.816475 -0.570835 0.0866939
bt -0.176427 -0.372144 -0.911253
t -0.756663 -0.653106 0.0302342
bt 0.0218138 -0.293633 -0.955669
t -0.959014 -0.280849 0.0376168
bt -0.043186 -0.666316 -0.744418
t -0.814107 -0.578382 0.0520038
bt -0.105432 -0.327858 -0.938826
t -0.933378 -0.341862 0.109247
bt -0.108417 -0.821395 -0.55996
t -0.635533 -0.642444 0.428209
bt -0.27343 -0.712917 -0.645744
t -0.976683 0.192063 -0.0959325
bt 0.0329952 -0.453096 -0.890851
t -0.976683 -0.192063 0.0959325
bt -0.0332739 -0.453147 -0.890815
t -0.979528 0.200444 -0.0186477
bt 0.0102848 -0.513712 -0.857901
t -0.961229 0.239685 -0.136342
bt 0.0427882 -0.731256 -0.680759
t -0.954945 -0.175388 0.239414
bt -0.00976927 -0.808455 -0.588476
t -0.954945 0.175388 -0.239414
bt 0.0332741 -0.812325 -0.582255
t -0.966008 0.245706 -0.0803528
bt 0.0422901 -0.666173 -0.744597
t -0.972726 0.227594 -0.0447775
bt 0.0374031 -0.59439 -0.803306
t -0.954945 0.175387 -0.239415
bt 0.0550986 -0.81549 -0.576142
t -0.954945 -0.175388 0.239414
bt -0.0553926 -0.81553 -0.576058
t -0.938899 0.223332 -0.261901
bt -0.0172427 -0.897289 -0.441107
t -0.457376 0.695569 -0.554068
bt 0.118755 -0.85201 -0.509879
t -0.519349 0.522185 -0.676461
bt 0.144602 -0.787039 -0.599717
t -0.864354 0.480847 -0.147237
bt -0.0385557 -0.934998 -0.35255
t -0.860038 0.510078 -0.0124269
bt 0.0846151 -0.258411 -0.962322
t -0.84657 0.318064 -0.426795
bt 0.0680195 -0.270003 -0.960454
t -0.962277 0.265704 0.0585105
bt -0.0135813 -0.444121 -0.895864
t -0.943738 0.296492 -0.14646
bt -0.0195974 -0.802911 -0.595776
t -0.637211 0.665824 -0.388123
bt 0.134313 -0.598681 -0.789646
t -0.716095 0.649448 -0.255783
bt 0.185959 -0.525632 -0.830139
t -0.766607 0.628318 -0.132402
bt 0.177048 -0.442722 -0.879006
t -0.815156 0.575512 -0.0656258
bt 0.17635 -0.372098 -0.911287
t -0.81124 0.584296 -0.0221023
bt 0.105364 -0.327814 -0.938848
t -0.945084 0.289122 -0.152395
bt -0.101694 -0.783424 -0.613112
t -0.944058 0.112175 -0.310117
bt 0.0363187 -0.943994 -0.327959
t -0.858501 -0.512793 -0.00437724
bt -0.0134694 -0.218875 -0.97566
t -0.899342 -0.416968 0.131611
bt -0.0224417 -0.249136 -0.968209
t -0.710442 -0.689765 0.13963
bt -0.0360987 -0.402142 -0.914866
t -0.807026 -0.590394 -0.0119963
bt 0.124366 -0.170933 -0.977402
t -0.0357559 -0.995625 -0.0863256
bt -0.381457 0.080005 -0.920918
t 0 -1 0
bt -0.373432 0.218565 -0.901542
t -0.10685 -0.988517 -0.10685
bt -0.702751 0.11082 -0.702751
t -0.10685 -0.988517 -0.10685
bt -0.702751 0.11082 -0.702751
t 0 -1 0
bt 0.38271 0 -0.923869
t 0 -1 0
bt 0.38271 0 -0.923869
t -1 0 0
bt 0 -1 0
t -1 0 0
bt 0 -1 0
t -1 0 0
bt 0 -1 0
t -1 0 0
bt 0 -1 0
t -0.640816 -0.422741 0.640816
bt 0.0568811 -0.996759 -0.0568811
t -0.655923 -0.373538 0.655923
bt 0 -1 0
t -0.3416 -0.450707 0.824726
bt 0.0284536 -0.997232 -0.0686958
t -0.3416 -0.450707 0.824726
bt 0.0284536 -0.997232 -0.0686958
t -0.362821 0.317889 -0.875961
bt 0 -1 0
t -0.352842 0.387067 -0.851869
bt -0.018271 -0.99886 -0.0441117
t -0.675445 0.295885 -0.675445
bt 0 -1 0
t -0.675445 0.295885 -0.675445
bt 0 -1 0
t -0.997153 0 0.0754085
bt -0.211446 0 -0.97739
t -0.99991 0 0.0134453
bt -0.00235168 0 -0.999997
t -0.993831 0 0.11091
bt -0.313594 0 -0.949557
t -0.993831 0 0.11091
bt -0.313594 0 -0.949557
t -0.995759 0 0.0919951
bt -0.0385501 0 -0.999257
t -0.995722 0 0.0924044
bt -0.0385501 0 -0.999257
t -0.995192 0 -0.0979441
bt 0.0220876 0 -0.999756
t -0.995192 0 -0.0979441
bt 0.027316 0 -0.999627
t -0.994148 0 0.108026
bt -0.0329877 0 -0.999456
t -0.996009 0 0.08925
bt -0.0412511 0 -0.999149
t -0.995722 0 0.0924044
bt -0.0385501 0 -0.999257
t -0.995759 0 0.0919951
bt -0.0385501 0 -0.999257
t -0.956725 0 -0.290993
bt 0.0743211 0 -0.997234
t -0.946326 0 -0.323212
bt 0.0147401 0 -0.999891
t 0 -1 0
bt -0.707107 0 -0.707107
t 0 -1 0
bt -0.923885 0 -0.382671
t 0 -1 0
bt -0.923885 0 -0.382671
t 0 -1 0
bt -0.707107 0 -0.707107
t 0 -1 0
bt 0.38271 0 -0.923869
t 0 -1 0
bt 0 0 -1
t 0 -1 0
bt 0 0 -1
t 0 -1 0
bt 0.38271 0 -0.923869
t -1 0 0
bt 0 -1 0
t -0.917164 -0.120303 0.379918
bt 0 -1 0
t -0.917164 -0.120303 0.379918
bt 0 -1 0
t -1 0 0
bt 0 -1 0
t -0.382671 0 0.923885
bt -0.0139594 -0.999334 0.0337023
t -0.357654 -0.355636 0.863486
bt 0 -1 0
t -0.360421 0.336016 -0.870167
bt 0 -1 0
t -0.707057 0 -0.707157
bt 0 -1 0
t -0.671518 0.31305 -0.671613
bt 0 -1 0
t -0.360421 0.336016 -0.870167
bt 0 -1 0
t 0.333731 -0.942472 0.0192446
bt -0.310314 -0.111715 0.944047
t 0.413513 -0.9081 0.0660424
bt -0.300899 -0.145643 0.942469
t 0.419647 -0.906397 -0.0483838
bt 0.300759 0.145933 0.942469
t 0.327895 -0.944011 -0.0364501
bt 0.309982 0.112634 0.944047
t 0.756657 -0.653114 -0.030194
bt -0.0218014 -0.293643 0.955666
t 0.809697 -0.586778 -0.00911126
bt -0.0185302 -0.245758 0.969154
t 0.802721 -0.594962 -0.0407299
bt 0.124366 0.170933 0.977402
t 0.746185 -0.664865 -0.0340799
bt 0.1575 0.179775 0.971017
t 0.602986 -0.796083 -0.0515793
bt -0.150909 -0.290906 0.944775
t 0.579621 -0.813766 -0.0427073
bt 0.239444 0.175387 0.954938
t 0.93635 -0.247062 -0.249418
bt 0.0198466 -0.902972 0.429242
t 0.50976 -0.462517 -0.725412
bt 0.162392 -0.802713 0.573829
t 0.458423 -0.680857 -0.571212
bt 0.124316 -0.857124 0.499885
t 0.91191 -0.351547 -0.211741
bt -0.00568892 -0.939676 0.342018
t 0.962274 -0.265714 0.058531
bt -0.01353 -0.444131 0.89586
t 0.899339 -0.41694 -0.131723
bt 0.0224024 -0.249118 0.968214
t 0.8585 -0.512795 0.00438746
bt 0.0134677 -0.218874 0.97566
t 0.976144 -0.216894 0.00997153
bt 0.00458979 -0.512827 0.85848
t 0.602986 -0.796083 -0.0515793
bt -0.150909 -0.290906 0.944775
t 0.943749 -0.296433 -0.146508
bt -0.0196199 -0.802907 0.595782
t 0.957364 -0.26797 -0.107916
bt 0.03868 -0.730608 0.681701
t 0.710441 -0.689768 -0.139621
bt 0.0360794 -0.402125 0.914874
t 0.967713 -0.251872 -0.00955402
bt 0.0357542 -0.594141 0.803566
t 0.809697 -0.586778 -0.00911126
bt -0.0185302 -0.245758 0.969154
t 0.756657 -0.653114 -0.030194
bt -0.0218014 -0.293643 0.955666
t 0.959 -0.280906 -0.0375462
bt 0.0431868 -0.666316 0.744418
t 0.933399 -0.341785 -0.109311
bt 0.108412 -0.821395 0.559962
t 0.635526 -0.642375 -0.428324
bt 0.273422 -0.712911 0.645754
t 0.976683 0.192063 0.0959325
bt -0.0329641 -0.453091 0.890855
t 0.976683 -0.192063 -0.0959325
bt 0.0332721 -0.453146 0.890815
t 0.983206 0.156662 0.0936126
bt -0.0212687 -0.515372 0.856703
t 0.964276 0.182767 0.19175
bt -0.0509769 -0.732509 0.678846
t 0.954945 -0.175388 -0.239414
bt 0.00965316 -0.808435 0.588506
t 0.954945 0.175388 0.239414
bt -0.0333756 -0.81234 0.582228
t 0.971017 0.179544 0.157764
bt -0.0391963 -0.665682 0.745206
t 0.977398 0.170644 0.124792
bt -0.0440097 -0.595375 0.802242
t 0.954945 0.175388 0.239414
bt -0.0551816 -0.815502 0.576118
t 0.954945 -0.175388 -0.239414
bt 0.0552927 -0.815517 0.576086
t 0.942469 0.145643 0.300899
bt -0.0265414 -0.903851 0.427024
t 0.944019 0.112213 0.310221
bt -0.0362705 -0.943989 0.327977
t 0.8585 -0.512795 0.00438746
bt 0.0134677 -0.218874 0.97566
t 0.899339 -0.41694 -0.131723
bt 0.0224024 -0.249118 0.968214
t 0.890781 -0.453213 -0.0332698
bt 0.0959542 0.192062 0.976681
t 0.856161 -0.516057 -0.0259328
bt 0.0934583 0.156754 0.983206
t 0.710441 -0.689768 -0.139621
bt 0.0360794 -0.402125 0.914874
t 0.68046 -0.731458 -0.0440832
bt 0.19175 0.182767 0.964276
t 0.803596 -0.594128 -0.0352875
bt 0.124366 0.170933 0.977402
t 0 -1 0
bt -0.38271 0 0.923869
t 0 -1 0
bt 0.38271 0 0.923869
t 0 -1 0
bt 0.38271 0 0.923869
t 0 -1 0
bt -0.38271 0 0.923869
t 1 0 0
bt 0 -1 0
t 1 0 0
bt 0 -1 0
t 1 0 0
bt 0 -1 0
t 1 0 0
bt 0 -1 0
t 0.64084 -0.422667 -0.64084
bt -0.0568931 -0.996758 0.0568931
t 0.655942 -0.37347 -0.655942
bt 0 -1 0
t 0.341616 -0.450622 -0.824766
bt -0.0284604 -0.997231 0.068712
t 0.341616 -0.450622 -0.824766
bt -0.0284604 -0.997231 0.068712
t 0.995758 0 -0.0920105
bt 0.0385163 0 0.999258
t 0.99572 0 -0.0924198
bt 0.0385171 0 0.999258
t 0.999992 0 -0.00407975
bt 0 0 1
t 0.999992 0 -0.00407975
bt 0 0 1
t 1 0 0
bt 0.00408226 0 0.999992
t 1 0 0
bt -0.00376019 0 0.999993
t 0.99415 0 -0.108004
bt 0.0330381 0 0.999454
t 0.996006 0 -0.089291
bt 0.0412376 0 0.999149
t 0.99572 0 -0.0924198
bt 0.0385171 0 0.999258
t 0.995758 0 -0.0920105
bt 0.0385163 0 0.999258
t 0 -1 0
bt 0 0 1
t 0 -1 0
bt 0.38271 0 0.923869
t 0 -1 0
bt 0.38271 0 0.923869
t 0 -1 0
bt 0 0 1
t 0.923869 0 0.38271
bt 0 -1 0
t 0.917162 -0.120319 -0.379917
bt 0 -1 0
t 0.917162 -0.120319 -0.379917
bt 0 -1 0
t 0.923869 0 0.38271
bt 0 -1 0
t 0.707107 0 -0.707107
bt 0.0279124 -0.999221 -0.0279124
t 0.667075 -0.331694 -0.667075
bt 0 -1 0
t -0.999795 0 0.0202412
bt 0 0 -1
t -0.99995 0 -0.00997599
bt 5.14334e-05 0 -1
t -0.999911 0 0.0133495
bt -0.0218451 0 -0.999761
t -0.999795 0 0.0202412
bt 0 0 -1
t -0.999771 0 0.0214062
bt -0.043545 0 -0.999051
t -1 0 -0.00043596
bt -0.065504 0 -0.997852
t -0.997881 0 0.0650599
bt 0.000436222 0 -1
t -0.997881 0 0.0650599
bt 0.000436222 0 -1

