g sponza_181
t 1 0 0
bt 0 0 -1
t 1 0 0
bt 0 0 -1
t 1 0 0
bt 0 0 -1
t 1 0 0
bt 0 0 -1
t 1 0 0
bt 0 0 1
t 1 0 0
bt 0 0 1
t 1 0 0
bt 0 0 1
t 1 0 0
bt 0 0 1
t 0 0 1
bt 0 -0.999987 -0.00507442
t 0 0.00136759 0.999999
bt 0 -0.999997 -0.00247255
t 0 -0.000175932 1
bt 0 -0.999994 -0.00338296
t 1 0 0
bt 0 -0.664233 -0.747525
t 1 0 0
bt 0 -0.664233 -0.747525
t 1 0 0
bt 0 -0.8527 -0.5224
t 1 0 0
bt 0 -0.8527 -0.5224
t 0 0 -1
bt 0 -0.999987 -0.00507731
t 0 0.000175892 -1
bt 0 -0.999994 -0.00338488
t 0 -0.00123582 -0.999999
bt 0 -0.999997 -0.00253866
t 0 0 1
bt 0 -1 0.000258685
t 0 0.00182346 0.999998
bt 0 -1 0.000172457
t 1 0 0
bt 0 -1 0
t 1 0 0
bt 0 -1 0
t 1 0 0
bt 0 -1 0
t 1 0 0
bt 0 -1 0
t 0 0.000527677 -1
bt 0 -1 0
t 0 -0.00182366 -0.999998
bt 0 -1 0.000172695
t 0 0.00547036 0.999985
bt 0 -1 0
t 1 0 0
bt 0 -0.418506 -0.908214
t 1 0 0
bt 0 -0.418506 -0.908214
t 0 -0.00547096 -0.999985
bt 0 -1 0

