g sponza_311
t 0.872149 0.407865 0.270189
bt -0.202726 -0.978115 0.0468261
t 0.871896 0.408522 0.270014
bt -0.203127 -0.97804 0.0466693
t 0.874633 0.407874 0.262022
bt 0.00450178 -0.9936 -0.112871
t 0.874633 0.407874 0.262022
bt 0.00450178 -0.9936 -0.112871
t 0.863921 0.406408 0.297442
bt -0.56507 -0.824698 0.0238411
t 0.864113 0.405734 0.297807
bt -0.565041 -0.824717 0.0238635
t 0.843527 0.414856 0.341112
bt -0.677829 -0.734807 0.0246135
t 0.845525 0.399591 0.354139
bt -0.688004 -0.72564 0.00985854
t 0.798025 0.379901 0.467794
bt -0.736763 -0.676138 0.00425401
t 0.797986 0.379688 0.468033
bt -0.736547 -0.676369 0.00482672
t 0.848595 0.368826 0.37928
bt -0.707381 -0.706573 -0.0191517
t 0.637088 0.307291 0.706888
bt -0.757983 -0.652273 0.00153724
t 0.637185 0.307423 0.706744
bt -0.758077 -0.652164 0.000977992
t 0.326271 0.275608 0.904205
bt -0.763917 -0.645314 0.000147648
t 0.327489 0.276638 0.90345
bt -0.763917 -0.645314 0
t -0.559655 -0.20831 0.802118
bt -0.75834 -0.651859 0.000578638
t -0.559851 -0.208546 0.80192
bt -0.758322 -0.65188 0.00047601
t -0.326659 -0.275936 0.903965
bt -0.763917 -0.645314 0
t -0.326659 -0.275936 0.903965
bt -0.763917 -0.645314 0
t -0.790071 -0.342166 0.508636
bt -0.739239 -0.673439 0.00239476
t -0.790064 -0.342137 0.508666
bt -0.739292 -0.67338 0.00253728
t -0.848615 -0.368571 0.379484
bt -0.7076 -0.706344 0.0194915
t -0.848601 -0.36875 0.379341
bt -0.707489 -0.706461 0.0193184
t -0.86582 -0.399619 0.301097
bt -0.603333 -0.797459 0.00701297
t -0.865797 -0.399703 0.301052
bt -0.603153 -0.797596 0.00686476
t -0.843545 -0.414728 0.341222
bt -0.677995 -0.734662 -0.024378
t -0.843545 -0.414728 0.341222
bt -0.677995 -0.734662 -0.024378
t -0.872653 -0.406554 0.270537
bt -0.343272 -0.939186 0.00970147
t -0.872432 -0.40713 0.270384
bt -0.3434 -0.939139 0.00975433
t -0.874204 -0.408793 0.262021
bt 0.00519864 -0.993615 0.112701
t -0.874638 -0.407864 0.262022
bt 0.00312601 -0.993567 0.113205
t -0.872822 -0.406323 0.270338
bt 0.879595 -0.473412 0.046832
t -0.872781 -0.40642 0.270324
bt 0.879788 -0.473074 0.0466281
t -0.874638 -0.407864 0.262022
bt 0.758232 -0.642127 -0.112948
t -0.874638 -0.407864 0.262022
bt 0.758232 -0.642127 -0.112948
t -0.866201 -0.401232 0.297839
bt 0.994978 -0.0972028 0.0238667
t -0.866321 -0.401056 0.297728
bt 0.994974 -0.0972395 0.023891
t -0.849598 -0.390901 0.354089
bt 0.998111 0.0606178 0.00996658
t -0.849521 -0.390984 0.354184
bt 0.998106 0.0607193 0.00985776
t -0.804244 -0.367034 0.467415
bt 0.991492 0.130113 0.00383526
t -0.804962 -0.366623 0.466502
bt 0.991485 0.130165 0.00373959
t -0.647414 -0.290394 0.704646
bt 0.986854 0.161615 0.000867899
t -0.647544 -0.290385 0.704531
bt 0.986858 0.161584 0.00098892
t -0.425701 -0.0736084 0.901865
bt 0.985376 0.170396 0.000149578
t -0.422395 -0.0730366 0.903465
bt 0.985376 0.170396 0
t 0.521982 0.294794 0.800394
bt 0.986808 0.161895 0.000625747
t 0.521343 0.294798 0.800809
bt 0.986812 0.161868 0.000519006
t 0.42456 0.073411 0.902419
bt 0.985376 0.170396 0
t 0.42456 0.073411 0.902419
bt 0.985376 0.170396 0
t 0.771168 0.384681 0.507268
bt 0.991058 0.133412 0.00241024
t 0.77114 0.384695 0.507299
bt 0.991041 0.133532 0.00263032
t 0.839277 0.401701 0.366402
bt 0.99722 0.074364 0.00478951
t 0.838936 0.402049 0.3668
bt 0.997233 0.0741939 0.00460681
t 0.862658 0.406407 0.301089
bt 0.998706 -0.0503796 0.0069926
t 0.862716 0.406323 0.301036
bt 0.998693 -0.0506486 0.00681568
t 0.872178 0.407485 0.270668
bt 0.940106 -0.340743 0.00969919
t 0.872088 0.407648 0.270714
bt 0.940171 -0.340562 0.00977373
t 0.874584 0.407981 0.262022
bt 0.757814 -0.642649 0.112785
t 0.874633 0.407874 0.262022
bt 0.7591 -0.641041 0.113286
t 0.6319 0.303838 0.713011
bt 0.126893 -0.990398 -0.0548675
t 0.852867 0.389796 0.347387
bt -0.186898 -0.982377 0.00203695
t 0.840723 0.3804 0.385332
bt -0.454207 -0.890349 0.0312083
t 0.594732 0.302204 0.74496
bt -0.0577312 -0.997855 -0.0308753
t 0.34474 0.162892 0.924457
bt 0.203957 -0.978959 0.00637661
t 0.379024 0.175242 0.908643
bt 0.305109 -0.952283 -0.00816343
t 0.389354 0.181573 0.903015
bt 0.418892 -0.907996 -0.00854149
t 0.645821 0.301133 0.701594
bt 0.416545 -0.909092 -0.00654686
t 0.528282 0.278842 0.801976
bt -0.207636 -0.977392 -0.0399039
t 0.810547 0.352259 0.467898
bt -0.611293 -0.791317 0.0117344
t 0.735772 0.334765 0.588704
bt -0.671159 -0.741141 0.015993
t 0.421133 0.258133 0.869491
bt -0.287789 -0.957524 -0.0180402
t 0.209253 0.105177 0.972189
bt 0.0458733 -0.998946 0.00139725
t 0.289536 0.131684 0.948065
bt 0.110473 -0.993874 -0.00314038
t 0.235436 0.123797 0.963973
bt -0.334365 -0.94239 -0.0100656
t 0.494841 0.19669 0.846431
bt -0.702978 -0.711177 0.00710624
t 0.0366324 0.0361187 0.998676
bt -0.71209 -0.702089 0
t 0.0129093 0.034627 0.999317
bt -0.349304 -0.937009 0
t 6.6207e-05 0.00874572 0.999962
bt -0.00769978 -0.99997 0
t 0.110866 0.0430681 0.992902
bt 0.00511394 -0.999983 -0.0028581
t -0.251534 -0.176403 0.951637
bt -0.334272 -0.942429 0.00952876
t -0.532145 -0.247405 0.809699
bt -0.702972 -0.711182 -0.0071379
t -0.727654 -0.30597 0.613923
bt -0.673936 -0.738733 -0.00911386
t -0.41668 -0.22906 0.879721
bt -0.289888 -0.956762 0.0238876
t -0.210124 -0.0916927 0.973365
bt 0.0455692 -0.998961 -1.99451e-05
t -0.110694 -0.0585417 0.992129
bt 0.00559208 -0.999983 -0.00141765
t -0.528079 -0.290982 0.797786
bt -0.201299 -0.97911 0.0286755
t -0.810131 -0.365636 0.458255
bt -0.602743 -0.797587 -0.0235981
t -0.84198 -0.374801 0.388064
bt -0.48333 -0.875401 -0.00802783
t -0.595593 -0.297235 0.746271
bt -0.0766146 -0.995541 0.0550341
t -0.345605 -0.159288 0.924762
bt 0.199283 -0.979926 0.00553165
t -0.288537 -0.138618 0.947381
bt 0.112652 -0.993628 -0.00373864
t -0.631484 -0.30514 0.712823
bt 0.166695 -0.985926 0.0127245
t -0.852397 -0.39111 0.347062
bt -0.123496 -0.991854 -0.0312109
t -0.853853 -0.398119 0.335315
bt 0.379286 -0.925127 0.0167979
t -0.645818 -0.301119 0.701602
bt 0.398448 -0.916825 0.0259168
t -0.389354 -0.181573 0.903014
bt 0.419179 -0.907869 0.00788189
t -0.378739 -0.176062 0.908603
bt 0.312038 -0.950038 -0.00779069
t -0.638955 -0.288729 0.713002
bt 0.676321 -0.734656 -0.0535735
t -0.846832 -0.402741 0.347383
bt 0.873802 -0.486281 0.00100519
t -0.831801 -0.399506 0.38536
bt 0.974307 -0.223182 0.0302692
t -0.613801 -0.26129 0.744967
bt 0.801504 -0.59719 -0.030902
t -0.34643 -0.15929 0.924453
bt 0.61882 -0.785507 0.00637918
t -0.378047 -0.177411 0.908628
bt 0.532665 -0.846303 -0.00623063
t -0.551314 -0.22706 0.802806
bt 0.882391 -0.468752 -0.0407057
t -0.790837 -0.394496 0.467921
bt 0.999163 -0.0394733 0.0107288
t -0.727804 -0.34924 0.590197
bt 0.999151 0.0383663 0.0149847
t -0.466511 -0.157865 0.870314
bt 0.918597 -0.394742 -0.018938
t -0.214578 -0.0931567 0.972254
bt 0.735388 -0.677635 0.00393705
t -0.286041 -0.138229 0.948195
bt 0.690622 -0.723203 -0.00432748
t -0.246426 -0.100663 0.96392
bt 0.936837 -0.349621 -0.0101197
t -0.468738 -0.252654 0.846434
bt 0.99664 0.0816805 0.00609716
t -0.051233 -0.00484574 0.998675
bt 0.995553 0.0941982 0
t -0.0348309 0.0123699 0.999317
bt 0.942323 -0.334706 0
t -0.00674599 0.00557472 0.999962
bt 0.770968 -0.636874 0
t -0.105061 -0.0565592 0.992856
bt 0.762508 -0.646979 0.000578825
t 0.296912 0.0791427 0.951619
bt 0.936765 -0.349847 0.00885332
t 0.531563 0.248633 0.809705
bt 0.996673 0.0810574 -0.00857949
t 0.701148 0.361086 0.614824
bt 0.999115 0.0407937 -0.0102271
t 0.442195 0.17262 0.880151
bt 0.919137 -0.393261 0.0230652
t 0.205845 0.101505 0.973306
bt 0.736367 -0.676577 0.00261729
t 0.117555 0.0458383 0.992008
bt 0.762672 -0.646783 0.00170856
t 0.561278 0.218432 0.798282
bt 0.879398 -0.475234 0.0284971
t 0.800808 0.385587 0.458288
bt 0.998404 -0.0511871 -0.0238648
t 0.828329 0.404056 0.388084
bt 0.98116 -0.193017 -0.00836599
t 0.610536 0.265158 0.746282
bt 0.811871 -0.581234 0.0550699
t 0.344207 0.162297 0.92476
bt 0.622584 -0.782533 0.00559674
t 0.291199 0.132468 0.947447
bt 0.688625 -0.725105 -0.00431242
t 0.639696 0.287556 0.712812
bt 0.649722 -0.760026 0.0148977
t 0.847577 0.401468 0.34704
bt 0.837339 -0.545704 -0.0327344
t 0.853853 0.398119 0.335315
bt 0.46831 -0.883377 0.0181985
t 0.378628 0.1766 0.908545
bt 0.527091 -0.84977 -0.00814886
t 0.753745 0.426287 0.500148
bt -0.408335 -0.869508 -0.27788
t 0.745543 0.387378 0.542313
bt -0.338809 -0.938708 -0.0635264
t 0.783647 0.36544 0.502346
bt 0.231271 -0.966019 -0.115414
t 0.75256 0.429249 0.499398
bt -0.0640137 -0.996544 -0.0529304
t 0.700419 0.382299 0.602711
bt -0.472539 -0.879341 -0.0588792
t 0.616306 0.380536 0.689463
bt -0.530784 -0.84683 -0.033871
t 0.406406 0.240102 0.881581
bt -0.562708 -0.826467 -0.0176817
t 0.134307 0.192915 0.97198
bt -0.571386 -0.820681 9.2852e-05
t -0.442594 -0.310235 0.841347
bt -0.562337 -0.82676 0.0156327
t -0.611285 -0.356253 0.706692
bt -0.531496 -0.846308 0.0357054
t -0.260349 -0.37396 0.890153
bt -0.571375 -0.820689 0
t -0.700087 -0.391392 0.597235
bt -0.467106 -0.88275 0.0506375
t -0.746138 -0.384468 0.543565
bt -0.360389 -0.928979 0.0843654
t -0.771684 -0.377915 0.511551
bt -0.0509097 -0.997718 0.0443425
t -0.783704 -0.365318 0.502346
bt 0.229403 -0.966337 0.116475
t -0.785443 -0.34839 0.51157
bt 0.837666 -0.538074 -0.0937618
t -0.837279 -0.234578 0.4939
bt 0.959322 -0.230302 -0.163284
t -0.783645 -0.365416 0.502365
bt 0.73321 -0.640327 -0.228876
t -0.743087 -0.29081 0.602704
bt 0.977243 -0.204119 -0.0577118
t -0.687676 -0.227526 0.689445
bt 0.989829 -0.138668 -0.0317825
t -0.828563 -0.248317 0.501818
bt 0.95997 -0.118205 -0.253937
t -0.445339 -0.15694 0.8815
bt 0.994809 -0.100269 -0.0173375
t -0.234342 0.0211393 0.971924
bt 0.99596 -0.0897975 0.000126846
t 0.522546 0.139519 0.841118
bt 0.994805 -0.100425 0.0166581
t 0.666185 0.23911 0.706416
bt 0.989989 -0.136263 0.0367912
t 0.453756 -0.0409321 0.890186
bt 0.995958 -0.0898212 0
t 0.749863 0.284643 0.59723
bt 0.976442 -0.20984 0.050278
t 0.828685 0.248128 0.50171
bt 0.960108 -0.119898 0.252621
t 0.78557 0.348178 0.511519
bt 0.797861 -0.601138 0.0452845
t 0.783645 0.365416 0.502365
bt 0.731784 -0.642405 0.227615
t 0.837339 0.234482 0.493845
bt 0.959118 -0.232378 0.161535
t 0.391873 0.178081 0.90262
bt 0.303169 -0.952934 -0.00224962
t 0.276651 0.126885 0.952557
bt 0.343935 -0.938993 0.000769127
t 0.251008 0.112704 0.961402
bt 0.270378 -0.962738 0.00560494
t 0.357296 0.16015 0.920159
bt 0.194699 -0.980857 0.00332796
t 0.400766 0.187164 0.896859
bt 0.421682 -0.906741 -0.00206014
t 0.284938 0.132853 0.949295
bt 0.422243 -0.906482 -0.00121945
t 0.388623 0.185175 0.902597
bt 0.533619 -0.845724 -0.00147399
t 0.275026 0.130398 0.952553
bt 0.497233 -0.867606 -0.00431951
t 0.352652 0.170357 0.920117
bt 0.626155 -0.779691 -0.00338406
t 0.247676 0.119846 0.961402
bt 0.5638 -0.825894 -0.00528172
t 0.297292 0.141298 0.944273
bt 0.696869 -0.717184 -0.00449783
t 0.203844 0.0998246 0.973901
bt 0.616977 -0.786959 -0.00589393
t 0.216929 0.101146 0.970933
bt 0.743826 -0.668354 -0.00510728
t 0.145958 0.0715035 0.986703
bt 0.655386 -0.755273 -0.00560623
t 0.116927 0.0520413 0.991776
bt 0.771538 -0.636168 -0.00446807
t 0.0767999 0.0366403 0.996373
bt 0.678334 -0.734745 -0.00367044
t 0.00179025 -0.00143672 0.999997
bt 0.779902 -0.625902 -0.000533082
t 0.000871723 -0.000924247 0.999999
bt 0.686103 -0.727504 -3.2088e-05
t -0.113769 -0.0546771 0.992001
bt 0.771598 -0.6361 0.00367601
t -0.0742633 -0.0393961 0.99646
bt 0.67841 -0.734679 0.00243942
t -0.214218 -0.10368 0.971268
bt 0.744063 -0.6681 0.00357532
t -0.144499 -0.073203 0.986794
bt 0.655617 -0.755084 0.00373227
t -0.252767 -0.189147 0.948858
bt 0.683921 -0.727511 0.0545928
t -0.20272 -0.101286 0.973984
bt 0.617285 -0.786728 0.00420037
t -0.351768 -0.171512 0.920241
bt 0.627321 -0.77876 -8.67476e-06
t -0.247245 -0.120491 0.961432
bt 0.564248 -0.825598 0.00338339
t -0.259412 -0.182138 0.948436
bt 0.68057 -0.729667 0.0664125
t -0.388766 -0.184939 0.902585
bt 0.535132 -0.844765 -0.00230821
t -0.274769 -0.130852 0.952565
bt 0.498118 -0.867109 0.00113518
t -0.401035 -0.186514 0.896874
bt 0.423398 -0.905942 -0.00187314
t -0.284937 -0.132855 0.949295
bt 0.423142 -0.906061 -0.00178272
t -0.391702 -0.178579 0.902596
bt 0.305021 -0.952344 -0.00185316
t -0.276701 -0.126752 0.95256
bt 0.344707 -0.938704 -0.00335462
t -0.35725 -0.160348 0.920142
bt 0.194534 -0.980891 -0.00292167
t -0.251024 -0.112648 0.961404
bt 0.270446 -0.962717 -0.00585666
t -0.299426 -0.136279 0.944337
bt 0.102199 -0.99474 -0.00691717
t -0.207568 -0.0916986 0.973913
bt 0.206175 -0.978499 -0.00561628
t -0.216906 -0.101678 0.970883
bt 0.0339112 -0.999411 -0.00529414
t -0.148559 -0.0660832 0.986693
bt 0.157063 -0.987578 -0.0045562
t -0.115023 -0.0550455 0.991836
bt -0.00868039 -0.999954 -0.00417897
t -0.0775148 -0.0346367 0.996389
bt 0.126706 -0.991937 -0.00236987
t -5.49297e-05 -0.00253586 0.999997
bt -0.0218019 -0.999762 0.000278839
t 0.000191147 -0.00163359 0.999999
bt 0.116303 -0.993214 -5.95761e-05
t 0.115014 0.0515169 0.992027
bt -0.00869892 -0.999954 0.00401665
t 0.0778745 0.031861 0.996454
bt 0.126761 -0.991929 0.00304924
t 0.21709 0.0982294 0.971197
bt 0.0336909 -0.999423 0.00432257
t 0.149 0.0634049 0.986802
bt 0.156986 -0.987592 0.00406593
t 0.299757 0.133803 0.944586
bt 0.100825 -0.9949 0.00272438
t 0.207969 0.0898764 0.973998
bt 0.205815 -0.978583 0.00399745
t -0.87928 -0.409548 0.243181
bt 0.899202 -0.434772 0.0490914
t -0.879068 -0.409938 0.243292
bt 0.900973 -0.43125 0.0476605
t -0.880799 -0.410713 0.235602
bt 0.785353 -0.60918 -0.110091
t -0.880799 -0.410713 0.235602
bt 0.785353 -0.60918 -0.110091
t -0.873891 -0.405228 0.268523
bt 0.99855 -0.0492022 0.0218393
t -0.874316 -0.40462 0.268057
bt 0.998544 -0.0492938 0.0218916
t -0.869734 -0.385679 0.307921
bt 0.996141 0.0848484 0.0224291
t -0.869518 -0.385933 0.308212
bt 0.996137 0.0849132 0.0223606
t -0.822296 -0.376169 0.426997
bt 0.987009 0.16062 0.00377525
t -0.822226 -0.376212 0.427093
bt 0.98705 0.160359 0.00425017
t -0.842109 -0.416141 0.343044
bt 0.992286 0.12269 -0.0177684
t -0.842109 -0.416141 0.343044
bt 0.992286 0.12269 -0.0177684
t -0.676691 -0.307627 0.668921
bt 0.981975 0.189005 0.00152681
t -0.675685 -0.307694 0.669906
bt 0.981964 0.189066 0.00129089
t -0.464886 -0.0934998 0.88042
bt 0.980365 0.197193 0.000448563
t -0.463277 -0.0931763 0.881302
bt 0.980365 0.197193 0
t 0.554414 0.311211 0.771863
bt 0.981856 0.189624 0.000894817
t 0.553762 0.311285 0.772301
bt 0.981828 0.18977 0.00146783
t 0.464578 0.093438 0.880589
bt 0.980365 0.197193 0
t 0.464578 0.093438 0.880589
bt 0.980365 0.197193 0
t 0.791061 0.394068 0.467903
bt 0.986398 0.164348 0.00302174
t 0.790954 0.394125 0.468036
bt 0.986432 0.164147 0.00265486
t 0.851513 0.406181 0.331575
bt 0.993855 0.11058 0.00488414
t 0.851517 0.406177 0.33157
bt 0.993864 0.110504 0.00480305
t 0.870901 0.409733 0.271385
bt 0.999965 -0.0055906 0.00615552
t 0.870968 0.409672 0.271265
bt 0.999965 -0.00589642 0.00595981
t 0.878771 0.410482 0.243448
bt 0.956359 -0.292104 0.00720347
t 0.87851 0.410958 0.243584
bt 0.955966 -0.2934 0.00670656
t 0.880545 0.411258 0.235602
bt 0.789762 -0.603163 0.111677
t 0.880799 0.410713 0.235602
bt 0.788715 -0.6046 0.111299
t 0.878944 0.410282 0.243159
bt -0.24841 -0.967473 0.0478345
t 0.879073 0.409952 0.243248
bt -0.247727 -0.967636 0.0480894
t 0.880799 0.410713 0.235602
bt -0.0452184 -0.992717 -0.111666
t 0.880799 0.410713 0.235602
bt -0.0452184 -0.992717 -0.111666
t 0.87218 0.408882 0.268546
bt -0.602629 -0.797688 0.0230611
t 0.871973 0.409604 0.26812
bt -0.602501 -0.797782 0.0231657
t 0.856706 0.404526 0.320022
bt -0.71455 -0.699529 0.00883577
t 0.856733 0.404339 0.320185
bt -0.714574 -0.699504 0.00879939
t 0.816745 0.388262 0.426826
bt -0.757786 -0.652497 0.0028883
t 0.816709 0.388023 0.427112
bt -0.757802 -0.652479 0.00284564
t 0.671515 0.321887 0.667425
bt -0.776246 -0.63043 0.000215972
t 0.671201 0.321351 0.667999
bt -0.776288 -0.630378 -4.01758e-05
t 0.370384 0.295932 0.880477
bt -0.781239 -0.624231 -0.000766121
t 0.369199 0.294985 0.881292
bt -0.781239 -0.624232 0
t -0.595353 -0.225295 0.771231
bt -0.776347 -0.630306 0.00039778
t -0.595041 -0.224807 0.771614
bt -0.776292 -0.630373 6.50233e-05
t -0.370166 -0.295758 0.880627
bt -0.781239 -0.624232 0
t -0.370166 -0.295758 0.880627
bt -0.781239 -0.624232 0
t -0.810607 -0.353886 0.466563
bt -0.759388 -0.650636 0.00152511
t -0.810594 -0.353821 0.466635
bt -0.759267 -0.650778 0.00118932
t -0.858622 -0.390428 0.332166
bt -0.722872 -0.690971 0.00377925
t -0.858615 -0.390489 0.332114
bt -0.723491 -0.690317 0.00473127
t -0.873689 -0.403762 0.271372
bt -0.639155 -0.769049 0.00671258
t -0.873675 -0.403841 0.2713
bt -0.638981 -0.769194 0.00656835
t -0.879315 -0.409334 0.243414
bt -0.390197 -0.920706 0.00685537
t -0.879501 -0.408858 0.243543
bt -0.389396 -0.921047 0.00653587
t -0.880977 -0.410332 0.235601
bt -0.0362237 -0.993299 0.109749
t -0.880799 -0.410713 0.235602
bt -0.046337 -0.992638 0.111904
t -0.0645281 -0.03009 0.997462
bt 0.422682 -0.906278 -0.000248271
t -0.0625554 -0.0286898 0.997629
bt 0.439346 -0.898318 -0.000131106
t -1.5717e-07 1.37934e-07 1
bt 0.422606 -0.906313 -2.63839e-06
t -0.0562726 -0.0254645 0.998091
bt 0.454665 -0.890663 -0.000225788
t -0.0459795 -0.0208683 0.998724
bt 0.467795 -0.883837 0.000116461
t -0.0337134 -0.012528 0.999353
bt 0.477758 -0.878491 -0.000929802
t -0.0310322 -0.0174557 0.999366
bt 0.477723 -0.878511 0.000244934
t -0.0161426 -0.00883214 0.999831
bt 0.48399 -0.875073 0.000291449
t -0.000155401 0.00027934 1
bt 0.486101 -0.873902 0
t 0.0163259 0.00850011 0.999831
bt 0.483993 -0.875072 -0.000122592
t 0.0310538 0.0174159 0.999366
bt 0.477723 -0.878511 -0.000242564
t 0.0337137 0.0125276 0.999353
bt 0.47776 -0.87849 0.000992341
t 0.0463397 0.0201872 0.998722
bt 0.467831 -0.883818 0.000691032
t 0.0559426 0.0261115 0.998092
bt 0.454601 -0.890695 -0.000918538
t 0.0627271 0.0283385 0.997628
bt 0.439264 -0.898357 -0.00118063
t 0.0645281 0.03009 0.997462
bt 0.422682 -0.906278 0.000254701
t 0.0623018 0.0292246 0.997629
bt 0.40582 -0.913953 0.000853123
t 0.0559758 0.0260334 0.998093
bt 0.390122 -0.920761 0.00177337
t 0.0460703 0.0205027 0.998728
bt 0.376379 -0.926466 0.000105445
t 0.0323048 0.0151229 0.999364
bt 0.365896 -0.930656 -0.000582445
t 0.0164352 0.00852196 0.999829
bt 0.359259 -0.933238 0.000288877
t -8.81145e-05 0.000230628 1
bt 0.357001 -0.934104 0
t -0.0166745 -0.00790094 0.99983
bt 0.359256 -0.933239 -0.000123686
t -0.0322567 -0.0152465 0.999363
bt 0.365911 -0.93065 0.000147112
t -0.0460759 -0.0204893 0.998728
bt 0.376344 -0.92648 0.000656487
t -0.0562319 -0.0254298 0.998094
bt 0.390018 -0.920807 8.71428e-05
t -0.0622562 -0.0293271 0.997629
bt 0.405715 -0.913999 0.000805835
t 0.359085 0.170057 0.917681
bt 0.190896 -0.98161 0.000903196
t 0.39448 0.18163 0.900775
bt 0.300089 -0.95389 -0.00628387
t 0.418586 0.192059 0.887637
bt 0.288023 -0.957554 -0.0115143
t 0.381922 0.180206 0.906455
bt 0.174445 -0.984661 0.00327583
t 0.404909 0.188621 0.894691
bt 0.425256 -0.905054 0.00590982
t 0.394818 0.181964 0.90056
bt 0.533724 -0.845649 -0.00398414
t 0.41867 0.193209 0.887348
bt 0.540049 -0.841596 -0.0079776
t 0.429098 0.199775 0.880889
bt 0.427721 -0.90385 0.0104469
t 0.359081 0.168603 0.917951
bt 0.631798 -0.775101 0.00707534
t 0.302501 0.14004 0.942805
bt 0.700007 -0.714135 -0.00112673
t 0.324081 0.148133 0.93436
bt 0.716875 -0.697201 -0.000975184
t 0.380807 0.180334 0.906899
bt 0.647128 -0.7623 0.0111522
t 0.216526 0.10519 0.970593
bt 0.747792 -0.663932 0.00140327
t 0.120143 0.0508428 0.991454
bt 0.77457 -0.632486 0.00146058
t 0.131956 0.0527907 0.989849
bt 0.792829 -0.609444 0.000583547
t 0.228578 0.115517 0.966648
bt 0.765874 -0.642988 0.00208479
t -0.00472511 0.00375574 0.999982
bt 0.782962 -0.62207 -3.19194e-05
t -0.111615 -0.0579077 0.992063
bt 0.774552 -0.632508 -0.00175617
t -0.115995 -0.0652566 0.991104
bt 0.792903 -0.609346 -0.00157949
t -0.00877064 0.00654563 0.99994
bt 0.80133 -0.598222 0
t -0.222556 -0.0994657 0.969833
bt 0.747537 -0.66422 0.000275418
t -0.299308 -0.143552 0.943296
bt 0.701382 -0.712773 -0.00423564
t -0.31688 -0.155723 0.935595
bt 0.718369 -0.695645 -0.00489093
t -0.240049 -0.10536 0.965026
bt 0.765171 -0.643822 0.00239443
t -0.360537 -0.166521 0.91776
bt 0.628215 -0.77803 0.00395601
t -0.394503 -0.182418 0.900606
bt 0.538042 -0.842891 -0.0068519
t -0.417929 -0.194206 0.887479
bt 0.547262 -0.836914 -0.0088564
t -0.383661 -0.176444 0.906461
bt 0.640315 -0.768067 0.00836402
t -0.404761 -0.188749 0.89473
bt 0.419777 -0.907606 0.00619913
t -0.394258 -0.182276 0.900742
bt 0.304874 -0.952384 -0.00420327
t -0.418096 -0.193503 0.887554
bt 0.297594 -0.954659 -0.0079364
t -0.428858 -0.200015 0.880951
bt 0.417484 -0.908624 0.0104838
t -0.359812 -0.167463 0.917873
bt 0.188572 -0.982048 0.00478161
t -0.301337 -0.144708 0.942473
bt 0.0969912 -0.995285 -0.0010157
t -0.321525 -0.15517 0.934101
bt 0.0745981 -0.997202 -0.0047805
t -0.38297 -0.175958 0.906848
bt 0.17013 -0.985402 0.00623194
t -0.219669 -0.09809 0.970631
bt 0.0276406 -0.999615 0.00249473
t -0.116278 -0.0593812 0.99144
bt -0.0132733 -0.999912 0.000728122
t -0.125255 -0.0672191 0.989845
bt -0.0427571 -0.999085 0.000295675
t -0.235419 -0.100535 0.96668
bt 0.000292078 -0.999998 0.00218223
t 0.000162518 0.00604251 0.999982
bt -0.0267015 -0.999643 -5.92629e-05
t 0.116205 0.0484914 0.992041
bt -0.0134322 -0.999908 -0.00209276
t 0.124548 0.0469382 0.991103
bt -0.0429065 -0.999078 -0.00151422
t 0.000622176 0.010947 0.99994
bt -0.0567992 -0.998386 0
t 0.21936 0.10661 0.969802
bt 0.0283312 -0.999599 0.000510029
t 0.30206 0.139276 0.94306
bt 0.0948165 -0.995479 -0.00553762
t 0.322688 0.145173 0.935306
bt 0.0712738 -0.997446 -0.00460639
t 0.235004 0.116133 0.965032
bt 0.00147775 -0.999995 0.0026875
t 0.796353 0.297081 0.526844
bt 0.0620815 -0.997622 0.0299443
t 0.794065 0.305594 0.525427
bt 0.218454 -0.966732 0.133069
t -0.682739 -0.426954 0.59294
bt 0.796788 -0.577972 0.176286
t -0.341528 -0.0917947 0.935378
bt 0.716936 -0.690662 -0.0948047
t -0.36697 -0.0622988 0.928144
bt 0.710235 -0.701647 -0.0570744
t -0.657544 -0.451218 0.603356
bt 0.863381 -0.497035 0.0867727
t 0.659985 0.448929 0.602398
bt 0.863759 -0.49648 -0.0861871
t 0.681434 0.428247 0.593508
bt 0.795281 -0.5795 -0.178067

