g sponza_32
t -0.999982 0 0.00597892
bt 0.000318342 0 -1
t -1 0 0
bt 0.0140642 0 -0.999901
t -1 0 -0.000211255
bt 0.000261779 0 -1
t -0.999994 0 0.00354525
bt -0.00798574 0 -0.999968
t -0.999834 0 0.0182349
bt 0 0 -1
t -1 0 -0.000140201
bt -0.0136852 0 -0.999906
t -1 0 0
bt -0.0407087 0 -0.999171
t -0.999831 0 0.0183595
bt 0 0 -1
t 1 0 0
bt -4.74343e-05 -1 0
t 1 0 0
bt 4.73598e-05 -1 0
t 1 0 0
bt -4.74343e-05 -1 0
t 1 0 0
bt -4.74343e-05 -1 0
t 0 0 -1
bt 0 -1 0.00052994
t 0 0 -1
bt 0 -1 -4.71756e-05
t 0 0 -1
bt 0 -1 0.00052994
t 0 0 -1
bt 0 -1 0.00052994
t -1 0 0
bt 4.74429e-05 -1 0
t -1 0 0
bt -4.77779e-05 -1 0
t -1 0 0
bt 4.74429e-05 -1 0
t -1 0 0
bt 4.74429e-05 -1 0
t 0 0 1
bt 0 -1 -0.000529827
t 0 0 1
bt 0 -1 -0.000113901
t 0 0 1
bt 0 -1 -0.000529827
t 0 0 1
bt 0 -1 -0.000529827
t 1 -6.80404e-07 -1.46296e-07
bt -0.00159028 -0.977658 -0.210194
t 1 -2.04024e-06 -4.38676e-07
bt -0.00212314 -0.977657 -0.210194
t 1 0 0
bt -0.00240377 -0.992868 -0.119196
t 1 0 0
bt -0.00240377 -0.992868 -0.119196
t 0 0 -1
bt -0.210194 -0.977658 0.00160442
t 0 0 -1
bt -0.210194 -0.977657 0.00212161
t 0 0 -1
bt -0.119196 -0.992868 0.00242158
t 0 0 -1
bt -0.119196 -0.992868 0.00242158
t -1 0 0
bt 0.00159968 -0.977658 0.210194
t -1 0 0
bt 0.00213069 -0.977657 0.210194
t -1 0 0
bt 0.00241785 -0.992868 0.119196
t -1 0 0
bt 0.00241785 -0.992868 0.119196
t -1.46316e-07 6.805e-07 1
bt 0.210194 -0.977658 -0.00160109
t -4.38738e-07 2.04052e-06 1
bt 0.210194 -0.977657 -0.0021177
t 0 0 1
bt 0.119196 -0.992868 -0.00242153
t 0 0 1
bt 0.119196 -0.992868 -0.00242153
t 1 0 0
bt 0.00028526 -1 0
t 1 0 0
bt -0.000315538 -1 0
t 1 0 0
bt 0.00028526 -1 0
t 1 0 0
bt 0.00028526 -1 0
t 0 0 -1
bt 0 -1 -0.000310771
t 0 0 -1
bt 0 -1 0.00030234
t 0 0 -1
bt 0 -1 -0.000310771
t 0 0 -1
bt 0 -1 -0.000310771
t -1 0 0
bt -0.00031541 -1 0
t -1 0 0
bt 0.000287561 -1 0
t -1 0 0
bt -0.00031541 -1 0
t -1 0 0
bt -0.00031541 -1 0
t 0 0 1
bt 0 -1 0.000302654
t 0 0 1
bt 0 -1 -0.000310843
t 0 0 1
bt 0 -1 0.000302654
t 0 0 1
bt 0 -1 0.000302654
t 1 0 0
bt -0.587394 -0.534942 -0.607293
t 0.999999 0.000818559 0.000929269
bt 0.582958 -0.537059 -0.609696
t 1 0 0
bt -0.587394 -0.534942 -0.607293
t 1 0 0
bt -0.587394 -0.534942 -0.607293
t 0 0 -1
bt -0.75044 -0.660935 0.00209486
t 0.000312304 0.000275055 -1
bt -0.602764 -0.530872 -0.595694
t 0 0 -1
bt -0.75044 -0.660935 0.00209486
t 0 0 -1
bt -0.75044 -0.660935 0.00209486
t -1 0 0
bt 0.591431 -0.532995 0.605083
t -1 0 0
bt -0.582955 -0.53706 0.609697
t -1 0 0
bt 0.591431 -0.532995 0.605083
t -1 0 0
bt 0.591431 -0.532995 0.605083
t 0 0 1
bt 0.60289 -0.531064 -0.595394
t 0.000951369 -0.000838026 0.999999
bt 0.604929 -0.53286 0.591711
t 0 0 1
bt 0.60289 -0.531064 -0.595394
t 0 0 1
bt 0.60289 -0.531064 -0.595394
t 1 0 0
bt 0.000567057 -0.765378 0.643581
t 1 0 0
bt -0.000550095 -0.765378 0.643581
t 1 0 0
bt 0.000567057 -0.765378 0.643581
t 1 0 0
bt 0.000567057 -0.765378 0.643581
t 0 0 -1
bt 0.64363 -0.765336 -0.00060811
t 0 0 -1
bt 0.64363 -0.765336 0.00060482
t 0 0 -1
bt 0.64363 -0.765336 -0.00060811
t 0 0 -1
bt 0.64363 -0.765336 -0.00060811
t -1 0 0
bt -0.000514494 -0.765378 -0.643581
t -1 0 0
bt 0.00059986 -0.765378 -0.643581
t -1 0 0
bt -0.000514494 -0.765378 -0.643581
t -1 0 0
bt -0.000514494 -0.765378 -0.643581
t 0 0 1
bt -0.643631 -0.765336 0.000571795
t 0 0 1
bt -0.64363 -0.765336 -0.000639685
t 0 0 1
bt -0.643631 -0.765336 0.000571795
t 0 0 1
bt -0.643631 -0.765336 0.000571795
t 1 0 0
bt 0.00372753 -0.729485 -0.683986
t 1 0 0
bt -0.00352538 -0.729486 -0.683987
t 1 0 0
bt 0.00372753 -0.729485 -0.683986
t 1 0 0
bt 0.00372753 -0.729485 -0.683986
t 0 0 -1
bt -0.684036 -0.729439 -0.00369407
t 0 0 -1
bt -0.684017 -0.729418 -0.00842188
t 0 0 -1
bt -0.684036 -0.729439 -0.00369407
t 0 0 -1
bt -0.684036 -0.729439 -0.00369407
t -1 0 0
bt -0.00372762 -0.729485 0.683986
t -1 0 0
bt -0.00839374 -0.729465 0.683967
t -1 0 0
bt -0.00372762 -0.729485 0.683986
t -1 0 0
bt -0.00372762 -0.729485 0.683986
t 0 0 1
bt 0.684036 -0.729439 0.00369918
t 0 0 1
bt 0.684017 -0.729418 0.00842984
t 0 0 1
bt 0.684036 -0.729439 0.00369918
t 0 0 1
bt 0.684036 -0.729439 0.00369918
t 1 0 0
bt -0.00204692 -0.729489 0.68399
t 1 0 0
bt 0.00216729 -0.729489 0.683989
t 1 0 0
bt -0.00204692 -0.729489 0.68399
t 1 0 0
bt -0.00204692 -0.729489 0.68399
t 0 0 -1
bt 0.684039 -0.729442 0.00236013
t 0 0 -1
bt 0.684006 -0.729406 0.0101121
t 0 0 -1
bt 0.684039 -0.729442 0.00236013
t 0 0 -1
bt 0.684039 -0.729442 0.00236013
t -1 0 0
bt 0.00238797 -0.729488 -0.683989
t -1 0 0
bt 0.0100824 -0.729453 -0.683956
t -1 0 0
bt 0.00238797 -0.729488 -0.683989
t -1 0 0
bt 0.00238797 -0.729488 -0.683989
t 0 0 1
bt -0.684039 -0.729442 -0.00235806
t 0 0 1
bt -0.684006 -0.729406 -0.0101171
t 0 0 1
bt -0.684039 -0.729442 -0.00235806
t 0 0 1
bt -0.684039 -0.729442 -0.00235806
t 1 0 0
bt -0.000489217 -0.900949 -0.433924
t 1 0 0
bt 0.00044318 -0.900949 -0.433924
t 1 0 0
bt -0.000344448 -0.927306 -0.374303
t 1 -6.12125e-07 -2.47077e-07
bt -0.000307711 -0.927306 -0.374303
t 0 0 -1
bt -0.434005 -0.90091 0.000473623
t 0 0 -1
bt -0.434005 -0.90091 -0.000436562
t 0 0 -1
bt -0.374388 -0.927272 0.000335029
t 0 0 -1
bt -0.374388 -0.927272 0.000299516
t -1 0 0
bt 0.000489123 -0.900949 0.433924
t -1 0 0
bt -0.000441856 -0.900949 0.433924
t -1 0 0
bt 0.000344185 -0.927306 0.374303
t -1 0 0
bt 0.000307628 -0.927306 0.374303
t 0 0 1
bt 0.434005 -0.90091 -0.000482762
t 0 0 1
bt 0.434005 -0.90091 0.000427317
t 0 0 1
bt 0.374388 -0.927272 -0.000338734
t -2.47178e-07 6.12158e-07 1
bt 0.374388 -0.927272 -0.000302319
t 0.707007 -1.5659e-08 -0.707207
bt 6.8472e-05 -1 0.000497279
t 0.707107 1.63756e-08 -0.707107
bt 1.78724e-05 -1 0.000547818
t 0.707107 4.09095e-08 -0.707107
bt 6.84392e-05 -1 0.000497251
t 0.707007 -1.5659e-08 -0.707207
bt 6.8472e-05 -1 0.000497279
t 0.580082 0.213405 0.786106
bt 0.634176 -0.765983 -0.105312
t 0.558599 0.287668 0.777955
bt 0.570649 -0.819405 -0.054174
t 0.57951 0.255117 0.774005
bt 0.558765 -0.826267 -0.0711623
t 0.580082 0.213405 0.786106
bt 0.634176 -0.765983 -0.105312
t -0.707007 2.01973e-08 -0.707207
bt 1.79669e-05 -1 -0.000547798
t -0.707107 -8.18795e-09 -0.707107
bt 6.38358e-05 -1 -0.000501854
t -0.707107 -3.63718e-08 -0.707107
bt 1.79269e-05 -1 -0.000547763
t -0.707007 2.01973e-08 -0.707207
bt 1.79669e-05 -1 -0.000547798
t -0.707107 2.72616e-08 0.707107
bt -6.85431e-05 -1 -0.000497147
t -0.707107 -8.17265e-09 0.707107
bt -1.79268e-05 -1 -0.000547763
t -0.707107 2.72616e-08 0.707107
bt -6.85431e-05 -1 -0.000497147
t -0.707107 2.72616e-08 0.707107
bt -6.85431e-05 -1 -0.000497147
t 0.638973 -0.29274 -0.711349
bt -0.0268553 -0.976347 -0.214533
t 0.732622 0.200679 -0.65038
bt -0.0664043 -0.945113 -0.319924
t 0.67513 -0.12673 -0.726732
bt -0.0673011 -0.945324 -0.319114
t 0.638973 -0.29274 -0.711349
bt -0.0268553 -0.976347 -0.214533
t 0.707107 0 0.707107
bt -9.16004e-05 -1 0.00047409
t 0.707107 -3.17827e-08 0.707107
bt -0.000703145 -1 -0.000137455
t 0.707107 0 0.707107
bt -9.16004e-05 -1 0.00047409
t 0.707107 0 0.707107
bt -9.16004e-05 -1 0.00047409
t -0.630801 0.315797 -0.708775
bt -0.0236817 -0.975766 0.217532
t -0.73218 -0.191973 -0.653497
bt -0.0670516 -0.945265 0.319339
t -0.670597 0.14144 -0.728213
bt -0.0635757 -0.94444 0.322477
t -0.630751 0.315785 -0.708825
bt -0.0236968 -0.975762 0.217547
t -0.709047 0.314273 0.631256
bt 0.217571 -0.975758 0.0236682
t -0.653824 -0.191657 0.731971
bt 0.319364 -0.945254 0.0670965
t -0.728285 0.140122 0.670796
bt 0.322522 -0.944423 0.0635996
t -0.709047 0.314273 0.631256
bt 0.217571 -0.975758 0.0236682
t 0.690678 0.219943 0.688905
bt -0.00571714 -0.999981 0.00234381
t 0.662307 0.355653 0.65944
bt -0.0141065 -0.999882 -0.0060464
t 0.690678 0.219943 0.688905
bt -0.00571714 -0.999981 0.00234381
t 0.690678 0.219943 0.688905
bt -0.00571714 -0.999981 0.00234381
t 0.688908 0.21992 -0.690681
bt 0.00190051 -0.999979 0.00616042
t 0.659441 0.355648 -0.662308
bt -0.0134945 -0.999677 0.021553
t 0.688908 0.21992 -0.690681
bt 0.00190051 -0.999979 0.00616042
t 0.688908 0.21992 -0.690681
bt 0.00190051 -0.999979 0.00616042
t -0.687963 -0.225627 -0.689782
bt -0.0123588 -0.999715 -0.0204176
t -0.668697 -0.319743 -0.671274
bt 0.00132959 -0.999976 -0.00673132
t -0.687963 -0.225627 -0.689782
bt -0.0123588 -0.999715 -0.0204176
t -0.687963 -0.225627 -0.689782
bt -0.0123588 -0.999715 -0.0204176
t -0.689519 -0.227267 0.687687
bt -0.0204231 -0.999715 0.0123643
t -0.664949 -0.345518 0.662163
bt -0.00672366 -0.999977 -0.00133724
t -0.689519 -0.227267 0.687687
bt -0.0204231 -0.999715 0.0123643
t -0.689519 -0.227267 0.687687
bt -0.0204231 -0.999715 0.0123643
t 0.883364 -0.347256 -0.314772
bt 0.107451 -0.565168 0.817948
t 0.872385 -0.48157 -0.0838688
bt 0.0620169 -0.547523 0.834489
t 0.883364 -0.347256 -0.314772
bt 0.107451 -0.565168 0.817948
t 0.883364 -0.347256 -0.314772
bt 0.107451 -0.565168 0.817948
t 0.314815 -0.347227 0.88336
bt -0.798181 -0.582136 0.155
t 0.0838891 -0.48156 0.872389
bt -0.834508 -0.5475 0.0619613
t 0.314815 -0.347227 0.88336
bt -0.798181 -0.582136 0.155
t 0.314815 -0.347227 0.88336
bt -0.798181 -0.582136 0.155
t -0.868051 0.279581 -0.41027
bt 0.104443 -0.564043 -0.819114
t -0.843399 0.536177 0.0345308
bt 0.093749 -0.559993 -0.823176
t -0.868051 0.279581 -0.41027
bt 0.104443 -0.564043 -0.819114
t -0.868051 0.279581 -0.41027
bt 0.104443 -0.564043 -0.819114
t -0.405194 0.283383 0.869202
bt -0.819126 -0.564031 -0.104411
t 0.0185565 0.529353 0.848199
bt -0.823188 -0.559981 -0.0937181
t -0.405194 0.283383 0.869202
bt -0.819126 -0.564031 -0.104411
t -0.405194 0.283383 0.869202
bt -0.819126 -0.564031 -0.104411
t 0.675052 -0.0278468 -0.737245
bt -0.594508 -0.534972 -0.600305
t 0.707086 -1.8507e-05 -0.707127
bt -0.587406 -0.534923 -0.607298
t 0.675052 -0.0278468 -0.737245
bt -0.594508 -0.534972 -0.600305
t 0.675052 -0.0278468 -0.737245
bt -0.594508 -0.534972 -0.600305
t 0.70714 -2.95074e-05 0.707074
bt 0.581019 -0.534835 -0.613488
t 0.707107 -4.6236e-08 0.707107
bt 0.595646 -0.534975 -0.599173
t 0.70714 -2.95074e-05 0.707074
bt 0.581019 -0.534835 -0.613488
t 0.70714 -2.95074e-05 0.707074
bt 0.581019 -0.534835 -0.613488
t -0.722674 -0.0141621 -0.691044
bt -0.580426 -0.534825 0.614058
t -0.707097 9.21321e-06 -0.707117
bt -0.60117 -0.534969 0.593635
t -0.722674 -0.0141621 -0.691044
bt -0.580426 -0.534825 0.614058
t -0.722674 -0.0141621 -0.691044
bt -0.580426 -0.534825 0.614058
t -0.707135 2.52864e-05 0.707079
bt 0.600954 -0.53497 0.593854
t -0.707117 9.22962e-06 0.707097
bt 0.593681 -0.534969 0.601125
t -0.707135 2.52864e-05 0.707079
bt 0.600954 -0.53497 0.593854
t -0.707135 2.52864e-05 0.707079
bt 0.600954 -0.53497 0.593854
t 0.309816 0.318617 0.895822
bt 0.838667 -0.528149 -0.133027
t 0.707191 -2.84902e-06 0.707022
bt 0.834399 -0.531943 -0.144274
t 0.309816 0.318617 0.895822
bt 0.838667 -0.528149 -0.133027
t 0.309777 0.318546 0.895861
bt 0.838673 -0.528138 -0.133033
t 0.895868 0.318492 -0.309812
bt -0.0891464 -0.512688 -0.853934
t 0.707191 2.86908e-06 -0.707022
bt -0.0573186 -0.500707 -0.863717
t 0.895868 0.318492 -0.309812
bt -0.0891464 -0.512688 -0.853934
t 0.895829 0.318563 -0.309851
bt -0.0891426 -0.512695 -0.853931
t -0.878391 -0.259075 -0.401634
bt -0.124203 -0.525186 0.841875
t -0.707162 2.88196e-05 -0.707051
bt -0.0388636 -0.493486 0.868885
t -0.878391 -0.259075 -0.401634
bt -0.124203 -0.525186 0.841875
t -0.878374 -0.259107 -0.401651
bt -0.12424 -0.525119 0.841911
t -0.373791 -0.277908 0.8849
bt 0.841941 -0.525095 0.124137
t -0.707162 -2.88422e-05 0.707051
bt 0.868927 -0.493412 0.0388778
t -0.373791 -0.277908 0.8849
bt 0.841941 -0.525095 0.124137
t -0.373775 -0.277878 0.884916
bt 0.841905 -0.525162 0.1241
t 0.707192 2.17863e-06 0.707022
bt -0.832389 -0.530071 0.16172
t 0.166789 -0.393259 0.904173
bt -0.889046 -0.45664 -0.032819
t 0.707192 2.17863e-06 0.707022
bt -0.832389 -0.530071 0.16172
t 0.707192 2.17863e-06 0.707022
bt -0.832389 -0.530071 0.16172
t 0.707192 -2.17863e-06 -0.707022
bt 0.0328174 -0.48389 0.874513
t 0.904206 -0.39318 -0.166797
bt 0.0329653 -0.483864 0.874522
t 0.707192 -2.17863e-06 -0.707022
bt 0.0328174 -0.48389 0.874513
t 0.707192 -2.17863e-06 -0.707022
bt 0.0328174 -0.48389 0.874513
t -0.707162 -2.93857e-05 -0.707051
bt 0.0328307 -0.483896 -0.87451
t -0.890589 0.452928 -0.0413225
bt 0.0222193 -0.479661 -0.877173
t -0.707162 -2.93857e-05 -0.707051
bt 0.0328307 -0.483896 -0.87451
t -0.707162 -2.93857e-05 -0.707051
bt 0.0328307 -0.483896 -0.87451
t -0.707162 2.93996e-05 0.707051
bt -0.874556 -0.483812 -0.032825
t -0.0236322 0.460519 0.887335
bt -0.877227 -0.479563 -0.0221919
t -0.707162 2.93996e-05 0.707051
bt -0.874556 -0.483812 -0.032825
t -0.707162 2.93996e-05 0.707051
bt -0.874556 -0.483812 -0.032825
t 0.650489 0.200675 0.732526
bt 0.313358 -0.946772 -0.073686
t 0.711394 -0.292726 0.638929
bt 0.207605 -0.977619 -0.0340931
t 0.665505 0.207998 0.716826
bt 0.208837 -0.9774 -0.0328067
t 0.650489 0.200675 0.732526
bt 0.313358 -0.946772 -0.073686
t 0.782406 0.355421 -0.511386
bt -0.0655149 -0.82399 -0.562804
t 0.785864 0.212454 -0.580759
bt -0.0965892 -0.762593 -0.639627
t 0.808859 0.343519 -0.477222
bt -0.0925546 -0.760997 -0.64212
t 0.779592 0.305309 -0.54683
bt -0.0671451 -0.824693 -0.561581
t -0.781038 -0.325102 -0.533188
bt -0.0511796 -0.818225 0.572616
t -0.786973 -0.216848 -0.577625
bt -0.0981913 -0.763222 0.638632
t -0.805673 -0.314718 -0.50184
bt -0.0761928 -0.754336 0.652052
t -0.777703 -0.285257 -0.560185
bt -0.0549337 -0.819718 0.570127
t -0.515924 -0.349223 0.782218
bt 0.572675 -0.818181 0.0512145
t -0.577549 -0.216954 0.786999
bt 0.638657 -0.763206 0.0981512
t -0.482529 -0.33742 0.808278
bt 0.652062 -0.754329 0.0761757
t -0.549083 -0.301979 0.779306
bt 0.570087 -0.81975 0.0548712
t 0 0 1
bt -0.659 -0.657511 0.365237
t 0 0 1
bt -0.667695 -0.666186 -0.332234
t 0 0 1
bt -0.659 -0.657511 0.365237
t 0 0 1
bt -0.659 -0.657511 0.365237
t -0.707136 5.75692e-05 0.707078
bt -0.604571 -0.580649 -0.545289
t -0.707082 2.53602e-05 0.707132
bt -0.432251 -0.57085 -0.698061
t -0.707107 0 0.707107
bt -0.604547 -0.580698 -0.545264
t -0.707136 5.75692e-05 0.707078
bt -0.604571 -0.580649 -0.545289
t -0.999959 0.00643709 0.00644985
bt -0.365416 -0.657554 -0.658858
t -1 0 0
bt 0.334776 -0.665645 -0.666964
t -0.999959 0.00643709 0.00644985
bt -0.365416 -0.657554 -0.658858
t -0.999959 0.00643709 0.00644985
bt -0.365416 -0.657554 -0.658858
t -0.707117 1.05064e-05 -0.707096
bt 0.545545 -0.580708 -0.604284
t -0.707107 0 -0.707107
bt 0.696523 -0.571135 -0.434351
t -0.707117 1.05064e-05 -0.707096
bt 0.545545 -0.580708 -0.604284
t -0.707146 -4.70478e-05 -0.707067
bt 0.545567 -0.580663 -0.604307
t 0.00101516 -0.00101287 -0.999999
bt 0.659 -0.657511 -0.365238
t 0 0 -1
bt 0.667102 -0.665594 0.334604
t 0.00101516 -0.00101287 -0.999999
bt 0.659 -0.657511 -0.365238
t 0.00101516 -0.00101287 -0.999999
bt 0.659 -0.657511 -0.365238
t 0.707122 -1.58011e-05 -0.707091
bt 0.604355 -0.580705 0.545469
t 0.707107 0 -0.707107
bt 0.434432 -0.571145 0.696464
t 0.707122 -1.58011e-05 -0.707091
bt 0.604355 -0.580705 0.545469
t 0.707122 -1.58011e-05 -0.707091
bt 0.604355 -0.580705 0.545469
t 1 -0.000510971 0.000511984
bt 0.365965 -0.657402 0.658705
t 0.999991 0.00296791 -0.00297379
bt -0.388458 -0.65093 0.65222
t 1 -0.000510971 0.000511984
bt 0.365965 -0.657402 0.658705
t 1 -0.000510971 0.000511984
bt 0.365965 -0.657402 0.658705
t 0.875912 0.227341 0.425552
bt -0.569571 -0.581143 0.581259
t 0.841295 0.16496 0.514792
bt -0.734123 -0.562671 0.380085
t 0.875858 0.227447 0.425606
bt -0.569572 -0.581142 0.581259
t 0.875912 0.227341 0.425552
bt -0.569571 -0.581143 0.581259
t 0 0 1
bt 0 -1 0
t 0 0 1
bt 0 -1 0
t 0 0 1
bt 0 -1 0
t 0 0 1
bt 0 -1 0
t -0.707107 0 0.707107
bt 0 -1 0
t -0.707107 0 0.707107
bt 0 -1 0
t -0.707107 0 0.707107
bt 0 -1 0
t -0.707107 0 0.707107
bt 0 -1 0
t -1 0 0
bt 0 -1 0
t -1 0 0
bt 0 -1 0
t -1 0 0
bt 0 -1 0
t -1 0 0
bt 0 -1 0
t -0.707107 0 -0.707107
bt 0 -1 0
t -0.707107 0 -0.707107
bt 0 -1 0
t -0.707107 0 -0.707107
bt 0 -1 0
t -0.707107 0 -0.707107
bt 0 -1 0
t 0 0 -1
bt 0 -1 0
t 0 0 -1
bt 0 -1 0
t 0 0 -1
bt 0 -1 0
t 0 0 -1
bt 0 -1 0
t 0.707107 0 -0.707107
bt 0 -1 0
t 0.707107 0 -0.707107
bt 0 -1 0
t 0.707107 0 -0.707107
bt 0 -1 0
t 0.707107 0 -0.707107
bt 0 -1 0
t 1 0 0
bt 0 -1 0
t 1 0 0
bt 0 -1 0
t 1 0 0
bt 0 -1 0
t 1 0 0
bt 0 -1 0
t 0.707107 0 0.707107
bt 0 -1 0
t 0.707107 0 0.707107
bt 0 -1 0
t 0.707107 0 0.707107
bt 0 -1 0
t 0.707107 0 0.707107
bt 0 -1 0
t 0 0 1
bt 0.519774 -0.801099 -0.296776
t 0.00207818 -0.00320298 0.999993
bt 0.524028 -0.807656 0.270345
t 0 0 1
bt 0.519774 -0.801099 -0.296776
t 0 0 1
bt 0.519774 -0.801099 -0.296776
t -0.99997 0.00650603 -0.00422128
bt 0.296908 -0.801064 0.519751
t -0.99997 0.00644411 -0.00418111
bt -0.294827 -0.801605 0.520102
t -0.99997 0.00650603 -0.00422128
bt 0.296908 -0.801064 0.519751
t -0.99997 0.00650603 -0.00422128
bt 0.296908 -0.801064 0.519751
t -0.000706923 -0.00108954 -0.999999
bt -0.523692 -0.807138 0.272535
t -0.000693752 -0.00106924 -0.999999
bt -0.520094 -0.801592 -0.294878
t -0.000706923 -0.00108954 -0.999999
bt -0.523692 -0.807138 0.272535
t -0.000706923 -0.00108954 -0.999999
bt -0.523692 -0.807138 0.272535
t 1 -0.000544681 -0.000353403
bt -0.297285 -0.800966 -0.519687
t 1 -0.000534395 -0.00034673
bt 0.0613552 -0.837313 -0.54327
t 1 -0.000544681 -0.000353403
bt -0.297285 -0.800966 -0.519687
t 1 -0.000544681 -0.000353403
bt -0.297285 -0.800966 -0.519687
t 0.57863 0.17077 0.797512
bt 0.469009 -0.740935 -0.480672
t 0.655667 0.0745605 0.751359
bt 0.515282 -0.739732 -0.432759
t 0.578621 0.170759 0.797521
bt 0.469048 -0.740885 -0.480711
t 0.578621 0.170759 0.797521
bt 0.469048 -0.740885 -0.480711
t 0.70708 6.40906e-05 -0.707133
bt -0.498199 -0.74058 -0.450932
t 0.70708 6.381e-05 -0.707133
bt -0.449524 -0.740527 -0.499549
t 0.70708 6.40906e-05 -0.707133
bt -0.498199 -0.74058 -0.450932
t 0.70708 6.40906e-05 -0.707133
bt -0.498199 -0.74058 -0.450932
t -0.707107 1.54979e-08 0.707107
bt 0.500429 -0.740415 0.448727
t -0.707028 -1.77317e-05 0.707186
bt 0.449493 -0.740475 0.499654
t -0.707107 1.54956e-08 0.707107
bt 0.50039 -0.740465 0.448689
t -0.707144 -4.74785e-05 0.70707
bt 0.500367 -0.740495 0.448665
t -0.707077 -5.85721e-05 -0.707137
bt -0.45089 -0.740575 0.498243
t -0.707056 -2.57467e-05 -0.707158
bt -0.501954 -0.740434 0.44699
t -0.707077 -5.85721e-05 -0.707137
bt -0.45089 -0.740575 0.498243
t -0.707077 -5.85721e-05 -0.707137
bt -0.45089 -0.740575 0.498243
t 0 0 -1
bt 0 1 0
t 0 0 -1
bt 0 1 0
t 0 0 -1
bt 0 1 0
t 0 0 -1
bt 0 1 0
t 0.707107 0 -0.707107
bt 0 1 0
t 0.707107 0 -0.707107
bt 0 1 0
t 0.707107 0 -0.707107
bt 0 1 0
t 0.707107 0 -0.707107
bt 0 1 0
t 1 0 0
bt 0 1 0
t 1 0 0
bt 0 1 0
t 1 0 0
bt 0 1 0
t 1 0 0
bt 0 1 0
t 0.707107 0 0.707107
bt 0 1 0
t 0.707107 0 0.707107
bt 0 1 0
t 0.707107 0 0.707107
bt 0 1 0
t 0.707107 0 0.707107
bt 0 1 0
t 0 0 1
bt 0 1 0
t 0 0 1
bt 0 1 0
t 0 0 1
bt 0 1 0
t 0 0 1
bt 0 1 0
t -0.707107 0 0.707107
bt 0 1 0
t -0.707107 0 0.707107
bt 0 1 0
t -0.707107 0 0.707107
bt 0 1 0
t -0.707107 0 0.707107
bt 0 1 0
t -1 0 0
bt 0 1 0
t -1 0 0
bt 0 1 0
t -1 0 0
bt 0 1 0
t -1 0 0
bt 0 1 0
t -0.707057 0 -0.707157
bt 0 1 0
t -0.707057 0 -0.707157
bt 0 1 0
t -0.707057 0 -0.707157
bt 0 1 0
t -0.707057 0 -0.707157
bt 0 1 0
t 0.259683 -0.00586424 0.965676
bt -0.632028 -0.444832 0.634559
t -0.259671 0.00587166 0.965679
bt -0.647487 -0.450288 -0.614818
t -0.0877851 0.185487 0.978718
bt -0.767907 -0.224218 0.600038
t 0.291415 -0.083131 0.952978
bt -0.626649 -0.444965 0.639779
t -0.991023 -0.117171 0.0643797
bt -0.632411 -0.445535 -0.633684
t -0.965656 0.00593302 -0.259755
bt 0.63405 -0.44503 -0.632399
t -0.978718 0.185487 -0.0877851
bt -0.600068 -0.224202 -0.767888
t -0.952966 -0.0831068 0.29146
bt -0.639493 -0.445019 -0.626903
t -0.259681 -0.00586587 -0.965677
bt 0.841221 -0.495455 -0.2165
t 0.259711 0.00584811 -0.965669
bt 0.647493 -0.450291 0.61481
t 0.291436 0.0831196 -0.952972
bt 0.851808 -0.460879 0.249027
t -0.291418 -0.0831296 -0.952977
bt 0.857541 -0.459481 -0.231304
t 0.965652 -0.00592461 -0.25977
bt 0.634255 -0.444972 0.632235
t 0.991023 0.117171 0.0643797
bt -0.616989 -0.449797 0.645761
t 0.978718 0.185487 0.0877851
bt 0.600052 -0.22421 0.767898
t 0.952976 -0.0831282 -0.29142
bt 0.639492 -0.445019 0.626903
t 0.762384 -0.217486 0.609484
bt -0.609605 -0.45175 0.651386
t 0.746611 -0.135131 0.651393
bt -0.609635 -0.450181 0.652443
t -0.762376 0.217492 0.609492
bt -0.637935 -0.443947 -0.629245
t -0.651286 -0.135056 0.746717
bt -0.651664 -0.450031 -0.610579
t -0.259681 -0.00586587 -0.965677
bt 0.841221 -0.495455 -0.2165
t -0.291418 -0.0831296 -0.952977
bt 0.857541 -0.459481 -0.231304
t -0.746617 -0.135127 -0.651386
bt 0.637958 -0.445306 -0.628262
t -0.252709 0 0.967542
bt -0.993779 0 0.11137
t -0.252709 0 0.967542
bt -0.940677 0 -0.339303
t 0.252723 0 0.967539
bt -0.944777 0 0.327714
t 0 0 1
bt -0.942591 0 0.333949
t -0.707069 0 0.707145
bt -0.936103 0 -0.351725
t -0.707037 0 0.707176
bt -0.315194 0 -0.949027
t -0.967538 0 -0.252725
bt -0.111154 0 -0.993803
t -0.967538 0 -0.252725
bt 0.339614 0 -0.940565
t -1 0 0
bt -0.33394 0 -0.942594
t -1 0 0
bt -0.33394 0 -0.942594
t -0.707107 0 -0.707107
bt 0.352353 0 -0.935867
t -0.505444 0 -0.862859
bt 0.946672 0 -0.322199
t 0.252725 0 -0.967538
bt 0.993802 0 -0.111163
t 0.252725 0 -0.967538
bt 0.940602 0 0.339512
t 0 0 -1
bt 0.942605 0 -0.333911
t 0.707107 0 -0.707107
bt 0.935901 0 0.352263
t 0.862305 0 -0.506389
bt 0.322131 0 0.946695
t 0.999994 0 -0.00350891
bt 0.333601 0 0.942714
t 0.985146 0 0.171716
bt -0.20927 0 0.977858
t 0.999994 0 -0.00350891
bt 0.333601 0 0.942714
t 0.866254 0 0.499603
bt -0.584741 0 0.81122
t 0.985146 0 0.171716
bt -0.20927 0 0.977858
t 0.866254 0 0.499603
bt -0.584741 0 0.81122
t 0.252709 0 0.967542
bt 0.993368 0 0.114982
t 0.252709 0 0.967542
bt 0.941982 0 -0.335663
t -0.252695 0 0.967546
bt 0.944824 0 0.32758
t 0 0 1
bt 0.942639 0 0.333815
t 0.707069 0 0.707145
bt 0.940216 0 -0.34058
t 0.707104 0 0.70711
bt 0.701862 0 -0.712313
t 0.967538 0 -0.252725
bt -0.111496 0 -0.993765
t 0.967538 0 -0.252725
bt -0.339616 0 -0.940564
t 1 0 0
bt 0.0114971 0 -0.999934
t 1 0 0
bt 0.0114971 0 -0.999934
t 0.707107 0 -0.707107
bt -0.35237 0 -0.935861
t 0.505444 0 -0.862859
bt -0.946689 0 -0.322148
t -0.252725 0 -0.967538
bt -0.993808 0 -0.11111
t -0.252725 0 -0.967538
bt -0.940583 0 0.339564
t 0 0 -1
bt -0.942623 0 -0.33386
t -0.707107 0 -0.707107
bt -0.935882 0 0.352313
t -0.7071 0 -0.707113
bt -0.316364 0 0.948638
t -1 0 0
bt -0.333967 0 0.942585
t -1 0 0
bt 0.333193 0 0.942859
t -1 0 0
bt -0.333967 0 0.942585
t -1 0 0
bt -0.333967 0 0.942585
t -0.707069 0 0.707145
bt 0.351854 0 0.936055
t -0.707069 0 0.707145
bt 0.351854 0 0.936055
t -0.707069 0 0.707145
bt 0.351854 0 0.936055

