g sponza_262
t 1 -1.00928e-06 8.5987e-06
bt 0 -0.258808 -0.965929
t 0.86602 -0.482976 0.129399
bt 1.85886e-05 -0.258787 -0.965934
t 0.866021 -0.482965 0.129432
bt 1.81067e-05 -0.258787 -0.965935
t 1 -3.65518e-06 6.97034e-06
bt 0 -0.258808 -0.965929
t 0.500037 -0.836507 0.224098
bt 1.65581e-05 -0.25881 -0.965928
t 0.500037 -0.836494 0.224146
bt 1.58087e-05 -0.258809 -0.965928
t 0 -0.965916 0.258855
bt 0 -0.258818 -0.965926
t 0 -0.965935 0.258785
bt 0 -0.25882 -0.965926
t -0.500036 -0.836492 0.224154
bt -1.58057e-05 -0.258809 -0.965928
t -0.500035 -0.836489 0.224166
bt -1.57247e-05 -0.258809 -0.965928
t -0.866017 -0.482986 0.129379
bt -1.93645e-05 -0.258787 -0.965934
t -0.866017 -0.482968 0.12945
bt -1.86638e-05 -0.258787 -0.965935
t -1 -5.04918e-06 -6.47826e-06
bt 0 -0.258808 -0.965929
t -1 -3.65518e-06 6.97034e-06
bt 0 -0.258808 -0.965929
t -0.86602 0.482975 -0.1294
bt 1.91126e-05 -0.258787 -0.965934
t -0.866021 0.482965 -0.129432
bt 1.97325e-05 -0.258787 -0.965934
t -0.500037 0.836503 -0.224112
bt 1.55506e-05 -0.258809 -0.965929
t -0.500037 0.836487 -0.224172
bt 1.64273e-05 -0.25881 -0.965928
t 0 0.965921 -0.258836
bt 0 -0.258819 -0.965926
t 0 0.965927 -0.258813
bt 0 -0.258817 -0.965926
t 0.500036 0.83649 -0.224164
bt -1.65498e-05 -0.25881 -0.965928
t 0.500035 0.836502 -0.224118
bt -1.62728e-05 -0.25881 -0.965928
t 0.866017 0.482985 -0.12938
bt -1.83367e-05 -0.258787 -0.965934
t 0.866017 0.482967 -0.129452
bt -1.91844e-05 -0.258787 -0.965934
t 1 -1.00928e-06 8.5987e-06
bt 0 -0.258808 -0.965929
t 1 -3.65518e-06 6.97034e-06
bt 0 -0.258808 -0.965929
t 1 -4.62582e-06 -4.89575e-06
bt 0 -0.258808 -0.965929
t 0.86602 -0.482978 0.129391
bt 1.93388e-05 -0.258787 -0.965934
t 0.86602 -0.482976 0.129399
bt 1.85886e-05 -0.258787 -0.965934
t 1 -1.00928e-06 8.5987e-06
bt 0 -0.258808 -0.965929
t 0.500037 -0.836499 0.224127
bt 1.58344e-05 -0.258809 -0.965928
t 0.500037 -0.836507 0.224098
bt 1.65581e-05 -0.25881 -0.965928
t 0 -0.965922 0.258834
bt 0 -0.258819 -0.965926
t 0 -0.965916 0.258855
bt 0 -0.258818 -0.965926
t -0.500036 -0.836496 0.224139
bt -1.6144e-05 -0.25881 -0.965928
t -0.500036 -0.836492 0.224154
bt -1.58057e-05 -0.258809 -0.965928
t -0.866017 -0.482983 0.12939
bt -1.85555e-05 -0.258787 -0.965934
t -0.866017 -0.482986 0.129379
bt -1.93645e-05 -0.258787 -0.965934
t -1 -3.74327e-06 -1.60405e-06
bt 0 -0.258808 -0.965929
t -1 -5.04918e-06 -6.47826e-06
bt 0 -0.258808 -0.965929
t -0.86602 0.482979 -0.129386
bt 1.87342e-05 -0.258787 -0.965934
t -0.86602 0.482975 -0.1294
bt 1.91126e-05 -0.258787 -0.965934
t -0.500037 0.836498 -0.224131
bt 1.65171e-05 -0.25881 -0.965928
t -0.500037 0.836503 -0.224112
bt 1.55506e-05 -0.258809 -0.965929
t 0 0.965918 -0.258849
bt 0 -0.258819 -0.965926
t 0 0.965921 -0.258836
bt 0 -0.258819 -0.965926
t 0.500036 0.8365 -0.224125
bt -1.57104e-05 -0.258809 -0.965928
t 0.500036 0.83649 -0.224164
bt -1.65498e-05 -0.25881 -0.965928
t 0.866017 0.482982 -0.129394
bt -1.93879e-05 -0.258787 -0.965934
t 0.866017 0.482985 -0.12938
bt -1.83367e-05 -0.258787 -0.965934
t 1 -4.62582e-06 -4.89575e-06
bt 0 -0.258808 -0.965929
t 1 -1.00928e-06 8.5987e-06
bt 0 -0.258808 -0.965929
t 1 -8.80256e-06 -2.04313e-05
bt 0 -0.258808 -0.965929
t 0.86602 -0.482961 0.129453
bt 1.88367e-05 -0.258787 -0.965934
t 0.86602 -0.482978 0.129391
bt 1.93388e-05 -0.258787 -0.965934
t 1 -4.62582e-06 -4.89575e-06
bt 0 -0.258808 -0.965929
t 0.500037 -0.836503 0.224114
bt 1.69007e-05 -0.258811 -0.965928
t 0.500037 -0.836499 0.224127
bt 1.58344e-05 -0.258809 -0.965928
t 0 -0.965919 0.258845
bt 0 -0.258818 -0.965926
t 0 -0.965922 0.258834
bt 0 -0.258819 -0.965926
t -0.500036 -0.836509 0.224093
bt -1.59266e-05 -0.258809 -0.965928
t -0.500036 -0.836496 0.224139
bt -1.6144e-05 -0.25881 -0.965928
t -0.866017 -0.482973 0.129424
bt -1.93375e-05 -0.258787 -0.965934
t -0.866017 -0.482983 0.12939
bt -1.85555e-05 -0.258787 -0.965934
t -1 -9.07863e-07 8.98237e-06
bt 0 -0.258808 -0.965929
t -1 -3.74327e-06 -1.60405e-06
bt 0 -0.258808 -0.965929
t -0.86602 0.482971 -0.129416
bt 1.97427e-05 -0.258787 -0.965934
t -0.86602 0.482979 -0.129386
bt 1.87342e-05 -0.258787 -0.965934
t -0.500037 0.836496 -0.22414
bt 1.5928e-05 -0.258809 -0.965928
t -0.500037 0.836498 -0.224131
bt 1.65171e-05 -0.25881 -0.965928
t 0 0.965934 -0.258789
bt 0 -0.258818 -0.965926
t 0 0.965918 -0.258849
bt 0 -0.258819 -0.965926
t 0.500036 0.836492 -0.224156
bt -1.69457e-05 -0.258811 -0.965928
t 0.500036 0.8365 -0.224125
bt -1.57104e-05 -0.258809 -0.965928
t 0.866017 0.48298 -0.129401
bt -1.8834e-05 -0.258787 -0.965934
t 0.866017 0.482982 -0.129394
bt -1.93879e-05 -0.258787 -0.965934
t 1 -8.80256e-06 -2.04313e-05
bt 0 -0.258808 -0.965929
t 1 -4.62582e-06 -4.89575e-06
bt 0 -0.258808 -0.965929
t 0.866001 -0.483005 0.129415
bt -0.706991 0.683127 -0.183035
t 0.866001 -0.483005 0.129415
bt -0.706991 0.683127 -0.183035
t 0.93906 -0.332042 0.0889663
bt -0.765821 0.621145 -0.166427
t 0 0.965929 -0.258808
bt -1 0 0
t 0 0.965929 -0.258808
bt -1 0 0
t 0 0.965929 -0.258808
bt -1 0 0
t -0.964259 0.255933 -0.0685738
bt -0.252676 -0.934585 0.25041
t 2.94959e-09 0.965929 -0.258808
bt -0.259059 -0.932947 0.249997
t -0.86603 0.482957 -0.129402
bt 0 -0.965929 0.258808
t -0.86603 0.482957 -0.129402
bt 0 -0.965929 0.258808
t -1 0 0
bt 0.866017 -0.482979 0.129408
t -0.866017 0.482979 -0.129408
bt 0.707032 -0.683087 0.183024
t -1 0 0
bt 0.866017 -0.482979 0.129408
t -1 0 0
bt 0.866017 -0.482979 0.129408
t -0.865979 -0.483042 0.129425
bt 0.965916 0.250035 -0.0669935
t -0.865979 -0.483042 0.129425
bt 0.965916 0.250035 -0.0669935
t -0.865979 -0.483042 0.129425
bt 0.965916 0.250035 -0.0669935
t 0.259037 0.932966 -0.249949
bt -0.259059 0.932947 -0.249997
t 0.259037 0.932959 -0.249974
bt -0.259059 0.932954 -0.249972
t 0.259037 0.932959 -0.249974
bt -0.259059 0.932954 -0.249972
t -0.965981 -0.249802 0.0669312
bt -0.706991 -0.683127 0.183035
t -0.965981 -0.249802 0.0669312
bt -0.706991 -0.683127 0.183035
t 0.999981 0.000900123 0.00607075
bt 0.00100385 -0.1466 -0.989195
t 0.866357 -0.483947 0.123373
bt 0.058094 -0.161844 -0.985105
t 0.866433 -0.483946 0.122837
bt 0.019954 -0.129227 -0.991414
t 0.999978 0.000913496 0.00661382
bt -0.0242838 -0.13676 -0.990307
t 0.500604 -0.837728 0.218189
bt 0.0996237 -0.202668 -0.974167
t 0.500726 -0.837788 0.217681
bt 0.0831671 -0.155912 -0.984264
t 0.000702576 -0.967496 0.252884
bt 0.114402 -0.258104 -0.95932
t 0.000865876 -0.967612 0.25244
bt 0.124089 -0.209562 -0.96989
t -0.499418 -0.838398 0.218336
bt 0.098602 -0.313226 -0.944546
t -0.499298 -0.838602 0.217826
bt 0.131747 -0.275785 -0.952148
t -0.865664 -0.485104 0.123691
bt 0.0563401 -0.35333 -0.933801
t -0.865609 -0.485324 0.123214
bt 0.104121 -0.336834 -0.935789
t -0.999981 -0.00224866 -0.00570234
bt -0.00100385 -0.367678 -0.929953
t -0.999978 -0.00250984 -0.0061714
bt 0.0485962 -0.376353 -0.925201
t -0.866366 0.480781 -0.135128
bt -0.0580809 -0.35236 -0.934061
t -0.866435 0.480526 -0.135592
bt -0.0199477 -0.383772 -0.923212
t -0.500634 0.834573 -0.229898
bt -0.0996063 -0.311546 -0.944996
t -0.500732 0.834379 -0.230388
bt -0.0831429 -0.357094 -0.930361
t -0.000717828 0.964321 -0.264735
bt -0.114402 -0.256159 -0.959841
t -0.00087167 0.964201 -0.265171
bt -0.124063 -0.303463 -0.944732
t 0.499384 0.83526 -0.230121
bt -0.0986134 -0.200978 -0.97462
t 0.499293 0.835169 -0.230648
bt -0.131776 -0.237231 -0.962474
t 0.865651 0.481978 -0.135445
bt -0.05636 -0.160877 -0.985364
t 0.865603 0.481906 -0.136005
bt -0.104126 -0.176165 -0.978838
t 0.999981 0.000900123 0.00607075
bt 0.00100385 -0.1466 -0.989195
t 0.999978 0.000913496 0.00661382
bt -0.0242838 -0.13676 -0.990307
t 0.999946 -0.00458746 -0.0093374
bt 0.0357663 -0.441004 -0.896792
t 0.867144 -0.478315 0.138837
bt -0.0764885 -0.430244 -0.899466
t 0.865595 -0.484081 0.128102
bt 0.0156071 -0.235491 -0.971751
t 0.999999 0.000373266 0.00157556
bt 0.00796638 -0.229589 -0.973255
t 0.502197 -0.832474 0.234063
bt -0.185562 -0.336482 -0.923226
t 0.498684 -0.8376 0.223027
bt 0.0118712 -0.230674 -0.972959
t 0.00288127 -0.963004 0.269473
bt -0.21313 -0.197747 -0.956803
t -0.0017598 -0.966206 0.257764
bt 0.0194328 -0.238519 -0.970943
t -0.49733 -0.834938 0.235672
bt -0.183988 -0.129208 -0.974399
t -0.50128 -0.836003 0.223199
bt 0.0218598 -0.249562 -0.968112
t -0.864413 -0.482417 0.141645
bt -0.136533 -0.0713389 -0.988063
t -0.866458 -0.482379 0.128687
bt 0.0107606 -0.264307 -0.964379
t -0.999922 0.000332989 0.0124651
bt -0.0353185 -0.0269864 -0.999012
t -1 -0.000127619 -0.00046539
bt -0.015917 -0.267363 -0.963464
t -0.867252 0.483881 -0.117187
bt 0.0752364 -0.037138 -0.996474
t -0.866467 0.482073 -0.129768
bt -0.024546 -0.256572 -0.966213
t -0.501947 0.838393 -0.212479
bt 0.166087 -0.0994612 -0.981082
t -0.501297 0.835605 -0.224647
bt -0.0258451 -0.242864 -0.969716
t -0.0019931 0.968789 -0.247879
bt 0.21313 -0.197747 -0.956803
t -0.00180229 0.965669 -0.25977
bt -0.0194431 -0.230785 -0.972811
t 0.498346 0.840158 -0.213977
bt 0.203198 -0.306165 -0.93004
t 0.49862 0.836954 -0.225581
bt -0.00789952 -0.223966 -0.974565
t 0.865029 0.487201 -0.119836
bt 0.138309 -0.395419 -0.908028
t 0.865558 0.483346 -0.1311
bt 0.00508644 -0.22387 -0.974606
t 0.999946 -0.00458746 -0.0093374
bt 0.0357663 -0.441004 -0.896792
t 0.999999 0.000373266 0.00157556
bt 0.00796638 -0.229589 -0.973255
t 0.999553 -0.0169665 -0.0246112
bt 1.31096e-05 -0.56742 -0.823429
t 0.871519 -0.465709 0.153523
bt -0.177488 -0.520929 -0.834944
t 0.511349 -0.822458 0.249168
bt -0.306625 -0.394403 -0.866272
t 0.0142797 -0.958142 0.285936
bt -0.352736 -0.222611 -0.908857
t -0.487273 -0.83554 0.253846
bt -0.304435 -0.0520275 -0.951111
t -0.858716 -0.486424 0.161241
bt -0.175314 0.0720743 -0.981871
t -0.999456 -0.00386885 0.0327598
bt 1.29229e-05 0.1173 -0.993097
t -0.870816 0.481995 -0.0967511
bt 0.175314 0.0720743 -0.981871
t -0.507494 0.839841 -0.192661
bt 0.304435 -0.0520275 -0.951111
t -0.00792893 0.973384 -0.229044
bt 0.352736 -0.222611 -0.908857
t 0.49303 0.847621 -0.196113
bt 0.306625 -0.394403 -0.866272
t 0.861377 0.497337 -0.103375
bt 0.177488 -0.520929 -0.834944
t 0.999553 -0.0169665 -0.0246112
bt 1.31096e-05 -0.56742 -0.823429
t 0.866121 -0.48355 0.126547
bt 0.00694679 -0.20081 -0.979605
t 0.999996 0.000603585 0.00288904
bt -0.0118847 -0.205189 -0.97865
t 0.500152 -0.837191 0.221266
bt 0.0358176 -0.211875 -0.97664
t 0.000109825 -0.966695 0.255932
bt 0.055047 -0.235378 -0.970344
t -0.499878 -0.837339 0.221325
bt 0.0595536 -0.265052 -0.962393
t -0.86596 -0.483823 0.126605
bt 0.0481203 -0.292926 -0.954923
t -0.999996 -0.000924872 -0.00281599
bt 0.0237729 -0.311516 -0.949943
t -0.866123 0.482035 -0.132188
bt -0.00694193 -0.315888 -0.948771
t -0.50016 0.835651 -0.226995
bt -0.035778 -0.304828 -0.951735
t -0.000117164 0.965158 -0.261668
bt -0.0550726 -0.281309 -0.958036
t 0.49987 0.835822 -0.227004
bt -0.0595931 -0.251651 -0.965982
t 0.865957 0.482311 -0.132269
bt -0.0481228 -0.223771 -0.973453
t 0.999996 0.000603585 0.00288904
bt -0.0118847 -0.205189 -0.97865
t 0.86602 -0.482961 0.129453
bt 1.88367e-05 -0.258787 -0.965934
t 1 -8.80256e-06 -2.04313e-05
bt 0 -0.258808 -0.965929
t 0.500037 -0.836503 0.224114
bt 1.69007e-05 -0.258811 -0.965928
t 0 -0.965919 0.258845
bt 0 -0.258818 -0.965926
t -0.500036 -0.836509 0.224093
bt -1.59266e-05 -0.258809 -0.965928
t -0.866017 -0.482973 0.129424
bt -1.93375e-05 -0.258787 -0.965934
t -1 -9.07863e-07 8.98237e-06
bt 0 -0.258808 -0.965929
t -0.86602 0.482971 -0.129416
bt 1.97427e-05 -0.258787 -0.965934
t -0.500037 0.836496 -0.22414
bt 1.5928e-05 -0.258809 -0.965928
t 0 0.965934 -0.258789
bt 0 -0.258818 -0.965926
t 0.500036 0.836492 -0.224156
bt -1.69457e-05 -0.258811 -0.965928
t 0.866017 0.48298 -0.129401
bt -1.8834e-05 -0.258787 -0.965934
t 1 -8.80256e-06 -2.04313e-05
bt 0 -0.258808 -0.965929

