g sponza_158
t 0.0443123 0.604934 -0.795042
bt -0.992211 0.0302835 0.12083
t -0.13706 0.614085 -0.777248
bt -0.992017 0.0311016 0.12221
t 0.181947 0.612018 -0.769629
bt -0.997565 -0.00900394 -0.0691549
t 0.137067 0.614071 -0.777258
bt -0.99776 -0.00702336 -0.0665306
t -0.146096 0.591279 -0.793124
bt -0.912164 0.0846085 0.400997
t -0.394691 0.614084 -0.683462
bt -0.912164 0.084609 0.400996
t -0.477927 0.603839 -0.637938
bt -0.670112 0.0284658 0.741714
t -0.604629 0.614038 -0.507328
bt -0.670113 0.028467 0.741713
t -0.394691 0.614084 -0.683462
bt -0.803372 -0.0846577 0.589429
t -0.394691 0.614084 -0.683462
bt -0.803372 -0.0846577 0.589429
t -0.670331 0.600038 -0.436588
bt -0.350157 0.0360992 0.935995
t -0.74166 0.614076 -0.26991
bt -0.352643 0.0325318 0.935192
t -0.777489 0.613779 -0.137065
bt -0.0413243 0.0152116 0.99903
t -0.762576 0.606 -0.226368
bt -0.0474599 0.010899 0.998814
t 0.769094 0.612557 0.182397
bt -0.265256 0.0333001 0.963603
t 0.741659 0.614076 0.269911
bt -0.269543 0.0355135 0.962333
t 0.776716 0.61476 0.137049
bt -0.0457455 -0.00954782 0.998908
t 0.784838 0.617984 0.0460939
bt -0.040887 -0.0148673 0.999053
t 0.711282 0.603832 0.359814
bt -0.614079 0.0284456 0.788732
t 0.604629 0.614038 0.507328
bt -0.614074 0.0284499 0.788735
t 0.613855 0.591259 0.523063
bt -0.803372 0.0846578 0.589429
t 0.39471 0.614035 0.683495
bt -0.846817 0.0284796 0.531121
t 0.313645 0.602432 0.733964
bt -0.9795 0.0313163 0.198994
t 0.137061 0.614085 0.777248
bt -0.97936 0.0301198 0.199869
t 0.394691 0.614084 0.683462
bt -0.912164 -0.0846085 0.400997
t -0.137071 0.614071 0.777257
bt -0.99776 0.00702336 -0.0665306
t 0.0456689 0.612739 0.788965
bt -0.997635 0.00989922 -0.0680131
t 0.00232906 0.998931 -0.0461661
bt -0.987107 0.00286804 0.160034
t -0.00783111 0.998982 -0.044417
bt -0.987075 0.00286046 0.160233
t 0.0103771 0.998981 -0.0439219
bt -0.996958 -0.000745919 -0.0779427
t 0.00783166 0.998982 -0.044425
bt -0.996989 -0.000746942 -0.0775439
t -0.0136426 0.99893 -0.0441997
bt -0.866069 0.00264935 0.499917
t -0.0225585 0.998982 -0.0390546
bt -0.866069 0.00264926 0.499917
t -0.0279382 0.99893 -0.0368645
bt -0.64284 0.0026505 0.765996
t -0.0345474 0.998982 -0.0289908
bt -0.64284 0.0026505 0.765996
t -0.0426958 0.998968 -0.0155185
bt -0.308156 0.00324725 0.95133
t -0.0392497 0.998913 -0.025149
bt -0.308844 0.00319181 0.951107
t -0.044411 0.998983 -0.00783416
bt -0.025775 0.00115212 0.999667
t -0.044164 0.998941 -0.0129244
bt -0.0268732 0.00113571 0.999638
t 0.0198637 0.993433 0.112674
bt -0.987199 -0.00719072 0.15933
t -0.019844 0.993443 0.112593
bt -0.996999 0.00188038 -0.0773896
t 0.00647159 0.993397 0.114541
bt -0.996945 0.00196869 -0.0780815
t 0.0326597 0.993342 0.110476
bt -0.987151 -0.00721979 0.159627
t 0.0571409 0.993434 0.0991131
bt -0.866391 -0.00667916 0.499322
t 0.0684562 0.99335 0.0925687
bt -0.866391 -0.00667965 0.499322
t 0.0876351 0.993435 0.0735338
bt -0.643388 -0.00667568 0.765511
t 0.0960236 0.99335 0.0635223
bt -0.643388 -0.00667605 0.765511
t 0.109714 0.99342 0.032863
bt -0.308915 -0.00812444 0.951055
t 0.107569 0.993427 0.0391414
bt -0.3099 -0.00801087 0.950736
t 0.112961 0.993577 0.00662717
bt -0.0277939 -0.00278679 0.99961
t 0.112616 0.99344 0.0198534
bt -0.0267667 -0.00872362 0.999604
t 0.230885 0.603839 0.762936
bt 0.883393 0.0284344 -0.46777
t 0.394714 0.614035 0.683492
bt 0.883391 0.0284316 -0.467774
t 0.136998 0.614423 0.776991
bt 0.973057 -0.0250316 -0.2292
t 0.137047 0.614106 0.777233
bt 0.972739 -0.0229523 -0.230765
t 0.477943 0.603841 0.637923
bt 0.67011 0.0284643 -0.741716
t 0.604665 0.614038 0.507285
bt 0.670109 0.0284627 -0.741717
t 0.697474 0.60995 0.376153
bt 0.376017 0.0284632 -0.926175
t 0.741711 0.61402 0.269898
bt 0.376016 0.0284617 -0.926176
t 0.782588 0.618822 0.0679287
bt 0.153248 0.0261964 -0.987841
t 0.782893 0.618433 0.0679657
bt 0.154038 0.0252082 -0.987743
t -0.711305 0.603827 -0.359776
bt 0.614075 0.028449 -0.788735
t -0.604665 0.614038 -0.507285
bt 0.614076 0.0284482 -0.788734
t -0.741711 0.61402 -0.269898
bt 0.376015 -0.0284609 -0.926177
t -0.763331 0.612584 -0.2051
bt 0.376017 -0.0284632 -0.926175
t -0.545366 0.603818 -0.58136
bt 0.846818 0.028479 -0.53112
t -0.394714 0.614035 -0.683492
bt 0.846817 0.0284806 -0.531122
t -0.313531 0.606408 -0.730731
bt 0.972739 0.0229523 -0.230765
t -0.136997 0.614423 -0.776992
bt 0.973056 0.0250344 -0.229203
t -0.0688676 0.614112 -0.786208
bt 0.999155 0.0182438 0.0368301
t 0.0678971 0.618402 -0.782924
bt 0.999067 0.0189861 0.0387911
t 0.0136398 0.99893 0.0442013
bt 0.866069 0.00264936 -0.499917
t 0.0225513 0.998982 0.0390588
bt 0.866069 0.00264956 -0.499917
t 0.0078323 0.998982 0.044429
bt 0.979836 -0.00224365 -0.19979
t 0.0373223 0.996841 0.0701081
bt 0.985129 -0.00288452 -0.171794
t 0.0279303 0.99893 0.0368738
bt 0.64284 0.00265034 -0.765996
t 0.0345397 0.998982 0.0289999
bt 0.642839 0.00265036 -0.765996
t 0.0423756 0.998982 0.0154409
bt 0.34217 0.00264625 -0.939634
t 0.0388546 0.99893 0.0251064
bt 0.34217 0.00264621 -0.939634
t 0.0444591 0.999004 0.00386137
bt 0.121916 0.00233776 -0.992538
t 0.0428304 0.998962 0.0155003
bt 0.121722 0.00233589 -0.992561
t -3.27705e-05 0.99356 -0.113303
bt 0.998195 0.0042824 0.0599008
t 0.00987717 0.99358 -0.112701
bt 0.998171 0.00430951 0.0603007
t -0.0326261 0.993408 -0.10989
bt 0.97999 -0.00558782 -0.19897
t -0.0198482 0.993441 -0.112609
bt 0.979867 -0.00566523 -0.199573
t -0.0570464 0.993446 -0.0990537
bt 0.867008 -0.0200182 -0.497891
t -0.0570464 0.993446 -0.0990537
bt 0.867008 -0.0200182 -0.497891
t -0.0876526 0.993435 -0.0735128
bt 0.643388 -0.00667566 -0.765511
t -0.0570467 0.993446 -0.0990535
bt 0.864686 0.0200165 -0.501914
t -0.0910196 0.992684 -0.079337
bt 0.864686 0.0200162 -0.501914
t -0.0960204 0.99335 -0.0635261
bt 0.643388 -0.00667568 -0.765511
t -0.107493 0.993435 -0.0391518
bt 0.342766 -0.00667628 -0.939397
t -0.107493 0.993435 -0.0391518
bt 0.342766 -0.00667628 -0.939397
t 0.762945 0.603836 -0.230861
bt -0.467774 0.0284312 -0.883391
t 0.683551 0.614035 -0.394612
bt -0.46777 0.0284344 -0.883393
t 0.777285 0.614037 -0.137066
bt -0.268206 -0.0993428 -0.958226
t 0.777537 0.61371 -0.137101
bt -0.265684 -0.102823 -0.958561
t 0.637999 0.603828 -0.477859
bt -0.741715 0.0284649 -0.670111
t 0.507362 0.614038 -0.604601
bt -0.741717 0.0284627 -0.670109
t 0.436449 0.601375 -0.669223
bt -0.932462 0.0332312 -0.359737
t 0.269927 0.614045 -0.74168
bt -0.931953 0.031065 -0.361245
t 0.137067 0.614071 -0.777258
bt -0.99776 -0.00702336 -0.0665306
t 0.181947 0.612018 -0.769629
bt -0.997565 -0.00900394 -0.0691549
t -0.182551 0.612086 0.769432
bt -0.959308 0.031743 -0.280573
t -0.269927 0.614045 0.741679
bt -0.958418 0.0328592 -0.283469
t 0.0456689 0.612739 0.788965
bt -0.997635 0.00989922 -0.0680131
t -0.137071 0.614071 0.777257
bt -0.99776 0.00702336 -0.0665306
t -0.359833 0.603834 0.71127
bt -0.788734 0.0284486 -0.614075
t -0.507362 0.614038 0.604601
bt -0.788736 0.0284505 -0.614074
t -0.581425 0.60383 0.545284
bt -0.531121 0.0284801 -0.846817
t -0.683551 0.614035 0.394612
bt -0.531123 0.0284823 -0.846816
t -0.705783 0.586141 0.397881
bt -0.265684 0.102823 -0.958561
t -0.777285 0.614037 0.137067
bt -0.2682 0.099338 -0.958228
t 0.0442037 0.99893 -0.0136356
bt -0.499917 0.00264966 -0.866069
t 0.0390555 0.998982 -0.022557
bt -0.499917 0.0026492 -0.866069
t 0.0444404 0.998981 -0.00782864
bt -0.140244 -0.00954435 -0.990071
t 0.0446426 0.998972 -0.00785709
bt -0.139691 -0.00961399 -0.990148
t 0.036865 0.99893 -0.0279377
bt -0.765996 0.00265027 -0.642839
t 0.0289923 0.998982 -0.0345461
bt -0.765996 0.00265042 -0.64284
t 0.0155231 0.998968 -0.0426775
bt -0.947253 0.00303487 -0.320472
t 0.0251322 0.998919 -0.0391026
bt -0.947123 0.00299558 -0.320856
t 0.00783166 0.998982 -0.044425
bt -0.996989 -0.000746942 -0.0775439
t 0.0103771 0.998981 -0.0439219
bt -0.996958 -0.000745919 -0.0779427
t -0.099065 0.993434 0.0572241
bt -0.499322 -0.00668005 -0.866391
t -0.112636 0.993438 0.0198443
bt -0.14163 0.0241591 -0.989625
t -0.107176 0.992526 0.058351
bt -0.142692 0.0240509 -0.989475
t -0.0925433 0.99335 0.0685
bt -0.499322 -0.00667968 -0.866391
t -0.0735231 0.993435 0.0876441
bt -0.765511 -0.0066756 -0.643388
t -0.0635517 0.993351 0.095999
bt -0.765511 -0.00667583 -0.643388
t -0.0329241 0.993416 0.109733
bt -0.947008 -0.0076011 -0.32112
t -0.0391658 0.993443 0.107413
bt -0.946806 -0.00752776 -0.321716
t 0.00647159 0.993397 0.114541
bt -0.996945 0.00196869 -0.0780815
t -0.019844 0.993443 0.112593
bt -0.996999 0.00188038 -0.0773896
t -0.777489 0.613779 -0.137065
bt -0.0413243 0.0152116 0.99903
t -0.777226 0.61411 0.137073
bt 0.168103 0.0254008 0.985442
t -0.797134 0.602235 -0.0434791
bt 0.165809 0.0241837 0.985861
t -0.762576 0.606 -0.226368
bt -0.0474599 0.010899 0.998814
t -0.762934 0.603839 0.23089
bt 0.467776 0.0284295 0.88339
t -0.68353 0.614035 0.394647
bt 0.467772 0.0284328 0.883392
t -0.63798 0.603831 0.47788
bt 0.741717 0.0284623 0.670108
t -0.507373 0.614038 0.604591
bt 0.741713 0.0284677 0.670113
t -0.436078 0.603813 0.667268
bt 0.926176 0.0284627 0.376017
t -0.269905 0.61402 0.741708
bt 0.926177 0.02846 0.376014
t 0.000316661 0.617582 0.786506
bt 0.996302 0.0188096 0.0838376
t -0.270468 0.603019 0.750477
bt 0.98984 0.054245 0.131431
t 0.359812 0.603831 -0.711283
bt 0.788734 0.0284486 0.614075
t 0.507373 0.614038 -0.604592
bt 0.788737 0.0284513 0.614073
t 0.269905 0.61402 -0.741708
bt 0.926176 -0.0284627 0.376017
t 0.205083 0.612584 -0.763336
bt 0.926174 -0.0284653 0.37602
t 0.581416 0.603828 -0.545295
bt 0.531125 0.0284836 0.846815
t 0.683531 0.614035 -0.394647
bt 0.531119 0.0284782 0.846818
t 0.73087 0.606258 -0.313497
bt 0.229402 0.0232768 0.973053
t 0.776967 0.614449 -0.13702
bt 0.227946 0.0251987 0.973348
t 0.784838 0.617984 0.0460939
bt -0.040887 -0.0148673 0.999053
t 0.776716 0.61476 0.137049
bt -0.0457455 -0.00954782 0.998908
t -0.046263 0.998927 -0.00224217
bt 0.198304 0.00224808 0.980138
t -0.0444292 0.998982 0.00783116
bt 0.197901 0.00225889 0.980219
t -0.044164 0.998941 -0.0129244
bt -0.0268732 0.00113571 0.999638
t -0.044411 0.998983 -0.00783416
bt -0.025775 0.00115212 0.999667
t -0.0442052 0.99893 0.0136331
bt 0.499917 0.00264946 0.866069
t -0.0390643 0.998982 0.0225416
bt 0.499917 0.00264923 0.866069
t -0.036872 0.99893 0.0279319
bt 0.765996 0.00265042 0.64284
t -0.0289824 0.998982 0.0345544
bt 0.765996 0.00265016 0.64284
t -0.0154592 0.998979 0.0424417
bt 0.957035 0.00351974 0.289951
t -0.0339103 0.997281 0.0654245
bt 0.948455 0.00351985 0.316893
t 0.019861 0.990854 0.133469
bt 0.995374 -0.00410632 0.0959893
t 0.107219 0.984553 0.138418
bt 0.996195 0.00669059 0.086893
t 0.112603 0.993442 -0.0198322
bt 0.197749 -0.00573981 0.980236
t 0.112616 0.99344 0.0198535
bt -0.0247861 0.00853782 0.999656
t 0.112961 0.993577 0.00662717
bt -0.0277939 -0.00278679 0.99961
t 0.110099 0.993383 -0.0327011
bt 0.197253 -0.00568526 0.980336
t 0.0990773 0.993434 -0.0572029
bt 0.499322 -0.00668004 0.866391
t 0.0925516 0.99335 -0.0684858
bt 0.499322 -0.00667926 0.866391
t 0.0735231 0.993435 -0.0876441
bt 0.765511 -0.00667498 0.643388
t 0.0635509 0.993351 -0.0959997
bt 0.765511 -0.0066752 0.643388
t 0.039187 0.993435 -0.107481
bt 0.939397 -0.00667612 0.342766
t 0.039187 0.993435 -0.107481
bt 0.939397 -0.00667612 0.342766
t -0.964642 -0.0322676 -0.26158
bt -0.13483 -0.618391 0.774218
t -0.964642 -0.0322673 -0.26158
bt -0.235544 -0.62178 0.746933
t -0.998394 0.0322506 0.046584
bt 0.06821 -0.621768 0.780226
t -0.998394 0.0322506 0.046584
bt 0.06821 -0.621768 0.780226
t -0.953763 0.00350334 -0.300538
bt 0.00954973 -0.998578 -0.052454
t -0.953763 0.00350318 -0.300538
bt 0.0158264 -0.9986 -0.0504759
t -0.996208 -0.00350711 0.0869366
bt -0.00455626 -0.998595 -0.0528037
t -0.996208 -0.00350711 0.0869366
bt -0.00455626 -0.998595 -0.0528037
t -0.96383 0.032833 -0.264486
bt 0.13005 -0.654033 -0.745204
t -0.963831 0.0328336 -0.264486
bt 0.226689 -0.657334 -0.718696
t -0.998231 -0.0328191 0.049583
bt -0.0657465 -0.65721 -0.750835
t -0.998231 -0.0328191 0.049583
bt -0.0657466 -0.65721 -0.750835
t -0.955642 -0.0205879 -0.29381
bt -0.0584618 -0.943556 0.326012
t -0.955642 -0.0205881 -0.29381
bt -0.0988191 -0.944401 0.313594
t -0.996584 0.0205798 0.0799866
bt 0.0287266 -0.944399 0.327545
t -0.996584 0.0205798 0.0799866
bt 0.0287266 -0.944399 0.327545
t -0.955642 0.0205881 -0.29381
bt 0.0584703 -0.943557 -0.326009
t -0.955642 0.0205879 -0.29381
bt 0.0988191 -0.944401 -0.313594
t -0.996583 -0.0205795 0.0799867
bt -0.0287271 -0.944399 -0.327545
t -0.996583 -0.0205795 0.0799867
bt -0.0287271 -0.944399 -0.327545
t -0.954201 -0.0107499 -0.298972
bt -0.0294066 -0.986175 0.163075
t -0.954201 -0.010751 -0.298972
bt -0.0495486 -0.986393 0.156763
t -0.996289 0.0107572 0.0853934
bt 0.0142993 -0.986393 0.163783
t -0.996289 0.0107572 0.0853934
bt 0.0142993 -0.986393 0.163783
t -0.954987 0.0126854 -0.296375
bt 0.0638418 -0.940224 -0.33452
t -0.958307 0.0289938 -0.284267
bt 0.152678 -0.861546 -0.484177
t -0.997118 -0.0289908 0.070103
bt -0.0442752 -0.861546 -0.505746
t -0.996502 -0.0126707 0.0825969
bt -0.0295238 -0.940937 -0.337292
t -0.954072 0.009274 -0.299432
bt 0.0252573 -0.989806 -0.140163
t -0.996265 -0.00927794 0.0858517
bt -0.012308 -0.989967 -0.140763
t -0.967485 0.0277314 -0.251402
bt 0.149662 -0.473182 -0.868159
t -0.967486 0.0277324 -0.2514
bt 0.264397 -0.476532 -0.838458
t -0.994504 -0.0820505 -0.0650304
bt -0.0766198 -0.476539 -0.875808
t -0.994504 -0.0820505 -0.0650304
bt -0.0766198 -0.476539 -0.875808
t -0.969145 0.02255 -0.245459
bt 0.15741 -0.362393 -0.918637
t -0.969144 0.0225499 -0.24546
bt 0.279931 -0.365316 -0.887797
t -0.999302 -0.0224709 0.0298431
bt -0.0811384 -0.365285 -0.927353
t -0.999302 -0.0224709 0.0298431
bt -0.0811384 -0.365285 -0.927353
t -0.995247 0.0972897 0.00432469
bt 0.056365 -0.76305 0.643877
t -0.960892 -0.033613 -0.274876
bt -0.293236 -0.757412 0.583387
t -0.961605 -0.031524 -0.272623
bt -0.038806 -0.751744 0.658312
t -0.995247 0.0972897 0.00432469
bt 0.056365 -0.76305 0.643877
t -0.960065 0.0317239 -0.277972
bt 0.104508 -0.800012 -0.590811
t -0.960065 0.031721 -0.277974
bt 0.17953 -0.802456 -0.569064
t -0.997475 -0.0316989 0.0635571
bt -0.0519693 -0.802459 -0.594439
t -0.997475 -0.0316989 0.0635571
bt -0.0519693 -0.802459 -0.594439
t -0.96223 -0.0326442 -0.270274
bt -0.213498 -0.733336 0.645474
t -0.99785 0.0331583 0.0565311
bt 0.0591471 -0.73431 0.676233
t -0.996908 0.0174957 0.0766086
bt -0.0358597 -0.853116 0.520488
t -0.956733 -0.0172219 -0.290459
bt -0.187712 -0.854878 0.483682
t -0.954794 -0.010976 -0.297065
bt -0.0514778 -0.955763 0.289599
t -0.954204 -0.00749897 -0.299063
bt -0.0410617 -0.993296 0.108056
t -0.99624 0.0075178 0.0863072
bt 0.009948 -0.993469 0.113664
t -0.996421 0.0110386 0.0838067
bt 0.0252816 -0.957028 0.288893
t -0.915592 0.00183965 0.402104
bt 0.461538 -0.0279547 0.88668
t -0.988252 -0.00187734 0.152821
bt 0.0871587 -0.0279037 0.995804
t -0.988252 -0.00187731 0.15282
bt 0.222467 -0.0276375 0.974549
t -0.915592 0.00183965 0.402104
bt 0.461538 -0.0279547 0.88668
t -0.901329 0.0331157 0.431866
bt 0.24221 -0.704012 0.667609
t -0.901329 0.0331136 0.431868
bt 0.32688 -0.707104 0.627019
t -0.992217 -0.0331346 0.120034
bt 0.0614066 -0.707101 0.704441
t -0.992217 -0.0331346 0.120034
bt 0.0614066 -0.707101 0.704441
t -0.962636 0.0330914 -0.268769
bt 0.122785 -0.704037 -0.699468
t -0.962635 0.0330883 -0.268772
bt 0.212333 -0.707115 -0.674465
t -0.99799 -0.0330932 0.0540521
bt -0.0614078 -0.707101 -0.704441
t -0.99799 -0.0330932 0.0540521
bt -0.0614078 -0.707101 -0.704441
t -0.953718 0 -0.300703
bt 0 -1 0
t -0.996191 0 0.0872004
bt 0 -1 0
t -0.996191 0 0.0872004
bt 0 -1 0
t -0.953718 0 -0.300703
bt 0 -1 0
t -0.953738 -0.00255789 -0.300629
bt -0.00692892 -0.999243 0.0382882
t -0.953738 -0.00255791 -0.300629
bt -0.011559 -0.999255 0.0368287
t -0.996199 0.00255805 0.0870684
bt 0.00339185 -0.999255 0.0384488
t -0.996199 0.00255805 0.0870684
bt 0.00339185 -0.999255 0.0384488
t -0.962187 -0.033094 -0.270371
bt -0.0348255 -0.712709 0.700594
t -0.962187 -0.0330916 -0.270373
bt -0.20741 -0.724207 0.657651
t -0.997901 0.0330621 0.055679
bt 0.0601394 -0.724221 0.686941
t -0.997901 0.0330666 0.0556746
bt 0.14826 -0.721362 0.676503
t -0.962187 0.0330865 -0.270374
bt 0.119803 -0.72126 -0.682225
t -0.962187 0.0330892 -0.270371
bt 0.207394 -0.724257 -0.657601
t -0.997901 -0.0330635 0.055673
bt -0.0601348 -0.724271 -0.686889
t -0.997901 -0.0330635 0.055673
bt -0.0601348 -0.724271 -0.686889
t -0.954139 -0.00161373 -0.29936
bt 0.00251098 -0.999633 0.0269893
t -0.95352 0.000660075 -0.301327
bt 0.0108595 -0.999849 -0.0135575
t -0.996199 -0.000608563 0.0871007
bt -0.00132716 -0.999884 -0.015142
t -0.9962 0.00179474 0.0870822
bt 0.00236854 -0.99963 0.0270974
t -0.953752 0.0020248 -0.300588
bt 0.0117042 -0.998691 -0.0497833
t -0.953735 0.00140681 -0.300646
bt 0.0143006 -0.999366 -0.0326097
t -0.996198 -0.00140748 0.0871046
bt -0.00308595 -0.999373 -0.035264
t -0.996205 -0.00202034 0.0870102
bt -0.00443585 -0.998704 -0.0507067
t -0.953962 -0.00620933 -0.299863
bt -0.0528415 -0.985784 0.159492
t -0.996271 0.00647091 0.0860348
bt 0.0146062 -0.985855 0.166963
t -0.953787 -0.00365131 -0.30046
bt -0.00988162 -0.998451 0.0547603
t -0.953787 -0.00365145 -0.30046
bt -0.0165845 -0.998475 0.0526485
t -0.996208 0.00365295 0.0869321
bt 0.0048391 -0.998475 0.0549863
t -0.996208 0.00365295 0.0869321
bt 0.0048391 -0.998475 0.0549863
t -0.915595 -0.00183983 0.402098
bt -0.335986 -0.0276935 -0.94146
t -0.915592 -0.00183965 0.402104
bt -0.461538 -0.0279547 -0.88668
t -0.988252 0.00187734 0.152821
bt -0.0871587 -0.0279037 -0.995804
t -0.988252 0.00187734 0.152821
bt -0.0871587 -0.0279037 -0.995804
t 0.964641 -0.0322638 0.261585
bt 0.235608 -0.62178 -0.746913
t 0.998394 0.0322505 -0.046584
bt -0.0683841 -0.621768 -0.78021
t 0.998394 0.0322547 -0.0465789
bt 0.134407 -0.608945 -0.781742
t 0.964641 -0.0322629 0.261586
bt 0.33066 -0.6186 -0.71274
t 0.953763 0.00351033 0.300538
bt -0.0158808 -0.998595 0.0505633
t 0.996208 -0.00350741 -0.0869366
bt 0.00454896 -0.998595 0.0528043
t 0.996208 -0.00350695 -0.0869366
bt -0.00878928 -0.998504 0.053966
t 0.953763 0.00350335 0.300538
bt -0.0222839 -0.998578 0.0484386
t 0.96383 0.0328312 0.264488
bt -0.226734 -0.657334 0.718682
t 0.998231 -0.0328154 -0.0495833
bt 0.0657322 -0.657316 0.750743
t 0.998231 -0.0328131 -0.049586
bt -0.129158 -0.644784 0.753374
t 0.963831 0.0328336 0.264485
bt -0.318265 -0.654222 0.686076
t 0.955642 -0.0205859 0.293811
bt 0.0987806 -0.944401 -0.313606
t 0.996583 0.0205822 -0.0799858
bt -0.0285969 -0.944399 -0.327556
t 0.996584 0.0205813 -0.0799861
bt 0.0551544 -0.941059 -0.333715
t 0.955642 -0.0205874 0.29381
bt 0.138843 -0.943568 -0.30067
t 0.955642 0.0205866 0.29381
bt -0.0987806 -0.944401 0.313606
t 0.996584 -0.0205813 -0.0799861
bt 0.0285969 -0.944399 0.327556
t 0.996583 -0.0205821 -0.0799858
bt -0.0551358 -0.941061 0.333714
t 0.955642 0.0205851 0.293811
bt -0.138834 -0.943568 0.300673
t 0.954201 -0.0107515 0.298972
bt 0.0293911 -0.986175 -0.163079
t 0.954201 -0.0107505 0.298972
bt 0.049368 -0.986393 -0.15682
t 0.996289 0.0107563 -0.0853935
bt -0.0143118 -0.986393 -0.163782
t 0.996289 0.0107563 -0.0853935
bt -0.0143118 -0.986393 -0.163782
t 0.958307 0.0289952 0.284266
bt -0.152621 -0.861546 0.484195
t 0.997118 -0.0289893 -0.0701039
bt 0.0442753 -0.861546 0.505746
t 0.996503 -0.0126654 -0.0825975
bt -0.0492446 -0.938031 0.343035
t 0.955015 0.0126537 0.296287
bt -0.139302 -0.940231 0.310743
t 0.996265 -0.00927704 -0.0858518
bt -0.0236346 -0.989322 0.143816
t 0.954072 0.00927327 0.299432
bt -0.0596893 -0.989807 0.129306
t 0.967483 0.0277266 0.251411
bt -0.264356 -0.476532 0.838471
t 0.994505 -0.0820471 0.065024
bt 0.076621 -0.476539 0.875808
t 0.998967 -0.0277074 -0.0360197
bt -0.151887 -0.464022 0.872705
t 0.967485 0.0277301 0.251404
bt -0.371071 -0.473442 0.798849
t 0.969145 0.0225501 0.245459
bt -0.279931 -0.365316 0.887797
t 0.999302 -0.0224702 -0.0298449
bt 0.0811387 -0.365285 0.927353
t 0.999302 -0.0224682 -0.0298498
bt -0.161458 -0.354516 0.921005
t 0.969145 0.022551 0.245457
bt -0.392868 -0.362656 0.845065
t 0.962471 -0.0322197 0.269463
bt 0.0293792 -0.711442 -0.70213
t 0.961863 -0.0342184 0.271384
bt 0.192887 -0.723396 -0.662942
t 0.997913 0.0330683 -0.0554581
bt -0.0603324 -0.72197 -0.689289
t 0.997913 0.0330683 -0.0554581
bt -0.0603324 -0.72197 -0.689289
t 0.953738 0.00216744 0.300631
bt -0.0167328 -0.998514 0.0518682
t 0.996205 -0.00215946 -0.0870118
bt 0.00473977 -0.998519 0.0541943
t 0.996198 -0.00167405 -0.087107
bt -0.00489873 -0.999076 0.0426884
t 0.95394 0.00160475 0.299994
bt -0.0126151 -0.999155 0.039118
t 0.960065 0.0317256 0.277971
bt -0.179413 -0.802456 0.569101
t 0.997475 -0.0316991 -0.0635569
bt 0.0520978 -0.802459 0.594428
t 0.997475 -0.0316968 -0.0635586
bt -0.101217 -0.792991 0.600766
t 0.960065 0.0317232 0.277973
bt -0.251994 -0.800096 0.544376
t 0.962372 -0.0338816 0.269615
bt 0.202724 -0.710746 -0.673604
t 0.997969 0.032997 -0.0544889
bt -0.0613888 -0.709903 -0.701619
t 0.996977 0.0181602 -0.0755514
bt 0.0313766 -0.839586 -0.54232
t 0.956992 -0.0183931 0.289532
bt 0.154525 -0.842678 -0.515768
t 0.962651 -0.0219343 0.269854
bt 0.311656 -0.688863 -0.654476
t 0.998565 0.0210716 -0.0492234
bt -0.161983 -0.692547 -0.702951
t 0.997362 -0.0083276 0.0721048
bt 0.0830109 -0.648626 -0.756567
t 0.968017 -0.0433224 0.247118
bt 0.318238 -0.609954 -0.725728
t 0.915597 0.00184002 -0.402092
bt -0.461566 -0.0279547 -0.886665
t 0.988252 -0.00187726 -0.152818
bt -0.0871053 -0.0279037 -0.995808
t 0.988253 -0.00187711 -0.152813
bt -0.342591 -0.02694 -0.939098
t 0.915597 0.00184002 -0.402092
bt -0.461566 -0.0279547 -0.886665
t 0.90133 0.0331169 -0.431865
bt -0.326425 -0.707104 -0.627256
t 0.992217 -0.033133 -0.120032
bt -0.0618239 -0.707101 -0.704405
t 0.992217 -0.0331327 -0.120032
bt -0.241937 -0.695285 -0.676791
t 0.90133 0.0331172 -0.431865
bt -0.405887 -0.704169 -0.582582
t 0.974044 0.098472 0.203817
bt -0.212613 -0.707067 0.674427
t 0.99799 -0.0330927 -0.0540526
bt 0.0618257 -0.707101 0.704405
t 0.99799 -0.0330946 -0.0540507
bt -0.120723 -0.695294 0.708515
t 0.962636 0.0330921 0.268768
bt -0.298503 -0.704181 0.644224
t 0.953718 0 0.300703
bt 0 -1 0
t 0.996191 0 -0.0872004
bt 0 -1 0
t 0.996191 0 -0.0872004
bt 0 -1 0
t 0.953718 0 0.300703
bt 0 -1 0
t 0.953738 -0.00255838 0.300629
bt 0.0115589 -0.999255 -0.0368287
t 0.996199 0.00255757 -0.0870684
bt -0.00338007 -0.999255 -0.0384499
t 0.996199 0.00255775 -0.0870684
bt 0.00639489 -0.999207 -0.0393034
t 0.953738 -0.00255842 0.300629
bt 0.0162656 -0.999243 -0.0353441
t 0.962187 -0.0330868 0.270373
bt 0.207404 -0.724257 -0.657598
t 0.997901 0.0330539 -0.0556821
bt -0.0601214 -0.724271 -0.68689
t 0.997901 0.0330593 -0.0556771
bt 0.117649 -0.712778 -0.691452
t 0.962187 -0.0330868 0.270373
bt 0.207404 -0.724257 -0.657598
t 0.962188 0.0330921 0.270368
bt -0.207404 -0.724257 0.657598
t 0.997901 -0.0330612 -0.0556753
bt 0.0601214 -0.724271 0.68689
t 0.997901 -0.0330559 -0.0556803
bt -0.117657 -0.712777 0.691452
t 0.962189 0.0330947 0.270366
bt -0.291179 -0.721401 0.628328
t 0.996199 -0.00192118 -0.087082
bt 0.00228847 -0.999579 0.0289099
t 0.95332 0.00182113 0.301955
bt 0.00204229 -0.999581 0.0288618
t 0.954145 -0.00689011 0.299265
bt 0.0510031 -0.984172 -0.169717
t 0.996286 0.00703434 -0.0858172
bt -0.0154758 -0.984104 -0.176921
t 0.996198 -0.00137953 -0.0871046
bt -0.00378608 -0.999374 0.0351628
t 0.953742 0.00137814 0.300624
bt -0.0157482 -0.999382 0.0314169
t 0.953787 -0.00365119 0.30046
bt 0.0165898 -0.998475 -0.0526468
t 0.996208 0.0036525 -0.0869321
bt -0.00473764 -0.998475 -0.0549951
t 0.996208 0.00365278 -0.0869321
bt 0.0092321 -0.998376 -0.0562116
t 0.953787 -0.00365138 0.30046
bt 0.0233228 -0.998451 -0.050523
t 0.915595 -0.00183987 -0.402097
bt 0.461566 -0.0279547 0.886665
t 0.988253 0.00187709 -0.152812
bt 0.0871054 -0.0279037 0.995808
t 0.988253 0.00187724 -0.152818
bt 0.342591 -0.02694 0.939098
t 0.915596 -0.00183992 -0.402096
bt 0.572735 -0.0277173 0.819272
t 0.261586 -0.0322631 -0.964641
bt -0.746989 -0.62178 -0.235366
t -0.0465779 0.0322554 -0.998394
bt -0.780225 -0.621768 0.0682139
t -0.0465784 0.032255 -0.998394
bt -0.781749 -0.608958 -0.134311
t 0.261584 -0.0322643 -0.964641
bt -0.712798 -0.61861 -0.330516
t 0.300538 0.00350941 -0.953763
bt 0.0505369 -0.998595 0.0159645
t -0.0869366 -0.00350732 -0.996208
bt 0.0527854 -0.998595 -0.00476554
t -0.0869366 -0.00350756 -0.996208
bt 0.0539704 -0.998503 0.00884005
t 0.300538 0.00350961 -0.953763
bt 0.0485073 -0.998572 0.0223978
t 0.264487 0.0328327 -0.96383
bt 0.718723 -0.657334 0.226604
t -0.0495869 -0.0328123 -0.998231
bt 0.750758 -0.657316 -0.0655589
t -0.0495897 -0.0328099 -0.998231
bt 0.753376 -0.644789 0.129121
t 0.264488 0.0328316 -0.96383
bt 0.686123 -0.654231 0.318147
t 0.29381 -0.0205873 -0.955642
bt -0.313576 -0.944401 -0.0988788
t -0.079986 0.0205816 -0.996583
bt -0.327548 -0.944399 0.0286943
t -0.0799864 0.0205803 -0.996584
bt -0.333717 -0.941056 -0.0551932
t 0.29381 -0.0205873 -0.955642
bt -0.300661 -0.943567 -0.13887
t 0.293811 0.020586 -0.955642
bt 0.313576 -0.944401 0.0988788
t -0.0799861 -0.0205811 -0.996583
bt 0.327548 -0.944399 -0.0286943
t -0.0799857 -0.0205824 -0.996584
bt 0.333716 -0.941057 0.0551746
t 0.293811 0.020586 -0.955642
bt 0.300664 -0.943567 0.138861
t 0.298972 -0.0107518 -0.954201
bt -0.16306 -0.986176 -0.0294529
t 0.298972 -0.0107509 -0.954201
bt -0.156818 -0.986393 -0.0493744
t -0.0853935 0.0107566 -0.996289
bt -0.163783 -0.986393 0.0143009
t -0.0853935 0.0107566 -0.996289
bt -0.163783 -0.986393 0.0143009
t 0.284266 0.0289954 -0.958307
bt 0.484271 -0.861546 0.152379
t -0.0701034 -0.0289902 -0.997118
bt 0.505747 -0.861546 -0.0442587
t -0.0825966 -0.0126716 -0.996503
bt 0.343116 -0.938007 0.0491427
t 0.296375 0.0126895 -0.954987
bt 0.310833 -0.940207 0.139262
t -0.0858519 -0.00927653 -0.996265
bt 0.143816 -0.989322 0.0236414
t 0.299432 0.00927477 -0.954073
bt 0.129303 -0.989806 0.0596981
t 0.2514 0.0277292 -0.967486
bt 0.838443 -0.476574 0.264368
t 0.0650381 -0.0820546 -0.994503
bt 0.875808 -0.476539 -0.0766198
t 0.0650306 -0.0820506 -0.994504
bt 0.854029 -0.448742 0.263184
t 0.251402 0.0277281 -0.967485
bt 0.798818 -0.473484 0.371084
t 0.24546 0.0225499 -0.969145
bt 0.887796 -0.365316 0.279931
t -0.0298552 -0.0224661 -0.999302
bt 0.927355 -0.365285 -0.0811107
t -0.0298504 -0.022468 -0.999302
bt 0.921003 -0.354515 0.161467
t 0.245455 0.0225516 -0.969146
bt 0.845068 -0.362657 0.392861
t -0.0549689 0.0306204 -0.998018
bt -0.670553 -0.741662 0.0171927
t 0.273433 -0.0351582 -0.961248
bt -0.605333 -0.729151 -0.319234
t 0.208736 -0.0955275 -0.973295
bt -0.696575 -0.717424 0.009301
t -0.0605848 0.0358881 -0.997518
bt -0.670539 -0.741675 0.0171911
t 0.300537 0.00218121 -0.953767
bt 0.0527181 -0.998486 0.0157005
t -0.0871116 -0.00220083 -0.996196
bt 0.0550046 -0.998469 -0.00576679
t -0.0853044 -0.001087 -0.996354
bt 0.0302208 -0.999406 0.0165723
t 0.302222 0.00140537 -0.953236
bt 0.0280843 -0.999328 0.0235722
t 0.27797 0.0317271 -0.960066
bt 0.569065 -0.802456 0.179526
t -0.0635539 -0.0317085 -0.997475
bt 0.594506 -0.802411 -0.0519462
t -0.0635585 -0.031697 -0.997475
bt 0.600765 -0.792974 0.101356
t 0.277972 0.0317244 -0.960065
bt 0.544353 -0.800092 0.252056
t 0.268333 -0.0312659 -0.962819
bt -0.657553 -0.717164 -0.230866
t -0.0571439 0.0349276 -0.997755
bt -0.691201 -0.721769 0.0359164
t -0.076169 0.0184614 -0.996924
bt -0.532576 -0.844687 -0.0535425
t 0.289176 -0.0183035 -0.957101
bt -0.494396 -0.845497 -0.201762
t 0.10357 -0.00954977 -0.994576
bt -0.77464 -0.618076 0.133848
t 0.307763 -0.037096 -0.95074
bt -0.664374 -0.623079 -0.41277
t 0.279777 -0.0185731 -0.959885
bt -0.702456 -0.692951 -0.162405
t -0.0480664 0.0214336 -0.998614
bt -0.717047 -0.680789 0.149568
t 0.402094 0.00183997 0.915596
bt 0.886678 -0.0279547 -0.461541
t 0.152816 -0.00187719 0.988253
bt 0.995808 -0.0279037 -0.0871102
t 0.152816 -0.00187718 0.988253
bt 0.939104 -0.0269401 -0.342574
t 0.402093 0.00183998 0.915597
bt 0.819289 -0.0277174 -0.572711
t 0.431841 0.0330865 0.901343
bt 0.627114 -0.707198 -0.326495
t 0.120035 -0.0331355 0.992217
bt 0.70441 -0.707101 -0.0617633
t 0.120029 -0.0331296 0.992218
bt 0.676788 -0.695283 -0.24195
t 0.431844 0.0330841 0.901341
bt 0.582462 -0.704255 -0.40591
t 0.268773 0.0330871 -0.962635
bt 0.674367 -0.707115 0.212645
t -0.0540499 -0.0330953 -0.99799
bt 0.704441 -0.707101 -0.0614071
t -0.0540484 -0.0330969 -0.99799
bt 0.708507 -0.695271 0.120897
t 0.268772 0.0330879 -0.962635
bt 0.644218 -0.70418 0.298519
t 0.300703 0 -0.953718
bt 0 -1 0
t -0.0872004 0 -0.996191
bt 0 -1 0
t -0.0872004 0 -0.996191
bt 0 -1 0
t 0.300703 0 -0.953718
bt 0 -1 0
t 0.300629 -0.00255825 -0.953738
bt -0.0368258 -0.999255 -0.0115681
t -0.0870684 0.00255799 -0.996199
bt -0.0384488 -0.999255 0.00339282
t -0.0870684 0.00255768 -0.996199
bt -0.0393038 -0.999207 -0.00639874
t 0.300629 -0.00255837 -0.953738
bt -0.0353323 -0.999243 -0.0163031
t 0.270373 -0.0330872 -0.962187
bt -0.657629 -0.724257 -0.207306
t -0.0556747 0.0330618 -0.997901
bt -0.6869 -0.724271 0.0600066
t -0.0556749 0.0330615 -0.997901
bt -0.691453 -0.712782 -0.117618
t 0.270373 -0.0330872 -0.962187
bt -0.628345 -0.721404 -0.291134
t 0.270373 0.0330869 -0.962187
bt 0.657629 -0.724257 0.207305
t -0.0556778 -0.0330585 -0.997901
bt 0.6869 -0.724271 -0.0600066
t -0.0556776 -0.0330587 -0.997901
bt 0.691453 -0.712781 0.117627
t 0.270373 0.0330869 -0.962187
bt 0.628344 -0.721404 0.291138
t 0.297615 0.000730071 -0.954686
bt 0.00340518 -0.999601 0.0280403
t -0.0906006 -5.59178e-05 -0.995887
bt 0.0033308 -0.999608 0.0277865
t 0.299977 -0.00734353 -0.953918
bt -0.164674 -0.984641 -0.0580116
t -0.0853987 0.00686712 -0.996323
bt -0.172485 -0.984973 0.00876079
t -0.0870048 -0.00139186 -0.996207
bt 0.0355168 -0.999364 0.00325
t 0.300739 0.00139043 -0.953705
bt 0.0318064 -0.999379 0.0151815
t 0.30046 -0.00365101 -0.953787
bt -0.0526164 -0.998475 -0.0166865
t -0.0869321 0.00365317 -0.996208
bt -0.0549863 -0.998475 0.00483885
t -0.086932 0.00365325 -0.996208
bt -0.056215 -0.998376 -0.00927166
t 0.30046 -0.00365078 -0.953787
bt -0.0505078 -0.99845 -0.023371
t 0.402094 -0.00183997 0.915597
bt -0.886678 -0.0279547 0.461541
t 0.152811 0.00187705 0.988254
bt -0.995808 -0.0279037 0.0871101
t 0.152812 0.00187707 0.988254
bt -0.939105 -0.0269401 0.342574
t 0.402094 -0.00183995 0.915596
bt -0.819289 -0.0277174 0.572711
t -0.261585 -0.0322632 0.964641
bt 0.746904 -0.62178 0.235634
t 0.0465843 0.0322504 0.998394
bt 0.780225 -0.621768 -0.0682132
t 0.0465795 0.0322542 0.998394
bt 0.781736 -0.608936 0.134482
t -0.261581 -0.0322665 0.964642
bt 0.712703 -0.618594 0.330749
t -0.300538 0.00350964 0.953763
bt -0.0505717 -0.998595 -0.0158541
t 0.0869366 -0.00350052 0.996208
bt -0.0527054 -0.9986 0.0045356
t 0.0869366 -0.00350069 0.996208
bt -0.0538661 -0.99851 -0.00879195
t -0.300538 0.00350953 0.953763
bt -0.0485305 -0.998572 -0.0223241
t -0.264483 0.0328356 0.963831
bt -0.718737 -0.657334 -0.226558
t 0.0495835 -0.0328152 0.998231
bt -0.75074 -0.657316 0.0657669
t 0.0495864 -0.0328128 0.998231
bt -0.753382 -0.644802 -0.12902
t -0.264486 0.0328332 0.96383
bt -0.686119 -0.65423 -0.318157
t -0.29381 -0.0205883 0.955642
bt 0.313609 -0.944401 0.0987716
t 0.0799854 0.0205833 0.996584
bt 0.327558 -0.944399 -0.0285782
t 0.0799857 0.0205824 0.996584
bt 0.333715 -0.941059 0.0551541
t -0.29381 -0.0205877 0.955642
bt 0.30068 -0.943569 0.138814
t -0.293811 0.0205863 0.955642
bt -0.313564 -0.944401 -0.0989147
t 0.0799862 -0.0205809 0.996584
bt -0.327558 -0.944399 0.0285782
t 0.0799858 -0.0205822 0.996583
bt -0.33372 -0.941052 -0.0552391
t -0.29381 0.0205878 0.955642
bt -0.300652 -0.943565 -0.1389
t -0.298972 -0.0107498 0.954201
bt 0.163086 -0.986175 0.0293703
t -0.298972 -0.0107513 0.954201
bt 0.156804 -0.986393 0.049418
t 0.0853934 0.010757 0.996289
bt 0.163784 -0.986393 -0.0142884
t 0.0853934 0.010757 0.996289
bt 0.163784 -0.986393 -0.0142884
t -0.284264 0.0289987 0.958308
bt -0.484175 -0.861546 -0.152684
t 0.0701014 -0.0289935 0.997118
bt -0.505749 -0.861546 0.0442414
t 0.0825979 -0.0126642 0.996502
bt -0.343036 -0.93803 -0.0492541
t -0.296374 0.0126917 0.954988
bt -0.310807 -0.940204 -0.139339
t 0.0858517 -0.00927135 0.996265
bt -0.143719 -0.989336 -0.0236533
t -0.299432 0.00927375 0.954072
bt -0.129293 -0.989806 -0.0597311
t -0.251401 0.0277322 0.967486
bt -0.838467 -0.476532 -0.264366
t 0.0360222 -0.027706 0.998967
bt -0.875831 -0.476498 0.0766189
t 0.0360282 -0.0277028 0.998967
bt -0.872704 -0.464022 -0.151894
t -0.251401 0.027729 0.967486
bt -0.798827 -0.473485 -0.371063
t -0.245457 0.0225511 0.969145
bt -0.887805 -0.365316 -0.279906
t 0.0298377 -0.022473 0.999302
bt -0.927353 -0.365285 0.0811359
t 0.0298423 -0.0224712 0.999302
bt -0.921007 -0.354518 -0.161441
t -0.245459 0.0225502 0.969145
bt -0.845078 -0.362658 -0.392839
t -0.270537 -0.0307033 0.96222
bt 0.679474 -0.733667 -0.0069035
t -0.275668 -0.0356127 0.960593
bt 0.641769 -0.749615 0.161896
t 0.0543158 0.0299904 0.998073
bt 0.663316 -0.741697 -0.0994851
t 0.0599181 0.0352933 0.997579
bt 0.650886 -0.736508 -0.184127
t -0.300652 0.0022127 0.953731
bt -0.052763 -0.998453 -0.0175593
t 0.0870118 -0.00219515 0.996205
bt -0.0551706 -0.998469 0.00387508
t 0.0889026 -0.00119448 0.99604
bt -0.0284198 -0.999586 0.00442744
t -0.299055 0.000896651 0.954236
bt -0.0241304 -0.999707 -0.00191379
t -0.277969 0.0317275 0.960066
bt -0.569098 -0.802456 -0.179422
t 0.0635576 -0.0316983 0.997475
bt -0.594438 -0.802459 0.0519892
t 0.0635583 -0.0316973 0.997475
bt -0.600766 -0.792985 -0.101265
t -0.277969 0.0317275 0.960066
bt -0.544384 -0.800098 -0.251972
t -0.290264 -0.0185313 0.956767
bt 0.527265 -0.84739 0.0626294
t -0.272018 -0.0349231 0.961658
bt 0.66181 -0.726526 0.184845
t 0.0538555 0.0311266 0.998064
bt 0.68696 -0.72175 -0.0846329
t 0.0759808 0.0172511 0.99696
bt 0.522005 -0.848031 -0.0914018
t -0.274368 -0.015678 0.961497
bt 0.64924 -0.679463 0.341786
t 0.0683111 0.0204991 0.997453
bt 0.695652 -0.703167 -0.147055
t -0.0836814 0.0223408 0.996242
bt 0.704475 -0.607404 0.367119
t -0.267756 -0.0388226 0.962704
bt 0.693968 -0.597483 0.401774
t -0.402097 0.00183986 -0.915595
bt -0.886647 -0.0279547 0.461601
t -0.152822 -0.00187735 -0.988252
bt -0.995808 -0.0279037 0.0871102
t -0.152819 -0.00187727 -0.988252
bt -0.974534 -0.0276372 0.222528
t -0.402097 0.00183988 -0.915595
bt -0.819249 -0.0277172 0.572767
t -0.43187 0.0331161 -0.901328
bt -0.627322 -0.707054 0.326408
t -0.120033 -0.033134 -0.992217
bt -0.704441 -0.707101 0.0614054
t -0.120034 -0.0331347 -0.992217
bt -0.676828 -0.695307 0.241769
t -0.431869 0.0331172 -0.901328
bt -0.582694 -0.704126 0.4058
t -0.203824 0.0984657 0.974043
bt -0.674412 -0.707067 -0.212659
t 0.0540479 -0.0330974 0.99799
bt -0.70441 -0.707101 0.0617633
t 0.054046 -0.0330993 0.99799
bt -0.708512 -0.695286 -0.12078
t -0.268772 0.0330882 0.962635
bt -0.644217 -0.70418 -0.298521
t -0.300703 0 0.953718
bt 0 -1 0
t 0.0872004 0 0.996191
bt 0 -1 0
t 0.0872004 0 0.996191
bt 0 -1 0
t -0.300703 0 0.953718
bt 0 -1 0
t -0.300629 -0.0025584 0.953738
bt 0.036786 -0.999255 0.0116945
t 0.0870684 0.00255811 0.996199
bt 0.0384487 -0.999255 -0.00339369
t 0.0870684 0.00255771 0.996199
bt 0.0393119 -0.999206 0.00649212
t -0.300629 -0.00255828 0.953738
bt 0.035319 -0.999242 0.0163453
t -0.27036 -0.0330716 0.962191
bt 0.657553 -0.724303 0.207387
t 0.0556742 0.0330623 0.997901
bt 0.6869 -0.724271 -0.0600066
t 0.0556748 0.0330616 0.997901
bt 0.691451 -0.712773 0.117686
t -0.27036 -0.0330716 0.962191
bt 0.628296 -0.721445 0.291139
t -0.270361 0.0330709 0.962191
bt -0.657553 -0.724303 -0.207387
t 0.0556742 -0.0330623 0.997901
bt -0.6869 -0.724271 0.0600066
t 0.0556735 -0.033063 0.997901
bt -0.691451 -0.712772 -0.117695
t -0.270361 0.0330709 0.962191
bt -0.628294 -0.721444 -0.291143
t 0.0837004 -5.01645e-05 0.996491
bt 0.00153456 -0.999612 0.0278241
t -0.303806 -0.000689863 0.952734
bt 0.00158992 -0.999618 0.0275889
t -0.29907 -0.00679576 0.954207
bt 0.164459 -0.985324 0.0457115
t 0.0865518 0.00666057 0.996225
bt 0.171386 -0.984973 -0.0213282
t 0.0872045 -0.00139915 0.99619
bt -0.0356051 -0.999357 -0.00425204
t -0.300339 0.00699262 0.953807
bt -0.0332822 -0.99938 -0.0115013
t -0.30046 -0.0036514 0.953787
bt 0.0526528 -0.998475 0.0165709
t 0.086932 0.00365335 0.996208
bt 0.0549854 -0.998475 -0.00484854
t 0.0869321 0.00365294 0.996208
bt 0.0562076 -0.998377 0.00918563
t -0.30046 -0.00365128 0.953787
bt 0.0505351 -0.998451 0.0232844
t -0.402104 -0.00183967 -0.915592
bt 0.886647 -0.0279547 -0.461601
t -0.152815 0.00187715 -0.988253
bt 0.995808 -0.0279037 -0.0871099
t -0.152822 0.00187735 -0.988252
bt 0.939089 -0.0269398 -0.342617
t -0.402104 -0.00183966 -0.915592
bt 0.819249 -0.0277172 -0.572767
t -0.497162 -0.0322411 -0.867059
bt -0.694737 -0.62176 0.3616
t -0.738896 0.0322231 -0.673048
bt -0.503341 -0.621782 0.60003
t -0.738897 0.0322223 -0.673048
bt -0.647803 -0.608965 0.457726
t -0.49716 -0.0322396 -0.86706
bt -0.73782 -0.618577 0.270155
t -0.461893 0.00350384 -0.886929
bt 0.0468793 -0.9986 -0.0245072
t -0.765928 -0.00350346 -0.642916
bt 0.0341383 -0.9986 -0.0404086
t -0.765929 -0.00350311 -0.642916
bt 0.0443349 -0.998509 -0.0318467
t -0.461893 0.00350361 -0.886929
bt 0.0499936 -0.998578 -0.0185221
t -0.494539 0.0327955 -0.868537
bt 0.668539 -0.657247 -0.347969
t -0.740911 -0.0327913 -0.670803
bt 0.484337 -0.657304 -0.577382
t -0.740907 -0.0327951 -0.670806
bt 0.624014 -0.644783 -0.441431
t -0.494541 0.0327981 -0.868535
bt 0.710236 -0.654133 -0.260142
t -0.468009 -0.0205775 -0.883484
bt -0.291659 -0.944402 0.151793
t -0.750603 0.0616294 -0.657873
bt -0.211408 -0.944392 0.251854
t -0.750603 0.0616307 -0.657873
bt -0.306108 -0.936881 0.168974
t -0.468009 -0.0205783 -0.883484
bt -0.310799 -0.943566 0.114396
t -0.46801 0.0205791 -0.883484
bt 0.291659 -0.944402 -0.151793
t -0.761252 -0.0205899 -0.648129
bt 0.211466 -0.944361 -0.251922
t -0.761253 -0.0205891 -0.648129
bt 0.275071 -0.941018 -0.19703
t -0.468009 0.0205784 -0.883484
bt 0.310795 -0.943567 -0.114404
t -0.463357 -0.0107439 -0.886107
bt -0.145864 -0.986393 0.0758434
t -0.764812 0.0107416 -0.644164
bt -0.105702 -0.986394 0.12591
t -0.764855 0.0107535 -0.644113
bt -0.137791 -0.98552 0.0988077
t -0.463356 -0.0107429 -0.886107
bt -0.155508 -0.986175 0.0572411
t -0.476627 0.0289897 -0.878627
bt 0.450281 -0.861578 -0.23437
t -0.754636 -0.0289882 -0.655503
bt 0.326433 -0.861542 -0.388828
t -0.763054 -0.0126735 -0.64621
bt 0.277435 -0.938019 -0.207725
t -0.465778 0.0126588 -0.884811
bt 0.318248 -0.940229 -0.121196
t -0.765196 -0.0092764 -0.64373
bt 0.118364 -0.989335 -0.0848879
t -0.462897 0.00927467 -0.886364
bt 0.133656 -0.989805 -0.0492147
t -0.506332 0.0277668 -0.861891
bt 0.779842 -0.476508 -0.405938
t -0.731875 -0.0277683 -0.680873
bt 0.565072 -0.476584 -0.67347
t -0.731876 -0.027768 -0.680872
bt 0.724475 -0.464094 -0.509659
t -0.506334 0.0277679 -0.86189
bt 0.827276 -0.473421 -0.302467
t -0.511732 0.0225226 -0.85885
bt 0.825683 -0.365363 -0.429833
t -0.727737 -0.0225542 -0.685485
bt 0.598359 -0.365333 -0.71309
t -0.727741 -0.0225519 -0.685481
bt 0.765404 -0.354544 -0.537081
t -0.511736 0.0225241 -0.858848
bt 0.875331 -0.3627 -0.319756
t -0.489678 -0.0300677 -0.871385
bt -0.603901 -0.749625 0.270861
t -0.707016 0.0996749 -0.700138
bt -0.442712 -0.756581 0.481239
t -0.745951 0.0311204 -0.665273
bt -0.567342 -0.741257 0.358694
t -0.484905 -0.0350189 -0.873866
bt -0.639418 -0.74449 0.192041
t -0.461924 0.00220406 -0.886917
bt 0.0508361 -0.998448 -0.022757
t -0.765979 -0.00222107 -0.642862
bt 0.0386042 -0.99843 -0.0405754
t -0.765197 -0.000737588 -0.643795
bt 0.0246261 -0.999687 -0.00436754
t -0.460274 0.000980071 -0.887776
bt 0.0273927 -0.999624 0.00156346
t -0.482288 0.0317441 -0.875438
bt 0.529325 -0.80246 -0.275451
t -0.750277 -0.0317233 -0.660362
bt 0.383542 -0.802455 -0.457124
t -0.750278 -0.0317213 -0.660361
bt 0.496447 -0.792973 -0.353178
t -0.482286 0.0317408 -0.875439
bt 0.563144 -0.800097 -0.206672
t -0.541031 -0.0962001 -0.835483
bt -0.619702 -0.726493 0.296947
t -0.745986 0.0346928 -0.665057
bt -0.452182 -0.730562 0.511674
t -0.758709 0.0188741 -0.651157
bt -0.405826 -0.849985 0.335903
t -0.471328 -0.016928 -0.881795
bt -0.484978 -0.850755 0.202514
t -0.533209 -0.0260858 -0.845581
bt -0.589266 -0.592674 0.549092
t -0.487609 -0.0252677 -0.872696
bt -0.610629 -0.677037 0.410796
t -0.756348 0.0171747 -0.653944
bt -0.475907 -0.684987 0.551639
t -0.740194 0.0257284 -0.671901
bt -0.551684 -0.607788 0.571173
t -0.3631 0.00186882 0.931748
bt 0.953351 -0.0279904 0.300564
t -0.590738 -0.00188243 0.806861
bt 0.765728 -0.0279638 0.642556
t -0.590743 -0.00188225 0.806857
bt 0.846436 -0.0276967 0.53177
t -0.363096 0.00186869 0.93175
bt 0.984298 -0.0277561 0.174317
t -0.39172 0.0984755 0.9148
bt 0.674412 -0.707067 0.212659
t -0.616699 -0.0330929 0.786503
bt 0.541805 -0.707113 0.454354
t -0.616697 -0.0330947 0.786504
bt 0.649663 -0.695294 0.307415
t -0.331934 0.0331413 0.94272
bt 0.698947 -0.704181 0.124913
t -0.490618 0.0331203 -0.870745
bt 0.627322 -0.707054 -0.326408
t -0.743933 -0.0331361 -0.667432
bt 0.454551 -0.707113 -0.54164
t -0.743931 -0.0331384 -0.667434
bt 0.586471 -0.695276 -0.415503
t -0.490618 0.0331207 -0.870745
bt 0.666759 -0.704106 -0.24427
t -0.461719 0 -0.887026
bt 0 -1 0
t -0.766018 0 -0.642819
bt 0 -1 0
t -0.766018 0 -0.642819
bt 0 -1 0
t -0.461719 0 -0.887026
bt 0 -1 0
t -0.461857 -0.0025568 -0.886951
bt -0.0342467 -0.999255 0.0178118
t -0.765995 0.00255832 -0.642842
bt -0.0248925 -0.999255 0.0295007
t -0.765995 0.00255832 -0.642842
bt -0.0324026 -0.999206 0.0231969
t -0.461857 -0.00255647 -0.886951
bt -0.0365057 -0.999243 0.0134714
t -0.489199 -0.0330914 -0.871544
bt -0.611638 -0.724207 0.31847
t -0.745009 0.0330966 -0.666233
bt -0.443245 -0.724254 0.528195
t -0.745012 0.0330912 -0.66623
bt -0.510984 -0.72126 0.467631
t -0.489197 -0.0330835 -0.871546
bt -0.650167 -0.721403 0.238455
t -0.489196 0.0330871 -0.871546
bt 0.611638 -0.724207 -0.31847
t -0.745012 -0.0330915 -0.66623
bt 0.443245 -0.724254 -0.528195
t -0.745011 -0.0330927 -0.666231
bt 0.572106 -0.712762 -0.405789
t -0.489199 0.0330854 -0.871545
bt 0.650168 -0.721403 -0.238451
t -0.46461 -0.00062326 -0.885515
bt 0.00316866 -0.999621 0.0273399
t -0.767608 0.00131579 -0.640919
bt 0.00294536 -0.999626 0.0272056
t -0.462289 -0.00657414 -0.886705
bt -0.154024 -0.985323 0.0735862
t -0.765048 0.00683639 -0.643937
bt -0.11207 -0.985606 0.126572
t -0.765976 -0.00140128 -0.642868
bt 0.0276552 -0.999356 -0.0228755
t -0.461726 0.00140231 -0.887021
bt 0.0334915 -0.999368 -0.0118935
t -0.461871 -0.00365787 -0.88694
bt -0.0489399 -0.998475 0.025531
t -0.765924 0.0036557 -0.642921
bt -0.0355477 -0.998475 0.0422294
t -0.765924 0.00365572 -0.642921
bt -0.0462637 -0.998376 0.033231
t -0.461871 -0.00365799 -0.88694
bt -0.0521946 -0.998451 0.019275
t -0.36309 -0.00186849 0.931752
bt -0.953351 -0.0279904 -0.300564
t -0.590744 0.00188223 0.806857
bt -0.765728 -0.0279638 -0.642556
t -0.590738 0.00188243 0.806861
bt -0.906296 -0.0269976 -0.42178
t -0.363094 -0.00186862 0.931751
bt -0.984298 -0.0277561 -0.174317
t 0.497161 -0.0322402 0.867059
bt 0.694694 -0.62176 -0.361683
t 0.738893 0.0322264 0.673051
bt 0.50334 -0.621782 -0.60003
t 0.738897 0.0322222 0.673047
bt 0.647751 -0.608975 -0.457786
t 0.497161 -0.032241 0.867059
bt 0.737796 -0.618581 -0.270212
t 0.461893 0.00351009 0.886929
bt -0.0470819 -0.998595 0.024334
t 0.765928 -0.0035036 0.642916
bt -0.0339 -0.9986 0.0406085
t 0.765929 -0.00350335 0.642916
bt -0.0443886 -0.998508 0.0318016
t 0.461893 0.00351037 0.886929
bt -0.0501762 -0.998571 0.0183872
t 0.494539 0.032792 0.868536
bt -0.668463 -0.657296 0.348022
t 0.740912 -0.0327899 0.670802
bt -0.484467 -0.657304 0.577273
t 0.740908 -0.0327945 0.670805
bt -0.624004 -0.644785 0.441443
t 0.494539 0.0327913 0.868537
bt -0.71015 -0.654192 0.260232
t 0.468009 -0.020578 0.883484
bt 0.291638 -0.944402 -0.151831
t 0.761298 0.0206048 0.648075
bt 0.211391 -0.9444 -0.251838
t 0.750603 0.0616307 0.657873
bt 0.306121 -0.936879 -0.168962
t 0.468009 -0.0205765 0.883484
bt 0.310802 -0.943566 -0.114392
t 0.468009 0.0205778 0.883484
bt -0.291639 -0.944402 0.151831
t 0.750603 -0.0616307 0.657873
bt -0.211406 -0.944392 0.251856
t 0.750604 -0.0616287 0.657872
bt -0.306101 -0.936882 0.16898
t 0.46801 0.0205793 0.883484
bt -0.310797 -0.943566 0.1144
t 0.463356 -0.0107423 0.886107
bt 0.145832 -0.986393 -0.0759045
t 0.764812 0.010743 0.644164
bt 0.105637 -0.986394 -0.125964
t 0.764855 0.0107546 0.644113
bt 0.137713 -0.985525 -0.0988748
t 0.463356 -0.0107429 0.886107
bt 0.155496 -0.986175 -0.0572628
t 0.476625 0.0289859 0.878628
bt -0.45028 -0.861579 0.234373
t 0.754637 -0.0289821 0.655503
bt -0.326253 -0.861586 0.388882
t 0.763053 -0.0126768 0.646211
bt -0.277385 -0.938024 0.207769
t 0.465777 0.0126563 0.884812
bt -0.318237 -0.94023 0.121217
t 0.765196 -0.00928348 0.64373
bt -0.118348 -0.989325 0.0850304
t 0.462897 0.00927465 0.886364
bt -0.133619 -0.989806 0.0492857
t 0.58916 0.0821115 0.803834
bt -0.779804 -0.47655 0.405964
t 0.731877 -0.0277667 0.68087
bt -0.565092 -0.476584 0.673453
t 0.731874 -0.0277692 0.680874
bt -0.724464 -0.464096 0.509674
t 0.58916 0.0821115 0.803834
bt -0.779804 -0.47655 0.405964
t 0.511736 0.0225243 0.858847
bt -0.825702 -0.365363 0.429796
t 0.727738 -0.0225538 0.685484
bt -0.598374 -0.365333 0.713078
t 0.727745 -0.0225497 0.685477
bt -0.765423 -0.354541 0.537055
t 0.511732 0.0225223 0.85885
bt -0.875339 -0.362699 0.319737
t 0.490293 -0.030908 0.87101
bt 0.493129 -0.718957 -0.489821
t 0.485809 -0.0357385 0.873334
bt 0.584094 -0.733968 -0.34659
t 0.743865 0.0309565 0.667612
bt 0.418635 -0.727598 -0.543458
t 0.746269 0.0346428 0.664743
bt 0.351494 -0.723337 -0.594336
t 0.461802 0.00218779 0.88698
bt -0.0511129 -0.998474 0.0209227
t 0.765979 -0.00217472 0.642862
bt -0.0388627 -0.998491 0.0387964
t 0.766841 -0.00157042 0.641835
bt -0.0254369 -0.999269 0.028526
t 0.463309 0.00128733 0.886196
bt -0.0275522 -0.999411 0.0204688
t 0.482287 0.0317435 0.875438
bt -0.529305 -0.80246 0.275488
t 0.750279 -0.0317204 0.66036
bt -0.383615 -0.802455 0.457062
t 0.750278 -0.0317218 0.660361
bt -0.49647 -0.792969 0.353155
t 0.482289 0.0317462 0.875437
bt -0.563122 -0.8001 0.20672
t 0.470738 -0.0170901 0.882107
bt 0.425185 -0.842242 -0.331429
t 0.4884 -0.0348373 0.871924
bt 0.607489 -0.717158 -0.341527
t 0.74273 0.0330611 0.668775
bt 0.437282 -0.713313 -0.547694
t 0.723965 0.0913827 0.683757
bt 0.331161 -0.843984 -0.421928
t 0.535409 -0.0200613 0.844355
bt 0.462028 -0.614557 -0.639414
t 0.482662 -0.0294277 0.875312
bt 0.569978 -0.698074 -0.43338
t 0.754703 0.0139108 0.655919
bt 0.451389 -0.695342 -0.559239
t 0.746134 0.0365141 0.664794
bt 0.386613 -0.619908 -0.682821
t 0.363091 0.00186852 -0.931752
bt -0.953351 -0.0279904 -0.300564
t 0.590738 -0.00188242 -0.806861
bt -0.765751 -0.0279638 -0.642529
t 0.590737 -0.00188246 -0.806862
bt -0.846441 -0.0276967 -0.531761
t 0.363091 0.00186852 -0.931752
bt -0.953351 -0.0279904 -0.300564
t 0.331934 0.0331408 -0.94272
bt -0.674367 -0.707115 -0.212645
t 0.616699 -0.0330929 -0.786503
bt -0.541812 -0.707113 -0.454347
t 0.616697 -0.0330946 -0.786504
bt -0.649664 -0.695294 -0.307413
t 0.331934 0.0331416 -0.94272
bt -0.698919 -0.704188 -0.125026
t 0.490583 0.0331489 0.870764
bt -0.627114 -0.707198 0.326494
t 0.743929 -0.0331422 0.667437
bt -0.454374 -0.707113 0.541788
t 0.743932 -0.0331372 0.667433
bt -0.586316 -0.695305 0.415672
t 0.49058 0.033146 0.870765
bt -0.666536 -0.704269 0.244409
t 0.461719 0 0.887026
bt 0 -1 0
t 0.766018 0 0.642819
bt 0 -1 0
t 0.766018 0 0.642819
bt 0 -1 0
t 0.461719 0 0.887026
bt 0 -1 0
t 0.461806 -0.00255857 0.886977
bt 0.0342124 -0.999255 -0.0178703
t 0.765995 0.00255838 0.642842
bt 0.0248099 -0.999255 -0.02957
t 0.765995 0.0025584 0.642842
bt 0.0323177 -0.999207 -0.0232682
t 0.461857 -0.00255638 0.886951
bt 0.0364844 -0.999243 -0.0135123
t 0.489196 -0.0330828 0.871546
bt 0.61161 -0.724257 -0.31841
t 0.744981 0.0330412 0.666267
bt 0.443212 -0.724285 -0.528181
t 0.74498 0.0330429 0.666268
bt 0.510979 -0.721291 -0.467589
t 0.489197 -0.0330834 0.871546
bt 0.650177 -0.721402 -0.23843
t 0.489196 0.0330825 0.871546
bt -0.61161 -0.724257 0.31841
t 0.744981 -0.0330402 0.666267
bt -0.443212 -0.724285 0.528181
t 0.744981 -0.0330412 0.666267
bt -0.572082 -0.7128 0.405757
t 0.489196 0.0330818 0.871547
bt -0.650179 -0.721401 0.238426
t 0.764458 -0.00131984 0.644672
bt 0.00169969 -0.999592 0.0285058
t 0.4589 0.00234638 0.888485
bt 0.00162079 -0.999595 0.0284115
t 0.463166 -0.00633729 0.886249
bt 0.152096 -0.984641 -0.0857193
t 0.765538 0.00655682 0.643357
bt 0.109805 -0.984362 -0.137747
t 0.766021 -0.00138392 0.642814
bt -0.0278782 -0.999368 0.022034
t 0.461849 0.00138537 0.886957
bt -0.0336564 -0.999374 0.0109311
t 0.461871 -0.00365782 0.88694
bt 0.0490003 -0.998475 -0.025415
t 0.765924 0.00365567 0.642921
bt 0.0355012 -0.998475 -0.0422685
t 0.765924 0.00365588 0.642921
bt 0.0463191 -0.998375 -0.0331845
t 0.461871 -0.0036575 0.88694
bt 0.0522273 -0.99845 -0.0192121
t 0.36309 -0.00186852 -0.931752
bt 0.953351 -0.0279904 0.300564
t 0.590738 0.00188241 -0.806861
bt 0.765751 -0.0279638 0.642529
t 0.590738 0.00188242 -0.806861
bt 0.906301 -0.0269975 0.421769
t 0.363094 -0.00186864 -0.93175
bt 0.984298 -0.0277561 0.174316
t 0.867058 -0.0322419 -0.497162
bt -0.361593 -0.62176 -0.69474
t 0.673017 0.0322803 -0.738923
bt -0.60005 -0.621742 -0.503366
t 0.673015 0.0322783 -0.738925
bt -0.457751 -0.608915 -0.647832
t 0.867059 -0.0322412 -0.497162
bt -0.270199 -0.61858 -0.737802
t 0.886929 0.00351018 -0.461893
bt 0.0243274 -0.998595 0.0470853
t 0.642916 -0.0035095 -0.765928
bt 0.0405893 -0.998595 0.0340781
t 0.642916 -0.00350954 -0.765929
bt 0.031841 -0.998502 0.0444967
t 0.886929 0.00351022 -0.461893
bt 0.0183602 -0.998571 0.0501902
t 0.868534 0.0327957 -0.494543
bt 0.348042 -0.657296 0.668452
t 0.670803 -0.032792 -0.74091
bt 0.577363 -0.657304 0.48436
t 0.670804 -0.032793 -0.740909
bt 0.441488 -0.644793 0.623963
t 0.868535 0.0327948 -0.494542
bt 0.260235 -0.654192 0.710148
t 0.883484 -0.0205784 -0.468009
bt -0.15186 -0.944402 -0.291623
t 0.648075 0.0206054 -0.761298
bt -0.251898 -0.9444 -0.211319
t 0.657873 0.06163 -0.750603
bt -0.169009 -0.936887 -0.30607
t 0.883484 -0.0205784 -0.468009
bt -0.114415 -0.943567 -0.31079
t 0.883484 0.0205794 -0.46801
bt 0.15186 -0.944402 0.291624
t 0.657873 -0.06163 -0.750603
bt 0.251916 -0.944392 0.211335
t 0.657872 -0.0616285 -0.750604
bt 0.169027 -0.93689 0.306049
t 0.883484 0.0205794 -0.46801
bt 0.114423 -0.943567 0.310786
t 0.886107 -0.0107423 -0.463356
bt -0.0759227 -0.986393 -0.145823
t 0.644113 0.010753 -0.764855
bt -0.125889 -0.986393 -0.105743
t 0.644113 0.0107539 -0.764855
bt -0.0988533 -0.985523 -0.137738
t 0.886107 -0.0107421 -0.463356
bt -0.0572963 -0.986176 -0.155479
t 0.884811 0.0126626 -0.465778
bt 0.191465 -0.940188 0.281759
t 0.878628 0.0289916 -0.476625
bt 0.234427 -0.861535 0.450335
t 0.655502 -0.028986 -0.754637
bt 0.388883 -0.861542 0.326367
t 0.64621 -0.0126739 -0.763054
bt 0.259307 -0.940961 0.217608
t 0.64373 -0.00928403 -0.765196
bt 0.0849643 -0.989321 0.118426
t 0.886364 0.00927529 -0.462897
bt 0.0492321 -0.989805 0.133647
t 0.803825 0.0821186 -0.58917
bt 0.405967 -0.47655 0.779802
t 0.680872 -0.0277712 -0.731875
bt 0.673454 -0.476542 0.565125
t 0.680871 -0.0277667 -0.731877
bt 0.509669 -0.464095 0.724467
t 0.803825 0.0821186 -0.58917
bt 0.405967 -0.47655 0.779802
t 0.858855 0.0225183 -0.511723
bt 0.429827 -0.365363 0.825687
t 0.685485 -0.0225543 -0.727737
bt 0.713093 -0.365333 0.598356
t 0.685491 -0.0225576 -0.727731
bt 0.537078 -0.354544 0.765405
t 0.858857 0.0225171 -0.51172
bt 0.31976 -0.3627 0.87533
t 0.667236 0.0314767 -0.744181
bt -0.506674 -0.727565 -0.462526
t 0.871903 -0.0339248 -0.488501
bt -0.229051 -0.720014 -0.655069
t 0.870984 -0.0319381 -0.490272
bt -0.450908 -0.715123 -0.534117
t 0.706269 0.100428 -0.700784
bt -0.506664 -0.727577 -0.462518
t 0.886941 0.00216305 -0.461877
bt 0.0217887 -0.998507 0.0500981
t 0.642862 -0.0021739 -0.765979
bt 0.0396598 -0.998497 0.0378341
t 0.643791 -0.00146871 -0.7652
bt 0.0189214 -0.999142 0.036838
t 0.88732 0.00166524 -0.461152
bt 0.0115797 -0.999121 0.040299
t 0.875436 0.0317469 -0.482289
bt 0.343921 -0.800011 0.491631
t 0.875439 0.0317413 -0.482286
bt 0.275558 -0.80246 0.529269
t 0.66036 -0.0317194 -0.750279
bt 0.457107 -0.802455 0.383562
t 0.66036 -0.0317194 -0.750279
bt 0.457107 -0.802455 0.383562
t 0.871047 -0.0316847 -0.490176
bt -0.316612 -0.710772 -0.628141
t 0.709811 0.0997145 -0.697299
bt -0.525747 -0.713288 -0.463477
t 0.651261 0.0181897 -0.758636
bt -0.349272 -0.84044 -0.414331
t 0.881655 -0.0173014 -0.471577
bt -0.219628 -0.842233 -0.492348
t 0.845867 -0.0250692 -0.532804
bt -0.566422 -0.612429 -0.55145
t 0.87339 -0.0260619 -0.486324
bt -0.422352 -0.686966 -0.591352
t 0.654665 0.0157835 -0.755755
bt -0.562576 -0.692826 -0.45111
t 0.669769 0.0280602 -0.742039
bt -0.587956 -0.627216 -0.510791
t 0.931752 0.00186853 0.363091
bt 0.300627 -0.0279904 -0.953331
t 0.806861 -0.0018824 0.590739
bt 0.642553 -0.0279638 -0.765731
t 0.806861 -0.00188241 0.590739
bt 0.421819 -0.0269979 -0.906278
t 0.931752 0.00186851 0.36309
bt 0.174361 -0.0277563 -0.98429
t 0.914799 0.0984764 0.39172
bt 0.212613 -0.707068 -0.674427
t 0.786504 -0.0330943 0.616698
bt 0.454374 -0.707113 -0.541789
t 0.786504 -0.0330946 0.616697
bt 0.307402 -0.695292 -0.649671
t 0.942721 0.0331398 0.331933
bt 0.124864 -0.704177 -0.698959
t 0.870747 0.0331131 -0.490616
bt 0.326426 -0.707104 0.627256
t 0.667433 -0.0331372 -0.743932
bt 0.541812 -0.707113 0.454346
t 0.667434 -0.0331378 -0.743932
bt 0.415586 -0.69529 0.586396
t 0.870747 0.033113 -0.490616
bt 0.244396 -0.704168 0.666647
t 0.887026 0 -0.461719
bt 0 -1 0
t 0.642819 0 -0.766018
bt 0 -1 0
t 0.642819 0 -0.766018
bt 0 -1 0
t 0.887026 0 -0.461719
bt 0 -1 0
t 0.886977 -0.00255865 -0.461806
bt -0.017803 -0.999255 -0.0342474
t 0.642842 0.0025584 -0.765995
bt -0.0295202 -0.999255 -0.0248693
t 0.642842 0.00255827 -0.765995
bt -0.0231977 -0.999206 -0.0324016
t 0.886951 -0.00255645 -0.461857
bt -0.0134466 -0.999243 -0.0365186
t 0.871547 -0.0330815 -0.489195
bt -0.318357 -0.724257 -0.611638
t 0.666231 0.0330932 -0.745011
bt -0.528165 -0.724254 -0.44328
t 0.666231 0.0330928 -0.745011
bt -0.405744 -0.712754 -0.572148
t 0.871546 -0.0330834 -0.489197
bt -0.23842 -0.721401 -0.650182
t 0.871547 0.0330811 -0.489195
bt 0.397642 -0.721264 0.56715
t 0.871546 0.0330834 -0.489197
bt 0.318357 -0.724257 0.611638
t 0.666231 -0.0330932 -0.745011
bt 0.528165 -0.724254 0.44328
t 0.666231 -0.0330932 -0.745011
bt 0.528165 -0.724254 0.44328
t 0.886364 0.0017451 -0.462985
bt 0.00299516 -0.999581 0.0287807
t 0.640918 -0.00142524 -0.767608
bt 0.00319765 -0.99959 0.0284602
t 0.886527 -0.00708226 -0.462622
bt -0.0797006 -0.984172 -0.158281
t 0.644055 0.00724172 -0.764945
bt -0.132059 -0.984362 -0.116582
t 0.643016 -0.0069157 -0.765822
bt 0.0224495 -0.999373 0.0273831
t 0.887021 0.0013822 -0.461726
bt 0.0114222 -0.999384 0.0331735
t 0.88694 -0.00365779 -0.461871
bt -0.0254726 -0.998475 -0.0489703
t 0.642921 0.00365564 -0.765924
bt -0.0422747 -0.998475 -0.0354938
t 0.642921 0.00365573 -0.765924
bt -0.0332285 -0.998376 -0.0462667
t 0.88694 -0.00365794 -0.461871
bt -0.0192087 -0.99845 -0.0522291
t 0.931752 -0.00186852 0.363091
bt -0.300627 -0.0279904 0.953331
t 0.806861 0.00188242 0.590738
bt -0.642553 -0.0279638 0.765731
t 0.806861 0.00188242 0.590738
bt -0.421819 -0.0269979 0.906278
t 0.931752 -0.00186854 0.363091
bt -0.174361 -0.0277563 0.98429
t -0.867064 -0.0322338 0.497154
bt 0.361504 -0.62176 0.694787
t -0.673042 0.0322164 0.738902
bt 0.599914 -0.621782 0.503479
t -0.67305 0.0322249 0.738895
bt 0.457647 -0.608951 0.647872
t -0.867063 -0.0322351 0.497155
bt 0.270086 -0.618572 0.737849
t -0.886929 0.00350325 0.461893
bt -0.0244603 -0.9986 -0.0469037
t -0.642916 -0.0035031 0.765929
bt -0.0405125 -0.9986 -0.0340145
t -0.642916 -0.00350333 0.765928
bt -0.0318385 -0.998509 -0.0443446
t -0.886929 0.00350328 0.461893
bt -0.0184355 -0.998577 -0.0500386
t -0.868535 0.0327947 0.494542
bt -0.347881 -0.657296 -0.668536
t -0.670807 -0.0328006 0.740906
bt -0.57732 -0.657254 -0.484477
t -0.670803 -0.0327965 0.74091
bt -0.441409 -0.644722 -0.624093
t -0.868535 0.0327937 0.494541
bt -0.260125 -0.654184 -0.710196
t -0.883484 -0.0205758 0.468009
bt 0.15188 -0.944402 0.291613
t -0.648125 0.020584 0.761256
bt 0.251825 -0.944407 0.211374
t -0.648125 0.0205837 0.761256
bt 0.196956 -0.941067 0.274958
t -0.883484 -0.0205761 0.468009
bt 0.114468 -0.943569 0.310763
t -0.883484 0.0205758 0.468009
bt -0.15188 -0.944402 -0.291613
t -0.648075 -0.0206069 0.761297
bt -0.251841 -0.9444 -0.211387
t -0.648075 -0.0206072 0.761297
bt -0.196988 -0.94106 -0.274959
t -0.883484 0.0205754 0.468008
bt -0.114476 -0.94357 -0.310759
t -0.886107 -0.010743 0.463356
bt 0.0759227 -0.986393 0.145823
t -0.644113 0.0107545 0.764855
bt 0.125982 -0.986393 0.105633
t -0.644113 0.0107538 0.764855
bt 0.0988845 -0.985525 0.137701
t -0.886107 -0.0107436 0.463357
bt 0.0572779 -0.986176 0.155489
t -0.884811 0.0126594 0.465778
bt -0.191435 -0.940219 -0.281675
t -0.878627 0.0289897 0.476627
bt -0.234413 -0.861579 -0.450259
t -0.655503 -0.0289834 0.754636
bt -0.388868 -0.861586 -0.32627
t -0.646211 -0.0126755 0.763054
bt -0.259294 -0.940961 -0.217623
t -0.64373 -0.00928152 0.765196
bt -0.0849838 -0.989322 -0.118403
t -0.886364 0.00927582 0.462897
bt -0.0492536 -0.989806 -0.133636
t -0.861893 0.0277652 0.506329
bt -0.405948 -0.476508 -0.779837
t -0.680875 -0.0277734 0.731873
bt -0.673487 -0.476542 -0.565086
t -0.680874 -0.0277722 0.731874
bt -0.509684 -0.46405 -0.724486
t -0.861893 0.0277647 0.506329
bt -0.302474 -0.473421 -0.827274
t -0.858843 0.0224721 0.511746
bt -0.429866 -0.365287 -0.8257
t -0.685479 -0.022551 0.727743
bt -0.713106 -0.365333 -0.598341
t -0.685483 -0.0225534 0.727739
bt -0.537098 -0.354546 -0.765391
t -0.858853 0.02252 0.511726
bt -0.319777 -0.362701 -0.875323
t -0.872874 -0.0318022 0.486907
bt 0.464032 -0.747453 0.475382
t -0.873923 -0.0338157 0.484887
bt 0.313687 -0.761346 0.56741
t -0.665672 0.0306325 0.745615
bt 0.519547 -0.756585 0.397052
t -0.662437 0.0344274 0.748326
bt 0.572248 -0.751893 0.327397
t -0.886956 0.00222907 0.461849
bt -0.021889 -0.998415 -0.0518521
t -0.642916 -0.00221769 0.765934
bt -0.0397138 -0.998425 -0.0396366
t -0.641838 -0.000788733 0.76684
bt -0.0139688 -0.999815 -0.0132254
t -0.886693 0.000632937 0.462358
bt -0.00724245 -0.999869 -0.0144929
t -0.875439 0.0317409 0.482286
bt -0.343865 -0.800015 -0.491663
t -0.875437 0.0317443 0.482288
bt -0.275507 -0.80246 -0.529296
t -0.660363 -0.0317257 0.750276
bt -0.45711 -0.802455 -0.383558
t -0.660363 -0.0317257 0.750276
bt -0.45711 -0.802455 -0.383558
t -0.881767 -0.0183795 0.471327
bt 0.29481 -0.853657 0.429367
t -0.8723 -0.0336905 0.487809
bt 0.322308 -0.73337 0.59857
t -0.666248 0.0309924 0.745086
bt 0.534146 -0.73058 0.425372
t -0.650584 0.016347 0.759258
bt 0.424178 -0.853172 0.303597
t -0.844325 -0.0214777 0.535401
bt 0.622701 -0.597415 0.505311
t -0.874416 -0.0284145 0.484345
bt 0.461314 -0.68349 0.565713
t -0.658149 0.0158049 0.752722
bt 0.54832 -0.685885 0.478442
t -0.668724 0.0311514 0.742858
bt 0.6424 -0.609546 0.464516
t -0.93175 0.00186863 -0.363094
bt -0.300608 -0.0279904 0.953337
t -0.806858 -0.00188226 -0.590743
bt -0.642498 -0.0279638 0.765777
t -0.806863 -0.0018825 -0.590736
bt -0.421785 -0.0269976 0.906294
t -0.93175 0.00186863 -0.363094
bt -0.300608 -0.0279904 0.953337
t -0.942719 0.0331443 -0.331937
bt -0.212333 -0.707115 0.674465
t -0.786504 -0.0330945 -0.616697
bt -0.454551 -0.707113 0.54164
t -0.786503 -0.033092 -0.6167
bt -0.307366 -0.695287 0.649694
t -0.94272 0.0331422 -0.331935
bt -0.124815 -0.704174 0.698971
t -0.870746 0.0331146 0.490617
bt -0.32688 -0.707104 -0.62702
t -0.667433 -0.0331376 0.743932
bt -0.541805 -0.707113 -0.454354
t -0.667434 -0.0331379 0.743932
bt -0.415839 -0.695335 -0.586164
t -0.870746 0.0331136 0.490616
bt -0.24459 -0.704181 -0.666562
t -0.887026 0 0.461719
bt 0 -1 0
t -0.642819 0 0.766018
bt 0 -1 0
t -0.642819 0 0.766018
bt 0 -1 0
t -0.887026 0 0.461719
bt 0 -1 0
t -0.886977 -0.00255856 0.461806
bt 0.0178892 -0.999255 0.0342026
t -0.642842 0.00255853 0.765995
bt 0.0295873 -0.999255 0.0247893
t -0.642842 0.00255849 0.765995
bt 0.0232849 -0.999207 0.0322978
t -0.886951 -0.00255664 0.461857
bt 0.0135071 -0.999243 0.0364871
t -0.871547 -0.0330813 0.489195
bt 0.318361 -0.724257 0.611636
t -0.666267 0.033041 0.744981
bt 0.528239 -0.724285 0.443143
t -0.666267 0.03304 0.744981
bt 0.405751 -0.712799 0.572088
t -0.871547 -0.0330813 0.489195
bt 0.318361 -0.724257 0.611636
t -0.871547 0.033081 0.489195
bt -0.397738 -0.721257 -0.567091
t -0.871547 0.0330813 0.489195
bt -0.318361 -0.724257 -0.611636
t -0.666267 -0.0330411 0.744981
bt -0.528239 -0.724285 -0.443143
t -0.666267 -0.0330411 0.744981
bt -0.528239 -0.724285 -0.443143
t -0.644724 0.00121001 0.764414
bt 0.00189698 -0.999628 0.0272154
t -0.887546 -0.00500545 0.460692
bt 0.0019987 -0.99963 0.0271279
t -0.886377 -0.00687345 0.462913
bt 0.079738 -0.985783 0.147895
t -0.643333 0.00641691 0.76556
bt 0.132342 -0.985607 0.105185
t -0.64276 -0.00140671 0.766067
bt -0.0224193 -0.999351 -0.0281996
t -0.886957 0.00140531 0.461849
bt -0.0114046 -0.999358 -0.0339732
t -0.88694 -0.00365829 0.461871
bt 0.0255174 -0.998475 0.048947
t -0.642921 0.00365596 0.765924
bt 0.0422902 -0.998475 0.0354753
t -0.642921 0.00365521 0.765924
bt 0.033232 -0.998376 0.0462625
t -0.88694 -0.00365822 0.461871
bt 0.0192654 -0.998451 0.0521996
t -0.931747 -0.00186887 -0.363102
bt 0.300608 -0.0279904 -0.953337
t -0.806863 0.00188251 -0.590736
bt 0.642499 -0.0279638 -0.765777
t -0.806858 0.00188228 -0.590742
bt 0.421786 -0.0269977 -0.906294
t -0.93175 -0.00186867 -0.363096
bt 0.174331 -0.0277562 -0.984296
t -0.778224 -0.0616288 -0.624956
bt -0.211408 -0.944392 0.251854
t -0.778224 -0.0616288 -0.624956
bt -0.211408 -0.944392 0.251854
t -0.815322 -0.0954482 -0.571087
bt -0.442712 -0.756581 0.481239
t -0.953684 -0.00222991 -0.300801
bt 0.0125526 -0.998415 -0.0548653
t -0.934036 0.015959 -0.356823
bt -0.458557 -0.60739 0.648694
t -0.94908 0.0269371 -0.313882
bt -0.223926 -0.695322 0.682924
t 0.778224 -0.0616308 0.624955
bt 0.211406 -0.944392 -0.251856
t 0.778223 0.0616262 0.624957
bt -0.211406 -0.944392 0.251856
t 0.778223 0.0616262 0.624957
bt -0.211406 -0.944392 0.251856
t 0.798548 -0.0910639 0.595003
bt 0.115054 -0.809924 -0.57514
t 0.914799 -0.0984768 0.391721
bt -0.212613 -0.707068 0.674427
t 0.624956 -0.0616285 -0.778224
bt -0.251916 -0.944392 -0.211335
t 0.624956 0.0616284 -0.778224
bt 0.251916 -0.944392 0.211335
t 0.624956 0.0616284 -0.778224
bt 0.251916 -0.944392 0.211335
t 0.564293 -0.0962998 -0.819939
bt -0.506664 -0.727577 -0.462518
t 0.381871 0.100949 -0.918686
bt -0.63542 -0.733931 -0.239972
t 0.560046 -0.0989884 -0.822527
bt -0.525747 -0.713288 -0.463477
t 0.64261 0.00691923 -0.766162
bt 0.0271303 -0.999394 0.0218068
t -0.391722 -0.0984782 0.914798
bt -0.674412 -0.707067 -0.212658
t -0.300855 -0.00700098 0.953644
bt -0.0310916 -0.999346 -0.0184471
t -0.236716 0.0821084 -0.968103
bt 0.875808 -0.476539 -0.0766197
t -0.236716 0.0821084 -0.968103
bt 0.875808 -0.476539 -0.0766197
t -0.376447 0.0999852 -0.921027
bt -0.619702 -0.726493 0.296947
t -0.18856 -0.0270299 -0.98169
bt -0.685376 -0.565904 0.45827
t -0.203821 -0.0984686 0.974044
bt 0.674412 -0.707067 0.21266
t 0.320505 -0.0820425 0.943687
bt -0.779804 -0.47655 0.405964
t 0.320493 -0.0820495 0.943691
bt -0.889731 -0.448753 0.0836656
t 0.229858 -0.0202249 0.973014
bt 0.577645 -0.598787 -0.55478
t 0.458813 -0.00226786 0.88853
bt 0.00145846 -0.999604 0.0280974
t 0.968106 0.0821024 -0.236705
bt 0.076621 -0.476539 0.875808
t 0.943691 -0.0820491 -0.320493
bt 0.405967 -0.47655 0.779802
t 0.943692 -0.0820508 -0.32049
bt 0.0836726 -0.448754 0.889729
t 0.981637 -0.0265908 -0.188896
bt -0.47452 -0.586782 -0.656139
t 0.974044 -0.0984747 0.203815
bt 0.212615 -0.707067 -0.674426
t -0.998394 0.0322506 0.046584
bt 0.06821 -0.621768 0.780226
t -0.998394 0.0322506 0.046584
bt 0.06821 -0.621768 0.780226
t -0.996208 -0.00350711 0.0869366
bt -0.00455626 -0.998595 -0.0528037
t -0.996208 -0.00350711 0.0869366
bt -0.00455626 -0.998595 -0.0528037
t -0.998231 -0.0328191 0.049583
bt -0.0657465 -0.65721 -0.750835
t -0.998231 -0.0328191 0.049583
bt -0.0657466 -0.65721 -0.750835
t -0.996584 0.0205798 0.0799866
bt 0.0287266 -0.944399 0.327545
t -0.996584 0.0205798 0.0799866
bt 0.0287266 -0.944399 0.327545
t -0.996583 -0.0205795 0.0799867
bt -0.0287271 -0.944399 -0.327545
t -0.996583 -0.0205795 0.0799867
bt -0.0287271 -0.944399 -0.327545
t -0.996289 0.0107572 0.0853934
bt 0.0142993 -0.986393 0.163783
t -0.996289 0.0107572 0.0853934
bt 0.0142993 -0.986393 0.163783
t -0.997118 -0.0289908 0.070103
bt -0.0442752 -0.861546 -0.505746
t -0.996502 -0.0126707 0.0825969
bt -0.0295238 -0.940937 -0.337292
t -0.996265 -0.00927794 0.0858517
bt -0.012308 -0.989967 -0.140763
t -0.968106 0.0821025 0.236705
bt -0.0766198 -0.476539 -0.875808
t -0.968106 0.0821025 0.236705
bt -0.0766198 -0.476539 -0.875808
t -0.999302 -0.0224709 0.0298431
bt -0.0811384 -0.365285 -0.927353
t -0.999302 -0.0224709 0.0298431
bt -0.0811384 -0.365285 -0.927353
t -0.980877 -0.0972908 0.168564
bt 0.316591 -0.736139 0.598222
t -0.980879 -0.0972829 0.168558
bt 0.056365 -0.76305 0.643877
t -0.996183 0.00223291 0.0872663
bt -0.00490068 -0.998419 -0.0559872
t -0.996199 -0.000608563 0.0871007
bt -0.00132716 -0.999884 -0.015142
t -0.997475 -0.0316989 0.0635571
bt -0.0519693 -0.802459 -0.594439
t -0.997475 -0.0316989 0.0635571
bt -0.0519693 -0.802459 -0.594439
t -0.99785 0.0331583 0.0565311
bt 0.0591471 -0.73431 0.676233
t -0.996908 0.0174957 0.0766086
bt -0.0358597 -0.853116 0.520488
t -0.978677 -0.0221596 0.204206
bt 0.53714 -0.578505 0.61385
t -0.996043 -0.0135613 0.0878345
bt 0.253261 -0.687172 0.680921
t -0.988252 -0.00187731 0.15282
bt 0.222467 -0.0276375 0.974549
t -0.988252 -0.00187734 0.152821
bt 0.0871587 -0.0279037 0.995804
t -0.992217 -0.0331346 0.120034
bt 0.0614066 -0.707101 0.704441
t -0.992217 -0.0331346 0.120034
bt 0.0614066 -0.707101 0.704441
t -0.99799 -0.0330932 0.0540521
bt -0.0614078 -0.707101 -0.704441
t -0.99799 -0.0330932 0.0540521
bt -0.0614078 -0.707101 -0.704441
t -0.996191 0 0.0872004
bt 0 -1 0
t -0.996191 0 0.0872004
bt 0 -1 0
t -0.996199 0.00255805 0.0870684
bt 0.00339185 -0.999255 0.0384488
t -0.996199 0.00255805 0.0870684
bt 0.00339185 -0.999255 0.0384488
t -0.997901 0.0330666 0.0556746
bt 0.14826 -0.721362 0.676503
t -0.997901 0.0330621 0.055679
bt 0.0601394 -0.724221 0.686941
t -0.997901 -0.0330635 0.055673
bt -0.0601348 -0.724271 -0.686889
t -0.997901 -0.0330635 0.055673
bt -0.0601348 -0.724271 -0.686889
t -0.88768 0.00491362 0.460435
bt 0.00231443 -0.999634 0.0269642
t -0.9962 0.00179474 0.0870822
bt 0.00236854 -0.99963 0.0270974
t -0.996271 0.00647091 0.0860348
bt 0.0146062 -0.985855 0.166963
t -0.996198 -0.00140748 0.0871046
bt -0.00308595 -0.999373 -0.035264
t -0.996208 0.00365295 0.0869321
bt 0.0048391 -0.998475 0.0549863
t -0.996208 0.00365295 0.0869321
bt 0.0048391 -0.998475 0.0549863
t -0.988252 0.00187734 0.152821
bt -0.0871587 -0.0279037 -0.995804
t -0.988252 0.00187734 0.152821
bt -0.0871587 -0.0279037 -0.995804
t -0.956966 -0.0186183 -0.289603
bt -0.253233 -0.83122 0.49492
t -0.997005 0.0182465 0.0751588
bt 0.0478982 -0.835489 0.547416
t -0.996043 -0.0135613 0.0878345
bt 0.253261 -0.687172 0.680921
t 0.996496 0.0126302 -0.082687
bt 0.0427766 -0.939079 -0.34103
t 0.99708 0.018746 -0.0740321
bt -0.00145684 -0.81662 -0.577173
t 0.95754 -0.0184165 0.287712
bt 0.164778 -0.818277 -0.550701
t 0.954859 -0.0127083 0.296786
bt 0.0906073 -0.942089 -0.32289
t 0.295773 -0.0117963 -0.955185
bt -0.296715 -0.945867 -0.131517
t -0.0843305 0.0122273 -0.996363
bt -0.315761 -0.948775 -0.0109924
t -0.0734067 0.0176756 -0.997145
bt -0.567369 -0.817923 -0.0953614
t 0.289367 -0.0193219 -0.957023
bt -0.506643 -0.81854 -0.270749
t -0.287792 -0.0176601 0.95753
bt 0.557983 -0.826275 0.0769721
t -0.298115 -0.0118813 0.954456
bt 0.301501 -0.95177 0.0568472
t 0.0821563 0.0114739 0.996553
bt 0.309057 -0.948775 -0.0656444
t 0.0756912 0.0193024 0.996944
bt 0.554682 -0.825071 -0.107639
t -0.46595 -0.0111873 -0.88474
bt -0.287036 -0.951774 0.108338
t -0.764258 0.0115503 -0.644807
bt -0.214168 -0.954397 0.207986
t -0.757481 0.0177476 -0.652615
bt -0.4589 -0.824805 0.330314
t -0.471611 -0.0192043 -0.881598
bt -0.5412 -0.825258 0.161406
t 0.473933 -0.0178433 0.88038
bt 0.458444 -0.819585 -0.34367
t 0.464514 -0.0124947 0.885477
bt 0.269378 -0.945863 -0.181048
t 0.7627 0.0121207 0.646639
bt 0.18915 -0.943485 -0.272137
t 0.757961 0.0192055 0.652017
bt 0.327583 -0.819115 -0.470892
t 0.884689 -0.012417 -0.466016
bt -0.14529 -0.942091 -0.30225
t 0.645463 0.0126795 -0.763686
bt -0.233552 -0.943476 -0.235172
t 0.653208 0.0180822 -0.756963
bt -0.346055 -0.812559 -0.469034
t 0.880906 -0.0190097 -0.472909
bt -0.181341 -0.81475 -0.550725
t -0.881003 -0.0179411 0.472769
bt 0.284541 -0.834296 0.472215
t -0.885601 -0.0112546 0.46431
bt 0.120567 -0.956328 0.266272
t -0.646049 0.0110255 0.763217
bt 0.247039 -0.954396 0.167629
t -0.684702 0.091725 0.723028
bt 0.440012 -0.832584 0.336442
t -0.591854 -0.0905566 0.800942
bt 0.548905 -0.814548 0.187655
t -0.997005 0.0182465 0.0751588
bt 0.0478982 -0.835489 0.547416
t -0.996421 0.0110386 0.0838067
bt 0.0252816 -0.957028 0.288893
t -0.684702 0.091725 0.723028
bt 0.425636 -0.832815 0.353911
t -0.59186 -0.0905463 0.800939
bt 0.425636 -0.832815 0.353911
t -0.996367 -0.00385921 -0.0850766
bt 0.139884 -0.640436 0.755165
t 0.996273 0.00972486 -0.0857078
bt 0.0203794 -0.98839 -0.150564
t 0.953864 -0.00976363 0.30008
bt 0.0378894 -0.989114 -0.142192
t 0.29758 -0.00875268 -0.954657
bt -0.126521 -0.990341 -0.0567146
t -0.0881931 0.00892391 -0.996063
bt -0.132232 -0.991201 -0.0058772
t -0.30163 -0.00846661 0.953387
bt 0.123772 -0.992063 0.022174
t 0.0838347 0.00832329 0.996445
bt 0.129202 -0.991202 -0.0287422
t -0.464373 -0.00794743 -0.885604
bt -0.118032 -0.992063 0.0433498
t -0.76642 0.00803516 -0.642289
bt -0.0859791 -0.992805 0.0833434
t 0.461097 -0.00932799 0.887301
bt 0.114755 -0.990343 -0.0777946
t 0.762111 0.0279704 0.646842
bt 0.0827259 -0.989601 -0.117671
t 0.885919 -0.00950858 -0.463743
bt -0.0471747 -0.988865 -0.141141
t 0.642663 0.00962518 -0.766088
bt -0.101905 -0.989602 -0.101502
t -0.886976 -0.00770478 0.461751
bt 0.0442957 -0.993269 0.107023
t -0.644663 0.00764894 0.764429
bt 0.0991512 -0.992805 0.0671376
t 0.767389 -0.0284274 0.640551
bt 0.0827259 -0.989601 -0.117671
t -0.99624 0.0075178 0.0863072
bt 0.009948 -0.993469 0.113664
t -0.953745 0.00210603 -0.300609
bt 0.0124028 -0.998588 -0.0516597
t -0.996205 -0.00210383 0.087011
bt -0.0046162 -0.998595 -0.0527985
t 0.996205 -0.00204368 -0.0870102
bt 0.000582859 -0.998665 0.051644
t 0.953829 0.0102295 0.300176
bt -0.0153773 -0.998673 0.0491536
t -0.0870102 -0.00203201 -0.996205
bt 0.0513725 -0.99868 -0.000251953
t 0.300588 0.00204093 -0.953752
bt 0.0477553 -0.998669 0.0194629
t 0.0870102 -0.00203211 0.996205
bt -0.0513199 -0.998682 0.000854175
t -0.300588 0.00202913 0.953752
bt -0.047638 -0.998687 -0.0188402
t -0.300339 0.00699262 0.953807
bt -0.0336584 -0.99938 -0.0103204
t -0.76566 -0.0101304 -0.643165
bt 0.0329512 -0.998698 -0.038931
t -0.461783 0.00203349 -0.886991
bt 0.047264 -0.998685 -0.0198692
t 0.765978 -0.00204611 0.642863
bt -0.0359467 -0.998666 0.037068
t 0.462194 0.0102105 0.88672
bt -0.0454653 -0.998678 0.0239836
t 0.643016 -0.00691569 -0.765822
bt 0.0139114 -0.999198 0.0375536
t 0.642863 -0.0020465 -0.765978
bt 0.0367954 -0.998664 0.0362715
t 0.886966 0.00204678 -0.46183
bt 0.0201998 -0.998665 0.0475469
t -0.642918 -0.00202269 0.765932
bt -0.0366839 -0.998692 -0.0356232
t -0.886991 0.00202963 0.461783
bt -0.0201708 -0.998691 -0.0469946
t -0.766361 0.0101299 -0.642331
bt 0.0329512 -0.998698 -0.038931
t 0.9535 -0.0102288 0.301221
bt -0.0153773 -0.998673 0.0491536
t 0.64261 0.00691923 -0.766162
bt 0.0265259 -0.999394 0.0225333
t -0.300855 -0.00700098 0.953644
bt -0.0277564 -0.999193 -0.0290228
t 0.461226 -0.0102094 0.887224
bt -0.0454653 -0.998678 0.0239836
t -0.996205 -0.00202034 0.0870102
bt -0.00443585 -0.998704 -0.0507067
t 0.996205 -0.002092 -0.087011
bt 0.000446485 -0.998602 0.0528623
t 0.953745 0.00209399 0.300609
bt -0.0198439 -0.998602 0.0489996
t -0.0871108 -0.0021015 -0.996196
bt 0.0529555 -0.998597 -0.000525731
t 0.300516 0.00209281 -0.953774
bt 0.049124 -0.998597 0.0197875
t 0.087011 -0.00209604 0.996205
bt -0.0529685 -0.998596 0.000376656
t -0.300609 0.00210234 0.953745
bt -0.0491774 -0.998591 -0.0199434
t -0.76566 -0.0101304 -0.643165
bt 0.0479645 -0.998502 -0.0263198
t -0.765978 -0.00210183 -0.642863
bt 0.0339621 -0.9986 -0.0405564
t -0.461953 0.00209525 -0.886902
bt 0.0468928 -0.9986 -0.0244861
t 0.765978 -0.00209419 0.642863
bt -0.0339122 -0.99861 0.040338
t 0.46183 0.00209862 0.886966
bt -0.0468648 -0.998605 0.0243191
t 0.642863 -0.00209411 -0.765978
bt 0.0404036 -0.99861 0.0338339
t 0.886966 0.00209449 -0.46183
bt 0.0243582 -0.99861 0.046732
t -0.642917 -0.00209848 0.765933
bt -0.0404918 -0.9986 -0.0340454
t -0.886966 0.0021065 0.46183
bt -0.0244475 -0.998595 -0.0470228
t 0.953499 -0.0102287 0.301221
bt -0.0340741 -0.998483 0.0432476
t 0.461226 -0.0102094 0.887224
bt -0.0545151 -0.998491 0.00657674
t -0.996205 -0.00210383 0.087011
bt -0.0046162 -0.998595 -0.0527985
t -0.996183 0.00223291 0.0872663
bt -0.00490068 -0.998419 -0.0559872
t -0.782589 0.618822 -0.0679272
bt 0.153248 -0.0261964 -0.98784
t -0.782893 0.618433 -0.0679641
bt 0.154038 -0.0252082 -0.987743
t -0.11264 0.993588 -0.0097848
bt 0.121938 -0.00595225 -0.99252
t -0.108893 0.993275 -0.0393258
bt 0.12225 -0.00591289 -0.992482
t 0.0678971 0.618402 -0.782924
bt 0.999067 0.0189861 0.0387911
t -0.0688676 0.614112 -0.786208
bt 0.999155 0.0182438 0.0368301
t 0.00987717 0.99358 -0.112701
bt 0.998171 0.00430951 0.0603007
t -3.27705e-05 0.99356 -0.113303
bt 0.998195 0.0042824 0.0599008
t -0.0678932 0.61845 0.782886
bt 0.998429 -0.0555022 -0.00773767
t 0.000316661 0.617582 0.786506
bt 0.996302 0.0188096 0.0838376
t 0.107219 0.984553 0.138418
bt 0.996195 0.00669059 0.086893
t 0.019861 0.990854 0.133469
bt 0.995374 -0.00410632 0.0959893
t 0.00617413 -0.0529936 0.998576
bt 0.683527 -0.549263 -0.480729
t -0.978677 -0.0221596 0.204206
bt 0.53714 -0.578505 0.61385
t -0.138793 0.00961407 -0.990275
bt -0.13734 0.0396779 -0.989729
t 0.116636 -0.336511 0.934428
bt 0.139418 -0.00956747 0.990187
t 0.121517 -0.00232059 -0.992587
bt 0.122772 0.0271369 -0.992064
t 0.121717 -0.00233998 -0.992562
bt 0.122977 0.0271176 -0.992039
t 0.793768 0.604577 0.0664846
bt 0.00755488 -0.0999307 0.994966
t 0.777285 0.614037 -0.137066
bt 0.0117532 -0.102236 0.994691
t 0.782588 0.618822 0.0679288
bt -0.0885978 0.0251311 0.99575
t 0.782893 0.618433 0.0679658
bt -0.0893419 0.0261098 0.995659
t -0.782589 0.618822 -0.067927
bt -0.0885978 -0.0251312 0.99575
t -0.777285 0.614037 0.137067
bt 0.0117532 0.102236 0.994691
t -0.793768 0.604576 -0.0664953
bt 0.00755489 0.0999307 0.994966
t -0.782893 0.618433 -0.0679639
bt -0.0893419 -0.0261098 0.995659
t -0.116065 0.993051 0.0194411
bt -0.120909 -0.00591219 0.992646
t -0.112639 0.993588 -0.0097854
bt -0.120606 -0.00591349 0.992683
t -0.112724 0.993428 0.019856
bt 0.137235 0.0241817 0.990243
t -0.112636 0.993438 0.0198438
bt 0.136128 0.0240276 0.9904
t 0.723965 0.0913827 0.683757
bt 0.442965 -0.836739 -0.321947
t 0.798596 -0.0912192 0.594915
bt 0.33708 -0.844103 -0.416974

