g sponza_116
t 0 0 1
bt 0 1 0
t 0 0 1
bt 0 1 0
t 0 0 1
bt 0 1 0
t 0 0 1
bt 0 1 0
t 0 0 -1
bt 0 1 0
t 0 0 -1
bt 0 1 0
t 0 0 -1
bt 0 1 0
t 0 0 -1
bt 0 1 0
t -1 0 -0.0003
bt 0 1 0
t -1 0 -0.0003
bt -8.13359e-09 1 0
t -1 0 -0.0003
bt 0 1 0
t -1 0 -0.0003
bt 0 1 0
t 1 0 0
bt 0 1 0
t 1 0 0
bt 0 1 0
t 1 0 0
bt 0 1 0
t 1 0 0
bt 0 1 0
t 0.179589 0.363255 0.914217
bt -0.864654 0.487469 0.121441
t 0.179589 0.363255 0.914217
bt -0.865189 0.486924 0.119803
t -0.179546 -0.363258 0.914225
bt -0.864358 0.487743 -0.122443
t -0.179546 -0.363258 0.914225
bt -0.864358 0.487743 -0.122443
t -0.179537 0.363151 -0.914269
bt 0.863814 0.48832 -0.123971
t -0.179538 0.363151 -0.914269
bt 0.864429 0.487701 -0.122105
t 0.179589 -0.363255 -0.914217
bt 0.865188 0.486925 0.119805
t 0.179589 -0.363255 -0.914217
bt 0.865188 0.486925 0.119805
t -1 3.16831e-05 -0.000316497
bt -0.00230846 0.703093 -0.711094
t -1 3.19778e-05 -0.000316795
bt -0.000905592 0.703095 -0.711095
t -0.914225 -0.363107 -0.179852
bt 0.119919 0.486904 -0.865184
t -0.914225 -0.363107 -0.179852
bt 0.119919 0.486904 -0.865184
t 0.914217 0.363255 -0.179589
bt 0.121548 0.487505 0.864618
t 0.914217 0.363255 -0.179589
bt 0.1223 0.487755 0.864372
t 0.914217 -0.363255 0.179589
bt -0.122254 0.487739 0.864387
t 0.914217 -0.363255 0.179589
bt -0.122254 0.487739 0.864387
t 0 0 1
bt 0 -1 0
t 0 0 1
bt 0 -1 0
t 0 0 1
bt 0 -1 0
t 0 0 1
bt 0 -1 0
t 0 0 -1
bt 0 -1 0
t 0 0 -1
bt 0 -1 0
t 0 0 -1
bt 0 -1 0
t 0 0 -1
bt 0 -1 0
t -1 0 -0.0003
bt 0 -1 0
t -1 0 -0.0003
bt 0 -1 0
t -1 0 -0.0003
bt 0 -1 0
t -1 0 -0.0003
bt 0 -1 0
t 1 0 0
bt 0 -1 0
t 1 0 0
bt 0 -1 0
t 1 0 0
bt 0 -1 0
t 1 0 0
bt 0 -1 0
t 0 0 1
bt 0 -1 0
t 0 0 1
bt 0 -1 0
t 0 0 -1
bt 0 -1 0
t 0 0 -1
bt 0 -1 0
t -1 0 -0.0003
bt 0 -1 0
t -1 0 -0.0003
bt 0 -1 0
t 1 0 0
bt 0 -1 0
t 1 0 0
bt 0 -1 0
t 4.03794e-07 0 1
bt 1 0 0.000784314
t 0 0 1
bt 0.999994 0 0.00343381
t 4.03794e-07 0 1
bt 1 0 0.000784314
t 4.03794e-07 0 1
bt 1 0 0.000784314
t -7.07194e-07 0 -1
bt -0.999994 0 0.00345001
t 0 0 -1
bt -1 0 0.000451329
t -7.07194e-07 0 -1
bt -0.999994 0 0.00345001
t -7.07194e-07 0 -1
bt -0.999994 0 0.00345001
t -1 0 -0.000348318
bt 0.00325762 0 0.999995
t -1 0 1.07281e-05
bt 0.00127356 0 0.999999
t -1 0 -0.000348318
bt 0.00325762 0 0.999995
t -1 0 -0.000348318
bt 0.00325762 0 0.999995
t 1 0 1.79409e-07
bt 0.000638788 0 -1
t 1 0 1.56514e-07
bt -0.00064752 0 -1
t 1 0 1.79409e-07
bt 0.000638788 0 -1
t 1 0 1.79409e-07
bt 0.000638788 0 -1
t -1 0 -0.0003
bt -4.06487e-09 1 0
t -1 0 -0.0003
bt 0 1 0
t -1 0 -0.0003
bt -4.06487e-09 1 0
t -1 0 -0.0003
bt -4.06487e-09 1 0
t -0.914269 0.363302 0.179231
bt -0.120175 0.48706 -0.865061
t -0.914269 0.363302 0.179231
bt -0.122208 0.487736 -0.864395
t -1 3.16744e-05 -0.000316488
bt 0.00198241 0.703094 -0.711094
t -1 3.16744e-05 -0.000316488
bt 0.00198241 0.703094 -0.711094
t -1 0 -0.000348352
bt -0.00276665 0 0.999996
t -1 0 -4.94187e-05
bt 0.000488549 0 1
t -1 0 -0.000348352
bt -0.00276665 0 0.999996
t -1 0 -0.000348352
bt -0.00276665 0 0.999996
t -1 0 -0.0003
bt 5.42254e-09 -1 0
t -1 0 -0.0003
bt 0 -1 0
t -1 0 -0.0003
bt 8.13381e-09 -1 0
t -1 0 -0.0003
bt 5.42254e-09 -1 0
t -1 0 -0.0003
bt 0 -1 0
t -1 0 -0.0003
bt 0 -1 0

