g sponza_151
t -0.340337 -0.940304 0
bt 0.942225 -0.33498 0
t -0.319083 -0.947727 0
bt 0.93961 -0.342247 0
t -0.339141 -0.940736 0
bt 0.942041 -0.335499 0
t -0.339476 -0.940615 0
bt 0.942091 -0.335358 0
t -0.337831 -0.941207 0
bt 0.941577 -0.336796 0
t -0.337974 -0.941155 0
bt 0.9419 -0.335894 0
t -0.339576 -0.940579 0
bt 0.941422 -0.337232 0
t -0.337954 -0.941162 0
bt 0.941748 -0.33632 0
t -0.331909 -0.943311 0
bt 0.942289 -0.3348 0
t -0.331909 -0.943311 0
bt 0.942289 -0.3348 0
t -0.334795 -0.942291 0
bt 0.941668 -0.336544 0
t -0.33361 -0.942711 0
bt 0.941794 -0.336191 0
t -0.335705 -0.941967 0
bt 0.941 -0.338407 0
t -0.338346 -0.941022 0
bt 0.941289 -0.337603 0
t 0.00743885 0.0145508 -0.999866
bt -0.455121 -0.890243 -0.018236
t 0.0083812 0.0163941 -0.99983
bt -0.455156 -0.89031 -0.013433
t 0.000710832 0.0149809 -0.999887
bt -0.0473876 -0.998703 -0.0186143
t 0.000710832 0.0149809 -0.999887
bt -0.0473876 -0.998703 -0.0186143
t 0.0129022 0.0150081 -0.999804
bt -0.651863 -0.758257 -0.0109885
t 0.0129022 0.0150081 -0.999804
bt -0.651863 -0.758257 -0.0109885
t -0.0125773 -0.0108871 -0.999862
bt 0.756001 0.654407 -0.0146402
t -0.0106711 -0.016772 -0.999802
bt 0.53675 0.843621 -0.0142447
t -0.00956597 -0.015035 -0.999841
bt 0.53675 0.843621 -0.0142442
t -0.0125776 -0.0108873 -0.999862
bt 0.756001 0.654407 -0.0146404
t -0.00617218 0.0156439 -0.999859
bt 0.366982 -0.930147 -0.0122754
t -0.00617171 0.0156427 -0.999859
bt 0.366982 -0.930147 -0.0122755
t -0.0132394 0.0105096 -0.999857
bt 0.783169 -0.621686 -0.01234
t -0.0132394 0.0105096 -0.999857
bt 0.783169 -0.621686 -0.01234
t -0.00787233 0.0149798 -0.999857
bt 0.465155 -0.885114 -0.0143265
t -0.00887187 0.0168817 -0.999818
bt 0.465155 -0.885114 -0.0143265
t -0.00787233 0.0149798 -0.999857
bt 0.465155 -0.885114 -0.0143265
t -0.00787233 0.0149798 -0.999857
bt 0.465155 -0.885114 -0.0143265
t -0.0168763 -0.00941311 -0.999813
bt 0.873275 0.487086 -0.0117834
t -0.0149342 -0.00832984 -0.999854
bt 0.873275 0.487086 -0.0117831
t -0.0168763 -0.00941311 -0.999813
bt 0.873275 0.487086 -0.0117834
t -0.0168763 -0.00941311 -0.999813
bt 0.873275 0.487086 -0.0117834
t 0.987737 0.156129 0
bt 0.176767 -0.984253 0
t 0.987779 0.155861 0
bt 0.14945 -0.988769 0
t 0.987775 0.155888 0
bt 0.168152 -0.985761 0
t 0.987737 0.156129 0
bt 0.176767 -0.984253 0
t 0.987935 0.154871 0
bt 0.157979 -0.987442 0
t 0.987745 0.156079 0
bt 0.155583 -0.987823 0
t 0.987877 0.155238 0
bt 0.156496 -0.987679 0
t 0.987876 0.155246 0
bt 0.156783 -0.987633 0
t 0.987746 0.156067 0
bt 0.152695 -0.988273 0
t 0.987746 0.156067 0
bt 0.152695 -0.988273 0
t 0.987757 0.156 0
bt 0.152214 -0.988348 0
t 0.987789 0.155796 0
bt 0.154126 -0.988051 0
t 0.987676 0.156512 0
bt 0.154305 -0.988023 0
t 0.987676 0.156512 0
bt 0.154305 -0.988023 0
t -0.0166085 0.00321415 -0.999857
bt 0.981597 -0.189963 -0.0195394
t -0.0148593 -0.00319007 -0.999885
bt 0.97766 0.209888 -0.0112687
t -0.0159557 -0.00342544 -0.999867
bt 0.977565 0.209868 -0.0179262
t -0.0159984 0.00309607 -0.999867
bt 0.981635 -0.18997 -0.0174316

