g sponza_239
t 0.319232 -0.947677 0
bt -0.939592 -0.342298 0
t 0.33911 -0.940747 0
bt -0.942039 -0.335503 0
t 0.32509 -0.945683 0
bt -0.940287 -0.340382 0
t 0.319232 -0.947677 0
bt -0.939592 -0.342298 0
t 0.339576 -0.940579 0
bt -0.941422 -0.337232 0
t 0.33797 -0.941157 0
bt -0.9419 -0.335894 0
t 0.337831 -0.941207 0
bt -0.941578 -0.336796 0
t 0.337971 -0.941156 0
bt -0.941746 -0.336324 0
t 0.33196 -0.943293 0
bt -0.942285 -0.334813 0
t 0.33196 -0.943293 0
bt -0.942285 -0.334813 0
t 0.33389 -0.942612 0
bt -0.941557 -0.336853 0
t 0.333593 -0.942717 0
bt -0.941795 -0.336188 0
t 0.335707 -0.941966 0
bt -0.941 -0.338407 0
t 0.335707 -0.941966 0
bt -0.941 -0.338407 0
t -0.000710832 0.0149809 -0.999887
bt 0.0473876 -0.998703 -0.0186144
t -0.00838126 0.0163942 -0.99983
bt 0.455156 -0.89031 -0.0134329
t -0.0074389 0.0145509 -0.999866
bt 0.455121 -0.890243 -0.018236
t -0.000710832 0.0149809 -0.999887
bt 0.0473876 -0.998703 -0.0186144
t -0.0129026 0.0150085 -0.999804
bt 0.651863 -0.758257 -0.0109881
t -0.0129026 0.0150085 -0.999804
bt 0.651863 -0.758257 -0.0109881
t 0.00956732 -0.0150344 -0.999841
bt -0.536821 0.843576 -0.014244
t 0.0106726 -0.0167713 -0.999802
bt -0.536821 0.843576 -0.0142447
t 0.0125774 -0.0108872 -0.999862
bt -0.756001 0.654407 -0.01464
t 0.0125777 -0.0108874 -0.999862
bt -0.756001 0.654407 -0.0146402
t 0.0132398 0.0105099 -0.999857
bt -0.783169 -0.621686 -0.0123397
t 0.0061718 0.0156429 -0.999859
bt -0.366982 -0.930147 -0.0122753
t 0.00617227 0.0156441 -0.999859
bt -0.366982 -0.930147 -0.0122752
t 0.0132398 0.0105099 -0.999857
bt -0.783169 -0.621686 -0.0123397
t 0.00787232 0.0149797 -0.999857
bt -0.465155 -0.885114 -0.0143265
t 0.00887187 0.0168817 -0.999818
bt -0.465155 -0.885114 -0.0143265
t 0.00787232 0.0149797 -0.999857
bt -0.465155 -0.885114 -0.0143265
t 0.00787232 0.0149797 -0.999857
bt -0.465155 -0.885114 -0.0143265
t 0.0168763 -0.0094131 -0.999813
bt -0.873275 0.487086 -0.0117835
t 0.0149342 -0.00832985 -0.999854
bt -0.873275 0.487086 -0.0117831
t 0.0168763 -0.0094131 -0.999813
bt -0.873275 0.487086 -0.0117835
t 0.0168763 -0.0094131 -0.999813
bt -0.873275 0.487086 -0.0117835
t -0.987742 0.156093 0
bt -0.148788 -0.988869 0
t -0.987735 0.156138 0
bt -0.176556 -0.984291 0
t -0.987778 0.155865 0
bt -0.149474 -0.988766 0
t -0.987784 0.155832 0
bt -0.152118 -0.988362 0
t -0.987877 0.155237 0
bt -0.156496 -0.987679 0
t -0.987745 0.15608 0
bt -0.155587 -0.987822 0
t -0.987935 0.154871 0
bt -0.15798 -0.987442 0
t -0.987876 0.155247 0
bt -0.156761 -0.987637 0
t -0.987746 0.156068 0
bt -0.152628 -0.988284 0
t -0.987746 0.156068 0
bt -0.152628 -0.988284 0
t -0.98772 0.156236 0
bt -0.154754 -0.987953 0
t -0.987789 0.155796 0
bt -0.154147 -0.988048 0
t -0.987676 0.156512 0
bt -0.154302 -0.988024 0
t -0.98751 0.157556 0
bt -0.156571 -0.987667 0
t 0.0159548 -0.00342523 -0.999867
bt -0.977565 0.209868 -0.0179274
t 0.0148584 -0.00318987 -0.999885
bt -0.97766 0.209888 -0.0112694
t 0.0166075 0.00321396 -0.999857
bt -0.981597 -0.189963 -0.0195407
t 0.0159974 0.00309588 -0.999867
bt -0.981635 -0.18997 -0.0174327

