g sponza_43
t -0.965203 0.247016 0.0858226
bt 0.348761 0.805062 -0.479834
t -0.983864 0.15697 -0.085861
bt 0 0.877319 -0.479907
t -0.98579 0.138092 -0.0956538
bt 0.261742 0.793413 -0.549534
t -0.928214 0.371542 0.0193716
bt 0.397444 0.720987 -0.567641
t -0.337697 0.941255 0
bt 0 0 -1
t 0.0561985 0.99842 0
bt 0 0 -1
t 0.0519013 0.998581 0.0119586
bt 0.316043 -0.0644416 -0.946554
t -0.333655 0.942612 -0.012561
bt 0.317437 0.0625757 -0.946212
t 0.400069 0.916346 0.015968
bt 0.794029 -0.374675 -0.478682
t 0.0866757 0.996092 -0.0169626
bt 0.875805 -0.0565575 -0.479339
t 0.0831552 0.99636 -0.0187402
bt 0.801861 -0.197304 -0.563995
t 0.403471 0.914818 0.0178366
bt 0.709054 -0.414563 -0.570421
t -0.208371 0.973165 -0.0976266
bt 0.826082 -0.0438603 -0.561841
t -0.307499 0.951388 -0.0174651
bt 0.825768 0.296294 -0.479914
t 0.0134804 0.9994 0.0319143
bt 0.793334 -0.15098 -0.589768
t -0.337697 0.941255 0
bt 0 0 1
t -0.337697 0.941255 0
bt 0 0 1
t 0.0561985 0.99842 0
bt 0 0 1
t 0.0561985 0.99842 0
bt 0 0 1
t 0.929904 0.367801 0
bt 0 0 -1
t 1 0 0
bt 0 0 -1
t 0.998159 0.0193418 0.0574801
bt 0 -0.318802 -0.947821
t 0.931266 0.364158 -0.0115152
bt 0.0755537 -0.312602 -0.946875
t 0.943825 0.329056 -0.0302701
bt 0.104625 -0.80703 -0.581168
t 0.940184 0.340289 -0.0160268
bt 0.322904 -0.816421 -0.478738
t 0.986289 0.144889 0.0789996
bt 0 -0.877984 -0.47869
t 0.988432 0.122111 0.0899501
bt 0 -0.805119 -0.593114
t 0.929904 0.367801 0
bt 0 0 1
t 0.929904 0.367801 0
bt 0 0 1
t 1 0 0
bt 0 0 1
t 1 0 0
bt 0 0 1
t 0.983864 0.156971 -0.0858615
bt -0.109494 0.872044 -0.477022
t 0.965205 0.247009 0.0858263
bt -0.348761 0.805062 -0.479834
t 0.928214 0.371542 0.019372
bt -0.178372 0.807466 -0.5623
t 0.985789 0.138092 -0.0956541
bt 0 0.822071 -0.569385
t -0.0561985 0.99842 0
bt 0 0 -1
t 0.337697 0.941255 0
bt 0 0 -1
t 0.333654 0.942612 -0.0125636
bt -0.284807 0.15353 -0.94621
t -0.0519003 0.998581 0.0119652
bt -0.321347 0.0284724 -0.946533
t -0.0867383 0.996086 -0.016997
bt -0.876703 -0.040352 -0.479337
t -0.399963 0.916391 0.0160309
bt -0.766775 -0.428669 -0.477807
t -0.403517 0.914799 0.017802
bt -0.796042 -0.214827 -0.565832
t -0.0831351 0.996362 -0.0187394
bt -0.819474 -0.0528722 -0.570672
t 0.307506 0.951386 -0.0174612
bt -0.797419 0.36764 -0.478502
t 0.295117 0.954893 -0.0329517
bt -0.81294 0.0621398 -0.579022
t -0.0134827 0.9994 0.0319127
bt -0.803484 -0.0517072 -0.593076
t -0.0561985 0.99842 0
bt 0 0 1
t 0.337697 0.941255 0
bt 0 0 1
t 0.337697 0.941255 0
bt 0 0 1
t -0.0561985 0.99842 0
bt 0 0 1
t -1 0 0
bt 0 0 -1
t -0.929904 0.367801 0
bt 0 0 -1
t -0.931266 0.364159 -0.0115135
bt -0.158723 -0.279708 -0.946874
t -0.998159 0.0193407 0.0574769
bt -0.0746425 -0.317912 -0.945177
t -0.986289 0.14489 0.0790004
bt -0.118664 -0.871781 -0.475307
t -0.940184 0.340289 -0.0160271
bt -0.388021 -0.78829 -0.477534
t -0.943825 0.329056 -0.0302697
bt -0.104616 -0.807032 -0.581167
t -0.988432 0.12211 0.0899496
bt 0 -0.805119 -0.593114
t -1 0 0
bt 0 0 1
t -0.929904 0.367801 0
bt 0 0 1
t -0.929904 0.367801 0
bt 0 0 1
t -1 0 0
bt 0 0 1
t -0.660321 0.750781 -0.0174431
bt 0.639948 0.600097 -0.479948
t -0.663227 0.748166 -0.0194301
bt 0.699787 0.440622 -0.562272
t -0.363818 0.93127 0.0193254
bt 0.797812 0.203256 -0.567612
t -0.917602 0.397501 0
bt 0 0 -1
t -0.68399 0.729492 0
bt 0 0 -1
t -0.687087 0.726467 0.0125672
bt 0.266442 0.183576 -0.946208
t -0.915858 0.401304 -0.0125948
bt 0.171511 0.274358 -0.946209
t 0.749118 0.662243 -0.0160392
bt 0.600545 -0.640441 -0.478729
t 0.746639 0.66499 -0.0178605
bt 0.449034 -0.691513 -0.565843
t 0.920015 0.391477 0.0178172
bt 0.23367 -0.787417 -0.570415
t -0.85242 0.513661 -0.0976354
bt 0.597067 0.572584 -0.561835
t -0.840416 0.535098 -0.0858602
bt 0.348687 0.805076 -0.479864
t -0.715607 0.697728 0.0329153
bt 0.657777 0.468695 -0.589622
t -0.917602 0.397501 0
bt 0 0 1
t -0.917602 0.397501 0
bt 0 0 1
t -0.68399 0.729492 0
bt 0 0 1
t -0.68399 0.729492 0
bt 0 0 1
t 0.426697 0.904395 0
bt 0 0 -1
t 0.729492 0.68399 0
bt 0 0 -1
t 0.726727 0.68683 0.0115041
bt 0.185227 -0.262902 -0.946876
t 0.430225 0.902648 -0.0115105
bt 0.268933 -0.176362 -0.946875
t 0.463376 0.885644 -0.0303034
bt 0.628336 -0.517112 -0.581196
t 0.700359 0.713149 0.0302692
bt 0.475226 -0.65261 -0.590136
t 0.426697 0.904395 0
bt 0 0 1
t 0.426697 0.904395 0
bt 0 0 1
t 0.729492 0.68399 0
bt 0 0 1
t 0.729492 0.68399 0
bt 0 0 1
t 0.363892 0.93124 0.0193804
bt -0.773792 0.277639 -0.569353
t 0.663227 0.748166 -0.0194301
bt -0.59967 0.562336 -0.569363
t 0.660294 0.750806 -0.0173762
bt -0.632283 0.608235 -0.479862
t 0.917602 0.397501 0
bt 0 0 -1
t 0.915859 0.401304 -0.0125929
bt -0.0827941 0.312782 -0.94621
t 0.687087 0.726466 0.0125698
bt -0.200301 0.254106 -0.946208
t 0.68399 0.729492 0
bt 0 0 -1
t -0.920032 0.391433 0.0178957
bt -0.301698 -0.762837 -0.57189
t -0.746637 0.664992 -0.0178583
bt -0.561123 -0.598367 -0.571925
t -0.74912 0.662239 -0.0160415
bt -0.608097 -0.633295 -0.478703
t 0.840416 0.535098 -0.0858602
bt -0.627654 0.632484 -0.453888
t 0.852419 0.513663 -0.0976368
bt -0.320018 0.738812 -0.593081
t 0.715607 0.697727 0.0329155
bt -0.587332 0.550707 -0.593096
t 0.917602 0.397501 0
bt 0 0 1
t 0.917602 0.397501 0
bt 0 0 1
t 0.68399 0.729492 0
bt 0 0 1
t 0.68399 0.729492 0
bt 0 0 1
t -0.426697 0.904395 0
bt 0 0 -1
t -0.430226 0.902648 -0.011513
bt -0.307118 -0.0954394 -0.946874
t -0.726772 0.686782 0.011524
bt -0.250472 -0.201734 -0.946872
t -0.729492 0.68399 0
bt 0 0 -1
t -0.463377 0.885643 -0.0303043
bt -0.728111 -0.343599 -0.593123
t -0.70036 0.713148 0.0302678
bt -0.550728 -0.587312 -0.593096
t -0.426774 0.904359 0
bt 0 0 1
t -0.426774 0.904359 0
bt 0 0 1
t -0.729492 0.68399 0
bt 0 0 1
t -0.729492 0.68399 0
bt 0 0 1
t -0.840416 0.535098 -0.0858602
bt 0.348761 0.805062 -0.479834
t -0.337737 0.941241 0
bt 0 0 -1
t -0.457883 0.883638 0.0976089
bt 0.757838 0.271914 -0.593081
t -0.337737 0.941241 0
bt 0 0 1
t -0.337737 0.941241 0
bt 0 0 1
t 0.840416 0.535098 -0.0858602
bt -0.348761 0.805062 -0.479834
t 0.337737 0.941241 0
bt 0 0 -1
t 0.337737 0.941241 0
bt 0 0 1
t 0.337737 0.941241 0
bt 0 0 1
t -1 0 0
bt 0 0 -1
t -0.997803 0.0212252 -0.0627558
bt 0.0806965 0.319256 -0.944226
t 0.988001 0.126699 0.0883277
bt 0 -0.820317 -0.571909
t -0.986359 0.132534 -0.097628
bt 0.320239 0.762717 -0.56188
t -0.965205 0.247011 0.0858253
bt 0.348687 0.805076 -0.479864
t -0.957783 0.270421 0.0975943
bt 0.319992 0.738823 -0.593081
t -1 0 0
bt 0 0 1
t -1 0 0
bt 0 0 1
t 1 0 0
bt 0 0 -1
t 0.997803 0.0212267 -0.06276
bt 0 0.320301 -0.947316
t -0.988001 0.126698 0.0883267
bt 0 -0.820317 -0.571909
t 0.986359 0.132531 -0.0976254
bt 0 0.805119 -0.593114
t 0.957783 0.27042 0.0975955
bt -0.320018 0.738812 -0.593081
t 0.965205 0.247009 0.0858263
bt -0.348713 0.805065 -0.479864
t 1 0 0
bt 0 0 1
t 1 0 0
bt 0 0 1

