g sponza_118
t 0 0 -1
bt -1 0 -5.90551e-05
t 0.000877451 0 -1
bt -1 0 0
t 0 0 -1
bt -1 0 -8.85826e-05
t 0 0 -1
bt -1 0 -5.90551e-05
t 0 0 -1
bt -1 0 0
t 0 -1 0
bt 0.707111 0 -0.707102
t 0 -1 0
bt 1 0 0
t -0.00192505 -0.966035 -0.258403
bt 1 0 0
t -0.223654 -0.951585 -0.210864
bt 0.716158 0.0605155 -0.69531
t 0 -1 0
bt -0.707102 -0.000790185 -0.707111
t 0 -1 0
bt 0.707111 0 -0.707102
t -0.223654 -0.951585 -0.210864
bt 0.716158 0.0605155 -0.69531
t -0.222682 -0.951595 0.21185
bt -0.689834 0.0551477 -0.721864
t -0.829182 -0.544561 -0.126135
bt 0.225881 -0.400248 -0.888132
t -0.829331 -0.544422 0.12576
bt -0.226457 0.399922 -0.888133
t -0.137024 -0.562518 0.815351
bt -0.899175 -0.376102 -0.223675
t -0.177589 -0.419259 0.890328
bt -0.939219 -0.319567 -0.125478
t -0.102262 -0.891639 0.441047
bt -0.760442 -0.337914 -0.554565
t -0.97607 -0.209185 -0.0594041
bt 0.0428429 -0.213745 -0.97595
t -0.976032 -0.209862 0.0576048
bt -0.0432113 0.214398 -0.97579
t 0.00148163 -0.693522 -0.720434
bt 1 0 0
t 0.000220273 -0.505394 -0.862889
bt 1 0 0
t -0.0345827 -0.228585 -0.97291
bt 0.981425 0.187988 -0.0382839
t -0.058782 -0.534657 -0.843022
bt 0.899175 0.376102 -0.223675
t -0.750672 0 -0.660675
bt 0 -1 0
t -0.750672 0 -0.660675
bt 0 -1 0
t -0.750672 0 -0.660675
bt 0 -1 0
t -0.750672 0 -0.660675
bt 0 -1 0
t 0 0 -1
bt 0 -1 0
t 0 0 -1
bt 0 -1 0
t 0 0 -1
bt 0 -1 0
t 0 0 -1
bt 0 -1 0
t 0.750672 0 -0.660675
bt 0 -1 0
t 0.750672 0 -0.660675
bt 0 -1 0
t 0.750672 0 -0.660675
bt 0 -1 0
t 0.750672 0 -0.660675
bt 0 -1 0
t 1 0 0
bt 0 -1 0
t 1 0 0
bt 0 -1 0
t 1 0 0
bt 0 -1 0
t 1 0 0
bt 0 -1 0
t 0.90083 -0.0540223 0.430798
bt -0.343705 -0.590749 0.729988
t 0.499648 0.0751147 0.862966
bt -0.78086 -0.556098 0.284628
t 0.508553 0.0574947 0.859109
bt -0.563275 -0.526982 0.636406
t 0.904234 -0.069482 0.421347
bt -0.242426 -0.592333 0.768356
t -0.311706 0.0631851 0.948076
bt -0.780846 -0.556099 -0.284662
t -0.12546 0.207054 0.970252
bt -0.858299 -0.446054 0.253691
t -0.65705 -0.184901 0.730819
bt -0.418585 -0.478789 -0.771718
t -0.900829 0.0540233 0.430799
bt -0.343708 -0.590749 -0.729987
t -0.904233 0.069483 0.421349
bt -0.137668 -0.586969 -0.797819
t -1 0 0
bt 0.31797 -0.596415 -0.73701
t -1 0 0
bt 0.31797 -0.596415 -0.73701
t 0.921934 -0.140447 0.360989
bt -0.283115 -0.655065 0.700525
t 0.356753 0.0762179 0.931085
bt -0.796648 -0.577622 0.178056
t 0.425757 0.0233936 0.904535
bt -0.214637 -0.943814 0.25129
t 0.935357 -0.0220971 0.353013
bt -0.0838096 -0.960407 0.265695
t -0.271346 -0.0125602 0.9624
bt -0.773505 -0.576825 -0.262607
t -0.398463 0.0678372 0.914672
bt -0.35755 -0.931437 0.0676988
t -0.452003 -0.126677 0.882976
bt -0.106282 -0.889352 -0.4447
t -0.916835 0.130566 0.377314
bt -0.293797 -0.619072 -0.728308
t -0.935357 0.0220976 0.353013
bt -0.051477 -0.95939 -0.277348
t -1 0 0
bt 0.21609 -0.702495 -0.67809
t -1 0 0
bt 0.138144 -0.96137 -0.238084
t 0.0397118 -0.647549 0.760989
bt -0.990209 -0.115977 -0.0776903
t -0.0350411 -0.565372 0.824091
bt -0.87635 -0.402369 -0.264783
t -0.0795266 -0.360139 0.929503
bt -0.947893 -0.300051 -0.107087
t -0.0486569 -0.231895 0.971523
bt -0.981228 -0.188897 -0.0388528
t 0.0633185 -0.60589 -0.793025
bt 0.989801 0.128985 -0.0604693
t 0.0426179 -0.14864 -0.987973
bt 0.829189 0.552789 -0.0828814
t -0.825694 -0.564077 0.00680494
bt 0.082988 -0.121215 -0.989151
t -0.825297 -0.564694 -0.00222394
bt -0.083219 0.121537 -0.989092
t 0.356753 0.0762179 0.931085
bt -0.796648 -0.577622 0.178056
t 0.959795 0.0521122 0.275823
bt -0.327799 -0.638397 0.696417
t 0.92309 0.349611 0.160244
bt -0.149814 -0.467908 0.870987
t 0.92309 0.349613 0.16024
bt -0.386231 -0.524743 0.758598
t 0.955889 0.0671641 0.285946
bt -0.49967 -0.619662 0.605268
t 0.501962 0.0605531 0.862767
bt -0.803051 -0.586405 0.106007
t 0.49187 0.078189 0.867151
bt -0.748747 -0.604054 0.272939
t -0.319013 0.0659402 0.945454
bt -0.748749 -0.604054 -0.272936
t -0.329227 0.0836636 0.940537
bt -0.662036 -0.601782 -0.446729
t -0.903681 0.0559434 0.424536
bt -0.327806 -0.638377 -0.696432
t -0.907466 0.0710481 0.414075
bt -0.3278 -0.638397 -0.696417
t 0.92309 -0.349609 0.160247
bt 0.386227 -0.524743 -0.7586
t 0.92309 -0.349611 0.160244
bt 0.149822 -0.46791 -0.870984
t 0.959794 -0.0521072 0.275828
bt 0.327801 -0.638397 -0.696417
t 0.955887 -0.0671592 0.285952
bt 0.499674 -0.619661 -0.605265
t 0.501962 -0.0605531 0.862767
bt 0.748734 -0.604075 -0.272932
t 0.49187 -0.078189 0.867151
bt 0.801221 -0.589208 -0.104299
t -0.329227 -0.0836636 0.940537
bt 0.662035 -0.601782 0.446731
t -0.319013 -0.0659402 0.945454
bt 0.748749 -0.604054 0.272935
t -0.90368 -0.0559445 0.424538
bt 0.327807 -0.638377 0.696432
t -0.907465 -0.0710486 0.414076
bt 0.135037 -0.634906 0.760697
t 0.755696 -0.326872 0.567519
bt 0.153646 -0.914891 -0.37332
t 0.731943 0.248588 0.634401
bt -0.124319 -0.959778 0.251736
t 0.941104 -0.0246119 0.337221
bt 0.168937 -0.919769 -0.35424
t 0.432069 -0.0310772 0.901305
bt 0.398618 -0.9056 -0.144884
t -0.402593 -0.0381634 0.914583
bt 0.350096 -0.903412 0.247546
t -0.932937 -0.0297015 0.358812
bt 0.0671504 -0.917906 0.391074
t 0.873791 -0.403992 0.270701
bt 0.346825 -0.671277 -0.655057
t 0.948577 -0.0664618 0.30949
bt 0.415435 -0.755968 -0.505891
t 0.466169 -0.0802538 0.881048
bt 0.677584 -0.729725 -0.0915484
t -0.343873 -0.0688539 0.936488
bt 0.629439 -0.7424 0.229455
t -0.912899 -0.0565792 0.404244
bt 0.270878 -0.77149 0.575697
t 0 -1 0
bt 1 0 0
t 0 -1 0
bt 1 0 0
t 0 -1 0
bt 1 0 0
t 0 -1 0
bt 1 0 0
t 0 -1 0
bt 0 0 -1
t 0 -1 0
bt 0 0 -1
t 0 -1 0
bt 0 0 -1
t 0 -1 0
bt 0 0 -1
t 0 -1 0
bt -1 0 0
t 0 -1 0
bt -1 0 0
t 0 -1 0
bt -1 0 0
t 0 -1 0
bt -1 0 0
t 0 -1 0
bt 0 0 -1
t 0 -1 0
bt 0 0 -1
t 0 -1 0
bt 0 0 -1
t 0 -1 0
bt 0 0 -1
t 0.00604389 0 0.999982
bt 1 0 0
t -0.590153 0 0.807291
bt 1 0 0
t 0.00604389 0 0.999982
bt 1 0 0
t 0.00604389 0 0.999982
bt 1 0 0
t 0.750601 0 -0.660755
bt 0 0 -1
t 0.999898 0 -0.0142589
bt 0 0 -1
t 0.750601 0 -0.660755
bt 0 0 -1
t 0.750601 0 -0.660755
bt 0 0 -1
t -0.999898 0 0.0142922
bt 0 0 -1
t -0.999879 0 0.0155473
bt 0 0 -1
t -0.999898 0 0.0142922
bt 0 0 -1
t -0.999898 0 0.0142922
bt 0 0 -1
t 0.018866 0 0.999822
bt -1 0 0
t 0.00114712 0 0.999999
bt -1 0 0
t 0.018866 0 0.999822
bt -1 0 0
t 0.018866 0 0.999822
bt -1 0 0
t 0 -0.719498 -0.694495
bt 1 0 0
t -1 -1.9393e-06 -2.115e-06
bt -0.327792 -0.638404 -0.696415
t -1 0 0
bt 0.294102 -0.645853 -0.704541
t -1 0 0
bt -0.294096 -0.645906 0.704495
t -1 0 0
bt -0.294096 -0.645906 0.704495
t -1 0 0
bt -0.103109 -0.935123 0.338988
t -1 0 0
bt -0.240844 -0.777905 0.580395
t 0 -1 0
bt 1 0 0
t 0 -1 0
bt 1 0 0
t 0 -1 0
bt 1 0 0
t 0 -1 0
bt 1 0 0
t -0.0198307 0 -0.999803
bt 1 0 0
t 0 0 -1
bt 1 0 0
t -0.0198307 0 -0.999803
bt 1 0 0
t -0.0198307 0 -0.999803
bt 1 0 0
t 1 0 0
bt 0 -1 0
t 1 0 0
bt 0 -1 0
t 0.961726 -0.0499894 0.269415
bt 0.343673 -0.590698 -0.730044
t 1 0 0
bt -0.317974 -0.596414 -0.737009
t 1 0 0
bt 0.343663 -0.590749 -0.730008
t 0.958196 -0.0653623 0.278547
bt 0.34366 -0.59075 -0.730008
t 0.939491 -0.0182462 0.342087
bt 0.132022 -0.959809 -0.247665
t 1 0 0
bt -0.138143 -0.96137 -0.238084
t 1 0 0
bt 0.241018 -0.698284 -0.674025
t 0.972448 0.00834695 0.232972
bt 0.293879 -0.619065 -0.728281
t 0.825135 0.187394 0.53295
bt 0.592447 -0.59346 -0.544804
t 0.821554 0.172733 0.543334
bt 0.327706 -0.638429 -0.696432
t 0.73213 -0.0314983 0.680436
bt 0.573352 -0.651847 -0.496349
t 0.73213 -0.0314983 0.680436
bt 0.573352 -0.651847 -0.496349
t 0.907466 -0.0710473 0.414075
bt -0.134974 -0.634901 0.760712
t 0.73213 0.0314983 0.680436
bt -0.573353 -0.651847 0.496348
t 0.732132 0.031501 0.680434
bt -0.332743 -0.630234 0.70149
t 0.821554 -0.172733 0.543334
bt -0.327706 -0.638429 0.696432
t 0.709949 -0.0157294 0.704077
bt 0.189593 -0.966832 -0.171143
t 0.712827 0.0214123 0.701013
bt -0.258019 -0.932749 0.251804
t 0.932937 -0.0296993 0.358812
bt -0.0671845 -0.917909 0.391063
t 0.72397 0.0310238 0.689133
bt -0.276951 -0.764835 0.581657
t 0.9129 -0.0565774 0.404243
bt -0.270972 -0.771487 0.575658
t 0 -0.966034 -0.258416
bt -1 -3.45667e-07 -9.25658e-08
t 0.0349246 -0.928081 -0.370738
bt -0.737246 0.270592 -0.619071
t 0.137118 -0.576197 -0.805727
bt -0.886663 0.394563 -0.241141
t 0.000115708 -0.693534 -0.720424
bt -1 -1.03735e-06 -1.07775e-06
t 0.0729169 -0.287213 -0.955087
bt -0.965666 0.250206 -0.0698964
t -0.0204118 -0.251712 -0.967587
bt -0.968653 0.240706 -0.0614202
t -0.040793 -0.609125 -0.792024
bt -0.99017 0.119325 -0.0729657
t -0.00367144 -0.719493 -0.69449
bt -1 0 0
t 0 -0.505393 -0.862889
bt -1 0 0
t 0.07811 -0.288445 -0.954305
bt -0.965666 0.250206 -0.0698964
t 1 0 0
bt -0.294105 -0.645852 -0.70454
t 0.972672 -0.183558 0.142183
bt 0.327706 -0.638429 -0.696432
t 0.976615 -0.169118 0.13275
bt -0.267611 -0.547478 -0.792876
t 1 0 0
bt -0.294105 -0.645852 -0.70454
t 0.972672 0.183555 0.142187
bt -0.327706 -0.638429 0.696432
t 1 0 0
bt 0.2941 -0.645905 0.704494
t 1 0 0
bt 0.2941 -0.645905 0.704494
t 1 0 0
bt 0.103108 -0.935123 0.338988
t 1 0 0
bt 0.240845 -0.777904 0.580395
t 0 -1 0
bt -1 0 0
t 0 -1 0
bt -1 0 0
t 0 -1 0
bt -1 0 0
t 0 -1 0
bt -1 0 0
t 0 0 -1
bt -1 0 0
t -0.000712526 0 -1
bt -1 0 0
t 0 0 -1
bt -1 0 0
t 0 0 -1
bt -1 0 0
t 0 -1 0
bt -0.70712 0 -0.707093
t -1 0 0
bt 0 -1 0
t -1 0 0
bt 0 -1 0
t -1 0 0
bt 0 -1 0
t -1 0 0
bt 0 -1 0
t 0.936336 0.325474 0.13169
bt -0.115338 -0.412295 0.90372
t 0.936293 0.325579 0.131732
bt -0.115365 -0.412295 0.903717
t 0.87635 0.402372 0.264777
bt -0.220677 -0.63337 0.741717
t 0 -1 0
bt -1 0 0
t 0 -1 0
bt -1 0 0
t 0 -1 0
bt -1 0 0
t 0 -1 0
bt -1 0 0
t 0.750601 0 -0.660756
bt -1 0 0
t 0.260002 0 -0.965608
bt -1 0 0
t 0.750601 0 -0.660756
bt -1 0 0
t 0.750601 0 -0.660756
bt -1 0 0
t 0 0 -1
bt 1 0 0
t 0 0 -1
bt 1 0 0
t 0 0 -1
bt 1 0 0
t 0 -1 0
bt -1 0 0
t 0 -1 0
bt -0.70712 0 -0.707093
t 0.0542841 -0.282717 -0.957666
bt -0.965666 0.250206 -0.0698984
t 0.707107 0 0.707106
bt 0 -1 0
t 0.750672 0 0.660675
bt 0 -1 0
t 0.750672 0 0.660675
bt 0 -1 0
t 0.707107 0 0.707107
bt 0 -1 0
t 0.734723 -0.0306865 0.677672
bt 0.34819 -0.582393 -0.734563
t 0.734726 -0.0306895 0.677669
bt 0.604459 -0.604321 -0.519062
t 0.739033 -0.0281781 0.67308
bt 0.44415 -0.505866 -0.73948
t -0.110465 -0.350213 -0.930134
bt -0.930269 0.348586 -0.114403
t 0 -1 0
bt -1 0 0
t 0 -1 0
bt -1 0 0
t 0 -1 0
bt -1 0 0
t 0 -1 0
bt -1 0 0
t 0.590072 0 0.80735
bt -1 0 0
t 0.0128684 0 0.999917
bt -1 0 0
t 0.590072 0 0.80735
bt -1 0 0
t 0.590072 0 0.80735
bt -1 0 0
t 1 0 -1.70866e-06
bt 8.73327e-05 0 1
t 1 0 -0.000868955
bt 0 0 1
t 1 0 -1.60223e-06
bt 5.82218e-05 0 1
t 1 0 -1.60223e-06
bt 5.82218e-05 0 1
t 1 0 -1.38936e-06
bt 0 0 1
t 0.258403 -0.966037 0
bt 0 0 -1
t 0 -1 0
bt 0 0 -1
t 0 -1 0
bt 0.707102 0 -0.707111
t 0.210874 -0.951586 0.223645
bt 0.69531 0.0605158 -0.716158
t 0.210874 -0.951586 0.223645
bt 0.69531 0.0605158 -0.716158
t 0 -1 0
bt 0.707102 0 -0.707111
t 0 -1 0
bt 0.707111 -0.000790182 0.707102
t -0.211853 -0.951595 0.222679
bt 0.721864 0.0551482 0.689834
t -0.125777 -0.544428 0.829324
bt 0.888133 0.399922 0.226457
t 0.126165 -0.544572 0.82917
bt 0.888132 -0.400248 -0.225882
t -0.441058 -0.891635 0.102248
bt 0.554565 -0.337914 0.760442
t -0.890333 -0.419255 0.177573
bt 0.12548 -0.319566 0.939219
t -0.815355 -0.562515 0.137015
bt 0.223676 -0.376102 0.899176
t -0.0575715 -0.209855 0.976036
bt 0.97579 0.214398 0.0432113
t 0.0593978 -0.209183 0.976071
bt 0.97595 -0.213745 -0.0428429
t 0.972909 -0.228586 0.0345851
bt 0.038284 0.187988 -0.981425
t 0.862844 -0.50547 0
bt 0 0 -1
t 0.720434 -0.693522 -0.00147195
bt 0 0 -1
t 0.843519 -0.534047 0.0571816
bt 0.223675 0.376102 -0.899175
t -0.660675 0 -0.750672
bt 0 -1 0
t -0.660675 0 -0.750672
bt 0 -1 0
t -0.660675 0 -0.750672
bt 0 -1 0
t -0.660675 0 -0.750672
bt 0 -1 0
t -1 0 0
bt 0 -1 0
t -1 0 0
bt 0 -1 0
t -1 0 0
bt 0 -1 0
t -1 0 0
bt 0 -1 0
t -0.660675 0 0.750672
bt 0 -1 0
t -0.660675 0 0.750672
bt 0 -1 0
t -0.660675 0 0.750672
bt 0 -1 0
t -0.660675 0 0.750672
bt 0 -1 0
t 0 0 1
bt 0 -1 0
t 0 0 1
bt 0 -1 0
t 0 0 1
bt 0 -1 0
t 0 0 1
bt 0 -1 0
t -0.859125 0.0575682 -0.508517
bt -0.636499 -0.526913 0.563234
t -0.862966 0.0751142 -0.499647
bt -0.284752 -0.556102 0.780812
t -0.430756 -0.0540975 -0.900846
bt -0.730046 -0.590724 0.343625
t -0.421348 -0.0694823 -0.904233
bt -0.768388 -0.592331 0.242331
t -0.943695 0.0809733 0.320755
bt -0.0769977 -0.500154 0.862506
t -0.948079 0.0631609 0.3117
bt 0.284642 -0.556164 0.780808
t -0.421316 0.0695216 0.904245
bt 0.730004 -0.590757 0.343658
t -0.430803 0.0540266 0.900827
bt 0.501829 -0.526274 0.686442
t 0 0 1
bt 0.737009 -0.596414 -0.317975
t 0 0 1
bt 0.730009 -0.590749 0.34366
t -0.904535 0.0233943 -0.425757
bt -0.251274 -0.943816 0.214645
t -0.931082 0.0762214 -0.356757
bt -0.178041 -0.577622 0.796652
t -0.36099 -0.140448 -0.921933
bt -0.700514 -0.655062 0.283149
t -0.353013 -0.022098 -0.935357
bt -0.265689 -0.960408 0.0838251
t -0.911357 0.0288154 0.410608
bt -0.0375943 -0.937555 0.345801
t -0.9624 -0.0125609 0.271347
bt 0.262586 -0.576826 0.773511
t -0.353013 0.022098 0.935357
bt 0.247677 -0.95981 0.13199
t -0.377317 0.130568 0.916834
bt 0.60046 -0.567522 0.563353
t 0 0 1
bt 0.238084 -0.96137 -0.138143
t 0 0 1
bt 0.674035 -0.698295 0.240958
t -0.929507 -0.360133 0.0795048
bt 0.107087 -0.300051 0.947893
t -0.824114 -0.565344 0.0349749
bt 0.264783 -0.402368 0.87635
t -0.76099 -0.647545 -0.0397382
bt 0.0776885 -0.115979 0.990209
t -0.971525 -0.231891 0.0486388
bt 0.0388505 -0.188897 0.981228
t 0.987973 -0.148638 -0.0426209
bt 0.0828816 0.552789 -0.829189
t 0.793017 -0.605922 -0.0631057
bt 0.0604694 0.128985 -0.989801
t 0.00216432 -0.564701 0.825292
bt 0.989092 0.121539 0.0832159
t -0.00676135 -0.564082 0.825691
bt 0.989151 -0.121215 -0.082988
t -0.931082 0.0762214 -0.356757
bt -0.178041 -0.577622 0.796652
t -0.275826 0.0521095 -0.959794
bt -0.757459 -0.635935 0.147793
t -0.285947 0.0671638 -0.955889
bt -0.696445 -0.638378 0.327779
t -0.160244 0.349611 -0.92309
bt -0.870982 -0.467912 0.149827
t -0.160244 0.349611 -0.92309
bt -0.870982 -0.467912 0.149827
t -0.74396 0.194063 -0.639424
bt -0.742746 -0.527688 0.412159
t -0.86715 0.0781904 -0.491872
bt -0.273 -0.604056 0.748724
t -0.945454 0.0659322 0.319012
bt 0.27293 -0.604102 0.748712
t -0.965071 -0.215966 -0.148312
bt 0.2379 -0.495401 0.835453
t -0.940512 0.0837454 0.329278
bt 0.446735 -0.601814 0.662003
t -0.424536 0.0559427 0.903681
bt 0.696447 -0.638378 0.327772
t -0.414075 0.0710479 0.907466
bt 0.760704 -0.634903 0.135008
t -0.275829 -0.052107 -0.959793
bt 0.696429 -0.638398 -0.327773
t -0.160244 -0.349611 -0.92309
bt 0.87098 -0.467914 -0.149836
t -0.160247 -0.349609 -0.92309
bt 0.758613 -0.524739 -0.386206
t -0.285951 -0.0671598 -0.955888
bt 0.605288 -0.619668 -0.499639
t -0.862766 -0.0605544 -0.501964
bt 0.272993 -0.604078 -0.748709
t -0.86715 -0.0781904 -0.491872
bt 0.104344 -0.589214 -0.801211
t -0.940537 -0.0836638 0.329227
bt -0.272938 -0.604075 -0.748731
t -0.945454 -0.0659322 0.319012
bt -0.272929 -0.604102 -0.748712
t -0.424538 -0.0559448 0.90368
bt -0.485859 -0.575052 -0.658222
t -0.414075 -0.0710479 0.907466
bt -0.760703 -0.634904 -0.135012
t -0.634402 0.248584 -0.731943
bt -0.251781 -0.959772 0.124272
t -0.567519 -0.326872 -0.755696
bt 0.373337 -0.914887 -0.153627
t -0.337221 -0.0246131 -0.941104
bt 0.354232 -0.919768 -0.168957
t -0.901305 -0.0310784 -0.43207
bt 0.144888 -0.905601 -0.398617
t -0.914583 -0.0381631 0.402593
bt -0.161662 -0.906039 -0.391098
t -0.358812 -0.0297012 0.932937
bt -0.391069 -0.917907 -0.0671654
t -0.270718 -0.404101 -0.873736
bt 0.655085 -0.671251 -0.346822
t -0.30949 -0.0664719 -0.948577
bt 0.50596 -0.75592 -0.415439
t -0.881049 -0.0802532 -0.466168
bt 0.091579 -0.729729 -0.677575
t -0.936488 -0.0688543 0.343873
bt -0.229468 -0.7424 -0.629433
t -0.404243 -0.0565781 0.9129
bt -0.420495 -0.719554 -0.552653
t 0 -1 0
bt 0 0 -1
t 0 -1 0
bt 0 0 -1
t 0 -1 0
bt 0 0 -1
t 0 -1 0
bt 0 0 -1
t 0 -1 0
bt 1 0 0
t 0 -1 0
bt 1 0 0
t 0 -1 0
bt 1 0 0
t 0 -1 0
bt 1 0 0
t 0 -1 0
bt 0 0 1
t 0 -1 0
bt 0 0 1
t 0 -1 0
bt 0 0 1
t 0 -1 0
bt 0 0 1
t 0 -1 0
bt 1 0 0
t 0 -1 0
bt 1 0 0
t 0 -1 0
bt 1 0 0
t 0 -1 0
bt 1 0 0
t -0.999982 0 -0.00607176
bt 0 0 -1
t -0.807325 0 0.590108
bt 0 0 -1
t -0.999982 0 -0.00607176
bt 0 0 -1
t -0.999982 0 -0.00607176
bt 0 0 -1
t 0.660837 0 -0.750529
bt 1 0 -1.38936e-06
t 0.0141548 0 -0.9999
bt 1 0 -1.42349e-06
t 0.660837 0 -0.750529
bt 1 0 -1.38936e-06
t 0.660837 0 -0.750529
bt 1 0 -1.38936e-06
t -0.014188 0 0.999899
bt 1 0 -1.38936e-06
t -0.0157629 0 0.999876
bt 1 0 -1.42335e-06
t -0.014188 0 0.999899
bt 1 0 -1.38936e-06
t -0.014188 0 0.999899
bt 1 0 -1.38936e-06
t -0.999823 0 -0.0188345
bt 0 0 1
t -0.999999 0 -0.00138979
bt 0 0 1
t -0.999823 0 -0.0188345
bt 0 0 1
t -0.999823 0 -0.0188345
bt 0 0 1
t 0.694495 -0.719498 0
bt 0 0 -1
t 0 0 1
bt 0.704541 -0.645853 -0.294103
t 0 0 1
bt 0.704541 -0.645853 -0.294103
t 0 0 1
bt -0.704494 -0.645906 0.294098
t 0 0 1
bt -0.704494 -0.645906 0.294098
t 0 0 1
bt -0.338988 -0.935123 0.103109
t 0 0 1
bt -0.580395 -0.777904 0.240846
t 0 -1 0
bt 0 0 -1
t 0 -1 0
bt 0 0 -1
t 0 -1 0
bt 0 0 -1
t 0 -1 0
bt 0 0 -1
t 1 0 0
bt 0 0 -1
t 0.999803 0 0.0198548
bt 0 0 -1
t 1 0 0
bt 0 0 -1
t 1 0 0
bt 0 0 -1
t 0 0 1
bt 0 -1 0
t 0 0 1
bt 0 -1 0
t -0.112994 -0.162967 -0.98014
bt 0.817784 -0.494528 0.2944
t -0.278546 -0.0653626 -0.958196
bt 0.730008 -0.590751 -0.34366
t 0 0 -1
bt 0.737009 -0.596414 0.317975
t 0 0 -1
bt 0.737009 -0.596414 0.317975
t -0.342086 -0.018247 -0.939491
bt 0.291873 -0.956407 -0.00974844
t -0.232973 0.0083473 -0.972448
bt 0.728283 -0.619066 -0.293872
t 0 0 -1
bt 0.67809 -0.702496 0.216086
t 0 0 -1
bt 0.238084 -0.96137 0.138142
t -0.414077 0.0710496 -0.907465
bt 0.696442 -0.6384 -0.32774
t -0.680436 -0.0314982 -0.73213
bt 0.496323 -0.651846 -0.573377
t -0.680438 -0.0314969 -0.732129
bt 0.701473 -0.630239 -0.332768
t -0.424538 0.0559449 -0.90368
bt 0.696458 -0.638379 -0.327747
t -0.680438 0.0314969 -0.732129
bt -0.701476 -0.630238 0.332764
t -0.680436 0.0314982 -0.73213
bt -0.496322 -0.651846 0.573378
t -0.414078 -0.0710501 -0.907464
bt -0.760707 -0.634902 0.134994
t -0.424539 -0.055946 -0.903679
bt -0.696458 -0.638379 0.327748
t -0.701107 0.0214618 -0.712733
bt -0.251783 -0.932749 0.258039
t -0.704077 -0.0157292 -0.709949
bt 0.17112 -0.966832 -0.189616
t -0.358812 -0.0297 -0.932937
bt -0.391062 -0.917909 0.0671861
t -0.689133 0.0310247 -0.72397
bt -0.581684 -0.764828 0.276915
t -0.404242 -0.0565768 -0.9129
bt -0.57568 -0.771489 0.27092
t 0.258415 -0.966029 -0.00309028
bt 0 0 1
t 0.720424 -0.693534 -0.00012155
bt 0 0 1
t 0.804672 -0.577073 -0.139605
bt 0.24114 0.394564 0.886663
t 0.370742 -0.928079 -0.0349204
bt 0.619071 0.270592 0.737246
t 0.792024 -0.609126 0.0407826
bt 0.0729671 0.119324 0.99017
t 0.967713 -0.251184 0.0209354
bt 0.0615478 0.241085 0.96855
t 0.955085 -0.287216 -0.0729304
bt 0.0698964 0.250206 0.965666
t 0.69449 -0.719493 0.00366102
bt 0 0 1
t 0.862846 -0.505466 0
bt 0 0 1
t 0.954305 -0.288445 -0.0781088
bt 0.0698964 0.250206 0.965666
t 2.11501e-06 -1.93931e-06 -1
bt 0.69643 -0.638418 -0.32773
t 0 0 -1
bt 0.704541 -0.645853 0.294102
t 0 0 -1
bt -0.704494 -0.645906 -0.294097
t 0 0 -1
bt -0.704494 -0.645906 -0.294097
t 0 0 -1
bt -0.338988 -0.935123 -0.103109
t 0 0 -1
bt -0.580395 -0.777904 -0.240845
t 0 -1 0
bt 0 0 1
t 0 -1 0
bt 0 0 1
t 0 -1 0
bt 0 0 1
t 0 -1 0
bt 0 0 1
t 1 0 0.000822051
bt 0 0 1
t 1 0 0
bt 0 0 1
t 1 0 0.000822051
bt 0 0 1
t 1 0 0.000822051
bt 0 0 1
t 0 -1 0
bt 0.707093 0 0.70712
t 0 0 -1
bt 0 -1 0
t 0 0 -1
bt 0 -1 0
t 0 0 -1
bt 0 -1 0
t 0 0 -1
bt 0 -1 0
t -0.131695 0.32558 -0.936298
bt -0.90377 -0.412202 0.115283
t -0.131732 0.325579 -0.936293
bt -0.903746 -0.412261 0.115252
t -0.264783 0.402368 -0.87635
bt -0.741679 -0.63339 0.220745
t 0 -1 0
bt 0 0 1
t 0 -1 0
bt 0 0 1
t 0 -1 0
bt 0 0 1
t 0 -1 0
bt 0 0 1
t 0.965683 0 -0.259723
bt 0 0 1
t 0.660836 0 -0.75053
bt 0 0 1
t 0.965683 0 -0.259723
bt 0 0 1
t 0.965683 0 -0.259723
bt 0 0 1
t 1 0 -1.70866e-06
bt 0 0 -1
t 1 0 -1.70866e-06
bt 0 0 -1
t 1 0 -1.70866e-06
bt 0 0 -1
t 0 -1 0
bt 0 0 1
t 0 -1 0
bt 0.707093 0 0.70712
t 0.957664 -0.282722 -0.0543021
bt 0.0698964 0.250206 0.965666
t 0.660675 0 0.750672
bt 0 -1 0
t 0.660675 0 0.750672
bt 0 -1 0
t 0.707107 0 0.707106
bt 0 -1 0
t 0.707107 0 0.707107
bt 0 -1 0
t -0.67767 -0.0306893 -0.734726
bt 0.519025 -0.604319 -0.604492
t -0.551251 0.18177 -0.814298
bt 0.563366 -0.543747 -0.622059
t -0.67767 -0.0306893 -0.734726
bt 0.519025 -0.604319 -0.604492
t -0.673069 -0.0281863 -0.739042
bt 0.575243 -0.516822 -0.634027
t 0.930134 -0.350214 0.110463
bt 0.114409 0.348584 0.930269
t 0 -1 0
bt 0 0 1
t 0 -1 0
bt 0 0 1
t 0 -1 0
bt 0 0 1
t 0 -1 0
bt 0 0 1
t -0.999916 0 -0.0129793
bt 0 0 1
t -0.807381 0 -0.59003
bt 0 0 1
t -0.999916 0 -0.0129793
bt 0 0 1
t -0.999916 0 -0.0129793
bt 0 0 1

