g sponza_112
t 1 0 0
bt -0.00228471 -0.989993 0.141099
t 1 0 0
bt 0 -0.989995 0.141099
t 1 0 0
bt -0.0015302 -0.971897 0.235399
t 1 0 0
bt -0.00144638 -0.969116 0.246602
t 0 0 1
bt -0.119196 -0.992867 -0.00284349
t 0 0 1
bt -0.211898 -0.977288 -0.00253659
t 0 0 1
bt -0.211898 -0.97729 -0.00189035
t 0 0 1
bt -0.119196 -0.992867 -0.00284349
t 0 0 1
bt 0 -1 0.000368121
t 0 0 1
bt 0 -1 -0.000371463
t 0 0 1
bt 0 -1 0.000368121
t 0 0 1
bt 0 -1 0.000368121
t -1 0 0
bt -0.000342655 -1 0
t -1 0 0
bt 0 -1 0
t -1 0 0
bt -0.000342655 -1 0
t -1 0 0
bt -0.000342655 -1 0
t 1 0 0
bt 0.0232527 -0.595655 0.802904
t 1 0 0
bt 0.0895961 -0.593419 0.799891
t 1 0 0
bt 0.0232527 -0.595655 0.802904
t 1 0 0
bt 0.0232527 -0.595655 0.802904
t 0 0 1
bt -0.566006 -0.498499 -0.65661
t 0 0 1
bt -0.571347 -0.503203 0.648344
t 0 0 1
bt -0.566006 -0.498499 -0.65661
t 0 0 1
bt -0.566006 -0.498499 -0.65661
t 1 0 0
bt 0.00100448 -0.707706 -0.706506
t 1 0 0
bt 0 -0.707707 -0.706507
t 1 0 0
bt 0.00100448 -0.707706 -0.706506
t 1 0 0
bt 0.00100448 -0.707706 -0.706506
t 0 0 1
bt 0.643689 -0.765287 0.000674424
t 0 0 1
bt 0.643689 -0.765287 -0.000634719
t 0 0 1
bt 0.643689 -0.765287 0.000674424
t 0 0 1
bt 0.643689 -0.765287 0.000674424
t 1 0 0
bt 0.00344071 -0.668292 0.743891
t 1 0 0
bt 0 -0.668296 0.743896
t 1 0 0
bt 0.00344071 -0.668292 0.743891
t 1 0 0
bt 0.00344071 -0.668292 0.743891
t 0 0 1
bt -0.683881 -0.72958 0.00440545
t 0 0 1
bt -0.683854 -0.729551 0.0099873
t 0 0 1
bt -0.683881 -0.72958 0.00440545
t 0 0 1
bt -0.683881 -0.72958 0.00440545
t 1 0 0
bt -0.00195966 -0.668295 -0.743894
t 1 0 0
bt 0 -0.668296 -0.743896
t 1 0 0
bt -0.00195966 -0.668295 -0.743894
t 1 0 0
bt -0.00195966 -0.668295 -0.743894
t 0 0 1
bt 0.683885 -0.729584 -0.00282082
t 0 0 1
bt 0.683839 -0.729535 -0.0119819
t 0 0 1
bt 0.683885 -0.729584 -0.00282082
t 0 0 1
bt 0.683885 -0.729584 -0.00282082
t 1 0 0
bt -1.56069e-05 -0.9024 0.4309
t 1 0 0
bt 8.56843e-05 -0.910374 0.413786
t 1 0 0
bt -0.000151771 -0.868138 0.496322
t 1 0 0
bt -0.000151771 -0.868138 0.496322
t 0 0 1
bt -0.376883 -0.926261 -0.000401402
t 0 0 1
bt -0.434005 -0.90091 0.000501994
t 0 0 1
bt -0.434005 -0.90091 -0.000566563
t 0 0 1
bt -0.376883 -0.926261 -0.000364689
t 0.658176 0.272329 0.701884
bt -0.214946 -0.976125 0.0312728
t 0.588326 -0.182158 0.787839
bt -0.327897 -0.9419 0.0728581
t 0.667108 0.118301 0.735507
bt -0.322265 -0.944165 0.0685365
t 0.658176 0.272329 0.701884
bt -0.214946 -0.976125 0.0312728
t -0.609014 0.125003 0.783247
bt -0.0641097 -0.92787 -0.36735
t -0.675468 -0.176237 0.716019
bt -0.0729261 -0.926834 -0.36832
t -0.574642 0.286326 0.766684
bt -0.0235656 -0.96645 -0.255771
t -0.574642 0.286326 0.766684
bt -0.0235656 -0.96645 -0.255771
t 0.631421 -0.206548 0.747426
bt 0.0204264 -0.999684 0.0146236
t 0.617245 -0.294041 0.72976
bt 0.00675231 -0.999976 -0.0016085
t 0.631478 -0.206548 0.747378
bt 0.0204275 -0.999684 0.0146227
t 0.631478 -0.206548 0.747378
bt 0.0204275 -0.999684 0.0146227
t -0.629164 -0.207909 0.74895
bt -0.0123262 -0.99963 0.0242546
t -0.609288 -0.317954 0.726412
bt 0.0013472 -0.999967 0.00802462
t -0.629221 -0.207909 0.748902
bt -0.0123281 -0.99963 0.024253
t -0.629221 -0.207909 0.748902
bt -0.0123281 -0.99963 0.024253
t 0.358388 0.244596 0.900961
bt 0.817247 -0.562849 -0.123727
t -0.0301579 0.471856 0.881159
bt 0.821684 -0.559029 -0.111005
t 0.358328 0.244498 0.901011
bt 0.817214 -0.562903 -0.123699
t 0.358328 0.244498 0.901011
bt 0.817214 -0.562903 -0.123699
t -0.865942 0.340537 0.366306
bt 0.109265 -0.506611 0.855223
t -0.871136 0.480891 0.0993237
bt 0.0675137 -0.488807 0.869775
t -0.866018 0.340412 0.366241
bt 0.109188 -0.506737 0.855159
t -0.8659 0.340605 0.36634
bt 0.10926 -0.50662 0.855218
t 0.627153 -0.0129361 0.778789
bt -0.554677 -0.499378 0.665549
t 0.644207 -4.33122e-05 0.764851
bt -0.575101 -0.501328 0.646474
t 0.627153 -0.0129361 0.778789
bt -0.554677 -0.499378 0.665549
t 0.627153 -0.0129361 0.778789
bt -0.554677 -0.499378 0.665549
t -0.644346 -0.000137908 0.764734
bt -0.554292 -0.499388 -0.665862
t -0.644119 -5.23564e-05 0.764925
bt -0.562035 -0.500112 -0.65879
t -0.644401 -1.63184e-05 0.764688
bt -0.554288 -0.499398 -0.665858
t -0.644401 -1.63184e-05 0.764688
bt -0.554288 -0.499398 -0.665858
t 0.301843 -0.256441 0.918221
bt -0.849851 -0.514433 0.114507
t 0.644136 2.04499e-05 0.764911
bt -0.860508 -0.503474 0.0777171
t 0.301789 -0.256342 0.918266
bt -0.849819 -0.514493 0.114479
t 0.301843 -0.256441 0.918221
bt -0.849851 -0.514433 0.114507
t -0.860577 -0.270272 0.431696
bt -0.10926 -0.462307 -0.879963
t -0.64416 -4.25474e-05 0.764891
bt -0.0340197 -0.43129 -0.901572
t -0.860565 -0.270294 0.431706
bt -0.10924 -0.462345 -0.879946
t -0.860622 -0.270189 0.431658
bt -0.109206 -0.462407 -0.879917
t 0.644232 0.00015783 0.76483
bt 0.874336 -0.483749 -0.0390247
t 0.0361475 0.3936 0.918571
bt 0.877138 -0.479507 -0.0264896
t 0.64417 4.22425e-05 0.764882
bt 0.8743 -0.483817 -0.0389939
t 0.644137 -2.04934e-05 0.76491
bt 0.874302 -0.483814 -0.0389953
t -0.644194 -2.02876e-05 0.764862
bt 0.0355106 -0.425217 0.904395
t -0.899106 0.390928 0.196935
bt 0.0122459 -0.415265 0.909618
t -0.644256 -0.000135872 0.76481
bt 0.0354726 -0.425288 0.904363
t -0.644161 4.24394e-05 0.76489
bt 0.0355502 -0.425143 0.904428
t 0.472699 -0.29428 0.830635
bt -0.569995 -0.818407 0.072908
t 0.518407 -0.190613 0.833619
bt -0.640445 -0.759974 0.110769
t 0.442595 -0.283936 0.850582
bt -0.64829 -0.755303 0.0961076
t 0.50166 -0.258322 0.825595
bt -0.561283 -0.824785 0.0685
t -0.77231 -0.322412 0.547347
bt -0.0703498 -0.696212 -0.714381
t -0.738182 -0.203423 0.6432
bt -0.0908546 -0.706513 -0.701844
t -0.744336 -0.332245 0.57929
bt -0.0497387 -0.765254 -0.641805
t -0.734291 -0.289049 0.61422
bt -0.0461766 -0.772431 -0.633417
t 0.000101014 0 1
bt 1 0 0.000681788
t 0 0 1
bt 0.998846 0 0.0480392
t -0.00451056 0 0.99999
bt 1 0 0.000681788
t -0.00338291 0 0.999994
bt 1 0 0.000511341
t -0.0138344 0 0.999904
bt 1 0 0
t 0 0 1
bt 1 0 0
t -1 0 0
bt 0 -0.989981 -0.141197
t -1 0 0
bt 0.00223283 -0.969114 -0.246602
t -1 0 0
bt 0 -0.971875 -0.235496
t -1 0 0
bt 0 -0.989981 -0.141197
t 1 0 0
bt 0 -1 0
t 1 0 0
bt -0.000342655 -1 0
t 1 0 0
bt 0 -1 0
t 1 0 0
bt 0 -1 0
t -1 9.24957e-06 1.24644e-05
bt -0.442448 -0.534382 -0.720192
t -1 1.33608e-05 1.80047e-05
bt -0.551812 -0.496945 -0.669738
t -1 9.24957e-06 1.24644e-05
bt -0.442448 -0.534382 -0.720192
t -1 9.24957e-06 1.24644e-05
bt -0.442448 -0.534382 -0.720192
t -1 0 0
bt 0 -0.707707 0.706507
t -1 -1.39622e-05 1.3939e-05
bt -0.00169996 -0.707706 0.706505
t -1 0 0
bt 0 -0.707707 0.706507
t -1 0 0
bt 0 -0.707707 0.706507
t -1 0 0
bt 0 -0.668296 -0.743896
t -1 0 0
bt -0.00630881 -0.668283 -0.743881
t -1 0 0
bt 0 -0.668296 -0.743896
t -1 0 0
bt 0 -0.668296 -0.743896
t -1 0 0
bt 0 -0.668296 0.743896
t -1 0 0
bt 0.00773442 -0.668276 0.743873
t -1 0 0
bt 0 -0.668296 0.743896
t -1 0 0
bt 0 -0.668296 0.743896
t -1 -3.73557e-06 -1.78374e-06
bt 8.66229e-05 -0.9024 -0.4309
t -1 0 0
bt -0.000151768 -0.868095 -0.496397
t -1 -4.13884e-06 -2.36658e-06
bt 0 -0.868095 -0.496397
t -1 -2.41217e-06 -1.09602e-06
bt 0 -0.910374 -0.413786
t 0 0 -1
bt -0.999989 0 0.00471881
t 0 0 -1
bt -0.999917 0 0.0128506
t 0 0 -1
bt -1 0 0
t 0 0 -1
bt -1 0 0
t 0 0 -1
bt -0.999258 0 0.038507
t 0 0 -1
bt -0.999258 0 0.038507

