g sponza_106
t 0 0 1
bt -0.0971963 -0.995263 -0.00231456
t 0 0 1
bt -0.0971966 -0.995265 0
t 0 0 1
bt -0.164705 -0.986342 -0.00154662
t 0 0 1
bt -0.172904 -0.984938 -0.00146375
t -1 0 0
bt 0.00195171 -0.992869 -0.119196
t -1 0 0
bt 0.00167267 -0.97802 -0.208503
t -1 0 0
bt 0.0012822 -0.978021 -0.208503
t -1 0 0
bt 0.00195171 -0.992869 -0.119196
t -1 0 0
bt -0.000235615 -1 0
t -1 0 0
bt 0.00029252 -1 0
t -1 0 0
bt -0.000235615 -1 0
t -1 0 0
bt -0.000235615 -1 0
t 0 0 -1
bt 0 -1 -0.000300799
t 0 0 -1
bt 0 -1 0
t 0 0 -1
bt 0 -1 -0.000300799
t 0 0 -1
bt 0 -1 -0.000300799
t 0 0 1
bt -0.678534 -0.734012 0.0286014
t 0 0 1
bt -0.674677 -0.72984 0.110197
t 0 0 1
bt -0.678534 -0.734012 0.0286014
t 0 0 1
bt -0.678534 -0.734012 0.0286014
t -1 0 0
bt 0.512596 -0.567549 -0.644309
t -1 0 0
bt -0.504399 -0.570748 -0.647942
t -1 0 0
bt 0.512596 -0.567549 -0.644309
t -1 0 0
bt 0.512596 -0.567549 -0.644309
t 0 0 1
bt 0.564881 -0.825172 0.00132211
t 0 0 1
bt 0.564881 -0.825172 0
t 0 0 1
bt 0.564881 -0.825172 0.00132211
t 0 0 1
bt 0.564881 -0.825172 0.00132211
t -1 0 0
bt -0.000356099 -0.765378 0.643581
t -1 0 0
bt 0.000605902 -0.765378 0.643581
t -1 0 0
bt -0.000356099 -0.765378 0.643581
t -1 0 0
bt -0.000356099 -0.765378 0.643581
t 0 0 1
bt -0.606885 -0.79478 0.00399598
t 0 0 1
bt -0.606889 -0.794786 0
t 0 0 1
bt -0.606885 -0.79478 0.00399598
t 0 0 1
bt -0.606885 -0.79478 0.00399598
t -1 0 0
bt -0.00306701 -0.729487 -0.683988
t -1 0 0
bt -0.00680292 -0.729474 -0.683975
t -1 0 0
bt -0.00306701 -0.729487 -0.683988
t -1 0 0
bt -0.00306701 -0.729487 -0.683988
t 0 0 1
bt 0.606888 -0.794784 -0.00236884
t 0 0 1
bt 0.606889 -0.794786 0
t 0 0 1
bt 0.606888 -0.794784 -0.00236884
t 0 0 1
bt 0.606888 -0.794784 -0.00236884
t -1 0 0
bt 0.00187647 -0.729489 0.68399
t -1 0 0
bt 0.0081941 -0.729466 0.683968
t -1 0 0
bt 0.00187647 -0.729489 0.68399
t -1 0 0
bt 0.00187647 -0.729489 0.68399
t 0 0 1
bt -0.313106 -0.949718 -1.49505e-05
t 0 0 1
bt -0.298895 -0.954286 8.38564e-05
t 0 0 1
bt -0.365003 -0.931007 -0.00014813
t 0 0 1
bt -0.365003 -0.931007 -0.00014813
t -1 0 0
bt 0.000290972 -0.928394 -0.371597
t -1 0 0
bt -0.000363139 -0.90095 -0.433924
t -1 0 0
bt 0.000402085 -0.900949 -0.433924
t -1 0 0
bt 0.000244346 -0.928394 -0.371597
t -0.593143 0.152185 0.790583
bt -0.0543834 -0.947135 -0.316193
t -0.658867 -0.212124 0.721733
bt -0.062083 -0.946443 -0.316847
t -0.552065 0.339319 0.761635
bt -0.0192003 -0.975855 -0.217576
t -0.552065 0.339319 0.761635
bt -0.0192003 -0.975855 -0.217576
t -0.635811 0.321523 -0.701689
bt 0.176408 -0.98396 -0.0265278
t -0.571265 -0.217252 -0.791491
bt 0.273751 -0.959788 -0.0621898
t -0.652915 0.143252 -0.743762
bt 0.268809 -0.961415 -0.0585106
t -0.635811 0.321523 -0.701689
bt 0.176408 -0.98396 -0.0265278
t -0.610696 -0.246228 0.75261
bt -0.0100492 -0.999741 0.0204308
t -0.590494 -0.347082 0.728595
bt 0.00109973 -0.999977 0.00672923
t -0.610696 -0.246228 0.75261
bt -0.0100492 -0.999741 0.0204308
t -0.610696 -0.246228 0.75261
bt -0.0100492 -0.999741 0.0204308
t -0.612741 -0.247996 -0.750364
bt -0.0166123 -0.999786 -0.0123234
t -0.586934 -0.37459 -0.717767
bt -0.00547626 -0.999984 0.00135197
t -0.612789 -0.247996 -0.750325
bt -0.0166135 -0.999786 -0.0123224
t -0.612847 -0.247995 -0.750278
bt -0.0166145 -0.999786 -0.0123216
t -0.837852 0.404518 0.366564
bt 0.10003 -0.572306 0.813916
t -0.821344 0.564014 0.0853385
bt 0.0625884 -0.553891 0.830233
t -0.837809 0.404576 0.3666
bt 0.100099 -0.572214 0.813973
t -0.837852 0.404518 0.366564
bt 0.10003 -0.572306 0.813916
t -0.339278 0.291725 -0.894308
bt -0.758055 -0.641282 0.118784
t 0.0150863 0.529432 -0.848219
bt -0.762938 -0.637596 0.106752
t -0.339212 0.291636 -0.894362
bt -0.758021 -0.641328 0.118756
t -0.339212 0.291636 -0.894362
bt -0.758021 -0.641328 0.118756
t -0.648144 -0.0155808 0.761358
bt -0.501936 -0.568048 -0.652213
t -0.631335 -6.24433e-07 0.77551
bt -0.52229 -0.570865 -0.633503
t -0.648144 -0.0155808 0.761358
bt -0.501936 -0.568048 -0.652213
t -0.648144 -0.0155808 0.761358
bt -0.501936 -0.568048 -0.652213
t -0.631282 2.94924e-05 -0.775553
bt 0.515033 -0.56995 -0.640233
t -0.631154 -8.72867e-05 -0.775657
bt 0.522241 -0.570904 -0.633508
t -0.631282 2.94924e-05 -0.775553
bt 0.515033 -0.56995 -0.640233
t -0.631317 -3.37492e-05 -0.775525
bt 0.515004 -0.570002 -0.64021
t -0.831442 -0.301241 0.46686
bt -0.101517 -0.52664 -0.844005
t -0.63146 1.67247e-05 0.775408
bt -0.0314923 -0.493558 -0.869142
t -0.831353 -0.301375 0.466933
bt -0.101597 -0.52652 -0.844071
t -0.831311 -0.301438 0.466967
bt -0.101592 -0.526527 -0.844066
t -0.256593 -0.323781 -0.910673
bt 0.797552 -0.592935 -0.111079
t -0.631348 -5.82137e-05 -0.7755
bt 0.809795 -0.581821 -0.0756017
t -0.256593 -0.323781 -0.910673
bt 0.797552 -0.592935 -0.111079
t -0.256593 -0.323781 -0.910673
bt 0.797552 -0.592935 -0.111079
t -0.631452 -4.32598e-06 0.775415
bt 0.0328829 -0.487046 0.872757
t -0.865404 0.454571 0.210812
bt 0.0119423 -0.476396 0.879149
t -0.631342 0.000162421 0.775504
bt 0.0329686 -0.486915 0.872827
t -0.631483 -5.25685e-05 0.77539
bt 0.0328602 -0.487081 0.872739
t -0.631402 0.000141554 -0.775456
bt -0.82651 -0.561631 0.0381022
t -0.0195968 0.460554 -0.887415
bt -0.829909 -0.557301 0.0258122
t -0.631331 3.41031e-05 -0.775513
bt -0.826499 -0.561648 0.038093
t -0.631331 3.41031e-05 -0.775513
bt -0.826499 -0.561648 0.038093
t -0.741952 -0.356227 0.567988
bt -0.0621065 -0.755017 -0.652758
t -0.720122 -0.243998 0.649531
bt -0.0802184 -0.764481 -0.639635
t -0.715269 -0.36362 0.596801
bt -0.0417914 -0.81393 -0.579457
t -0.708486 -0.32061 0.628695
bt -0.0376387 -0.819923 -0.571236
t -0.435732 -0.36916 -0.820889
bt 0.494182 -0.866926 -0.0649862
t -0.502533 -0.225634 -0.834595
bt 0.562885 -0.82038 -0.100678
t -0.404594 -0.357576 -0.841691
bt 0.570633 -0.816535 -0.0874571
t -0.473506 -0.318643 -0.821132
bt 0.485529 -0.872123 -0.0605211
t -1 0 0.000152271
bt -0.000465497 0 1
t -1 0 0
bt -0.032465 0 0.999473
t -0.999977 0 -0.00679913
bt -0.000465497 0 1
t -0.999987 0 -0.0050993
bt -0.000349123 0 1
t -0.999783 0 -0.0208532
bt 0 0 1
t -1 0 0
bt 0 0 1
t 0 0 -1
bt 0.0973947 -0.995246 0
t 0 0 -1
bt 0.172904 -0.984936 0.00222645
t 0 0 -1
bt 0.164705 -0.986343 0
t 0 0 -1
bt 0.0973947 -0.995246 0
t 0 0 1
bt 0 -1 0
t 0 0 1
bt 0 -1 -0.000300799
t 0 0 1
bt 0 -1 0
t 0 0 1
bt 0 -1 0
t -4.07003e-05 4.40384e-05 -1
bt 0.579893 -0.627484 -0.519603
t 0 0 -1
bt 0.526015 -0.569101 -0.632006
t -4.07003e-05 4.40384e-05 -1
bt 0.579893 -0.627484 -0.519603
t -0.000114137 -2.38256e-05 -1
bt 0.579812 -0.627559 -0.519603
t 0 0 -1
bt -0.564881 -0.825172 0
t 0 0 -1
bt -0.56488 -0.825171 -0.00183149
t 0 0 -1
bt -0.564881 -0.825172 0
t 0 0 -1
bt -0.564881 -0.825172 0
t 0 0 -1
bt 0.606715 -0.79492 0
t 0 0 -1
bt 0.606697 -0.794897 -0.00760061
t 0 0 -1
bt 0.606715 -0.79492 0
t 0 0 -1
bt 0.606715 -0.79492 0
t 0 0 -1
bt -0.606715 -0.79492 0
t 0 0 -1
bt -0.606689 -0.794886 0.00916146
t 0 0 -1
bt -0.606715 -0.79492 0
t 0 0 -1
bt -0.606715 -0.79492 0
t 0 0 -1
bt 0.313106 -0.949718 8.47479e-05
t 0 0 -1
bt 0.365089 -0.930973 -0.000148127
t 0 0 -1
bt 0.365089 -0.930973 0
t 0 0 -1
bt 0.298895 -0.954286 0
t 1 0 0
bt -0.00318059 0 -0.999995
t 1 0 0
bt -0.00871834 0 -0.999962
t 1 0 0
bt 0 0 -1
t 1 0 0
bt 0 0 -1
t 1 0 0
bt -0.0259768 0 -0.999663
t 1 0 0
bt -0.0259768 0 -0.999663

