g sponza_113
t 1 0 0
bt -0.00228472 -0.989993 0.141099
t 1 0 0
bt 0 -0.989995 0.141099
t 1 0 0
bt -0.00153021 -0.971897 0.2354
t 1 0 0
bt -0.00144639 -0.969116 0.246602
t 0 0 1
bt -0.119196 -0.992867 -0.00285798
t 0 0 1
bt -0.211898 -0.977288 -0.00253501
t 0 0 1
bt -0.211898 -0.97729 -0.00190005
t 0 0 1
bt -0.119196 -0.992867 -0.00285798
t 0 0 1
bt 0 -1 0.000368121
t 0 0 1
bt 0 -1 -0.00036798
t 0 0 1
bt 0 -1 0.000368121
t 0 0 1
bt 0 -1 0.000368121
t -1 0 0
bt -0.000342655 -1 0
t -1 0 0
bt 0 -1 0
t -1 0 0
bt -0.000342655 -1 0
t -1 0 0
bt -0.000342655 -1 0
t 1 0 0
bt 0.0232528 -0.595655 0.802904
t 1 0 0
bt 0.0895964 -0.593419 0.799891
t 1 0 0
bt 0.0232528 -0.595655 0.802904
t 1 0 0
bt 0.0232528 -0.595655 0.802904
t 0 0 1
bt -0.565996 -0.49849 -0.656625
t 0 0 1
bt -0.571346 -0.503202 0.648346
t 0 0 1
bt -0.565996 -0.49849 -0.656625
t 0 0 1
bt -0.565996 -0.49849 -0.656625
t 1 0 0
bt 0.00100452 -0.707706 -0.706506
t 1 0 0
bt 0 -0.707707 -0.706507
t 1 0 0
bt 0.00100452 -0.707706 -0.706506
t 1 0 0
bt 0.00100452 -0.707706 -0.706506
t 0 0 1
bt 0.643689 -0.765287 0.000714513
t 0 0 1
bt 0.643689 -0.765287 -0.000641874
t 0 0 1
bt 0.643689 -0.765287 0.000714513
t 0 0 1
bt 0.643689 -0.765287 0.000714513
t 1 0 0
bt 0.00344071 -0.668292 0.743891
t 1 0 0
bt 0 -0.668296 0.743896
t 1 0 0
bt 0.00344071 -0.668292 0.743891
t 1 0 0
bt 0.00344071 -0.668292 0.743891
t 0 0 1
bt -0.683881 -0.72958 0.00443593
t 0 0 1
bt -0.683854 -0.729551 0.00998825
t 0 0 1
bt -0.683881 -0.72958 0.00443593
t 0 0 1
bt -0.683881 -0.72958 0.00443593
t 1 0 0
bt -0.00195966 -0.668295 -0.743894
t 1 0 0
bt 0 -0.668296 -0.743896
t 1 0 0
bt -0.00195966 -0.668295 -0.743894
t 1 0 0
bt -0.00195966 -0.668295 -0.743894
t 0 0 1
bt 0.683885 -0.729584 -0.00285608
t 0 0 1
bt 0.683839 -0.729535 -0.0119819
t 0 0 1
bt 0.683885 -0.729584 -0.00285608
t 0 0 1
bt 0.683885 -0.729584 -0.00285608
t 1 0 0
bt -1.56073e-05 -0.9024 0.4309
t 1 0 0
bt 8.56839e-05 -0.910374 0.413786
t 1 0 0
bt -0.000151771 -0.868095 0.496397
t 1 0 0
bt -0.000151771 -0.868095 0.496397
t 0 0 1
bt -0.376883 -0.926261 -0.000402378
t 0 0 1
bt -0.434005 -0.90091 0.000500013
t 0 0 1
bt -0.434005 -0.90091 -0.000568025
t 0 0 1
bt -0.376883 -0.926261 -0.000365666
t 0.658177 0.272297 0.701895
bt -0.214952 -0.976124 0.0312644
t 0.588328 -0.182154 0.787839
bt -0.327898 -0.9419 0.0728577
t 0.667105 0.118277 0.735515
bt -0.322264 -0.944166 0.0685378
t 0.658177 0.272297 0.701895
bt -0.214952 -0.976124 0.0312644
t -0.609014 0.125002 0.783247
bt -0.0641008 -0.927867 -0.36736
t -0.675467 -0.176233 0.716021
bt -0.0729241 -0.926834 -0.368322
t -0.574645 0.286318 0.766685
bt -0.0235534 -0.966447 -0.255785
t -0.574645 0.286318 0.766685
bt -0.0235534 -0.966447 -0.255785
t 0.631421 -0.206548 0.747426
bt 0.0204264 -0.999684 0.0146236
t 0.617198 -0.294041 0.729799
bt 0.0067518 -0.999976 -0.00160807
t 0.631478 -0.206548 0.747378
bt 0.0204275 -0.999684 0.0146227
t 0.631478 -0.206548 0.747378
bt 0.0204275 -0.999684 0.0146227
t -0.629162 -0.207923 0.748948
bt -0.012327 -0.99963 0.0242555
t -0.609284 -0.317971 0.726407
bt 0.00134761 -0.999967 0.00802413
t -0.629267 -0.207924 0.748859
bt -0.0123298 -0.99963 0.0242532
t -0.629267 -0.207924 0.748859
bt -0.0123298 -0.99963 0.0242532
t 0.358376 0.244605 0.900963
bt 0.817263 -0.562836 -0.123683
t -0.0301672 0.471858 0.881158
bt 0.821731 -0.558957 -0.111015
t 0.358333 0.244535 0.901
bt 0.817268 -0.562826 -0.123688
t 0.358316 0.244507 0.901014
bt 0.817229 -0.56289 -0.123655
t -0.865935 0.340513 0.366343
bt 0.109245 -0.506603 0.85523
t -0.871136 0.480892 0.0993206
bt 0.0675127 -0.488807 0.869776
t -0.866011 0.340389 0.366279
bt 0.109169 -0.506728 0.855166
t -0.865876 0.34061 0.366393
bt 0.109281 -0.506545 0.85526
t 0.627157 -0.0129328 0.778785
bt -0.554679 -0.499378 0.665547
t 0.644202 -4.69897e-05 0.764855
bt -0.575099 -0.501328 0.646476
t 0.627157 -0.0129328 0.778785
bt -0.554679 -0.499378 0.665547
t 0.627157 -0.0129328 0.778785
bt -0.554679 -0.499378 0.665547
t -0.644346 -0.000137908 0.764734
bt -0.554292 -0.499388 -0.665862
t -0.644085 -2.64338e-05 0.764954
bt -0.562021 -0.500111 -0.658803
t -0.644401 -1.63184e-05 0.764688
bt -0.554288 -0.499398 -0.665858
t -0.644401 -1.63184e-05 0.764688
bt -0.554288 -0.499398 -0.665858
t 0.301843 -0.256441 0.918221
bt -0.849851 -0.514433 0.114507
t 0.644136 2.04499e-05 0.764911
bt -0.860508 -0.503474 0.0777171
t 0.301789 -0.256342 0.918266
bt -0.849819 -0.514493 0.114479
t 0.301843 -0.256441 0.918221
bt -0.849851 -0.514433 0.114507
t -0.86059 -0.270299 0.431652
bt -0.109276 -0.462313 -0.879958
t -0.644109 5.28461e-06 0.764934
bt -0.033995 -0.431279 -0.901578
t -0.860635 -0.270216 0.431614
bt -0.109221 -0.462414 -0.879912
t -0.860635 -0.270216 0.431614
bt -0.109221 -0.462414 -0.879912
t 0.644232 0.00015783 0.76483
bt 0.874336 -0.483749 -0.0390247
t 0.0361475 0.3936 0.918571
bt 0.877138 -0.479507 -0.0264896
t 0.64417 4.22425e-05 0.764882
bt 0.8743 -0.483817 -0.0389939
t 0.644137 -2.04934e-05 0.76491
bt 0.874302 -0.483814 -0.0389953
t -0.644142 -6.78072e-05 0.764906
bt 0.0354861 -0.425206 0.904401
t -0.899107 0.390948 0.196894
bt 0.0122579 -0.41527 0.909616
t -0.644204 -0.000183378 0.764854
bt 0.035448 -0.425278 0.904369
t -0.644109 -5.0658e-06 0.764934
bt 0.0355256 -0.425132 0.904434
t 0.4727 -0.29428 0.830635
bt -0.569992 -0.818409 0.0729134
t 0.518407 -0.190613 0.833619
bt -0.640445 -0.759974 0.110769
t 0.442596 -0.283935 0.850582
bt -0.648288 -0.755304 0.0961108
t 0.501663 -0.258316 0.825595
bt -0.561277 -0.824788 0.0685098
t -0.772399 -0.322372 0.547244
bt -0.0703222 -0.696256 -0.71434
t -0.738283 -0.203384 0.643097
bt -0.0908317 -0.706556 -0.701803
t -0.744341 -0.332282 0.579262
bt -0.049752 -0.765261 -0.641795
t -0.734335 -0.289043 0.614172
bt -0.0461406 -0.772469 -0.633374
t 0.000101014 0 1
bt 1 0 0.000681788
t 0 0 1
bt 0.998839 0 0.04817
t -0.00451056 0 0.99999
bt 1 0 0.000681788
t -0.00338291 0 0.999994
bt 1 0 0.000511341
t -0.0138344 0 0.999904
bt 1 0 0
t 0 0 1
bt 1 0 0
t -1 0 0
bt 0 -0.989981 -0.141197
t -1 0 0
bt 0.00223283 -0.969114 -0.246602
t -1 0 0
bt 0 -0.971875 -0.235496
t -1 0 0
bt 0 -0.989981 -0.141197
t 1 0 0
bt 0 -1 0
t 1 0 0
bt -0.000342655 -1 0
t 1 0 0
bt 0 -1 0
t 1 0 0
bt 0 -1 0
t -1 1.71778e-05 2.31482e-05
bt -0.442459 -0.534379 -0.720187
t -1 1.24128e-05 1.67272e-05
bt -0.551812 -0.496945 -0.669738
t -1 1.71778e-05 2.31482e-05
bt -0.442459 -0.534379 -0.720187
t -1 1.71778e-05 2.31482e-05
bt -0.442459 -0.534379 -0.720187
t -1 0 0
bt 0 -0.707707 0.706507
t -1 -1.29649e-05 1.29434e-05
bt -0.00169995 -0.707706 0.706506
t -1 0 0
bt 0 -0.707707 0.706507
t -1 0 0
bt 0 -0.707707 0.706507
t -1 0 0
bt 0 -0.668296 -0.743896
t -1 0 0
bt -0.00630853 -0.668283 -0.743881
t -1 0 0
bt 0 -0.668296 -0.743896
t -1 0 0
bt 0 -0.668296 -0.743896
t -1 0 0
bt 0 -0.668296 0.743896
t -1 0 0
bt 0.00773407 -0.668276 0.743873
t -1 0 0
bt 0 -0.668296 0.743896
t -1 0 0
bt 0 -0.668296 0.743896
t -1 0 0
bt 8.66232e-05 -0.9024 -0.4309
t -1 0 0
bt -0.000151768 -0.868095 -0.496397
t -1 0 0
bt 0 -0.868095 -0.496397
t -1 0 0
bt 0 -0.910374 -0.413786
t 0 0 -1
bt -0.999989 0 0.00471381
t 0 0 -1
bt -0.999917 0 0.0129097
t 0 0 -1
bt -1 0 0
t 0 0 -1
bt -1 0 0
t 0 0 -1
bt -0.999253 0 0.0386518
t 0 0 -1
bt -0.999253 0 0.0386518

