g sponza_22
t 0.999984 0 0.00565949
bt -0.000308726 0 -1
t 1 0 0
bt 0.0411267 0 -0.999154
t 1 0 -0.000415661
bt -0.000303662 0 -1
t 0.999991 0 0.00424459
bt -0.000227746 0 -1
t 0.999996 0 0.0026692
bt 0 0 -1
t 1 0 0
bt 1.51937e-05 0 -1
t 0.999834 0 0.0182248
bt 0 0 -1
t -1 0 0
bt 4.67954e-05 -1 0
t -1 0 0
bt 0 -1 0
t -1 0 0
bt 4.67954e-05 -1 0
t -1 0 0
bt 4.67954e-05 -1 0
t 0 0 1
bt 0 -1 -0.000529183
t 0 0 1
bt 0 -1 -0.000114541
t 0 0 1
bt 0 -1 -0.000529183
t 0 0 1
bt 0 -1 -0.000529183
t 1 0 0
bt -0.00243668 -0.992868 0.119196
t 1 0 0
bt -0.0010886 -0.99287 0.119196
t 1 0 0
bt -0.0012593 -0.981803 0.1899
t 1 0 0
bt -0.00156392 -0.977658 0.210194
t 0 0 1
bt -0.119196 -0.992868 -0.0024048
t 4.38281e-07 2.0386e-06 1
bt -0.210201 -0.977653 -0.00320597
t 0 0 1
bt -0.210201 -0.977655 -0.00241507
t 0 0 1
bt -0.119196 -0.992868 -0.0024048
t -1 0 0
bt -0.000354309 -1 0
t -1 0 0
bt 0 -1 0
t -1 0 0
bt -0.000354309 -1 0
t -1 0 0
bt -0.000354309 -1 0
t 0 0 1
bt 0 -1 0.000302028
t 0 0 1
bt 0 -1 -0.000311101
t 0 0 1
bt 0 -1 0.000302028
t 0 0 1
bt 0 -1 0.000302028
t 1 0 0
bt -0.591768 -0.532832 0.604897
t 1 0 0
bt -0.170141 -0.651356 0.739451
t 1 0 0
bt -0.591768 -0.532832 0.604897
t 1 0 0
bt -0.591768 -0.532832 0.604897
t 0 0 1
bt -0.602939 -0.531026 -0.595379
t -0.000951467 -0.000837986 0.999999
bt -0.604984 -0.532828 0.591683
t 0 0 1
bt -0.602939 -0.531026 -0.595379
t 0 0 1
bt -0.602939 -0.531026 -0.595379
t 1 0 0
bt 0.00120004 -0.765336 -0.64363
t 1 0 0
bt 0.00590075 -0.765323 -0.643619
t 1 0 0
bt 0.00120004 -0.765336 -0.64363
t 1 0 0
bt 0.00120004 -0.765336 -0.64363
t 0 0 1
bt 0.643689 -0.765287 0.000573058
t 0 0 1
bt 0.643689 -0.765287 -0.000603294
t 0 0 1
bt 0.643689 -0.765287 0.000573058
t 0 0 1
bt 0.643689 -0.765287 0.000573058
t 1 0 0
bt 0.00333611 -0.729486 0.683987
t 1 0 0
bt -0.00916747 -0.72946 0.683962
t 1 0 0
bt 0.00333611 -0.729486 0.683987
t 1 0 0
bt 0.00333611 -0.729486 0.683987
t 0 0 1
bt -0.683986 -0.729485 0.00370021
t 0 0 1
bt -0.683967 -0.729464 0.00842971
t 0 0 1
bt -0.683986 -0.729485 0.00370021
t 0 0 1
bt -0.683986 -0.729485 0.00370021
t 1 0 0
bt -0.00176277 -0.729489 -0.68399
t 1 0 0
bt 0.00930238 -0.729459 -0.683961
t 1 0 0
bt -0.00176277 -0.729489 -0.68399
t 1 0 0
bt -0.00176277 -0.729489 -0.68399
t 0 0 1
bt 0.683989 -0.729488 -0.00232346
t 0 0 1
bt 0.683956 -0.729453 -0.0101167
t 0 0 1
bt 0.683989 -0.729488 -0.00232346
t 0 0 1
bt 0.683989 -0.729488 -0.00232346
t 1 0 0
bt 0.000101695 -0.927306 0.374303
t 1 0 0
bt 0.00116915 -0.94013 0.340814
t 1 0 0
bt 5.09824e-05 -0.90095 0.433924
t 1 0 0
bt 5.09824e-05 -0.90095 0.433924
t 0 0 1
bt -0.374388 -0.927272 -0.000341768
t 0 0 1
bt -0.434005 -0.90091 0.000438747
t 0 0 1
bt -0.434005 -0.90091 -0.000482484
t 2.47001e-07 6.11719e-07 1
bt -0.374388 -0.927272 -0.000305968
t 4.38589e-07 2.04004e-06 1
bt -0.21022 -0.977654 4.90034e-05
t 4.38589e-07 2.04004e-06 1
bt -0.21022 -0.977654 4.90034e-05
t -0.579522 0.255062 0.774014
bt -0.558816 -0.826229 -0.0712093
t -0.55855 0.287742 0.777963
bt -0.570628 -0.819418 -0.0542045
t -0.580197 0.213353 0.786036
bt -0.634181 -0.765983 -0.105289
t -0.580197 0.213353 0.786036
bt -0.634181 -0.765983 -0.105289
t 0.707107 4.09095e-08 0.707107
bt 6.82215e-05 -1 -0.000497469
t 0.707107 4.10184e-09 0.707107
bt 1.82537e-05 -1 -0.000547436
t 0.707107 4.09095e-08 0.707107
bt 6.82215e-05 -1 -0.000497469
t 0.707107 4.09095e-08 0.707107
bt 6.82215e-05 -1 -0.000497469
t -0.707107 -4.10184e-09 0.707107
bt 9.13438e-05 -1 0.000474346
t -0.707107 -3.63718e-08 0.707107
bt 0.000703448 -1 -0.000137758
t -0.707107 -4.10184e-09 0.707107
bt 9.13438e-05 -1 0.000474346
t -0.707107 -4.10184e-09 0.707107
bt 9.13438e-05 -1 0.000474346
t 0.728187 0.140134 0.670899
bt -0.322507 -0.94443 0.06358
t 0.653703 -0.191695 0.732069
bt -0.319329 -0.945265 0.0670995
t 0.709003 0.314286 0.6313
bt -0.217583 -0.975755 0.0236593
t 0.709003 0.314286 0.6313
bt -0.217583 -0.975755 0.0236593
t -0.690682 0.219912 0.68891
bt 0.005718 -0.999981 0.00234294
t -0.6623 0.355677 0.659433
bt 0.0140712 -0.999883 -0.00601107
t -0.690731 0.219911 0.688861
bt 0.00571841 -0.999981 0.00234334
t -0.69078 0.219911 0.688812
bt 0.00571824 -0.999981 0.00234317
t 0.689521 -0.227252 0.687689
bt 0.0203892 -0.999716 0.0123304
t 0.664939 -0.345556 0.662153
bt 0.00672282 -0.999977 -0.00133808
t 0.689521 -0.227252 0.687689
bt 0.0203892 -0.999716 0.0123304
t 0.68957 -0.227251 0.687641
bt 0.0203907 -0.999716 0.012329
t -0.314771 -0.347256 0.883364
bt 0.798167 -0.582147 0.155033
t -0.0838109 -0.481599 0.872375
bt 0.834509 -0.547499 0.0619586
t -0.314771 -0.347256 0.883364
bt 0.798167 -0.582147 0.155033
t -0.314771 -0.347256 0.883364
bt 0.798167 -0.582147 0.155033
t 0.405163 0.283407 0.869209
bt 0.819138 -0.564019 -0.104378
t -0.018653 0.529395 0.848171
bt 0.823198 -0.559971 -0.0936913
t 0.405163 0.283407 0.869209
bt 0.819138 -0.564019 -0.104378
t 0.405163 0.283407 0.869209
bt 0.819138 -0.564019 -0.104378
t -0.707112 -4.20152e-06 0.707102
bt -0.581022 -0.534835 -0.613485
t -0.707102 4.60889e-06 0.707112
bt -0.595669 -0.534975 -0.59915
t -0.707112 -4.20152e-06 0.707102
bt -0.581022 -0.534835 -0.613485
t -0.707112 -4.20152e-06 0.707102
bt -0.581022 -0.534835 -0.613485
t 0.707111 4.19306e-06 0.707102
bt -0.600986 -0.534969 0.593821
t 0.707102 -4.61542e-06 0.707112
bt -0.5937 -0.534969 0.601107
t 0.707111 4.19306e-06 0.707102
bt -0.600986 -0.534969 0.593821
t 0.707111 4.19306e-06 0.707102
bt -0.600986 -0.534969 0.593821
t -0.309771 0.318645 0.895828
bt -0.83866 -0.528155 -0.133047
t -0.707191 -2.84902e-06 0.707022
bt -0.834394 -0.531948 -0.144288
t -0.309758 0.31862 0.895841
bt -0.838624 -0.528222 -0.13301
t -0.309758 0.31862 0.895841
bt -0.838624 -0.528222 -0.13301
t 0.373766 -0.277924 0.884905
bt -0.84192 -0.525116 0.124196
t 0.707192 2.87969e-06 0.707022
bt -0.868914 -0.493431 0.0389258
t 0.37375 -0.277895 0.884921
bt -0.841883 -0.525183 0.12416
t 0.37375 -0.277895 0.884921
bt -0.841883 -0.525183 0.12416
t -0.707192 2.17863e-06 0.707022
bt 0.832378 -0.53008 0.161748
t -0.166869 -0.393235 0.904169
bt 0.889096 -0.456541 -0.0328456
t -0.707192 2.17863e-06 0.707022
bt 0.832378 -0.53008 0.161748
t -0.707192 2.17863e-06 0.707022
bt 0.832378 -0.53008 0.161748
t 0.707192 -2.21192e-06 0.707022
bt 0.874546 -0.483828 -0.0328645
t 0.0237475 0.460557 0.887313
bt 0.877219 -0.479575 -0.0222183
t 0.707192 -2.21192e-06 0.707022
bt 0.874546 -0.483828 -0.0328645
t 0.707192 -2.21192e-06 0.707022
bt 0.874546 -0.483828 -0.0328645
t -0.665438 0.208047 0.716875
bt -0.208836 -0.9774 -0.0328127
t -0.711346 -0.292764 0.638965
bt -0.207603 -0.977619 -0.0340994
t -0.650458 0.20076 0.73253
bt -0.313352 -0.946773 -0.0736925
t -0.650458 0.20076 0.73253
bt -0.313352 -0.946773 -0.0736925
t 0.482486 -0.33747 0.808283
bt -0.652046 -0.75434 0.0762027
t 0.577671 -0.216892 0.786927
bt -0.638658 -0.763208 0.0981348
t 0.515887 -0.349274 0.78222
bt -0.572662 -0.818189 0.0512335
t 0.549039 -0.302043 0.779311
bt -0.570068 -0.819761 0.0548986
t 0 0 1
bt 0.659 -0.65751 0.365239
t 0 0 1
bt 0.667697 -0.666188 -0.332228
t 0 0 1
bt 0.659 -0.65751 0.365239
t 0 0 1
bt 0.659 -0.65751 0.365239
t 0.7071 9.41713e-05 0.707114
bt 0.604577 -0.580649 -0.545283
t 0.707186 6.7976e-06 0.707027
bt 0.432227 -0.57081 -0.698109
t 0.707042 -2.09437e-05 0.707172
bt 0.604575 -0.580654 -0.545281
t 0.707042 -2.09437e-05 0.707172
bt 0.604575 -0.580654 -0.545281
t 0.999959 0.00638052 0.00639317
bt 0.133936 -0.700042 -0.701429
t 1 0 0
bt 0.334982 -0.665593 -0.666912
t 0.999959 0.00638052 0.00639317
bt 0.133936 -0.700042 -0.701429
t 0.999959 0.00638052 0.00639317
bt 0.133936 -0.700042 -0.701429
t -0.875896 0.227308 0.425603
bt 0.569558 -0.581143 0.581272
t -0.841379 0.164894 0.514676
bt 0.734156 -0.562637 0.380071
t -0.875842 0.227414 0.425656
bt 0.569558 -0.581142 0.581272
t -0.875842 0.227414 0.425656
bt 0.569558 -0.581142 0.581272
t 0 0 1
bt 0 -1 0
t 0 0 1
bt 0 -1 0
t 0 0 1
bt 0 -1 0
t 0 0 1
bt 0 -1 0
t 0.707107 0 0.707107
bt 0 -1 0
t 0.707107 0 0.707107
bt 0 -1 0
t 0.707107 0 0.707107
bt 0 -1 0
t 0.707107 0 0.707107
bt 0 -1 0
t 1 0 0
bt 0 -1 0
t 1 0 0
bt 0 -1 0
t 1 0 0
bt 0 -1 0
t 1 0 0
bt 0 -1 0
t -0.707107 0 0.707107
bt 0 -1 0
t -0.707107 0 0.707107
bt 0 -1 0
t -0.707107 0 0.707107
bt 0 -1 0
t -0.707107 0 0.707107
bt 0 -1 0
t 0 0 1
bt -0.519957 -0.800992 -0.296744
t -0.00207925 -0.00320308 0.999993
bt -0.524212 -0.807546 0.270316
t 0 0 1
bt -0.519957 -0.800992 -0.296744
t 0 0 1
bt -0.519957 -0.800992 -0.296744
t 0.999969 0.00658988 -0.00427568
bt -0.294894 -0.801588 0.520091
t 0.999969 0.00658559 -0.0042729
bt -0.049319 -0.837873 0.543633
t 0.999969 0.00658988 -0.00427568
bt -0.294894 -0.801588 0.520091
t 0.999969 0.00658988 -0.00427568
bt -0.294894 -0.801588 0.520091
t -0.578461 0.170767 0.797635
bt -0.468991 -0.740884 -0.480769
t -0.655705 0.0745895 0.751323
bt -0.515477 -0.73964 -0.432685
t -0.578492 0.170806 0.797604
bt -0.469015 -0.740853 -0.480793
t -0.578461 0.170767 0.797635
bt -0.468991 -0.740884 -0.480769
t 0.707045 8.72736e-06 0.707169
bt -0.500577 -0.74038 0.44862
t 0.707117 1.62703e-05 0.707096
bt -0.449494 -0.740444 0.499699
t 0.707045 8.72736e-06 0.707169
bt -0.500577 -0.74038 0.44862
t 0.707008 5.6224e-05 0.707206
bt -0.50055 -0.740414 0.448594
t 0 0 -1
bt 0 1 0
t 0 0 -1
bt 0 1 0
t 0 0 -1
bt 0 1 0
t 0 0 -1
bt 0 1 0
t -0.707207 0 -0.707007
bt 0 1 0
t -0.707207 0 -0.707007
bt 0 1 0
t -0.707207 0 -0.707007
bt 0 1 0
t -0.707207 0 -0.707007
bt 0 1 0
t 1 0 0
bt 0 1 0
t 1 0 0
bt 0 1 0
t 1 0 0
bt 0 1 0
t 1 0 0
bt 0 1 0
t 0.707207 0 -0.707007
bt 0 1 0
t 0.707207 0 -0.707007
bt 0 1 0
t 0.707207 0 -0.707007
bt 0 1 0
t 0.707207 0 -0.707007
bt 0 1 0
t 0.0877643 0.185487 0.978719
bt 0.76797 -0.224203 0.599963
t 0.259711 0.0058481 0.965669
bt 0.647527 -0.450302 -0.614766
t -0.259681 -0.00586586 0.965677
bt 0.632099 -0.444857 0.63447
t -0.291421 -0.0831516 0.952974
bt 0.626734 -0.444922 0.639725
t 1 0 0
bt 0.632711 -0.443937 -0.634505
t 1 0 0
bt 0.161788 -0.565722 -0.808569
t 0.965664 -0.0058381 0.259728
bt 0.634333 -0.444897 -0.632209
t 0.952974 -0.0831516 0.291421
bt 0.639569 -0.444951 -0.626872
t -0.762392 -0.217569 0.609445
bt 0.609652 -0.45165 0.651411
t -0.871166 -0.029825 0.490082
bt 0.612142 -0.449725 0.650407
t 0.651419 -0.135058 0.746601
bt 0.651738 -0.449982 -0.610535
t 0 0 1
bt 0.942602 0 0.333918
t 0 0 1
bt 0.942867 0 -0.333169
t 0 0 1
bt 0.942602 0 0.333918
t 0 0 1
bt 0.942602 0 0.333918
t 0.707183 0 0.707031
bt 0.936067 0 -0.351821
t 0.862856 0 0.505449
bt 0.321151 0 -0.947028
t 0.707183 0 0.707031
bt 0.936067 0 -0.351821
t 0.707183 0 0.707031
bt 0.936067 0 -0.351821
t 1 0 0
bt 0.120564 0 -0.992706
t 1 0 0
bt 0.120564 0 -0.992706
t 1 0 0
bt 0.120564 0 -0.992706
t -0.939204 0 0.34336
bt 0.409698 0 0.912221
t -0.707126 0 0.707088
bt 0.949036 0 0.315166
t -0.866311 0 0.499505
bt 0.584737 0 0.811223
t -0.866311 0 0.499505
bt 0.584737 0 0.811223
t 0.252725 0 0.967538
bt -0.944789 0 0.32768
t 0 0 1
bt -0.942867 0 -0.333169
t 0 0 1
bt -0.942602 0 0.333918
t 0 0 1
bt -0.942602 0 0.333918
t -0.707183 0 0.707031
bt -0.940227 0 -0.340548
t -0.862866 0 0.505433
bt -0.503251 0 -0.86414
t -0.707183 0 0.707031
bt -0.940227 0 -0.340548
t -0.707183 0 0.707031
bt -0.940227 0 -0.340548
t -1 0 0
bt 0.253198 0 -0.967415
t -0.862866 0 0.505433
bt -0.503251 0 -0.86414
t -1 0 0
bt 0.253198 0 -0.967415
t -1 0 0
bt 0.253198 0 -0.967415
t 0.862894 0 0.505385
bt -0.345592 0 0.938385
t 0.707183 0 0.707031
bt -0.351797 0 0.936076
t 0.862894 0 0.505385
bt -0.276466 0 0.961024
t -1 -2.71304e-06 -5.55244e-07
bt 0.00210793 -0.979692 -0.200499
t -1 0 0
bt 0 -0.992871 -0.119196
t -1 -2.78585e-06 -3.34468e-07
bt 0.00315118 -0.992866 -0.119196
t -1 -1.80076e-06 -3.87186e-07
bt 0.00210949 -0.977657 -0.210194
t -0.999999 0.00109339 0.00124127
bt -0.582969 -0.537053 -0.609689
t -1 0 0
bt 0.340552 -0.621483 -0.705538
t -0.999999 0.00109339 0.00124127
bt -0.582969 -0.537053 -0.609689
t -0.999999 0.00109339 0.00124127
bt -0.582969 -0.537053 -0.609689
t -1 0 0
bt 0 -0.765336 0.643631
t -1 0 0
bt 0.000503961 -0.765336 0.643631
t -1 0 0
bt 0 -0.765336 0.643631
t -1 0 0
bt 0 -0.765336 0.643631
t -1 0 0
bt 0.00351502 -0.729486 -0.683987
t -1 0 0
bt 0 -0.72949 -0.683991
t -1 0 0
bt 0.00351502 -0.729486 -0.683987
t -1 0 0
bt 0.00351502 -0.729486 -0.683987
t -1 0 0
bt 0 -0.72949 0.683991
t -1 0 0
bt -0.00195022 -0.729489 0.68399
t -1 0 0
bt 0 -0.72949 0.683991
t -1 0 0
bt 0 -0.72949 0.683991
t -1 0 0
bt -0.000504124 -0.900949 -0.433924
t -1 0 0
bt -2.72193e-07 -0.933573 -0.358388
t -1 0 0
bt -0.000337071 -0.927306 -0.374303
t -1 0 0
bt -0.000504124 -0.900949 -0.433924
t -1 -0.000676633 0.000677974
bt -0.145917 -0.698846 0.700231
t -0.999991 0.0029829 -0.00298881
bt 0.388497 -0.650918 0.652208
t -1 -0.000676633 0.000677974
bt -0.145917 -0.698846 0.700231
t -1 -0.000676633 0.000677974
bt -0.145917 -0.698846 0.700231
t -1 0 0
bt 0 -1 0
t -1 0 0
bt 0 -1 0
t -1 0 0
bt 0 -1 0
t -1 0 0
bt 0 -1 0
t -1 -0.000705699 -0.000457876
bt -0.0613885 -0.837311 -0.543269
t -1 -0.000714761 -0.000463755
bt 0.214462 -0.819374 -0.531631
t -1 -0.000705699 -0.000457876
bt -0.0613885 -0.837311 -0.543269
t -1 -0.000705699 -0.000457876
bt -0.0613885 -0.837311 -0.543269
t -1 0 0
bt -0.391992 -0.527394 0.753789
t -0.991035 0.117095 0.0643306
bt -0.376147 -0.401031 0.835277
t -1 0 0
bt -0.391992 -0.527394 0.753789
t -0.999994 0 -0.00336145
bt -0.253197 0 0.967415
t -0.939204 0 0.34336
bt 0.409698 0 0.912221
t -0.999994 0 -0.00336145
bt -0.253197 0 0.967415
t -0.999994 0 -0.00336145
bt -0.253197 0 0.967415
t 1 0 0
bt 0 -0.979694 -0.200499
t 1 0 0
bt -0.00305351 -0.977676 -0.210096
t 1 0 0
bt 0 -0.992871 -0.119196
t 1 0 0
bt 0 -0.992871 -0.119196
t 1 0 0
bt -0.340582 -0.621475 -0.70553
t 0.999999 0.0008241 0.000935559
bt 0.509795 -0.56865 -0.645559
t 1 0 0
bt -0.340582 -0.621475 -0.70553
t 1 0 0
bt -0.340582 -0.621475 -0.70553
t 1 0 0
bt 0 -0.765336 0.643631
t 1 0 0
bt 0.00866325 -0.765308 0.643606
t 1 0 0
bt 0 -0.765336 0.643631
t 1 0 0
bt 0 -0.765336 0.643631
t 1 0 0
bt 0 -0.72949 -0.683991
t 1 0 0
bt -0.00212182 -0.729489 -0.68399
t 1 0 0
bt 0 -0.72949 -0.683991
t 1 0 0
bt 0 -0.72949 -0.683991
t 1 0 0
bt 0 -0.72949 0.683991
t 1 0 0
bt 0.00212127 -0.729489 0.68399
t 1 0 0
bt 0 -0.72949 0.683991
t 1 0 0
bt 0 -0.72949 0.683991
t 1 0 0
bt 0 -0.90095 -0.433924
t 1 0 0
bt -0.00135114 -0.900949 -0.433923
t 1 0 0
bt 0.000931093 -0.927272 -0.374388
t 1 0 0
bt 0 -0.933573 -0.358388
t 0.999999 -0.000764538 0.000766053
bt 0.145903 -0.698847 0.700232
t 0.999989 0.00329765 -0.00330418
bt -0.334312 -0.665762 0.667081
t 0.999999 -0.000764538 0.000766053
bt 0.145903 -0.698847 0.700232
t 0.999999 -0.000764538 0.000766053
bt 0.145903 -0.698847 0.700232
t 1 0 0
bt 0 -1 0
t 1 0 0
bt 0 -1 0
t 1 0 0
bt 0 -1 0
t 1 0 0
bt 0 -1 0
t 1 -0.000807621 -0.000524006
bt -0.214442 -0.819378 -0.531634
t 1 0 0
bt 0.0469621 -0.837968 -0.543695
t 1 -0.000807621 -0.000524006
bt -0.214442 -0.819378 -0.531634
t 1 -0.000807621 -0.000524006
bt -0.214442 -0.819378 -0.531634
t 1 0 0
bt 0.391973 -0.527399 0.753795
t 1 0 0
bt -0.544278 -0.480923 0.687368
t 1 0 0
bt 0.391973 -0.527399 0.753795
t 1 0 0
bt 0.391973 -0.527399 0.753795
t 0.999993 0 -0.00371759
bt 0.253221 0 0.967408
t 1 0 0
bt 0.034434 0 0.999407
t 0.999993 0 -0.00371759
bt 0.253221 0 0.967408
t 0.999993 0 -0.00371759
bt 0.253221 0 0.967408
t 1 0 0
bt 0 -1 0
t 1 0 0
bt 4.70391e-05 -1 0
t 1 0 0
bt 0 -1 0
t 1 0 0
bt 0 -1 0
t 1 0 0
bt 0 -1 0
t 1 0 0
bt -0.000366933 -1 0
t 1 0 0
bt 0 -1 0
t 1 0 0
bt 0 -1 0
t -1 0 0
bt 0 1 0
t -1 0 0
bt 0 1 0
t -1 0 0
bt 0 1 0
t -1 0 0
bt 0 1 0
t 1 0 0
bt -0.120564 0 0.992706
t 1 0 0
bt -0.120564 0 0.992706
t -1 0 0
bt 0 0 -1
t -1 0 0
bt 0 0 -1
t -1 0 0
bt 0 0 -1
t 1 0 0
bt 0 -1 0
t 1 0 0
bt 0 -1 0
t 1 0 0
bt 0 -1 0
t 1 0 0
bt 0 -1 0
t 1 0 0
bt 0 -1 0
t 1 0 0
bt 0 -1 0
t 1 0 0
bt 0 -1 0
t 1 0 0
bt 0 -1 0
t -1 0 0
bt 0 1 0
t -1 0 0
bt 0 1 0
t -1 0 0
bt 0 1 0
t -1 0 0
bt 0 1 0
t 1 0 0
bt -0.034434 0 -0.999407
t 1 0 0
bt -0.253221 0 -0.967408
t 1 0 0
bt -0.034434 0 -0.999407
t 1 0 0
bt -0.034434 0 -0.999407
t -0.00652814 0 -0.999979
bt 1 0 0.000317472
t 0 0 -1
bt 1 0 0
t 0.00138139 0 -0.999999
bt 0.999964 0 -0.00851055
t -0.0035112 0 -0.999994
bt 0.99998 0 -0.00638283
t 8.00189e-06 0 -1
bt 1 0 -9.27583e-05
t 0.00553947 0 -0.999985
bt 0.999649 0 -0.026482
t -0.0181884 0 -0.999835
bt 1 0 0
t 0 0 1
bt 0 -1 -4.59261e-05
t 0 0 1
bt 0 -1 0
t 0 0 1
bt 0 -1 -4.59261e-05
t 0 0 1
bt 0 -1 -4.59261e-05
t -1 0 0
bt 0.00052963 -1 0
t -1 0 0
bt 0.000113793 -1 0
t -1 0 0
bt 0.00052963 -1 0
t -1 0 0
bt 0.00052963 -1 0
t 0 0 -1
bt -0.119196 -0.99287 0.00105344
t 0 0 -1
bt -0.210194 -0.977659 0.00124933
t 0 0 -1
bt -0.189901 -0.981803 0.000335926
t 0 0 -1
bt -0.119196 -0.99287 0.00105344
t -1 6.80502e-07 -1.46317e-07
bt 0.00158968 -0.977658 0.210194
t -1 2.04053e-06 -4.3874e-07
bt 0.00213094 -0.977657 0.210194
t -1 0 0
bt 0.00240254 -0.992868 0.119196
t -1 0 0
bt 0.00240254 -0.992868 0.119196
t 0 0 1
bt 0 -1 0.000308071
t 0 0 1
bt 0 -1 0
t 0 0 1
bt 0 -1 0.000308071
t 0 0 1
bt 0 -1 0.000308071
t -1 0 0
bt -0.000350197 -1 0
t -1 0 0
bt 0.000286388 -1 0
t -1 0 0
bt -0.000350197 -1 0
t -1 0 0
bt -0.000350197 -1 0
t 0 0 -1
bt -0.739456 -0.65136 0.170101
t 0 0 -1
bt -0.604906 -0.53284 0.591752
t 0 0 -1
bt -0.739456 -0.65136 0.170101
t 0 0 -1
bt -0.739456 -0.65136 0.170101
t -1 0 0
bt 0.595388 -0.530982 0.602969
t -0.999999 -0.000837934 0.000951535
bt -0.59167 -0.532794 0.605027
t -1 0 0
bt 0.595388 -0.530982 0.602969
t -1 0 0
bt 0.595388 -0.530982 0.602969
t 0 0 -1
bt 0.64363 -0.765336 -0.00114262
t 0 0 -1
bt 0.64362 -0.765323 -0.00580924
t 0 0 -1
bt 0.64363 -0.765336 -0.00114262
t 0 0 -1
bt 0.64363 -0.765336 -0.00114262
t -1 0 0
bt -0.000583705 -0.765287 -0.643689
t -1 0 0
bt 0.000592363 -0.765287 -0.643689
t -1 0 0
bt -0.000583705 -0.765287 -0.643689
t -1 0 0
bt -0.000583705 -0.765287 -0.643689
t 3.74169e-06 3.99023e-06 -1
bt -0.683909 -0.72951 0.00919124
t 0 0 -1
bt -0.683934 -0.729537 -0.00323802
t 3.74169e-06 3.99081e-06 -1
bt -0.683962 -0.72946 0.00919124
t 3.74169e-06 3.99081e-06 -1
bt -0.683962 -0.72946 0.00919124
t -1 0 0
bt -0.00367569 -0.729486 0.683986
t -1 0 0
bt -0.00834972 -0.729465 0.683967
t -1 0 0
bt -0.00367569 -0.729486 0.683986
t -1 0 0
bt -0.00367569 -0.729486 0.683986
t 0 0 -1
bt 0.683937 -0.729539 0.00171084
t 3.75445e-06 -4.00442e-06 -1
bt 0.683961 -0.729459 -0.00932253
t 0 0 -1
bt 0.68399 -0.729489 0.00171084
t 0 0 -1
bt 0.683937 -0.729539 0.00171084
t -1 0 0
bt 0.00235336 -0.729488 -0.683989
t -1 0 0
bt 0.0101154 -0.729453 -0.683956
t -1 0 0
bt 0.00235336 -0.729488 -0.683989
t -1 0 0
bt 0.00235336 -0.729488 -0.683989
t 0 0 -1
bt -0.374303 -0.927306 -0.00115494
t 1.50349e-06 3.11985e-06 -1
bt -0.433924 -0.90095 -4.12714e-05
t 0 0 -1
bt -0.433884 -0.900967 -0.00162423
t 0 0 -1
bt -0.340814 -0.94013 -0.00145569
t -1 0 0
bt 0.000495828 -0.90091 0.434005
t -1 0 0
bt -0.000450432 -0.90091 0.434005
t -1 0 0
bt 0.000349264 -0.927272 0.374388
t -1 6.1216e-07 -2.47179e-07
bt 0.000312359 -0.927272 0.374388
t -0.786096 0.213366 0.58011
bt 0.1053 -0.765978 0.634184
t -0.777957 0.287688 0.558586
bt 0.0542083 -0.81942 0.570625
t -0.774017 0.255081 0.57951
bt 0.0712116 -0.82623 0.558815
t -0.786096 0.213366 0.58011
bt 0.1053 -0.765978 0.634184
t -0.707107 -2.27228e-08 -0.707107
bt 0.000497926 -1 -6.77635e-05
t -0.707107 -4.10184e-09 -0.707107
bt 0.000547654 -1 -1.80358e-05
t -0.707107 -2.27228e-08 -0.707107
bt 0.000497926 -1 -6.77635e-05
t -0.707107 -2.27228e-08 -0.707107
bt 0.000497926 -1 -6.77635e-05
t -0.707107 -1.22601e-08 0.707107
bt -0.000474801 -1 -9.08892e-05
t -0.707107 2.27228e-08 0.707107
bt 0.000137416 -1 -0.000703106
t -0.707107 -1.22601e-08 0.707107
bt -0.000474801 -1 -9.08892e-05
t -0.707107 -1.22601e-08 0.707107
bt -0.000474801 -1 -9.08892e-05
t -0.631283 0.314332 -0.708997
bt -0.0236991 -0.975763 0.217545
t -0.732161 -0.191625 -0.65362
bt -0.0670338 -0.945261 0.319356
t -0.67098 0.140218 -0.728097
bt -0.0635685 -0.944438 0.322484
t -0.631239 0.314321 -0.709041
bt -0.0236974 -0.975763 0.217543
t -0.68891 0.219912 0.690682
bt -0.00235517 -0.999981 -0.00570577
t -0.659545 0.35561 0.662225
bt 0.00603646 -0.999882 -0.0140938
t -0.689007 0.219913 0.690585
bt -0.00235494 -0.999981 -0.00570553
t -0.68891 0.219912 0.690682
bt -0.00235517 -0.999981 -0.00570577
t -0.68769 -0.227249 -0.689522
bt -0.0123531 -0.999715 -0.0204119
t -0.662153 -0.345556 -0.664939
bt 0.00131367 -0.999976 -0.00674723
t -0.68769 -0.227249 -0.689522
bt -0.0123531 -0.999715 -0.0204119
t -0.68769 -0.227249 -0.689522
bt -0.0123531 -0.999715 -0.0204119
t -0.883366 -0.347269 0.314752
bt -0.155049 -0.582152 -0.798159
t -0.872383 -0.481578 0.0838529
bt -0.0619477 -0.547495 -0.834513
t -0.883366 -0.347269 0.314752
bt -0.155049 -0.582152 -0.798159
t -0.883366 -0.347269 0.314752
bt -0.155049 -0.582152 -0.798159
t -0.869213 0.283421 -0.405143
bt 0.104423 -0.564036 -0.819121
t -0.848198 0.529354 0.0185581
bt 0.0936928 -0.559972 -0.823197
t -0.869213 0.283421 -0.405143
bt 0.104423 -0.564036 -0.819121
t -0.869213 0.283421 -0.405143
bt 0.104423 -0.564036 -0.819121
t -0.707079 -2.52777e-05 0.707135
bt 0.613496 -0.534835 0.581011
t -0.707122 1.38569e-05 0.707091
bt 0.599155 -0.534975 0.595664
t -0.707079 -2.52777e-05 0.707135
bt 0.613496 -0.534835 0.581011
t -0.707079 -2.52777e-05 0.707135
bt 0.613496 -0.534835 0.581011
t -0.707116 -8.41377e-06 -0.707097
bt -0.59381 -0.534969 0.600998
t -0.707102 4.58381e-06 -0.707112
bt -0.601126 -0.534969 0.593681
t -0.707116 -8.41377e-06 -0.707097
bt -0.59381 -0.534969 0.600998
t -0.707116 -8.41377e-06 -0.707097
bt -0.59381 -0.534969 0.600998
t -0.895875 0.318526 0.309757
bt 0.132936 -0.528184 0.83866
t -0.707146 -4.69674e-05 0.707068
bt 0.144204 -0.531985 0.834385
t -0.895875 0.318526 0.309757
bt 0.132936 -0.528184 0.83866
t -0.895875 0.318526 0.309757
bt 0.132936 -0.528184 0.83866
t -0.884893 -0.277888 -0.373821
bt -0.124165 -0.525105 0.841931
t -0.707018 7.43617e-06 -0.707196
bt -0.0389297 -0.493432 0.868913
t -0.884893 -0.277888 -0.373821
bt -0.124165 -0.525105 0.841931
t -0.884909 -0.277858 -0.373805
bt -0.124129 -0.525172 0.841895
t -0.707145 4.74367e-05 0.707068
bt -0.161661 -0.530115 -0.832373
t -0.904213 -0.393168 0.166787
bt 0.0328987 -0.456609 -0.889059
t -0.707145 4.74367e-05 0.707068
bt -0.161661 -0.530115 -0.832373
t -0.707145 4.74367e-05 0.707068
bt -0.161661 -0.530115 -0.832373
t -0.707017 -6.68763e-06 -0.707196
bt 0.0328711 -0.48383 -0.874544
t -0.887348 0.460492 -0.0236898
bt 0.0221286 -0.479622 -0.877196
t -0.707017 -6.68763e-06 -0.707196
bt 0.0328711 -0.48383 -0.874544
t -0.707017 -6.68763e-06 -0.707196
bt 0.0328711 -0.48383 -0.874544
t -0.732527 0.200709 0.650477
bt 0.0736905 -0.946773 0.313354
t -0.638921 -0.292749 0.711391
bt 0.0340931 -0.977619 0.207605
t -0.716826 0.208027 0.665497
bt 0.032807 -0.9774 0.208837
t -0.732527 0.200709 0.650477
bt 0.0736905 -0.946773 0.313354
t -0.782278 -0.349191 -0.515855
bt -0.051108 -0.818233 0.57261
t -0.786986 -0.216901 -0.577587
bt -0.0981439 -0.763204 0.638661
t -0.80828 -0.337439 -0.482513
bt -0.0761478 -0.754318 0.652079
t -0.779409 -0.301935 -0.54896
bt -0.0548655 -0.819727 0.57012
t -1 0 0
bt -0.365241 -0.65751 -0.658999
t -1 0 0
bt 0.332237 -0.666185 -0.667694
t -1 0 0
bt -0.365241 -0.65751 -0.658999
t -1 0 0
bt -0.365241 -0.65751 -0.658999
t -0.707133 2.63229e-05 -0.707081
bt 0.545262 -0.580698 -0.604549
t -0.707073 -3.36973e-05 -0.70714
bt 0.698061 -0.570851 -0.432251
t -0.707133 2.63229e-05 -0.707081
bt 0.545262 -0.580698 -0.604549
t -0.707133 2.63229e-05 -0.707081
bt 0.545262 -0.580698 -0.604549
t 0 0 -1
bt 0.666907 -0.665588 -0.335004
t -0.00639316 0.00638051 -0.999959
bt 0.701428 -0.70004 -0.133951
t 0 0 -1
bt 0.666907 -0.665588 -0.335004
t 0 0 -1
bt 0.666907 -0.665588 -0.335004
t -0.425637 0.22738 0.87586
bt -0.581235 -0.581189 -0.569548
t -0.514687 0.164886 0.841374
bt -0.380098 -0.562642 -0.734139
t -0.425637 0.22738 0.87586
bt -0.581235 -0.581189 -0.569548
t -0.425637 0.22738 0.87586
bt -0.581235 -0.581189 -0.569548
t -1 0 0
bt 0 -1 0
t -1 0 0
bt 0 -1 0
t -1 0 0
bt 0 -1 0
t -1 0 0
bt 0 -1 0
t -0.707107 0 -0.707107
bt 0 -1 0
t -0.707107 0 -0.707107
bt 0 -1 0
t -0.707107 0 -0.707107
bt 0 -1 0
t -0.707107 0 -0.707107
bt 0 -1 0
t 0 0 -1
bt 0 -1 0
t 0 0 -1
bt 0 -1 0
t 0 0 -1
bt 0 -1 0
t 0 0 -1
bt 0 -1 0
t -0.707107 0 0.707107
bt 0 -1 0
t -0.707107 0 0.707107
bt 0 -1 0
t -0.707107 0 0.707107
bt 0 -1 0
t -0.707107 0 0.707107
bt 0 -1 0
t -1 0 0
bt 0.296859 -0.801034 0.519827
t -0.999993 -0.00320316 0.00207868
bt -0.270433 -0.807591 0.524082
t -1 0 0
bt 0.296859 -0.801034 0.519827
t -1 0 0
bt 0.296859 -0.801034 0.519827
t 0.00427296 0.00658569 -0.999969
bt -0.543634 -0.837873 0.0493043
t 0.00427573 0.00658996 -0.999969
bt -0.520084 -0.801577 0.294935
t 0.00427296 0.00658569 -0.999969
bt -0.543634 -0.837873 0.0493043
t 0.00427296 0.00658569 -0.999969
bt -0.543634 -0.837873 0.0493043
t -0.797547 0.170821 0.578567
bt 0.480732 -0.740885 0.469026
t -0.751316 0.0745751 0.655716
bt 0.432792 -0.739646 0.515378
t -0.797547 0.170821 0.578567
bt 0.480732 -0.740885 0.469026
t -0.797577 0.170782 0.578537
bt 0.480708 -0.740917 0.469002
t -0.707125 -2.76975e-05 -0.707089
bt -0.448697 -0.740414 0.500458
t -0.707103 5.44905e-06 -0.70711
bt -0.499683 -0.740444 0.44951
t -0.707125 -2.76975e-05 -0.707089
bt -0.448697 -0.740414 0.500458
t -0.707162 1.97773e-05 -0.707052
bt -0.44872 -0.740384 0.500482
t 1 0 0
bt 0 1 0
t 1 0 0
bt 0 1 0
t 1 0 0
bt 0 1 0
t 1 0 0
bt 0 1 0
t 0.707107 0 0.707107
bt 0 1 0
t 0.707107 0 0.707107
bt 0 1 0
t 0.707107 0 0.707107
bt 0 1 0
t 0.707107 0 0.707107
bt 0 1 0
t 0 0 -1
bt 0 1 0
t 0 0 -1
bt 0 1 0
t 0 0 -1
bt 0 1 0
t 0 0 -1
bt 0 1 0
t 0.707107 0 -0.707107
bt 0 1 0
t 0.707107 0 -0.707107
bt 0 1 0
t 0.707107 0 -0.707107
bt 0 1 0
t 0.707107 0 -0.707107
bt 0 1 0
t -0.965655 -0.00593114 0.259759
bt -0.634512 -0.444898 -0.632028
t -0.965658 0.00593775 -0.259747
bt 0.614771 -0.450352 -0.647487
t -0.97872 0.185487 -0.0877643
bt -0.600007 -0.22418 -0.767942
t -0.952971 -0.0831459 0.291431
bt -0.639754 -0.444917 -0.626708
t -0.25968 -0.00583646 -0.965677
bt 0.632146 -0.444986 -0.634333
t 0 0 -1
bt 0.808567 -0.56572 -0.161803
t 0 0 -1
bt 0.634495 -0.44393 -0.632726
t -0.291426 -0.0831487 -0.952973
bt 0.626872 -0.444951 -0.63957
t -0.609372 -0.217594 0.762443
bt -0.651347 -0.451741 -0.609654
t -0.490062 -0.0298123 0.871178
bt -0.650395 -0.449723 -0.612157
t -0.746613 -0.135049 -0.651406
bt 0.610552 -0.44998 -0.651724
t -1 0 0
bt -0.333885 0 -0.942614
t -1 0 0
bt 0.333177 0 -0.942864
t -0.967542 0 0.252711
bt -0.327649 0 -0.944799
t -1 0 0
bt -0.333885 0 -0.942614
t -0.707056 0 -0.707157
bt 0.35183 0 -0.936064
t -0.505447 0 -0.862858
bt 0.947064 0 -0.321045
t -0.707056 0 -0.707157
bt 0.35183 0 -0.936064
t -0.707056 0 -0.707157
bt 0.35183 0 -0.936064
t 0 0 -1
bt 0.942917 0 -0.333027
t 0 0 -1
bt 0.99272 0 -0.120449
t 0 0 -1
bt 0.942917 0 -0.333027
t -0.499512 0 0.866307
bt -0.811297 0 -0.584634
t -0.343366 0 0.939202
bt -0.91226 0 -0.409613
t -0.499512 0 0.866307
bt -0.811297 0 -0.584634
t -1 0 0
bt -0.333922 0 0.942601
t -1 0 0
bt 0.333141 0 0.942877
t -1 0 0
bt -0.333922 0 0.942601
t -1 0 0
bt -0.333922 0 0.942601
t -0.707081 0 0.707132
bt 0.340523 0 0.940236
t -0.707138 0 0.707075
bt 0.712385 0 0.701789
t -0.707081 0 0.707132
bt 0.340523 0 0.940236
t -0.707081 0 0.707132
bt 0.340523 0 0.940236
t 0 0 1
bt 0.999966 0 0.00828479
t 0 0 1
bt 0.967423 0 -0.253164
t 0 0 1
bt 0.999966 0 0.00828479
t 0 0 1
bt 0.999966 0 0.00828479
t -0.707056 0 -0.707157
bt -0.936114 0 0.351696
t -0.707104 0 -0.70711
bt -0.315168 0 0.949036
t -0.505407 0 -0.862881
bt -0.938423 0 0.345488
t -0.505407 0 -0.862881
bt -0.961054 0 0.27636
t 1.8517e-07 -9.04784e-07 1
bt 0.200499 -0.979694 0
t 5.80919e-07 -2.70179e-06 1
bt 0.210194 -0.977657 -0.00212349
t 0 0 1
bt 0.119196 -0.992871 0
t 0 0 1
bt 0.119196 -0.992871 0
t 0 0 1
bt 0.705539 -0.621484 -0.340548
t -0.00124129 0.0010934 0.999999
bt 0.609695 -0.537058 0.582959
t 0 0 1
bt 0.705539 -0.621484 -0.340548
t 0 0 1
bt 0.705539 -0.621484 -0.340548
t 0 0 1
bt -0.643631 -0.765336 0
t 0 0 1
bt -0.643631 -0.765336 -0.000451447
t 0 0 1
bt -0.643631 -0.765336 0
t 0 0 1
bt -0.643631 -0.765336 0
t 0 0 1
bt 0.683991 -0.72949 0
t 0 0 1
bt 0.683987 -0.729486 -0.00341778
t 0 0 1
bt 0.683991 -0.72949 0
t 0 0 1
bt 0.683991 -0.72949 0
t 0 0 1
bt -0.683991 -0.72949 0
t 0 0 1
bt -0.68399 -0.729489 0.00189853
t 0 0 1
bt -0.683991 -0.72949 0
t 0 0 1
bt -0.683991 -0.72949 0
t 0 0 1
bt 0.434005 -0.90091 0
t 0 0 1
bt 0.434005 -0.90091 0.000512937
t 0 0 1
bt 0.374303 -0.927307 -1.4994e-06
t 3.15423e-07 -8.21592e-07 1
bt 0.358388 -0.933573 0
t -0.000677972 -0.000676631 1
bt -0.700231 -0.698846 0.145917
t 0.00298879 0.00298288 0.999991
bt -0.652202 -0.650912 -0.388517
t -0.000677972 -0.000676631 1
bt -0.700231 -0.698846 0.145917
t -0.000677972 -0.000676631 1
bt -0.700231 -0.698846 0.145917
t 0 0 1
bt 0 -1 0
t 0 0 1
bt 0 -1 0
t 0 0 1
bt 0 -1 0
t 0 0 1
bt 0 -1 0
t 0.00046375 -0.000714752 1
bt 0.531631 -0.819374 -0.214465
t 0.00045787 -0.00070569 1
bt 0.543267 -0.837309 0.0614384
t 0.00046375 -0.000714752 1
bt 0.531631 -0.819374 -0.214465
t 0.00046375 -0.000714752 1
bt 0.531631 -0.819374 -0.214465
t -0.0643441 0.117081 0.991036
bt -0.835214 -0.401151 0.376158
t 0 0 1
bt -0.753788 -0.527394 0.391993
t 0 0 1
bt -0.753788 -0.527394 0.391993
t 0.00336187 0 0.999994
bt -0.967423 0 0.253164
t -0.343366 0 0.939202
bt -0.91226 0 -0.409613
t 0.00336187 0 0.999994
bt -0.967423 0 0.253164
t 0.00336187 0 0.999994
bt -0.967423 0 0.253164
t 0 0 -1
bt 0.200498 -0.979689 0.00303428
t 0 0 -1
bt 0.119196 -0.992871 0
t 0 0 -1
bt 0.119195 -0.99286 0.00453598
t 0 0 -1
bt 0.210097 -0.977678 0.00210919
t -0.000935568 0.000824108 -0.999999
bt 0.645566 -0.568655 -0.50978
t 0 0 -1
bt 0.70553 -0.621476 0.34058
t -0.000935568 0.000824108 -0.999999
bt 0.645566 -0.568655 -0.50978
t -0.000935568 0.000824108 -0.999999
bt 0.645566 -0.568655 -0.50978
t 0 0 -1
bt -0.643631 -0.765336 0
t 0 0 -1
bt -0.643606 -0.765308 -0.00867249
t 0 0 -1
bt -0.643631 -0.765336 0
t 0 0 -1
bt -0.643631 -0.765336 0
t 0 0 -1
bt 0.68399 -0.729489 0.00212686
t 0 0 -1
bt 0.683991 -0.72949 0
t 0 0 -1
bt 0.68399 -0.729489 0.00212686
t 0 0 -1
bt 0.68399 -0.729489 0.00212686
t 0 0 -1
bt -0.683991 -0.72949 0
t 0 0 -1
bt -0.68399 -0.729489 -0.00212682
t 0 0 -1
bt -0.683991 -0.72949 0
t 0 0 -1
bt -0.683991 -0.72949 0
t 0 0 -1
bt 0.434005 -0.90091 0.00137998
t 0 0 -1
bt 0.358388 -0.933572 -0.000928415
t 0 0 -1
bt 0.374388 -0.927272 -7.9265e-06
t 0 0 -1
bt 0.434005 -0.90091 0.00137998
t -0.000766044 -0.000764529 -0.999999
bt -0.700232 -0.698847 -0.145905
t 0.00330414 0.00329761 -0.999989
bt -0.667079 -0.66576 0.33432
t -0.000766044 -0.000764529 -0.999999
bt -0.700232 -0.698847 -0.145905
t -0.000766044 -0.000764529 -0.999999
bt -0.700232 -0.698847 -0.145905
t 0 0 -1
bt 0 -1 0
t 0 0 -1
bt 0 -1 0
t 0 0 -1
bt 0 -1 0
t 0 0 -1
bt 0 -1 0
t 0 0 -1
bt 0.543694 -0.837967 -0.0469905
t 0.000523995 -0.000807605 -1
bt 0.531633 -0.819377 0.214447
t 0 0 -1
bt 0.543694 -0.837967 -0.0469905
t 0 0 -1
bt 0.543694 -0.837967 -0.0469905
t 0 0 -1
bt -0.753794 -0.527398 -0.391977
t 0 0 -1
bt -0.687363 -0.480919 0.544287
t 0 0 -1
bt -0.753794 -0.527398 -0.391977
t 0 0 -1
bt -0.753794 -0.527398 -0.391977
t 0.00371804 0 -0.999993
bt -0.967416 0 -0.253192
t 0 0 -1
bt -0.999403 0 -0.0345563
t 0.00371804 0 -0.999993
bt -0.967416 0 -0.253192
t 0.00371804 0 -0.999993
bt -0.967416 0 -0.253192
t 0 0 -1
bt 0 -1 0
t 0 0 -1
bt 0 -1 -4.61759e-05
t 0 0 -1
bt 0 -1 0
t 0 0 -1
bt 0 -1 0
t 0 0 -1
bt 0 -1 0
t 0 0 -1
bt 0 -1 0.000321253
t 0 0 -1
bt 0 -1 0
t 0 0 -1
bt 0 -1 0
t 0 0 1
bt 0 1 0
t 0 0 1
bt 0 1 0
t 0 0 1
bt 0 1 0
t 0 0 1
bt 0 1 0
t 0 0 -1
bt -0.99272 0 0.120449
t 0 0 -1
bt -0.99272 0 0.120449
t 0 0 1
bt 1 0 0
t 0 0 1
bt 1 0 0
t 0 0 1
bt 1 0 0
t 0 0 -1
bt 0 -1 0
t 0 0 -1
bt 0 -1 0
t 0 0 -1
bt 0 -1 0
t 0 0 -1
bt 0 -1 0
t 0 0 -1
bt 0 -1 0
t 0 0 -1
bt 0 -1 0
t 0 0 -1
bt 0 -1 0
t 0 0 -1
bt 0 -1 0
t 0 0 1
bt 0 1 0
t 0 0 1
bt 0 1 0
t 0 0 1
bt 0 1 0
t 0 0 1
bt 0 1 0
t 0 0 -1
bt 0.999403 0 0.0345563
t 0 0 -1
bt 0.967416 0 0.253192
t 0 0 -1
bt 0.999403 0 0.0345563
t 0 0 -1
bt 0.999403 0 0.0345563

