g sponza_213
t 0.0443091 0.604934 -0.795042
bt -0.992211 0.0302851 0.120828
t -0.13706 0.614085 -0.777248
bt -0.992016 0.031098 0.122215
t 0.181936 0.612019 -0.769631
bt -0.997565 -0.00900394 -0.0691549
t 0.137053 0.614072 -0.77726
bt -0.99776 -0.00702558 -0.0665278
t -0.146096 0.591279 -0.793124
bt -0.912166 0.0846132 0.400991
t -0.394685 0.614084 -0.683465
bt -0.912166 0.0846143 0.40099
t -0.477926 0.603838 -0.637939
bt -0.67011 0.0284635 0.741716
t -0.604635 0.614038 -0.507321
bt -0.67011 0.0284639 0.741716
t -0.394685 0.614084 -0.683465
bt -0.803369 -0.0846609 0.589432
t -0.394685 0.614084 -0.683465
bt -0.803369 -0.0846609 0.589432
t -0.670322 0.600036 -0.436606
bt -0.350157 0.0360988 0.935995
t -0.741632 0.614075 -0.269988
bt -0.352645 0.0325337 0.935192
t -0.777489 0.613779 -0.137065
bt -0.0413251 0.0152122 0.99903
t -0.762565 0.605992 -0.226423
bt -0.0474599 0.010899 0.998814
t 0.769087 0.612558 0.182424
bt -0.265256 0.0332998 0.963603
t 0.741632 0.614075 0.26999
bt -0.269543 0.0355137 0.962333
t 0.776716 0.61476 0.137049
bt -0.0457462 -0.0095484 0.998907
t 0.784838 0.617984 0.046094
bt -0.0408878 -0.0148679 0.999053
t 0.711256 0.603837 0.359855
bt -0.614077 0.028447 0.788733
t 0.604635 0.614038 0.507321
bt -0.614075 0.0284491 0.788735
t 0.613862 0.591257 0.523057
bt -0.803369 0.0846609 0.589432
t 0.394685 0.614084 0.683465
bt -0.80337 0.0846604 0.589431
t 0.313642 0.602432 0.733965
bt -0.9795 0.0313156 0.198993
t 0.137061 0.614085 0.777248
bt -0.97936 0.0301187 0.199868
t 0.394685 0.614084 0.683465
bt -0.912166 -0.0846132 0.400991
t 0.394685 0.614084 0.683465
bt -0.912166 -0.0846132 0.400991
t -0.137058 0.614071 0.777259
bt -0.99776 0.00702558 -0.0665278
t 0.0456735 0.612739 0.788965
bt -0.997636 0.00990652 -0.0680038
t 0.00232892 0.998931 -0.0461661
bt -0.987107 0.0028681 0.160034
t -0.00783152 0.998982 -0.0444169
bt -0.987075 0.00286046 0.160233
t 0.0103767 0.998981 -0.0439209
bt -0.99695 -0.000750525 -0.0780423
t 0.00783166 0.998982 -0.044425
bt -0.996989 -0.000746915 -0.0775439
t -0.0136415 0.99893 -0.0442003
bt -0.866069 0.00264933 0.499917
t -0.0225529 0.998982 -0.0390578
bt -0.866069 0.00264954 0.499917
t -0.0279335 0.99893 -0.03687
bt -0.64284 0.00265044 0.765996
t -0.0345461 0.998982 -0.0289923
bt -0.64284 0.00265028 0.765996
t -0.042695 0.998968 -0.0155209
bt -0.308156 0.00324725 0.95133
t -0.0392489 0.998913 -0.0251514
bt -0.308844 0.00319181 0.951107
t -0.0444111 0.998983 -0.00783158
bt -0.025775 0.00115219 0.999667
t -0.044164 0.998941 -0.0129253
bt -0.0268732 0.00113577 0.999638
t 0.0198663 0.993433 0.112674
bt -0.987199 -0.00719072 0.15933
t -0.019844 0.993443 0.112593
bt -0.996999 0.00188023 -0.0773896
t 0.00647078 0.993398 0.114541
bt -0.996945 0.00196869 -0.0780815
t 0.0326729 0.993331 0.110574
bt -0.987151 -0.00722648 0.159626
t 0.0571058 0.993434 0.0991333
bt -0.866391 -0.00668028 0.499322
t 0.0684493 0.99335 0.0925727
bt -0.866391 -0.00668015 0.499322
t 0.0876908 0.993435 0.0734674
bt -0.643388 -0.0066751 0.765511
t 0.0960767 0.993349 0.0634588
bt -0.643388 -0.00667549 0.765511
t 0.109733 0.99342 0.0328043
bt -0.308915 -0.00812437 0.951055
t 0.107598 0.993427 0.0390535
bt -0.3099 -0.00801086 0.950736
t 0.112962 0.993578 0.00659483
bt -0.0277939 -0.00278681 0.99961
t 0.112616 0.99344 0.0198534
bt -0.0267667 -0.00872362 0.999604
t 0.230887 0.603839 0.762935
bt 0.88339 0.0284309 -0.467774
t 0.394676 0.614035 0.683514
bt 0.883393 0.0284354 -0.467769
t 0.137014 0.614424 0.776988
bt 0.973056 -0.0250353 -0.229205
t 0.137063 0.614106 0.77723
bt 0.972737 -0.022956 -0.23077
t 0.477905 0.603835 0.637958
bt 0.670111 0.0284646 -0.741715
t 0.604634 0.614038 0.507322
bt 0.670108 0.0284621 -0.741717
t 0.697455 0.609947 0.376193
bt 0.376017 0.0284633 -0.926175
t 0.741682 0.61402 0.269976
bt 0.376016 0.028462 -0.926176
t 0.782586 0.618823 0.0679539
bt 0.15325 0.0261975 -0.98784
t 0.78289 0.618434 0.0679909
bt 0.154039 0.0252093 -0.987743
t -0.711269 0.603834 -0.359834
bt 0.614075 0.028449 -0.788735
t -0.604634 0.614038 -0.507322
bt 0.614076 0.0284477 -0.788734
t -0.741682 0.61402 -0.269976
bt 0.376014 -0.0284607 -0.926177
t -0.763313 0.612587 -0.205161
bt 0.376017 -0.0284633 -0.926175
t -0.545333 0.603823 -0.581386
bt 0.846817 0.0284804 -0.531121
t -0.394676 0.614035 -0.683514
bt 0.846815 0.0284829 -0.531124
t -0.313515 0.60641 -0.730736
bt 0.972737 0.022956 -0.23077
t -0.137013 0.614423 -0.776989
bt 0.973058 0.0250308 -0.229199
t -0.0688726 0.614112 -0.786208
bt 0.999155 0.0182438 0.0368301
t 0.0678971 0.618402 -0.782924
bt 0.999067 0.0189915 0.0387842
t 0.0136424 0.99893 0.0441997
bt 0.866069 0.00264934 -0.499917
t 0.0225592 0.998982 0.0390542
bt 0.866069 0.00264919 -0.499917
t 0.0078323 0.998982 0.044429
bt 0.979836 -0.00224365 -0.19979
t 0.0373212 0.996841 0.0701083
bt 0.985129 -0.0028841 -0.171794
t 0.0279384 0.99893 0.0368642
bt 0.64284 0.00265029 -0.765996
t 0.0345461 0.998982 0.0289923
bt 0.64284 0.00265038 -0.765996
t 0.0423822 0.998982 0.0154226
bt 0.34217 0.00264634 -0.939634
t 0.0388595 0.99893 0.0250927
bt 0.34217 0.00264623 -0.939634
t 0.0444594 0.999004 0.00385881
bt 0.121916 0.00233774 -0.992538
t 0.0428329 0.998962 0.0154798
bt 0.121722 0.00233599 -0.992561
t -3.58041e-05 0.99356 -0.113303
bt 0.998195 0.00428126 0.0599009
t 0.00987025 0.99358 -0.112702
bt 0.998171 0.00430951 0.0603007
t -0.0198449 0.993441 -0.112611
bt 0.980123 -0.0168607 -0.197674
t -0.019845 0.993441 -0.11261
bt 0.979866 -0.00566651 -0.199573
t -0.0571025 0.993446 -0.0990213
bt 0.867008 -0.0200169 -0.497892
t -0.0582567 0.992795 -0.104709
bt 0.979339 0.0169378 -0.201515
t -0.0571025 0.993446 -0.0990213
bt 0.867008 -0.0200169 -0.497892
t -0.0876926 0.993435 -0.0734652
bt 0.643388 -0.00667579 -0.765511
t -0.0571029 0.993446 -0.099021
bt 0.864686 0.0200168 -0.501914
t -0.0910548 0.992682 -0.0793164
bt 0.864686 0.020016 -0.501914
t -0.0960655 0.993349 -0.0634722
bt 0.643388 -0.00667575 -0.765511
t -0.10753 0.993435 -0.0390517
bt 0.342766 -0.00667622 -0.939397
t -0.10753 0.993435 -0.0390517
bt 0.342766 -0.00667622 -0.939397
t 0.762945 0.603836 -0.230861
bt -0.467774 0.0284311 -0.883391
t 0.683551 0.614035 -0.394612
bt -0.46777 0.0284343 -0.883392
t 0.777285 0.614037 -0.137066
bt -0.268204 -0.0993411 -0.958226
t 0.777537 0.61371 -0.1371
bt -0.265682 -0.102821 -0.958562
t 0.637988 0.60383 -0.477871
bt -0.741716 0.0284639 -0.67011
t 0.507325 0.614038 -0.604632
bt -0.741716 0.0284638 -0.67011
t 0.436423 0.601379 -0.669237
bt -0.93246 0.0332342 -0.359741
t 0.269919 0.614045 -0.741682
bt -0.931953 0.0310659 -0.361247
t 0.137053 0.614072 -0.77726
bt -0.99776 -0.00702558 -0.0665278
t 0.181936 0.612019 -0.769631
bt -0.997565 -0.00900394 -0.0691549
t -0.182534 0.612085 0.769437
bt -0.959309 0.031746 -0.280569
t -0.26992 0.614045 0.741682
bt -0.958418 0.0328577 -0.28347
t 0.0456735 0.612739 0.788965
bt -0.997636 0.00990652 -0.0680038
t -0.137058 0.614071 0.777259
bt -0.99776 0.00702558 -0.0665278
t -0.359812 0.603831 0.711282
bt -0.788733 0.0284469 -0.614077
t -0.507325 0.614038 0.604632
bt -0.788736 0.0284508 -0.614073
t -0.581402 0.603826 0.545313
bt -0.531123 0.028482 -0.846816
t -0.683551 0.614035 0.394612
bt -0.531123 0.0284821 -0.846816
t -0.705783 0.586141 0.397881
bt -0.265682 0.102821 -0.958562
t -0.777285 0.614037 0.137067
bt -0.268198 0.0993364 -0.958229
t 0.0442018 0.99893 -0.0136389
bt -0.499917 0.00264969 -0.866069
t 0.0390544 0.998982 -0.0225589
bt -0.499917 0.0026492 -0.866069
t 0.0444396 0.998981 -0.00783378
bt -0.140244 -0.00954415 -0.990071
t 0.0446419 0.998972 -0.00786223
bt -0.139691 -0.00961379 -0.990148
t 0.0368642 0.99893 -0.0279384
bt -0.765996 0.0026502 -0.64284
t 0.0289923 0.998982 -0.0345461
bt -0.765996 0.00265031 -0.64284
t 0.0155191 0.998968 -0.0426789
bt -0.947253 0.0030347 -0.320472
t 0.0251309 0.998919 -0.039103
bt -0.947123 0.00299564 -0.320856
t 0.00783166 0.998982 -0.044425
bt -0.996989 -0.000746915 -0.0775439
t 0.0103767 0.998981 -0.0439209
bt -0.99695 -0.000750525 -0.0780423
t -0.0990649 0.993434 0.0572243
bt -0.499322 -0.00667997 -0.866391
t -0.112636 0.993438 0.0198437
bt -0.14163 0.0241587 -0.989625
t -0.107176 0.992526 0.058351
bt -0.142692 0.0240505 -0.989475
t -0.092541 0.99335 0.068504
bt -0.499322 -0.00667966 -0.866391
t -0.0735151 0.993435 0.0876508
bt -0.765511 -0.00667506 -0.643388
t -0.0635305 0.99335 0.0960167
bt -0.765511 -0.00667557 -0.643388
t -0.0329045 0.993416 0.10974
bt -0.947008 -0.0076018 -0.32112
t -0.0391362 0.993443 0.107423
bt -0.946806 -0.00752793 -0.321716
t 0.00647078 0.993398 0.114541
bt -0.996945 0.00196869 -0.0780815
t -0.019844 0.993443 0.112593
bt -0.996999 0.00188023 -0.0773896
t -0.777489 0.613779 -0.137065
bt -0.0413251 0.0152122 0.99903
t -0.777226 0.61411 0.137073
bt 0.168103 0.025401 0.985442
t -0.797134 0.602235 -0.0434791
bt 0.165809 0.0241839 0.985861
t -0.762565 0.605992 -0.226423
bt -0.0474599 0.010899 0.998814
t -0.762934 0.603839 0.23089
bt 0.467776 0.0284297 0.88339
t -0.68353 0.614035 0.394647
bt 0.467772 0.028433 0.883392
t -0.637991 0.60383 0.477868
bt 0.741717 0.0284627 0.670109
t -0.50741 0.614038 0.60456
bt 0.741714 0.028466 0.670112
t -0.43611 0.603809 0.66725
bt 0.926174 0.0284652 0.37602
t -0.269933 0.61402 0.741698
bt 0.926176 0.028462 0.376016
t 0.000319151 0.617582 0.786506
bt 0.996302 0.0188096 0.0838376
t -0.203921 0.610993 0.764921
bt 0.996194 0.0177293 0.0853432
t 0.359848 0.603836 -0.71126
bt 0.788734 0.0284484 0.614076
t 0.50741 0.614038 -0.60456
bt 0.788737 0.0284516 0.614072
t 0.269933 0.61402 -0.741698
bt 0.926174 -0.0284651 0.37602
t 0.205102 0.612585 -0.76333
bt 0.926174 -0.0284653 0.37602
t 0.581439 0.603832 -0.545266
bt 0.531125 0.0284832 0.846815
t 0.683531 0.614035 -0.394647
bt 0.531121 0.0284799 0.846817
t 0.73087 0.606258 -0.313497
bt 0.229402 0.0232767 0.973053
t 0.776967 0.614449 -0.13702
bt 0.227946 0.0251986 0.973348
t 0.784838 0.617984 0.046094
bt -0.0408878 -0.0148679 0.999053
t 0.776716 0.61476 0.137049
bt -0.0457462 -0.0095484 0.998907
t -0.0462628 0.998927 -0.00224127
bt 0.198304 0.00224805 0.980138
t -0.0444297 0.998982 0.00782867
bt 0.197901 0.00225885 0.980219
t -0.044164 0.998941 -0.0129253
bt -0.0268732 0.00113577 0.999638
t -0.0444111 0.998983 -0.00783158
bt -0.025775 0.00115219 0.999667
t -0.044204 0.99893 0.013635
bt 0.499917 0.00264946 0.866069
t -0.0390587 0.998982 0.0225513
bt 0.499917 0.00264934 0.866069
t -0.0368677 0.99893 0.0279354
bt 0.765996 0.00265063 0.64284
t -0.0289824 0.998982 0.0345544
bt 0.765996 0.0026502 0.642839
t -0.0154592 0.998979 0.0424417
bt 0.957035 0.00351945 0.289951
t -0.0339103 0.997281 0.0654245
bt 0.948455 0.00351938 0.316893
t 0.0198615 0.990854 0.133469
bt 0.995374 -0.00410721 0.0959892
t 0.10722 0.984553 0.138418
bt 0.996195 0.00669127 0.0868931
t 0.112584 0.993442 -0.0199257
bt 0.197749 -0.00574001 0.980236
t 0.112616 0.99344 0.0198535
bt -0.0247861 0.00853783 0.999656
t 0.112962 0.993578 0.00659483
bt -0.0277939 -0.00278681 0.99961
t 0.110087 0.993382 -0.0327581
bt 0.197253 -0.0056853 0.980336
t 0.0990842 0.993434 -0.0571909
bt 0.499322 -0.00667974 0.866391
t 0.0925399 0.99335 -0.068506
bt 0.499322 -0.00667931 0.866391
t 0.0734672 0.993435 -0.0876909
bt 0.765511 -0.00667507 0.643388
t 0.0634951 0.99335 -0.0960463
bt 0.765511 -0.00667529 0.643388
t 0.0391505 0.993435 -0.107494
bt 0.939397 -0.00667612 0.342766
t 0.0391505 0.993435 -0.107494
bt 0.939397 -0.00667612 0.342766
t -0.964642 -0.0322684 -0.261579
bt -0.134877 -0.618394 0.774207
t -0.964641 -0.0322646 -0.261584
bt -0.235536 -0.62178 0.746936
t -0.998394 0.0322495 0.0465853
bt 0.0682302 -0.621768 0.780224
t -0.998394 0.0322495 0.0465853
bt 0.0682302 -0.621768 0.780224
t -0.953763 0.00350285 -0.300538
bt 0.00954683 -0.998578 -0.0524549
t -0.953763 0.00350298 -0.300538
bt 0.0157745 -0.9986 -0.0504923
t -0.996208 -0.00350091 0.0869366
bt -0.00454757 -0.9986 -0.0527044
t -0.996208 -0.00350091 0.0869366
bt -0.00454757 -0.9986 -0.0527044
t -0.96383 0.0328312 -0.264488
bt 0.130069 -0.654034 -0.745199
t -0.963831 0.0328344 -0.264485
bt 0.226734 -0.657334 -0.718682
t -0.998231 -0.0328171 0.0495853
bt -0.0657648 -0.65721 -0.750833
t -0.998231 -0.0328171 0.0495853
bt -0.0657648 -0.65721 -0.750833
t -0.955642 -0.0205873 -0.29381
bt -0.0584177 -0.943555 0.326025
t -0.955642 -0.0205886 -0.29381
bt -0.0987852 -0.944401 0.313605
t -0.996584 0.0205802 0.0799865
bt 0.0287112 -0.944399 0.327546
t -0.996584 0.0205802 0.0799865
bt 0.0287112 -0.944399 0.327546
t -0.955642 0.0205886 -0.29381
bt 0.0584263 -0.943555 -0.326022
t -0.955642 0.0205873 -0.29381
bt 0.0987853 -0.944401 -0.313605
t -0.996583 -0.0205788 0.0799869
bt -0.0287118 -0.944399 -0.327546
t -0.996583 -0.0205788 0.0799869
bt -0.0287118 -0.944399 -0.327546
t -0.954201 -0.0107505 -0.298972
bt -0.0294208 -0.986176 0.16307
t -0.954201 -0.0107492 -0.298972
bt -0.0495419 -0.986393 0.156765
t -0.996289 0.0107572 0.0853934
bt 0.0143112 -0.986393 0.163782
t -0.996289 0.0107572 0.0853934
bt 0.0143112 -0.986393 0.163782
t -0.954987 0.0126852 -0.296376
bt 0.0638442 -0.940224 -0.33452
t -0.958307 0.0289954 -0.284266
bt 0.152669 -0.861546 -0.48418
t -0.997118 -0.0289912 0.0701028
bt -0.0442752 -0.861546 -0.505746
t -0.996502 -0.012666 0.0825973
bt -0.0295163 -0.940968 -0.337206
t -0.954073 0.00927467 -0.299432
bt 0.0252572 -0.989806 -0.140163
t -0.996265 -0.00927651 0.0858519
bt -0.012308 -0.989967 -0.140763
t -0.967483 0.0277269 -0.25141
bt 0.149662 -0.473182 -0.868159
t -0.967484 0.0277286 -0.251407
bt 0.264396 -0.476532 -0.838458
t -0.998967 -0.0277066 0.0360212
bt -0.0766218 -0.476497 -0.875831
t -0.998967 -0.0277066 0.0360212
bt -0.0766218 -0.476497 -0.875831
t -0.969145 0.0225503 -0.245459
bt 0.15741 -0.362393 -0.918637
t -0.969145 0.0225515 -0.245456
bt 0.279923 -0.365316 -0.887799
t -0.999302 -0.0224705 0.029844
bt -0.081138 -0.365285 -0.927353
t -0.999302 -0.0224705 0.029844
bt -0.081138 -0.365285 -0.927353
t -0.995247 0.0972897 0.00432469
bt 0.056365 -0.76305 0.643877
t -0.960893 -0.0336168 -0.274873
bt -0.293228 -0.757413 0.58339
t -0.961605 -0.0315244 -0.272622
bt -0.0388007 -0.751743 0.658314
t -0.995247 0.0972897 0.00432469
bt 0.056365 -0.76305 0.643877
t -0.960065 0.0317229 -0.277973
bt 0.104513 -0.800013 -0.59081
t -0.960065 0.0317246 -0.277972
bt 0.179486 -0.802456 -0.569078
t -0.997474 -0.0317073 0.0635548
bt -0.0519766 -0.802411 -0.594503
t -0.997474 -0.0317073 0.0635548
bt -0.0519766 -0.802411 -0.594503
t -0.962228 -0.0326379 -0.27028
bt -0.213499 -0.733336 0.645473
t -0.99785 0.033157 0.0565322
bt 0.0591452 -0.73431 0.676233
t -0.996908 0.0174983 0.076607
bt -0.0358601 -0.853116 0.520488
t -0.956732 -0.0172197 -0.29046
bt -0.18771 -0.854878 0.483683
t -0.954794 -0.0109762 -0.297065
bt -0.0514788 -0.955763 0.289599
t -0.954204 -0.00750042 -0.299063
bt -0.0410685 -0.993296 0.108054
t -0.99624 0.00751758 0.0863072
bt 0.00994829 -0.993469 0.113664
t -0.996421 0.011038 0.0838069
bt 0.0252817 -0.957028 0.288893
t -0.915594 0.00183977 0.402101
bt 0.461538 -0.0279547 0.88668
t -0.988252 -0.0018773 0.15282
bt 0.0871601 -0.0279037 0.995803
t -0.988251 -0.00187749 0.152827
bt 0.222461 -0.0276375 0.97455
t -0.915594 0.00183977 0.402101
bt 0.461538 -0.0279547 0.88668
t -0.90133 0.033117 0.431865
bt 0.242189 -0.70401 0.667618
t -0.90133 0.0331173 0.431865
bt 0.326733 -0.707104 0.627096
t -0.992217 -0.0331338 0.120033
bt 0.0614014 -0.707101 0.704442
t -0.992217 -0.0331338 0.120033
bt 0.0614014 -0.707101 0.704442
t -0.962636 0.0330931 -0.268767
bt 0.122736 -0.704034 -0.69948
t -0.962637 0.0330937 -0.268767
bt 0.21223 -0.707115 -0.674497
t -0.99799 -0.0330923 0.054053
bt -0.0614026 -0.707101 -0.704442
t -0.99799 -0.0330923 0.054053
bt -0.0614026 -0.707101 -0.704442
t -0.953718 0 -0.300703
bt 0 -1 0
t -0.996191 0 0.0872004
bt 0 -1 0
t -0.996191 0 0.0872004
bt 0 -1 0
t -0.953718 0 -0.300703
bt 0 -1 0
t -0.953738 -0.00255838 -0.300629
bt -0.00692668 -0.999243 0.0382889
t -0.953738 -0.00255807 -0.300629
bt -0.0115119 -0.999255 0.0368435
t -0.996199 0.00255753 0.0870684
bt 0.00339185 -0.999255 0.0384488
t -0.996199 0.00255753 0.0870684
bt 0.00339185 -0.999255 0.0384488
t -0.962187 -0.0330911 -0.270374
bt -0.0348093 -0.712707 0.700597
t -0.962186 -0.0330897 -0.270375
bt -0.207385 -0.724207 0.657659
t -0.997901 0.0330625 0.0556785
bt 0.0601304 -0.724221 0.686942
t -0.997901 0.0330645 0.0556767
bt 0.148254 -0.721362 0.676504
t -0.962187 0.0330886 -0.270372
bt 0.119807 -0.721261 -0.682224
t -0.962187 0.0330863 -0.270374
bt 0.207369 -0.724257 -0.657609
t -0.997901 -0.0330631 0.0556735
bt -0.0601258 -0.724271 -0.686889
t -0.997901 -0.0330631 0.0556735
bt -0.0601258 -0.724271 -0.686889
t -0.954139 -0.00161384 -0.29936
bt 0.00251064 -0.999633 0.0269892
t -0.95352 0.000660244 -0.301327
bt 0.0108578 -0.999849 -0.0135581
t -0.996199 -0.00060851 0.0871007
bt -0.00132716 -0.999884 -0.015142
t -0.9962 0.00179471 0.0870822
bt 0.00236844 -0.99963 0.0270975
t -0.953752 0.00202508 -0.300588
bt 0.011704 -0.998691 -0.0497834
t -0.953735 0.00140686 -0.300646
bt 0.0143007 -0.999366 -0.0326097
t -0.996198 -0.00140722 0.0871046
bt -0.00308583 -0.999373 -0.035264
t -0.996205 -0.00201995 0.0870102
bt -0.00443585 -0.998704 -0.0507067
t -0.953962 -0.0062089 -0.299863
bt -0.0528413 -0.985784 0.159492
t -0.996271 0.00647113 0.0860347
bt 0.0146064 -0.985855 0.166963
t -0.953787 -0.003651 -0.30046
bt -0.0098531 -0.99845 0.0547692
t -0.953787 -0.00365142 -0.30046
bt -0.016589 -0.998475 0.0526471
t -0.996208 0.00365328 0.086932
bt 0.00483091 -0.998475 0.054987
t -0.996208 0.00365328 0.086932
bt 0.00483091 -0.998475 0.054987
t -0.915596 -0.0018399 0.402096
bt -0.335999 -0.0276936 -0.941455
t -0.915594 -0.00183977 0.402101
bt -0.461538 -0.0279547 -0.88668
t -0.988252 0.0018773 0.15282
bt -0.0871601 -0.0279037 -0.995803
t -0.988252 0.0018773 0.15282
bt -0.0871601 -0.0279037 -0.995803
t 0.964642 -0.0322666 0.261581
bt 0.235549 -0.62178 -0.746931
t 0.998394 0.0322534 -0.0465804
bt -0.0683866 -0.621768 -0.78021
t 0.998394 0.0322521 -0.0465821
bt 0.134385 -0.608948 -0.781743
t 0.964641 -0.0322639 0.261585
bt 0.330617 -0.618603 -0.712757
t 0.953763 0.00350937 0.300538
bt -0.0158116 -0.998595 0.0505852
t 0.996208 -0.00350734 -0.0869366
bt 0.00455157 -0.998595 0.0528041
t 0.996208 -0.00350757 -0.0869366
bt -0.0088022 -0.998504 0.0539671
t 0.953763 0.0035029 0.300538
bt -0.022258 -0.998578 0.0484468
t 0.96383 0.0328315 0.264488
bt -0.226734 -0.657334 0.718682
t 0.998231 -0.032812 -0.0495872
bt 0.0657344 -0.657316 0.750743
t 0.998231 -0.0328104 -0.0495891
bt -0.129157 -0.644784 0.753374
t 0.96383 0.0328312 0.264488
bt -0.318229 -0.654225 0.68609
t 0.955642 -0.0205865 0.29381
bt 0.0987806 -0.944401 -0.313606
t 0.996583 0.0205817 -0.0799859
bt -0.0285969 -0.944399 -0.327556
t 0.996583 0.0205809 -0.0799862
bt 0.0551544 -0.941059 -0.333715
t 0.955642 -0.0205876 0.29381
bt 0.138847 -0.943568 -0.300669
t 0.955642 0.0205868 0.29381
bt -0.0987807 -0.944401 0.313606
t 0.996583 -0.0205796 -0.0799866
bt 0.0285969 -0.944399 0.327556
t 0.996583 -0.0205804 -0.0799864
bt -0.0551358 -0.941061 0.333714
t 0.955642 0.0205857 0.293811
bt -0.138839 -0.943568 0.300672
t 0.954201 -0.0107506 0.298972
bt 0.0293633 -0.986175 -0.163088
t 0.954201 -0.010752 0.298972
bt 0.0494075 -0.986393 -0.156807
t 0.996289 0.0107569 -0.0853934
bt -0.0142999 -0.986393 -0.163783
t 0.996289 0.0107569 -0.0853934
bt -0.0142999 -0.986393 -0.163783
t 0.958307 0.0289964 0.284265
bt -0.152669 -0.861546 0.48418
t 0.997118 -0.0289911 -0.0701028
bt 0.0442753 -0.861546 0.505746
t 0.996502 -0.0126662 -0.0825972
bt -0.0492488 -0.938031 0.343035
t 0.955015 0.0126551 0.296287
bt -0.139324 -0.94023 0.310736
t 0.996265 -0.0092764 -0.0858519
bt -0.0236391 -0.989322 0.143816
t 0.954073 0.00927505 0.299432
bt -0.0596875 -0.989807 0.129306
t 0.967486 0.0277325 0.2514
bt -0.264367 -0.476532 0.838467
t 0.998967 -0.0277061 -0.036022
bt 0.0766199 -0.476498 0.875831
t 0.998967 -0.0277026 -0.0360285
bt -0.151894 -0.464022 0.872704
t 0.967487 0.027734 0.251398
bt -0.371078 -0.473441 0.798846
t 0.969144 0.0225496 0.24546
bt -0.279923 -0.365316 0.887799
t 0.999302 -0.0224685 -0.029849
bt 0.0811395 -0.365285 0.927353
t 0.999302 -0.0224713 -0.029842
bt -0.161453 -0.354517 0.921005
t 0.969145 0.0225506 0.245458
bt -0.392857 -0.362657 0.84507
t 0.962472 -0.0322207 0.269462
bt 0.0293728 -0.711441 -0.702131
t 0.961862 -0.0342174 0.271385
bt 0.192875 -0.723396 -0.662946
t 0.997913 0.0330674 -0.055459
bt -0.0603297 -0.72197 -0.689289
t 0.997913 0.0330674 -0.055459
bt -0.0603297 -0.72197 -0.689289
t 0.953738 0.00216697 0.300631
bt -0.0167322 -0.998514 0.0518684
t 0.996205 -0.00215998 -0.0870118
bt 0.00473979 -0.998519 0.0541943
t 0.996198 -0.00167454 -0.087107
bt -0.0048988 -0.999076 0.0426885
t 0.95394 0.00160452 0.299994
bt -0.0126155 -0.999155 0.0391178
t 0.960065 0.0317246 0.277972
bt -0.179369 -0.802456 0.569115
t 0.997475 -0.0317009 -0.0635556
bt 0.0520878 -0.802459 0.594429
t 0.997475 -0.0317004 -0.063556
bt -0.101216 -0.792992 0.600766
t 0.960065 0.0317255 0.277971
bt -0.251965 -0.800098 0.544386
t 0.962372 -0.0338805 0.269616
bt 0.202717 -0.710746 -0.673607
t 0.997969 0.0329972 -0.0544887
bt -0.0613864 -0.709903 -0.701619
t 0.996977 0.0181601 -0.0755515
bt 0.0313765 -0.839586 -0.54232
t 0.956991 -0.0183921 0.289533
bt 0.15452 -0.842678 -0.515769
t 0.962652 -0.0219366 0.269852
bt 0.311655 -0.688863 -0.654477
t 0.998565 0.0210723 -0.0492227
bt -0.161983 -0.692547 -0.702951
t 0.997363 -0.00833097 0.0721009
bt 0.0830111 -0.648626 -0.756567
t 0.968018 -0.0433284 0.24711
bt 0.318238 -0.609954 -0.725728
t 0.915591 0.0018396 -0.402106
bt -0.461539 -0.0279547 -0.886679
t 0.988253 -0.00187716 -0.152815
bt -0.0871067 -0.0279037 -0.995808
t 0.988251 -0.00187751 -0.152827
bt -0.342572 -0.0269401 -0.939105
t 0.915591 0.0018396 -0.402106
bt -0.461539 -0.0279547 -0.886679
t 0.901331 0.0331197 -0.431863
bt -0.326573 -0.707104 -0.62718
t 0.992216 -0.0331374 -0.120036
bt -0.0618239 -0.707101 -0.704405
t 0.992217 -0.0331323 -0.120031
bt -0.242001 -0.695276 -0.676777
t 0.90133 0.0331177 -0.431865
bt -0.405972 -0.704163 -0.58253
t 0.974044 0.0984732 0.203816
bt -0.212717 -0.707067 0.674394
t 0.99799 -0.0330972 -0.054048
bt 0.0618257 -0.707101 0.704405
t 0.99799 -0.0330941 -0.0540511
bt -0.120748 -0.69529 0.708513
t 0.962636 0.0330929 0.268767
bt -0.298631 -0.704172 0.644174
t 0.953718 0 0.300703
bt 0 -1 0
t 0.996191 0 -0.0872004
bt 0 -1 0
t 0.996191 0 -0.0872004
bt 0 -1 0
t 0.953718 0 0.300703
bt 0 -1 0
t 0.953738 -0.00255826 0.300629
bt 0.0115118 -0.999255 -0.0368436
t 0.996199 0.00255784 -0.0870684
bt -0.00337804 -0.999255 -0.03845
t 0.996199 0.00255757 -0.0870684
bt 0.00640502 -0.999207 -0.0393043
t 0.953738 -0.00255831 0.300629
bt 0.0162185 -0.999243 -0.035359
t 0.962187 -0.0330891 0.270371
bt 0.207399 -0.724257 -0.6576
t 0.997901 0.0330642 -0.0556724
bt -0.0601304 -0.724271 -0.686889
t 0.997901 0.0330628 -0.0556737
bt 0.117645 -0.712779 -0.691453
t 0.962187 -0.0330891 0.270371
bt 0.207399 -0.724257 -0.6576
t 0.962187 0.0330877 0.270372
bt -0.207399 -0.724257 0.6576
t 0.997901 -0.0330616 -0.0556748
bt 0.0601304 -0.724271 0.686889
t 0.997901 -0.033063 -0.0556735
bt -0.117653 -0.712777 0.691452
t 0.962187 0.0330875 0.270373
bt -0.291156 -0.721402 0.628336
t 0.996199 -0.0019216 -0.087082
bt 0.00228841 -0.999579 0.0289099
t 0.95332 0.00182074 0.301955
bt 0.00204331 -0.999581 0.0288621
t 0.954145 -0.00689021 0.299265
bt 0.0510034 -0.984172 -0.169717
t 0.996286 0.00703442 -0.0858172
bt -0.015476 -0.984103 -0.176921
t 0.996198 -0.00137954 -0.0871046
bt -0.00378607 -0.999374 0.0351628
t 0.953742 0.00137809 0.300624
bt -0.0157482 -0.999382 0.031417
t 0.953787 -0.00365088 0.30046
bt 0.0165853 -0.998475 -0.0526483
t 0.996208 0.00365322 -0.0869321
bt -0.00473901 -0.998475 -0.054995
t 0.996208 0.00365333 -0.086932
bt 0.00923255 -0.998376 -0.0562116
t 0.953787 -0.00365107 0.30046
bt 0.0233183 -0.998451 -0.0505244
t 0.915596 -0.00183995 -0.402094
bt 0.461539 -0.0279547 0.886679
t 0.988251 0.00187756 -0.152829
bt 0.0871069 -0.0279037 0.995808
t 0.988253 0.00187721 -0.152817
bt 0.342572 -0.0269401 0.939105
t 0.915596 -0.00183994 -0.402095
bt 0.57271 -0.0277174 0.819289
t 0.261584 -0.0322642 -0.964641
bt -0.746931 -0.62178 -0.235551
t -0.046577 0.0322561 -0.998394
bt -0.780225 -0.621768 0.0682139
t -0.0465782 0.0322552 -0.998394
bt -0.781739 -0.608941 -0.134443
t 0.261584 -0.0322644 -0.964641
bt -0.712746 -0.618601 -0.330644
t 0.300538 0.00350933 -0.953763
bt 0.0505282 -0.998595 0.015992
t -0.0869366 -0.00350726 -0.996208
bt 0.0528063 -0.998595 -0.00452595
t -0.0869366 -0.00350744 -0.996208
bt 0.0539791 -0.998502 0.00893983
t 0.300538 0.00350957 -0.953763
bt 0.0485044 -0.998572 0.0224069
t 0.264486 0.0328328 -0.96383
bt 0.71873 -0.657334 0.22658
t -0.0495866 -0.0328126 -0.998231
bt 0.750756 -0.657316 -0.0655852
t -0.0495894 -0.0328101 -0.998231
bt 0.753377 -0.644792 0.129096
t 0.264489 0.0328304 -0.96383
bt 0.68611 -0.654228 0.318179
t 0.29381 -0.0205874 -0.955642
bt -0.31357 -0.944401 -0.0988968
t -0.079986 0.0205816 -0.996583
bt -0.327546 -0.944399 0.0287138
t -0.0799865 0.0205802 -0.996584
bt -0.333718 -0.941055 -0.0551996
t 0.29381 -0.0205874 -0.955642
bt -0.300658 -0.943566 -0.138882
t 0.293811 0.020586 -0.955642
bt 0.31357 -0.944401 0.0988968
t -0.0799861 -0.0205811 -0.996583
bt 0.327546 -0.944399 -0.0287138
t -0.0799856 -0.0205825 -0.996584
bt 0.333717 -0.941057 0.055181
t 0.293811 0.020586 -0.955642
bt 0.300661 -0.943566 0.138873
t 0.298972 -0.0107513 -0.954201
bt -0.163108 -0.986173 -0.0292996
t 0.298972 -0.010751 -0.954201
bt -0.156765 -0.986393 -0.0495417
t -0.0853936 0.0107559 -0.996289
bt -0.163769 -0.986393 0.0144605
t -0.0853936 0.0107559 -0.996289
bt -0.163769 -0.986393 0.0144605
t 0.284267 0.028993 -0.958307
bt 0.484138 -0.861546 0.152803
t -0.0701045 -0.0289884 -0.997118
bt 0.505747 -0.861546 -0.0442587
t -0.0825969 -0.0126709 -0.996502
bt 0.343127 -0.937993 0.0493266
t 0.296287 0.0126571 -0.955015
bt 0.310821 -0.940199 0.139344
t -0.0858519 -0.00927608 -0.996265
bt 0.143809 -0.989325 0.0235518
t 0.299432 0.0092749 -0.954073
bt 0.129325 -0.989808 0.0596277
t 0.251402 0.0277285 -0.967486
bt 0.838443 -0.476574 0.264368
t 0.065037 -0.082054 -0.994504
bt 0.875805 -0.476539 -0.0766543
t 0.0650308 -0.0820507 -0.994504
bt 0.854029 -0.448742 0.263184
t 0.251402 0.0277284 -0.967486
bt 0.798821 -0.473484 0.371075
t 0.24546 0.0225497 -0.969144
bt 0.887796 -0.365316 0.279931
t -0.0298561 -0.0224658 -0.999302
bt 0.927352 -0.365285 -0.0811432
t -0.0298502 -0.0224681 -0.999302
bt 0.921005 -0.354516 0.161457
t 0.245459 0.0225503 -0.969145
bt 0.845065 -0.362656 0.392869
t -0.0549681 0.0306213 -0.998019
bt -0.670553 -0.741662 0.0171991
t 0.273433 -0.035158 -0.961248
bt -0.605344 -0.729154 -0.319208
t 0.208736 -0.0955275 -0.973295
bt -0.696576 -0.717423 0.00930712
t -0.060584 0.035889 -0.997518
bt -0.670538 -0.741676 0.0171974
t 0.300537 0.00218131 -0.953767
bt 0.0527175 -0.998486 0.0157025
t -0.0871116 -0.0022009 -0.996196
bt 0.0550046 -0.998469 -0.00576681
t -0.0853044 -0.00108705 -0.996354
bt 0.0302208 -0.999406 0.0165731
t 0.302222 0.00140545 -0.953236
bt 0.0280841 -0.999328 0.0235725
t 0.277969 0.0317274 -0.960066
bt 0.569104 -0.802456 0.179404
t -0.0635532 -0.0317093 -0.997475
bt 0.594504 -0.802411 -0.0519653
t -0.0635583 -0.0316973 -0.997475
bt 0.600766 -0.792986 0.101262
t 0.277971 0.0317247 -0.960065
bt 0.544396 -0.8001 0.251939
t 0.268333 -0.0312658 -0.962819
bt -0.65756 -0.717165 -0.230847
t -0.0571431 0.0349284 -0.997755
bt -0.691201 -0.721769 0.0359199
t -0.0761684 0.0184626 -0.996924
bt -0.532575 -0.844688 -0.0535369
t 0.289176 -0.0183029 -0.957101
bt -0.4944 -0.845497 -0.201749
t 0.10357 -0.00954974 -0.994576
bt -0.77464 -0.618076 0.133847
t 0.307764 -0.0370952 -0.950739
bt -0.664373 -0.623079 -0.412772
t 0.279778 -0.0185718 -0.959885
bt -0.702453 -0.692951 -0.162414
t -0.048066 0.021434 -0.998614
bt -0.717047 -0.680789 0.149567
t 0.402094 0.00183997 0.915596
bt 0.886658 -0.0279547 -0.46158
t 0.152815 -0.00187716 0.988253
bt 0.995804 -0.0279037 -0.087151
t 0.152815 -0.00187716 0.988253
bt 0.93909 -0.0269398 -0.342615
t 0.40209 0.00184008 0.915598
bt 0.819272 -0.0277173 -0.572735
t 0.431843 0.0330847 0.901342
bt 0.627089 -0.707198 -0.326542
t 0.120033 -0.0331336 0.992217
bt 0.704441 -0.707101 -0.0614059
t 0.120028 -0.0331293 0.992217
bt 0.676805 -0.695293 -0.241872
t 0.431843 0.0330843 0.901342
bt 0.582498 -0.70426 -0.405849
t 0.268773 0.0330872 -0.962635
bt 0.674384 -0.707115 0.21259
t -0.0540505 -0.0330948 -0.99799
bt 0.70441 -0.707101 -0.0617646
t -0.0540484 -0.0330968 -0.99799
bt 0.708514 -0.695291 0.120741
t 0.268773 0.0330876 -0.962635
bt 0.644226 -0.704181 0.298499
t 0.300703 0 -0.953718
bt 0 -1 0
t -0.0872004 0 -0.996191
bt 0 -1 0
t -0.0872004 0 -0.996191
bt 0 -1 0
t 0.300703 0 -0.953718
bt 0 -1 0
t 0.300629 -0.00255836 -0.953738
bt -0.0367854 -0.999255 -0.0116962
t -0.0870684 0.00255811 -0.996199
bt -0.0384467 -0.999255 0.00341623
t -0.0870684 0.00255774 -0.996199
bt -0.0393112 -0.999206 -0.00648418
t 0.300629 -0.00255828 -0.953738
bt -0.0353166 -0.999242 -0.0163529
t 0.270372 -0.0330886 -0.962187
bt -0.657599 -0.724257 -0.2074
t -0.0556741 0.0330624 -0.997901
bt -0.686898 -0.724271 0.0600236
t -0.055675 0.0330614 -0.997901
bt -0.691451 -0.712774 -0.11768
t 0.270374 -0.0330859 -0.962187
bt -0.628332 -0.721402 -0.291168
t 0.270375 0.0330849 -0.962186
bt 0.657599 -0.724257 0.2074
t -0.0556771 -0.0330593 -0.997901
bt 0.686898 -0.724271 -0.0600236
t -0.0556761 -0.0330603 -0.997901
bt 0.691451 -0.712773 0.117689
t 0.270373 0.0330876 -0.962187
bt 0.62833 -0.721401 0.291172
t 0.297615 0.000730087 -0.954686
bt 0.00340518 -0.999601 0.0280403
t -0.0906006 -5.59203e-05 -0.995887
bt 0.00333098 -0.999608 0.0277884
t 0.299977 -0.00734358 -0.953918
bt -0.164674 -0.984641 -0.0580116
t -0.0853987 0.00686725 -0.996323
bt -0.172485 -0.984973 0.00876079
t -0.0870048 -0.00139188 -0.996207
bt 0.0355167 -0.999364 0.00324894
t 0.300739 0.00139049 -0.953705
bt 0.0318066 -0.999379 0.0151807
t 0.30046 -0.00365085 -0.953787
bt -0.0526479 -0.998475 -0.0165864
t -0.0869321 0.00365313 -0.996208
bt -0.0549958 -0.998475 0.00472968
t -0.086932 0.00365333 -0.996208
bt -0.0562119 -0.998376 -0.00923526
t 0.30046 -0.00365084 -0.953787
bt -0.0505213 -0.998451 -0.023328
t 0.40209 -0.00184008 0.915598
bt -0.886658 -0.0279547 0.46158
t 0.152811 0.00187705 0.988254
bt -0.995804 -0.0279037 0.0871509
t 0.152811 0.00187705 0.988254
bt -0.93909 -0.0269398 0.342614
t 0.402094 -0.00183996 0.915596
bt -0.819272 -0.0277173 0.572735
t -0.261585 -0.0322638 0.964641
bt 0.746913 -0.62178 0.235608
t 0.0465829 0.0322515 0.998394
bt 0.780225 -0.621768 -0.0682132
t 0.046578 0.0322553 0.998394
bt 0.781738 -0.608938 0.134463
t -0.261582 -0.0322661 0.964642
bt 0.712731 -0.618599 0.33068
t -0.300538 0.00350958 0.953763
bt -0.0505112 -0.998595 -0.0160461
t 0.0869366 -0.00350045 0.996208
bt -0.0526844 -0.9986 0.00477518
t 0.0869366 -0.00350075 0.996208
bt -0.0538713 -0.998509 -0.00885181
t -0.300538 0.00350948 0.953763
bt -0.0484728 -0.998571 -0.0225069
t -0.264484 0.0328351 0.963831
bt -0.71873 -0.657334 -0.226582
t 0.0495837 -0.0328151 0.998231
bt -0.750758 -0.657316 0.0655578
t 0.0495872 -0.032812 0.998231
bt -0.753377 -0.644791 -0.129105
t -0.264485 0.0328338 0.963831
bt -0.686129 -0.654232 -0.318132
t -0.29381 -0.0205888 0.955642
bt 0.31357 -0.944401 0.0988968
t 0.0799853 0.0205835 0.996584
bt 0.327544 -0.944399 -0.0287343
t 0.0799859 0.0205819 0.996584
bt 0.333717 -0.941056 0.0551929
t -0.29381 -0.0205874 0.955642
bt 0.300653 -0.943565 0.138897
t -0.293811 0.0205857 0.955642
bt -0.31357 -0.944401 -0.0988968
t 0.0799862 -0.0205809 0.996583
bt -0.327544 -0.944399 0.0287343
t 0.0799856 -0.0205826 0.996584
bt -0.333716 -0.941057 -0.0551742
t -0.29381 0.0205872 0.955642
bt -0.300656 -0.943566 -0.138888
t -0.298972 -0.0107498 0.954201
bt 0.163114 -0.986173 0.0292795
t -0.298972 -0.010751 0.954201
bt 0.156811 -0.986393 0.049397
t 0.0853934 0.010757 0.996289
bt 0.16377 -0.986393 -0.014448
t 0.0853934 0.010757 0.996289
bt 0.16377 -0.986393 -0.014448
t -0.284264 0.0289989 0.958308
bt -0.484185 -0.861546 -0.152653
t 0.0701015 -0.0289935 0.997118
bt -0.505749 -0.861546 0.0442414
t 0.0825979 -0.0126642 0.996502
bt -0.343035 -0.938031 -0.0492409
t -0.296287 0.0126579 0.955015
bt -0.310839 -0.940201 -0.139289
t 0.0858517 -0.0092712 0.996265
bt -0.143711 -0.989339 -0.0235637
t -0.299432 0.00927359 0.954072
bt -0.129322 -0.989808 -0.0596373
t -0.251401 0.0277319 0.967486
bt -0.838467 -0.476532 -0.264366
t 0.0360203 -0.027707 0.998967
bt -0.875831 -0.476498 0.0766189
t 0.0360262 -0.0277038 0.998967
bt -0.872704 -0.464022 -0.151894
t -0.251402 0.0277283 0.967485
bt -0.798826 -0.473485 -0.371065
t -0.245458 0.0225504 0.969145
bt -0.887796 -0.365316 -0.279931
t 0.0298408 -0.0224718 0.999302
bt -0.927353 -0.365285 0.0811359
t 0.0298445 -0.0224703 0.999302
bt -0.921005 -0.354516 -0.161459
t -0.245459 0.0225503 0.969145
bt -0.845071 -0.362657 -0.392855
t -0.270537 -0.0307038 0.96222
bt 0.679472 -0.733669 -0.00688939
t -0.275668 -0.0356128 0.960593
bt 0.64176 -0.749616 0.161926
t 0.0543174 0.0299887 0.998073
bt 0.663317 -0.741697 -0.0994787
t 0.0599185 0.0352929 0.997579
bt 0.650884 -0.736507 -0.184138
t -0.300652 0.00221271 0.953731
bt -0.0527643 -0.998453 -0.017555
t 0.0870118 -0.00219518 0.996205
bt -0.0551707 -0.998469 0.0038739
t 0.0889026 -0.00119443 0.99604
bt -0.0284195 -0.999586 0.00443091
t -0.299055 0.000896595 0.954236
bt -0.0241316 -0.999707 -0.00191017
t -0.277969 0.0317275 0.960066
bt -0.569065 -0.802456 -0.179526
t 0.063558 -0.0316976 0.997475
bt -0.594439 -0.802459 0.0519704
t 0.0635584 -0.0316971 0.997475
bt -0.600766 -0.792975 -0.101346
t -0.277969 0.0317275 0.960066
bt -0.544347 -0.800091 -0.252073
t -0.290264 -0.018531 0.956767
bt 0.527265 -0.84739 0.0626306
t -0.272019 -0.0349228 0.961658
bt 0.661809 -0.726526 0.184848
t 0.0538557 0.0311263 0.998064
bt 0.68696 -0.72175 -0.0846329
t 0.0759809 0.0172509 0.99696
bt 0.522005 -0.848031 -0.0914024
t -0.274369 -0.0156776 0.961497
bt 0.649242 -0.679463 0.341782
t 0.0683115 0.0204987 0.997453
bt 0.695652 -0.703167 -0.147053
t -0.0836826 0.0223418 0.996242
bt 0.704476 -0.607405 0.367115
t -0.267756 -0.0388221 0.962704
bt 0.693969 -0.597484 0.401771
t -0.402094 0.00183996 -0.915596
bt -0.886671 -0.0279547 0.461555
t -0.152822 -0.00187735 -0.988252
bt -0.995809 -0.0279037 0.087102
t -0.152816 -0.00187718 -0.988253
bt -0.974543 -0.0276374 0.222489
t -0.402094 0.00183996 -0.915596
bt -0.819275 -0.0277173 0.572731
t -0.431869 0.0331174 -0.901328
bt -0.627298 -0.707054 0.326455
t -0.120034 -0.0331352 -0.992217
bt -0.70441 -0.707101 0.0617646
t -0.120034 -0.0331348 -0.992217
bt -0.676795 -0.695287 0.24192
t -0.431869 0.0331175 -0.901328
bt -0.582637 -0.704119 0.405895
t -0.268773 0.0330875 0.962635
bt -0.674384 -0.707115 -0.21259
t 0.0540471 -0.0330981 0.99799
bt -0.704441 -0.707101 0.0614058
t 0.0540458 -0.0330994 0.99799
bt -0.708509 -0.695276 -0.120859
t -0.268772 0.033088 0.962635
bt -0.644225 -0.704181 -0.298502
t -0.300703 0 0.953718
bt 0 -1 0
t 0.0872004 0 0.996191
bt 0 -1 0
t 0.0872004 0 0.996191
bt 0 -1 0
t -0.300703 0 0.953718
bt 0 -1 0
t -0.300629 -0.00255822 0.953738
bt 0.0368264 -0.999255 0.0115662
t 0.0870684 0.00255806 0.996199
bt 0.0384609 -0.999255 -0.00325364
t 0.0870684 0.00255776 0.996199
bt 0.0393079 -0.999206 0.00644551
t -0.300629 -0.00255836 0.953738
bt 0.035328 -0.999243 0.0163168
t -0.270362 -0.0330701 0.962191
bt 0.657583 -0.724303 0.207292
t 0.055675 0.0330614 0.997901
bt 0.686898 -0.724271 -0.0600236
t 0.0556752 0.0330613 0.997901
bt 0.691454 -0.712783 0.117613
t -0.270359 -0.033073 0.962191
bt 0.628307 -0.721447 0.291109
t -0.270359 0.0330729 0.962191
bt -0.657583 -0.724303 -0.207292
t 0.0556751 -0.0330613 0.997901
bt -0.686898 -0.724271 0.0600239
t 0.055675 -0.0330614 0.997901
bt -0.691453 -0.712782 -0.117622
t -0.270362 0.0330699 0.962191
bt -0.628306 -0.721447 -0.291113
t 0.0837004 -5.01619e-05 0.996491
bt 0.00153453 -0.999612 0.0278237
t -0.303806 -0.000689843 0.952734
bt 0.00159003 -0.999618 0.0275885
t -0.29907 -0.0067957 0.954207
bt 0.164459 -0.985324 0.0457115
t 0.0865518 0.00666036 0.996225
bt 0.171386 -0.984973 -0.0213286
t 0.0872045 -0.0013991 0.99619
bt -0.0356051 -0.999357 -0.00425123
t -0.300339 0.00699262 0.953807
bt -0.0332822 -0.99938 -0.0115013
t -0.30046 -0.00365137 0.953787
bt 0.0526483 -0.998475 0.0165853
t 0.086932 0.0036535 0.996208
bt 0.0549855 -0.998475 -0.00484806
t 0.0869321 0.00365308 0.996208
bt 0.0562085 -0.998377 0.00919602
t -0.30046 -0.00365136 0.953787
bt 0.0505215 -0.998451 0.0233273
t -0.402104 -0.00183967 -0.915592
bt 0.886671 -0.0279547 -0.461555
t -0.152811 0.00187706 -0.988254
bt 0.995809 -0.0279037 -0.0871019
t -0.152822 0.00187735 -0.988252
bt 0.939102 -0.02694 -0.342582
t -0.402104 -0.00183967 -0.915592
bt 0.819275 -0.0277173 -0.57273
t -0.497162 -0.0322419 -0.867058
bt -0.694737 -0.62176 0.361599
t -0.738893 0.0322263 -0.673051
bt -0.503455 -0.621782 0.599934
t -0.738897 0.032222 -0.673047
bt -0.647835 -0.608959 0.457689
t -0.497161 -0.0322403 -0.867059
bt -0.73782 -0.618577 0.270155
t -0.461893 0.00350382 -0.886929
bt 0.0468667 -0.9986 -0.0245313
t -0.765928 -0.00350349 -0.642916
bt 0.0341234 -0.9986 -0.0404211
t -0.765929 -0.00350314 -0.642916
bt 0.04432 -0.998509 -0.0318592
t -0.461893 0.00350369 -0.886929
bt 0.0500183 -0.998577 -0.0184746
t -0.494539 0.0327954 -0.868537
bt 0.668539 -0.657247 -0.347969
t -0.74091 -0.0327922 -0.670803
bt 0.484363 -0.657304 -0.57736
t -0.740906 -0.032797 -0.670807
bt 0.624021 -0.644781 -0.441423
t -0.494541 0.0327979 -0.868535
bt 0.710233 -0.654134 -0.26015
t -0.468008 -0.0205756 -0.883484
bt -0.291675 -0.944402 0.151762
t -0.750604 0.0616286 -0.657872
bt -0.211341 -0.944392 0.251911
t -0.750602 0.0616335 -0.657874
bt -0.306127 -0.936878 0.168956
t -0.468009 -0.0205765 -0.883484
bt -0.310807 -0.943566 0.114381
t -0.46801 0.0205798 -0.883484
bt 0.291675 -0.944402 -0.151762
t -0.761252 -0.0205922 -0.648129
bt 0.211398 -0.944361 -0.251979
t -0.761253 -0.0205889 -0.648129
bt 0.275063 -0.941019 -0.197038
t -0.468009 0.0205788 -0.883484
bt 0.310803 -0.943566 -0.114389
t -0.463356 -0.0107431 -0.886107
bt -0.145855 -0.986393 0.0758615
t -0.764812 0.0107412 -0.644164
bt -0.105646 -0.986394 0.125957
t -0.764855 0.0107538 -0.644113
bt -0.137765 -0.985522 0.09883
t -0.463356 -0.0107422 -0.886107
bt -0.15548 -0.986176 0.0572956
t -0.476627 0.0289898 -0.878627
bt 0.450268 -0.861578 -0.234396
t -0.754635 -0.0289902 -0.655504
bt 0.326351 -0.861542 -0.388896
t -0.763054 -0.0126744 -0.64621
bt 0.277412 -0.938021 -0.207746
t -0.465778 0.012659 -0.884811
bt 0.318239 -0.940229 -0.121213
t -0.765196 -0.00927723 -0.64373
bt 0.118358 -0.989335 -0.0848933
t -0.462897 0.00927464 -0.886364
bt 0.133651 -0.989805 -0.0492249
t -0.506332 0.027767 -0.861891
bt 0.779842 -0.476508 -0.405938
t -0.731876 -0.027768 -0.680872
bt 0.565074 -0.476584 -0.673468
t -0.731875 -0.0277682 -0.680872
bt 0.724476 -0.464094 -0.509658
t -0.506333 0.0277674 -0.861891
bt 0.827272 -0.473422 -0.302478
t -0.511734 0.0225232 -0.858849
bt 0.825687 -0.365363 -0.429826
t -0.727737 -0.0225547 -0.685486
bt 0.598359 -0.365333 -0.71309
t -0.727742 -0.0225516 -0.68548
bt 0.765407 -0.354543 -0.537077
t -0.511735 0.022524 -0.858848
bt 0.875329 -0.3627 -0.319761
t -0.489682 -0.0300728 -0.871383
bt -0.603883 -0.749626 0.270897
t -0.707016 0.0996749 -0.700138
bt -0.442718 -0.756581 0.481234
t -0.745952 0.0311188 -0.665272
bt -0.567328 -0.74126 0.358709
t -0.484908 -0.0350232 -0.873864
bt -0.639407 -0.744492 0.192068
t -0.461924 0.00220394 -0.886917
bt 0.0508366 -0.998448 -0.0227561
t -0.765979 -0.00222157 -0.642862
bt 0.0386015 -0.99843 -0.0405777
t -0.765197 -0.000737686 -0.643795
bt 0.0246267 -0.999687 -0.00436705
t -0.460274 0.000980044 -0.887776
bt 0.027394 -0.999624 0.00156594
t -0.482288 0.0317438 -0.875438
bt 0.52927 -0.80246 -0.275556
t -0.75028 -0.0317182 -0.660359
bt 0.383551 -0.802455 -0.457116
t -0.750278 -0.0317208 -0.660361
bt 0.496404 -0.79298 -0.353221
t -0.482286 0.0317413 -0.875439
bt 0.563108 -0.800102 -0.206749
t -0.541031 -0.0962001 -0.835483
bt -0.619694 -0.726493 0.296964
t -0.745988 0.0346895 -0.665055
bt -0.45217 -0.730562 0.511684
t -0.75871 0.0188711 -0.651155
bt -0.405819 -0.849986 0.33591
t -0.471328 -0.0169273 -0.881796
bt -0.484975 -0.850756 0.202519
t -0.533211 -0.0260873 -0.84558
bt -0.589268 -0.592675 0.54909
t -0.48761 -0.0252687 -0.872696
bt -0.610627 -0.677037 0.4108
t -0.756348 0.0171747 -0.653944
bt -0.475908 -0.684987 0.551638
t -0.740196 0.0257265 -0.671899
bt -0.551685 -0.607788 0.571172
t -0.363095 0.00186864 0.93175
bt 0.953348 -0.0279904 0.300572
t -0.590738 -0.00188242 0.806861
bt 0.765757 -0.0279638 0.642522
t -0.590742 -0.00188231 0.806859
bt 0.846433 -0.0276967 0.531775
t -0.363091 0.00186853 0.931752
bt 0.9843 -0.0277561 0.174309
t -0.331934 0.0331411 0.94272
bt 0.674384 -0.707115 0.21259
t -0.616698 -0.0330936 0.786504
bt 0.541776 -0.707113 0.454389
t -0.616697 -0.0330946 0.786504
bt 0.649673 -0.695292 0.307399
t -0.331934 0.0331417 0.94272
bt 0.698928 -0.704186 0.124989
t -0.490618 0.0331204 -0.870745
bt 0.627298 -0.707054 -0.326454
t -0.743931 -0.0331387 -0.667434
bt 0.454403 -0.707113 -0.541764
t -0.743931 -0.0331389 -0.667434
bt 0.586408 -0.695288 -0.415572
t -0.490618 0.0331202 -0.870745
bt 0.666699 -0.704115 -0.244405
t -0.461719 0 -0.887026
bt 0 -1 0
t -0.766018 0 -0.642819
bt 0 -1 0
t -0.766018 0 -0.642819
bt 0 -1 0
t -0.461719 0 -0.887026
bt 0 -1 0
t -0.461857 -0.00255673 -0.886951
bt -0.0342371 -0.999255 0.0178303
t -0.765995 0.00256498 -0.642842
bt -0.0249452 -0.999251 0.0295868
t -0.765995 0.00256498 -0.642842
bt -0.0324552 -0.999202 0.0232831
t -0.461857 -0.00255641 -0.886951
bt -0.036496 -0.999243 0.0134899
t -0.489198 -0.03309 -0.871545
bt -0.611681 -0.724207 0.318388
t -0.74501 0.0330945 -0.666232
bt -0.443288 -0.724254 0.528159
t -0.74501 0.0330938 -0.666231
bt -0.511013 -0.721257 0.467604
t -0.489197 -0.0330831 -0.871546
bt -0.650189 -0.7214 0.238404
t -0.489196 0.0330873 -0.871546
bt 0.611681 -0.724207 -0.318388
t -0.745013 -0.03309 -0.666229
bt 0.443288 -0.724254 -0.528159
t -0.745012 -0.0330907 -0.666229
bt 0.572154 -0.712753 -0.405737
t -0.489198 0.0330846 -0.871545
bt 0.650191 -0.721399 -0.2384
t -0.46461 -0.000623244 -0.885515
bt 0.00317108 -0.999621 0.0273445
t -0.767608 0.00131571 -0.640919
bt 0.00294632 -0.999626 0.0272064
t -0.462289 -0.00657363 -0.886705
bt -0.154027 -0.985323 0.0735807
t -0.765048 0.00683643 -0.643937
bt -0.112071 -0.985606 0.126571
t -0.765976 -0.00140131 -0.642868
bt 0.0276551 -0.999356 -0.0228756
t -0.461726 0.00140229 -0.887021
bt 0.0334915 -0.999368 -0.0118933
t -0.461871 -0.00365764 -0.88694
bt -0.0489334 -0.998475 0.0255434
t -0.765924 0.00365545 -0.642921
bt -0.0354936 -0.998475 0.0422749
t -0.765924 0.00365577 -0.642921
bt -0.0462405 -0.998377 0.0332505
t -0.461871 -0.00365768 -0.88694
bt -0.0522053 -0.998451 0.0192544
t -0.363091 -0.00186853 0.931752
bt -0.953348 -0.0279904 -0.300572
t -0.590738 0.00188243 0.806861
bt -0.765757 -0.0279638 -0.642522
t -0.590738 0.00188242 0.806861
bt -0.9063 -0.0269975 -0.421772
t -0.363095 -0.00186864 0.93175
bt -0.9843 -0.0277561 -0.174309
t 0.497159 -0.032239 0.86706
bt 0.694706 -0.62176 -0.36166
t 0.738894 0.0322256 0.673051
bt 0.503325 -0.621782 -0.600042
t 0.738897 0.0322223 0.673048
bt 0.647757 -0.608974 -0.457779
t 0.49716 -0.0322399 0.86706
bt 0.737803 -0.61858 -0.270196
t 0.461893 0.00350981 0.886929
bt -0.0469956 -0.998595 0.0244997
t 0.765929 -0.00350298 0.642916
bt -0.0340039 -0.9986 0.0405213
t 0.765928 -0.0035034 0.642916
bt -0.0443539 -0.998509 0.0318307
t 0.461893 0.00351008 0.886929
bt -0.0500856 -0.998572 0.0185613
t 0.494542 0.0327948 0.868535
bt -0.668463 -0.657296 0.348022
t 0.740909 -0.0327928 0.670804
bt -0.48435 -0.657304 0.577371
t 0.740909 -0.0327934 0.670805
bt -0.623971 -0.644791 0.44148
t 0.494542 0.032795 0.868535
bt -0.710176 -0.654187 0.260171
t 0.468009 -0.0205775 0.883484
bt 0.291647 -0.944402 -0.151816
t 0.750603 0.0616292 0.657873
bt 0.211425 -0.944392 -0.25184
t 0.750603 0.0616307 0.657873
bt 0.306131 -0.936877 -0.168953
t 0.468009 -0.0205766 0.883484
bt 0.310786 -0.943567 -0.114423
t 0.468009 0.0205776 0.883484
bt -0.291647 -0.944402 0.151816
t 0.761252 -0.0205901 0.648129
bt -0.211483 -0.944361 0.251908
t 0.761253 -0.0205891 0.648129
bt -0.275093 -0.941016 0.197011
t 0.468009 0.0205786 0.883484
bt -0.310782 -0.943568 0.114432
t 0.463356 -0.010742 0.886107
bt 0.145823 -0.986393 -0.0759227
t 0.764855 0.0107546 0.644113
bt 0.105632 -0.986393 -0.125982
t 0.764855 0.0107539 0.644113
bt 0.137701 -0.985525 -0.0988844
t 0.463306 -0.0107517 0.886133
bt 0.155455 -0.986179 -0.0573103
t 0.476625 0.028985 0.878629
bt -0.450266 -0.861579 0.234399
t 0.754637 -0.0289815 0.655502
bt -0.32627 -0.861586 0.388868
t 0.763053 -0.012677 0.646211
bt -0.277378 -0.938025 0.207776
t 0.465777 0.0126561 0.884812
bt -0.318238 -0.940229 0.121215
t 0.765196 -0.00928322 0.64373
bt -0.118357 -0.989324 0.0850223
t 0.462897 0.00927477 0.886364
bt -0.13363 -0.989806 0.0492654
t 0.58916 0.0821115 0.803834
bt -0.779816 -0.47655 0.40594
t 0.731874 -0.0277693 0.680874
bt -0.565092 -0.476584 0.673453
t 0.731874 -0.0277695 0.680874
bt -0.724474 -0.464094 0.509661
t 0.58916 0.0821115 0.803834
bt -0.779816 -0.47655 0.40594
t 0.511734 0.0225233 0.858849
bt -0.825685 -0.365363 0.42983
t 0.727739 -0.0225531 0.685483
bt -0.59836 -0.365333 0.71309
t 0.727744 -0.0225503 0.685478
bt -0.765405 -0.354544 0.537079
t 0.511731 0.0225222 0.85885
bt -0.87533 -0.3627 0.319761
t 0.490293 -0.0309079 0.87101
bt 0.49311 -0.718952 -0.489848
t 0.485808 -0.0357371 0.873335
bt 0.584073 -0.733967 -0.346629
t 0.743866 0.0309606 0.667612
bt 0.41865 -0.727548 -0.543513
t 0.746269 0.0346428 0.664743
bt 0.351476 -0.723335 -0.594349
t 0.461802 0.00218791 0.88698
bt -0.0511127 -0.998474 0.0209231
t 0.765979 -0.00217408 0.642862
bt -0.0388666 -0.998491 0.0387931
t 0.766841 -0.00157026 0.641835
bt -0.0254362 -0.999269 0.0285266
t 0.463309 0.00128732 0.886196
bt -0.0275506 -0.999411 0.020472
t 0.482287 0.0317428 0.875438
bt -0.529298 -0.80246 0.275503
t 0.75028 -0.0317171 0.660359
bt -0.383615 -0.802455 0.457062
t 0.750279 -0.0317192 0.66036
bt -0.496463 -0.79297 0.353161
t 0.482289 0.0317458 0.875437
bt -0.56312 -0.800101 0.206725
t 0.470739 -0.0170903 0.882107
bt 0.425185 -0.842242 -0.331429
t 0.4884 -0.0348368 0.871924
bt 0.607489 -0.717158 -0.341527
t 0.742732 0.0330578 0.668772
bt 0.437284 -0.713313 -0.547693
t 0.758074 0.0184807 0.651907
bt 0.314407 -0.843432 -0.435627
t 0.535407 -0.0200596 0.844356
bt 0.462028 -0.614557 -0.639414
t 0.482661 -0.0294261 0.875313
bt 0.56998 -0.698074 -0.433377
t 0.754701 0.0139128 0.655921
bt 0.45139 -0.695342 -0.559237
t 0.746132 0.0365163 0.664796
bt 0.386613 -0.619908 -0.682821
t 0.363095 0.00186865 -0.93175
bt -0.953346 -0.0279904 -0.300579
t 0.590739 -0.00188239 -0.806861
bt -0.765731 -0.0279638 -0.642553
t 0.590742 -0.00188229 -0.806858
bt -0.84643 -0.0276967 -0.531779
t 0.363095 0.00186865 -0.93175
bt -0.953346 -0.0279904 -0.300579
t 0.331934 0.0331413 -0.94272
bt -0.674384 -0.707115 -0.21259
t 0.616698 -0.0330933 -0.786504
bt -0.541782 -0.707113 -0.454382
t 0.616698 -0.0330941 -0.786504
bt -0.649675 -0.695291 -0.307397
t 0.331935 0.0331424 -0.94272
bt -0.698956 -0.704178 -0.124876
t 0.490582 0.033148 0.870764
bt -0.62709 -0.707198 0.326542
t 0.743932 -0.033138 0.667434
bt -0.454581 -0.707113 0.541615
t 0.743932 -0.0331372 0.667433
bt -0.586356 -0.695298 0.415629
t 0.49058 0.0331459 0.870765
bt -0.666567 -0.704264 0.244339
t 0.461719 0 0.887026
bt 0 -1 0
t 0.766018 0 0.642819
bt 0 -1 0
t 0.766018 0 0.642819
bt 0 -1 0
t 0.461719 0 0.887026
bt 0 -1 0
t 0.461806 -0.00255836 0.886977
bt 0.0342028 -0.999255 -0.0178889
t 0.765995 0.00255835 0.642842
bt 0.024729 -0.999255 -0.0296379
t 0.765995 0.00255864 0.642842
bt 0.032283 -0.999207 -0.0232973
t 0.461806 -0.00255818 0.886977
bt 0.0364942 -0.999243 -0.013486
t 0.489196 -0.0330825 0.871546
bt 0.611568 -0.724257 -0.318492
t 0.744981 0.0330408 0.666267
bt 0.443144 -0.724285 -0.528238
t 0.745012 0.0330917 0.66623
bt 0.510958 -0.721262 -0.467656
t 0.489196 -0.0330825 0.871546
bt 0.65015 -0.721406 -0.238492
t 0.489196 0.0330827 0.871546
bt -0.611568 -0.724257 0.318492
t 0.745012 -0.0330919 0.66623
bt -0.443165 -0.724254 0.528262
t 0.744981 -0.0330408 0.666267
bt -0.572026 -0.71281 0.405817
t 0.489196 0.0330827 0.871546
bt -0.650152 -0.721406 0.238488
t 0.764458 -0.00131982 0.644672
bt 0.00170376 -0.999592 0.0285093
t 0.4589 0.00234638 0.888485
bt 0.00162416 -0.999595 0.0284181
t 0.463165 -0.0063368 0.886249
bt 0.152097 -0.984641 -0.0857177
t 0.765538 0.00655718 0.643357
bt 0.109804 -0.984362 -0.137747
t 0.766021 -0.00138409 0.642814
bt -0.0278778 -0.999368 0.0220343
t 0.461849 0.00138525 0.886957
bt -0.0336561 -0.999374 0.0109317
t 0.461871 -0.00365787 0.88694
bt 0.0489488 -0.998475 -0.0255139
t 0.765924 0.00365572 0.642921
bt 0.0354936 -0.998475 -0.0422749
t 0.765924 0.00365559 0.642921
bt 0.0462752 -0.998376 -0.0332213
t 0.461871 -0.00365746 0.88694
bt 0.052193 -0.998451 -0.0192781
t 0.363092 -0.00186856 -0.931751
bt 0.953346 -0.0279904 0.300579
t 0.590742 0.0018823 -0.806859
bt 0.765731 -0.0279638 0.642553
t 0.590739 0.00188239 -0.806861
bt 0.906292 -0.0269977 0.421788
t 0.363096 -0.00186868 -0.93175
bt 0.984296 -0.0277562 0.174329
t 0.867061 -0.0322382 -0.497158
bt -0.361677 -0.62176 -0.694697
t 0.673016 0.0322796 -0.738923
bt -0.600035 -0.621742 -0.503383
t 0.673018 0.0322819 -0.738921
bt -0.457805 -0.608924 -0.647785
t 0.86706 -0.0322394 -0.49716
bt -0.270259 -0.618584 -0.737776
t 0.886929 0.00350415 -0.461893
bt 0.0243679 -0.9986 0.0469518
t 0.642916 -0.00350303 -0.765928
bt 0.0405276 -0.9986 0.0339965
t 0.642916 -0.00350271 -0.765929
bt 0.0318389 -0.998509 0.0443442
t 0.886929 0.00350397 -0.461893
bt 0.0183759 -0.998577 0.0500696
t 0.868533 0.0327971 -0.494545
bt 0.348031 -0.657296 0.668458
t 0.670807 -0.0328013 -0.740906
bt 0.577305 -0.657254 0.484496
t 0.670806 -0.0327991 -0.740908
bt 0.44148 -0.644734 0.62403
t 0.868533 0.0327969 -0.494544
bt 0.26023 -0.654191 0.710151
t 0.883484 -0.0205793 -0.46801
bt -0.151812 -0.944402 -0.291648
t 0.648125 0.0205831 -0.761256
bt -0.251882 -0.944407 -0.211307
t 0.648124 0.0205821 -0.761256
bt -0.196923 -0.941063 -0.274995
t 0.883484 -0.020578 -0.468009
bt -0.114383 -0.943566 -0.310806
t 0.883484 0.020577 -0.468009
bt 0.151812 -0.944402 0.291649
t 0.657873 -0.0616305 -0.750603
bt 0.251916 -0.944392 0.211335
t 0.657873 -0.0616321 -0.750603
bt 0.168969 -0.93688 0.306113
t 0.883484 0.0205783 -0.468009
bt 0.114391 -0.943566 0.310802
t 0.886107 -0.0107424 -0.463356
bt -0.0759227 -0.986393 -0.145823
t 0.644113 0.0107558 -0.764855
bt -0.125979 -0.986393 -0.105636
t 0.644113 0.010755 -0.764855
bt -0.0988837 -0.985525 -0.137702
t 0.886107 -0.010743 -0.463357
bt -0.0572779 -0.986176 -0.155489
t 0.884811 0.0126631 -0.465778
bt 0.191539 -0.940185 0.281719
t 0.878628 0.0289938 -0.476626
bt 0.23444 -0.861535 0.450328
t 0.655503 -0.0289892 -0.754636
bt 0.389014 -0.861542 0.326211
t 0.646211 -0.0126802 -0.763053
bt 0.259445 -0.940929 0.217578
t 0.64373 -0.00928371 -0.765196
bt 0.0850087 -0.989324 0.118373
t 0.886364 0.00927463 -0.462897
bt 0.0492537 -0.989806 0.133636
t 0.803834 0.0821114 -0.589159
bt 0.405953 -0.47655 0.779809
t 0.680869 -0.0277686 -0.731879
bt 0.673471 -0.476542 0.565105
t 0.680877 -0.0277713 -0.731871
bt 0.509667 -0.464095 0.724469
t 0.803834 0.0821114 -0.589159
bt 0.405953 -0.47655 0.779809
t 0.858852 0.0225209 -0.511728
bt 0.429827 -0.365363 0.825687
t 0.685486 -0.0225547 -0.727737
bt 0.713077 -0.365333 0.598375
t 0.685485 -0.022554 -0.727738
bt 0.537072 -0.354543 0.76541
t 0.858854 0.0225197 -0.511726
bt 0.31976 -0.3627 0.87533
t 0.667231 0.0314689 -0.744186
bt -0.506668 -0.727565 -0.462534
t 0.871902 -0.0339285 -0.488504
bt -0.229052 -0.720014 -0.655069
t 0.870982 -0.031942 -0.490275
bt -0.450905 -0.715124 -0.534119
t 0.706263 0.100417 -0.700792
bt -0.506658 -0.727577 -0.462525
t 0.886941 0.00216311 -0.461877
bt 0.0217893 -0.998507 0.0500978
t 0.642862 -0.0021739 -0.765979
bt 0.0396607 -0.998497 0.0378331
t 0.643791 -0.00146856 -0.7652
bt 0.0189218 -0.999142 0.0368376
t 0.88732 0.00166524 -0.461152
bt 0.0115798 -0.999121 0.0402989
t 0.875438 0.0317428 -0.482287
bt 0.343955 -0.800008 0.491611
t 0.875437 0.0317448 -0.482288
bt 0.275558 -0.80246 0.529269
t 0.66036 -0.0317204 -0.750279
bt 0.457173 -0.802455 0.383483
t 0.66036 -0.0317204 -0.750279
bt 0.457173 -0.802455 0.383483
t 0.871047 -0.0316863 -0.490177
bt -0.316612 -0.710772 -0.628141
t 0.709812 0.0997167 -0.697297
bt -0.525762 -0.713288 -0.463459
t 0.651259 0.0181863 -0.758637
bt -0.349273 -0.84044 -0.41433
t 0.881654 -0.0173058 -0.471579
bt -0.219624 -0.842233 -0.49235
t 0.845867 -0.0250696 -0.532804
bt -0.566418 -0.61243 -0.551453
t 0.873389 -0.0260633 -0.486325
bt -0.422352 -0.686966 -0.591352
t 0.654663 0.0157822 -0.755756
bt -0.562576 -0.692826 -0.45111
t 0.718391 0.0846583 -0.690469
bt -0.587978 -0.627171 -0.510822
t 0.931753 0.00186847 0.363089
bt 0.300625 -0.0279904 -0.953332
t 0.806859 -0.00188231 0.590741
bt 0.642553 -0.0279638 -0.765731
t 0.80686 -0.00188236 0.59074
bt 0.421817 -0.0269979 -0.906279
t 0.931752 0.00186852 0.363091
bt 0.174359 -0.0277563 -0.984291
t 0.914799 0.0984764 0.39172
bt 0.212717 -0.707068 -0.674394
t 0.786504 -0.0330935 0.616698
bt 0.454581 -0.707113 -0.541615
t 0.786504 -0.0330946 0.616697
bt 0.307572 -0.695318 -0.649563
t 0.942721 0.0331394 0.331932
bt 0.124934 -0.704182 -0.698941
t 0.870745 0.0331157 -0.490618
bt 0.326574 -0.707104 0.627179
t 0.667436 -0.0331415 -0.743929
bt 0.541782 -0.707113 0.454381
t 0.667433 -0.0331375 -0.743932
bt 0.415683 -0.695307 0.586306
t 0.870746 0.0331132 -0.490616
bt 0.244498 -0.704175 0.666603
t 0.887026 0 -0.461719
bt 0 -1 0
t 0.642819 0 -0.766018
bt 0 -1 0
t 0.642819 0 -0.766018
bt 0 -1 0
t 0.887026 0 -0.461719
bt 0 -1 0
t 0.886977 -0.00255857 -0.461806
bt -0.0178703 -0.999255 -0.0342124
t 0.642842 0.00255849 -0.765995
bt -0.0295781 -0.999255 -0.0248003
t 0.642842 0.00255848 -0.765995
bt -0.0232709 -0.999207 -0.0323144
t 0.886951 -0.00255665 -0.461857
bt -0.0134883 -0.999243 -0.0364969
t 0.871544 -0.0330869 -0.4892
bt -0.31835 -0.724257 -0.611642
t 0.666232 0.0330945 -0.74501
bt -0.528216 -0.724254 -0.443219
t 0.666228 0.0330891 -0.745014
bt -0.405758 -0.712757 -0.572135
t 0.871545 -0.0330858 -0.489199
bt -0.238424 -0.721401 -0.65018
t 0.871547 0.0330815 -0.489195
bt 0.397687 -0.721261 0.567123
t 0.871545 0.0330858 -0.489199
bt 0.31835 -0.724257 0.611642
t 0.66623 -0.0330919 -0.745012
bt 0.528217 -0.724254 0.443219
t 0.66623 -0.0330919 -0.745012
bt 0.528217 -0.724254 0.443219
t 0.886364 0.00174513 -0.462985
bt 0.00299484 -0.999581 0.0287809
t 0.640918 -0.00142518 -0.767608
bt 0.00319727 -0.99959 0.0284607
t 0.886527 -0.00708235 -0.462622
bt -0.0797003 -0.984172 -0.158281
t 0.644055 0.00724078 -0.764945
bt -0.132055 -0.984362 -0.116587
t 0.643016 -0.0069157 -0.765822
bt 0.0224492 -0.999373 0.0273834
t 0.887021 0.00138223 -0.461726
bt 0.0114222 -0.999384 0.0331735
t 0.88694 -0.00365792 -0.461871
bt -0.0254662 -0.998475 -0.0489736
t 0.642921 0.00365519 -0.765924
bt -0.042236 -0.998475 -0.0355399
t 0.642921 0.00365553 -0.765924
bt -0.0332104 -0.998376 -0.0462882
t 0.88694 -0.003658 -0.461871
bt -0.0192065 -0.99845 -0.0522302
t 0.931751 -0.00186857 0.363092
bt -0.300624 -0.0279904 0.953332
t 0.806862 0.00188247 0.590737
bt -0.642553 -0.0279638 0.765731
t 0.806861 0.00188242 0.590738
bt -0.421817 -0.0269979 0.906279
t 0.931752 -0.00186852 0.363091
bt -0.174359 -0.0277563 0.984291
t -0.867063 -0.0322352 0.497155
bt 0.361516 -0.62176 0.69478
t -0.673046 0.03222 0.738899
bt 0.600014 -0.621782 0.503359
t -0.67305 0.0322253 0.738894
bt 0.457694 -0.608959 0.647831
t -0.867063 -0.0322343 0.497154
bt 0.270111 -0.618574 0.737839
t -0.886929 0.00350377 0.461893
bt -0.0245221 -0.9986 -0.0468715
t -0.642916 -0.00351006 0.765928
bt -0.0404998 -0.998595 -0.0341847
t -0.642916 -0.00350963 0.765929
bt -0.0319347 -0.998504 -0.0443852
t -0.886929 0.00350362 0.461893
bt -0.0184767 -0.998577 -0.0500172
t -0.868537 0.032791 0.494539
bt -0.347892 -0.657296 -0.66853
t -0.670807 -0.0327968 0.740906
bt -0.577365 -0.657304 -0.484357
t -0.670806 -0.0327954 0.740907
bt -0.441412 -0.64478 -0.624031
t -0.868536 0.0327924 0.49454
bt -0.260149 -0.654186 -0.710186
t -0.883484 -0.0205779 0.468009
bt 0.151816 -0.944402 0.291647
t -0.648125 0.020585 0.761256
bt 0.251825 -0.944407 0.211374
t -0.648124 0.020582 0.761256
bt 0.196905 -0.94106 0.275015
t -0.883484 -0.0205785 0.468009
bt 0.114402 -0.943567 0.310796
t -0.883484 0.0205755 0.468008
bt -0.151816 -0.944402 -0.291647
t -0.657873 -0.0616304 0.750603
bt -0.251859 -0.944392 -0.211403
t -0.657874 -0.0616349 0.750602
bt -0.168972 -0.93688 -0.30611
t -0.883485 0.0205749 0.468008
bt -0.114411 -0.943567 -0.310792
t -0.886107 -0.010744 0.463357
bt 0.0759227 -0.986393 0.145823
t -0.644113 0.010754 0.764855
bt 0.125971 -0.986393 0.105646
t -0.644113 0.0107535 0.764855
bt 0.0988807 -0.985525 0.137706
t -0.886107 -0.0107438 0.463357
bt 0.0572963 -0.986176 0.155479
t -0.884811 0.0126598 0.465778
bt -0.191425 -0.940219 -0.28168
t -0.878627 0.0289903 0.476628
bt -0.234399 -0.861579 -0.450266
t -0.655503 -0.028983 0.754636
bt -0.388851 -0.861586 -0.326289
t -0.646211 -0.0126757 0.763054
bt -0.259292 -0.940961 -0.217626
t -0.64373 -0.00928224 0.765196
bt -0.0849839 -0.989322 -0.118403
t -0.886364 0.00927568 0.462897
bt -0.0492484 -0.989806 -0.133639
t -0.861892 0.0277665 0.506332
bt -0.405938 -0.476508 -0.779843
t -0.680872 -0.0277712 0.731875
bt -0.673482 -0.476542 -0.565092
t -0.680872 -0.0277713 0.731875
bt -0.509675 -0.464049 -0.724493
t -0.861891 0.0277677 0.506333
bt -0.302467 -0.473421 -0.827276
t -0.858844 0.0224715 0.511745
bt -0.429866 -0.365287 -0.8257
t -0.685481 -0.0225519 0.727742
bt -0.713106 -0.365333 -0.598341
t -0.685485 -0.0225545 0.727737
bt -0.537098 -0.354546 -0.765391
t -0.858845 0.0224706 0.511743
bt -0.319792 -0.36262 -0.875351
t -0.872876 -0.0317979 0.486904
bt 0.46402 -0.747455 0.47539
t -0.873923 -0.033814 0.484886
bt 0.313684 -0.761346 0.567411
t -0.665675 0.0306368 0.745613
bt 0.519531 -0.756586 0.397071
t -0.66244 0.0344317 0.748323
bt 0.572233 -0.751896 0.327418
t -0.886956 0.00222922 0.461849
bt -0.02189 -0.998415 -0.0518516
t -0.642916 -0.00221796 0.765934
bt -0.0397138 -0.998425 -0.0396366
t -0.641838 -0.000788776 0.76684
bt -0.0139693 -0.999815 -0.0132247
t -0.886693 0.000632941 0.462358
bt -0.00724275 -0.999869 -0.0144927
t -0.875438 0.031743 0.482287
bt -0.343829 -0.800017 -0.491685
t -0.875439 0.03174 0.482285
bt -0.275554 -0.80246 -0.529271
t -0.660361 -0.0317214 0.750278
bt -0.457054 -0.802455 -0.383625
t -0.660361 -0.0317214 0.750278
bt -0.457054 -0.802455 -0.383625
t -0.881766 -0.018383 0.471329
bt 0.29481 -0.853657 0.429368
t -0.872326 -0.0337521 0.487758
bt 0.322326 -0.733348 0.598587
t -0.666247 0.0309911 0.745087
bt 0.534148 -0.73058 0.42537
t -0.650584 0.0163464 0.759259
bt 0.424178 -0.853172 0.303597
t -0.844325 -0.0214781 0.535401
bt 0.622701 -0.597415 0.505311
t -0.874415 -0.0284152 0.484346
bt 0.461313 -0.68349 0.565714
t -0.658149 0.0158047 0.752722
bt 0.54832 -0.685885 0.478441
t -0.668724 0.0311509 0.742858
bt 0.642401 -0.609546 0.464515
t -0.931752 0.0018685 -0.36309
bt -0.300625 -0.0279904 0.953332
t -0.806858 -0.00188226 -0.590743
bt -0.642523 -0.0279638 0.765756
t -0.806862 -0.00188245 -0.590737
bt -0.421805 -0.0269978 0.906284
t -0.931752 0.0018685 -0.36309
bt -0.300625 -0.0279904 0.953332
t -0.94272 0.0331414 -0.331934
bt -0.21223 -0.707115 0.674497
t -0.786504 -0.0330934 -0.616698
bt -0.454403 -0.707113 0.541764
t -0.786503 -0.0330917 -0.6167
bt -0.307217 -0.695264 0.649789
t -0.94272 0.0331413 -0.331934
bt -0.124743 -0.704169 0.698988
t -0.870747 0.0331124 0.490615
bt -0.326733 -0.707104 -0.627096
t -0.667431 -0.0331339 0.743935
bt -0.541776 -0.707113 -0.454389
t -0.667433 -0.0331374 0.743932
bt -0.415719 -0.695314 -0.586274
t -0.870746 0.0331135 0.490616
bt -0.244483 -0.704174 -0.666609
t -0.887026 0 0.461719
bt 0 -1 0
t -0.642819 0 0.766018
bt 0 -1 0
t -0.642819 0 0.766018
bt 0 -1 0
t -0.887026 0 0.461719
bt 0 -1 0
t -0.886977 -0.00255825 0.461806
bt 0.0178796 -0.999255 0.0342076
t -0.642842 0.00255835 0.765995
bt 0.0294947 -0.999255 0.0248996
t -0.642842 0.00255871 0.765995
bt 0.0232463 -0.999206 0.0323437
t -0.886951 -0.00255629 0.461857
bt 0.0135007 -0.999243 0.0364904
t -0.871547 -0.0330801 0.489194
bt 0.318361 -0.724257 0.611636
t -0.666266 0.033039 0.744982
bt 0.528179 -0.724285 0.443214
t -0.666269 0.033043 0.74498
bt 0.405728 -0.712795 0.572109
t -0.871547 -0.0330801 0.489194
bt 0.318361 -0.724257 0.611636
t -0.871546 0.0330821 0.489196
bt -0.397688 -0.721261 -0.567122
t -0.871547 0.0330801 0.489194
bt -0.318361 -0.724257 -0.611636
t -0.666268 -0.0330419 0.74498
bt -0.528179 -0.724285 -0.443214
t -0.666268 -0.0330419 0.74498
bt -0.528179 -0.724285 -0.443214
t -0.644724 0.00121004 0.764414
bt 0.00189756 -0.999628 0.0272147
t -0.887546 -0.00500551 0.460692
bt 0.00199918 -0.99963 0.0271276
t -0.886377 -0.00687369 0.462913
bt 0.079738 -0.985783 0.147895
t -0.643333 0.00641661 0.76556
bt 0.13234 -0.985607 0.105187
t -0.64276 -0.00140684 0.766067
bt -0.0224192 -0.999351 -0.0281997
t -0.886957 0.00140506 0.461849
bt -0.0114042 -0.999358 -0.0339733
t -0.88694 -0.00365767 0.461871
bt 0.0255496 -0.998475 0.0489302
t -0.642921 0.00365552 0.765924
bt 0.0422362 -0.998475 0.0355397
t -0.642921 0.00365551 0.765924
bt 0.0332397 -0.998377 0.0462534
t -0.88694 -0.00365801 0.461871
bt 0.019274 -0.998451 0.0521951
t -0.93175 -0.00186869 -0.363096
bt 0.300624 -0.0279904 -0.953332
t -0.806862 0.00188245 -0.590737
bt 0.642523 -0.0279638 -0.765756
t -0.806858 0.00188226 -0.590743
bt 0.421806 -0.0269978 -0.906284
t -0.931751 -0.00186863 -0.363094
bt 0.174342 -0.0277562 -0.984294
t -0.778224 -0.0616282 -0.624956
bt -0.211341 -0.944392 0.251911
t -0.778224 -0.0616282 -0.624956
bt -0.211341 -0.944392 0.251911
t -0.815317 -0.0954374 -0.571095
bt -0.442718 -0.756581 0.481234
t -0.953684 -0.00222961 -0.300801
bt 0.0125524 -0.998415 -0.0548654
t -0.934034 0.015962 -0.356827
bt -0.458563 -0.607389 0.64869
t -0.949079 0.0269398 -0.313885
bt -0.223928 -0.695322 0.682923
t 0.778224 -0.0616302 0.624955
bt 0.211425 -0.944392 -0.25184
t 0.778224 -0.0616302 0.624955
bt 0.211425 -0.944392 -0.25184
t 0.914798 -0.0984779 0.391722
bt -0.212717 -0.707068 0.674394
t 0.624956 0.0616287 -0.778224
bt 0.251916 -0.944392 0.211335
t 0.624956 0.0616287 -0.778224
bt 0.251916 -0.944392 0.211335
t 0.564292 -0.0963011 -0.819939
bt -0.506658 -0.727577 -0.462525
t 0.381876 0.100955 -0.918683
bt -0.635436 -0.733932 -0.239927
t 0.560046 -0.0989878 -0.822526
bt -0.525762 -0.713288 -0.463459
t 0.55603 -0.0859927 -0.826702
bt -0.587978 -0.627171 -0.510822
t 0.64261 0.00691945 -0.766162
bt 0.02713 -0.999394 0.0218071
t -0.624955 0.0616327 0.778224
bt -0.251859 -0.944392 -0.211403
t -0.624955 0.0616327 0.778224
bt -0.251859 -0.944392 -0.211403
t -0.300855 -0.00700076 0.953644
bt -0.0310927 -0.999346 -0.0184435
t -0.236716 0.0821084 -0.968103
bt 0.875805 -0.476539 -0.0766542
t -0.236716 0.0821084 -0.968103
bt 0.875805 -0.476539 -0.0766542
t -0.376447 0.0999856 -0.921027
bt -0.619694 -0.726493 0.296964
t -0.188558 -0.0270285 -0.98169
bt -0.685378 -0.565905 0.458267
t 0.320505 -0.0820425 0.943687
bt -0.779816 -0.47655 0.40594
t 0.32049 -0.0820512 0.943692
bt -0.889731 -0.448753 0.0836656
t 0.229859 -0.0202259 0.973014
bt 0.577645 -0.598786 -0.554781
t 0.458813 -0.00226779 0.88853
bt 0.00145798 -0.999604 0.0280965
t 0.94369 -0.0820474 -0.320496
bt 0.405953 -0.47655 0.779809
t 0.943691 -0.0820488 -0.320494
bt 0.0836668 -0.448753 0.88973
t 0.981638 -0.0265882 -0.188893
bt -0.474519 -0.586782 -0.656139
t 0.974044 -0.0984686 0.203821
bt 0.212719 -0.707068 -0.674393
t -0.998394 0.0322495 0.0465853
bt 0.0682302 -0.621768 0.780224
t -0.998394 0.0322495 0.0465853
bt 0.0682302 -0.621768 0.780224
t -0.996208 -0.00350091 0.0869366
bt -0.00454757 -0.9986 -0.0527044
t -0.996208 -0.00350091 0.0869366
bt -0.00454757 -0.9986 -0.0527044
t -0.998231 -0.0328171 0.0495853
bt -0.0657648 -0.65721 -0.750833
t -0.998231 -0.0328171 0.0495853
bt -0.0657648 -0.65721 -0.750833
t -0.996584 0.0205802 0.0799865
bt 0.0287112 -0.944399 0.327546
t -0.996584 0.0205802 0.0799865
bt 0.0287112 -0.944399 0.327546
t -0.996583 -0.0205788 0.0799869
bt -0.0287118 -0.944399 -0.327546
t -0.996583 -0.0205788 0.0799869
bt -0.0287118 -0.944399 -0.327546
t -0.996289 0.0107572 0.0853934
bt 0.0143112 -0.986393 0.163782
t -0.996289 0.0107572 0.0853934
bt 0.0143112 -0.986393 0.163782
t -0.997118 -0.0289912 0.0701028
bt -0.0442752 -0.861546 -0.505746
t -0.996502 -0.012666 0.0825973
bt -0.0295163 -0.940968 -0.337206
t -0.996265 -0.00927651 0.0858519
bt -0.012308 -0.989967 -0.140763
t -0.998967 -0.0277066 0.0360212
bt -0.0766218 -0.476497 -0.875831
t -0.998967 -0.0277066 0.0360212
bt -0.0766218 -0.476497 -0.875831
t -0.999302 -0.0224705 0.029844
bt -0.081138 -0.365285 -0.927353
t -0.999302 -0.0224705 0.029844
bt -0.081138 -0.365285 -0.927353
t -0.980877 -0.0972908 0.168564
bt 0.316589 -0.736139 0.598222
t -0.980879 -0.0972844 0.168559
bt 0.056365 -0.76305 0.643877
t -0.996183 0.0022333 0.0872664
bt -0.00490059 -0.998419 -0.0559872
t -0.996199 -0.00060851 0.0871007
bt -0.00132716 -0.999884 -0.015142
t -0.997474 -0.0317073 0.0635548
bt -0.0519766 -0.802411 -0.594503
t -0.997474 -0.0317073 0.0635548
bt -0.0519766 -0.802411 -0.594503
t -0.99785 0.033157 0.0565322
bt 0.0591452 -0.73431 0.676233
t -0.996908 0.0174983 0.076607
bt -0.0358601 -0.853116 0.520488
t -0.978677 -0.0221592 0.204206
bt 0.537141 -0.578505 0.613849
t -0.996043 -0.0135631 0.0878363
bt 0.253263 -0.687171 0.680921
t -0.988251 -0.00187749 0.152827
bt 0.222461 -0.0276375 0.97455
t -0.988252 -0.0018773 0.15282
bt 0.0871601 -0.0279037 0.995803
t -0.992217 -0.0331338 0.120033
bt 0.0614014 -0.707101 0.704442
t -0.992217 -0.0331338 0.120033
bt 0.0614014 -0.707101 0.704442
t -0.99799 -0.0330923 0.054053
bt -0.0614026 -0.707101 -0.704442
t -0.99799 -0.0330923 0.054053
bt -0.0614026 -0.707101 -0.704442
t -0.996191 0 0.0872004
bt 0 -1 0
t -0.996191 0 0.0872004
bt 0 -1 0
t -0.996199 0.00255753 0.0870684
bt 0.00339185 -0.999255 0.0384488
t -0.996199 0.00255753 0.0870684
bt 0.00339185 -0.999255 0.0384488
t -0.997901 0.0330645 0.0556767
bt 0.148254 -0.721362 0.676504
t -0.997901 0.0330625 0.0556785
bt 0.0601304 -0.724221 0.686942
t -0.997901 -0.0330631 0.0556735
bt -0.0601258 -0.724271 -0.686889
t -0.997901 -0.0330631 0.0556735
bt -0.0601258 -0.724271 -0.686889
t -0.88768 0.00491355 0.460435
bt 0.00231395 -0.999634 0.0269644
t -0.9962 0.00179471 0.0870822
bt 0.00236844 -0.99963 0.0270975
t -0.996271 0.00647113 0.0860347
bt 0.0146064 -0.985855 0.166963
t -0.996198 -0.00140722 0.0871046
bt -0.00308583 -0.999373 -0.035264
t -0.996208 0.00365328 0.086932
bt 0.00483091 -0.998475 0.054987
t -0.996208 0.00365328 0.086932
bt 0.00483091 -0.998475 0.054987
t -0.988252 0.0018773 0.15282
bt -0.0871601 -0.0279037 -0.995803
t -0.988252 0.0018773 0.15282
bt -0.0871601 -0.0279037 -0.995803
t -0.956966 -0.0186199 -0.289602
bt -0.253232 -0.83122 0.49492
t -0.997005 0.0182458 0.0751592
bt 0.0478974 -0.835489 0.547416
t -0.996043 -0.0135631 0.0878363
bt 0.253263 -0.687171 0.680921
t 0.996496 0.0126316 -0.0826865
bt 0.0427764 -0.939079 -0.34103
t 0.99708 0.0187496 -0.0740296
bt -0.00145689 -0.81662 -0.577173
t 0.95754 -0.0184145 0.287713
bt 0.164775 -0.818277 -0.550702
t 0.954859 -0.0127067 0.296787
bt 0.0906092 -0.94209 -0.322889
t 0.295773 -0.0117952 -0.955185
bt -0.296719 -0.945867 -0.131505
t -0.0843304 0.0122275 -0.996363
bt -0.315761 -0.948775 -0.0109931
t -0.0734062 0.0176763 -0.997145
bt -0.567369 -0.817924 -0.0953572
t 0.289366 -0.019323 -0.957023
bt -0.506644 -0.81854 -0.270746
t -0.287793 -0.0176587 0.95753
bt 0.557987 -0.826274 0.076957
t -0.298115 -0.0118801 0.954456
bt 0.301499 -0.95177 0.0568528
t 0.0821561 0.0114746 0.996553
bt 0.309055 -0.948775 -0.0656624
t 0.0756917 0.0193016 0.996944
bt 0.554681 -0.82507 -0.107647
t -0.46595 -0.0111874 -0.88474
bt -0.287038 -0.951774 0.108334
t -0.764258 0.0115509 -0.644807
bt -0.214172 -0.954397 0.207982
t -0.757481 0.0177495 -0.652616
bt -0.458898 -0.824805 0.330317
t -0.471611 -0.0192046 -0.881598
bt -0.541199 -0.825258 0.161409
t 0.473933 -0.0178425 0.88038
bt 0.458444 -0.819585 -0.34367
t 0.464515 -0.0124966 0.885477
bt 0.269379 -0.945863 -0.181046
t 0.7627 0.0121198 0.646639
bt 0.189149 -0.943485 -0.272138
t 0.757961 0.0192047 0.652016
bt 0.327579 -0.819115 -0.470895
t 0.884689 -0.0124174 -0.466016
bt -0.145286 -0.942091 -0.302252
t 0.645463 0.0126773 -0.763686
bt -0.233544 -0.943476 -0.235181
t 0.653207 0.018081 -0.756963
bt -0.346055 -0.812559 -0.469034
t 0.880906 -0.0190096 -0.472909
bt -0.181341 -0.81475 -0.550726
t -0.881003 -0.0179412 0.47277
bt 0.28454 -0.834296 0.472215
t -0.885601 -0.0112546 0.46431
bt 0.120569 -0.956328 0.266271
t -0.646049 0.0110263 0.763216
bt 0.247039 -0.954396 0.167628
t -0.651276 0.0189616 0.758604
bt 0.457453 -0.831708 0.314639
t -0.997005 0.0182458 0.0751592
bt 0.0478974 -0.835489 0.547416
t -0.996421 0.011038 0.0838069
bt 0.0252817 -0.957028 0.288893
t -0.996367 -0.00385949 -0.0850762
bt 0.139885 -0.640436 0.755165
t 0.996273 0.0097242 -0.0857079
bt 0.0203782 -0.98839 -0.150564
t 0.953864 -0.00976319 0.30008
bt 0.0378952 -0.989114 -0.14219
t 0.29758 -0.00875233 -0.954657
bt -0.126521 -0.990341 -0.0567146
t -0.0881931 0.00892395 -0.996063
bt -0.132233 -0.991201 -0.00588058
t -0.30163 -0.00846606 0.953387
bt 0.123765 -0.992063 0.0221956
t 0.0838347 0.00832332 0.996445
bt 0.129202 -0.991202 -0.0287355
t -0.464373 -0.00794736 -0.885604
bt -0.11804 -0.992063 0.0433338
t -0.76642 0.00803526 -0.642289
bt -0.0859909 -0.992805 0.0833336
t 0.461097 -0.00932667 0.887301
bt 0.114745 -0.990343 -0.0778133
t 0.762111 0.0279687 0.646842
bt 0.0827359 -0.989601 -0.117662
t 0.885919 -0.00951085 -0.463743
bt -0.0471691 -0.988865 -0.141144
t 0.642663 0.00962593 -0.766088
bt -0.101905 -0.989602 -0.101502
t -0.886976 -0.00770374 0.461751
bt 0.0442981 -0.993269 0.107021
t -0.644663 0.00764872 0.764429
bt 0.0991629 -0.992805 0.0671237
t 0.767389 -0.0284278 0.640551
bt 0.0827359 -0.989601 -0.117662
t -0.99624 0.00751758 0.0863072
bt 0.00994829 -0.993469 0.113664
t -0.953745 0.00210611 -0.300609
bt 0.0124026 -0.998588 -0.0516598
t -0.996205 -0.00210354 0.087011
bt -0.00461621 -0.998595 -0.0527984
t 0.996205 -0.00204373 -0.0870102
bt 0.000582858 -0.998665 0.051644
t 0.953829 0.0102294 0.300176
bt -0.0153773 -0.998673 0.0491536
t -0.0870102 -0.00203206 -0.996205
bt 0.0513725 -0.99868 -0.000252422
t 0.300588 0.0020409 -0.953752
bt 0.0477555 -0.998669 0.0194624
t 0.0870102 -0.00203204 0.996205
bt -0.0513198 -0.998682 0.000856266
t -0.300588 0.00202901 0.953752
bt -0.0476387 -0.998687 -0.0188382
t -0.300339 0.00699262 0.953807
bt -0.0336593 -0.99938 -0.0103177
t -0.76566 -0.01013 -0.643165
bt 0.0329512 -0.998698 -0.038931
t -0.461783 0.00203344 -0.886991
bt 0.0472644 -0.998685 -0.0198683
t 0.765978 -0.00204606 0.642863
bt -0.0359467 -0.998666 0.037068
t 0.462194 0.0102101 0.88672
bt -0.045467 -0.998678 0.0239804
t 0.643016 -0.00691569 -0.765822
bt 0.0139117 -0.999198 0.0375533
t 0.642863 -0.00204643 -0.765978
bt 0.0367945 -0.998664 0.0362725
t 0.886966 0.00204678 -0.46183
bt 0.0201998 -0.998665 0.0475469
t -0.642918 -0.00202269 0.765932
bt -0.0366826 -0.998692 -0.0356247
t -0.886991 0.00202942 0.461783
bt -0.0201706 -0.998691 -0.0469947
t -0.766361 0.0101299 -0.642331
bt 0.0329512 -0.998698 -0.038931
t 0.9535 -0.0102288 0.301221
bt -0.0153773 -0.998673 0.0491536
t 0.64261 0.00691945 -0.766162
bt 0.0265262 -0.999394 0.0225329
t -0.300855 -0.00700076 0.953644
bt -0.0277552 -0.999193 -0.0290265
t 0.461226 -0.0102094 0.887224
bt -0.045467 -0.998678 0.0239804
t -0.996205 -0.00201995 0.0870102
bt -0.00443585 -0.998704 -0.0507067
t 0.996205 -0.00209189 -0.087011
bt 0.000446387 -0.998602 0.0528623
t 0.953745 0.00209392 0.300609
bt -0.0198438 -0.998602 0.0489996
t -0.0871108 -0.00210155 -0.996196
bt 0.0529556 -0.998597 -0.000524522
t 0.300516 0.00209261 -0.953774
bt 0.049124 -0.998597 0.0197875
t 0.087011 -0.00209607 0.996205
bt -0.0529682 -0.998596 0.000380391
t -0.300609 0.00210216 0.953745
bt -0.0491776 -0.998591 -0.0199427
t -0.76566 -0.01013 -0.643165
bt 0.0479616 -0.998502 -0.0263222
t -0.765978 -0.00210198 -0.642863
bt 0.0339626 -0.9986 -0.0405561
t -0.461953 0.00209528 -0.886902
bt 0.0468913 -0.9986 -0.024489
t 0.765978 -0.00209416 0.642863
bt -0.0339117 -0.99861 0.0403384
t 0.46183 0.00209869 0.886966
bt -0.0468649 -0.998605 0.024319
t 0.642863 -0.00209379 -0.765978
bt 0.0404014 -0.99861 0.0338366
t 0.886966 0.00209449 -0.46183
bt 0.0243579 -0.99861 0.0467322
t -0.642917 -0.00209865 0.765933
bt -0.0404918 -0.9986 -0.0340454
t -0.886966 0.00210648 0.46183
bt -0.0244475 -0.998595 -0.0470228
t 0.953499 -0.0102287 0.301221
bt -0.0340741 -0.998483 0.0432476
t 0.461226 -0.0102094 0.887224
bt -0.0545118 -0.998491 0.0065832
t -0.996205 -0.00210354 0.087011
bt -0.00461621 -0.998595 -0.0527984
t -0.996183 0.0022333 0.0872664
bt -0.00490059 -0.998419 -0.0559872
t -0.782586 0.618823 -0.0679519
bt 0.15325 -0.0261975 -0.98784
t -0.78289 0.618434 -0.0679888
bt 0.154039 -0.0252093 -0.987743
t -0.112641 0.993588 -0.00976957
bt 0.121938 -0.00595252 -0.99252
t -0.108907 0.993278 -0.0392143
bt 0.12225 -0.00591289 -0.992482
t 0.0678971 0.618402 -0.782924
bt 0.999067 0.0189915 0.0387842
t -0.0688726 0.614112 -0.786208
bt 0.999155 0.0182438 0.0368301
t 0.00987025 0.99358 -0.112702
bt 0.998171 0.00430951 0.0603007
t -3.58041e-05 0.99356 -0.113303
bt 0.998195 0.00428126 0.0599009
t -0.203921 0.610993 0.764921
bt 0.996194 0.0177293 0.0853432
t 0.000319151 0.617582 0.786506
bt 0.996302 0.0188096 0.0838376
t 0.10722 0.984553 0.138418
bt 0.996195 0.00669127 0.0868931
t 0.0198615 0.990854 0.133469
bt 0.995374 -0.00410721 0.0959892
t 0.00617369 -0.0529932 0.998576
bt 0.683526 -0.549263 -0.480731
t -0.978677 -0.0221592 0.204206
bt 0.537141 -0.578505 0.613849
t -0.138793 0.00961408 -0.990275
bt -0.13734 0.0396779 -0.989729
t 0.116636 -0.336511 0.934429
bt 0.139418 -0.00956747 0.990187
t 0.121517 -0.00232058 -0.992587
bt 0.122772 0.027137 -0.992064
t 0.121717 -0.00233997 -0.992562
bt 0.122977 0.0271177 -0.992039
t 0.793767 0.604574 0.06651
bt 0.00755488 -0.0999307 0.994966
t 0.777285 0.614037 -0.137066
bt 0.0117534 -0.102236 0.994691
t 0.782586 0.618823 0.0679542
bt -0.0885978 0.0251311 0.99575
t 0.78289 0.618434 0.0679912
bt -0.0893419 0.0261098 0.995659
t -0.782586 0.618823 -0.0679522
bt -0.0885978 -0.0251312 0.99575
t -0.777285 0.614037 0.137067
bt 0.0117534 0.102236 0.994691
t -0.793767 0.604573 -0.0665205
bt 0.00755489 0.0999307 0.994966
t -0.78289 0.618434 -0.0679891
bt -0.0893419 -0.0261098 0.995659
t -0.116066 0.993051 0.0194418
bt -0.120909 -0.00591221 0.992646
t -0.112641 0.993588 -0.00976944
bt -0.120606 -0.00591349 0.992683
t -0.112723 0.993428 0.0198567
bt 0.137235 0.0241817 0.990243
t -0.112636 0.993438 0.0198445
bt 0.136128 0.0240276 0.9904

