g sponza_215
t 0 -0.853431 -0.521206
bt 0 -0.498593 0.866837
t 0 -0.858729 -0.512429
bt 0 -0.513802 0.857909
t 0 -0.856055 -0.516884
bt 0 -0.50269 0.864467
t 0 -0.853431 -0.521206
bt 0 -0.498593 0.866837
t 0 -0.860701 -0.509111
bt 0 -0.511778 0.859118
t 0 -0.860698 -0.509116
bt 0 -0.50968 0.860364
t 0 -0.860999 -0.508607
bt 0 -0.511628 0.859207
t 0 -0.860674 -0.509157
bt 0 -0.510466 0.859898
t 0 -0.858235 -0.513257
bt 0 -0.508245 0.861213
t 0 -0.858235 -0.513257
bt 0 -0.508245 0.861213
t 0 -0.859593 -0.51098
bt 0 -0.510965 0.859602
t 0 -0.859631 -0.510915
bt 0 -0.510775 0.859714
t 0 -0.858696 -0.512486
bt 0 -0.509544 0.860445
t 0 -0.858696 -0.512486
bt 0 -0.509544 0.860445
t 0.999998 0.00188161 8.92805e-05
bt 0 0.998876 0.0473958
t 0.999998 0.00182681 0.000933925
bt -0.00483268 0.89038 0.455192
t 0.999999 0.00111312 0.00056907
bt -0.00188085 0.890389 0.455196
t 0.999998 0.00188161 8.92805e-05
bt 0 0.998876 0.0473958
t 1 0 0
bt -0.00548423 0.758291 0.651893
t 1 0 0
bt -0.00548423 0.758291 0.651893
t 1 0 0
bt 0 -0.843707 -0.536804
t 0.999998 -0.00187952 -0.00119584
bt 0 -0.843707 -0.536804
t 1 0 0
bt 0 -0.654477 -0.756082
t 1 0 0
bt -0.00236463 -0.654475 -0.75608
t 1 0 0
bt 0 0.621734 -0.783229
t 0.999998 0.00194626 -0.000767885
bt 0 0.930217 -0.36701
t 1 0.000570977 -0.000225267
bt 0 0.930217 -0.36701
t 1 0 0
bt 0 0.621734 -0.783229
t 1 0 0
bt 0 0.885204 -0.465202
t 0.999998 0.00187251 -0.000984064
bt -0.00159491 0.885203 -0.465202
t 1 0 0
bt 0 0.885204 -0.465202
t 1 0 0
bt 0 0.885204 -0.465202
t 0.999998 -0.00104125 -0.00186681
bt -0.00393509 -0.487116 -0.873329
t 1 0 0
bt 0 -0.48712 -0.873335
t 0.999998 -0.00104125 -0.00186681
bt -0.00393509 -0.487116 -0.873329
t 0.999998 -0.00104125 -0.00186681
bt -0.00393509 -0.487116 -0.873329
t 0 0.139985 0.990154
bt 0 -0.99106 0.133417
t 0 0.143387 0.989667
bt 0 -0.986863 0.16156
t 0 0.139708 0.990193
bt 0 -0.990621 0.136637
t 0 0.139717 0.990191
bt 0 -0.990996 0.133889
t 0 0.138666 0.990339
bt 0 -0.990365 0.138484
t 0 0.138383 0.990379
bt 0 -0.990549 0.137162
t 0 0.138977 0.990295
bt 0 -0.990415 0.138126
t 0 0.139222 0.990261
bt 0 -0.990505 0.137477
t 0 0.139732 0.990189
bt 0 -0.990576 0.136964
t 0 0.139732 0.990189
bt 0 -0.990576 0.136964
t 0 0.138054 0.990425
bt 0 -0.990365 0.138483
t 0 0.138438 0.990371
bt 0 -0.990395 0.138268
t 0 0.137123 0.990554
bt 0 -0.990265 0.139197
t 0 0.136901 0.990585
bt 0 -0.990274 0.139129
t 0.999999 -0.000258082 -0.00120219
bt -0.00231707 -0.209901 -0.97772
t 1 0 0
bt -0.00231707 -0.209901 -0.97772
t 0.999998 0.000360246 -0.00186151
bt 0 0.189999 -0.981784
t 0.999999 0.000234594 -0.00121219
bt 0 0.189999 -0.981784

