g sponza_298
t -0.874633 0.407875 0.262022
bt -0.00450132 -0.993599 -0.112871
t -0.871896 0.408522 0.270014
bt 0.203126 -0.97804 0.0466696
t -0.872149 0.407867 0.270188
bt 0.202727 -0.978115 0.0468259
t -0.874633 0.407875 0.262022
bt -0.00450132 -0.993599 -0.112871
t -0.864115 0.405725 0.297812
bt 0.565052 -0.82471 0.0238554
t -0.863922 0.406406 0.297444
bt 0.565076 -0.824695 0.0238365
t -0.845524 0.399595 0.354136
bt 0.688003 -0.725641 0.00986022
t -0.843527 0.414853 0.341115
bt 0.677839 -0.734799 0.0245999
t -0.797986 0.379685 0.468037
bt 0.736543 -0.676373 0.00483826
t -0.798025 0.379902 0.467793
bt 0.736759 -0.676142 0.00426264
t -0.848595 0.368828 0.379278
bt 0.707376 -0.706578 -0.0191446
t -0.637182 0.30742 0.706747
bt 0.758078 -0.652163 0.000972602
t -0.637082 0.307283 0.706897
bt 0.757983 -0.652273 0.00153898
t -0.327498 0.276645 0.903445
bt 0.763917 -0.645314 0
t -0.326253 0.275593 0.904216
bt 0.763917 -0.645314 0.000141979
t 0.326666 -0.275943 0.903961
bt 0.763917 -0.645314 0
t 0.559858 -0.208555 0.801913
bt 0.758323 -0.651878 0.000481658
t 0.559658 -0.208314 0.802115
bt 0.758341 -0.651858 0.000584606
t 0.326666 -0.275943 0.903961
bt 0.763917 -0.645314 0
t 0.790085 -0.342111 0.50865
bt 0.739338 -0.67333 0.0025225
t 0.790092 -0.342139 0.508621
bt 0.739282 -0.673392 0.00237109
t 0.848601 -0.368747 0.379343
bt 0.707496 -0.706453 0.0193296
t 0.848615 -0.368567 0.379488
bt 0.707612 -0.706332 0.0195092
t 0.843545 -0.414726 0.341224
bt 0.678007 -0.734652 -0.0243614
t 0.865796 -0.399709 0.301049
bt 0.603132 -0.797612 0.00684751
t 0.865821 -0.399618 0.301098
bt 0.603337 -0.797455 0.00701677
t 0.843545 -0.414726 0.341224
bt 0.678007 -0.734652 -0.0243614
t 0.872432 -0.40713 0.270384
bt 0.3434 -0.939138 0.00975461
t 0.872651 -0.406561 0.270535
bt 0.34325 -0.939194 0.00969227
t 0.874634 -0.407847 0.262061
bt -0.0031023 -0.993554 0.113315
t 0.874195 -0.408789 0.262061
bt -0.0052202 -0.993604 0.1128
t 0.874634 -0.407847 0.262061
bt -0.758249 -0.642117 -0.112889
t 0.87279 -0.406405 0.27032
bt -0.879793 -0.473066 0.0466244
t 0.87283 -0.40631 0.270335
bt -0.8796 -0.473404 0.0468283
t 0.874634 -0.407847 0.262061
bt -0.758249 -0.642117 -0.112889
t 0.86632 -0.401057 0.297729
bt -0.994974 -0.0972378 0.0238899
t 0.866208 -0.401222 0.297833
bt -0.994979 -0.0971999 0.0238648
t 0.859887 -0.379662 0.341248
bt -0.998591 0.0470935 0.024454
t 0.849593 -0.390906 0.354095
bt -0.998111 0.0606199 0.00996434
t 0.827707 -0.413288 0.379597
bt -0.99594 0.0879153 -0.0193475
t 0.804957 -0.366625 0.466508
bt -0.991485 0.130168 0.00373556
t 0.80423 -0.367043 0.467433
bt -0.991491 0.130116 0.00383048
t 0.647582 -0.290321 0.704522
bt -0.986874 0.161488 0.000971059
t 0.647426 -0.290332 0.704661
bt -0.986869 0.161521 0.000842268
t 0.422408 -0.0730389 0.903458
bt -0.985376 0.170396 0
t 0.425723 -0.0736123 0.901854
bt -0.985376 0.170396 0.000155249
t -0.424575 0.0734137 0.902411
bt -0.985376 0.170396 0
t -0.521357 0.294798 0.8008
bt -0.986812 0.161869 0.000522993
t -0.521997 0.294794 0.800385
bt -0.986808 0.161895 0.000626099
t -0.424575 0.0734137 0.902411
bt -0.985376 0.170396 0
t -0.771143 0.384693 0.507296
bt -0.991041 0.133532 0.00263028
t -0.771174 0.384678 0.507261
bt -0.991058 0.133413 0.00241163
t -0.838926 0.40206 0.366813
bt -0.997233 0.074196 0.00460898
t -0.839272 0.401706 0.366408
bt -0.99722 0.0743642 0.00478981
t -0.862715 0.406324 0.301037
bt -0.998693 -0.050648 0.00681607
t -0.862652 0.406416 0.301095
bt -0.998706 -0.0503786 0.00699327
t -0.87208 0.407662 0.270718
bt -0.940167 -0.340573 0.00976943
t -0.872175 0.407492 0.270669
bt -0.940104 -0.340749 0.00969668
t -0.874633 0.407875 0.262022
bt -0.759098 -0.641043 0.113285
t -0.874578 0.407994 0.262022
bt -0.757797 -0.64267 0.112779
t -0.840723 0.380398 0.385333
bt 0.454207 -0.89035 0.0312088
t -0.852874 0.389776 0.347392
bt 0.186927 -0.982372 0.00202375
t -0.631896 0.303852 0.713009
bt -0.126899 -0.990397 -0.0548611
t -0.594731 0.302214 0.744958
bt 0.0577401 -0.997854 -0.0308867
t -0.378983 0.175257 0.908657
bt -0.305101 -0.952285 -0.00811473
t -0.344744 0.162876 0.924459
bt -0.203944 -0.978962 0.00634286
t -0.38937 0.181537 0.903014
bt -0.4189 -0.907993 -0.00852339
t -0.645824 0.301126 0.701594
bt -0.416566 -0.909082 -0.00652473
t -0.727649 0.305944 0.613943
bt 0.646654 -0.759293 0.0728855
t -0.810547 0.352245 0.467907
bt 0.61129 -0.79132 0.0117393
t -0.528219 0.278862 0.802011
bt 0.207639 -0.977391 -0.0399018
t -0.421133 0.258138 0.869489
bt 0.287792 -0.957523 -0.0180475
t -0.289536 0.131688 0.948065
bt -0.110506 -0.993871 -0.00303737
t -0.209253 0.105174 0.972189
bt -0.0458722 -0.998946 0.00139237
t -0.0366298 0.0361162 0.998676
bt 0.71209 -0.702089 0
t -0.494835 0.196683 0.846436
bt 0.70298 -0.711174 0.00709099
t -0.235349 0.123833 0.96399
bt 0.334365 -0.94239 -0.0100612
t -0.0129098 0.0346284 0.999317
bt 0.349304 -0.937009 0
t -0.11087 0.0430668 0.992901
bt -0.00501591 -0.999983 -0.00283483
t -6.62035e-05 0.00874601 0.999962
bt 0.00769978 -0.99997 0
t 0.670662 -0.156562 0.725052
bt 0.660582 -0.74961 -0.0414285
t 0.532142 -0.2474 0.809703
bt 0.702969 -0.711184 -0.00715034
t 0.251451 -0.176439 0.951652
bt 0.334273 -0.942428 0.00953056
t 0.416681 -0.229064 0.87972
bt 0.289894 -0.95676 0.0239043
t 0.110694 -0.0585362 0.992129
bt -0.00558051 -0.999984 -0.00131423
t 0.210107 -0.0916883 0.97337
bt -0.0455598 -0.998962 9.46581e-06
t 0.841978 -0.374812 0.388059
bt 0.483306 -0.875415 -0.00804752
t 0.810131 -0.365639 0.458253
bt 0.602726 -0.797599 -0.0236213
t 0.528018 -0.291005 0.797818
bt 0.201302 -0.979109 0.0286749
t 0.595591 -0.297245 0.746269
bt 0.0766199 -0.99554 0.055041
t 0.288536 -0.138624 0.947381
bt -0.112637 -0.993629 -0.00369161
t 0.345611 -0.159264 0.924764
bt -0.199255 -0.979932 0.00560326
t 0.853846 -0.398134 0.335315
bt -0.379323 -0.925112 0.0167838
t 0.852403 -0.391094 0.347066
bt 0.123537 -0.99185 -0.0311925
t 0.63148 -0.305153 0.712821
bt -0.16671 -0.985924 0.0127086
t 0.645814 -0.301129 0.701602
bt -0.398473 -0.916814 0.0258898
t 0.378696 -0.176081 0.908617
bt -0.312015 -0.950045 -0.00782062
t 0.38937 -0.181537 0.903014
bt -0.419186 -0.907866 0.00786498
t 0.831807 -0.399498 0.385355
bt -0.974304 -0.223191 0.0302759
t 0.846835 -0.402736 0.347382
bt -0.873806 -0.486274 0.00100137
t 0.638955 -0.288729 0.713002
bt -0.676312 -0.734666 -0.0535589
t 0.613791 -0.261301 0.744971
bt -0.801499 -0.597197 -0.0308911
t 0.378066 -0.17738 0.908627
bt -0.532663 -0.846305 -0.00622496
t 0.3464 -0.15933 0.924457
bt -0.618823 -0.785504 0.00636975
t 0.727807 -0.349176 0.590232
bt -0.999155 0.0382776 0.0149383
t 0.790861 -0.394474 0.467898
bt -0.999163 -0.0394715 0.0107268
t 0.551269 -0.227015 0.802849
bt -0.882391 -0.468753 -0.0406973
t 0.466456 -0.157811 0.870353
bt -0.918597 -0.394743 -0.0189313
t 0.286031 -0.13824 0.948196
bt -0.690628 -0.723197 -0.00435442
t 0.214538 -0.0931956 0.972259
bt -0.735388 -0.677635 0.00393508
t 0.051232 -0.00484565 0.998675
bt -0.995553 0.0941982 0
t 0.468728 -0.252655 0.846439
bt -0.99664 0.0816782 0.00610639
t 0.246399 -0.100674 0.963925
bt -0.936837 -0.349621 -0.0101213
t 0.0348295 0.0123694 0.999317
bt -0.942323 -0.334706 0
t 0.105117 -0.0566384 0.992846
bt -0.762558 -0.646919 0.000459059
t 0.00674593 0.00557467 0.999962
bt -0.770968 -0.636874 0
t -0.701148 0.361086 0.614823
bt -0.999115 0.0407938 -0.0102268
t -0.531537 0.248635 0.809722
bt -0.996672 0.0810622 -0.00856059
t -0.29688 0.0791568 0.951628
bt -0.936765 -0.349847 0.00884953
t -0.442158 0.172642 0.880165
bt -0.919136 -0.393265 0.0230546
t -0.117587 0.0458011 0.992006
bt -0.762714 -0.646734 0.00169393
t -0.205796 0.101551 0.973311
bt -0.736364 -0.676581 0.00259655
t -0.828325 0.404062 0.388088
bt -0.981162 -0.193008 -0.00835981
t -0.800825 0.385572 0.458272
bt -0.998405 -0.0511784 -0.0238551
t -0.561262 0.218446 0.79829
bt -0.879396 -0.475237 0.0284904
t -0.610524 0.265171 0.746287
bt -0.811866 -0.581241 0.0550586
t -0.291214 0.132451 0.947444
bt -0.688613 -0.725116 -0.00436547
t -0.344178 0.162336 0.924764
bt -0.622578 -0.782538 0.00557456
t -0.853846 0.398134 0.335315
bt -0.468309 -0.883377 0.0181978
t -0.847575 0.401471 0.347041
bt -0.83735 -0.545687 -0.0327251
t -0.639687 0.287569 0.712814
bt -0.649711 -0.760035 0.0148828
t -0.378581 0.176518 0.90858
bt -0.527095 -0.849768 -0.00813827
t -0.771818 0.377725 0.511489
bt 0.126113 -0.987584 -0.0936635
t -0.745545 0.387371 0.542316
bt 0.338814 -0.938706 -0.0635308
t -0.783688 0.365446 0.502277
bt -0.231233 -0.966024 -0.115448
t -0.700419 0.382304 0.602708
bt 0.47252 -0.879353 -0.0588507
t -0.760749 0.492634 0.422579
bt 0.695106 -0.71737 -0.0469912
t -0.616308 0.380544 0.689457
bt 0.530783 -0.846831 -0.0338697
t -0.406403 0.240097 0.881584
bt 0.562706 -0.826468 -0.0176745
t -0.134294 0.192898 0.971985
bt 0.571386 -0.820681 0.000134175
t -0.749181 0.392865 0.533277
bt 0.700613 -0.710759 -0.062959
t 0.442611 -0.310228 0.841341
bt 0.562399 -0.826719 0.0156222
t 0.749149 -0.392696 0.533448
bt 0.700167 -0.711313 0.0616411
t 0.611287 -0.356262 0.706686
bt 0.5315 -0.846305 0.0357171
t 0.260341 -0.373948 0.89016
bt 0.571375 -0.820689 0
t 0.700087 -0.391396 0.597233
bt 0.467119 -0.882742 0.0506559
t 0.74616 -0.384466 0.543536
bt 0.360438 -0.928967 0.0842911
t 0.760763 -0.493084 0.422028
bt 0.694568 -0.717989 0.0454654
t 0.771757 -0.377901 0.511451
bt 0.0509147 -0.997718 0.044338
t 0.783744 -0.365325 0.502277
bt -0.229385 -0.966339 0.116498
t 0.785444 -0.348388 0.51157
bt -0.837661 -0.538083 -0.0937554
t 0.837279 -0.234578 0.4939
bt -0.959322 -0.230306 -0.16328
t 0.78371 -0.365406 0.502273
bt -0.733288 -0.640257 -0.228821
t 0.743105 -0.290794 0.602689
bt -0.977245 -0.204108 -0.057726
t 0.687688 -0.227519 0.689435
bt -0.989829 -0.138666 -0.0317862
t 0.828559 -0.248324 0.501822
bt -0.959971 -0.118206 -0.253937
t 0.445334 -0.156941 0.881503
bt -0.994809 -0.100269 -0.0173382
t 0.234337 0.0211389 0.971926
bt -0.99596 -0.0897975 0.000122132
t -0.522556 0.139517 0.841112
bt -0.994805 -0.100428 0.0166439
t -0.666196 0.239104 0.706408
bt -0.989989 -0.136274 0.0367676
t -0.45375 -0.0409316 0.890188
bt -0.995958 -0.0898213 0
t -0.749854 0.284697 0.597216
bt -0.976443 -0.209833 0.050295
t -0.828669 0.248153 0.501724
bt -0.960106 -0.119883 0.252634
t -0.785588 0.348147 0.511512
bt -0.797864 -0.601133 0.0452882
t -0.78371 0.365406 0.502273
bt -0.73184 -0.642367 0.227541
t -0.837327 0.2345 0.493855
bt -0.95912 -0.232354 0.161555
t -0.251011 0.112692 0.961402
bt -0.270377 -0.962738 0.00560368
t -0.276646 0.126899 0.952556
bt -0.343934 -0.938993 0.000764854
t -0.391875 0.178075 0.90262
bt -0.303169 -0.952934 -0.00225031
t -0.357295 0.160152 0.920158
bt -0.194716 -0.980854 0.0033678
t -0.284957 0.132865 0.949288
bt -0.42228 -0.906465 -0.00122846
t -0.400759 0.18718 0.896859
bt -0.421683 -0.906741 -0.00205937
t -0.275025 0.130399 0.952553
bt -0.497235 -0.867605 -0.0043119
t -0.388618 0.185185 0.902598
bt -0.533617 -0.845725 -0.00147682
t -0.241689 0.128606 0.961794
bt -0.559556 -0.828487 -0.0224947
t -0.352677 0.170324 0.920113
bt -0.626152 -0.779694 -0.00339485
t -0.23915 0.13237 0.961917
bt -0.562376 -0.826809 -0.01094
t -0.203837 0.0998342 0.973901
bt -0.616974 -0.786961 -0.00590666
t -0.297305 0.141284 0.944271
bt -0.696869 -0.717185 -0.00449924
t -0.145958 0.0715026 0.986703
bt -0.655386 -0.755273 -0.00560655
t -0.216925 0.10115 0.970934
bt -0.743825 -0.668355 -0.00511581
t -0.0768031 0.0366368 0.996373
bt -0.678334 -0.734744 -0.00366578
t -0.116921 0.0520464 0.991777
bt -0.771533 -0.636173 -0.00452419
t -0.00086892 -0.000921273 0.999999
bt -0.686103 -0.727504 -3.66644e-05
t -0.00179037 -0.00143681 0.999997
bt -0.779902 -0.625902 -0.000528311
t 0.0742604 -0.0393993 0.99646
bt -0.678409 -0.73468 0.00246077
t 0.113758 -0.0546859 0.992002
bt -0.771597 -0.6361 0.00368518
t 0.144505 -0.0731953 0.986793
bt -0.655616 -0.755085 0.00373955
t 0.214231 -0.103667 0.971266
bt -0.744059 -0.668105 0.00360237
t 0.202708 -0.101301 0.973985
bt -0.617286 -0.786728 0.00419735
t 0.252771 -0.189143 0.948858
bt -0.683922 -0.72751 0.0545883
t 0.247247 -0.120504 0.96143
bt -0.56418 -0.825645 0.00336843
t 0.351777 -0.1715 0.920239
bt -0.627323 -0.778759 -1.27295e-05
t 0.259387 -0.182164 0.948438
bt -0.680565 -0.72967 0.0664289
t 0.274762 -0.130865 0.952565
bt -0.498117 -0.867109 0.00113747
t 0.388767 -0.184937 0.902584
bt -0.535131 -0.844766 -0.00230534
t 0.284932 -0.132867 0.949295
bt -0.423143 -0.906061 -0.00178286
t 0.401062 -0.18653 0.896859
bt -0.423433 -0.905926 -0.00185389
t 0.276695 -0.126767 0.95256
bt -0.34471 -0.938703 -0.00336672
t 0.391701 -0.178581 0.902596
bt -0.305025 -0.952343 -0.00186126
t 0.250933 -0.112625 0.96143
bt -0.270444 -0.962718 -0.00584803
t 0.357249 -0.16035 0.920142
bt -0.194538 -0.980891 -0.00293002
t 0.207567 -0.0916995 0.973913
bt -0.206174 -0.978499 -0.00561368
t 0.299426 -0.13628 0.944337
bt -0.102196 -0.99474 -0.00690683
t 0.148559 -0.0660823 0.986693
bt -0.157063 -0.987578 -0.00455224
t 0.216907 -0.101675 0.970883
bt -0.0339088 -0.999411 -0.0052834
t 0.0775146 -0.034638 0.996389
bt -0.126707 -0.991937 -0.00237098
t 0.115023 -0.0550447 0.991837
bt 0.0086812 -0.999954 -0.00417202
t -0.000190943 -0.00163186 0.999999
bt -0.116303 -0.993214 -5.49991e-05
t 5.49276e-05 -0.00253572 0.999997
bt 0.0218019 -0.999762 0.000274101
t -0.0778749 0.0318579 0.996454
bt -0.126761 -0.991929 0.00304848
t -0.115014 0.0515186 0.992027
bt 0.00869226 -0.999954 0.00407421
t -0.148994 0.0634096 0.986803
bt -0.157082 -0.987577 0.00405003
t -0.21709 0.098229 0.971197
bt -0.0336865 -0.999423 0.00430297
t -0.207967 0.0898824 0.973997
bt -0.205816 -0.978583 0.00400067
t -0.299757 0.133805 0.944586
bt -0.100826 -0.9949 0.00272755
t 0.880799 -0.410713 0.235602
bt -0.785325 -0.609218 -0.110081
t 0.879068 -0.409936 0.243292
bt -0.900952 -0.431291 0.0476772
t 0.879282 -0.409544 0.243179
bt -0.899188 -0.434799 0.0491023
t 0.880799 -0.410713 0.235602
bt -0.785325 -0.609218 -0.110081
t 0.874331 -0.404597 0.268043
bt -0.998545 -0.0492884 0.0218881
t 0.873897 -0.405218 0.268517
bt -0.99855 -0.0491967 0.0218358
t 0.869499 -0.385955 0.308238
bt -0.996136 0.0849372 0.0223352
t 0.869756 -0.385652 0.307891
bt -0.996141 0.0848634 0.0224133
t 0.842074 -0.416178 0.343086
bt -0.992284 0.122706 -0.0177845
t 0.822228 -0.37621 0.427091
bt -0.98705 0.160359 0.00424943
t 0.822273 -0.376183 0.427028
bt -0.987008 0.160629 0.003759
t 0.842074 -0.416178 0.343086
bt -0.992284 0.122706 -0.0177845
t 0.675698 -0.307693 0.669893
bt -0.981963 0.189067 0.00128514
t 0.676719 -0.307563 0.668922
bt -0.981975 0.189006 0.0015242
t 0.463283 -0.0931775 0.881298
bt -0.980365 0.197193 0
t 0.46489 -0.0935007 0.880417
bt -0.980365 0.197193 0.000441723
t -0.46462 0.0934463 0.880566
bt -0.980365 0.197193 0
t -0.553816 0.311209 0.772293
bt -0.98183 0.189758 0.00142305
t -0.55444 0.311211 0.771845
bt -0.981857 0.18962 0.000878599
t -0.46462 0.0934463 0.880566
bt -0.980365 0.197193 0
t -0.790952 0.394126 0.468038
bt -0.986433 0.164143 0.00264806
t -0.791059 0.394069 0.467905
bt -0.9864 0.164333 0.00299449
t -0.851517 0.406177 0.33157
bt -0.993864 0.110503 0.00480237
t -0.851513 0.406181 0.331575
bt -0.993855 0.110579 0.00488341
t -0.870985 0.409645 0.271248
bt -0.999965 -0.00591295 0.00594921
t -0.870913 0.409716 0.271374
bt -0.999965 -0.00559284 0.00615408
t -0.878511 0.410956 0.243584
bt -0.955963 -0.293411 0.00670225
t -0.878778 0.410468 0.243444
bt -0.956354 -0.292122 0.0071964
t -0.880799 0.410713 0.235602
bt -0.78868 -0.604647 0.111287
t -0.880546 0.411255 0.235602
bt -0.789738 -0.603196 0.111668
t -0.880799 0.410713 0.235602
bt 0.0452239 -0.992716 -0.111667
t -0.87908 0.409936 0.243252
bt 0.247679 -0.967647 0.048107
t -0.878946 0.410277 0.24316
bt 0.248406 -0.967474 0.0478361
t -0.880799 0.410713 0.235602
bt 0.0452239 -0.992716 -0.111667
t -0.871968 0.40962 0.268111
bt 0.602495 -0.797786 0.0231703
t -0.87218 0.408881 0.268547
bt 0.602618 -0.797696 0.0230701
t -0.856732 0.404345 0.32018
bt 0.714575 -0.699504 0.00879831
t -0.856703 0.404542 0.320008
bt 0.714549 -0.699529 0.00883657
t -0.816709 0.388018 0.427117
bt 0.757798 -0.652483 0.00285621
t -0.816744 0.388257 0.426832
bt 0.757782 -0.652502 0.00290032
t -0.671228 0.321388 0.667955
bt 0.776282 -0.630386 -3.20259e-06
t -0.671518 0.32189 0.667421
bt 0.776242 -0.630435 0.000238088
t -0.369142 0.29494 0.881331
bt 0.781239 -0.624232 0
t -0.370469 0.296 0.880418
bt 0.781239 -0.624231 -0.000724385
t 0.370195 -0.295781 0.880607
bt 0.781239 -0.624232 0
t 0.594977 -0.224848 0.771652
bt 0.776295 -0.63037 7.96172e-05
t 0.595365 -0.225309 0.771217
bt 0.776347 -0.630306 0.000398011
t 0.370195 -0.295781 0.880607
bt 0.781239 -0.624232 0
t 0.810592 -0.353813 0.466644
bt 0.759264 -0.650781 0.00118318
t 0.810606 -0.353878 0.466572
bt 0.759391 -0.650633 0.00153267
t 0.858617 -0.390468 0.332131
bt 0.723511 -0.690297 0.00476129
t 0.858624 -0.390412 0.332179
bt 0.722878 -0.690965 0.00378781
t 0.873674 -0.403845 0.271297
bt 0.638979 -0.769196 0.00656598
t 0.873691 -0.403758 0.271375
bt 0.639169 -0.769037 0.006725
t 0.879506 -0.408844 0.243547
bt 0.389422 -0.921036 0.00654601
t 0.879317 -0.409328 0.243416
bt 0.390179 -0.920714 0.0068481
t 0.880799 -0.410713 0.235602
bt 0.0462339 -0.992645 0.111882
t 0.880984 -0.410315 0.235601
bt 0.0362507 -0.993297 0.109755
t 0.0645354 -0.0300813 0.997462
bt -0.422598 -0.906317 -0.000225359
t 2.4076e-07 3.16553e-07 1
bt -0.422606 -0.906313 6.09379e-07
t 0.0625611 -0.0286848 0.997629
bt -0.439262 -0.898359 -7.91943e-05
t 0.056272 -0.0254656 0.998091
bt -0.454664 -0.890663 -0.000221219
t 0.0459743 -0.0208781 0.998724
bt -0.467795 -0.883837 0.000122334
t 0.0328156 -0.0141748 0.999361
bt -0.477824 -0.878455 -0.000538995
t 0.0162464 -0.00885098 0.999829
bt -0.48399 -0.875074 0.00029746
t 0.000146771 0.000263825 1
bt -0.486101 -0.873902 0
t -0.0164312 0.0085163 0.999829
bt -0.483993 -0.875072 -0.000123855
t -0.0319354 0.0157933 0.999365
bt -0.477812 -0.878462 0.000165433
t -0.0463293 0.0202068 0.998722
bt -0.467831 -0.883817 0.00070025
t -0.0559424 0.026112 0.998092
bt -0.454602 -0.890694 -0.000908732
t -0.0627308 0.0283374 0.997628
bt -0.439184 -0.898397 -0.00118173
t -0.0645354 0.0300812 0.997462
bt -0.4226 -0.906316 0.000253337
t -0.0623047 0.0292182 0.997629
bt -0.405821 -0.913952 0.000867952
t -0.0559728 0.0260405 0.998093
bt -0.390122 -0.920762 0.00176661
t -0.0460696 0.0205045 0.998728
bt -0.376379 -0.926466 9.23757e-05
t -0.0323139 0.0150997 0.999364
bt -0.365896 -0.930656 -0.000582018
t -0.0164306 0.00853373 0.999829
bt -0.359259 -0.933238 0.000291609
t 9.25967e-05 0.000242356 1
bt -0.357002 -0.934104 0
t 0.0166654 -0.00792453 0.99983
bt -0.359256 -0.933239 -0.000126166
t 0.0322612 -0.0152349 0.999363
bt -0.365911 -0.93065 0.000143646
t 0.0460827 -0.0204724 0.998728
bt -0.376344 -0.92648 0.000656942
t 0.0562259 -0.0254439 0.998094
bt -0.390018 -0.920807 8.13235e-05
t 0.0622577 -0.0293239 0.997629
bt -0.405717 -0.913998 0.00077687
t -0.418578 0.192084 0.887635
bt -0.288047 -0.957548 -0.0114657
t -0.394492 0.181596 0.900777
bt -0.300082 -0.953893 -0.00630017
t -0.359077 0.170091 0.917678
bt -0.190916 -0.981606 0.00095307
t -0.38191 0.180261 0.906449
bt -0.174483 -0.984654 0.00336134
t -0.418823 0.19326 0.887264
bt -0.540051 -0.841595 -0.00797738
t -0.394924 0.181943 0.900517
bt -0.533723 -0.84565 -0.00398783
t -0.404912 0.188614 0.894691
bt -0.425259 -0.905052 0.00591774
t -0.429093 0.199783 0.880889
bt -0.427723 -0.90385 0.0104491
t -0.324157 0.148052 0.934346
bt -0.716883 -0.697193 -0.000943976
t -0.302436 0.139979 0.942835
bt -0.70001 -0.714132 -0.0011152
t -0.359151 0.168563 0.917931
bt -0.63185 -0.775059 0.0070669
t -0.380962 0.180269 0.906847
bt -0.647143 -0.762286 0.0111991
t -0.13196 0.0527871 0.989848
bt -0.792831 -0.609442 0.000606743
t -0.120145 0.0508412 0.991454
bt -0.77457 -0.632487 0.00145211
t -0.216528 0.105188 0.970593
bt -0.747794 -0.663929 0.00142093
t -0.228575 0.11552 0.966648
bt -0.765878 -0.642982 0.00211354
t 0.115987 -0.065263 0.991104
bt -0.792902 -0.609347 -0.00156643
t 0.111609 -0.0579124 0.992063
bt -0.774552 -0.632508 -0.00175884
t 0.00472589 0.00375427 0.999982
bt -0.782923 -0.622118 -3.64716e-05
t 0.00876744 0.00654749 0.99994
bt -0.801282 -0.598287 0
t 0.316895 -0.155725 0.935589
bt -0.718314 -0.695702 -0.00486971
t 0.299317 -0.14352 0.943298
bt -0.701292 -0.712861 -0.00430457
t 0.222562 -0.0994605 0.969832
bt -0.747531 -0.664227 0.000317752
t 0.240061 -0.10535 0.965025
bt -0.765159 -0.643837 0.00247083
t 0.417976 -0.19413 0.887474
bt -0.547282 -0.836901 -0.0089034
t 0.39443 -0.182383 0.900645
bt -0.538042 -0.84289 -0.00685248
t 0.360577 -0.166468 0.917754
bt -0.628228 -0.77802 0.00391646
t 0.383826 -0.176395 0.906401
bt -0.640438 -0.767965 0.0083527
t 0.418107 -0.193473 0.887556
bt -0.297579 -0.954664 -0.00790532
t 0.394274 -0.182229 0.900744
bt -0.304867 -0.952386 -0.00418831
t 0.40483 -0.18879 0.894691
bt -0.419775 -0.907607 0.00620521
t 0.428967 -0.200055 0.880889
bt -0.417507 -0.908613 0.010518
t 0.321526 -0.155158 0.934102
bt -0.0745961 -0.997202 -0.00477479
t 0.301334 -0.144727 0.942471
bt -0.0970035 -0.995283 -0.00105276
t 0.359818 -0.167436 0.917876
bt -0.18856 -0.98205 0.00480945
t 0.383096 -0.175928 0.9068
bt -0.170119 -0.985403 0.00629151
t 0.125255 -0.0672187 0.989845
bt 0.0427459 -0.999086 0.000204632
t 0.116278 -0.0593816 0.99144
bt 0.0132718 -0.999912 0.000715033
t 0.219659 -0.0980981 0.970632
bt -0.0277539 -0.999612 0.00244801
t 0.235314 -0.100546 0.966705
bt -0.000422346 -0.999998 0.002069
t -0.124444 0.0469439 0.991116
bt 0.0428061 -0.999082 -0.00151552
t -0.116101 0.0484941 0.992053
bt 0.0133309 -0.999909 -0.00208701
t -0.000162514 0.00604237 0.999982
bt 0.0267015 -0.999643 -5.47099e-05
t -0.000621163 0.0109442 0.99994
bt 0.0566995 -0.998391 0
t -0.322821 0.145159 0.935262
bt -0.0711632 -0.997454 -0.00463529
t -0.30206 0.139273 0.94306
bt -0.0948112 -0.99548 -0.00555362
t -0.219361 0.106607 0.969802
bt -0.02833 -0.999599 0.000504685
t -0.235015 0.116133 0.965029
bt -0.00137581 -0.999995 0.00269148
t -0.259951 0.101241 0.9603
bt -0.565375 -0.824832 0.00173307
t -0.255378 0.108144 0.960774
bt -0.571256 -0.820298 0.0278932
t -0.670662 0.156562 0.725052
bt 0.659412 -0.750484 0.0441493
t 0.727649 -0.305944 0.613943
bt 0.64801 -0.758417 -0.0699077
t 0.68275 -0.426944 0.592935
bt -0.796767 -0.577993 0.176311
t 0.341551 -0.0917686 0.935372
bt -0.716941 -0.690654 -0.0948329
t 0.367017 -0.0622437 0.928129
bt -0.710237 -0.701644 -0.0570858
t 0.657602 -0.451164 0.603334
bt -0.863404 -0.497002 0.0867375
t -0.660033 0.448884 0.602379
bt -0.863765 -0.496472 -0.0861783
t -0.681544 0.428138 0.59346
bt -0.795282 -0.579499 -0.178066

