g sponza_218
t 1 0 0
bt 0 0 -1
t 1 0 0
bt 0 0 -1
t 1 0 0
bt 0 0 -1
t 1 0 0
bt 0 0 -1
t 1 0 0
bt 0 0 1
t 1 0 0
bt 0 0 1
t 1 0 0
bt 0 0 1
t 1 0 0
bt 0 0 1
t 0 0 1
bt 0 -0.999987 -0.00512174
t 0 0.00136766 0.999999
bt 0 -0.999997 -0.00249383
t 0 -0.000175931 1
bt 0 -0.999994 -0.00341451
t 1 0 0
bt 0 -0.664233 -0.747525
t 1 0 0
bt 0 -0.664233 -0.747525
t 1 0 0
bt 0 -0.8527 -0.5224
t 1 0 0
bt 0 -0.8527 -0.5224
t 0 0 -1
bt 0 -0.999987 -0.00512457
t 0 0.000175891 -1
bt 0 -0.999994 -0.00341639
t 0 -0.00123589 -0.999999
bt 0 -0.999997 -0.00256229
t 0 0 1
bt 0 -1 0.000268218
t 0 0.00182355 0.999998
bt 0 -1 0.000178812
t 1 0 0
bt 0 -1 0
t 1 0 0
bt 0 -1 0
t 1 0 0
bt 0 -1 0
t 1 0 0
bt 0 -1 0
t 0 0.000527673 -1
bt 0 -1 0
t 0 -0.00182375 -0.999998
bt 0 -1 0.00017905
t 0 0.00547062 0.999985
bt 0 -1 0
t 1 0 0
bt 0 -0.418506 -0.908214
t 1 0 0
bt 0 -0.418506 -0.908214
t 0 -0.00547122 -0.999985
bt 0 -1 0

