g sponza_290
t 0.872148 0.407867 0.270188
bt -0.202728 -0.978115 0.0468255
t 0.871897 0.40852 0.270014
bt -0.203124 -0.97804 0.0466703
t 0.874632 0.407878 0.262022
bt 0.00449908 -0.993599 -0.112871
t 0.874632 0.407878 0.262022
bt 0.00449908 -0.993599 -0.112871
t 0.863922 0.406405 0.297444
bt -0.565076 -0.824694 0.0238364
t 0.864115 0.405725 0.297812
bt -0.565051 -0.824711 0.0238557
t 0.843527 0.414853 0.341115
bt -0.67784 -0.734798 0.0245984
t 0.843553 0.414675 0.341267
bt -0.677963 -0.73469 0.0244237
t 0.798025 0.379902 0.467793
bt -0.736759 -0.676141 0.00426231
t 0.797986 0.379684 0.468037
bt -0.736542 -0.676374 0.00483979
t 0.848595 0.368828 0.379278
bt -0.707377 -0.706577 -0.0191462
t 0.848595 0.368828 0.379278
bt -0.707377 -0.706577 -0.0191462
t 0.637082 0.307283 0.706897
bt -0.757982 -0.652273 0.00153931
t 0.637184 0.307422 0.706744
bt -0.758079 -0.652163 0.000971767
t 0.326257 0.275597 0.904214
bt -0.763917 -0.645314 0.000142
t 0.327498 0.276645 0.903445
bt -0.763917 -0.645314 0
t -0.559661 -0.208317 0.802112
bt -0.758341 -0.651858 0.000586856
t -0.559857 -0.208554 0.801914
bt -0.758325 -0.651877 0.000488572
t -0.326669 -0.275945 0.903959
bt -0.763917 -0.645314 0
t -0.326669 -0.275945 0.903959
bt -0.763917 -0.645314 0
t -0.790071 -0.342168 0.508635
bt -0.739245 -0.673433 0.00240997
t -0.790064 -0.342138 0.508666
bt -0.739296 -0.673375 0.00254997
t -0.848615 -0.368567 0.379488
bt -0.707609 -0.706335 0.0195045
t -0.848601 -0.368747 0.379343
bt -0.707497 -0.706451 0.0193322
t -0.865821 -0.399618 0.301098
bt -0.603337 -0.797455 0.00701677
t -0.865795 -0.399711 0.301048
bt -0.603126 -0.797617 0.00684222
t -0.843545 -0.414726 0.341224
bt -0.678009 -0.73465 -0.024358
t -0.843545 -0.414726 0.341224
bt -0.678009 -0.73465 -0.024358
t -0.87265 -0.406562 0.270535
bt -0.343244 -0.939196 0.00968995
t -0.872433 -0.407128 0.270385
bt -0.343406 -0.939136 0.00975715
t -0.874205 -0.408791 0.262021
bt 0.00518897 -0.993615 0.112703
t -0.874635 -0.407845 0.262061
bt 0.00309447 -0.993554 0.113317
t -0.872831 -0.406308 0.270334
bt 0.8796 -0.473403 0.0468279
t -0.87279 -0.406405 0.27032
bt 0.879794 -0.473064 0.0466237
t -0.874635 -0.407845 0.262061
bt 0.75825 -0.642116 -0.11289
t -0.874645 -0.407849 0.262022
bt 0.758241 -0.642116 -0.112951
t -0.866211 -0.401218 0.29783
bt 0.994979 -0.0972002 0.023865
t -0.866331 -0.401041 0.297719
bt 0.994974 -0.0972369 0.0238892
t -0.849605 -0.390894 0.354081
bt 0.998111 0.0606189 0.00996539
t -0.859897 -0.379651 0.341235
bt 0.998591 0.047093 0.0244546
t -0.804242 -0.367036 0.467418
bt 0.991491 0.130115 0.00383149
t -0.804955 -0.366627 0.466511
bt 0.991485 0.130168 0.00373531
t -0.827725 -0.413271 0.379577
bt 0.99594 0.0879134 -0.0193454
t -0.647409 -0.290394 0.704651
bt 0.986853 0.161615 0.000866098
t -0.647546 -0.290385 0.704529
bt 0.986859 0.161583 0.00099393
t -0.425702 -0.0736085 0.901865
bt 0.985376 0.170396 0.000155226
t -0.422445 -0.0730453 0.90344
bt 0.985376 0.170396 0
t 0.521995 0.294794 0.800386
bt 0.986808 0.161895 0.000626096
t 0.521358 0.294798 0.800799
bt 0.986812 0.161869 0.000523492
t 0.424573 0.0734133 0.902412
bt 0.985376 0.170396 0
t 0.424573 0.0734133 0.902412
bt 0.985376 0.170396 0
t 0.771173 0.384678 0.507263
bt 0.991058 0.133413 0.00241219
t 0.771143 0.384693 0.507297
bt 0.991041 0.133532 0.00263024
t 0.839273 0.401704 0.366406
bt 0.99722 0.0743642 0.00478981
t 0.838929 0.402057 0.366809
bt 0.997233 0.0741955 0.0046085
t 0.862653 0.406414 0.301093
bt 0.998706 -0.0503789 0.00699306
t 0.862714 0.406326 0.301038
bt 0.998693 -0.0506482 0.00681599
t 0.872174 0.407493 0.27067
bt 0.940104 -0.34075 0.00969648
t 0.87208 0.407662 0.270718
bt 0.940168 -0.340572 0.00976956
t 0.874578 0.407994 0.262022
bt 0.757797 -0.64267 0.112779
t 0.874632 0.407878 0.262022
bt 0.759095 -0.641047 0.113284
t 0.631896 0.303852 0.713009
bt 0.1269 -0.990397 -0.0548599
t 0.852874 0.389776 0.347392
bt -0.186929 -0.982371 0.00202281
t 0.840723 0.380398 0.385333
bt -0.454202 -0.890352 0.0312125
t 0.594731 0.302214 0.744958
bt -0.0577356 -0.997854 -0.030881
t 0.344743 0.162877 0.924458
bt 0.203946 -0.978962 0.0063486
t 0.379016 0.175264 0.908642
bt 0.305122 -0.952279 -0.00813359
t 0.389373 0.181531 0.903014
bt 0.418898 -0.907993 -0.00852649
t 0.645824 0.301125 0.701594
bt 0.416562 -0.909084 -0.00652819
t 0.528282 0.278844 0.801975
bt -0.207636 -0.977392 -0.039904
t 0.810547 0.352245 0.467907
bt -0.611291 -0.791319 0.0117379
t 0.735772 0.334764 0.588704
bt -0.671157 -0.741143 0.0159984
t 0.421133 0.258135 0.86949
bt -0.287789 -0.957524 -0.0180387
t 0.209253 0.105177 0.972189
bt 0.0458749 -0.998946 0.00140457
t 0.289535 0.131694 0.948064
bt 0.110503 -0.993871 -0.00304443
t 0.235436 0.123798 0.963973
bt -0.334365 -0.94239 -0.0100638
t 0.49484 0.19669 0.846431
bt -0.702981 -0.711173 0.00708666
t 0.036633 0.0361193 0.998676
bt -0.71209 -0.702089 0
t 0.0129095 0.0346277 0.999317
bt -0.349304 -0.937009 0
t 6.62093e-05 0.008746 0.999962
bt -0.00769978 -0.99997 0
t 0.110866 0.0430683 0.992902
bt 0.00511577 -0.999983 -0.0028417
t -0.251535 -0.176404 0.951636
bt -0.334272 -0.942428 0.00953235
t -0.532146 -0.247405 0.809698
bt -0.70297 -0.711183 -0.00714617
t -0.727612 -0.306007 0.613955
bt -0.673935 -0.738735 -0.00911614
t -0.416681 -0.229061 0.879721
bt -0.289891 -0.956761 0.0238948
t -0.210124 -0.0916911 0.973366
bt 0.0455657 -0.998961 -4.04915e-06
t -0.110694 -0.0585356 0.992129
bt 0.00558102 -0.999984 -0.00131885
t -0.528079 -0.290986 0.797784
bt -0.201298 -0.97911 0.0286738
t -0.810131 -0.365639 0.458253
bt -0.602726 -0.797598 -0.0236205
t -0.841978 -0.374813 0.388058
bt -0.483302 -0.875417 -0.00805038
t -0.595538 -0.297249 0.74631
bt -0.0765955 -0.995542 0.0550449
t -0.345611 -0.159266 0.924764
bt 0.199258 -0.979931 0.00559709
t -0.288536 -0.138628 0.94738
bt 0.112637 -0.993629 -0.00369089
t -0.63148 -0.305155 0.712821
bt 0.16671 -0.985924 0.0127089
t -0.852403 -0.391095 0.347066
bt -0.123543 -0.991849 -0.0311896
t -0.853844 -0.398138 0.335315
bt 0.37932 -0.925113 0.0167849
t -0.645814 -0.30113 0.701602
bt 0.398471 -0.916815 0.0258927
t -0.389373 -0.181531 0.903014
bt 0.419185 -0.907867 0.00786811
t -0.378697 -0.176078 0.908617
bt 0.312012 -0.950046 -0.00781439
t -0.638953 -0.288731 0.713003
bt 0.676312 -0.734665 -0.0535599
t -0.846837 -0.402733 0.347381
bt 0.873808 -0.48627 0.000999089
t -0.831804 -0.399502 0.385357
bt 0.974304 -0.223192 0.0302766
t -0.61379 -0.261302 0.744972
bt 0.8015 -0.597197 -0.0308917
t -0.346404 -0.159325 0.924456
bt 0.618824 -0.785504 0.00636678
t -0.378069 -0.177375 0.908626
bt 0.532664 -0.846304 -0.00622931
t -0.551266 -0.227017 0.80285
bt 0.882391 -0.468753 -0.0406958
t -0.790866 -0.39447 0.467894
bt 0.999163 -0.0394709 0.0107261
t -0.727804 -0.349177 0.590234
bt 0.999155 0.0382773 0.0149389
t -0.466477 -0.157886 0.870328
bt 0.918596 -0.394743 -0.0189346
t -0.214535 -0.093198 0.97226
bt 0.735388 -0.677635 0.00393718
t -0.286028 -0.138244 0.948197
bt 0.690628 -0.723197 -0.00435578
t -0.246392 -0.100677 0.963927
bt 0.936837 -0.349621 -0.0101204
t -0.468741 -0.252654 0.846432
bt 0.99664 0.0816782 0.00610632
t -0.0512273 -0.0048452 0.998675
bt 0.995553 0.0941982 0
t -0.0348267 0.0123684 0.999317
bt 0.942323 -0.334706 0
t -0.00674318 0.0055724 0.999962
bt 0.770968 -0.636874 0
t -0.105051 -0.0565684 0.992857
bt 0.762517 -0.646968 0.000453226
t 0.296875 0.0791589 0.95163
bt 0.936765 -0.349847 0.00884853
t 0.531545 0.248634 0.809717
bt 0.996672 0.0810622 -0.00856042
t 0.701148 0.361087 0.614824
bt 0.999115 0.0407935 -0.0102273
t 0.442155 0.172644 0.880166
bt 0.919136 -0.393266 0.0230528
t 0.205796 0.101551 0.973312
bt 0.736364 -0.676581 0.00259422
t 0.117591 0.0458074 0.992005
bt 0.762672 -0.646784 0.00170012
t 0.561259 0.218448 0.798291
bt 0.879396 -0.475238 0.0284886
t 0.800829 0.385569 0.458268
bt 0.998405 -0.0511776 -0.0238542
t 0.828323 0.404065 0.388089
bt 0.981161 -0.19301 -0.00836083
t 0.610524 0.265172 0.746287
bt 0.811867 -0.581241 0.0550588
t 0.344183 0.162329 0.924763
bt 0.622578 -0.782538 0.00557597
t 0.291213 0.132452 0.947445
bt 0.688613 -0.725116 -0.00436484
t 0.639686 0.28757 0.712815
bt 0.649712 -0.760035 0.0148836
t 0.847577 0.401468 0.34704
bt 0.837354 -0.54568 -0.0327214
t 0.853844 0.398138 0.335315
bt 0.468305 -0.883379 0.0181964
t 0.378584 0.176513 0.90858
bt 0.527096 -0.849767 -0.00813579
t 0.75375 0.426276 0.50015
bt -0.408345 -0.869502 -0.277886
t 0.745545 0.387372 0.542315
bt -0.338814 -0.938706 -0.0635309
t 0.783687 0.365448 0.502277
bt 0.231225 -0.966026 -0.115452
t 0.752559 0.429251 0.499398
bt -0.064018 -0.996544 -0.0529333
t 0.700419 0.382304 0.602708
bt -0.472523 -0.879351 -0.0588551
t 0.616307 0.380541 0.689459
bt -0.530783 -0.846831 -0.0338697
t 0.406407 0.240105 0.88158
bt -0.562705 -0.826469 -0.0176691
t 0.134301 0.192907 0.971983
bt -0.571386 -0.820681 0.000134216
t -0.442594 -0.310235 0.841347
bt -0.562338 -0.82676 0.0156377
t -0.611285 -0.356254 0.706692
bt -0.531497 -0.846307 0.0357078
t -0.260342 -0.37395 0.890159
bt -0.571375 -0.820689 0
t -0.700087 -0.391395 0.597233
bt -0.467119 -0.882742 0.0506565
t -0.746159 -0.384467 0.543536
bt -0.360438 -0.928967 0.0842912
t -0.752454 -0.429512 0.499332
bt -0.0584509 -0.997073 0.0492793
t -0.783746 -0.365322 0.502277
bt 0.229383 -0.966339 0.116499
t -0.753949 -0.425775 0.500276
bt -0.410418 -0.868093 0.279234
t -0.785443 -0.34839 0.51157
bt 0.837662 -0.538082 -0.0937562
t -0.837279 -0.234578 0.4939
bt 0.959322 -0.230307 -0.16328
t -0.78371 -0.365406 0.502273
bt 0.733293 -0.64025 -0.228826
t -0.743104 -0.290795 0.60269
bt 0.977245 -0.204109 -0.0577251
t -0.687674 -0.227457 0.689469
bt 0.989815 -0.138755 -0.0318321
t -0.828559 -0.248324 0.501822
bt 0.959971 -0.118206 -0.253937
t -0.445338 -0.15694 0.881501
bt 0.994809 -0.100269 -0.017338
t -0.234342 0.0211393 0.971924
bt 0.99596 -0.0897975 0.000122114
t 0.522559 0.139516 0.841111
bt 0.994805 -0.100428 0.0166441
t 0.666185 0.239043 0.706439
bt 0.989975 -0.136363 0.0368143
t 0.453769 -0.0409333 0.890179
bt 0.995958 -0.0898213 0
t 0.749848 0.284657 0.597243
bt 0.976443 -0.209833 0.0502862
t 0.828669 0.248153 0.501724
bt 0.960106 -0.119883 0.252634
t 0.785586 0.348151 0.511513
bt 0.797866 -0.601131 0.0452904
t 0.78371 0.365406 0.502273
bt 0.731845 -0.64236 0.227545
t 0.837327 0.2345 0.493855
bt 0.95912 -0.232354 0.161555
t 0.391876 0.178072 0.90262
bt 0.303169 -0.952934 -0.00225062
t 0.276645 0.126902 0.952556
bt 0.343934 -0.938993 0.00076481
t 0.251011 0.112693 0.961402
bt 0.270378 -0.962738 0.00560508
t 0.357296 0.160151 0.920158
bt 0.194715 -0.980854 0.00336657
t 0.400732 0.187165 0.896874
bt 0.421648 -0.906757 -0.00204401
t 0.284937 0.132855 0.949295
bt 0.422244 -0.906481 -0.00121579
t 0.388613 0.185193 0.902598
bt 0.533617 -0.845725 -0.00147721
t 0.275027 0.130396 0.952553
bt 0.497236 -0.867605 -0.00430975
t 0.352679 0.170321 0.920113
bt 0.626152 -0.779694 -0.00339447
t 0.247678 0.11986 0.9614
bt 0.563732 -0.825941 -0.00526424
t 0.297303 0.141287 0.944272
bt 0.696868 -0.717185 -0.00450014
t 0.203839 0.0998316 0.973901
bt 0.616975 -0.786961 -0.0059056
t 0.216923 0.101152 0.970934
bt 0.743825 -0.668355 -0.00511486
t 0.145959 0.071502 0.986703
bt 0.655386 -0.755274 -0.00560685
t 0.116917 0.0520498 0.991777
bt 0.771533 -0.636173 -0.00452467
t 0.076801 0.036639 0.996373
bt 0.678334 -0.734744 -0.0036661
t 0.00179097 -0.00143729 0.999997
bt 0.779902 -0.625902 -0.000528301
t 0.00086755 -0.000919821 0.999999
bt 0.686103 -0.727504 -3.66508e-05
t -0.113757 -0.0546873 0.992002
bt 0.771597 -0.6361 0.00368547
t -0.0742555 -0.0394046 0.99646
bt 0.678409 -0.73468 0.00246109
t -0.214224 -0.103673 0.971267
bt 0.744058 -0.668105 0.00360346
t -0.144496 -0.0732065 0.986794
bt 0.655616 -0.755085 0.00374188
t -0.252764 -0.18915 0.948859
bt 0.683922 -0.72751 0.0545891
t -0.202709 -0.1013 0.973985
bt 0.617286 -0.786728 0.00419852
t -0.35179 -0.171505 0.920234
bt 0.627267 -0.778804 -4.41446e-05
t -0.247246 -0.120505 0.96143
bt 0.56418 -0.825645 0.00336787
t -0.259393 -0.182157 0.948438
bt 0.680565 -0.72967 0.0664291
t -0.388763 -0.184943 0.902585
bt 0.53513 -0.844767 -0.00230334
t -0.274764 -0.130861 0.952565
bt 0.498117 -0.867109 0.00113705
t -0.401036 -0.186511 0.896874
bt 0.423397 -0.905942 -0.0018719
t -0.284932 -0.132865 0.949295
bt 0.423142 -0.906061 -0.00178264
t -0.391702 -0.17858 0.902596
bt 0.305024 -0.952343 -0.00186002
t -0.276695 -0.126768 0.95256
bt 0.34471 -0.938703 -0.00336645
t -0.357249 -0.160349 0.920142
bt 0.194538 -0.980891 -0.00292958
t -0.251023 -0.112651 0.961404
bt 0.270444 -0.962718 -0.00585028
t -0.299426 -0.13628 0.944337
bt 0.102196 -0.99474 -0.00690635
t -0.207567 -0.0917004 0.973913
bt 0.206174 -0.978499 -0.00561442
t -0.216907 -0.101675 0.970883
bt 0.0339094 -0.999411 -0.00528612
t -0.148559 -0.0660824 0.986693
bt 0.157063 -0.987578 -0.00455291
t -0.115023 -0.0550449 0.991837
bt -0.0086806 -0.999954 -0.00417715
t -0.0775147 -0.0346375 0.996389
bt 0.126707 -0.991937 -0.00237054
t -5.49324e-05 -0.00253607 0.999997
bt -0.0218018 -0.999762 0.000274093
t 0.00019089 -0.0016314 0.999999
bt 0.116303 -0.993214 -5.50166e-05
t 0.115014 0.0515187 0.992027
bt -0.00869158 -0.999954 0.0040802
t 0.0778751 0.0318563 0.996454
bt 0.126761 -0.991929 0.0030476
t 0.21709 0.0982293 0.971197
bt 0.0336863 -0.999423 0.00430236
t 0.149 0.0634087 0.986802
bt 0.156986 -0.987592 0.00406551
t 0.299757 0.133804 0.944586
bt 0.100826 -0.9949 0.00272682
t 0.207967 0.0898847 0.973997
bt 0.205816 -0.978583 0.0040014
t -0.879284 -0.409542 0.243179
bt 0.899186 -0.434802 0.0491036
t -0.879069 -0.409936 0.243292
bt 0.900952 -0.431291 0.0476773
t -0.8808 -0.41071 0.235602
bt 0.785322 -0.609223 -0.11008
t -0.8808 -0.41071 0.235602
bt 0.785322 -0.609223 -0.11008
t -0.873897 -0.405219 0.268517
bt 0.99855 -0.0491972 0.0218361
t -0.874329 -0.4046 0.268044
bt 0.998545 -0.0492888 0.0218883
t -0.869754 -0.385655 0.307894
bt 0.99614 0.0848634 0.0224133
t -0.869499 -0.385955 0.308238
bt 0.996136 0.0849372 0.0223352
t -0.822269 -0.376185 0.427035
bt 0.987008 0.16063 0.0037573
t -0.82221 -0.376222 0.427116
bt 0.987049 0.160361 0.00424668
t -0.84208 -0.416171 0.343079
bt 0.992284 0.122707 -0.0177858
t -0.84208 -0.416171 0.343079
bt 0.992284 0.122707 -0.0177858
t -0.676678 -0.307628 0.668933
bt 0.981975 0.189006 0.00152329
t -0.675693 -0.307694 0.669898
bt 0.981963 0.189067 0.00128482
t -0.464869 -0.0934965 0.880429
bt 0.980365 0.197193 0.000441737
t -0.463286 -0.093178 0.881297
bt 0.980365 0.197193 0
t 0.554422 0.311211 0.771858
bt 0.981857 0.18962 0.000878409
t 0.553794 0.311285 0.772278
bt 0.98183 0.189759 0.00142353
t 0.464603 0.093443 0.880575
bt 0.980365 0.197193 0
t 0.464603 0.093443 0.880575
bt 0.980365 0.197193 0
t 0.791046 0.394076 0.467921
bt 0.9864 0.164334 0.00299582
t 0.790941 0.394132 0.468051
bt 0.986433 0.164145 0.00265185
t 0.85151 0.406185 0.331579
bt 0.993855 0.110582 0.00488621
t 0.851516 0.406178 0.331571
bt 0.993864 0.110503 0.00480216
t 0.870912 0.409717 0.271375
bt 0.999965 -0.00559332 0.00615377
t 0.870984 0.409647 0.271249
bt 0.999965 -0.00591313 0.00594909
t 0.878778 0.410469 0.243444
bt 0.956353 -0.292125 0.00719529
t 0.878511 0.410956 0.243584
bt 0.955962 -0.293413 0.00670149
t 0.880546 0.411254 0.235602
bt 0.789733 -0.603201 0.111666
t 0.8808 0.41071 0.235602
bt 0.788682 -0.604646 0.111287
t 0.878947 0.410275 0.243161
bt -0.248407 -0.967474 0.0478355
t 0.879081 0.409933 0.243253
bt -0.247681 -0.967647 0.0481064
t 0.8808 0.41071 0.235602
bt -0.0452271 -0.992716 -0.111668
t 0.8808 0.41071 0.235602
bt -0.0452271 -0.992716 -0.111668
t 0.872181 0.40888 0.268548
bt -0.602618 -0.797697 0.0230705
t 0.871968 0.40962 0.268111
bt -0.602495 -0.797786 0.0231703
t 0.856703 0.404542 0.320008
bt -0.71455 -0.699529 0.00883616
t 0.856732 0.404344 0.320181
bt -0.714575 -0.699503 0.00879737
t 0.816744 0.388257 0.426832
bt -0.757782 -0.652501 0.00289945
t 0.816708 0.388018 0.427118
bt -0.757798 -0.652483 0.00285604
t 0.671518 0.321891 0.66742
bt -0.776242 -0.630435 0.00023793
t 0.671228 0.321388 0.667954
bt -0.776282 -0.630386 -3.28532e-06
t 0.370475 0.296005 0.880414
bt -0.781239 -0.624231 -0.000724389
t 0.369141 0.294939 0.881332
bt -0.781239 -0.624232 0
t -0.595367 -0.225311 0.771215
bt -0.776347 -0.630306 0.000397384
t -0.595025 -0.224789 0.771631
bt -0.776295 -0.63037 7.99387e-05
t -0.370199 -0.295784 0.880604
bt -0.781239 -0.624232 0
t -0.370199 -0.295784 0.880604
bt -0.781239 -0.624232 0
t -0.810606 -0.353877 0.466572
bt -0.759391 -0.650633 0.00153264
t -0.810592 -0.353813 0.466644
bt -0.759265 -0.650781 0.00118336
t -0.858624 -0.390412 0.332179
bt -0.722878 -0.690965 0.00378811
t -0.858617 -0.390468 0.332132
bt -0.723512 -0.690295 0.00476357
t -0.873691 -0.403757 0.271375
bt -0.63917 -0.769036 0.00672556
t -0.873674 -0.403845 0.271298
bt -0.638976 -0.769199 0.00656392
t -0.879318 -0.409327 0.243416
bt -0.390177 -0.920715 0.00684718
t -0.879507 -0.408842 0.243547
bt -0.389425 -0.921035 0.00654744
t -0.880986 -0.410312 0.235602
bt -0.0362538 -0.993297 0.109756
t -0.8808 -0.41071 0.235602
bt -0.0462372 -0.992645 0.111882
t -0.0645327 -0.03008 0.997462
bt 0.42268 -0.906279 -0.000218915
t -0.0625585 -0.0286835 0.997629
bt 0.439342 -0.89832 -7.30047e-05
t -2.40596e-07 3.16431e-07 1
bt 0.422606 -0.906313 6.09348e-07
t -0.056272 -0.0254656 0.998091
bt 0.454664 -0.890663 -0.000221219
t -0.0459734 -0.0208797 0.998724
bt 0.467795 -0.883837 0.000122161
t -0.0336945 -0.0125628 0.999353
bt 0.477759 -0.878491 -0.000940684
t -0.0310598 -0.0174049 0.999366
bt 0.477722 -0.878511 0.000254401
t -0.0161615 -0.00879802 0.999831
bt 0.48399 -0.875074 0.00029743
t -0.000146771 0.000263825 1
bt 0.486101 -0.873902 0
t 0.016345 0.00846562 0.999831
bt 0.483993 -0.875072 -0.00012396
t 0.0310598 0.0174049 0.999366
bt 0.477723 -0.878511 -0.000246293
t 0.0336947 0.0125624 0.999353
bt 0.47776 -0.87849 0.000998351
t 0.0463276 0.0202101 0.998722
bt 0.467831 -0.883817 0.000700597
t 0.0559424 0.026112 0.998092
bt 0.454602 -0.890694 -0.000908732
t 0.0627283 0.0283362 0.997628
bt 0.439264 -0.898357 -0.0011879
t 0.0645354 0.0300812 0.997462
bt 0.4226 -0.906316 0.000253337
t 0.0623047 0.0292182 0.997629
bt 0.405821 -0.913952 0.000867952
t 0.0559732 0.0260395 0.998093
bt 0.390122 -0.920762 0.00176689
t 0.0460703 0.0205029 0.998728
bt 0.376379 -0.926466 9.288e-05
t 0.0323144 0.015103 0.999364
bt 0.36581 -0.93069 -0.000578677
t 0.0164292 0.00853736 0.999829
bt 0.359259 -0.933238 0.00029156
t -9.25967e-05 0.000242356 1
bt 0.357002 -0.934104 0
t -0.0166647 -0.00792634 0.99983
bt 0.359256 -0.933239 -0.000126141
t -0.032261 -0.0152392 0.999363
bt 0.365824 -0.930684 0.000140388
t -0.0460829 -0.0204721 0.998728
bt 0.376344 -0.92648 0.000656606
t -0.0562268 -0.0254419 0.998094
bt 0.390018 -0.920807 8.07727e-05
t -0.0622577 -0.0293239 0.997629
bt 0.405717 -0.913998 0.00077687
t 0.359077 0.170092 0.917678
bt 0.190917 -0.981606 0.000954698
t 0.394495 0.181589 0.900777
bt 0.300081 -0.953893 -0.00630235
t 0.418579 0.192078 0.887636
bt 0.288048 -0.957547 -0.0114644
t 0.38191 0.180261 0.906449
bt 0.174484 -0.984654 0.0033627
t 0.404917 0.188602 0.894691
bt 0.42526 -0.905052 0.00591878
t 0.394855 0.181902 0.900556
bt 0.533723 -0.84565 -0.00398575
t 0.418761 0.193211 0.887304
bt 0.54005 -0.841595 -0.00797658
t 0.429101 0.199766 0.880889
bt 0.427722 -0.90385 0.0104492
t 0.359161 0.168551 0.917929
bt 0.63185 -0.775058 0.00706943
t 0.302424 0.139992 0.942837
bt 0.700009 -0.714133 -0.00111917
t 0.32416 0.148049 0.934346
bt 0.716882 -0.697193 -0.00094573
t 0.380978 0.180248 0.906844
bt 0.647145 -0.762285 0.0112041
t 0.21653 0.105187 0.970593
bt 0.747794 -0.663929 0.0014215
t 0.120142 0.0508433 0.991454
bt 0.77457 -0.632487 0.0014514
t 0.131961 0.0527869 0.989848
bt 0.792831 -0.609442 0.00060679
t 0.228574 0.115521 0.966648
bt 0.765878 -0.642982 0.00211363
t -0.00473405 0.00376284 0.999982
bt 0.782962 -0.62207 -3.64582e-05
t -0.11162 -0.0578984 0.992063
bt 0.774592 -0.632459 -0.00176289
t -0.116017 -0.0652391 0.991102
bt 0.792902 -0.609347 -0.00156846
t -0.00878547 0.00656095 0.99994
bt 0.801282 -0.598287 0
t -0.222603 -0.0994222 0.969826
bt 0.747534 -0.664223 0.000296435
t -0.299292 -0.143548 0.943302
bt 0.701288 -0.712865 -0.00428722
t -0.316941 -0.155677 0.935582
bt 0.718322 -0.695693 -0.00490417
t -0.240149 -0.105271 0.965011
bt 0.765166 -0.643829 0.0024289
t -0.360519 -0.166544 0.917763
bt 0.628218 -0.778027 0.00394574
t -0.394522 -0.182457 0.90059
bt 0.538083 -0.842864 -0.00682612
t -0.417923 -0.194217 0.88748
bt 0.547267 -0.836911 -0.00886676
t -0.3837 -0.1765 0.906434
bt 0.640377 -0.768015 0.00837858
t -0.404822 -0.188807 0.894691
bt 0.419774 -0.907607 0.00620559
t -0.394278 -0.182219 0.900745
bt 0.304867 -0.952386 -0.00418762
t -0.418102 -0.193487 0.887555
bt 0.297578 -0.954665 -0.00790394
t -0.428917 -0.200073 0.880909
bt 0.417477 -0.908627 0.0104987
t -0.35982 -0.167427 0.917877
bt 0.188556 -0.982051 0.00481879
t -0.301334 -0.144728 0.942471
bt 0.0970031 -0.995284 -0.00105174
t -0.321527 -0.155153 0.934103
bt 0.0745934 -0.997203 -0.00476706
t -0.383017 -0.175897 0.90684
bt 0.170111 -0.985405 0.00630761
t -0.219668 -0.0980953 0.97063
bt 0.027655 -0.999615 0.00243182
t -0.116278 -0.0593814 0.99144
bt -0.01327 -0.999912 0.000699162
t -0.125255 -0.0672191 0.989845
bt -0.0427448 -0.999086 0.000195583
t -0.235419 -0.100542 0.966679
bt 0.000321695 -0.999998 0.00206063
t 0.000162515 0.00604233 0.999982
bt -0.0267015 -0.999643 -5.47272e-05
t 0.116205 0.0484915 0.992041
bt -0.0134299 -0.999908 -0.00207273
t 0.124548 0.046937 0.991103
bt -0.0429043 -0.999078 -0.00149669
t 0.000621147 0.010944 0.99994
bt -0.0566995 -0.998391 0
t 0.219361 0.106607 0.969802
bt 0.0283289 -0.999599 0.000499895
t 0.30206 0.139272 0.94306
bt 0.0948098 -0.99548 -0.00555793
t 0.322691 0.145148 0.935309
bt 0.0712487 -0.997448 -0.00467727
t 0.235015 0.116132 0.965029
bt 0.00137351 -0.999995 0.00268204
t 0.796354 0.297078 0.526844
bt 0.0620924 -0.997621 0.0299515
t 0.794066 0.305589 0.525427
bt 0.218444 -0.966735 0.133063
t -0.794199 -0.305103 0.525509
bt 0.220386 -0.966116 -0.134346
t -0.796824 -0.295297 0.527134
bt 0.060635 -0.997739 -0.0289919
t -0.682734 -0.426959 0.592942
bt 0.796759 -0.578002 0.17632
t -0.341545 -0.0917752 0.935374
bt 0.716941 -0.690654 -0.0948305
t -0.367012 -0.0622492 0.928131
bt 0.710237 -0.701645 -0.0570825
t -0.657602 -0.451164 0.603334
bt 0.863404 -0.497002 0.0867375
t 0.660025 0.448891 0.602382
bt 0.863762 -0.496475 -0.086182
t 0.681546 0.428137 0.59346
bt 0.795279 -0.579502 -0.178069

