g sponza_310
t -0.874634 0.407873 0.262022
bt -0.00450292 -0.9936 -0.11287
t -0.871901 0.408508 0.270018
bt 0.20312 -0.978041 0.0466722
t -0.872151 0.40786 0.27019
bt 0.202729 -0.978115 0.0468252
t -0.874634 0.407873 0.262022
bt -0.00450292 -0.9936 -0.11287
t -0.864112 0.405737 0.297805
bt 0.565041 -0.824717 0.0238636
t -0.863923 0.406403 0.297445
bt 0.565076 -0.824695 0.0238367
t -0.843553 0.414672 0.34127
bt 0.677964 -0.734689 0.0244216
t -0.843526 0.414857 0.341111
bt 0.677832 -0.734805 0.0246096
t -0.848595 0.368825 0.379281
bt 0.707379 -0.706575 -0.0191485
t -0.797986 0.379684 0.468037
bt 0.736542 -0.676374 0.00483987
t -0.798025 0.3799 0.467796
bt 0.73676 -0.67614 0.00425999
t -0.848595 0.368825 0.379281
bt 0.707379 -0.706575 -0.0191485
t -0.637189 0.307428 0.706738
bt 0.758078 -0.652164 0.000977422
t -0.637085 0.307286 0.706893
bt 0.757982 -0.652273 0.00154171
t -0.32749 0.276639 0.90345
bt 0.763917 -0.645314 0
t -0.326273 0.275611 0.904204
bt 0.763917 -0.645314 0.000147634
t 0.326661 -0.275938 0.903964
bt 0.763917 -0.645314 0
t 0.559852 -0.208547 0.801919
bt 0.758323 -0.651879 0.000476964
t 0.559656 -0.208312 0.802117
bt 0.75834 -0.651859 0.000579287
t 0.326661 -0.275938 0.903964
bt 0.763917 -0.645314 0
t 0.790064 -0.342138 0.508666
bt 0.739291 -0.673382 0.00253453
t 0.790071 -0.342167 0.508636
bt 0.739239 -0.673439 0.0023945
t 0.848601 -0.368748 0.379343
bt 0.707497 -0.706452 0.019332
t 0.848615 -0.368571 0.379485
bt 0.707597 -0.706347 0.0194865
t 0.843546 -0.414726 0.341224
bt 0.678009 -0.73465 -0.0243581
t 0.865795 -0.399711 0.301048
bt 0.603127 -0.797616 0.006843
t 0.865821 -0.399618 0.301098
bt 0.603338 -0.797455 0.0070175
t 0.843546 -0.414726 0.341224
bt 0.678009 -0.73465 -0.0243581
t 0.872437 -0.407118 0.270387
bt 0.343447 -0.939121 0.0097738
t 0.872651 -0.406559 0.270536
bt 0.343259 -0.939191 0.00969624
t 0.874624 -0.407868 0.262061
bt -0.00317476 -0.993556 0.113298
t 0.874202 -0.408773 0.262061
bt -0.00516886 -0.993603 0.112813
t 0.874624 -0.407868 0.262061
bt -0.758255 -0.64211 -0.112891
t 0.87279 -0.406404 0.270319
bt -0.87979 -0.47307 0.0466261
t 0.872822 -0.406323 0.270338
bt -0.879602 -0.4734 0.0468267
t 0.874624 -0.407868 0.262061
bt -0.758255 -0.64211 -0.112891
t 0.866306 -0.401078 0.297742
bt -0.994974 -0.0972415 0.0238923
t 0.866203 -0.401229 0.297837
bt -0.994978 -0.0972022 0.0238663
t 0.859908 -0.379639 0.341222
bt -0.998591 0.0470903 0.0244575
t 0.849589 -0.390911 0.354101
bt -0.998111 0.0606177 0.00996669
t 0.827728 -0.413267 0.379574
bt -0.995941 0.0879101 -0.0193419
t 0.804955 -0.366627 0.466511
bt -0.991485 0.130165 0.0037394
t 0.804245 -0.367034 0.467414
bt -0.991492 0.130113 0.00383581
t 0.647581 -0.290321 0.704522
bt -0.986874 0.161489 0.00096531
t 0.647434 -0.290331 0.704654
bt -0.986869 0.16152 0.000843387
t 0.422388 -0.0730354 0.903468
bt -0.985376 0.170396 0
t 0.425743 -0.0736157 0.901844
bt -0.985376 0.170396 0.000149596
t -0.424586 0.0734155 0.902406
bt -0.985376 0.170396 0
t -0.52135 0.294798 0.800805
bt -0.986812 0.161867 0.000517739
t -0.521999 0.294794 0.800383
bt -0.986808 0.161895 0.000625824
t -0.424586 0.0734155 0.902406
bt -0.985376 0.170396 0
t -0.771129 0.3847 0.507313
bt -0.991041 0.133534 0.00263337
t -0.771163 0.384683 0.507273
bt -0.991058 0.133412 0.00240955
t -0.838938 0.402047 0.366798
bt -0.997233 0.0741929 0.00460567
t -0.83927 0.401708 0.36641
bt -0.99722 0.0743656 0.00479124
t -0.862704 0.406341 0.301047
bt -0.998693 -0.0506502 0.00681464
t -0.862656 0.40641 0.301091
bt -0.998706 -0.0503822 0.00699091
t -0.872083 0.407657 0.270716
bt -0.940168 -0.34057 0.00977065
t -0.872168 0.407503 0.270673
bt -0.940102 -0.340755 0.00969424
t -0.874634 0.407873 0.262022
bt -0.759098 -0.641043 0.113285
t -0.87458 0.407989 0.262022
bt -0.757799 -0.642667 0.112779
t -0.84072 0.380411 0.385327
bt 0.454178 -0.890363 0.0312311
t -0.852868 0.389793 0.347387
bt 0.186893 -0.982378 0.00203918
t -0.631895 0.303855 0.713008
bt -0.126904 -0.990397 -0.0548564
t -0.59473 0.302219 0.744957
bt 0.057724 -0.997855 -0.0308662
t -0.379014 0.175271 0.908641
bt -0.305121 -0.952279 -0.0081349
t -0.344745 0.16287 0.924459
bt -0.203946 -0.978962 0.00634828
t -0.389373 0.181531 0.903014
bt -0.4189 -0.907992 -0.00852137
t -0.645826 0.30112 0.701594
bt -0.416568 -0.909081 -0.00652186
t -0.735775 0.334775 0.588695
bt 0.671167 -0.741134 0.0159729
t -0.810547 0.352259 0.467897
bt 0.6113 -0.791312 0.0117244
t -0.528219 0.278859 0.802012
bt 0.207636 -0.977392 -0.0398958
t -0.421133 0.258135 0.86949
bt 0.287795 -0.957522 -0.0180556
t -0.289535 0.131694 0.948064
bt -0.110484 -0.993873 -0.00310677
t -0.209253 0.105178 0.972189
bt -0.0458748 -0.998946 0.00140392
t -0.0366178 0.0361044 0.998677
bt 0.71209 -0.702089 0
t -0.494852 0.196705 0.846421
bt 0.70298 -0.711174 0.00709316
t -0.235431 0.123781 0.963976
bt 0.334366 -0.942389 -0.0100714
t -0.0129065 0.0346197 0.999317
bt 0.349304 -0.937009 0
t -0.11087 0.0430663 0.992901
bt -0.00501636 -0.999983 -0.0028308
t -6.62011e-05 0.00874548 0.999962
bt 0.00769977 -0.99997 0
t 0.727615 -0.306019 0.613945
bt 0.673944 -0.738726 -0.0090916
t 0.532156 -0.24742 0.809687
bt 0.702974 -0.71118 -0.00712448
t 0.251448 -0.176432 0.951654
bt 0.334273 -0.942428 0.00953429
t 0.416681 -0.229063 0.87972
bt 0.289894 -0.95676 0.0239033
t 0.110694 -0.0585429 0.992129
bt -0.00559362 -0.999983 -0.00143141
t 0.210124 -0.0916939 0.973365
bt -0.0455707 -0.998961 -2.65549e-05
t 0.841978 -0.374811 0.388059
bt 0.48329 -0.875423 -0.00805992
t 0.810131 -0.365638 0.458254
bt 0.602747 -0.797583 -0.0235919
t 0.528018 -0.291003 0.797818
bt 0.201286 -0.979114 0.0286464
t 0.595537 -0.297251 0.746309
bt 0.076576 -0.995544 0.0550199
t 0.288535 -0.138637 0.947379
bt -0.112657 -0.993627 -0.00375546
t 0.345612 -0.15926 0.924764
bt -0.199278 -0.979927 0.00554436
t 0.853845 -0.398136 0.335315
bt -0.379322 -0.925113 0.0167841
t 0.852398 -0.391109 0.347062
bt 0.123482 -0.991856 -0.0312176
t 0.63148 -0.305152 0.712822
bt -0.166714 -0.985923 0.0127045
t 0.645817 -0.301123 0.701602
bt -0.398476 -0.916813 0.0258873
t 0.378694 -0.176086 0.908617
bt -0.312008 -0.950048 -0.00780387
t 0.389373 -0.181531 0.903014
bt -0.419188 -0.907866 0.00786183
t 0.831807 -0.399498 0.385355
bt -0.974305 -0.223187 0.0302729
t 0.846835 -0.402736 0.347382
bt -0.873805 -0.486275 0.00100188
t 0.638958 -0.288724 0.713002
bt -0.67631 -0.734667 -0.0535568
t 0.613793 -0.261299 0.74497
bt -0.801496 -0.597202 -0.030883
t 0.37807 -0.177374 0.908626
bt -0.532678 -0.846295 -0.00626376
t 0.3464 -0.15933 0.924457
bt -0.61881 -0.785514 0.00640957
t 0.727803 -0.349177 0.590235
bt -0.999155 0.0382773 0.0149388
t 0.790855 -0.39448 0.467904
bt -0.999163 -0.0394692 0.0107242
t 0.551268 -0.227016 0.80285
bt -0.88239 -0.468757 -0.0406898
t 0.466477 -0.157886 0.870328
bt -0.918596 -0.394744 -0.0189331
t 0.286039 -0.138231 0.948195
bt -0.690623 -0.723202 -0.00433384
t 0.214541 -0.0931926 0.972259
bt -0.735387 -0.677636 0.00394488
t 0.0512415 -0.00484654 0.998675
bt -0.995553 0.0941982 0
t 0.468734 -0.252654 0.846436
bt -0.99664 0.0816802 0.00609806
t 0.246412 -0.100669 0.963923
bt -0.936836 -0.349621 -0.0101179
t 0.0348363 0.0123719 0.999316
bt -0.942323 -0.334706 0
t 0.10505 -0.0565695 0.992857
bt -0.762509 -0.646978 0.000567803
t 0.00675194 0.00557963 0.999962
bt -0.770968 -0.636874 0
t -0.70114 0.36109 0.614831
bt -0.999115 0.0407929 -0.0102285
t -0.531543 0.248634 0.809718
bt -0.996673 0.0810573 -0.00857998
t -0.296891 0.079152 0.951625
bt -0.936765 -0.349846 0.00885454
t -0.44217 0.172635 0.880161
bt -0.919138 -0.393259 0.0230705
t -0.117553 0.0458394 0.992008
bt -0.762673 -0.646782 0.00171906
t -0.205826 0.101523 0.973308
bt -0.736368 -0.676576 0.00262574
t -0.828333 0.40405 0.388081
bt -0.98116 -0.193018 -0.00836675
t -0.800827 0.38557 0.45827
bt -0.998404 -0.0511828 -0.02386
t -0.561272 0.218437 0.798285
bt -0.879398 -0.475234 0.0284959
t -0.610526 0.265169 0.746286
bt -0.811865 -0.581244 0.055054
t -0.291232 0.132431 0.947442
bt -0.688623 -0.725107 -0.00432206
t -0.344173 0.162343 0.924765
bt -0.622577 -0.782539 0.00557313
t -0.853845 0.398136 0.335315
bt -0.468326 -0.883368 0.0182049
t -0.847577 0.401468 0.34704
bt -0.837349 -0.545689 -0.0327259
t -0.639691 0.287563 0.712813
bt -0.64971 -0.760037 0.0148808
t -0.378584 0.176513 0.90858
bt -0.527098 -0.849765 -0.00812914
t -0.771817 0.377729 0.511488
bt 0.126092 -0.987588 -0.0936503
t -0.745544 0.387377 0.542313
bt 0.338794 -0.938714 -0.0635119
t -0.783681 0.365461 0.502277
bt -0.231275 -0.966017 -0.115424
t -0.700419 0.382305 0.602707
bt 0.472549 -0.879334 -0.0588949
t -0.616308 0.380544 0.689457
bt 0.53079 -0.846826 -0.0338861
t -0.406406 0.240102 0.881581
bt 0.562709 -0.826466 -0.0176878
t -0.134305 0.192912 0.971981
bt 0.571386 -0.820681 9.28384e-05
t 0.442594 -0.310236 0.841347
bt 0.562338 -0.82676 0.015637
t 0.611286 -0.356259 0.706689
bt 0.5315 -0.846305 0.0357169
t 0.260352 -0.373964 0.890151
bt 0.571375 -0.820689 0
t 0.700087 -0.391397 0.597232
bt 0.46712 -0.882742 0.0506576
t 0.74616 -0.384465 0.543537
bt 0.360447 -0.928963 0.0842999
t 0.75245 -0.429524 0.499328
bt 0.0584501 -0.997073 0.0492788
t 0.783736 -0.365343 0.502277
bt -0.229378 -0.96634 0.116502
t 0.75396 -0.425749 0.500283
bt 0.410452 -0.86807 0.279256
t 0.785436 -0.348401 0.511573
bt -0.837662 -0.538082 -0.0937564
t 0.837276 -0.234583 0.493903
bt -0.959322 -0.230305 -0.163281
t 0.783704 -0.365418 0.502273
bt -0.733281 -0.640268 -0.228815
t 0.743101 -0.290798 0.602692
bt -0.977244 -0.204111 -0.0577216
t 0.687671 -0.227459 0.689472
bt -0.989815 -0.138756 -0.0318303
t 0.828556 -0.248329 0.501825
bt -0.95997 -0.118205 -0.253938
t 0.445349 -0.156938 0.881496
bt -0.994809 -0.100269 -0.0173351
t 0.234346 0.0211398 0.971923
bt -0.99596 -0.0897975 0.000126863
t -0.522558 0.139517 0.841111
bt -0.994805 -0.100426 0.0166557
t -0.666184 0.23911 0.706417
bt -0.989989 -0.136266 0.0367857
t -0.453769 -0.0409333 0.890179
bt -0.995958 -0.0898213 0
t -0.749859 0.284692 0.597212
bt -0.976442 -0.209836 0.0502916
t -0.828679 0.248138 0.501716
bt -0.960108 -0.119898 0.252622
t -0.785581 0.348159 0.511515
bt -0.797864 -0.601134 0.0452881
t -0.783704 0.365418 0.502273
bt -0.731841 -0.642365 0.227542
t -0.837335 0.234487 0.493848
bt -0.959117 -0.232381 0.161532
t -0.25101 0.112697 0.961402
bt -0.270378 -0.962738 0.00560566
t -0.276645 0.126902 0.952556
bt -0.343933 -0.938994 0.000760688
t -0.391874 0.17808 0.90262
bt -0.303171 -0.952934 -0.00224657
t -0.357298 0.16014 0.920159
bt -0.194699 -0.980857 0.0033271
t -0.284944 0.132841 0.949295
bt -0.422245 -0.906481 -0.00121064
t -0.400725 0.187179 0.896874
bt -0.421649 -0.906757 -0.00204177
t -0.275027 0.130396 0.952553
bt -0.497234 -0.867606 -0.00431453
t -0.388625 0.185172 0.902597
bt -0.533623 -0.845721 -0.00146393
t -0.247678 0.119859 0.9614
bt -0.563731 -0.825942 -0.00526841
t -0.35266 0.170325 0.92012
bt -0.626212 -0.779645 -0.00341421
t -0.203837 0.0998345 0.973901
bt -0.616977 -0.786959 -0.00589316
t -0.297288 0.141302 0.944274
bt -0.696869 -0.717185 -0.00449862
t -0.145956 0.0715049 0.986703
bt -0.655386 -0.755274 -0.00560746
t -0.216922 0.101153 0.970934
bt -0.743825 -0.668354 -0.00511017
t -0.076797 0.0366433 0.996373
bt -0.678334 -0.734745 -0.00367044
t -0.116912 0.0520541 0.991777
bt -0.771537 -0.636168 -0.00447161
t -0.00087489 -0.000927604 0.999999
bt -0.686103 -0.727504 -3.20834e-05
t -0.00179479 -0.00144036 0.999997
bt -0.779902 -0.625902 -0.000533073
t 0.0742592 -0.0394005 0.99646
bt -0.67841 -0.734679 0.0024406
t 0.113759 -0.0546851 0.992002
bt -0.771598 -0.6361 0.00367925
t 0.144489 -0.073214 0.986794
bt -0.655617 -0.755085 0.00373609
t 0.214221 -0.103676 0.971267
bt -0.744063 -0.6681 0.00357636
t 0.202711 -0.101298 0.973985
bt -0.617285 -0.786728 0.00420173
t 0.295492 -0.143294 0.944538
bt -0.696909 -0.717144 0.00477686
t 0.247244 -0.120509 0.96143
bt -0.564181 -0.825644 0.00336549
t 0.35179 -0.171505 0.920234
bt -0.627266 -0.778805 -4.19795e-05
t 0.274769 -0.130853 0.952565
bt -0.498116 -0.86711 0.00114013
t 0.388761 -0.184947 0.902585
bt -0.535132 -0.844765 -0.00230922
t 0.28494 -0.132848 0.949295
bt -0.423143 -0.906061 -0.00178379
t 0.401029 -0.186526 0.896874
bt -0.423398 -0.905942 -0.00187369
t 0.276696 -0.126765 0.95256
bt -0.34471 -0.938703 -0.00336517
t 0.391703 -0.178577 0.902596
bt -0.30502 -0.952344 -0.00185116
t 0.251022 -0.112654 0.961404
bt -0.270444 -0.962718 -0.00585141
t 0.35725 -0.160347 0.920142
bt -0.194535 -0.980891 -0.00292282
t 0.207567 -0.0917012 0.973913
bt -0.206176 -0.978499 -0.0056226
t 0.299428 -0.136269 0.944338
bt -0.10219 -0.994741 -0.00689028
t 0.148559 -0.0660828 0.986693
bt -0.157063 -0.987578 -0.00455435
t 0.216906 -0.101677 0.970883
bt -0.0339105 -0.999411 -0.00529091
t 0.0775148 -0.0346369 0.996389
bt -0.126706 -0.991937 -0.00236844
t 0.115023 -0.0550454 0.991837
bt 0.00868096 -0.999954 -0.00417406
t -0.000190983 -0.00163219 0.999999
bt -0.116303 -0.993214 -5.95825e-05
t 5.49286e-05 -0.00253581 0.999997
bt 0.0218019 -0.999762 0.000278857
t -0.077875 0.0318574 0.996454
bt -0.126761 -0.991929 0.00304963
t -0.115014 0.0515169 0.992027
bt 0.00869946 -0.999954 0.00401196
t -0.148994 0.0634091 0.986803
bt -0.157082 -0.987577 0.00405254
t -0.21709 0.098228 0.971197
bt -0.0336895 -0.999423 0.00431642
t -0.207967 0.0898852 0.973997
bt -0.205816 -0.978583 0.00400079
t -0.299758 0.133795 0.944587
bt -0.100817 -0.994901 0.00269933
t 0.8808 -0.41071 0.235602
bt -0.785324 -0.60922 -0.110081
t 0.879069 -0.409936 0.243292
bt -0.90096 -0.431276 0.0476714
t 0.879281 -0.409547 0.24318
bt -0.899189 -0.434798 0.0491018
t 0.8808 -0.41071 0.235602
bt -0.785324 -0.60922 -0.110081
t 0.87433 -0.404599 0.268044
bt -0.998545 -0.0492909 0.0218897
t 0.873896 -0.40522 0.268518
bt -0.99855 -0.0491986 0.021837
t 0.869512 -0.385939 0.30822
bt -0.996137 0.0849134 0.0223604
t 0.869751 -0.385659 0.307898
bt -0.996141 0.0848481 0.0224295
t 0.842097 -0.416154 0.343059
bt -0.992286 0.12269 -0.0177681
t 0.822221 -0.376215 0.427101
bt -0.98705 0.16036 0.00424941
t 0.822292 -0.376171 0.427002
bt -0.987009 0.16062 0.00377463
t 0.842097 -0.416154 0.343059
bt -0.992286 0.12269 -0.0177681
t 0.675684 -0.307694 0.669907
bt -0.981964 0.189066 0.00129058
t 0.67669 -0.307565 0.66895
bt -0.981975 0.189006 0.00152573
t 0.463273 -0.0931754 0.881304
bt -0.980365 0.197193 0
t 0.464797 -0.0934818 0.880469
bt -0.980365 0.197193 0.000448555
t -0.464505 0.0934232 0.880629
bt -0.980365 0.197193 0
t -0.553784 0.311285 0.772285
bt -0.981827 0.189771 0.00147039
t -0.554369 0.311211 0.771896
bt -0.981856 0.189624 0.00089412
t -0.464505 0.0934232 0.880629
bt -0.980365 0.197193 0
t -0.790951 0.394127 0.468039
bt -0.986432 0.164148 0.00265611
t -0.79106 0.394069 0.467904
bt -0.986398 0.16435 0.00302465
t -0.851509 0.406186 0.33158
bt -0.993864 0.110504 0.0048032
t -0.851505 0.40619 0.331585
bt -0.993855 0.110581 0.00488473
t -0.870979 0.409655 0.271254
bt -0.999965 -0.00589519 0.0059606
t -0.870906 0.409726 0.27138
bt -0.999965 -0.00558612 0.00615839
t -0.878511 0.410956 0.243584
bt -0.955962 -0.293413 0.00670148
t -0.878777 0.41047 0.243445
bt -0.956357 -0.29211 0.00720101
t -0.8808 0.41071 0.235602
bt -0.788684 -0.604643 0.111288
t -0.880546 0.411254 0.235602
bt -0.789733 -0.603201 0.111666
t -0.8808 0.41071 0.235602
bt 0.0452279 -0.992716 -0.111668
t -0.879079 0.409939 0.243251
bt 0.247698 -0.967643 0.0481002
t -0.878946 0.410276 0.24316
bt 0.248409 -0.967473 0.0478348
t -0.8808 0.41071 0.235602
bt 0.0452279 -0.992716 -0.111668
t -0.871968 0.409619 0.268112
bt 0.602497 -0.797784 0.0231684
t -0.87218 0.408881 0.268547
bt 0.602618 -0.797696 0.02307
t -0.856734 0.404337 0.320187
bt 0.714574 -0.699504 0.00879916
t -0.856705 0.40453 0.320019
bt 0.714547 -0.699532 0.00884053
t -0.816709 0.388023 0.427112
bt 0.757802 -0.652478 0.00284383
t -0.816745 0.388262 0.426827
bt 0.757786 -0.652496 0.00288725
t -0.671214 0.321369 0.667977
bt 0.776289 -0.630377 -4.6877e-05
t -0.671524 0.321898 0.667411
bt 0.776247 -0.630429 0.000211345
t -0.369155 0.29495 0.881322
bt 0.781239 -0.624232 0
t -0.370451 0.295985 0.880431
bt 0.781239 -0.624231 -0.00076609
t 0.370211 -0.295794 0.880596
bt 0.781239 -0.624232 0
t 0.595034 -0.224799 0.771622
bt 0.776293 -0.630372 7.22754e-05
t 0.595376 -0.225323 0.771205
bt 0.776346 -0.630307 0.000394848
t 0.370211 -0.295794 0.880596
bt 0.781239 -0.624232 0
t 0.810595 -0.353825 0.466631
bt 0.759274 -0.65077 0.00120935
t 0.810608 -0.35389 0.466558
bt 0.759393 -0.65063 0.00153961
t 0.858615 -0.390488 0.332115
bt 0.723493 -0.690315 0.00473437
t 0.858622 -0.390426 0.332167
bt 0.722886 -0.690957 0.00380017
t 0.873672 -0.403852 0.271294
bt 0.638948 -0.769222 0.00654045
t 0.873688 -0.403767 0.27137
bt 0.639151 -0.769052 0.00670921
t 0.879505 -0.408848 0.243546
bt 0.389442 -0.921028 0.00655413
t 0.879313 -0.40934 0.243413
bt 0.390155 -0.920724 0.00683873
t 0.8808 -0.41071 0.235602
bt 0.0462838 -0.992642 0.111892
t 0.880983 -0.410317 0.235601
bt 0.0362474 -0.993298 0.109755
t 0.0645265 -0.0300933 0.997462
bt -0.422682 -0.906278 -0.000245028
t -8.41858e-09 -2.17105e-07 1
bt -0.422606 -0.906313 -2.63393e-06
t 0.0625519 -0.0286969 0.997629
bt -0.439346 -0.898318 -0.000126421
t 0.0562644 -0.0254804 0.998091
bt -0.454665 -0.890663 -0.000225709
t 0.0459658 -0.0208942 0.998724
bt -0.467795 -0.883837 0.000115323
t 0.0336908 -0.0125696 0.999353
bt -0.477758 -0.878491 -0.000931715
t 0.0310642 -0.0173969 0.999366
bt -0.477723 -0.878511 0.000247308
t 0.0161616 -0.00879785 0.999831
bt -0.48399 -0.875074 0.000292424
t 0.00014384 0.000258556 1
bt -0.486101 -0.873902 0
t -0.0163407 0.0084734 0.999831
bt -0.483993 -0.875072 -0.00012301
t -0.0310642 0.0173969 0.999366
bt -0.477723 -0.878511 -0.000243228
t -0.0336911 0.0125692 0.999353
bt -0.47776 -0.87849 0.000994253
t -0.046322 0.0202207 0.998722
bt -0.467831 -0.883818 0.00069296
t -0.055934 0.0261285 0.998093
bt -0.454601 -0.890695 -0.00091837
t -0.0627244 0.0283505 0.997628
bt -0.439184 -0.898396 -0.00117699
t -0.0645292 0.0300945 0.997462
bt -0.4226 -0.906316 0.000257903
t -0.0622981 0.029233 0.997629
bt -0.40582 -0.913953 0.000854163
t -0.0559715 0.0260435 0.998093
bt -0.390122 -0.920761 0.00177068
t -0.0460756 0.0204897 0.998728
bt -0.376379 -0.926466 0.000107758
t -0.0323106 0.0151127 0.999364
bt -0.36581 -0.93069 -0.000577004
t -0.0164268 0.00854365 0.999829
bt -0.359259 -0.933238 0.000289042
t 9.13679e-05 0.000239139 1
bt -0.357002 -0.934104 0
t 0.0166654 -0.00792462 0.99983
bt -0.359256 -0.933239 -0.000123825
t 0.0322562 -0.0152513 0.999363
bt -0.365824 -0.930684 0.000142546
t 0.046084 -0.0204692 0.998728
bt -0.376344 -0.92648 0.00065321
t 0.056231 -0.0254318 0.998094
bt -0.390018 -0.920807 8.7697e-05
t 0.0622503 -0.0293407 0.997629
bt -0.405715 -0.913999 0.000808095
t -0.41857 0.192107 0.887634
bt -0.288037 -0.95755 -0.0114857
t -0.394478 0.181636 0.900775
bt -0.300092 -0.95389 -0.00627917
t -0.359079 0.170084 0.917679
bt -0.190905 -0.981608 0.000925531
t -0.381914 0.180244 0.906451
bt -0.174462 -0.984658 0.00331456
t -0.418753 0.193224 0.887305
bt -0.540053 -0.841594 -0.00797126
t -0.394921 0.181949 0.900518
bt -0.533727 -0.845648 -0.0039787
t -0.404916 0.188606 0.894691
bt -0.425259 -0.905052 0.00591698
t -0.429101 0.199767 0.880889
bt -0.427722 -0.90385 0.0104491
t -0.324157 0.148052 0.934346
bt -0.716879 -0.697196 -0.000957382
t -0.302389 0.140031 0.942843
bt -0.700005 -0.714137 -0.00113745
t -0.359188 0.168515 0.917925
bt -0.631855 -0.775055 0.00708283
t -0.381012 0.180203 0.906839
bt -0.647147 -0.762282 0.0112115
t -0.131977 0.0527736 0.989847
bt -0.792829 -0.609444 0.000587448
t -0.120169 0.0508215 0.991452
bt -0.774571 -0.632486 0.00146323
t -0.216542 0.105175 0.970591
bt -0.747792 -0.663931 0.00140606
t -0.228601 0.115497 0.966645
bt -0.765874 -0.642987 0.00208919
t 0.116022 -0.0652356 0.991102
bt -0.792904 -0.609345 -0.00158936
t 0.111638 -0.0578892 0.992061
bt -0.774553 -0.632507 -0.001763
t 0.00472327 0.00375219 0.999982
bt -0.782923 -0.622118 -3.1915e-05
t 0.00877088 0.00655005 0.99994
bt -0.801282 -0.598287 0
t 0.31692 -0.155699 0.935585
bt -0.718332 -0.695683 -0.00494431
t 0.299297 -0.143542 0.943301
bt -0.701284 -0.712869 -0.0042726
t 0.22261 -0.0994157 0.969825
bt -0.747541 -0.664215 0.000247396
t 0.240159 -0.105263 0.96501
bt -0.76518 -0.643812 0.00234002
t 0.417995 -0.194098 0.887472
bt -0.547282 -0.836901 -0.00890212
t 0.394428 -0.182386 0.900645
bt -0.538039 -0.842892 -0.00684397
t 0.360613 -0.166419 0.917749
bt -0.628228 -0.77802 0.0039162
t 0.383871 -0.176336 0.906393
bt -0.640438 -0.767965 0.00835183
t 0.418094 -0.19351 0.887554
bt -0.297596 -0.954659 -0.00793957
t 0.394261 -0.182267 0.900742
bt -0.304871 -0.952384 -0.0041971
t 0.404832 -0.188786 0.894691
bt -0.41978 -0.907605 0.00619357
t 0.428967 -0.200055 0.880889
bt -0.417516 -0.908609 0.0105007
t 0.321527 -0.155147 0.934104
bt -0.074589 -0.997203 -0.00475455
t 0.301334 -0.14473 0.942471
bt -0.0970016 -0.995284 -0.00104719
t 0.359823 -0.167417 0.917877
bt -0.188556 -0.982051 0.00482028
t 0.383021 -0.17588 0.906841
bt -0.170104 -0.985406 0.00632254
t 0.125255 -0.067215 0.989845
bt 0.0427512 -0.999086 0.000247271
t 0.116278 -0.0593811 0.99144
bt 0.0132708 -0.999912 0.000706074
t 0.219668 -0.0980955 0.97063
bt -0.0276498 -0.999615 0.00245455
t 0.235324 -0.10054 0.966703
bt -0.000312334 -0.999998 0.00209812
t -0.124543 0.0469385 0.991103
bt 0.042804 -0.999082 -0.00149842
t -0.116205 0.0484914 0.992041
bt 0.0134303 -0.999908 -0.00207629
t -0.000162514 0.00604225 0.999982
bt 0.0267015 -0.999643 -5.92691e-05
t -0.000621136 0.0109437 0.99994
bt 0.0566995 -0.998391 0
t -0.32269 0.145151 0.935309
bt -0.0712498 -0.997448 -0.00467435
t -0.302061 0.139271 0.943061
bt -0.0948103 -0.99548 -0.0055562
t -0.219361 0.106607 0.969802
bt -0.0283258 -0.999599 0.000486533
t -0.235015 0.116131 0.965029
bt -0.00136851 -0.999995 0.00266155
t 0.794196 -0.305114 0.525508
bt -0.220378 -0.966119 -0.134341
t 0.796826 -0.295289 0.527135
bt -0.060634 -0.997739 -0.0289913
t 0.682751 -0.426942 0.592935
bt -0.796768 -0.577993 0.17631
t 0.657601 -0.451165 0.603334
bt -0.863403 -0.497003 0.0867392
t -0.66001 0.448905 0.602388
bt -0.863771 -0.496462 -0.0861677
t -0.681511 0.428171 0.593475
bt -0.795282 -0.579499 -0.178066

