g sponza_156
t -0.996664 -0.0717876 -0.0388243
bt -0.0387973 0.40736 -0.912443
t -0.972297 -0.20541 -0.111558
bt 0.15892 0.387199 -0.908197
t -0.937894 -0.33505 -0.0899792
bt -0.0827196 0.216537 -0.972764
t -0.912423 -0.408187 0.0294526
bt 0.0316184 -0.0750336 -0.99668
t -0.92377 -0.382669 0.0146033
bt 0 0 -1
t -0.923865 -0.382708 -0.00273126
bt 0 0 -1
t -0.912347 -0.408836 -0.0218247
bt -0.0334198 0.0742226 -0.996682
t -0.507207 0.0261099 -0.861429
bt -0.0826629 0.216558 -0.972764
t -0.432129 -0.179008 -0.883867
bt 0 0 -1
t -0.400226 -0.258941 -0.879073
bt 0.0334198 -0.0742226 -0.996682
t -0.9378 -0.332438 0.100081
bt 0.132621 -0.197132 -0.971365
t -0.972764 -0.216531 0.082733
bt 0.244344 -0.290781 -0.925063
t -0.996677 0.0730441 -0.0360365
bt -0.0410032 -0.407159 -0.912436
t -1 0 0
bt -0.0299714 -0.382538 -0.923454
t -1 0 0
bt 0.29667 -0.36548 -0.882276
t -0.996682 -0.0742226 0.0334198
bt 0.00634987 -0.410079 -0.912028
t -0.996682 0.0742226 -0.0334198
bt 0.705813 -0.342437 -0.620133
t -0.972292 0.205346 -0.111722
bt 0.0568701 -0.368661 -0.927823
t -0.913915 0.38308 0.134196
bt -0.279973 -0.135538 -0.950392
t -0.909191 0.413643 -0.047666
bt 0.0858814 0.0504532 -0.995027
t -0.921774 0.381819 0.0674331
bt -0.000106984 4.43126e-05 -1
t -0.923877 0.38269 -0.000630743
bt 0 0 -1
t -0.90764 0.414567 0.0657531
bt -0.126206 -0.0319798 -0.991488
t -0.472464 -0.0441702 -0.880243
bt -0.0826629 -0.216558 -0.972764
t -0.394445 0.163398 -0.904276
bt 0 0 -1
t -0.361514 0.243389 -0.900038
bt 0.0334198 0.0742226 -0.996682
t -0.899757 0.392236 -0.191281
bt 0.340515 0.108244 -0.933987
t -0.972764 0.216522 0.0827572
bt 0.117074 0.327955 -0.937411
t -0.972764 0.216558 0.0826629
bt -0.960516 0.270244 -0.0661676
t -1 -7.4358e-05 0.000179502
bt 0.0833799 0.381377 -0.920652
t -1 0 0
bt -0.98865 0.0574962 -0.138797
t -0.996682 -0.0742226 -0.0334198
bt -0.985705 -0.0126407 -0.168007
t -0.996682 0.0742226 0.0334198
bt 0.155776 0.393914 -0.905851
t -0.912445 -0.407415 -0.0381836
bt 0.0310402 -0.0752937 0.996678
t -0.93788 -0.337856 -0.0789592
bt -0.182087 -0.307702 0.933897
t -0.972764 -0.216533 -0.0827288
bt 0.0798697 -0.337626 0.937886
t -0.996681 0.074801 0.032135
bt -0.039815 -0.407267 0.912441
t -1 0 0
bt -0.00637351 -0.382702 0.92385
t -1 0 0
bt -0.119835 -0.379952 0.917211
t -0.996682 -0.0742226 -0.0334198
bt 0.0301009 -0.408131 0.912427
t -0.972764 -0.216558 -0.0826629
bt 0.911404 0.078249 0.404006
t -1 0 0
bt 0.937516 -0.13316 0.321452
t -0.996682 0.0742226 0.0334198
bt 0.933979 -0.212877 0.286997
t -0.972464 0.207632 0.105847
bt -0.222296 -0.297687 0.928422
t -0.904271 0.389675 -0.174488
bt -0.279868 -0.135584 0.950416
t -0.911031 0.411901 0.0189645
bt 0.0928967 0.0472521 0.994554
t -0.920231 0.38118 -0.0887467
bt 0.000181368 -7.51224e-05 1
t -0.91946 0.380861 0.0976607
bt 0 0 1
t -0.902866 0.416184 -0.107813
bt -0.114065 -0.0375605 0.992763
t -0.220174 -0.161331 0.962027
bt -0.0826629 -0.216558 0.972764
t -0.13352 0.05531 0.989502
bt 0 0 1
t -0.0981308 0.132525 0.98631
bt 0.0334198 0.0742226 0.996682
t -0.896664 0.39384 0.202197
bt 0.310967 0.121718 0.942594
t -0.972764 0.216533 -0.0827287
bt 0.0607718 0.342385 0.937592
t -0.996681 -0.0748027 0.0321313
bt -0.013048 0.409553 0.912193
t -1 0 0
bt -0.169573 0.377167 0.910489
t -1 0 0
bt 0.0989567 0.380831 0.919334
t -0.996682 0.0742226 -0.0334198
bt -0.135386 0.416837 0.898842
t -0.972764 0.216558 -0.0826629
bt -0.968457 0.249121 0.00552493
t -1 0 0
bt -0.995968 0.034334 0.0828829
t -0.996682 -0.0742226 0.0334198
bt -0.992766 -0.0375728 0.114038
t -0.972452 -0.207455 0.106303
bt -0.222402 0.297654 0.928407
t -0.93776 -0.340399 0.0688079
bt -0.0821779 0.216743 0.972764
t -0.549082 0.00357907 0.835761
bt -0.0826629 0.216558 0.972764
t -0.92319 -0.382428 -0.0383347
bt 0 0 1
t -0.478115 -0.198058 0.855675
bt 0 0 1
t -0.447674 -0.277699 0.849983
bt 0.0334198 -0.0742226 0.996682
t -0.911649 -0.410937 -0.00514026
bt -0.0334198 0.0742226 0.996682
t -0.0999319 0.928267 -0.358238
bt 0.982226 -0.0221561 -0.186387
t 0 1 0
bt 0.980783 0.000812159 -0.195099
t 0 1 0
bt 0.999999 0.00154719 0
t 0 1 0
bt 1 0.000928314 0
t 0.356627 0.928032 -0.10758
bt 0.191771 -0.00826811 0.981405
t 0 1 0
bt 0.195101 0.000559956 0.980783
t 0 1 0
bt 0 0.0026204 0.999997
t 0 1 0
bt 0 0.00157224 0.999999
t 0.153891 0.926826 -0.342509
bt 0.831365 -0.000473451 0.555727
t -0.263529 0.926375 0.269039
bt 0.828464 0.0131592 0.559888
t -0.344265 0.92663 0.151122
bt 0.555569 3.34445e-06 0.831471
t 0.280388 0.927474 -0.247335
bt 0.560064 0.0137052 0.828336
t -0.263513 0.926376 -0.26905
bt 0.828205 0.0142622 -0.560244
t -0.333086 0.927695 -0.168627
bt 0.560242 -0.0142569 -0.828206
t 0.285134 0.92783 0.24048
bt 0.555416 -0.000463434 -0.831573
t 0.153871 0.926824 0.342521
bt 0.831569 0.000447058 -0.555421
t 0.34924 0.92602 0.143244
bt -0.560238 -0.0142423 0.828209
t -0.275738 0.927068 -0.253995
bt -0.555412 -0.00047557 0.831575
t -0.174884 0.927981 -0.329038
bt -0.831572 0.000460293 0.555417
t 0.247309 0.927475 0.280406
bt -0.828336 0.0137048 0.560064
t 0 1 0
bt 0.980783 -0.00146558 0.195097
t -0.106411 0.928073 0.356871
bt 0.980778 1.1022e-05 0.195126
t 0.0440752 0.928248 -0.369343
bt 0.980752 -0.000347571 0.195258
t 0.0443798 0.928256 0.369285
bt 0.980778 -1.10282e-05 -0.195126
t 0.369307 0.928253 0.0442616
bt -0.195163 -0.000104425 0.980771
t 0 1 0
bt -0.195097 -0.0012238 0.980783
t -0.366619 0.928539 0.0583676
bt 0.195023 -1.28312e-05 0.980799
t -0.362211 0.928601 -0.0806466
bt 0.195156 -8.55291e-05 -0.980772
t 0 1 0
bt 0.195097 -0.00120177 -0.980783
t 0.355353 0.927815 0.113507
bt 0.195112 -2.47944e-05 -0.980781
t 0 1 0
bt -0.980784 0.00013392 0.195097
t 0.0931364 0.928425 0.359655
bt -0.980754 0.000314593 0.195245
t 0.904461 0.415783 0.0952571
bt -0.141106 0.0251087 0.989676
t 0.922142 0.381949 0.0613878
bt 0 0 1
t 0.382474 0.923355 0.0335961
bt 0 0 1
t 0.0944445 0.415755 -0.90456
bt 0.989669 0.0250835 0.14116
t 0.0641034 0.381884 -0.921984
bt 1 0 0
t 0.0340259 0.923342 -0.382469
bt 1 0 0
t 0.0956722 0.415798 0.904411
bt 0.989669 0.0250835 -0.14116
t 0.0607813 0.381963 0.922177
bt 1 0 0
t 0.0321645 0.923399 0.382492
bt 1 0 0
t -0.911031 0.411901 0.0189645
bt 0.0928967 0.0472521 0.994554
t -0.91946 0.380861 0.0976607
bt 0 0 1
t -0.381978 0.922157 0.0609935
bt 0 0 1
t -0.504851 0.417224 -0.755678
bt 0.799572 0.025104 -0.600045
t -0.899757 0.392236 -0.191281
bt 0.340515 0.108244 -0.933987
t 0.779735 0.416806 -0.467211
bt 0.599972 0.0250619 0.799628
t 0.504941 0.417224 -0.755618
bt 0.788559 -0.0332625 0.614059
t 0.467095 0.416804 0.779806
bt -0.841222 -0.00820014 0.540628
t 0.755567 0.417224 0.505017
bt -0.577565 -0.0122681 0.816253
t 0.779737 0.416806 0.467207
bt 0.646385 0.0525808 -0.761197
t 0.504851 0.417224 0.755678
bt 0.799591 -0.0250897 -0.60002
t -0.504941 0.417224 0.755618
bt 0.8294 0.00169587 0.558653
t -0.896664 0.39384 0.202197
bt 0.310967 0.121718 0.942594
t -0.904271 0.389675 -0.174488
bt -0.279868 -0.135584 0.950416
t -0.461986 0.416684 -0.782907
bt -0.762003 -0.0520296 0.64548
t -0.0785303 0.415141 -0.906362
bt 0.977014 0.00839903 -0.213007
t -0.2366 0.416453 -0.877831
bt -0.968347 -0.0250863 0.248344
t -0.108458 0.928006 -0.356428
bt -0.979605 -0.0136899 0.200464
t -0.909191 0.413643 -0.047666
bt 0.0858814 0.0504532 -0.995027
t 0.891369 0.417224 -0.177159
bt 0.280832 0.0405609 0.9589
t 0.213866 0.416932 0.883419
bt -0.977038 0.00835017 0.212903
t 0.873358 0.415947 0.253443
bt 0.218261 0.0108709 -0.97583
t -0.109595 0.416241 0.902625
bt 0.958908 0.0405479 0.280805
t -0.338285 0.922144 -0.187653
bt -0.200459 0.0136773 0.979607
t -0.902866 0.416184 -0.107813
bt -0.114065 -0.0375605 0.992763
t 0.0931364 0.928425 0.359655
bt -0.980754 0.000314593 0.195245
t 0 1 0
bt -0.980784 0.00013392 0.195097
t 0 1 0
bt -0.999999 0.00150409 0
t 0 1 0
bt -1 0.000902452 0
t -0.356619 0.928033 0.107598
bt -0.191731 -0.00863429 -0.981409
t 0 1 0
bt -0.195101 0.000367793 -0.980783
t 0 1 0
bt 0 0.00172115 -0.999999
t 0 1 0
bt 0 0.00103269 -0.999999
t -0.153899 0.926826 0.342503
bt -0.831368 -0.000460288 -0.555723
t 0.263562 0.926372 -0.269016
bt -0.828465 0.0131534 -0.559886
t 0.344269 0.92663 -0.151116
bt -0.555568 4.98305e-06 -0.831471
t -0.280405 0.927475 0.247311
bt -0.560062 0.013699 -0.828337
t 0 1 0
bt -0.980783 -0.00125472 -0.195097
t 0.106774 0.928061 -0.356794
bt -0.98078 -1.42979e-05 -0.195116
t -0.0444204 0.928257 0.369278
bt -0.980768 -0.0001413 -0.195177
t 0.366601 0.92854 -0.058452
bt -0.195116 1.42967e-05 -0.98078
t -0.909191 0.413643 -0.047666
bt 0.0858814 0.0504532 -0.995027
t -0.923877 0.38269 -0.000630743
bt 0 0 -1
t -0.382493 0.923399 -0.0321367
bt 0 0 -1
t -0.362211 0.928601 -0.0806466
bt 0.195156 -8.55291e-05 -0.980772
t -0.0958246 0.415803 0.904392
bt -0.989674 0.0251013 -0.141122
t -0.0626344 0.38192 0.922071
bt -1 0 0
t -0.0332622 0.923365 0.382479
bt -1 0 0
t -0.2366 0.416453 -0.877831
bt -0.968347 -0.0250863 0.248344
t -0.0608117 0.381963 -0.922175
bt -1 0 0
t -0.0327552 0.923381 -0.382485
bt -1 0 0
t -0.108458 0.928006 -0.356428
bt -0.979605 -0.0136899 0.200464
t 0.898582 0.416874 -0.136993
bt -0.141122 0.0251013 -0.989674
t 0.914177 0.37865 -0.14458
bt 0 0 -1
t 0.381999 0.922208 -0.0600701
bt 0 0 -1
t -0.913915 0.38308 0.134196
bt -0.279973 -0.135538 -0.950392
t -0.504986 0.417224 0.755588
bt -0.788517 -0.0332931 -0.614111
t 0.504986 0.417224 -0.755588
bt -0.829482 0.00162883 -0.558532
t 0.782001 0.416721 -0.463485
bt -0.599996 -0.0250754 -0.79961
t -0.90764 0.414567 0.0657531
bt -0.126206 -0.0319798 -0.991488
t 0.110292 0.416261 -0.902531
bt -0.958894 0.0405701 -0.280851
t 0 1 0
bt 1 0 0
t 0 1 0
bt 0 0 1
t -0.382697 0.923874 -0.000714063
bt 0 0 1
t 0 1 0
bt -1 0 0
t 0 1 0
bt 0.195097 -0.00120177 -0.980783
t 0 1 0
bt 0 0 -1
t 0.355353 0.927815 0.113507
bt 0.195112 -2.47944e-05 -0.980781
t 0.00791787 0.923845 -0.382685
bt 1 0 0
t 0.00092602 1 0
bt 1 0 0
t -0.0187482 0.382604 -0.923722
bt 1 6.15418e-05 -0.000148581
t -0.0243639 0.382557 0.92361
bt 1 0 0
t 0.00887517 0.92384 0.382675
bt 1 0 0
t 0 1 0
bt 1 0 0
t -0.00227628 0.999997 0
bt 1 0 0
t 0.362658 0.840709 -0.402104
bt 0.822356 0.168164 -0.543555
t 0.341867 0.627535 -0.69952
bt 0.439102 0 -0.898437
t 0.193155 0.598007 -0.777868
bt 0.241006 0 -0.970524
t 0 1 0
bt 0.999999 -0.00132178 0
t 0 1 0
bt 0 -0.00050759 1
t 0.913915 0.378542 -0.146512
bt 0.00028218 0.000116878 1
t 0.382688 0.923871 -0.00350749
bt 0 0 1
t -0.920231 0.38118 -0.0887467
bt 0.000181368 -7.51224e-05 1
t 0.251604 0.967829 -0.00139808
bt 0 0 1
t 0.267525 0.919952 0.286563
bt 0.459462 0.131225 0.87845
t 0.432518 0.879979 0.196379
bt 0.910582 0 0.413329
t 0.668197 0.721996 0.17954
bt 0.96574 0 0.259511
t -0.251605 0.96783 8.39074e-05
bt 0 0 1
t 0 1 0
bt 0 0 1
t 0 1 0
bt -1 -0.000611206 0
t 0.0189196 0.382603 0.923719
bt -1 0.000124344 0.000300203
t -0.0168672 0.923745 0.382636
bt -1 0 0
t 0.0123827 0.923806 -0.382661
bt -1 0 0
t 0.0626652 0.381919 -0.922069
bt -1 0 0
t 0.000431638 1 0
bt -1 0 0
t -0.285447 0.916483 0.28032
bt -0.874626 0.137383 0.464925
t -0.209941 0.87953 0.427027
bt -0.441211 0 0.897403
t -0.192343 0.717663 0.669301
bt -0.2762 0 0.9611
t 0.000111019 1 0
bt -1 0 0
t 0.213866 0.416932 0.883419
bt -0.977038 0.00835017 0.212903
t 0 1 0
bt -1 0 0
t 0 1 0
bt 0 -0.000433357 -1
t -0.921774 0.381819 0.0674331
bt -0.000106984 4.43126e-05 -1
t -0.382685 0.923863 0.00550191
bt 0 0 -1
t 0.382551 0.92354 0.0269846
bt 0 0 -1
t 0.914348 0.378721 0.143309
bt -0.000244491 -0.000101267 -1
t 0.873358 0.415947 0.253443
bt 0.218261 0.0108709 -0.97583
t 0 0.999999 -0.00106844
bt 0 0 -1
t -0.364499 0.868111 -0.336933
bt -0.5195 0.160126 -0.839333
t -0.665513 0.667468 -0.334035
bt -0.893732 0 -0.448602
t -0.743732 0.638295 -0.198598
bt -0.966142 0 -0.258011
t 0 0.999999 -0.00142413
bt 0 0 -1
t 0 1 0
bt 0 0 -1
t 0 1 0
bt 0.323852 0 0.946108
t 0.141062 0.592504 0.793121
bt 0.175091 0 0.984552
t -0.0672799 0.991774 0.108889
bt 0.853379 -0.0781918 0.515394
t 0 1 0
bt -0.839314 0 0.543647
t -0.638244 0.73227 0.237538
bt -0.937198 0 0.348799
t -0.145571 0.986677 -0.0726537
bt -0.433289 -0.0798551 0.897711
t 0 1 0
bt -0.479898 0 -0.877324
t -0.209618 0.720535 -0.660976
bt -0.302304 0 -0.953212
t 0.0648851 0.989664 -0.127886
bt -0.894126 -0.0718169 -0.44202
t 0 1 0
bt 0.934863 0 -0.355009
t 0.758218 0.633088 -0.155898
bt 0.979509 0 -0.201402
t 0.110743 0.991749 0.0645816
bt 0.494091 -0.0739378 -0.866261
t -0.780478 0.625183 0
bt 0 0 -1
t -0.780478 0.625183 0
bt -1.04526e-06 8.37359e-07 -1
t -0.780478 0.625183 0
bt 0 0 -1
t -0.780478 0.625183 0
bt 0 0 -1
t 0.142956 0.986226 -0.0832008
bt -0.48703 0.0945036 -0.868257
t 0.743723 0.638307 0.198595
bt -0.966142 0 -0.258011
t 0 1 0
bt -0.893674 0 -0.448717
t 0.780478 0.625183 0
bt 0 0 -1
t 0.780478 0.625183 0
bt -1.04733e-06 -8.39014e-07 -1
t 0.780478 0.625183 0
bt 0 0 -1
t 0.780478 0.625183 0
bt 0 0 -1
t -0.110743 0.991749 -0.0645816
bt 0.494091 0.0739378 -0.866261
t -0.758228 0.633076 0.1559
bt 0.979509 0 -0.201402
t 0 0.703699 0.710499
bt -1 0 0
t 0 0.703699 0.710499
bt -1 0 0
t 0 0.703699 0.710499
bt -1 0 0
t 0 0.703699 0.710499
bt -1 0 0
t -0.0591064 0.991461 -0.11624
bt -0.893323 0.0655986 0.444602
t 0.19234 0.717674 -0.669291
bt -0.2762 0 0.9611
t 0 0.703699 -0.710499
bt -1 0 0
t 0 0.703699 -0.710499
bt -1 0 0
t 0 0.703699 -0.710499
bt -1 0 0
t 0 0.703699 -0.710499
bt -1 0 0
t -0.0648851 0.989664 0.127886
bt -0.894126 0.0718169 -0.44202
t 0.209621 0.720525 0.660986
bt -0.302304 0 -0.953212
t 0 1 0
bt 0 0 1
t 0 1 0
bt 0 0 1
t 0.251617 0.967827 -0.000101505
bt 0 0 1
t -0.106308 0.992894 0.0534778
bt 0.442243 0.0593314 0.894931
t -0.668186 0.722007 -0.179537
bt 0.96574 0 0.259511
t -0.251617 0.967826 0.00138235
bt 0 0 1
t 0.145571 0.986676 0.0726538
bt -0.433289 0.0798551 0.897711
t 0.638255 0.73226 -0.237542
bt -0.937198 0 0.348799
t 0 0.586523 -0.809932
bt 1 0 0
t 0 0.586523 -0.809932
bt 1 0 0
t 0 0.586523 -0.809932
bt 1 0 0
t 0 0.586523 -0.809932
bt 1 0 0
t 0.0932121 0.98414 0.150931
bt 0.855935 0.107176 -0.505854
t -0.193152 0.598019 0.777859
bt 0.241006 0 -0.970524
t 0 1 0
bt 0.439241 0 -0.898369
t 0 0.586523 0.809932
bt 1 0 0
t 0 0.586523 0.809932
bt 1 0 0
t 0 0.586523 0.809932
bt 1 0 0
t 0 0.586523 0.809932
bt 1 0 0
t 0.0672799 0.991774 -0.108889
bt 0.853379 0.0781918 0.515394
t -0.141063 0.592492 -0.79313
bt 0.175091 0 0.984552
t 0 1 0
bt 1 -0.000769522 0
t -0.00187945 0.999998 0
bt 1 0 0
t 0.00225411 0.999997 0
bt 1 0 0
t 0 1 0
bt 0 -0.000295508 1
t -0.000849829 1 0
bt -1 0 0
t -0.000105185 1 0
bt -1 0 0
t 0 1 0
bt -1 -0.000355831 0
t 0 0.999998 0.00207275
bt 0 0 -1
t 0 0.999999 0.00140493
bt 0 0 -1
t 0 1 0
bt 0 -0.000252291 -1

