g sponza_221
t 0.319192 -0.94769 0
bt -0.939595 -0.342288 0
t 0.339065 -0.940763 0
bt -0.942044 -0.33549 0
t 0.32506 -0.945694 0
bt -0.940291 -0.340373 0
t 0.319192 -0.94769 0
bt -0.939595 -0.342288 0
t 0.3396 -0.94057 0
bt -0.941419 -0.337239 0
t 0.337973 -0.941156 0
bt -0.9419 -0.335893 0
t 0.337861 -0.941196 0
bt -0.941575 -0.336803 0
t 0.337969 -0.941157 0
bt -0.941746 -0.336325 0
t 0.331858 -0.943329 0
bt -0.942291 -0.334794 0
t 0.331858 -0.943329 0
bt -0.942291 -0.334794 0
t 0.333889 -0.942612 0
bt -0.941559 -0.336849 0
t 0.33361 -0.942711 0
bt -0.941794 -0.336191 0
t 0.335727 -0.941959 0
bt -0.941002 -0.3384 0
t 0.335727 -0.941959 0
bt -0.941002 -0.3384 0
t -0.000710823 0.0149808 -0.999887
bt 0.0473876 -0.998703 -0.0186144
t -0.00838115 0.016394 -0.99983
bt 0.455156 -0.89031 -0.0134329
t -0.0074388 0.0145507 -0.999866
bt 0.455121 -0.890243 -0.0182358
t -0.000710823 0.0149808 -0.999887
bt 0.0473876 -0.998703 -0.0186144
t -0.0129017 0.0150074 -0.999804
bt 0.651863 -0.758257 -0.0109889
t -0.0129017 0.0150074 -0.999804
bt 0.651863 -0.758257 -0.0109889
t 0.00956716 -0.0150341 -0.999841
bt -0.536821 0.843576 -0.0142443
t 0.0106724 -0.016771 -0.999802
bt -0.536821 0.843576 -0.0142448
t 0.0125772 -0.010887 -0.999862
bt -0.756001 0.654407 -0.0146402
t 0.0125774 -0.0108872 -0.999862
bt -0.756001 0.654407 -0.0146404
t 0.0132393 0.0105095 -0.999857
bt -0.783169 -0.621686 -0.0123399
t 0.00617162 0.0156424 -0.999859
bt -0.366982 -0.930147 -0.0122756
t 0.00617209 0.0156436 -0.999859
bt -0.366982 -0.930147 -0.0122754
t 0.0132393 0.0105095 -0.999857
bt -0.783169 -0.621686 -0.0123399
t 0.00787222 0.0149796 -0.999857
bt -0.465155 -0.885114 -0.0143267
t 0.00887175 0.0168815 -0.999818
bt -0.465155 -0.885114 -0.0143267
t 0.00787222 0.0149796 -0.999857
bt -0.465155 -0.885114 -0.0143267
t 0.00787222 0.0149796 -0.999857
bt -0.465155 -0.885114 -0.0143267
t 0.0168766 -0.00941324 -0.999813
bt -0.873275 0.487086 -0.0117831
t 0.0149344 -0.00832996 -0.999854
bt -0.873275 0.487086 -0.0117829
t 0.0168766 -0.00941324 -0.999813
bt -0.873275 0.487086 -0.0117831
t 0.0168766 -0.00941324 -0.999813
bt -0.873275 0.487086 -0.0117831
t -0.987743 0.156092 0
bt -0.148871 -0.988857 0
t -0.987735 0.156137 0
bt -0.176608 -0.984281 0
t -0.987779 0.155864 0
bt -0.149537 -0.988756 0
t -0.987784 0.15583 0
bt -0.152151 -0.988357 0
t -0.987877 0.155238 0
bt -0.156457 -0.987685 0
t -0.987745 0.156079 0
bt -0.155585 -0.987822 0
t -0.987935 0.154872 0
bt -0.157946 -0.987448 0
t -0.987876 0.155247 0
bt -0.156763 -0.987636 0
t -0.987746 0.156069 0
bt -0.152754 -0.988264 0
t -0.987746 0.156069 0
bt -0.152754 -0.988264 0
t -0.98772 0.156236 0
bt -0.15474 -0.987955 0
t -0.987789 0.155796 0
bt -0.154127 -0.988051 0
t -0.987677 0.156507 0
bt -0.154293 -0.988025 0
t -0.98751 0.157554 0
bt -0.156577 -0.987666 0
t 0.0159547 -0.00342521 -0.999867
bt -0.977565 0.209868 -0.0179275
t 0.0148583 -0.00318985 -0.999885
bt -0.97766 0.209888 -0.0112694
t 0.0166078 0.003214 -0.999857
bt -0.981597 -0.189963 -0.0195403
t 0.0159976 0.00309592 -0.999867
bt -0.981635 -0.18997 -0.0174325

