g sponza_34
t -1 -0.000432021 0
bt 0 -1 0
t -1 -0.000196789 0
bt 1.41652e-05 -1 0
t -1 -0.000112811 0
bt 3.74201e-05 -1 0
t -1 0.000108767 0
bt 4.21783e-05 -1 0
t -1 1.75421e-05 0
bt 6.22082e-05 -1 0
t -1 -0.000124079 0
bt 0 -1 0
t -1 0 0
bt 7.3736e-05 -1 0
t -1 5.97696e-05 0
bt 1.42109e-07 -1 0
t -1 -4.11457e-06 0
bt 1.19642e-05 -1 0
t -1 -1.92013e-05 0
bt 5.48804e-06 -1 0
t -1 7.89709e-05 0
bt 0 -1 0
t -1 -0.000100795 0
bt -2.7341e-05 -1 0
t -1 2.81235e-05 0
bt -2.50154e-05 -1 0
t -1 -6.06448e-05 0
bt -1.55617e-05 -1 0
t -1 0.000146582 0
bt -3.16368e-05 -1 0
t -1 0 0
bt 2.37945e-05 -1 0
t -1 7.50092e-05 0
bt 0 -1 0
t -1 -5.97696e-05 0
bt -1.44741e-07 -1 0
t -1 1.92014e-05 0
bt 2.2356e-05 -1 0
t -1 0.000390138 0
bt -5.39949e-05 -1 0
t -1 -3.85558e-05 0
bt -1.1193e-06 -1 0
t -1 2.50715e-05 0
bt 2.16751e-05 -1 0
t -1 -0.000201628 0
bt 0 -1 0
t -1 0 0
bt -8.14997e-05 -1 0
t -1 6.01705e-05 0
bt -0.000103504 -1 0
t -1 8.30865e-06 0
bt -4.96635e-05 -1 0
t -1 3.94369e-06 0
bt 1.93385e-05 -1 0
t -1 -7.11801e-05 0
bt 0 -1 0
t -1 0.000237228 0
bt -8.27267e-06 -1 0
t -1 -0.000172002 0
bt -2.06498e-05 -1 0
t -1 -0.000101529 0
bt 0 -1 0
t -1 0 0
bt -2.67849e-05 -1 0
t -1 6.86943e-05 0
bt -6.64327e-06 -1 0
t -1 -1.14504e-05 0
bt 2.28947e-06 -1 0
t -1 -2.95859e-05 0
bt 3.05086e-05 -1 0
t -1 -0.000132802 0
bt 0 -1 0
t -1 -8.07934e-05 0
bt 2.73421e-05 -1 0
t -1 -1.17503e-05 0
bt -3.37133e-06 -1 0
t -1 0.000165435 0
bt 0 -1 0
t -1 0 0
bt 0.00164099 -0.999999 0
t -1 -8.78993e-06 0
bt 0.00738024 -0.999973 0
t -0.999986 -0.00532197 0
bt 0.00553888 -0.999985 0
t -0.999899 -0.0141832 0
bt 0.00404668 -0.999992 0
t -0.999774 -0.0212606 0
bt 1.4712e-05 -1 0
t 0 -0.000530287 1
bt 0 -1 0
t 0 -9.92581e-05 1
bt 0 -0.999939 -0.0110705
t 0 -0.000171782 1
bt 0 -0.999982 -0.0060467
t 0 6.37125e-08 1
bt 0 -1 -5.28029e-06
t 0 1.38987e-05 1
bt 0 -1 7.80153e-05
t 0 -1.53715e-05 1
bt 0 -1 0
t 0 0 1
bt 0 -0.999985 -0.00541911
t 0 6.35178e-06 1
bt 0 -0.999841 -0.0178225
t 0 -0.000458648 1
bt 0 -1 -2.29959e-05
t 0 0.000194446 1
bt 0 -0.9998 -0.0200157
t 0 -0.00044339 1
bt 0 -1 0
t 1 0.000432021 0
bt 0 -1 0
t 1 0.000112811 0
bt -3.31993e-05 -1 0
t 1 0.000196789 0
bt -1.25517e-05 -1 0
t 1 -0.000108767 0
bt -5.86583e-05 -1 0
t 1 -1.75421e-05 0
bt -6.58337e-05 -1 0
t 1 0 0
bt -3.38955e-05 -1 0
t 1 0.000124167 0
bt 0 -1 0
t 1 -5.97696e-05 0
bt 4.44749e-07 -1 0
t 1 1.92013e-05 0
bt 6.00357e-06 -1 0
t 1 4.11457e-06 0
bt -2.83737e-05 -1 0
t 1 -7.89709e-05 0
bt 0 -1 0
t 1 0.000100795 0
bt 8.31064e-05 -1 0
t 1 6.06448e-05 0
bt 8.56001e-05 -1 0
t 1 -2.81235e-05 0
bt 5.64996e-05 -1 0
t 1 -0.000146582 0
bt 6.73616e-05 -1 0
t 1 -7.49204e-05 0
bt 0 -1 0
t 1 0 0
bt 1.82895e-05 -1 0
t 1 5.97696e-05 0
bt -8.15532e-05 -1 0
t 1 -1.92014e-05 0
bt -0.000112986 -1 0
t 1 -0.000390138 0
bt 6.07567e-05 -1 0
t 1 3.85558e-05 0
bt 5.03817e-05 -1 0
t 1 9.55578e-05 0
bt 3.48795e-05 -1 0
t 1 0.000201628 0
bt 0 -1 0
t 1 0.000201628 0
bt 0 -1 0
t 1 -8.30865e-06 0
bt 4.90469e-05 -1 0
t 1 -0.000139431 0
bt 5.38573e-05 -1 0
t 1 -3.94369e-06 0
bt 0.000107715 -1 0
t 1 7.11801e-05 0
bt 0 -1 0
t 1 -0.000237228 0
bt 3.22859e-05 -1 0
t 1 0.00025313 0
bt 6.45717e-05 -1 0
t 1 0.000101529 0
bt 0 -1 0
t 1 0.000101529 0
bt 0 -1 0
t 1 1.14504e-05 0
bt -5.75627e-05 -1 0
t 1 -0.00019015 0
bt -3.50882e-05 -1 0
t 1 2.95859e-05 0
bt -3.50882e-05 -1 0
t 1 0.000132802 0
bt 0 -1 0
t 1 8.07934e-05 0
bt -4.47747e-05 -1 0
t 1 3.41178e-05 0
bt -4.47747e-05 -1 0
t 1 -0.000165435 0
bt 0 -1 0
t 1 -0.000165435 0
bt 0 -1 0
t 0.99998 0.0062538 0
bt 0.00521758 -0.999986 0
t 1 -0.000366815 0
bt 0.00398934 -0.999992 0
t 0.999861 0.0166682 0
bt 0.00348163 -0.999994 0
t 0.999688 0.0249874 0
bt -0.000761555 -1 0
t 0 0.000418926 1
bt 0 -1 0
t 0 8.44636e-05 1
bt 0 -0.999973 0.00729315
t 0 4.68938e-05 1
bt 0 -0.999905 0.0138052
t 0 1.52897e-05 1
bt 0 -1 0
t 0 -1.37371e-05 1
bt 0 -1 5.60114e-05
t 0 0 1
bt 0 -0.999977 0.00683165
t 0 -6.30727e-06 1
bt 0 -0.999746 0.0225458
t 0 0.000458844 1
bt 0 -1 -1.64551e-06
t 0 -0.000207435 1
bt 0 -0.999686 0.025059
t 1 -0.00043203 0
bt 0 -1 0
t 1 -0.000123875 0
bt -6.51677e-06 -1 0
t 1 -0.000216268 0
bt -2.01465e-05 -1 0
t 1 9.13695e-05 0
bt 6.75035e-05 -1 0
t 1 1.96178e-05 0
bt 5.31102e-05 -1 0
t 1 0 0
bt -7.39346e-05 -1 0
t 1 -0.000124168 0
bt 0 -1 0
t 1 5.97702e-05 0
bt 0 -1 0
t 1 -1.92014e-05 0
bt -4.8551e-06 -1 0
t 1 1.15734e-05 0
bt -1.08823e-05 -1 0
t 1 0.000114174 0
bt 0 -1 0
t 1 -9.17621e-05 0
bt 1.34118e-05 -1 0
t 1 -6.06449e-05 0
bt 1.52004e-05 -1 0
t 1 5.68141e-05 0
bt 1.6247e-05 -1 0
t 1 0.000232316 0
bt -3.26548e-05 -1 0
t 1 7.49207e-05 0
bt 0 -1 0
t 1 0 0
bt -2.38833e-05 -1 0
t 1 -2.1762e-05 0
bt 4.25876e-06 -1 0
t 1 2.2007e-05 0
bt -1.84076e-05 -1 0
t 1 0.000524726 0
bt -4.04119e-05 -1 0
t 1 -3.81935e-05 0
bt 7.66683e-05 -1 0
t 1 -9.44486e-05 0
bt 6.1359e-05 -1 0
t 1 -0.000201629 0
bt 0 -1 0
t 1 -0.000201629 0
bt 0 -1 0
t 1 3.91739e-05 0
bt 4.856e-05 -1 0
t 1 0.00013943 0
bt -9.66925e-06 -1 0
t 1 2.41196e-05 0
bt -1.7759e-05 -1 0
t 1 2.10144e-05 0
bt -1.58179e-06 -1 0
t 1 0.000340914 0
bt -1.35543e-06 -1 0
t 1 -0.00025313 0
bt 1.62522e-05 -1 0
t 1 -0.00010153 0
bt 0 -1 0
t 1 -0.00010153 0
bt 0 -1 0
t 1 -8.66528e-06 0
bt 2.80984e-05 -1 0
t 1 0.00019015 0
bt -3.05285e-05 -1 0
t 1 -1.643e-05 0
bt -1.19753e-05 -1 0
t 1 -0.000118587 0
bt 3.04272e-05 -1 0
t 1 -7.98136e-05 0
bt 4.63446e-05 -1 0
t 1 -3.52562e-05 0
bt 2.25966e-05 -1 0
t 1 0.000165436 0
bt 0 -1 0
t 1 0.000165436 0
bt 0 -1 0
t 0.999986 -0.0053221 0
bt -0.00551791 -0.999985 0
t 1 0.000366816 0
bt -0.00402669 -0.999992 0
t 0.999899 -0.0141836 0
bt -0.00401687 -0.999992 0
t 0.999774 -0.0212611 0
bt 1.47321e-05 -1 0
t 0 -0.000530287 1
bt 0 -1 0
t 0 -0.000171782 1
bt 0 -0.999982 -0.0060467
t 0 -9.92581e-05 1
bt 0 -0.999939 -0.0110705
t 0 -1.52897e-05 1
bt 0 -1 0
t 0 1.37844e-05 1
bt 0 -1 7.80153e-05
t 0 6.37125e-08 1
bt 0 -1 -5.28029e-06
t 0 0 1
bt 0 -0.999985 -0.00541912
t 0 6.35178e-06 1
bt 0 -0.999841 -0.0178225
t 0 -0.000458648 1
bt 0 -1 -2.29959e-05
t 0 0.000194446 1
bt 0 -0.9998 -0.0200157
t 0 -0.00044339 1
bt 0 -1 0
t -1 0.00043203 0
bt 0 -1 0
t -1 0.000213426 0
bt 1.36474e-05 -1 0
t -1 0.000122292 0
bt 2.84013e-05 -1 0
t -1 -9.38056e-05 0
bt 4.22883e-05 -1 0
t -1 -1.92121e-05 0
bt 4.80085e-05 -1 0
t -1 0.000124079 0
bt 0 -1 0
t -1 0 0
bt 3.36614e-05 -1 0
t -1 -5.97702e-05 0
bt -3.00008e-07 -1 0
t -1 -1.31474e-05 0
bt 1.67413e-05 -1 0
t -1 1.92014e-05 0
bt -5.37391e-06 -1 0
t -1 -0.000117538 0
bt 0 -1 0
t -1 9.26433e-05 0
bt -8.43092e-05 -1 0
t -1 -5.22001e-05 0
bt -7.28451e-05 -1 0
t -1 6.06449e-05 0
bt -8.5972e-05 -1 0
t -1 -0.00021903 0
bt -6.54903e-05 -1 0
t -1 0 0
bt -1.83835e-05 -1 0
t -1 -7.50095e-05 0
bt 0 -1 0
t -1 1.77807e-05 0
bt 2.63285e-05 -1 0
t -1 -2.26244e-05 0
bt 5.76011e-05 -1 0
t -1 -0.000501836 0
bt -5.34255e-05 -1 0
t -1 3.81486e-05 0
bt -0.000142424 -1 0
t -1 -2.60694e-05 0
bt -0.00011451 -1 0
t -1 0.000201629 0
bt 0 -1 0
t -1 0 0
bt 1.97635e-05 -1 0
t -1 -6.01705e-05 0
bt -6.5564e-05 -1 0
t -1 -4.004e-05 0
bt -4.08442e-05 -1 0
t -1 -2.45117e-05 0
bt -0.000109137 -1 0
t -1 -2.34276e-05 0
bt 1.71313e-05 -1 0
t -1 -0.000344171 0
bt 7.51832e-06 -1 0
t -1 0.000172001 0
bt -8.07248e-05 -1 0
t -1 0.00010153 0
bt 0 -1 0
t -1 0 0
bt -1.21917e-05 -1 0
t -1 -6.86944e-05 0
bt 7.41147e-05 -1 0
t -1 8.9236e-06 0
bt 4.89371e-05 -1 0
t -1 1.93144e-05 0
bt 6.98376e-05 -1 0
t -1 0.000120686 0
bt 5.20268e-05 -1 0
t -1 7.8189e-05 0
bt 2.47217e-05 -1 0
t -1 1.28344e-05 0
bt 2.06428e-05 -1 0
t -1 -0.000165436 0
bt 0 -1 0
t -1 0 0
bt -0.00158054 -0.999999 0
t -1 8.79003e-06 0
bt -0.00721141 -0.999974 0
t -0.999988 0.00482033 0
bt -0.00541854 -0.999985 0
t -0.999918 0.0128455 0
bt -0.0040161 -0.999992 0
t -0.999815 0.0192543 0
bt -3.98583e-05 -1 0
t 0 0.000418926 1
bt 0 -1 0
t 0 4.68938e-05 1
bt 0 -0.999905 0.0138052
t 0 8.44636e-05 1
bt 0 -0.999973 0.00729315
t 0 -1.38513e-05 1
bt 0 -1 5.60399e-05
t 0 1.53715e-05 1
bt 0 -1 0
t 0 0 1
bt 0 -0.999977 0.00683164
t 0 -6.30727e-06 1
bt 0 -0.999746 0.0225458
t 0 0.000458844 1
bt 0 -1 -1.64551e-06
t 0 -0.000207435 1
bt 0 -0.999686 0.025059

