g sponza_61
t 0 -1 0
bt 0 0 -1
t 0 -1 0
bt 0 0 -1
t 0 -1 0
bt 0 0 -1
t 0 -1 0
bt 0 0 -1
t 0 -1 0
bt -1 0 0
t 0 -1 0
bt -0.997926 0.064375 0
t 0 -1 0
bt -1 0 0
t 0 -1 0
bt -1 0 0
t 0 -1 0
bt 0 0 1
t 0 -1 0
bt 0 0 1
t 0 -1 0
bt 0 0 1
t 0 -1 0
bt 0 0 1
t 0 -1 0
bt -0.972921 -0.231137 0
t 1.92443e-06 -1 0
bt -1 0 0
t 0 -1 0
bt -0.972921 -0.231137 0
t 0 -1 0
bt -0.972921 -0.231137 0
t 0 -1 0
bt -0.633503 0.0479778 -0.772251
t 0 -1 0
bt -0.634234 0 -0.773141
t 0 -1 0
bt -0.633503 0.0479778 -0.772251
t 0 -1 0
bt -0.633503 0.0479778 -0.772251
t -1 6.59074e-06 0
bt 0 -1 0
t -1 0 0
bt -0.375284 -0.92691 0
t -1 6.59074e-06 0
bt 0 -1 0
t -1 6.59074e-06 0
bt 0 -1 0
t -1 0 0
bt 0 -0.634234 -0.773141
t -1 0 0
bt 0.188488 -0.622865 -0.759283
t -1 0 0
bt 0 -0.634234 -0.773141
t -1 0 0
bt 0 -0.634234 -0.773141
t -1 0 0
bt 0 0 -1
t -1 0 0
bt 0 0 -1
t -1 0 0
bt 0 0 -1
t -1 0 0
bt 0 0 -1
t -1 0 0
bt 0 -1 0
t -1 -2.61894e-06 0
bt 0.258303 -0.966064 0
t -1 0 0
bt 0 -1 0
t -1 0 0
bt 0 -1 0
t -1 0 0
bt 0 0 1
t -1 0 0
bt 0 0 1
t -1 0 0
bt 0 0 1
t -1 0 0
bt 0 0 1
t 0 -1 0
bt 0 0 -1
t 0 -1 0
bt 0 0 -1
t 0 -1 0
bt 0 0 -1
t 0 -1 0
bt 0 0 -1
t 2.90654e-06 -1 0
bt 1 0 0
t 1.40039e-06 -1 0
bt 0.997926 0.0643779 0
t 2.90654e-06 -1 0
bt 1 0 0
t 2.90654e-06 -1 0
bt 1 0 0
t 0 -1 0
bt 0 0 1
t 0 -1 0
bt 0 0 1
t 0 -1 0
bt 0 0 1
t 0 -1 0
bt 0 0 1
t -9.62216e-07 -1 0
bt 1 0 0
t 0 -1 0
bt 0.963902 -0.266257 0
t -9.62216e-07 -1 0
bt 1 0 0
t -9.62216e-07 -1 0
bt 1 0 0
t 0 -1 0
bt 0.634234 0 -0.773141
t 1.16875e-06 -1 -1.42435e-06
bt 0.633503 0.0479773 -0.772251
t 0 -1 0
bt 0.634185 0 -0.773181
t 0 -1 0
bt 0.634185 0 -0.773181
t 1 0 0
bt 0.27837 -0.960474 0
t 1 6.5907e-06 0
bt 0 -1 0
t 1 0 0
bt 0.27837 -0.960474 0
t 1 0 0
bt 0.27837 -0.960474 0
t 1 0 0
bt -0.136896 -0.628263 -0.765863
t 1 0 0
bt 0 -0.634234 -0.773141
t 1 0 0
bt -0.136896 -0.628263 -0.765863
t 1 0 0
bt -0.136896 -0.628263 -0.765863
t 1 0 0
bt 0 0 -1
t 1 0 0
bt -2.19244e-06 0 -1
t 1 0 0
bt 0 0 -1
t 1 0 0
bt 0 0 -1
t 1 0 0
bt 0 -1 0
t 1 -2.79008e-06 0
bt -0.187146 -0.982332 0
t 1 0 0
bt 0 -1 0
t 1 0 0
bt 0 -1 0
t 1 0 0
bt 0 0 1
t 1 0 0
bt 0 0 1
t 1 0 0
bt 0 0 1
t 1 0 0
bt 0 0 1

