g sponza_97
t 0 0 -1
bt 0.0972954 -0.995253 0.00231455
t 0 0 -1
bt 0.0972957 -0.995256 0
t 0 0 -1
bt 0.164705 -0.986342 0.00154661
t 0 0 -1
bt 0.172904 -0.984938 0.00146374
t 0 0 -1
bt 0.678533 -0.734011 -0.0286485
t 0 0 -1
bt 0.674677 -0.72984 -0.110203
t 0 0 -1
bt 0.678533 -0.734011 -0.0286485
t 0 0 -1
bt 0.678533 -0.734011 -0.0286485
t 0 0 -1
bt -0.564927 -0.82514 -0.00132209
t 0 0 -1
bt -0.564928 -0.82514 0
t 0 0 -1
bt -0.564927 -0.82514 -0.00132209
t 0 0 -1
bt -0.564927 -0.82514 -0.00132209
t 0 0 -1
bt 0.606773 -0.794865 -0.00397983
t 0 0 -1
bt 0.606778 -0.794871 0
t 0 0 -1
bt 0.606773 -0.794865 -0.00397983
t 0 0 -1
bt 0.606773 -0.794865 -0.00397983
t 0 0 -1
bt -0.606776 -0.794869 0.00235285
t 0 0 -1
bt -0.606778 -0.794871 0
t 0 0 -1
bt -0.606776 -0.794869 0.00235285
t 0 0 -1
bt -0.606776 -0.794869 0.00235285
t 0 0 -1
bt 0.313106 -0.949718 1.49486e-05
t 0 0 -1
bt 0.298895 -0.954286 -8.38572e-05
t 0 0 -1
bt 0.365089 -0.930973 0.000148129
t 0 0 -1
bt 0.365089 -0.930973 0.000148129
t 0.594853 0.147072 -0.790266
bt 0.0550929 -0.947381 0.315331
t 0.658189 -0.206745 -0.723909
bt 0.103558 -0.958491 0.265652
t 0.55501 0.330137 -0.763527
bt 0.0175791 -0.97544 0.219564
t 0.55501 0.330137 -0.763527
bt 0.0175791 -0.97544 0.219564
t 0.61029 -0.250587 -0.7515
bt 0.00999196 -0.999743 -0.020346
t 0.590841 -0.346291 -0.72869
bt 0.0021102 -0.999941 -0.0106706
t 0.610137 -0.250586 -0.751624
bt 0.00998883 -0.999743 -0.0203485
t 0.610184 -0.250587 -0.751586
bt 0.00998961 -0.999743 -0.0203479
t 0.830651 -0.299257 -0.469537
bt 0.107464 -0.529302 0.8416
t 0.631399 -0.000101638 -0.775458
bt 0.0316345 -0.493544 0.869145
t 0.830585 -0.299355 -0.469591
bt 0.107501 -0.529247 0.84163
t 0.830651 -0.299257 -0.469537
bt 0.107464 -0.529302 0.8416
t 0.631462 7.42072e-06 -0.775406
bt -0.0256449 -0.483537 -0.874948
t 0.865298 0.456601 -0.206822
bt -0.0260605 -0.483519 -0.874946
t 0.631424 6.66566e-05 -0.775438
bt -0.0256887 -0.48347 -0.874984
t 0.631424 6.66566e-05 -0.775438
bt -0.0256887 -0.48347 -0.874984
t 0.741298 -0.350043 -0.572667
bt 0.0637989 -0.756021 0.65143
t 0.721099 -0.247257 -0.64721
bt 0.0807783 -0.76487 0.6391
t 0.713277 -0.358632 -0.602178
bt 0.0393581 -0.816691 0.575731
t 0.707723 -0.315297 -0.63223
bt 0.0408911 -0.821559 0.568655
t 0.658863 -0.219245 -0.719605
bt -0.00946594 -0.921097 0.389219
t 0 0 -1
bt 0 -1 0
t 0 0 -1
bt 0 -1 0.000314788
t 0 0 -1
bt 0 -1 0
t 0 0 -1
bt 0 -1 0
t -1 0 -8.88691e-05
bt -0.00162694 0 0.999999
t -1 0 -0.00079682
bt 0.00753366 0 0.999972
t -1 0 -0.000324827
bt 0.00644903 0 0.999979
t -1 0 -8.88691e-05
bt -0.00162694 0 0.999999
t 0.836206 0.395396 -0.380029
bt -0.0932225 -0.568933 -0.817083
t 0.819516 0.567873 -0.0769031
bt -0.0599246 -0.552611 -0.831283
t 0.836251 0.395336 -0.379992
bt -0.0932275 -0.568927 -0.817087
t 0.836251 0.395336 -0.379992
bt -0.0932275 -0.568927 -0.817087
t 0.652441 -0.0197144 -0.757583
bt 0.498023 -0.567507 0.655674
t 0.631297 -4.35612e-05 -0.775541
bt 0.522477 -0.570935 0.633286
t 0.652441 -0.0197144 -0.757583
bt 0.498023 -0.567507 0.655674
t 0.652441 -0.0197144 -0.757583
bt 0.498023 -0.567507 0.655674
t 1 0 5.32692e-05
bt 0.00126014 0 -0.999999
t 0.999968 0 0.00805581
bt 0 0 -1
t 1 0 5.32692e-05
bt 0.00126014 0 -0.999999
t 1 0 5.32692e-05
bt 0.00126014 0 -0.999999
t -1 0 -0.000796741
bt 0.0225997 0 0.999745
t -1 0 0
bt 0 -0.992871 0.119196
t -1 0 0
bt 0.00125071 -0.978021 0.208503
t -1 0 0
bt 0 -0.979694 0.200499
t -1 0 0
bt 0 -0.992871 0.119196
t -1 0 0
bt -0.0809614 -0.658718 0.748022
t -1 0 0
bt -0.021037 -0.660741 0.750319
t -1 0 0
bt -0.0809614 -0.658718 0.748022
t -1 0 0
bt -0.0809614 -0.658718 0.748022
t -1 0 0
bt -0.000986775 -0.765287 -0.643689
t -1 0 0
bt 0 -0.765287 -0.643689
t -1 0 0
bt -0.000986775 -0.765287 -0.643689
t -1 0 0
bt -0.000986775 -0.765287 -0.643689
t -1 0 0
bt 0 -0.729444 0.684041
t -1 -2.52606e-06 2.36943e-06
bt -0.00293495 -0.72944 0.684038
t -1 0 0
bt 0 -0.729394 0.684094
t -1 0 0
bt 0 -0.729394 0.684094
t -1 2.5264e-06 2.36941e-06
bt 0.00174082 -0.729393 -0.684093
t -1 2.93278e-06 2.75053e-06
bt 0 -0.729394 -0.684094
t -1 2.5264e-06 2.36941e-06
bt 0.00174082 -0.729393 -0.684093
t -1 2.5264e-06 2.36941e-06
bt 0.00174082 -0.729393 -0.684093
t -1 0 0
bt -6.26117e-05 -0.92836 0.371683
t -1 0 0
bt 0.000118239 -0.90091 0.434005
t -1 0 0
bt 0 -0.90091 0.434005
t -1 0 0
bt 0 -0.933573 0.358388
t -0.587829 -0.223117 0.777609
bt 0.173919 -0.984313 0.0296493
t -0.63619 0.317628 0.703118
bt 0.17393 -0.984311 0.0296583
t -0.571435 -0.217618 0.791268
bt 0.248596 -0.964427 0.0898914
t -0.570928 -0.217375 0.7917
bt 0.25093 -0.963647 0.0917554
t -0.612097 -0.250729 0.749982
bt -0.0165702 -0.999787 0.0122809
t -0.593537 -0.346477 0.726407
bt -0.0086665 -0.999959 0.00256922
t -0.611933 -0.25073 0.750115
bt -0.016567 -0.999787 0.0122835
t -0.612039 -0.250729 0.750029
bt -0.0165693 -0.999787 0.0122817
t -0.631144 4.1861e-06 0.775665
bt 0.810185 -0.581449 0.0742782
t -0.302136 -0.291569 0.90758
bt 0.793465 -0.596226 0.122182
t -0.631216 -0.000102427 0.775607
bt 0.810222 -0.581394 0.0743085
t -0.631144 4.1861e-06 0.775665
bt 0.810185 -0.581449 0.0742782
t -0.631237 0.000136743 0.77559
bt -0.826839 -0.561236 -0.036765
t -0.0563433 0.440844 0.895814
bt -0.826784 -0.561303 -0.0369583
t -0.631205 8.85328e-05 0.775616
bt -0.826797 -0.561299 -0.0367313
t -0.631166 2.92761e-05 0.775647
bt -0.826799 -0.561296 -0.0367328
t -0.499647 -0.270286 0.822981
bt 0.487457 -0.869881 0.0754573
t -0.458422 -0.338439 0.821772
bt 0.48945 -0.869728 0.0633419
t -0.498881 -0.23055 0.835443
bt 0.561628 -0.82101 0.102555
t -0.498826 -0.230506 0.835488
bt 0.561635 -0.821004 0.10256
t -0.516432 -0.351989 0.780642
bt 0.315745 -0.948825 0.00600295
t -0.574161 -0.209777 0.791412
bt 0.306167 -0.951874 0.0140481
t -1 0 0
bt 0 -1 0
t -1 0 0
bt 0.000235274 -1 0
t -1 0 0
bt 0 -1 0
t -1 0 0
bt 0 -1 0
t -0.000798401 0 -1
bt 1 0 0
t -0.000108517 0 -1
bt 0.999997 0 -0.00240328
t -0.000798415 0 -1
bt 0.999935 0 0.0113703
t -0.000798415 0 -1
bt 0.999935 0 0.0113703
t -0.336599 0.293772 0.89465
bt -0.759739 -0.640056 -0.114561
t 0.0186947 0.531275 0.846993
bt -0.766022 -0.63517 -0.0988401
t -0.336617 0.293796 0.894635
bt -0.75978 -0.640002 -0.114595
t -0.336599 0.293772 0.89465
bt -0.759739 -0.640056 -0.114561
t -0.631224 -2.36764e-05 0.775601
bt 0.53629 -0.572621 0.620079
t -0.609451 -0.0196031 0.792582
bt 0.515352 -0.569993 0.639938
t -0.631224 -2.36764e-05 0.775601
bt 0.53629 -0.572621 0.620079
t -0.631224 -2.36764e-05 0.775601
bt 0.53629 -0.572621 0.620079
t 5.21349e-05 0 1
bt -0.999998 0 0.00191407
t 0.00535036 0 0.999986
bt -1 0 5.87751e-06
t 5.21349e-05 0 1
bt -0.999998 0 0.00191407
t 5.21349e-05 0 1
bt -0.999998 0 0.00191407
t -0.000798443 0 -1
bt 0.999418 0 0.0341064

