g sponza_248
t 0 -0.85747 -0.514534
bt 0 -0.515205 0.857067
t 0 -0.853282 -0.52145
bt 0 -0.498672 0.866791
t 0 -0.858744 -0.512405
bt 0 -0.51375 0.85794
t 0 -0.858473 -0.512859
bt 0 -0.513111 0.858323
t 0 -0.860991 -0.50862
bt 0 -0.511615 0.859215
t 0 -0.860686 -0.509137
bt 0 -0.509676 0.860366
t 0 -0.860702 -0.509109
bt 0 -0.511765 0.859126
t 0 -0.860663 -0.509176
bt 0 -0.510466 0.859898
t 0 -0.858222 -0.513279
bt 0 -0.508281 0.861191
t 0 -0.858222 -0.513279
bt 0 -0.508281 0.861191
t 0 -0.859693 -0.510811
bt 0 -0.510487 0.859886
t 0 -0.859633 -0.510912
bt 0 -0.510792 0.859705
t 0 -0.858708 -0.512465
bt 0 -0.509524 0.860457
t 0 -0.859874 -0.510507
bt 0 -0.509572 0.860428
t -0.999999 0.00111308 0.000569049
bt 0.00188078 0.890389 0.455196
t -0.999998 0.0018268 0.000933918
bt 0.00483286 0.89038 0.455192
t -0.999998 0.00188152 8.92765e-05
bt 0 0.998876 0.0473958
t -0.999998 0.00188152 8.92765e-05
bt 0 0.998876 0.0473958
t -1 0 0
bt 0.00548401 0.758383 0.651786
t -1 0 0
bt 0.00548401 0.758383 0.651786
t -1 0 0
bt 0 -0.654477 -0.756082
t -0.999998 -0.00187951 -0.00119583
bt 0 -0.843707 -0.536804
t -1 0 0
bt 0 -0.843707 -0.536804
t -1 0 0
bt 0.00236457 -0.654475 -0.75608
t -1 0.000570954 -0.000225257
bt 0 0.930217 -0.36701
t -0.999998 0.00194633 -0.000767913
bt 0 0.930217 -0.36701
t -1 0 0
bt 0 0.621734 -0.783229
t -1 0 0
bt 0 0.621734 -0.783229
t -1 0 0
bt 0 0.885204 -0.465202
t -0.999998 0.00187251 -0.00098406
bt 0.00159494 0.885203 -0.465202
t -1 0 0
bt 0 0.885204 -0.465202
t -1 0 0
bt 0 0.885204 -0.465202
t -0.999998 -0.00104126 -0.00186684
bt 0.00393507 -0.487116 -0.873329
t -1 0 0
bt 0 -0.48712 -0.873335
t -0.999998 -0.00104126 -0.00186684
bt 0.00393507 -0.487116 -0.873329
t -0.999998 -0.00104126 -0.00186684
bt 0.00393507 -0.487116 -0.873329
t 0 0.143378 0.989668
bt 0 -0.986923 0.16119
t 0 0.139698 0.990194
bt 0 -0.990608 0.136733
t 0 0.141971 0.989871
bt 0 -0.987885 0.155184
t 0 0.143378 0.989668
bt 0 -0.986923 0.16119
t 0 0.138974 0.990296
bt 0 -0.990412 0.138146
t 0 0.138385 0.990378
bt 0 -0.990552 0.13714
t 0 0.138655 0.990341
bt 0 -0.990363 0.138495
t 0 0.139219 0.990262
bt 0 -0.990508 0.137457
t 0 0.139738 0.990188
bt 0 -0.990586 0.136891
t 0 0.139738 0.990188
bt 0 -0.990586 0.136891
t 0 0.138103 0.990418
bt 0 -0.990068 0.140593
t 0 0.138424 0.990373
bt 0 -0.990395 0.138266
t 0 0.137165 0.990548
bt 0 -0.990264 0.139202
t 0 0.137165 0.990548
bt 0 -0.990264 0.139202
t -0.999998 0.000360045 -0.00186147
bt 0 0.1899 -0.981803
t -1 0 0
bt 0.00231694 -0.209901 -0.97772
t -0.999999 -0.000258058 -0.00120207
bt 0.00231694 -0.209901 -0.97772
t -0.999999 0.000234448 -0.00121213
bt 0 0.1899 -0.981803

