g sponza_353
t 0.996261 0.00629239 -0.0861617
bt -0.131408 -0.324503 -0.936712
t 0.996785 -0.00622316 0.0798871
bt 0.0580058 -0.32447 -0.944116
t 0.997938 0 0.0641811
bt -0.0358988 0 -0.999355
t 0.997509 0 -0.0705424
bt -0.102209 0 -0.994763
t 0.99489 0.00789681 -0.100656
bt -0.0463635 -0.904534 -0.423873
t 0.995517 -0.00787541 0.0942516
bt 0.0400196 -0.904537 -0.424512
t 0.995242 -0.0034863 0.0973739
bt 0.0174292 -0.984834 -0.172622
t 0.994595 0.00348308 -0.103769
bt -0.0297338 -0.984768 -0.171315
t 0.994548 0.00196807 -0.104261
bt 0.00220304 -0.998271 -0.0587461
t 0.995199 -0.00196849 0.0978517
bt 0.0101686 -0.998295 -0.0574799
t 0.994902 -0.0110286 -0.100241
bt 0.0843637 -0.93639 0.340671
t 0.995527 0.0110583 0.0938283
bt -0.00998991 -0.937216 0.348606
t 0.994784 -0.00677643 -0.101774
bt -0.0161533 -0.931861 0.362455
t 0.9946 0.00341714 -0.103729
bt 0.0744747 -0.981205 -0.17802
t 0.995245 -0.00341346 0.0973393
bt 0.0683403 -0.984113 -0.163863
t 0.995422 0.00681227 0.0953297
bt -0.0628176 -0.932856 0.354731
t -0.982431 0.00631864 0.186519
bt 0.226308 -0.324375 0.918458
t -0.999123 -0.0126454 0.0399257
bt -0.00579996 -0.324581 0.94584
t -0.998739 0 0.0502006
bt 0.137705 0 0.990473
t -0.985241 0 0.171174
bt 0.269709 0 0.962942
t -0.924711 0.00624001 0.380618
bt 0.407566 -0.324425 0.853603
t -0.930583 0 0.366081
bt 0.458779 0 0.88855
t -0.867342 0.0312448 0.496731
bt 0.542738 -0.324571 0.774655
t -0.837964 0 0.545725
bt 0.627675 0 0.778475
t -0.699396 0.0061538 0.714708
bt 0.710666 -0.324363 0.624294
t -0.762817 -0.0312466 0.645859
bt 0.542738 -0.324571 0.774655
t -0.710577 0 0.70362
bt 0.771466 0 0.63627
t -0.541697 0.00628288 0.84055
bt 0.821781 -0.32438 0.468459
t -0.554706 0 0.832046
bt 0.883736 0 0.467986
t -0.361372 0.00634072 0.9324
bt 0.8992 -0.324429 0.293572
t -0.375731 0 0.926729
bt 0.959788 0 0.280727
t -0.23672 0.0309521 0.971085
bt 0.935294 -0.324566 0.141005
t -0.181278 0 0.983432
bt 0.996632 0 0.0820078
t -0.0365727 0.0310101 0.99885
bt 0.94454 -0.324553 -0.0500952
t -0.0576462 -0.0311785 0.99785
bt 0.935294 -0.324566 0.141005
t 0.0201043 0 0.999798
bt 0.992724 0 -0.120414
t 0.236062 0.006287 0.971718
bt 0.90571 -0.324435 -0.272821
t 0.143856 -0.0309903 0.989113
bt 0.94454 -0.324553 -0.0500953
t 0.220739 0 0.975333
bt 0.948136 0 -0.317864
t 0.426979 0.00620527 0.90424
bt 0.832461 -0.324458 -0.449149
t 0.412665 0 0.910883
bt 0.865016 0 -0.501745
t 0.600162 0.0063532 0.799854
bt 0.725098 -0.324445 -0.607427
t 0.587617 0 0.809139
bt 0.746399 0 -0.665499
t 0.698948 0.0309581 0.714502
bt 0.614809 -0.324577 -0.71879
t 0.738594 0 0.674151
bt 0.597428 0 -0.801923
t 0.828009 0.0311848 0.559847
bt 0.458434 -0.324558 -0.827345
t 0.81601 -0.0309558 0.577208
bt 0.614809 -0.324577 -0.71879
t 0.858987 0 0.511997
bt 0.423765 0 -0.905772
t 0.949626 0.00614097 0.313326
bt 0.247493 -0.324494 -0.912935
t 0.915708 -0.031187 0.400631
bt 0.458434 -0.324558 -0.827345
t 0.944598 0 0.32823
bt 0.231132 0 -0.972922
t -0.99011 0 -0.140295
bt -0.202238 0 0.979336
t -0.998739 0 0.0502006
bt 0.137705 0 0.990473
t -0.999123 -0.0126454 0.0399257
bt -0.00579996 -0.324581 0.94584
t -0.987691 -0.0147571 -0.155722
bt -0.197691 -0.324604 0.92496
t -0.932906 0 -0.36012
bt -0.393033 0 0.919524
t -0.927127 -0.00625524 -0.374696
bt -0.379077 -0.324594 0.866568
t -0.84135 0 -0.540491
bt -0.570946 0 0.820988
t -0.832738 -0.0062411 -0.553633
bt -0.544105 -0.3246 0.773682
t -0.715375 0 -0.69874
bt -0.716453 0 0.697635
t -0.704331 -0.00621297 -0.709845
bt -0.686776 -0.32456 0.650384
t -0.560094 0 -0.828429
bt -0.847771 0 0.530363
t -0.546923 -0.00619076 -0.83716
bt -0.805865 -0.324572 0.495212
t -0.381781 0 -0.924253
bt -0.936703 0 0.350124
t -0.367237 -0.00622407 -0.930107
bt -0.88899 -0.324548 0.323057
t -0.188118 0 -0.982146
bt -0.988281 0 0.152647
t -0.172582 -0.00623947 -0.984975
bt -0.935937 -0.324582 0.136635
t 0.0136781 0 -0.999906
bt -0.998755 0 -0.0498871
t 0.0292699 -0.00623865 -0.999552
bt -0.944244 -0.324654 -0.0548064
t 0.214393 0 -0.976748
bt -0.968208 0 -0.250146
t 0.229771 -0.00632638 -0.973224
bt -0.913917 -0.324606 -0.243692
t 0.406762 0 -0.913534
bt -0.898338 0 -0.439305
t 0.421078 -0.0062189 -0.907003
bt -0.847408 -0.324591 -0.420168
t 0.582296 0 -0.812977
bt -0.798642 0 -0.601807
t 0.59506 -0.0062743 -0.803657
bt -0.747035 -0.324609 -0.580144
t 0.734161 0 -0.678976
bt -0.652083 0 -0.758148
t 0.693994 -0.0310778 -0.71931
bt -0.616594 -0.324554 -0.71727
t 0.855755 0 -0.517381
bt -0.48751 0 -0.873118
t 0.812429 0.0310826 -0.582231
bt -0.443038 -0.317109 -0.838546
t 0.863739 -0.00618716 -0.503901
bt -0.453528 -0.324617 -0.830022
t 0.942323 0 -0.334704
bt -0.299268 0 -0.954169
t 0.94749 -0.00621597 -0.319726
bt -0.276335 -0.3246 -0.904585
t -0.979575 0.00778283 0.20093
bt 0.0890502 -0.904495 0.417083
t -0.999221 -0.0343544 0.0194023
bt 0.0013814 -0.904492 0.426488
t -0.919109 0.00790183 0.393924
bt 0.171124 -0.904482 0.390679
t -0.820955 0.00784824 0.570938
bt 0.246178 -0.904537 0.348152
t -0.867127 0.0310942 0.497116
bt 0.542862 -0.324635 0.774541
t -0.69931 0.0389641 0.713756
bt 0.310048 -0.9045 0.292832
t -0.762817 -0.0312466 0.645859
bt 0.674863 -0.319858 0.66502
t -0.529254 0.00782118 0.848427
bt 0.363548 -0.904528 0.222849
t -0.672514 -0.03915 0.739048
bt 0.310048 -0.9045 0.292832
t -0.36132 0.0394253 0.931608
bt 0.400364 -0.904489 0.146996
t -0.151838 0.00791477 0.988374
bt 0.421978 -0.904518 0.0614891
t -0.326476 -0.0392417 0.94439
bt 0.400364 -0.904489 0.146996
t -0.23716 0.0311069 0.970973
bt 0.935377 -0.324632 0.140301
t 0.0501844 0.00776226 0.99871
bt 0.425696 -0.904527 -0.0247723
t -0.0576462 -0.0311785 0.99785
bt 0.946961 -0.319856 -0.0309308
t -0.0364519 0.0309688 0.998855
bt 0.94447 -0.324624 -0.050951
t 0.250227 0.00789135 0.968155
bt 0.411993 -0.904531 -0.109936
t 0.143857 -0.0309903 0.989113
bt 0.92137 -0.319852 -0.220843
t 0.43998 0.00786087 0.897973
bt 0.381395 -0.904535 -0.190667
t 0.611734 0.00782817 0.791025
bt 0.335227 -0.904539 -0.2635
t 0.758412 0.00781467 0.651729
bt 0.275307 -0.904534 -0.325613
t 0.698581 0.0311318 0.714854
bt 0.613798 -0.324639 -0.719626
t 0.874096 0.0078712 0.485689
bt 0.204121 -0.904533 -0.374372
t 0.81601 -0.0309558 0.577208
bt 0.474666 -0.319869 -0.819985
t 0.828066 0.0311504 0.559764
bt 0.456365 -0.324627 -0.828461
t 0.953972 0.0078014 0.299794
bt 0.124642 -0.904528 -0.407791
t 0.915708 -0.0311871 0.400631
bt 0.299942 -0.319853 -0.898738
t -0.999221 -0.0343544 0.0194023
bt 0.0013814 -0.904492 0.426488
t -0.982362 -0.0289757 -0.18473
bt -0.0844214 -0.904504 0.418025
t -0.921593 -0.00782831 -0.388078
bt -0.166955 -0.90449 0.39246
t -0.824624 -0.00787856 -0.565627
bt -0.242422 -0.904529 0.350798
t -0.693875 -0.00782857 -0.720053
bt -0.308182 -0.904483 0.294846
t -0.534761 -0.0078239 -0.844967
bt -0.361199 -0.904499 0.226752
t -0.353714 -0.00787045 -0.93532
bt -0.399402 -0.904523 0.149384
t -0.172671 -0.0391568 -0.984201
bt -0.42136 -0.904495 0.065913
t -0.136136 0.039231 -0.989913
bt -0.42136 -0.904495 0.065913
t 0.0438172 -0.00789894 -0.999008
bt -0.425929 -0.904531 -0.0201827
t 0.243953 -0.00780488 -0.969756
bt -0.413135 -0.904539 -0.105497
t 0.420462 -0.0391944 -0.906463
bt -0.38357 -0.904485 -0.186496
t 0.453721 0.0391963 -0.890281
bt -0.38357 -0.904485 -0.186496
t 0.606652 -0.00786354 -0.794928
bt -0.338049 -0.904527 -0.259912
t 0.754217 -0.00778182 -0.656579
bt -0.278806 -0.904531 -0.322632
t 0.693994 -0.0310779 -0.71931
bt -0.738638 -0.319847 -0.593391
t 0.86292 -0.039221 -0.503817
bt -0.208135 -0.904498 -0.372241
t 0.812429 0.0310826 -0.582231
bt -0.618452 -0.324625 -0.715636
t 0.880971 0.0391658 -0.471546
bt -0.208135 -0.904498 -0.372241
t 0.952004 -0.00785966 -0.305983
bt -0.129039 -0.904544 -0.406385
t -0.991784 -0.125397 0.0253156
bt 0.000460562 -0.984833 0.173503
t -0.978982 0.00338739 0.20392
bt 0.0354694 -0.984833 0.169838
t -0.978878 0.00197696 0.204434
bt 0.00412985 -0.998262 0.0587957
t -0.99943 -0.0333652 0.00515466
bt -0.00396132 -0.998285 0.0584118
t -0.917869 0.00347857 0.396868
bt 0.0687972 -0.984834 0.159279
t -0.917701 0.00197638 0.397268
bt 0.0159037 -0.998262 0.0567509
t -0.81922 0.00348637 0.573469
bt 0.0994504 -0.984835 0.14216
t -0.818943 0.00197355 0.573872
bt 0.0268082 -0.998266 0.0524011
t -0.687052 0.00347054 0.7266
bt 0.12614 -0.984834 0.119126
t -0.686666 0.00197108 0.726971
bt 0.0369132 -0.998267 0.0458234
t -0.526699 0.00356438 0.850044
bt 0.149647 -0.984826 0.0878788
t -0.526301 0.00197276 0.850296
bt 0.0465537 -0.998289 0.0353721
t -0.344811 0.00347319 0.938666
bt 0.162834 -0.984833 0.059913
t -0.344295 0.00198289 0.938859
bt 0.053635 -0.998287 0.0233641
t -0.148841 0.00346164 0.988855
bt 0.171552 -0.984835 0.0258883
t -0.148359 0.00196664 0.988932
bt 0.0564426 -0.998266 0.0167106
t 0.0533066 0.00347242 0.998572
bt 0.173254 -0.984834 -0.00924589
t 0.0537759 0.00197149 0.998551
bt 0.0586506 -0.998267 0.00490894
t 0.253249 0.00348612 0.967395
bt 0.167811 -0.984834 -0.0440509
t 0.25372 0.00197431 0.967276
bt 0.0583993 -0.998268 -0.00713745
t 0.442762 0.00346381 0.896633
bt 0.155646 -0.984834 -0.0766503
t 0.443257 0.00197452 0.896392
bt 0.0557886 -0.998267 -0.0187062
t 0.614161 0.00348628 0.789173
bt 0.136848 -0.984833 -0.106662
t 0.614537 0.00196945 0.788886
bt 0.0510032 -0.998266 -0.0293904
t 0.760437 0.00347227 0.649403
bt 0.109453 -0.984826 -0.13468
t 0.760593 0.00591469 0.649202
bt 0.046701 -0.998231 -0.0367923
t 0.875627 0.00347568 0.482976
bt 0.0838931 -0.984833 -0.151876
t 0.875829 0.00197284 0.482618
bt 0.0310494 -0.998294 -0.0494557
t 0.761057 -0.00591351 0.648658
bt 0.032623 -0.998276 -0.0488034
t 0.954909 0.00346787 0.296879
bt 0.0515749 -0.984834 -0.165659
t 0.955061 0.00196832 0.296403
bt 0.0250307 -0.998272 -0.0531677
t -0.980449 -0.0594304 -0.187582
bt -0.0231064 -0.984769 0.172327
t -0.991784 -0.125397 0.0253156
bt 0.000460562 -0.984833 0.173503
t -0.99943 -0.0333652 0.00515466
bt -0.00396132 -0.998285 0.0584118
t -0.978842 -0.0647431 -0.194106
bt -0.0158112 -0.998284 0.056383
t -0.920432 -0.00347563 -0.390887
bt -0.0575033 -0.984752 0.164185
t -0.920232 -0.00197481 -0.391367
bt -0.0268466 -0.998284 0.0520445
t -0.822885 -0.00347589 -0.568197
bt -0.0890888 -0.984768 0.149315
t -0.822563 -0.00197877 -0.568671
bt -0.0365394 -0.998291 0.0456135
t -0.691734 -0.00346625 -0.722144
bt -0.117399 -0.984768 0.128254
t -0.691288 -0.00197939 -0.722576
bt -0.0434703 -0.998291 0.0390445
t -0.532182 -0.00346413 -0.846623
bt -0.138517 -0.98471 0.105634
t -0.531677 -0.0019717 -0.846945
bt -0.0491451 -0.998299 0.031362
t -0.350893 -0.00346782 -0.936409
bt -0.158536 -0.98477 0.0713716
t -0.350382 -0.00197273 -0.936605
bt -0.0562561 -0.998284 0.0162848
t -0.155148 -0.00347294 -0.987885
bt -0.169628 -0.984769 0.0381712
t -0.154677 -0.00197054 -0.987963
bt -0.0582696 -0.99829 0.00472439
t 0.0469074 -0.00348446 -0.998893
bt -0.173836 -0.98477 0.0031275
t 0.047466 -0.00197933 -0.998871
bt -0.0580269 -0.99829 -0.00707128
t 0.246957 -0.00346464 -0.96902
bt -0.170971 -0.984767 -0.031654
t 0.247511 -0.00197519 -0.968883
bt -0.0554867 -0.998291 -0.0183399
t 0.436968 -0.00348381 -0.89947
bt -0.161085 -0.984768 -0.0654486
t 0.437429 -0.00197269 -0.899251
bt -0.0506233 -0.998291 -0.029203
t 0.609071 -0.00345916 -0.793108
bt -0.14445 -0.984786 -0.0965978
t 0.609515 -0.00196684 -0.792772
bt -0.045024 -0.998303 -0.0369196
t 0.756256 -0.00349366 -0.654266
bt -0.1255 -0.984709 -0.120824
t 0.756594 -0.00197286 -0.653882
bt -0.0384999 -0.998305 -0.0436491
t 0.872496 -0.00346067 -0.488609
bt -0.0944712 -0.984789 -0.145825
t 0.872758 -0.00196615 -0.48815
bt -0.0245674 -0.998295 -0.0529456
t 0.952991 -0.00347847 -0.302978
bt -0.0635887 -0.984766 -0.16184
t 0.953145 -0.0019739 -0.302508
bt -0.0138688 -0.998291 -0.0567607
t -0.979641 -0.0110399 0.200453
bt -0.118421 -0.936392 -0.330372
t -0.999913 -0.0130614 -0.00164973
bt -0.00106 -0.937491 -0.348009
t -0.919237 -0.01105 0.393549
bt -0.182482 -0.936402 -0.299751
t -0.821176 -0.011064 0.570568
bt -0.239136 -0.936393 -0.256871
t -0.68954 -0.0110547 0.724164
bt -0.285977 -0.936388 -0.203457
t -0.529649 -0.0110523 0.848145
bt -0.321044 -0.9364 -0.141727
t -0.348036 -0.0110253 0.937416
bt -0.343003 -0.936398 -0.0742152
t -0.152239 -0.0111085 0.988281
bt -0.350884 -0.936412 -0.00360068
t 0.0497784 -0.0110196 0.998699
bt -0.344446 -0.936407 0.0670668
t 0.249776 -0.0110552 0.96824
bt -0.323921 -0.936398 0.135034
t 0.439601 -0.0110964 0.898125
bt -0.290066 -0.936408 0.197489
t 0.611416 -0.0110565 0.791232
bt -0.244478 -0.936381 0.251837
t 0.758167 -0.0110722 0.651967
bt -0.188691 -0.936409 0.29586
t 0.869406 -0.0331766 0.492983
bt -0.103871 -0.935045 0.338971
t 0.953836 -0.0110661 0.300125
bt -0.0567431 -0.936404 0.346306
t 0.881301 0.0331701 0.47139
bt -0.167913 -0.937518 0.304739
t -0.982866 -0.0274646 -0.182265
bt -0.022885 -0.859738 0.510222
t -0.979747 -0.0781969 -0.184337
bt -0.073286 -0.984639 0.158479
t -0.999432 -0.0325091 0.008851
bt 0.000468045 -0.98544 0.170022
t -0.999928 -0.00863257 0.00831325
bt 0.00163342 -0.862412 0.506205
t -0.922183 -0.00885344 -0.386653
bt -0.125065 -0.85974 0.495183
t -0.920405 -0.00340427 -0.390951
bt -0.103637 -0.984643 0.140494
t -0.825507 -0.00888653 -0.564322
bt -0.22223 -0.859738 0.459853
t -0.822896 -0.00342897 -0.568182
bt -0.129794 -0.984642 0.116763
t -0.695002 -0.00886245 -0.718953
bt -0.310246 -0.859759 0.405663
t -0.691676 -0.003412 -0.7222
bt -0.15071 -0.984626 0.088303
t -0.535998 -0.00887982 -0.844173
bt -0.385534 -0.859758 0.334932
t -0.532033 -0.00339715 -0.846717
bt -0.165298 -0.984643 0.0561617
t -0.35513 -0.0088485 -0.934775
bt -0.445094 -0.859753 0.250431
t -0.350842 -0.00336458 -0.936429
bt -0.173233 -0.984641 0.0217175
t -0.159715 -0.00891158 -0.987123
bt -0.486364 -0.859755 0.155797
t -0.155136 -0.0034446 -0.987887
bt -0.174149 -0.984625 -0.013612
t 0.0422237 -0.00886583 -0.999069
bt -0.507761 -0.859763 0.05465
t 0.0467984 -0.00343209 -0.998898
bt -0.167779 -0.984637 -0.0483821
t 0.2425 -0.00886397 -0.970111
bt -0.508383 -0.859753 -0.0486973
t 0.247022 -0.00342197 -0.969004
bt -0.15457 -0.984648 -0.0811009
t 0.432784 -0.00887779 -0.901454
bt -0.488207 -0.85974 -0.150005
t 0.437042 -0.00337627 -0.899435
bt -0.135088 -0.984643 -0.110589
t 0.605389 -0.00887116 -0.79588
bt -0.447953 -0.859756 -0.245269
t 0.609096 -0.00343072 -0.793089
bt -0.110053 -0.984642 -0.135529
t 0.753209 -0.00888243 -0.657721
bt -0.389446 -0.859765 -0.330358
t 0.756293 -0.00339647 -0.654224
bt -0.0805361 -0.984648 -0.154861
t 0.870217 -0.0088809 -0.492588
bt -0.315005 -0.85973 -0.40204
t 0.872496 -0.00342873 -0.488609
bt -0.0477012 -0.984644 -0.167931
t 0.951554 -0.00884798 -0.307354
bt -0.227593 -0.859731 -0.457234
t 0.952997 -0.0034016 -0.302961
bt -0.0128915 -0.98464 -0.174119
t 0.993941 -0.00890549 -0.109552
bt -0.128345 -0.859914 -0.494041
t -0.979369 -0.00687263 0.201962
bt -0.0190009 -0.931783 -0.362519
t -0.978985 0.00341612 0.203902
bt -0.0162415 -0.984109 0.176819
t -0.999432 -0.0325091 0.008851
bt 0.000468045 -0.98544 0.170022
t -0.998848 -0.0457747 -0.0144127
bt -0.00118086 -0.933219 -0.359306
t -0.918658 -0.00684466 0.394994
bt -0.0916148 -0.931791 -0.351245
t -0.91788 0.00338462 0.396845
bt 0.0197141 -0.984109 0.176469
t -0.820335 -0.00682729 0.571842
bt -0.160425 -0.931788 -0.32563
t -0.820437 0.0170494 0.571483
bt 0.0975539 -0.985465 0.139076
t -0.688444 -0.00677959 0.725258
bt -0.222674 -0.931775 -0.286727
t -0.686994 0.00339673 0.726655
bt 0.0877317 -0.984108 0.154382
t -0.817045 -0.0170733 0.576322
bt 0.0975539 -0.985465 0.139076
t -0.528432 -0.00680993 0.848948
bt -0.2758 -0.931787 -0.236022
t -0.526736 0.00344208 0.850022
bt 0.116992 -0.984106 0.133596
t -0.346646 -0.00683162 0.937971
bt -0.317691 -0.931778 -0.175676
t -0.344772 0.00342076 0.93868
bt 0.141494 -0.984113 0.107239
t -0.150799 -0.00683839 0.988541
bt -0.346555 -0.931777 -0.108126
t -0.148736 0.00343692 0.988871
bt 0.160209 -0.984111 0.0765462
t 0.0512765 -0.00681698 0.998661
bt -0.361203 -0.931785 -0.0361702
t 0.0533021 0.00337916 0.998573
bt 0.172319 -0.984114 0.042723
t 0.251295 -0.0068181 0.967887
bt -0.361099 -0.931784 0.0372319
t 0.253223 0.00338538 0.967402
bt 0.177427 -0.984107 0.00725516
t 0.440951 -0.00679821 0.897506
bt -0.346216 -0.931777 0.109209
t 0.442823 0.00341078 0.896602
bt 0.175247 -0.984108 -0.0286167
t 0.612572 -0.00681996 0.790386
bt -0.317149 -0.931775 0.176668
t 0.61419 0.00340381 0.789151
bt 0.165867 -0.984112 -0.0633351
t 0.759157 -0.00679167 0.650872
bt -0.275083 -0.931787 0.23686
t 0.760468 0.00339452 0.649367
bt 0.149766 -0.984107 -0.095411
t 0.874601 -0.00678801 0.484795
bt -0.221758 -0.931782 0.287412
t 0.875613 0.00338568 0.483002
bt 0.12749 -0.984106 -0.123619
t 0.95429 -0.00685413 0.298804
bt -0.159335 -0.931779 0.326192
t 0.954912 0.00340778 0.296869
bt 0.0998678 -0.984116 -0.146774
t -0.974372 -0.0542985 -0.21829
bt 0.0678585 -0.933215 -0.352853
t -0.998848 -0.0457747 -0.0144127
bt -0.00118086 -0.933219 -0.359306
t -0.921206 0.0068677 -0.389015
bt 0.137546 -0.933212 -0.331957
t -0.824018 0.00679748 -0.566523
bt 0.201463 -0.933214 -0.29753
t -0.693162 0.00679762 -0.72075
bt 0.257293 -0.933214 -0.250825
t -0.53382 0.00679783 -0.845571
bt 0.302515 -0.933214 -0.193897
t -0.352735 0.00680759 -0.935699
bt 0.335335 -0.933217 -0.129058
t -0.157217 0.00682547 -0.98754
bt 0.354458 -0.933217 -0.0588688
t -0.172671 -0.0391568 -0.984201
bt -0.421241 -0.904549 0.0659319
t 0.0448363 0.00684417 -0.998971
bt 0.359046 -0.933219 0.0136802
t -0.136185 0.0391266 -0.98991
bt -0.421241 -0.904549 0.0659319
t 0.245007 0.00673338 -0.969498
bt 0.348944 -0.933218 0.0856821
t 0.435107 0.00688449 -0.900353
bt 0.324573 -0.93322 0.154122
t 0.420462 -0.0391944 -0.906463
bt -0.383412 -0.904553 -0.186492
t 0.607493 0.00682548 -0.794296
bt 0.286866 -0.933219 0.216356
t 0.453708 0.0391634 -0.89029
bt -0.383412 -0.904553 -0.186492
t 0.754972 0.00685229 -0.655721
bt 0.237445 -0.933218 0.269672
t 0.871488 0.00679742 -0.490369
bt 0.178382 -0.933216 0.31191
t 0.86292 -0.0392211 -0.503817
bt -0.208104 -0.904548 -0.372137
t 0.952361 0.00681702 -0.304898
bt 0.111943 -0.933214 0.341439
t 0.880977 0.0391991 -0.471532
bt -0.208104 -0.904548 -0.372137
t 0.995646 -0.00887049 0.0927914
bt 0.0522071 -0.862425 -0.503485
t -0.97987 0.00885192 0.199442
bt 0.101 -0.862419 0.496016
t -0.999928 -0.00863257 0.00831325
bt 0.00163342 -0.862412 0.506205
t -0.919682 0.00889146 0.392563
bt 0.198758 -0.862412 0.465554
t -0.820437 0.0170494 0.571483
bt -0.11735 -0.951925 0.282961
t -0.821814 0.00885986 0.569687
bt 0.288392 -0.862409 0.416029
t -0.690364 0.00894601 0.723407
bt 0.366238 -0.862402 0.349473
t -0.817045 -0.0170736 0.576322
bt 0.0976034 -0.985421 0.139354
t -0.530558 0.0088305 0.847603
bt 0.429066 -0.862423 0.268567
t -0.349128 0.00885699 0.937033
bt 0.474363 -0.862414 0.176699
t -0.15334 0.00888986 0.988134
bt 0.500221 -0.862415 0.0775843
t 0.0487272 0.00885074 0.998773
bt 0.505581 -0.862427 -0.0246514
t 0.248749 0.00890004 0.968527
bt 0.49028 -0.862423 -0.125907
t 0.438587 0.00885446 0.898645
bt 0.454878 -0.862429 -0.222041
t 0.610513 0.00886002 0.791957
bt 0.400857 -0.862424 -0.309092
t 0.75748 0.00885177 0.652799
bt 0.330499 -0.862411 -0.38343
t 0.873348 0.00887503 0.487017
bt 0.246567 -0.862415 -0.442093
t 0.95351 0.00889038 0.301229
bt 0.152486 -0.862413 -0.482692
t -0.979732 -0.004395 -0.200266
bt 0.0941387 -0.902023 -0.421299
t -0.999462 -0.0307268 -0.0114864
bt -0.00137789 -0.902056 -0.431618
t -0.922578 0.0131775 -0.385587
bt 0.177043 -0.902027 -0.393705
t -0.826059 0.0132173 -0.563429
bt 0.252756 -0.902028 -0.349943
t -0.69578 0.0131618 -0.718134
bt 0.317935 -0.90203 -0.291991
t -0.53695 0.0131636 -0.843511
bt 0.370192 -0.902032 -0.222028
t -0.35619 0.013205 -0.93432
bt 0.4073 -0.902032 -0.142988
t -0.160766 0.0132031 -0.986904
bt 0.427741 -0.902037 -0.0580185
t 0.0411409 0.0131852 -0.999066
bt 0.430702 -0.902017 0.0293416
t 0.2414 0.0131897 -0.970336
bt 0.41598 -0.902028 0.115351
t 0.431848 0.0131753 -0.90185
bt 0.384208 -0.902037 0.196758
t 0.604512 0.0132129 -0.796487
bt 0.336777 -0.902025 0.270059
t 0.75245 0.0132313 -0.658516
bt 0.275585 -0.902019 0.332286
t 0.869603 0.0132195 -0.493575
bt 0.202953 -0.902032 0.380983
t 0.951162 0.0131907 -0.308411
bt 0.122137 -0.902036 0.414021
t 0.993768 0.013165 -0.110686
bt 0.0363343 -0.902038 0.430124
t 0.995086 -0.0132323 -0.0981209
bt 0.0829767 0.894579 -0.439138
t 0.994902 -0.0110286 -0.100241
bt -0.103663 0.935348 -0.338198
t 0.995526 0.0110364 0.0938363
bt 0.0344048 0.937501 -0.346278
t 0.995699 0.0131955 0.0917047
bt 0.106035 0.900193 -0.422384
t -0.980047 -0.013202 0.198325
bt -0.0379512 0.894624 0.445206
t -0.979641 -0.0110323 0.200456
bt 0.0711897 0.937503 0.340618
t -0.999659 0.0232674 0.0118349
bt 0.00116349 0.937501 0.347982
t -0.999551 0.0256486 0.0154815
bt 0.00142023 0.902091 0.431544
t -0.920053 -0.0132015 0.391571
bt 0.0524641 0.894642 0.443692
t -0.919238 -0.0110533 0.393547
bt 0.138408 0.937487 0.319313
t -0.822404 -0.0132245 0.56875
bt 0.140682 0.894647 0.424046
t -0.821177 -0.0110671 0.570567
bt 0.199572 0.9375 0.285068
t -0.691154 -0.0131811 0.722587
bt 0.223117 0.894619 0.387137
t -0.68954 -0.0110571 0.724163
bt 0.252925 0.937505 0.238985
t -0.531534 -0.013211 0.846934
bt 0.296485 0.894643 0.334231
t -0.529656 -0.0110735 0.84814
bt 0.29596 0.937487 0.183099
t -0.350112 -0.0131808 0.936615
bt 0.357825 0.894604 0.267665
t -0.34803 -0.0110065 0.937419
bt 0.326779 0.937492 0.119685
t -0.154437 -0.0131815 0.987915
bt 0.404328 0.89463 0.190149
t -0.152236 -0.0110989 0.988282
bt 0.344217 0.937467 0.0516797
t 0.047585 -0.0131571 0.998781
bt 0.434264 0.894654 0.104923
t 0.0497699 -0.0110423 0.9987
bt 0.34754 0.937475 -0.0188789
t 0.247715 -0.0132297 0.968743
bt 0.44658 0.894612 0.0153374
t 0.249794 -0.0110064 0.968237
bt 0.336639 0.93749 -0.0882397
t 0.437629 -0.0131336 0.89906
bt 0.440489 0.894634 -0.0748345
t 0.439596 -0.0111102 0.898127
bt 0.3119 0.937473 -0.154475
t 0.6096 -0.0132258 0.792599
bt 0.416217 0.894694 -0.162127
t 0.611411 -0.0110719 0.791235
bt 0.274349 0.937522 -0.213977
t 0.756682 -0.0132214 0.653649
bt 0.375211 0.894668 -0.242458
t 0.75817 -0.0110588 0.651963
bt 0.226105 0.937472 -0.264616
t 0.872775 -0.0131875 0.487945
bt 0.318959 0.894581 -0.313033
t 0.869406 -0.0331766 0.492984
bt 0.167928 0.937458 -0.304913
t 0.953123 -0.0131845 0.302295
bt 0.249097 0.89467 -0.370832
t 0.953835 -0.0110709 0.300127
bt 0.102857 0.937483 -0.332486
t 0.8813 0.0331613 0.471393
bt 0.167928 0.937458 -0.304913
t -0.974155 -0.0570133 -0.218565
bt 0.0689072 -0.937494 -0.341111
t -0.999913 -0.0130614 -0.00164973
bt -0.00106 -0.937491 -0.348009
t -0.921735 0.0110413 -0.387662
bt 0.136255 -0.937486 -0.320242
t -0.82905 0.0331483 -0.558191
bt 0.197888 -0.937515 -0.286191
t -0.699729 0.0331845 -0.713637
bt 0.251415 -0.937519 -0.240518
t -0.815037 -0.0331718 -0.578459
bt 0.197888 -0.937515 -0.286191
t -0.535093 0.011076 -0.84472
bt 0.294835 -0.937455 -0.185069
t -0.681918 -0.0331484 -0.730677
bt 0.251415 -0.937519 -0.240518
t -0.354107 0.0110411 -0.93514
bt 0.325973 -0.937493 -0.121857
t -0.15861 0.0110512 -0.987279
bt 0.343791 -0.937505 -0.0537743
t 0.0433646 0.0110534 -0.998998
bt 0.347568 -0.937509 0.016558
t 0.243573 0.0110831 -0.969819
bt 0.337157 -0.937498 0.0861571
t 0.433824 0.0110595 -0.90093
bt 0.312908 -0.937491 0.152313
t 0.606295 0.0110315 -0.795163
bt 0.275881 -0.937482 0.212172
t 0.748119 0.033167 -0.662735
bt 0.227486 -0.937523 0.26325
t 0.870715 0.0110334 -0.491665
bt 0.169843 -0.937504 0.30371
t 0.764229 -0.0331236 -0.644094
bt 0.227486 -0.937523 0.26325
t 0.95187 0.011078 -0.306301
bt 0.105251 -0.937495 0.331701
t -0.982076 0.0355912 -0.185095
bt 0.064591 0.928835 0.36482
t -0.98183 0.0201955 -0.188687
bt -0.0855089 0.902086 0.423001
t -0.999551 0.0256486 0.0154815
bt 0.00142023 0.902091 0.431544
t -0.999659 0.0232674 0.0118349
bt 0.00116349 0.937501 0.347982
t -0.921735 0.0110347 -0.387664
bt -0.0101067 0.92884 0.370344
t -0.922576 0.0131705 -0.38559
bt -0.168741 0.902074 0.397227
t -0.82905 0.0331483 -0.558191
bt -0.0271492 0.918011 0.395625
t -0.826061 0.0132253 -0.563425
bt -0.245251 0.902069 0.355138
t -0.699729 0.0331845 -0.713637
bt -0.106255 0.91801 0.382058
t -0.695788 0.0131853 -0.718126
bt -0.311927 0.902065 0.298296
t -0.815049 -0.0331208 -0.578445
bt -0.197761 0.937461 0.286455
t -0.53509 0.0110654 -0.844723
bt -0.220038 0.92881 0.298154
t -0.536942 0.0131426 -0.843517
bt -0.365544 0.902062 0.229482
t -0.681923 -0.0331315 -0.730673
bt -0.251565 0.937456 0.240604
t -0.354105 0.0110336 -0.935141
bt -0.275449 0.928844 0.247743
t -0.356188 0.0132018 -0.934321
bt -0.404258 0.902062 0.151196
t -0.158611 0.0110539 -0.987279
bt -0.319727 0.928819 0.187272
t -0.160768 0.0132078 -0.986904
bt -0.426439 0.902047 0.066794
t 0.0433594 0.0110672 -0.998998
bt -0.350892 0.92881 0.119106
t 0.0411393 0.0131887 -0.999066
bt -0.431049 0.902098 -0.0204152
t 0.243574 0.0110805 -0.969819
bt -0.367649 0.928822 0.0460756
t 0.241395 0.0132008 -0.970337
bt -0.418178 0.902071 -0.106746
t 0.433831 0.0110364 -0.900926
bt -0.369391 0.928827 -0.0288239
t 0.431857 0.0131559 -0.901846
bt -0.388211 0.902047 -0.188687
t 0.606294 0.0110364 -0.795164
bt -0.355942 0.928854 -0.102644
t 0.604512 0.0132115 -0.796486
bt -0.342044 0.902078 -0.263175
t 0.748119 0.033167 -0.662735
bt -0.375923 0.91808 -0.12574
t 0.752455 0.0132161 -0.658511
bt -0.282169 0.902096 -0.326503
t 0.870711 0.0110512 -0.49167
bt -0.286611 0.928829 -0.234799
t 0.869601 0.0132252 -0.493578
bt -0.210607 0.902059 -0.376741
t 0.764238 -0.0331622 -0.644082
bt -0.227622 0.93745 -0.263394
t 0.951871 0.0110734 -0.306299
bt -0.233416 0.928848 -0.287676
t 0.951162 0.0131926 -0.308412
bt -0.130389 0.902049 -0.411469
t 0.9957 0.0132438 0.0916816
bt -0.0422137 -0.902071 0.429519
t -0.980049 -0.0132172 0.198318
bt -0.0883668 -0.902064 -0.422459
t -0.999462 -0.0307268 -0.0114864
bt -0.00137789 -0.902056 -0.431618
t -0.92005 -0.013185 0.391579
bt -0.17155 -0.902058 -0.396058
t -0.822411 -0.0132484 0.56874
bt -0.247838 -0.902055 -0.353373
t -0.69114 -0.0131397 0.722601
bt -0.313823 -0.902064 -0.296303
t -0.531531 -0.0132038 0.846936
bt -0.367063 -0.902057 -0.227064
t -0.350116 -0.0131896 0.936613
bt -0.405172 -0.902075 -0.148651
t -0.154441 -0.0131897 0.987914
bt -0.426833 -0.902066 -0.0639616
t 0.0475894 -0.013148 0.99878
bt -0.43099 -0.902054 0.0233738
t 0.2477 -0.013262 0.968746
bt -0.417435 -0.902068 0.109638
t 0.437633 -0.0131242 0.899058
bt -0.386909 -0.902061 0.191279
t 0.609611 -0.0131982 0.792591
bt -0.340474 -0.902048 0.265303
t 0.756681 -0.0132253 0.65365
bt -0.279881 -0.902049 0.328594
t 0.872774 -0.0131891 0.487946
bt -0.208054 -0.902074 0.378123
t 0.953121 -0.0131952 0.3023
bt -0.127829 -0.902054 0.41226
t -0.699368 0.0391496 0.713689
bt 0.31615 -0.904511 0.286198
t -0.672514 -0.03915 0.739048
bt 0.309969 -0.904547 0.292769
t -0.361219 0.0391878 0.931657
bt 0.403456 -0.904513 0.138128
t -0.326476 -0.0392417 0.94439
bt 0.400327 -0.904551 0.146717

