g sponza_15
t 0 0 1
bt -1 0 0
t 0 0 1
bt -1 0 0
t 0 0 1
bt -1 0 0
t 0 0 1
bt -1 0 0
t 0.209041 -0.955466 0.208294
bt 0.718128 -0.0558203 -0.693669
t 0 -1 0
bt 0.707111 0.000390153 -0.707102
t 0 -1 0
bt 0.707111 0 0.707102
t -0.208253 -0.955466 0.209082
bt 0.718128 0.0558222 0.693668
t 0.208754 -0.955466 -0.20858
bt -0.693811 -0.0556823 -0.718001
t 0 -1 0
bt -0.707102 0 -0.707111
t -0.208331 -0.955466 -0.209004
bt -0.718281 -0.0566941 0.69344
t 0 -1 0
bt -0.707111 -0.000395091 0.707102
t -0.208253 -0.955466 0.209082
bt 0.718128 0.0558222 0.693668
t 0 -1 0
bt 0.707111 0 0.707102
t -0.805898 -0.576188 -0.136145
bt -0.241297 0.394461 0.886666
t -0.805724 -0.576334 0.136558
bt 0.240758 -0.394791 0.886666
t 0.136879 -0.576263 -0.80572
bt -0.886509 0.394786 -0.24134
t -0.135805 -0.575883 -0.806173
bt -0.886509 -0.394786 0.24134
t 0.805716 -0.57634 0.136576
bt 0.241297 0.394461 -0.886666
t 0.805402 -0.576603 -0.137319
bt -0.241846 -0.394125 -0.886666
t -0.139377 -0.577144 0.804661
bt 0.886509 0.394786 0.24134
t 0.140194 -0.577431 0.804313
bt 0.886509 -0.394786 -0.24134
t -0.969635 -0.236238 -0.0632356
bt -0.048394 0.211538 0.976171
t -0.969715 -0.235368 0.0652291
bt 0.0479412 -0.210809 0.976351
t 0.048436 -0.233687 -0.971105
bt -0.975871 0.213874 -0.0439798
t -0.0466275 -0.23221 -0.971547
bt -0.976004 -0.213317 0.0437281
t 0.969064 -0.23687 0.0693335
bt 0.0483073 0.211764 -0.976126
t 0.96875 -0.238196 -0.0691775
bt -0.0487622 -0.212472 -0.97595
t -0.0390771 -0.22975 0.972465
bt 0.976272 0.212227 0.0430444
t 0.0379189 -0.230548 0.972322
bt 0.976136 -0.212803 -0.0432919
t 0.923879 0 0.382684
bt 0 -1 0
t 0.923879 0 0.382684
bt 0 -1 0
t 0.707107 0 0.707107
bt 0 -1 0
t 0.707107 0 0.707107
bt 0 -1 0
t 1 0 0
bt 0 -1 0
t 1 0 0
bt 0 -1 0
t 0.382684 0 -0.923879
bt 0 -1 0
t 0.382684 0 -0.923879
bt 0 -1 0
t 0.707107 0 -0.707107
bt 0 -1 0
t 0.707107 0 -0.707107
bt 0 -1 0
t -0.382697 0 -0.923874
bt 0 -1 0
t -0.382697 0 -0.923874
bt 0 -1 0
t -0.707107 0 -0.707107
bt 0 -1 0
t -0.707107 0 -0.707107
bt 0 -1 0
t -0.923874 0 0.382697
bt 0 -1 0
t -0.923874 0 0.382697
bt 0 -1 0
t -1 0 0
bt 0 -1 0
t -1 0 0
bt 0 -1 0
t -0.707107 0 0.707107
bt 0 -1 0
t -0.707107 0 0.707107
bt 0 -1 0
t 0 0 1
bt 0 -1 0
t 0 0 1
bt 0 -1 0
t 0 0 1
bt 0 -1 0
t 0 0 1
bt 0 -1 0
t 0.884601 0.0658441 0.461678
bt 0.648518 -0.549419 -0.526843
t 0.884599 0.0658464 0.46168
bt 0.306544 -0.598776 -0.739932
t 0.461678 -0.0658441 0.884601
bt 0.739942 -0.598776 -0.306519
t 0.461678 -0.0658441 0.884601
bt 0.801242 -0.586838 -0.11676
t 0.951957 0.0658588 -0.299065
bt 0.086089 -0.549421 -0.831098
t 0.951979 0.0657769 -0.299013
bt -0.306464 -0.598776 -0.739965
t 0.461676 0.065843 -0.884601
bt -0.526825 -0.549412 -0.648538
t 0.461677 0.0658439 -0.884601
bt -0.739948 -0.598776 -0.306503
t -0.299013 0.0657774 -0.951979
bt -0.83109 -0.549438 -0.086069
t -0.299013 0.0657774 -0.951979
bt -0.739963 -0.598776 0.306467
t -0.884585 0.0657707 -0.461718
bt -0.648517 -0.549463 0.526798
t -0.884601 0.0658441 -0.461678
bt -0.306467 -0.598776 0.739963
t -0.95198 0.0657779 0.299012
bt -0.0860159 -0.549451 0.831087
t -0.95198 0.0657779 0.299012
bt 0.306546 -0.598776 0.73993
t -0.461679 0.0658451 0.8846
bt 0.526863 -0.549426 0.648496
t -0.461675 0.065842 0.884602
bt 0.739957 -0.598776 0.306482
t 0.461678 -0.0658441 0.884601
bt 0.801242 -0.586838 -0.11676
t 0.461678 -0.0658441 0.884601
bt 0.739942 -0.598776 -0.306519
t 0.921211 0.0219944 0.388442
bt 0.25082 -0.948904 -0.191493
t 0.906326 0.155319 0.393001
bt 0.260326 -0.652745 -0.711446
t 0.393473 -0.155045 0.906168
bt 0.712187 -0.651821 -0.260613
t 0.388442 -0.0219945 0.921211
bt 0.284685 -0.958062 -0.0327244
t 0.926051 0.0220062 -0.376757
bt 0.0419214 -0.948907 -0.312758
t 0.969072 -0.0191365 -0.246036
bt -0.260265 -0.652735 -0.711477
t 0.388442 0.0219947 -0.921211
bt -0.1915 -0.948907 -0.250805
t 0.321333 0.0713717 -0.944273
bt -0.758927 -0.625639 -0.180571
t -0.376757 0.0220063 -0.926051
bt -0.312756 -0.948908 -0.0419175
t -0.090657 0.116337 -0.989064
bt -0.73431 -0.623172 0.269157
t -0.921211 0.0219946 -0.388442
bt -0.25081 -0.948906 0.191498
t -0.90047 0.14444 -0.410232
bt -0.271306 -0.616287 0.739313
t -0.538546 -0.268597 -0.798639
bt -0.73431 -0.623172 0.269157
t -0.926051 0.0220063 0.376757
bt -0.0419011 -0.948911 0.31275
t -0.96761 -0.0105738 0.252229
bt 0.271363 -0.616388 0.739208
t -0.388442 0.0219946 0.921211
bt 0.1915 -0.948907 0.250804
t -0.311582 0.0785291 0.946969
bt 0.735998 -0.654673 0.172368
t 0.388442 -0.0219945 0.921211
bt 0.284685 -0.958062 -0.0327244
t 0.393473 -0.155045 0.906168
bt 0.712187 -0.651821 -0.260613
t -0.0427778 -0.640392 -0.766856
bt -0.988865 0.125069 -0.080651
t 0.0395997 -0.640917 -0.766588
bt -0.988916 -0.124602 0.0807462
t -0.0505653 -0.150129 -0.987373
bt -0.770052 0.62971 -0.102396
t 0.764466 -0.64466 -0.00239772
bt 0.094933 0.112494 -0.989107
t 0.764947 -0.644055 0.00704983
bt -0.0951818 -0.112806 -0.989048
t -0.0670279 -0.59802 0.798674
bt 0.988345 -0.139387 -0.0612018
t -0.311582 0.0785291 0.946969
bt 0.735998 -0.654673 0.172368
t 0.0351527 -0.602899 0.797043
bt 0.988877 0.12806 0.0756546
t 0.0486804 -0.148797 0.987669
bt 0.793877 0.600886 0.093245
t -0.788977 -0.614419 0.00208894
bt -0.0909082 0.11666 0.989003
t -0.789428 -0.613802 -0.00716284
bt 0.090657 -0.116337 0.989064
t 0.321333 0.0713717 -0.944273
bt -0.758927 -0.625639 -0.180571
t 0.8882 0.0677393 0.454435
bt 0.292024 -0.646284 -0.70501
t 0.454435 -0.0677394 0.8882
bt 0.70501 -0.646284 -0.292025
t 0.454435 -0.0677394 0.8882
bt 0.50849 -0.598497 -0.619063
t 0.8882 0.0677393 0.454435
bt 0.112473 -0.63468 -0.764546
t 0.949398 0.0676992 -0.306692
bt -0.292 -0.646284 -0.70502
t 0.949398 0.0676986 -0.306692
bt -0.461077 -0.634675 -0.620158
t 0.454434 0.0677383 -0.888201
bt -0.70501 -0.646284 -0.292025
t 0.454434 0.0677383 -0.888201
bt -0.764548 -0.634679 -0.112465
t -0.306692 0.0676985 -0.949398
bt -0.70501 -0.646284 0.292025
t -0.306692 0.0676991 -0.949398
bt -0.620145 -0.634672 0.461099
t -0.8882 0.0677393 -0.454435
bt -0.292001 -0.646284 0.70502
t -0.8882 0.0677393 -0.454435
bt -0.112449 -0.634677 0.764552
t -0.949398 0.0676997 0.306691
bt 0.292025 -0.646284 0.70501
t -0.949398 0.0676996 0.306691
bt 0.461093 -0.634672 0.620148
t -0.454436 0.0677404 0.8882
bt 0.70501 -0.646284 0.292025
t -0.454436 0.0677404 0.8882
bt 0.764548 -0.634679 0.112465
t 0.454435 -0.0677394 0.8882
bt 0.70501 -0.646284 -0.292025
t 0.454435 -0.0677394 0.8882
bt 0.50849 -0.598497 -0.619063
t 0.888201 -0.0677393 0.454435
bt -0.292024 -0.646284 0.70501
t 0.454435 0.0677393 0.8882
bt -0.70501 -0.646284 0.292025
t 0.454435 0.0677394 0.8882
bt -0.508486 -0.598495 0.619068
t 0.888201 -0.0677393 0.454435
bt -0.112469 -0.63468 0.764547
t 0.949398 -0.0676986 -0.306692
bt 0.292 -0.646284 0.70502
t 0.949398 -0.0676992 -0.306692
bt 0.46108 -0.634674 0.620156
t 0.454435 -0.0677395 -0.8882
bt 0.70501 -0.646284 0.292025
t 0.454435 -0.0677395 -0.8882
bt 0.764549 -0.634679 0.112462
t -0.306692 -0.0676991 -0.949398
bt 0.70501 -0.646284 -0.292026
t -0.306692 -0.0676985 -0.949398
bt 0.620143 -0.634671 -0.461102
t -0.888201 -0.067738 -0.454434
bt 0.292001 -0.646284 -0.70502
t -0.888201 -0.067738 -0.454434
bt 0.112445 -0.634677 -0.764553
t -0.949398 -0.0676996 0.306691
bt -0.292025 -0.646284 -0.70501
t -0.949398 -0.0676997 0.306691
bt -0.461096 -0.634672 -0.620147
t -0.454436 -0.0677405 0.8882
bt -0.70501 -0.646284 -0.292026
t -0.454436 -0.0677405 0.8882
bt -0.764549 -0.634679 -0.112462
t 0.454435 0.0677393 0.8882
bt -0.70501 -0.646284 0.292025
t 0.454435 0.0677394 0.8882
bt -0.508486 -0.598495 0.619068
t 0.394018 0.029657 0.918624
bt -0.352152 -0.921263 0.165118
t 0.918624 -0.0296563 0.394018
bt -0.140501 -0.921372 0.362398
t 0.928191 -0.0296403 -0.370922
bt 0.15691 -0.921372 0.355602
t 0.394018 -0.0296567 -0.918624
bt 0.362405 -0.921372 0.140485
t -0.370922 -0.0296399 -0.928191
bt 0.3556 -0.921372 -0.156914
t -0.918624 -0.0296563 -0.394018
bt 0.140499 -0.921372 -0.362399
t -0.928191 -0.0296397 0.370922
bt -0.156915 -0.921372 -0.355599
t -0.394018 -0.0296556 0.918624
bt -0.362397 -0.921372 -0.140503
t 0.394018 0.029657 0.918624
bt -0.352152 -0.921263 0.165118
t 0.431431 0.0672265 0.899638
bt -0.435203 -0.740489 0.512127
t 0.899636 -0.0672313 0.431434
bt -0.0960242 -0.768762 0.632285
t 0.941206 -0.0672348 -0.331076
bt 0.379231 -0.768758 0.514971
t 0.431433 -0.0672287 -0.899637
bt 0.632301 -0.768756 0.0959701
t -0.331076 -0.0672349 -0.941206
bt 0.514964 -0.768756 -0.379244
t -0.899637 -0.0672289 -0.431433
bt 0.0959373 -0.768752 -0.632311
t -0.941206 -0.0672338 0.331077
bt -0.379314 -0.768747 -0.514926
t -0.431431 -0.0672266 0.899638
bt -0.632301 -0.768756 -0.0959701
t 0.431431 0.0672265 0.899638
bt -0.435203 -0.740489 0.512127
t 0 -1 0
bt 1 0 0
t 0 -1 0
bt 1 0 0
t 0 -1 0
bt 1 0 0
t 0 -1 0
bt 1 0 0
t 0 -1 0
bt 0 0 -1
t 0 -1 0
bt 0 0 -1
t 0 -1 0
bt 0 0 -1
t 0 -1 0
bt 0 0 -1
t 0 -1 0
bt -1 0 0
t 0 -1 0
bt -1 0 0
t 0 -1 0
bt -1 0 0
t 0 -1 0
bt -1 0 0
t 0 -1 0
bt 0 0 1
t 0 -1 0
bt 0 0 1
t 0 -1 0
bt 0 0 1
t 0 -1 0
bt 0 0 1
t 0 -1 0
bt 1 0 0
t 0 -1 0
bt 1 0 0
t 0 -1 0
bt 1 0 0
t 0 -1 0
bt 1 0 0
t 0 -1 0
bt 0 0 -1
t 0 -1 0
bt 0 0 -1
t 0 -1 0
bt 0 0 -1
t 0 -1 0
bt 0 0 -1
t 0 -1 0
bt -1 0 0
t 0 -1 0
bt -1 0 0
t 0 -1 0
bt -1 0 0
t 0 -1 0
bt -1 0 0
t 0 -1 0
bt 0 0 1
t 0 -1 0
bt 0 0 1
t 0 -1 0
bt 0 0 1
t 0 -1 0
bt 0 0 1
t 0.00518188 0 -0.999987
bt 1 0 0
t -0.707072 0 -0.707142
bt 1 0 0
t 0.00518188 0 -0.999987
bt 1 0 0
t 0.00518188 0 -0.999987
bt 1 0 0
t -0.707073 0 -0.707141
bt 0 0 -1
t -0.707072 0 0.707142
bt 0 0 -1
t -0.707073 0 -0.707141
bt 0 0 -1
t -0.707073 0 -0.707141
bt 0 0 -1
t -0.707072 0 0.707142
bt -1 0 0
t 0.707037 0 0.707177
bt -1 0 0
t -0.707072 0 0.707142
bt -1 0 0
t -0.707072 0 0.707142
bt -1 0 0
t 0.707036 0 0.707177
bt 0 0 1
t 0.999869 0 0.0162175
bt 0 0 1
t 0.707036 0 0.707177
bt 0 0 1
t 0.707036 0 0.707177
bt 0 0 1
t -0.0163711 0 0.999866
bt 1 0 0
t -0.0174287 0 0.999848
bt 1 0 0
t -0.0163711 0 0.999866
bt 1 0 0
t -0.0163711 0 0.999866
bt 1 0 0
t -0.999868 0 -0.0162551
bt 0 0 1
t -0.999844 0 -0.0176441
bt 0 0 1
t -0.999868 0 -0.0162551
bt 0 0 1
t -0.999868 0 -0.0162551
bt 0 0 1
t 0.0164553 0 -0.999865
bt -1 0 0
t 0.0175188 0 -0.999847
bt -1 0 0
t 0.0164553 0 -0.999865
bt -1 0 0
t 0.0164553 0 -0.999865
bt -1 0 0
t 0.999868 0 0.0162535
bt 0 0 -1
t 0.999844 0 0.0176423
bt 0 0 -1
t 0.999868 0 0.0162535
bt 0 0 -1
t 0.999868 0 0.0162535
bt 0 0 -1

