g sponza_169
t -0.137146 0.614727 -0.776725
bt 0.997607 -0.009528 -0.0684866
t 0.136986 0.614085 -0.77726
bt 0.992017 0.0311007 0.122211
t -0.0444179 0.604923 -0.795044
bt 0.992211 0.0302827 0.120831
t -0.137187 0.614065 -0.777241
bt 0.99776 -0.00702359 -0.0665303
t 0.394728 0.614035 -0.683484
bt 0.883391 0.028432 0.467773
t 0.230858 0.603835 -0.762947
bt 0.88339 0.0284301 0.467775
t 0.604608 0.614038 -0.507353
bt 0.67011 0.0284639 0.741716
t 0.477929 0.603839 -0.637936
bt 0.670111 0.0284648 0.741715
t 0.741637 0.614075 -0.269975
bt 0.352647 0.0325356 0.935191
t 0.690336 0.605257 -0.39636
bt 0.34935 0.0354241 0.936322
t 0.776756 0.614713 -0.137033
bt 0.045751 0.00955339 0.998907
t 0.784887 0.617922 -0.0460921
bt 0.0408949 0.0148653 0.999053
t -0.776756 0.614712 0.13704
bt 0.045751 -0.00955338 0.998907
t -0.741636 0.614075 0.269976
bt 0.269551 0.0355073 0.962331
t -0.769091 0.612557 0.182408
bt 0.265258 0.0332981 0.963602
t -0.784887 0.617922 0.0460941
bt 0.0408949 -0.0148653 0.999053
t -0.604608 0.614038 0.507353
bt 0.614074 0.0284497 0.788735
t -0.711254 0.603837 0.359859
bt 0.614075 0.0284492 0.788735
t -0.394729 0.614035 0.683483
bt 0.846816 0.0284814 0.531123
t -0.545326 0.603824 0.581391
bt 0.846817 0.0284804 0.531121
t -0.136987 0.614085 0.77726
bt 0.97936 0.0301199 0.199869
t -0.228023 0.610584 0.758414
bt 0.979553 0.0311323 0.198763
t 0.13715 0.614727 0.776724
bt 0.997606 0.009528 -0.0684866
t 0.137192 0.614065 0.77724
bt 0.99776 0.00702358 -0.0665303
t -0.0103766 0.998981 -0.0439209
bt 0.99695 -0.000750394 -0.0780423
t 0.00784752 0.998982 -0.0444143
bt 0.987075 0.00286051 0.160233
t -0.00232189 0.998931 -0.0461649
bt 0.987107 0.00286809 0.160034
t -0.00782904 0.998982 -0.0444252
bt 0.996989 -0.000746943 -0.0775439
t 0.0225439 0.998982 -0.039063
bt 0.866069 0.002649 0.499917
t 0.0136461 0.99893 -0.0441976
bt 0.866069 0.00264935 0.499917
t 0.0345496 0.998982 -0.0289882
bt 0.642839 0.00265041 0.765996
t 0.0279335 0.99893 -0.03687
bt 0.64284 0.00265007 0.765996
t 0.0392495 0.998913 -0.0251495
bt 0.308844 0.00319161 0.951107
t 0.0426943 0.998968 -0.0155231
bt 0.308156 0.00324742 0.95133
t 0.044164 0.998941 -0.0129247
bt 0.0268732 0.0011361 0.999638
t 0.044411 0.998983 -0.0078343
bt 0.025775 0.00115221 0.999667
t -0.00658711 0.993396 0.11455
bt 0.996945 0.00196862 -0.0780815
t 0.0196987 0.993433 0.112704
bt 0.996999 0.00188198 -0.0773896
t -0.0199586 0.993433 0.112659
bt 0.987199 -0.0071907 0.15933
t -0.0327285 0.99333 0.110565
bt 0.987151 -0.0072259 0.159627
t -0.0571167 0.993434 0.099127
bt 0.866391 -0.00667871 0.499322
t -0.0684524 0.99335 0.0925709
bt 0.866391 -0.00667941 0.499322
t -0.0876552 0.993435 0.0735097
bt 0.643388 -0.00667641 0.765511
t -0.0959315 0.993362 0.0634785
bt 0.643388 -0.00666997 0.765511
t -0.109605 0.993431 0.0328779
bt 0.308915 -0.00811566 0.951055
t -0.107361 0.993449 0.0391448
bt 0.3099 -0.00799635 0.950736
t -0.112862 0.993589 0.00662625
bt 0.0277938 -0.00278259 0.99961
t -0.112604 0.993442 0.019854
bt 0.0260994 -0.00296926 0.999655
t -0.137029 0.614362 0.777034
bt -0.973054 -0.025012 -0.229218
t -0.394634 0.614084 0.683495
bt -0.912163 0.0846068 -0.400999
t -0.146097 0.591279 0.793123
bt -0.912166 0.0846132 -0.400991
t -0.137068 0.614106 0.777229
bt -0.972739 -0.0229525 -0.230766
t -0.394634 0.614084 0.683495
bt -0.803373 -0.0846561 -0.589427
t -0.604587 0.614038 0.507378
bt -0.670113 0.0284672 -0.741713
t -0.477882 0.603832 0.637978
bt -0.670113 0.0284668 -0.741713
t -0.394634 0.614084 0.683495
bt -0.803373 -0.0846561 -0.589427
t -0.741702 0.61402 0.269923
bt -0.376018 0.0284634 -0.926175
t -0.69744 0.609945 0.376224
bt -0.376018 0.0284637 -0.926175
t -0.782588 0.618822 0.0679292
bt -0.153238 0.0261884 -0.987842
t -0.782893 0.618433 0.0679662
bt -0.154028 0.0252002 -0.987745
t 0.741702 0.61402 -0.269923
bt -0.376018 -0.0284637 -0.926175
t 0.604587 0.614038 -0.507378
bt -0.614079 0.0284456 -0.788732
t 0.711271 0.603834 -0.35983
bt -0.614079 0.0284453 -0.788732
t 0.763326 0.612585 -0.205117
bt -0.376018 -0.0284637 -0.926175
t 0.394634 0.614084 -0.683495
bt -0.803374 0.0846555 -0.589427
t 0.613802 0.591271 -0.523112
bt -0.803374 0.0846561 -0.589427
t 0.394634 0.614084 -0.683495
bt -0.912166 -0.0846132 -0.400991
t 0.137027 0.614362 -0.777034
bt -0.973052 0.0250163 -0.229223
t 0.313491 0.606412 -0.730744
bt -0.972739 0.0229525 -0.230766
t 0.394634 0.614084 -0.683495
bt -0.912166 -0.0846132 -0.400991
t -0.136115 0.616159 -0.775771
bt -0.999067 0.0189919 0.0387837
t 0.068861 0.614113 -0.786209
bt -0.999155 0.0182446 0.0368291
t -0.00784911 0.998982 0.0444256
bt -0.979836 -0.00224355 -0.19979
t -0.0225528 0.998982 0.0390579
bt -0.866069 0.00264957 -0.499917
t -0.0136491 0.99893 0.0441959
bt -0.866069 0.00264948 -0.499917
t -0.013063 0.997146 0.0743608
bt -0.985076 -0.00595429 -0.172017
t -0.0345581 0.998982 0.028978
bt -0.642839 0.00265059 -0.765996
t -0.027937 0.99893 0.0368659
bt -0.64284 0.00265051 -0.765996
t -0.0388612 0.99893 0.0250881
bt -0.34217 0.00264626 -0.939634
t -0.0423795 0.998982 0.0154301
bt -0.34217 0.002646 -0.939634
t -0.0428309 0.998962 0.0154963
bt -0.121722 0.00233516 -0.992562
t -0.0444594 0.999004 0.00385924
bt -0.121916 0.00233768 -0.992538
t 0.0198251 0.993441 -0.112615
bt -0.980123 -0.0168589 -0.197674
t -0.00978211 0.993591 -0.112608
bt -0.998171 0.00430587 0.0603006
t 2.76462e-05 0.99356 -0.113303
bt -0.998195 0.00428245 0.0599008
t 0.019825 0.993441 -0.112614
bt -0.979867 -0.00566504 -0.199574
t 0.0583283 0.992793 -0.104694
bt -0.979339 0.0169365 -0.201515
t 0.0571719 0.993434 -0.0990952
bt -0.866391 -0.00668094 -0.499322
t 0.0684614 0.99335 -0.0925657
bt -0.866391 -0.00668054 -0.499322
t 0.0875418 0.993446 -0.0734913
bt -0.643388 -0.00666957 -0.765511
t 0.0959417 0.993362 -0.0634663
bt -0.643388 -0.00667044 -0.765511
t 0.107511 0.993435 -0.0391036
bt -0.342766 -0.00667661 -0.939397
t 0.107511 0.993435 -0.0391036
bt -0.342766 -0.00667661 -0.939397
t -0.777238 0.614098 -0.137054
bt 0.268173 -0.09937 -0.958232
t -0.683559 0.614035 -0.394598
bt 0.46777 0.0284346 -0.883393
t -0.762949 0.603835 -0.230851
bt 0.467774 0.0284312 -0.883391
t -0.777538 0.61371 -0.137096
bt 0.265683 -0.102822 -0.958561
t -0.507366 0.614038 -0.604597
bt 0.741718 0.0284619 -0.670108
t -0.638008 0.603827 -0.477848
bt 0.741715 0.0284649 -0.670111
t -0.269902 0.614045 -0.741688
bt 0.931953 0.0310654 -0.361246
t -0.396338 0.606295 -0.689436
bt 0.93272 0.0327081 -0.359114
t -0.137146 0.614727 -0.776725
bt 0.997607 -0.009528 -0.0684866
t -0.137187 0.614065 -0.777241
bt 0.99776 -0.00702359 -0.0665303
t 0.13715 0.614727 0.776724
bt 0.997606 0.009528 -0.0684866
t 0.269902 0.614045 0.741688
bt 0.958418 0.0328579 -0.28347
t 0.18262 0.612089 0.769414
bt 0.959308 0.0317429 -0.280573
t 0.137192 0.614065 0.77724
bt 0.99776 0.00702358 -0.0665303
t 0.507366 0.614038 0.604598
bt 0.788736 0.0284507 -0.614073
t 0.35982 0.603832 0.711278
bt 0.788734 0.0284481 -0.614076
t 0.683559 0.614035 0.394598
bt 0.531125 0.0284834 -0.846815
t 0.58143 0.603831 0.545278
bt 0.531121 0.0284804 -0.846817
t 0.777238 0.614098 0.137056
bt 0.268167 0.099365 -0.958234
t 0.705787 0.586143 0.397871
bt 0.265683 0.102822 -0.958561
t -0.0444404 0.998981 -0.00782861
bt 0.140244 -0.0095441 -0.990071
t -0.0390537 0.998982 -0.0225601
bt 0.499917 0.00264929 -0.866069
t -0.0442031 0.99893 -0.0136367
bt 0.499917 0.00264989 -0.866069
t -0.0446426 0.998972 -0.00785706
bt 0.139691 -0.00961373 -0.990148
t -0.0289816 0.998982 -0.0345551
bt 0.765996 0.00265041 -0.642839
t -0.0368587 0.99893 -0.027943
bt 0.765996 0.00265044 -0.64284
t -0.0251226 0.998919 -0.0391058
bt 0.947123 0.00299564 -0.320856
t -0.0155266 0.998968 -0.0426764
bt 0.947253 0.00303469 -0.320472
t -0.0103766 0.998981 -0.0439209
bt 0.99695 -0.000750394 -0.0780423
t -0.00782904 0.998982 -0.0444252
bt 0.996989 -0.000746943 -0.0775439
t 0.107282 0.992514 0.0583725
bt 0.142747 0.0240678 -0.989467
t 0.112734 0.993427 0.019857
bt 0.14163 0.0241796 -0.989624
t 0.0990547 0.993434 0.057242
bt 0.499322 -0.00667967 -0.866391
t 0.0925433 0.99335 0.0685002
bt 0.499322 -0.00667969 -0.866391
t 0.0735706 0.993435 0.0876042
bt 0.765511 -0.0066757 -0.643388
t 0.0635889 0.993351 0.0959679
bt 0.765511 -0.00667582 -0.643388
t 0.032895 0.993416 0.109743
bt 0.947008 -0.00760139 -0.32112
t 0.0392227 0.993431 0.107497
bt 0.946806 -0.0075345 -0.321716
t -0.00658711 0.993396 0.11455
bt 0.996945 0.00196862 -0.0780815
t 0.0196987 0.993433 0.112704
bt 0.996999 0.00188198 -0.0773896
t 0.784887 0.617922 -0.0460921
bt 0.0408949 0.0148653 0.999053
t 0.776756 0.614713 -0.137033
bt 0.045751 0.00955339 0.998907
t 0.777019 0.614387 0.137001
bt -0.1667 0.0234996 0.985728
t 0.777323 0.613989 0.137062
bt -0.168052 0.0253357 0.985453
t 0.683521 0.614035 0.394664
bt -0.467775 0.0284301 0.88339
t 0.762944 0.603836 0.230865
bt -0.467769 0.0284351 0.883393
t 0.507328 0.614038 0.604629
bt -0.741713 0.0284677 0.670114
t 0.637957 0.603835 0.477905
bt -0.741716 0.0284636 0.67011
t 0.269921 0.61402 0.741702
bt -0.926176 0.0284623 0.376016
t 0.376186 0.609948 0.697458
bt -0.926176 0.0284628 0.376017
t 0.0679588 0.618401 0.782919
bt -0.996194 0.0177288 0.0853426
t -0.000281589 0.617583 0.786506
bt -0.996302 0.0188086 0.0838363
t -0.269921 0.61402 -0.741702
bt -0.926176 -0.0284629 0.376017
t -0.507328 0.614038 -0.604629
bt -0.788736 0.0284501 0.614074
t -0.359805 0.60383 -0.711287
bt -0.788735 0.0284495 0.614074
t -0.269921 0.61402 -0.741702
bt -0.926176 -0.0284629 0.376017
t -0.683521 0.614035 -0.394664
bt -0.531116 0.0284749 0.846821
t -0.581392 0.603824 -0.545326
bt -0.53112 0.028479 0.846818
t -0.77702 0.614387 -0.136999
bt -0.227971 0.0251847 0.973342
t -0.73097 0.606128 -0.313517
bt -0.229359 0.0233346 0.973062
t -0.776756 0.614712 0.13704
bt 0.045751 -0.00955338 0.998907
t -0.784887 0.617922 0.0460941
bt 0.0408949 -0.0148653 0.999053
t 0.044164 0.998941 -0.0129247
bt 0.0268732 0.0011361 0.999638
t 0.0444284 0.998982 0.00783515
bt -0.197901 0.00225849 0.980219
t 0.0462626 0.998927 -0.00224012
bt -0.198304 0.00224806 0.980138
t 0.044411 0.998983 -0.0078343
bt 0.025775 0.00115221 0.999667
t 0.0390659 0.998982 0.0225389
bt -0.499917 0.0026495 0.866069
t 0.0442022 0.99893 0.0136381
bt -0.499917 0.00264921 0.866069
t 0.029006 0.998982 0.0345346
bt -0.765996 0.00265029 0.642839
t 0.0368823 0.998929 0.0279232
bt -0.765996 0.00265001 0.64284
t 0.0339305 0.997281 0.0654177
bt -0.948455 0.00351947 0.316893
t 0.0154474 0.998979 0.0424453
bt -0.957035 0.00352007 0.289951
t -0.0717344 0.988133 0.135825
bt -0.996274 0.0015823 0.0862304
t -0.0198688 0.990854 0.13347
bt -0.995374 -0.00410641 0.0959893
t -0.112862 0.993589 0.00662625
bt 0.0277938 -0.00278259 0.99961
t -0.112604 0.993442 0.019854
bt 0.0260994 -0.00296926 0.999655
t -0.112501 0.993454 -0.0198377
bt -0.19775 -0.00573375 0.980236
t -0.109999 0.993394 -0.032695
bt -0.197253 -0.00567994 0.980336
t -0.0990894 0.993434 -0.057182
bt -0.499322 -0.00668109 0.866391
t -0.0925719 0.99335 -0.0684507
bt -0.499322 -0.00668062 0.866391
t -0.0736086 0.993435 -0.0875723
bt -0.765511 -0.00667566 0.643388
t -0.0636015 0.993351 -0.0959573
bt -0.765511 -0.00667551 0.643388
t -0.0391583 0.993435 -0.107491
bt -0.939397 -0.00667557 0.342766
t -0.0391583 0.993435 -0.107491
bt -0.939397 -0.00667557 0.342766
t 0.998394 0.0322515 0.0465829
bt -0.0682107 -0.621768 0.780226
t 0.964643 -0.0322682 -0.261579
bt 0.235531 -0.62178 0.746937
t 0.964642 -0.0322684 -0.261579
bt 0.134824 -0.618391 0.774219
t 0.998394 0.0322515 0.0465829
bt -0.0682107 -0.621768 0.780226
t 0.996208 -0.00350714 0.0869366
bt 0.00446658 -0.998595 -0.0528115
t 0.953763 0.00350318 -0.300538
bt -0.0160392 -0.9986 -0.0504088
t 0.953763 0.0035034 -0.300538
bt -0.00962535 -0.998578 -0.0524301
t 0.996208 -0.00350714 0.0869366
bt 0.00446658 -0.998595 -0.0528115
t 0.998231 -0.0328188 0.0495833
bt 0.0658252 -0.65721 -0.750828
t 0.963846 0.0327826 -0.264434
bt -0.226541 -0.657213 -0.718853
t 0.963846 0.0327811 -0.264436
bt -0.130026 -0.653914 -0.745312
t 0.998231 -0.0328188 0.0495833
bt 0.0658252 -0.65721 -0.750828
t 0.996584 0.0205807 0.0799863
bt -0.0285416 -0.944399 0.327561
t 0.955642 -0.0205886 -0.29381
bt 0.0989127 -0.944401 0.313565
t 0.955642 -0.0205875 -0.29381
bt 0.0585616 -0.94356 0.325982
t 0.996584 0.0205807 0.0799863
bt -0.0285416 -0.944399 0.327561
t 0.996583 -0.0205801 0.0799865
bt 0.028542 -0.944399 -0.327561
t 0.955642 0.0205875 -0.29381
bt -0.0989127 -0.944401 -0.313565
t 0.955642 0.0205886 -0.29381
bt -0.0585704 -0.943561 -0.325979
t 0.996583 -0.0205801 0.0799865
bt 0.028542 -0.944399 -0.327561
t 0.996289 0.010757 0.0853934
bt -0.0142425 -0.986393 0.163788
t 0.954201 -0.0107508 -0.298972
bt 0.0495434 -0.986393 0.156764
t 0.954201 -0.0107499 -0.298972
bt 0.0294657 -0.986177 0.163056
t 0.996289 0.010757 0.0853934
bt -0.0142425 -0.986393 0.163788
t 0.997119 -0.028984 0.0701037
bt 0.0440542 -0.861589 -0.505691
t 0.958307 0.0289881 -0.284267
bt -0.152671 -0.86159 -0.484101
t 0.954987 0.0126856 -0.296375
bt -0.0639906 -0.940229 -0.334475
t 0.996503 -0.0126665 0.0825971
bt 0.0294207 -0.940968 -0.337214
t 0.954067 0.00927702 -0.299449
bt -0.0252099 -0.989804 -0.14019
t 0.996265 -0.00927809 0.0858517
bt 0.0123945 -0.989967 -0.140755
t 0.994504 -0.0820501 -0.0650297
bt 0.0766198 -0.476539 -0.875808
t 0.967486 0.0277328 -0.2514
bt -0.264358 -0.476532 -0.83847
t 0.967485 0.027731 -0.251403
bt -0.149662 -0.473182 -0.868159
t 0.994504 -0.0820501 -0.0650297
bt 0.0766198 -0.476539 -0.875808
t 0.999302 -0.0224691 0.0298475
bt 0.0811082 -0.365285 -0.927356
t 0.969144 0.0225487 -0.245463
bt -0.27988 -0.365316 -0.887813
t 0.969145 0.0225502 -0.245459
bt -0.157433 -0.362394 -0.918633
t 0.999302 -0.0224691 0.0298475
bt 0.0811082 -0.365285 -0.927356
t 0.995246 0.0972961 0.00431923
bt 0.207862 -0.736147 0.644112
t 0.995247 0.0972878 0.00432638
bt -0.0563191 -0.76305 0.643881
t 0.961603 -0.0315186 -0.272627
bt 0.210348 -0.761369 0.613246
t 0.960892 -0.0336134 -0.274875
bt 0.293213 -0.757414 0.583396
t 0.997475 -0.0316976 0.0635581
bt 0.0520924 -0.802459 -0.594429
t 0.960065 0.0317214 -0.277974
bt -0.179535 -0.802456 -0.569063
t 0.960065 0.0317252 -0.277971
bt -0.104407 -0.800006 -0.590838
t 0.997475 -0.0316976 0.0635581
bt 0.0520924 -0.802459 -0.594429
t 0.997842 0.0327254 0.056932
bt -0.0591741 -0.73431 0.67623
t 0.962166 -0.0323519 -0.270538
bt 0.213488 -0.733337 0.645477
t 0.956739 -0.0172097 -0.290439
bt 0.109934 -0.854417 0.507824
t 0.996908 0.0174957 0.0766086
bt -0.0706937 -0.855651 0.512702
t 0.99624 0.00751622 0.0863074
bt -0.00998246 -0.993469 0.113661
t 0.954204 -0.00749893 -0.299063
bt 0.0410702 -0.993296 0.108054
t 0.954794 -0.0109786 -0.297064
bt 0.0772752 -0.956392 0.28168
t 0.996421 0.0110358 0.0838076
bt -0.0252837 -0.957028 0.288893
t 0.988253 -0.00187715 0.152815
bt -0.222469 -0.0276375 0.974548
t 0.988253 -0.00187725 0.152818
bt -0.087179 -0.0279037 0.995802
t 0.915594 0.0018398 0.402099
bt -0.461528 -0.0279547 0.886685
t 0.915594 0.0018398 0.402099
bt -0.461528 -0.0279547 0.886685
t 0.992217 -0.033133 0.120032
bt -0.0612882 -0.707101 0.704452
t 0.901329 0.0331141 0.431868
bt -0.326525 -0.707104 0.627204
t 0.901329 0.0331149 0.431867
bt -0.242175 -0.704009 0.667624
t 0.992217 -0.033133 0.120032
bt -0.0612882 -0.707101 0.704452
t 0.99799 -0.0330943 0.054051
bt 0.0612874 -0.707101 -0.704452
t 0.962632 0.0331104 -0.268783
bt -0.213005 -0.707017 -0.674355
t 0.962632 0.033114 -0.268779
bt -0.122974 -0.703949 -0.699524
t 0.99799 -0.0330943 0.054051
bt 0.0612874 -0.707101 -0.704452
t 0.996191 0 0.0872004
bt 0 -1 0
t 0.996191 0 0.0872004
bt 0 -1 0
t 0.953718 0 -0.300703
bt 0 -1 0
t 0.953718 0 -0.300703
bt 0 -1 0
t 0.996199 0.00255819 0.0870684
bt -0.00319386 -0.999255 0.0384661
t 0.953738 -0.00255803 -0.300629
bt 0.0114844 -0.999255 0.0368522
t 0.953738 -0.00255787 -0.300629
bt 0.00701074 -0.999243 0.0382624
t 0.996199 0.00255156 0.0870684
bt -0.00318516 -0.999259 0.0383667
t 0.997901 0.0330572 0.055679
bt -0.0600403 -0.724271 0.686897
t 0.962187 -0.0330921 -0.270373
bt 0.20741 -0.724207 0.657651
t 0.962187 -0.0330939 -0.270371
bt 0.0348862 -0.712717 0.700583
t 0.997901 0.0330623 0.0556742
bt -0.148184 -0.721417 0.67646
t 0.997901 -0.0330629 0.0556736
bt 0.0600403 -0.724271 -0.686897
t 0.962187 0.033089 -0.270371
bt -0.207394 -0.724257 -0.657601
t 0.962187 0.033088 -0.270372
bt -0.119841 -0.721263 -0.682215
t 0.997901 -0.0330629 0.0556736
bt 0.0600403 -0.724271 -0.686897
t 0.996199 -0.000608515 0.0871007
bt 0.00132231 -0.999884 -0.0151424
t 0.95352 0.00065551 -0.301328
bt -0.0109325 -0.999849 -0.0135344
t 0.954139 -0.00161381 -0.29936
bt -0.00251169 -0.999633 0.0269895
t 0.9962 0.0017947 0.0870822
bt -0.00236679 -0.99963 0.0270976
t 0.996198 -0.00140753 0.0871046
bt 0.00308555 -0.999373 -0.035264
t 0.953735 0.00140681 -0.300646
bt -0.0143024 -0.999366 -0.0326091
t 0.953752 0.0020248 -0.300588
bt -0.0117023 -0.998691 -0.0497839
t 0.996205 -0.00202033 0.0870102
bt 0.00444024 -0.998704 -0.0507063
t 0.996273 0.00666381 0.086002
bt -0.0146048 -0.985855 0.166963
t 0.953966 -0.00630833 -0.299847
bt 0.052848 -0.985784 0.15949
t 0.996208 0.003653 0.0869321
bt -0.0048389 -0.998475 0.0549863
t 0.953787 -0.00365151 -0.30046
bt 0.0165951 -0.998475 0.0526451
t 0.953787 -0.00365142 -0.30046
bt 0.00989606 -0.998451 0.0547557
t 0.996208 0.003653 0.0869321
bt -0.0048389 -0.998475 0.0549863
t 0.988253 0.00187725 0.152818
bt 0.087179 -0.0279037 -0.995802
t 0.915594 -0.0018398 0.402099
bt 0.461528 -0.0279547 -0.886685
t 0.915594 -0.00183979 0.4021
bt 0.335983 -0.0276935 -0.941461
t 0.988253 0.00187725 0.152818
bt 0.087179 -0.0279037 -0.995802
t -0.998394 0.0322544 -0.0465792
bt -0.134482 -0.608936 -0.781736
t -0.998394 0.0322504 -0.0465842
bt 0.0683267 -0.621768 -0.780215
t -0.964641 -0.0322636 0.261585
bt -0.235688 -0.62178 -0.746888
t -0.964641 -0.0322632 0.261585
bt -0.330756 -0.618594 -0.712701
t -0.996208 -0.00350038 -0.0869366
bt 0.00877518 -0.99851 0.0538647
t -0.996208 -0.00350083 -0.0869366
bt -0.00457789 -0.9986 0.0527017
t -0.953763 0.0035037 0.300538
bt 0.0158371 -0.9986 0.0504725
t -0.953763 0.00350331 0.300538
bt 0.0222841 -0.998578 0.0484386
t -0.998231 -0.0328131 -0.049586
bt 0.129104 -0.644791 0.753377
t -0.998231 -0.0328157 -0.049583
bt -0.0657127 -0.657316 0.750745
t -0.96383 0.0328317 0.264488
bt 0.22665 -0.657334 0.718709
t -0.96385 0.0327591 0.264425
bt 0.318215 -0.654203 0.686118
t -0.996584 0.0205814 -0.0799861
bt -0.0552186 -0.941054 -0.333719
t -0.996583 0.0205825 -0.0799857
bt 0.0286164 -0.944399 -0.327554
t -0.955642 -0.0205863 0.293811
bt -0.0988787 -0.944401 -0.313576
t -0.955642 -0.0205868 0.29381
bt -0.138879 -0.943566 -0.300658
t -0.996583 -0.020582 -0.0799858
bt 0.0552008 -0.941055 0.333718
t -0.996584 -0.0205809 -0.0799862
bt -0.0286161 -0.944399 0.327554
t -0.955642 0.0205919 0.293811
bt 0.098906 -0.94437 0.31366
t -0.955642 0.0205852 0.293811
bt 0.138871 -0.943567 0.300661
t -0.996289 0.0107562 -0.0853936
bt 0.0143455 -0.986393 -0.163779
t -0.954201 -0.0107509 0.298972
bt -0.0493758 -0.986393 -0.156817
t -0.954201 -0.0107515 0.298972
bt -0.0294121 -0.986176 -0.163073
t -0.996289 0.0107562 -0.0853936
bt 0.0143455 -0.986393 -0.163779
t -0.996502 -0.0126663 -0.0825972
bt 0.0492366 -0.938031 0.343035
t -0.997119 -0.0289844 -0.0701034
bt -0.0443184 -0.861589 0.505668
t -0.958307 0.0289893 0.284266
bt 0.152613 -0.86159 0.48412
t -0.954987 0.0126862 0.296375
bt 0.139351 -0.940234 0.310712
t -0.996265 -0.00927744 -0.0858518
bt 0.0236378 -0.989322 0.143816
t -0.954072 0.0092729 0.299432
bt 0.0596836 -0.989807 0.129308
t -0.998967 -0.0277034 -0.0360269
bt 0.151886 -0.464022 0.872705
t -0.998967 -0.0277018 -0.03603
bt -0.0766218 -0.476498 0.875831
t -0.967485 0.0277306 0.251404
bt 0.264355 -0.476532 0.838471
t -0.967485 0.0277313 0.251402
bt 0.371076 -0.473442 0.798847
t -0.999302 -0.0224676 -0.0298515
bt 0.161438 -0.354518 0.921008
t -0.999302 -0.0224703 -0.0298446
bt -0.081126 -0.365285 0.927354
t -0.969145 0.02255 0.245459
bt 0.279897 -0.365316 0.887807
t -0.969144 0.0225492 0.245461
bt 0.392847 -0.362657 0.845074
t -0.997913 0.0330678 -0.0554586
bt 0.0603324 -0.72197 -0.689289
t -0.961863 -0.0342189 0.271384
bt -0.272795 -0.721857 -0.636008
t -0.962472 -0.0322239 0.269459
bt -0.0293686 -0.711441 -0.702132
t -0.997913 0.0330678 -0.0554586
bt 0.0603324 -0.72197 -0.689289
t -0.996198 -0.00167401 -0.087107
bt 0.00489631 -0.999076 0.0426882
t -0.996205 -0.00215931 -0.0870118
bt -0.00475087 -0.998519 0.0541933
t -0.953738 0.00216717 0.300631
bt 0.0167317 -0.998514 0.0518686
t -0.95394 0.00160452 0.299994
bt 0.0126167 -0.999155 0.0391174
t -0.997475 -0.0316958 -0.0635594
bt 0.101278 -0.792984 0.600766
t -0.997475 -0.0316983 -0.0635576
bt -0.0520263 -0.802459 0.594434
t -0.960066 0.0317296 0.277968
bt 0.179465 -0.802456 0.569085
t -0.960065 0.0317256 0.277971
bt 0.252016 -0.800095 0.544368
t -0.997978 0.033412 -0.0540764
bt 0.0613744 -0.709903 -0.70162
t -0.962438 -0.0341639 0.269343
bt -0.202734 -0.710746 -0.673601
t -0.956986 -0.0184087 0.289549
bt -0.0791177 -0.839532 -0.537519
t -0.996977 0.0181599 -0.0755515
bt 0.0717207 -0.841927 -0.534804
t -0.997362 -0.00832791 0.0721045
bt -0.0830258 -0.648626 -0.756565
t -0.99857 0.0209981 -0.0491555
bt 0.161987 -0.692535 -0.702962
t -0.963222 -0.0241473 0.267621
bt -0.33337 -0.68693 -0.645749
t -0.968016 -0.0433212 0.247119
bt -0.31825 -0.609953 -0.725723
t -0.988252 -0.00187728 -0.152819
bt 0.342631 -0.0269397 -0.939084
t -0.988253 -0.00187724 -0.152818
bt 0.0870809 -0.0279037 -0.99581
t -0.915599 0.00184013 -0.402089
bt 0.461633 -0.0279547 -0.886631
t -0.915599 0.00184013 -0.402089
bt 0.461633 -0.0279547 -0.886631
t -0.992217 -0.0331318 -0.120031
bt 0.242105 -0.695262 -0.676754
t -0.992217 -0.0331321 -0.120031
bt 0.0620035 -0.707101 -0.704389
t -0.901318 0.0331502 -0.431887
bt 0.326611 -0.707009 -0.627266
t -0.901361 0.0330566 -0.431806
bt 0.405992 -0.704085 -0.582611
t -0.99799 -0.0330952 -0.0540501
bt 0.120703 -0.695296 0.708515
t -0.99799 -0.0330929 -0.0540524
bt -0.0620036 -0.707101 0.704389
t -0.962636 0.0330916 0.268769
bt 0.212654 -0.707115 0.674364
t -0.962636 0.033091 0.268769
bt 0.298618 -0.704173 0.64418
t -0.996191 0 -0.0872004
bt 0 -1 0
t -0.996191 0 -0.0872004
bt 0 -1 0
t -0.953718 0 0.300703
bt 0 -1 0
t -0.953718 0 0.300703
bt 0 -1 0
t -0.996199 0.00255757 -0.0870684
bt -0.00652701 -0.999206 -0.0393149
t -0.996199 0.00255746 -0.0870684
bt 0.00338033 -0.999255 -0.0384498
t -0.953738 -0.00255846 0.300629
bt -0.0117408 -0.999255 -0.0367714
t -0.953738 -0.00255836 0.300629
bt -0.0163903 -0.999242 -0.0353048
t -0.997901 0.0330609 -0.0556755
bt -0.117701 -0.712771 -0.69145
t -0.997901 0.0330547 -0.0556815
bt 0.0599625 -0.724271 -0.686904
t -0.962187 -0.0330863 0.270374
bt -0.207404 -0.724257 -0.657598
t -0.962187 -0.0330863 0.270374
bt -0.207404 -0.724257 -0.657598
t -0.997901 -0.0330545 -0.0556816
bt 0.11771 -0.71277 0.69145
t -0.997901 -0.0330607 -0.0556757
bt -0.0599626 -0.724271 0.686904
t -0.962188 0.0330926 0.270368
bt 0.207404 -0.724257 0.657598
t -0.962189 0.0330949 0.270366
bt 0.291186 -0.7214 0.628325
t -0.996199 -0.0019211 -0.087082
bt -0.00228496 -0.999579 0.0289102
t -0.95332 0.00182114 0.301955
bt -0.00204282 -0.999581 0.028862
t -0.996198 -0.00137927 -0.0871046
bt 0.00378605 -0.999374 0.0351628
t -0.996276 0.0068616 -0.0859499
bt 0.0154804 -0.984104 -0.176919
t -0.954141 -0.00679537 0.299281
bt -0.0510009 -0.984172 -0.169718
t -0.953742 0.00137824 0.300625
bt 0.0157491 -0.999382 0.0314167
t -0.996208 0.0036528 -0.0869321
bt -0.00914644 -0.998377 -0.0562042
t -0.996208 0.00365248 -0.0869321
bt 0.00477638 -0.998475 -0.0549918
t -0.953758 -0.0036567 0.300555
bt -0.0164893 -0.998475 -0.0526768
t -0.953787 -0.00365135 0.30046
bt -0.0232322 -0.998451 -0.0505516
t -0.988253 0.00187719 -0.152816
bt -0.34263 -0.0269397 0.939084
t -0.988253 0.00187723 -0.152817
bt -0.0870809 -0.0279037 0.99581
t -0.915599 -0.00184017 -0.402087
bt -0.461633 -0.0279547 0.886631
t -0.915596 -0.00183995 -0.402094
bt -0.572768 -0.0277172 0.819249
t 0.0465807 0.0322568 -0.998394
bt 0.781835 -0.608847 -0.134313
t 0.0465871 0.0322516 -0.998393
bt 0.780314 -0.621658 0.0682031
t -0.261583 -0.0322656 -0.964642
bt 0.746987 -0.62178 -0.235372
t -0.261584 -0.0322644 -0.964641
bt 0.71278 -0.618607 -0.33056
t 0.0869366 -0.00350762 -0.996208
bt -0.0539709 -0.998503 0.00884572
t 0.0869366 -0.00351398 -0.996208
bt -0.0528852 -0.998589 -0.00476912
t -0.300538 0.00350299 -0.953763
bt -0.0504479 -0.9986 0.0159151
t -0.300538 0.00350298 -0.953763
bt -0.0484241 -0.998577 0.0223299
t 0.0495875 -0.0328118 -0.998231
bt -0.753376 -0.64479 0.129113
t 0.0495869 -0.0328123 -0.998231
bt -0.750759 -0.657316 -0.065556
t -0.264438 0.032779 -0.963845
bt -0.718833 -0.657213 0.226604
t -0.264435 0.0327817 -0.963846
bt -0.686222 -0.654105 0.318192
t 0.079987 0.0205724 -0.996584
bt 0.333627 -0.941088 -0.0551919
t 0.079986 0.0205754 -0.996584
bt 0.327457 -0.94443 0.0287036
t -0.29381 -0.0205828 -0.955642
bt 0.31348 -0.944432 -0.0988863
t -0.293809 -0.0205834 -0.955642
bt 0.300566 -0.943596 -0.138872
t 0.0799868 -0.0205793 -0.996583
bt -0.333716 -0.941058 0.0551656
t 0.0799878 -0.0205763 -0.996584
bt -0.327546 -0.944399 -0.0287113
t -0.29381 0.0205866 -0.955642
bt -0.313565 -0.944401 0.0989131
t -0.293811 0.020586 -0.955642
bt -0.300655 -0.943566 0.13889
t 0.0853934 0.0107574 -0.996289
bt 0.163783 -0.986393 0.0142998
t -0.298972 -0.0107498 -0.954201
bt 0.156808 -0.986393 -0.0494046
t -0.298972 -0.0107509 -0.954201
bt 0.163061 -0.986176 -0.0294494
t 0.0853934 0.0107574 -0.996289
bt 0.163783 -0.986393 0.0142998
t 0.0825979 -0.0126644 -0.996503
bt -0.343035 -0.93803 0.0492498
t 0.0701034 -0.0289901 -0.997118
bt -0.505747 -0.861546 -0.0442645
t -0.284249 0.0289755 -0.958312
bt -0.483979 -0.861658 0.152675
t -0.296376 0.0126845 -0.954987
bt -0.310708 -0.940233 0.139363
t 0.0858517 -0.00927143 -0.996265
bt -0.143719 -0.989336 0.0236547
t -0.299449 0.00927695 -0.954067
bt -0.129323 -0.989805 0.0596765
t -0.0650403 -0.0820558 -0.994503
bt -0.854036 -0.448747 0.263151
t -0.065038 -0.0820546 -0.994503
bt -0.875808 -0.476539 -0.0766198
t -0.251407 0.0277288 -0.967484
bt -0.838476 -0.476532 0.26434
t -0.251408 0.0277283 -0.967484
bt -0.79885 -0.473442 0.371068
t 0.0298451 -0.0224701 -0.999302
bt -0.921005 -0.354516 0.161456
t 0.0298429 -0.0224709 -0.999302
bt -0.927353 -0.365285 -0.0811345
t -0.245461 0.0225494 -0.969144
bt -0.887798 -0.365316 0.279925
t -0.245456 0.0225513 -0.969145
bt -0.845072 -0.362657 0.392854
t 0.0549583 0.0306302 -0.998019
bt 0.670453 -0.725797 -0.153984
t 0.0605826 0.0358958 -0.997518
bt 0.670591 -0.741627 0.0172316
t -0.268597 -0.0302752 -0.962777
bt 0.635474 -0.733881 -0.23998
t -0.273378 -0.0351105 -0.961266
bt 0.605453 -0.72904 -0.31926
t 0.0853044 -0.00108637 -0.996354
bt -0.0302267 -0.999404 0.0166417
t 0.0870118 -0.00219525 -0.996205
bt -0.0550053 -0.998469 -0.00576542
t -0.300537 0.00217779 -0.953768
bt -0.0526219 -0.998491 0.0156742
t -0.302222 0.00140183 -0.953236
bt -0.0279666 -0.99933 0.0236127
t 0.0635559 -0.0317006 -0.997475
bt -0.600766 -0.792981 0.101302
t 0.0635562 -0.0317001 -0.997475
bt -0.594428 -0.802459 -0.0521025
t -0.277976 0.0317184 -0.960064
bt -0.569066 -0.802456 0.179524
t -0.277977 0.0317176 -0.960064
bt -0.54435 -0.800092 0.252065
t 0.0761708 0.0184586 -0.996924
bt 0.532575 -0.844688 -0.0535353
t 0.0571365 0.0349303 -0.997755
bt 0.691147 -0.72182 0.035942
t -0.26833 -0.0312694 -0.962819
bt 0.657554 -0.717164 -0.230865
t -0.289175 -0.0183048 -0.957101
bt 0.494395 -0.845497 -0.201763
t -0.15017 0.0289903 -0.988235
bt 0.685565 -0.597451 -0.415996
t 0.0480628 0.0214369 -0.998614
bt 0.717047 -0.680789 0.149567
t -0.293035 -0.0052827 -0.956087
bt 0.646267 -0.688926 -0.328209
t -0.311975 -0.033538 -0.949498
bt 0.645265 -0.618654 -0.448218
t -0.152814 -0.00187713 0.988253
bt -0.939092 -0.0269398 -0.342609
t -0.152826 -0.00187746 0.988251
bt -0.995807 -0.0279037 -0.087115
t -0.402091 0.00184006 0.915598
bt -0.886654 -0.0279547 -0.461588
t -0.402096 0.0018399 0.915596
bt -0.819262 -0.0277173 -0.572749
t -0.120048 -0.0331274 0.992215
bt -0.676899 -0.695195 -0.241892
t -0.120048 -0.0331276 0.992215
bt -0.704509 -0.707001 -0.0617741
t -0.431866 0.0331204 0.901329
bt -0.627325 -0.707054 -0.326402
t -0.431868 0.0331184 0.901328
bt -0.582681 -0.704125 -0.405822
t 0.0541236 -0.0331604 -0.997983
bt -0.708407 -0.695331 0.121139
t 0.0540575 -0.0330848 -0.99799
bt -0.70434 -0.707201 -0.0614191
t -0.268771 0.033089 -0.962636
bt -0.67425 -0.707115 0.213016
t -0.26877 0.0330907 -0.962636
bt -0.644118 -0.704162 0.298777
t 0.0872004 0 -0.996191
bt 0 -1 0
t 0.0872004 0 -0.996191
bt 0 -1 0
t -0.300703 0 -0.953718
bt 0 -1 0
t -0.300703 0 -0.953718
bt 0 -1 0
t 0.0870639 0.00256463 -0.996199
bt 0.0394108 -0.999202 -0.00643597
t 0.0868513 0.00767251 -0.996192
bt 0.0384655 -0.999255 0.00324481
t -0.300629 -0.00255775 -0.953738
bt 0.0368211 -0.999255 -0.011583
t -0.300629 -0.00255813 -0.953738
bt 0.0353332 -0.999243 -0.0163002
t 0.0556737 0.0330628 -0.997901
bt 0.691453 -0.712782 -0.117619
t 0.0556746 0.0330619 -0.997901
bt 0.6869 -0.724271 0.0600059
t -0.270362 -0.0330697 -0.962191
bt 0.657582 -0.724303 -0.207295
t -0.270363 -0.0330688 -0.96219
bt 0.628299 -0.721445 -0.29113
t 0.0556779 -0.0330584 -0.997901
bt -0.691453 -0.712781 0.117628
t 0.0556771 -0.0330593 -0.997901
bt -0.6869 -0.724271 -0.0600059
t -0.270362 0.0330697 -0.962191
bt -0.657582 -0.724303 0.207295
t -0.270361 0.0330706 -0.962191
bt -0.628298 -0.721445 0.291134
t -0.297615 0.000730284 -0.954686
bt -0.00333604 -0.999595 0.0282618
t 0.0906006 -5.59198e-05 -0.995887
bt -0.00334166 -0.999605 0.0279059
t 0.0870048 -0.00139213 -0.996207
bt -0.0355168 -0.999364 0.00324988
t 0.0853988 0.00686623 -0.996323
bt 0.172485 -0.984973 0.00876118
t -0.299977 -0.00734393 -0.953918
bt 0.164673 -0.984641 -0.0580124
t -0.300739 0.00139036 -0.953705
bt -0.0318064 -0.999379 0.0151815
t 0.0869321 0.00365247 -0.996208
bt 0.0562155 -0.998376 -0.00927666
t 0.0869321 0.00365327 -0.996208
bt 0.0549858 -0.998475 0.00484412
t -0.30046 -0.00365188 -0.953787
bt 0.0526266 -0.998475 -0.0166538
t -0.30046 -0.0036517 -0.953787
bt 0.0505189 -0.99845 -0.0233355
t -0.15282 0.00187729 0.988252
bt 0.939092 -0.0269398 0.342609
t -0.152808 0.00187695 0.988254
bt 0.995807 -0.0279037 0.087115
t -0.402107 -0.00183956 0.915591
bt 0.886654 -0.0279547 0.461588
t -0.402102 -0.00183972 0.915593
bt 0.819262 -0.0277173 0.572749
t -0.046585 0.0322498 0.998394
bt -0.781738 -0.608939 0.13446
t -0.0465804 0.0322534 0.998394
bt -0.780224 -0.621768 -0.0682259
t 0.26158 -0.0322675 0.964642
bt -0.74692 -0.62178 0.235584
t 0.26158 -0.0322676 0.964642
bt -0.712707 -0.618595 0.33074
t -0.0869366 -0.00350695 0.996208
bt 0.0539653 -0.998504 -0.0087814
t -0.0869366 -0.00351404 0.996208
bt 0.0529052 -0.998589 0.0045405
t 0.300538 0.00350365 0.953763
bt 0.0504671 -0.9986 -0.0158544
t 0.300538 0.00350353 0.953763
bt 0.0484258 -0.998577 -0.0223246
t -0.0495866 -0.0328126 0.998231
bt 0.753383 -0.644804 -0.129
t -0.0495896 -0.0328099 0.998231
bt 0.75074 -0.657316 0.0657651
t 0.264437 0.0327797 0.963846
bt 0.718858 -0.657213 -0.226526
t 0.264436 0.0327811 0.963846
bt 0.686232 -0.654107 -0.318166
t -0.0799858 0.0205882 0.996583
bt -0.333805 -0.941028 0.0551469
t -0.0799874 0.0205837 0.996583
bt -0.327648 -0.944368 -0.0285748
t 0.293812 -0.0205773 0.955642
bt -0.313513 -0.944432 0.0987791
t 0.293811 -0.0205801 0.955642
bt -0.300596 -0.9436 0.138784
t -0.0799867 -0.0205856 0.996583
bt 0.33381 -0.941021 -0.0552322
t -0.0799853 -0.0205897 0.996583
bt 0.327648 -0.944368 0.0285746
t 0.293809 0.0205904 0.955642
bt 0.313553 -0.944401 -0.098949
t 0.29381 0.0205885 0.955642
bt 0.300653 -0.943565 -0.138897
t -0.0853931 0.0107588 0.996289
bt -0.163784 -0.986393 -0.0142919
t 0.298956 -0.0107403 0.954207
bt -0.156684 -0.986411 0.0494234
t 0.298956 -0.0107386 0.954206
bt -0.162978 -0.986193 0.0293432
t -0.0853931 0.0107588 0.996289
bt -0.163784 -0.986393 -0.0142919
t -0.0825982 -0.0126634 0.996502
bt 0.343035 -0.93803 -0.0492509
t -0.0700983 -0.0289987 0.997118
bt 0.505749 -0.861546 0.0442414
t 0.284247 0.0289798 0.958313
bt 0.483967 -0.861658 -0.152713
t 0.296374 0.0126882 0.954988
bt 0.310715 -0.940234 -0.139342
t -0.0858517 -0.00927116 0.996265
bt 0.143719 -0.989336 -0.0236527
t 0.299449 0.00927726 0.954067
bt 0.129304 -0.989804 -0.0597349
t 0.0650327 -0.0820517 0.994504
bt 0.854031 -0.448744 -0.263174
t 0.065024 -0.0820471 0.994505
bt 0.875808 -0.476539 0.0766198
t 0.251403 0.0277276 0.967485
bt 0.838447 -0.476574 -0.264354
t 0.251403 0.027728 0.967485
bt 0.798829 -0.473485 -0.371058
t -0.0298639 -0.0224627 0.999302
bt 0.921007 -0.354517 -0.161445
t -0.0298391 -0.0224724 0.999302
bt 0.927353 -0.365285 0.0811329
t 0.245437 0.022559 0.96915
bt 0.887803 -0.365316 -0.27991
t 0.245446 0.0225552 0.969148
bt 0.845079 -0.362658 -0.392837
t -0.0543111 0.0299983 0.998073
bt -0.663421 -0.741603 -0.0994832
t 0.275663 -0.0356192 0.960594
bt -0.61492 -0.749512 0.245162
t 0.270542 -0.0306979 0.962219
bt -0.679475 -0.733666 -0.00690978
t -0.0599167 0.0352948 0.997579
bt -0.663357 -0.741661 -0.0994774
t -0.0889026 -0.0011943 0.99604
bt 0.0284198 -0.999586 0.00442753
t -0.0870118 -0.00219492 0.996205
bt 0.0551706 -0.998469 0.0038751
t 0.300652 0.00221272 0.953731
bt 0.052763 -0.998453 -0.0175593
t 0.299055 0.000892894 0.954236
bt 0.0240352 -0.999709 -0.00188345
t -0.0635562 -0.0317019 0.997475
bt 0.600877 -0.792903 -0.101257
t -0.0635527 -0.0317065 0.997475
bt 0.594551 -0.802376 0.0519849
t 0.277971 0.0317259 0.960065
bt 0.569106 -0.802456 -0.179397
t 0.27797 0.0317266 0.960066
bt 0.544392 -0.800099 -0.25195
t -0.0538613 0.0311205 0.998063
bt -0.68696 -0.72175 -0.0846327
t 0.27202 -0.0349209 0.961658
bt -0.661812 -0.726526 0.184839
t 0.290264 -0.0185314 0.956767
bt -0.527266 -0.847389 0.0626274
t -0.0759833 0.017247 0.99696
bt -0.522005 -0.848031 -0.0914013
t 0.0836829 0.0223421 0.996242
bt -0.704474 -0.607404 0.36712
t -0.0683107 0.0204995 0.997453
bt -0.695652 -0.703167 -0.147056
t 0.27437 -0.0156767 0.961496
bt -0.64924 -0.679463 0.341786
t 0.267757 -0.038822 0.962704
bt -0.693968 -0.597483 0.401775
t 0.152828 -0.00187751 -0.988251
bt 0.974536 -0.0276373 0.22252
t 0.152823 -0.00187738 -0.988252
bt 0.995803 -0.0279037 0.087164
t 0.402111 0.00183945 -0.915589
bt 0.886655 -0.0279547 0.461586
t 0.402108 0.00183953 -0.91559
bt 0.819257 -0.0277172 0.572756
t 0.120019 -0.0331416 -0.992218
bt 0.67673 -0.695403 0.241765
t 0.120015 -0.0331372 -0.992219
bt 0.70434 -0.707201 0.06142
t 0.431868 0.0331188 -0.901329
bt 0.627325 -0.707054 0.326402
t 0.431868 0.0331184 -0.901328
bt 0.582728 -0.70413 0.405744
t -0.054044 -0.0331042 0.99799
bt 0.708611 -0.695188 -0.120766
t -0.0540476 -0.0331006 0.99799
bt 0.704509 -0.707001 0.0617733
t 0.203825 0.0984645 0.974043
bt 0.67442 -0.707067 -0.212634
t 0.268773 0.0330873 0.962635
bt 0.644232 -0.704183 -0.298483
t -0.0872004 0 0.996191
bt 0 -1 0
t -0.0872004 0 0.996191
bt 0 -1 0
t 0.300703 0 0.953718
bt 0 -1 0
t 0.300703 0 0.953718
bt 0 -1 0
t -0.0870684 0.00256432 0.996199
bt -0.0394123 -0.999202 0.00649398
t -0.0870639 0.00256489 0.996199
bt -0.0385528 -0.999251 -0.00339327
t 0.300629 -0.00255837 0.953738
bt -0.0367977 -0.999255 0.0116575
t 0.300629 -0.00255841 0.953738
bt -0.0353339 -0.999243 0.0162981
t -0.0556739 0.0330626 0.997901
bt -0.691451 -0.712773 0.117685
t -0.0556706 0.033066 0.997901
bt -0.686899 -0.724271 -0.0600119
t 0.270359 -0.0330731 0.962191
bt -0.657552 -0.724303 0.207389
t 0.270358 -0.0330743 0.962192
bt -0.628298 -0.721445 0.291134
t -0.0556766 -0.0330598 0.997901
bt 0.691451 -0.712772 -0.117694
t -0.0556798 -0.0330564 0.997901
bt 0.686899 -0.724271 0.0600119
t 0.270361 0.0330709 0.962191
bt 0.657552 -0.724303 -0.207389
t 0.270362 0.0330697 0.962191
bt 0.628296 -0.721445 -0.291138
t -0.0837004 -5.01592e-05 0.996491
bt -0.00153456 -0.999612 0.0278242
t 0.303806 -0.000689837 0.952734
bt -0.00158983 -0.999618 0.0275892
t -0.0872045 -0.00139925 0.99619
bt 0.0356051 -0.999357 -0.00425221
t -0.0865518 0.00666025 0.996225
bt -0.171386 -0.984973 -0.0213283
t 0.29907 -0.00679601 0.954207
bt -0.164459 -0.985324 0.0457133
t 0.300339 0.00699277 0.953807
bt 0.0332827 -0.99938 -0.0114997
t -0.0869321 0.00365943 0.996208
bt -0.0563072 -0.998371 0.00918073
t -0.0869321 0.00365889 0.996208
bt -0.0550861 -0.99847 -0.00484189
t 0.300555 -0.00365641 0.953758
bt -0.0526499 -0.998475 0.0165745
t 0.30046 -0.00365091 0.953787
bt -0.0505366 -0.998451 0.0232795
t 0.152823 0.00187738 -0.988252
bt -0.939087 -0.0269397 -0.342623
t 0.152832 0.00187765 -0.98825
bt -0.995803 -0.0279037 -0.087164
t 0.402099 -0.0018398 -0.915594
bt -0.886655 -0.0279547 -0.461586
t 0.402102 -0.00183972 -0.915593
bt -0.819257 -0.0277172 -0.572756
t 0.738922 0.0322816 -0.673018
bt 0.647737 -0.608933 0.457861
t 0.73892 0.0322836 -0.673019
bt 0.503348 -0.621742 0.600065
t 0.497157 -0.0322373 -0.867061
bt 0.694644 -0.62176 0.361779
t 0.497159 -0.0322386 -0.86706
bt 0.737774 -0.618585 0.270265
t 0.765928 -0.00350294 -0.642916
bt -0.0444277 -0.998507 -0.0317687
t 0.765929 -0.00350303 -0.642916
bt -0.0341783 -0.9986 -0.040375
t 0.461893 0.00351029 -0.886929
bt -0.0470111 -0.998595 -0.02447
t 0.461893 0.00351024 -0.886929
bt -0.0501152 -0.998572 -0.0185044
t 0.74091 -0.0327921 -0.670803
bt -0.623991 -0.644787 -0.441457
t 0.740906 -0.0327969 -0.670807
bt -0.484337 -0.657304 -0.577381
t 0.494511 0.0328367 -0.868551
bt -0.668463 -0.657347 -0.347925
t 0.494509 0.0328345 -0.868552
bt -0.710159 -0.654236 -0.260096
t 0.761256 0.0205822 -0.648124
bt 0.275012 -0.941061 0.196908
t 0.761256 0.0205832 -0.648125
bt 0.211351 -0.944407 0.251845
t 0.468009 -0.0205787 -0.883484
bt 0.29167 -0.944402 0.151771
t 0.468009 -0.0205768 -0.883484
bt 0.310794 -0.943567 0.114406
t 0.761256 -0.0205845 -0.648125
bt -0.274959 -0.941067 -0.196956
t 0.761298 -0.0206065 -0.648075
bt -0.211364 -0.9444 -0.25186
t 0.468008 0.0205742 -0.883485
bt -0.291622 -0.944402 -0.151863
t 0.468009 0.0205765 -0.883484
bt -0.310759 -0.94357 -0.114476
t 0.764855 0.0107543 -0.644113
bt 0.137704 -0.985525 0.0988818
t 0.764855 0.0107536 -0.644113
bt 0.105756 -0.986393 0.125878
t 0.463356 -0.0107426 -0.886107
bt 0.145776 -0.986393 0.0760127
t 0.463356 -0.0107422 -0.886107
bt 0.15545 -0.986178 0.0573534
t 0.763053 -0.0126815 -0.646211
bt -0.277461 -0.937991 -0.207819
t 0.754635 -0.0289903 -0.655504
bt -0.326457 -0.861542 -0.388807
t 0.476624 0.0289899 -0.878629
bt -0.450285 -0.861535 -0.234524
t 0.465778 0.0126602 -0.884811
bt -0.318221 -0.940231 -0.121248
t 0.765196 -0.00928083 -0.64373
bt -0.118373 -0.989324 -0.0850093
t 0.462897 0.00927036 -0.886364
bt -0.133565 -0.989819 -0.0491766
t 0.731876 -0.0277709 -0.680872
bt -0.724476 -0.464052 -0.509696
t 0.731875 -0.0277716 -0.680873
bt -0.565088 -0.476542 -0.673485
t 0.589169 0.0821179 -0.803826
bt -0.779805 -0.47655 -0.405961
t 0.589169 0.0821179 -0.803826
bt -0.779805 -0.47655 -0.405961
t 0.727738 -0.0225538 -0.685484
bt -0.765413 -0.354542 -0.537068
t 0.727746 -0.0225491 -0.685476
bt -0.598367 -0.365333 -0.713084
t 0.511747 0.0224724 -0.858842
bt -0.825718 -0.365287 -0.429832
t 0.511747 0.0224726 -0.858842
bt -0.875361 -0.362618 -0.319767
t 0.745954 0.0311158 -0.66527
bt 0.567356 -0.741254 0.358678
t 0.707014 0.0996773 -0.70014
bt 0.442714 -0.756581 0.481238
t 0.489679 -0.0300689 -0.871384
bt 0.603911 -0.749624 0.27084
t 0.484906 -0.0350209 -0.873865
bt 0.639421 -0.744489 0.192035
t 0.765197 -0.000737841 -0.643796
bt -0.0246811 -0.999686 -0.00432123
t 0.765979 -0.00222136 -0.642862
bt -0.0386056 -0.99843 -0.0405743
t 0.461924 0.00220373 -0.886917
bt -0.050838 -0.998448 -0.0227534
t 0.460274 0.000979906 -0.887776
bt -0.0274261 -0.999623 0.00162801
t 0.750277 -0.0317241 -0.660362
bt -0.496519 -0.79296 -0.353106
t 0.750277 -0.0317227 -0.660362
bt -0.3835 -0.802455 -0.457159
t 0.482327 0.0317162 -0.875417
bt -0.529478 -0.802381 -0.275388
t 0.48233 0.0317207 -0.875415
bt -0.563251 -0.800014 -0.206699
t 0.758707 0.0188781 -0.651159
bt 0.405829 -0.849985 0.3359
t 0.745988 0.0346903 -0.665055
bt 0.452184 -0.730562 0.511672
t 0.541022 -0.0961888 -0.83549
bt 0.619703 -0.726493 0.296946
t 0.471326 -0.016924 -0.881797
bt 0.484974 -0.850756 0.202521
t 0.754783 0.0193763 -0.655688
bt 0.494482 -0.68457 0.535586
t 0.487607 -0.0252655 -0.872697
bt 0.61063 -0.677037 0.410795
t 0.533207 -0.0260835 -0.845583
bt 0.589269 -0.592675 0.549089
t 0.740194 0.025729 -0.671901
bt 0.551688 -0.607787 0.571169
t 0.590741 -0.00188231 0.806859
bt -0.846426 -0.0276968 0.531786
t 0.590735 -0.00188255 0.806864
bt -0.765693 -0.0279638 0.642598
t 0.363099 0.00186877 0.931749
bt -0.953344 -0.0279904 0.300586
t 0.363093 0.00186859 0.931751
bt -0.984296 -0.0277562 0.17433
t 0.616696 -0.0330969 0.786506
bt -0.649695 -0.695286 0.307364
t 0.616696 -0.0330958 0.786505
bt -0.541868 -0.707113 0.45428
t 0.39172 0.0984755 0.9148
bt -0.674421 -0.707067 0.212632
t 0.39172 0.0984755 0.9148
bt -0.674421 -0.707067 0.212632
t 0.743898 -0.0330928 -0.667473
bt -0.586579 -0.695186 -0.415502
t 0.743898 -0.0330936 -0.667474
bt -0.454785 -0.707025 -0.541559
t 0.490615 0.0331173 -0.870747
bt -0.627325 -0.707054 -0.326401
t 0.490617 0.0331195 -0.870746
bt -0.666751 -0.704107 -0.244286
t 0.766018 0 -0.642819
bt 0 -1 0
t 0.766018 0 -0.642819
bt 0 -1 0
t 0.461719 0 -0.887026
bt 0 -1 0
t 0.461719 0 -0.887026
bt 0 -1 0
t 0.765995 0.00255855 -0.642842
bt 0.0323292 -0.999207 0.0232585
t 0.765995 0.00255857 -0.642842
bt 0.0248169 -0.999255 0.0295642
t 0.461806 -0.00255865 -0.886977
bt 0.0342174 -0.999255 0.0178606
t 0.461857 -0.00255653 -0.886951
bt 0.0365145 -0.999243 0.0134544
t 0.744982 0.0330395 -0.666266
bt 0.510972 -0.721292 0.467596
t 0.744976 0.0330484 -0.666272
bt 0.443176 -0.724285 0.528211
t 0.489201 -0.0330882 -0.871543
bt 0.611597 -0.724257 0.318435
t 0.489198 -0.0330847 -0.871545
bt 0.65017 -0.721403 0.238447
t 0.744978 -0.0330446 -0.66627
bt -0.572075 -0.712801 -0.405765
t 0.744982 -0.0330388 -0.666266
bt -0.443176 -0.724285 -0.528211
t 0.489193 0.0330789 -0.871548
bt -0.611597 -0.724257 -0.318435
t 0.489196 0.0330824 -0.871546
bt -0.650172 -0.721402 -0.238443
t 0.46461 -0.000623178 -0.885515
bt -0.00327521 -0.999615 0.0275428
t 0.767608 0.0013083 -0.640919
bt -0.00303319 -0.999623 0.0272788
t 0.765976 -0.00140131 -0.642868
bt -0.0276528 -0.999356 -0.0228775
t 0.765048 0.00683935 -0.643937
bt 0.11207 -0.985606 0.126573
t 0.462289 -0.00657396 -0.886705
bt 0.154023 -0.985323 0.0735875
t 0.461726 0.0014021 -0.887021
bt -0.0334904 -0.999368 -0.0118954
t 0.765924 0.00365605 -0.642921
bt 0.0462978 -0.998376 0.0332024
t 0.765924 0.00365548 -0.642921
bt 0.0355752 -0.998475 0.0422064
t 0.461871 -0.0036507 -0.88694
bt 0.0488868 -0.998481 0.0254171
t 0.461871 -0.00365078 -0.88694
bt 0.0521256 -0.998456 0.0191916
t 0.590735 0.00188255 0.806864
bt 0.906282 -0.0269978 -0.42181
t 0.590738 0.00188242 0.806861
bt 0.765693 -0.0279638 -0.642599
t 0.363089 -0.00186847 0.931753
bt 0.953344 -0.0279904 -0.300586
t 0.363095 -0.00186864 0.93175
bt 0.984296 -0.0277562 -0.17433
t -0.738899 0.0322203 0.673046
bt -0.647835 -0.608959 -0.457689
t -0.738921 0.0322826 0.673019
bt -0.503462 -0.621742 -0.599969
t -0.497166 -0.0322449 0.867056
bt -0.69474 -0.62176 -0.361594
t -0.497162 -0.0322417 0.867058
bt -0.737818 -0.618578 -0.270161
t -0.765928 -0.00350316 0.642916
bt 0.0443534 -0.998509 0.0318312
t -0.765928 -0.00350368 0.642916
bt 0.0339178 -0.9986 0.0405936
t -0.461893 0.00351032 0.886929
bt 0.0470596 -0.998595 0.0243768
t -0.461893 0.00351029 0.886929
bt 0.0501718 -0.998571 0.0183956
t -0.740908 -0.032795 0.670806
bt 0.624028 -0.64478 0.441415
t -0.740913 -0.0327885 0.670801
bt 0.484467 -0.657304 0.577273
t -0.494505 0.0328305 0.868554
bt 0.668443 -0.657347 0.347964
t -0.494505 0.0328307 0.868554
bt 0.710121 -0.654242 0.260183
t -0.761256 0.0205822 0.648124
bt -0.274934 -0.941069 -0.196978
t -0.761257 0.0205799 0.648124
bt -0.21132 -0.944407 -0.251871
t -0.468009 -0.0205774 0.883484
bt -0.291605 -0.944402 -0.151896
t -0.468009 -0.0205789 0.883484
bt -0.310788 -0.943567 -0.114419
t -0.761257 -0.0205804 0.648124
bt 0.27492 -0.941071 0.19699
t -0.761297 -0.0206073 0.648075
bt 0.211333 -0.9444 0.251886
t -0.46801 0.0205812 0.883483
bt 0.291605 -0.944402 0.151896
t -0.46801 0.0205797 0.883484
bt 0.310784 -0.943568 0.114427
t -0.764855 0.0107545 0.644113
bt -0.137739 -0.985523 -0.098852
t -0.764855 0.0107539 0.644113
bt -0.105725 -0.986393 -0.125904
t -0.463356 -0.0107424 0.886107
bt -0.145832 -0.986393 -0.0759044
t -0.463356 -0.0107428 0.886107
bt -0.155493 -0.986175 -0.0572687
t -0.763054 -0.0126742 0.64621
bt 0.2774 -0.938023 0.207756
t -0.754636 -0.0289889 0.655503
bt 0.326457 -0.861542 0.388807
t -0.476628 0.0289966 0.878627
bt 0.450338 -0.861535 0.234421
t -0.465778 0.012659 0.884811
bt 0.318233 -0.94023 0.121224
t -0.765196 -0.00928228 0.64373
bt 0.118336 -0.989325 0.08504
t -0.462897 0.00926942 0.886364
bt 0.133529 -0.989821 0.049247
t -0.731875 -0.0277718 0.680873
bt 0.724484 -0.464051 0.509686
t -0.731875 -0.0277713 0.680872
bt 0.56512 -0.476542 0.673459
t -0.589167 0.0821166 0.803828
bt 0.779805 -0.47655 0.405961
t -0.589167 0.0821166 0.803828
bt 0.779805 -0.47655 0.405961
t -0.727742 -0.0225513 0.68548
bt 0.765432 -0.35454 0.537043
t -0.72774 -0.0225527 0.685482
bt 0.598378 -0.365333 0.713075
t -0.511755 0.0224761 0.858837
bt 0.825737 -0.365287 0.429795
t -0.511751 0.0224742 0.85884
bt 0.875371 -0.362617 0.31974
t -0.490297 -0.0309142 0.871007
bt -0.584108 -0.733956 -0.346594
t -0.74626 0.0346562 0.664752
bt -0.418707 -0.727552 -0.543463
t -0.743863 0.0309641 0.667614
bt -0.544473 -0.720876 -0.42882
t -0.48581 -0.0357396 0.873334
bt -0.623191 -0.733873 -0.270301
t -0.766841 -0.00157003 0.641835
bt 0.025435 -0.999269 0.0285276
t -0.765979 -0.00217428 0.642862
bt 0.0388637 -0.998491 0.0387955
t -0.461802 0.00218829 0.88698
bt 0.0511132 -0.998474 0.0209221
t -0.463309 0.0012875 0.886196
bt 0.0275528 -0.999411 0.0204678
t -0.750276 -0.0317256 0.660363
bt 0.496428 -0.792976 0.353197
t -0.750273 -0.0317309 0.660366
bt 0.383564 -0.802455 0.457105
t -0.482287 0.031743 0.875438
bt 0.529287 -0.80246 0.275523
t -0.482285 0.0317402 0.875439
bt 0.563118 -0.800101 0.206728
t -0.74273 0.0330615 0.668775
bt -0.437279 -0.713313 -0.547697
t -0.488395 -0.0348304 0.871928
bt -0.607491 -0.717158 -0.341524
t -0.470737 -0.0170871 0.882108
bt -0.425184 -0.842242 -0.331431
t -0.723963 0.091386 0.683758
bt -0.331158 -0.843984 -0.42193
t -0.528212 -0.0128022 0.849016
bt -0.517024 -0.628853 -0.580715
t -0.749177 0.0329595 0.661549
bt -0.420151 -0.622708 -0.660081
t -0.751627 0.0183549 0.659333
bt -0.490132 -0.694999 -0.526068
t -0.476888 -0.0228224 0.878668
bt -0.585061 -0.700322 -0.408966
t -0.590733 -0.00188262 -0.806865
bt 0.846456 -0.0276966 -0.531738
t -0.590738 -0.00188243 -0.806861
bt 0.765731 -0.0279638 -0.642553
t -0.363083 0.00186829 -0.931755
bt 0.953353 -0.0279904 -0.300558
t -0.363083 0.00186829 -0.931755
bt 0.953353 -0.0279904 -0.300558
t -0.616697 -0.0330948 -0.786504
bt 0.649516 -0.69533 -0.307645
t -0.6167 -0.0330913 -0.786502
bt 0.541768 -0.707114 -0.454398
t -0.331931 0.0331383 -0.942721
bt 0.67425 -0.707115 -0.213016
t -0.331933 0.0331401 -0.942721
bt 0.698855 -0.704205 -0.125287
t -0.743898 -0.0330936 0.667474
bt 0.586528 -0.695195 0.415558
t -0.743895 -0.0330975 0.667477
bt 0.454607 -0.707025 0.541708
t -0.490617 0.0331196 0.870745
bt 0.627325 -0.707054 0.326401
t -0.490617 0.0331195 0.870746
bt 0.666715 -0.704113 0.244369
t -0.766018 0 0.642819
bt 0 -1 0
t -0.766018 0 0.642819
bt 0 -1 0
t -0.461792 0 0.886988
bt 0 -1 0
t -0.461792 0 0.886988
bt 0 -1 0
t -0.765995 0.00255806 0.642842
bt -0.0324393 -0.999205 -0.0231661
t -0.765995 0.00255878 0.642842
bt -0.0248169 -0.999255 -0.0295641
t -0.461857 -0.00256384 0.886951
bt -0.0343691 -0.999251 -0.017793
t -0.461857 -0.00256342 0.886951
bt -0.0366238 -0.999238 -0.0134607
t -0.745014 0.0330891 0.666228
bt -0.511062 -0.721253 -0.467557
t -0.744978 0.0330445 0.66627
bt -0.443227 -0.724285 -0.528168
t -0.489202 -0.033095 0.871542
bt -0.611701 -0.724207 -0.318349
t -0.489197 -0.0330888 0.871545
bt -0.650249 -0.721347 -0.238402
t -0.745009 -0.0330954 0.666233
bt 0.572169 -0.71275 0.405721
t -0.745015 -0.0330867 0.666227
bt 0.443248 -0.724254 0.528192
t -0.48919 0.0330802 0.871549
bt 0.611701 -0.724207 0.318349
t -0.489195 0.0330864 0.871546
bt 0.650251 -0.721346 0.238398
t -0.764458 -0.00131998 0.644672
bt -0.00169844 -0.999592 0.0285048
t -0.4589 0.00234626 0.888485
bt -0.00161918 -0.999595 0.0284084
t -0.766021 -0.00138412 0.642814
bt 0.0278777 -0.999368 0.0220344
t -0.765538 0.00655816 0.643357
bt -0.109802 -0.984362 -0.137749
t -0.463166 -0.00633767 0.886249
bt -0.152095 -0.984641 -0.0857217
t -0.461849 0.00138516 0.886957
bt 0.0336562 -0.999374 0.0109316
t -0.765924 0.0036558 0.642921
bt -0.0462576 -0.998376 -0.0332361
t -0.765924 0.00365543 0.642921
bt -0.035455 -0.998475 -0.0423073
t -0.461871 -0.00365757 0.88694
bt -0.0489751 -0.998475 -0.0254632
t -0.461871 -0.00365796 0.88694
bt -0.0522229 -0.99845 -0.0192205
t -0.590738 0.00188243 -0.806861
bt -0.906299 -0.0269976 0.421775
t -0.590726 0.00188283 -0.80687
bt -0.765731 -0.0279638 0.642553
t -0.363096 -0.00186869 -0.93175
bt -0.953353 -0.0279904 0.300558
t -0.363092 -0.00186855 -0.931751
bt -0.984302 -0.0277561 0.174294
t -0.67305 0.0322253 -0.738894
bt 0.45761 -0.608945 -0.647903
t -0.673053 0.0322286 -0.738891
bt 0.59992 -0.621782 -0.503471
t -0.86706 -0.0322397 -0.49716
bt 0.361456 -0.62176 -0.694812
t -0.86706 -0.0322393 -0.49716
bt 0.270087 -0.618572 -0.737849
t -0.642973 -0.0035122 -0.765881
bt -0.0319382 -0.998497 0.0445403
t -0.642916 -0.00351649 -0.765928
bt -0.0407714 -0.998589 0.0340161
t -0.886929 0.00350371 -0.461893
bt -0.0242338 -0.9986 0.0470216
t -0.886929 0.00350372 -0.461893
bt -0.0182926 -0.998576 0.0501129
t -0.670769 -0.0328475 -0.740939
bt -0.441365 -0.644806 0.624036
t -0.670767 -0.0328458 -0.74094
bt -0.577244 -0.657347 0.484442
t -0.868536 0.0327931 -0.494541
bt -0.347903 -0.657296 0.668525
t -0.868537 0.0327916 -0.494539
bt -0.260133 -0.654185 0.710193
t -0.648124 0.0205807 -0.761257
bt 0.197007 -0.941073 -0.274901
t -0.648125 0.020583 -0.761256
bt 0.251858 -0.944407 -0.211336
t -0.883484 -0.0205805 -0.46801
bt 0.152003 -0.944402 -0.291549
t -0.883484 -0.02058 -0.46801
bt 0.114516 -0.943572 -0.310739
t -0.657873 -0.0616309 -0.750603
bt -0.169109 -0.936905 0.30596
t -0.648178 -0.0205578 -0.761212
bt -0.251876 -0.944399 0.211351
t -0.883484 0.0205776 -0.468009
bt -0.152003 -0.944402 0.291549
t -0.883484 0.0205782 -0.468009
bt -0.114525 -0.943572 0.310735
t -0.644113 0.010754 -0.764855
bt 0.0988379 -0.985522 -0.137756
t -0.644113 0.0107523 -0.764855
bt 0.125901 -0.986393 -0.105729
t -0.886107 -0.0107421 -0.463356
bt 0.0758684 -0.986393 -0.145851
t -0.886107 -0.0107421 -0.463356
bt 0.0572692 -0.986176 -0.155493
t -0.655501 -0.0289841 -0.754638
bt -0.38889 -0.861542 0.326359
t -0.878651 0.0290128 -0.476581
bt -0.234132 -0.861601 0.450361
t -0.884811 0.0126609 -0.465778
bt -0.191435 -0.940219 0.281675
t -0.64621 -0.0126723 -0.763055
bt -0.259312 -0.940961 0.217602
t -0.64373 -0.00927607 -0.765196
bt -0.0848871 -0.989335 0.118365
t -0.886364 0.00927643 -0.462897
bt -0.0492296 -0.989805 0.133648
t -0.680868 -0.0277646 -0.73188
bt -0.509668 -0.464095 0.724468
t -0.68087 -0.0277664 -0.731878
bt -0.673437 -0.476584 0.565111
t -0.861889 0.0277691 -0.506336
bt -0.405975 -0.476508 0.779823
t -0.86189 0.0277685 -0.506335
bt -0.302493 -0.473423 0.827266
t -0.685487 -0.0225551 -0.727736
bt -0.537098 -0.354546 0.765391
t -0.685479 -0.0225509 -0.727743
bt -0.713101 -0.365333 0.598347
t -0.858843 0.0224716 -0.511745
bt -0.429869 -0.365287 0.825699
t -0.858844 0.0224712 -0.511744
bt -0.319791 -0.36262 0.875352
t -0.667232 0.0314715 -0.744184
bt 0.388371 -0.713903 -0.582675
t -0.664356 0.0351392 -0.74659
bt 0.506721 -0.727528 -0.462533
t -0.870982 -0.0319427 -0.490276
bt 0.305042 -0.723404 -0.619383
t -0.871904 -0.0339241 -0.488501
bt 0.229046 -0.720013 -0.655072
t -0.643791 -0.00146891 -0.7652
bt -0.0188744 -0.999141 0.0368938
t -0.642862 -0.00217352 -0.765979
bt -0.0396532 -0.998497 0.0378421
t -0.886941 0.00216306 -0.461877
bt -0.0217855 -0.998507 0.0500998
t -0.88732 0.00166491 -0.461152
bt -0.0115845 -0.999121 0.0402965
t -0.66036 -0.0317195 -0.750279
bt -0.457073 -0.802455 0.383602
t -0.875439 0.0317407 -0.482285
bt -0.275539 -0.80246 0.529279
t -0.875437 0.0317447 -0.482288
bt -0.343864 -0.800015 0.491664
t -0.66036 -0.0317195 -0.750279
bt -0.457073 -0.802455 0.383602
t -0.651261 0.0181863 -0.758636
bt 0.349217 -0.840483 -0.41429
t -0.665691 0.0337232 -0.745465
bt 0.525716 -0.71332 -0.463462
t -0.870978 -0.0318194 -0.49029
bt 0.31661 -0.710772 -0.628141
t -0.881655 -0.017301 -0.471577
bt 0.241759 -0.842656 -0.481128
t -0.656375 0.0179909 -0.75422
bt 0.546461 -0.692878 -0.470426
t -0.876886 -0.0194953 -0.480303
bt 0.398948 -0.688662 -0.605462
t -0.845868 -0.0250684 -0.532803
bt 0.566401 -0.612433 -0.551468
t -0.669769 0.0280604 -0.742039
bt 0.587931 -0.627216 -0.51082
t -0.80686 -0.00188238 0.590739
bt -0.421771 -0.0269975 -0.9063
t -0.806862 -0.00188246 0.590737
bt -0.642529 -0.0279638 -0.765751
t -0.931749 0.00186873 0.363098
bt -0.300567 -0.0279904 -0.95335
t -0.93175 0.00186868 0.363096
bt -0.174328 -0.0277562 -0.984296
t -0.786517 -0.0330816 0.616682
bt -0.307568 -0.69519 -0.649702
t -0.78648 -0.0331411 0.616727
bt -0.454607 -0.707025 -0.541708
t -0.94272 0.0331407 0.331933
bt -0.212654 -0.707115 -0.674364
t -0.942701 0.0330745 0.331995
bt -0.124844 -0.704184 -0.698955
t -0.667433 -0.0331376 -0.743932
bt -0.415637 -0.695299 0.586349
t -0.667431 -0.0331345 -0.743934
bt -0.541768 -0.707113 0.454398
t -0.870728 0.0330801 -0.490651
bt -0.326611 -0.707009 0.627266
t -0.870773 0.0331791 -0.490565
bt -0.244575 -0.70411 0.666642
t -0.642819 0 -0.766018
bt 0 -1 0
t -0.642819 0 -0.766018
bt 0 -1 0
t -0.887026 0 -0.461719
bt 0 -1 0
t -0.887026 0 -0.461719
bt 0 -1 0
t -0.642842 0.00256536 -0.765995
bt 0.0232927 -0.999202 -0.0324438
t -0.642842 0.00256521 -0.765995
bt 0.0296525 -0.999251 -0.0248669
t -0.886977 -0.00255801 -0.461806
bt 0.017803 -0.999255 -0.0342474
t -0.886977 -0.00255788 -0.461806
bt 0.0134451 -0.999243 -0.0365155
t -0.666231 0.0330936 -0.745011
bt 0.405779 -0.712761 -0.572115
t -0.666236 0.0330998 -0.745006
bt 0.528144 -0.724254 -0.443306
t -0.871546 -0.0330825 -0.489196
bt 0.318449 -0.724257 -0.61159
t -0.871546 -0.0330823 -0.489196
bt 0.238438 -0.721402 -0.650174
t -0.666235 -0.0330989 -0.745007
bt -0.528144 -0.724254 0.443306
t -0.871546 0.0330823 -0.489196
bt -0.318449 -0.724257 0.61159
t -0.871549 0.0330763 -0.489191
bt -0.397577 -0.721269 0.567188
t -0.666235 -0.0330989 -0.745007
bt -0.528144 -0.724254 0.443306
t -0.886364 0.001745 -0.462985
bt -0.00279347 -0.999579 0.028886
t -0.640918 -0.00142543 -0.767608
bt -0.00312555 -0.999588 0.0285465
t -0.643016 -0.00691502 -0.765822
bt -0.0224484 -0.999373 0.0273844
t -0.644055 0.0072417 -0.764945
bt 0.132058 -0.984362 -0.116584
t -0.886536 -0.00698838 -0.462608
bt 0.0797032 -0.984172 -0.15828
t -0.887021 0.00138257 -0.461726
bt -0.0114222 -0.999384 0.0331735
t -0.642921 0.00366273 -0.765924
bt 0.0333124 -0.998371 -0.0463218
t -0.642921 0.00366206 -0.765924
bt 0.0424096 -0.99847 -0.0354881
t -0.88694 -0.00365732 -0.461871
bt 0.0254385 -0.998475 -0.048988
t -0.88694 -0.00365754 -0.461871
bt 0.0191962 -0.99845 -0.0522356
t -0.806859 0.0018823 0.590742
bt 0.421771 -0.0269975 0.9063
t -0.806857 0.00188222 0.590744
bt 0.642529 -0.0279638 0.765751
t -0.931751 -0.0018686 0.363093
bt 0.300567 -0.0279904 0.95335
t -0.93175 -0.00186865 0.363095
bt 0.174328 -0.0277562 0.984296
t 0.673049 0.0322234 0.738896
bt -0.457682 -0.608957 0.647841
t 0.673045 0.032219 0.7389
bt -0.599854 -0.621782 0.503551
t 0.86706 -0.0322392 0.49716
bt -0.36162 -0.62176 0.694727
t 0.867059 -0.0322401 0.49716
bt -0.270166 -0.618578 0.737815
t 0.642916 -0.00350347 0.765929
bt 0.0317864 -0.998508 -0.0444066
t 0.642916 -0.00350328 0.765929
bt 0.0404689 -0.9986 -0.0340664
t 0.886929 0.00350317 0.461893
bt 0.0243534 -0.9986 -0.0469593
t 0.886929 0.00350318 0.461893
bt 0.0183405 -0.998576 -0.050088
t 0.670768 -0.0328469 0.740939
bt 0.44146 -0.644823 -0.623953
t 0.670766 -0.0328438 0.740942
bt 0.577209 -0.657347 -0.484483
t 0.868536 0.032797 0.49454
bt 0.348149 -0.657247 -0.668445
t 0.868536 0.0327969 0.49454
bt 0.26034 -0.654147 -0.710151
t 0.648129 0.0205919 0.761252
bt -0.197049 -0.94102 0.27505
t 0.648128 0.020587 0.761253
bt -0.252025 -0.944361 0.211344
t 0.883485 -0.0205738 0.468008
bt -0.151772 -0.944402 0.291669
t 0.883485 -0.020574 0.468008
bt -0.114345 -0.943564 0.310825
t 0.648129 -0.0205889 0.761253
bt 0.197061 -0.941022 -0.275036
t 0.64813 -0.0205938 0.761251
bt 0.252025 -0.944361 -0.211344
t 0.883484 0.0205789 0.468009
bt 0.151772 -0.944402 -0.291669
t 0.883484 0.0205787 0.468009
bt 0.114354 -0.943564 -0.310821
t 0.644113 0.0107539 0.764855
bt -0.0988942 -0.985526 0.13769
t 0.644113 0.0107547 0.764855
bt -0.125991 -0.986393 0.105621
t 0.886107 -0.0107421 0.463356
bt -0.0759407 -0.986393 0.145813
t 0.886107 -0.0107426 0.463356
bt -0.057275 -0.986176 0.15549
t 0.655503 -0.0289898 0.754636
bt 0.388966 -0.861542 -0.326268
t 0.878651 0.0290141 0.476582
bt 0.234264 -0.861601 -0.450293
t 0.884811 0.0126603 0.465778
bt 0.191427 -0.940219 -0.281679
t 0.646211 -0.0126762 0.763054
bt 0.259319 -0.940961 -0.217593
t 0.64373 -0.0092751 0.765196
bt 0.0849059 -0.989336 -0.118343
t 0.886364 0.00927608 0.462897
bt 0.0492715 -0.989806 -0.133627
t 0.680903 -0.0277135 0.731849
bt 0.509715 -0.464009 -0.724491
t 0.680876 -0.0277739 0.731872
bt 0.67349 -0.476542 -0.565083
t 0.861896 0.0277623 0.506325
bt 0.405971 -0.476508 -0.779825
t 0.861896 0.0277624 0.506325
bt 0.302491 -0.473422 -0.827267
t 0.685486 -0.0225545 0.727737
bt 0.537105 -0.354546 -0.765386
t 0.685485 -0.0225542 0.727737
bt 0.713116 -0.365333 -0.598328
t 0.858839 0.0224748 0.511752
bt 0.429869 -0.365287 -0.825699
t 0.858839 0.0224749 0.511752
bt 0.319786 -0.362619 -0.875354
t 0.665674 0.0306347 0.745614
bt -0.519555 -0.756585 0.397042
t 0.873922 -0.0338182 0.484889
bt -0.234379 -0.759552 0.606751
t 0.872873 -0.0318054 0.48691
bt -0.464045 -0.747451 0.475373
t 0.662439 0.0344303 0.748324
bt -0.519527 -0.756616 0.397019
t 0.641838 -0.000788809 0.76684
bt 0.0139698 -0.999815 -0.0132241
t 0.642916 -0.00221811 0.765934
bt 0.0397152 -0.998425 -0.0396349
t 0.886956 0.00222891 0.461849
bt 0.0218884 -0.998415 -0.0518524
t 0.886693 0.000633021 0.462358
bt 0.00723659 -0.999869 -0.0144959
t 0.660363 -0.0317258 0.750276
bt 0.45713 -0.802455 -0.383534
t 0.875436 0.0317475 0.48229
bt 0.275552 -0.80246 -0.529272
t 0.875439 0.0317408 0.482286
bt 0.343912 -0.800011 -0.491636
t 0.660363 -0.0317258 0.750276
bt 0.45713 -0.802455 -0.383534
t 0.666249 0.0309932 0.745085
bt -0.534147 -0.73058 0.425371
t 0.872367 -0.0335516 0.487699
bt -0.322308 -0.73337 0.59857
t 0.881766 -0.0183819 0.471329
bt -0.316953 -0.851993 0.416711
t 0.650585 0.01635 0.759257
bt -0.424181 -0.853171 0.303594
t 0.84924 -0.0143111 0.527814
bt -0.564035 -0.60913 0.557517
t 0.668722 0.0311489 0.74286
bt -0.642401 -0.609546 0.464515
t 0.661634 0.0202416 0.749554
bt -0.515391 -0.684656 0.515381
t 0.877884 -0.0218162 0.478377
bt -0.438368 -0.686095 0.580609
t 0.806861 -0.00188243 -0.590738
bt 0.421769 -0.0269975 0.906301
t 0.806859 -0.00188231 -0.590741
bt 0.642505 -0.0279638 0.765771
t 0.931751 0.00186862 -0.363094
bt 0.300578 -0.0279904 0.953346
t 0.931751 0.00186862 -0.363094
bt 0.300578 -0.0279904 0.953346
t 0.78648 -0.0331414 -0.616726
bt 0.307832 -0.695253 0.649509
t 0.78648 -0.0331411 -0.616727
bt 0.454785 -0.707025 0.541559
t 0.942711 0.0331202 -0.331963
bt 0.213005 -0.707017 0.674355
t 0.942712 0.0331185 -0.331961
bt 0.125319 -0.704106 0.698949
t 0.66743 -0.0331334 0.743935
bt 0.415693 -0.695309 -0.586298
t 0.667434 -0.0331384 0.743931
bt 0.541868 -0.707113 -0.45428
t 0.870743 0.033119 0.490621
bt 0.326526 -0.707104 -0.627204
t 0.870744 0.0331174 0.49062
bt 0.24431 -0.704162 -0.666685
t 0.642819 0 0.766018
bt 0 -1 0
t 0.642819 0 0.766018
bt 0 -1 0
t 0.887026 0 0.461719
bt 0 -1 0
t 0.887026 0 0.461719
bt 0 -1 0
t 0.642842 0.00256509 0.765995
bt -0.0233905 -0.999204 0.0323273
t 0.642842 0.00256464 0.765995
bt -0.0297607 -0.999251 0.0247379
t 0.886977 -0.00255852 0.461806
bt -0.01788 -0.999255 0.0342074
t 0.886951 -0.00255651 0.461857
bt -0.0134487 -0.999243 0.0365175
t 0.666227 0.0330874 0.745015
bt -0.405779 -0.712761 0.572115
t 0.666226 0.033086 0.745016
bt -0.528281 -0.724254 0.443143
t 0.871545 -0.033084 0.489197
bt -0.31834 -0.724257 0.611647
t 0.871545 -0.033084 0.489197
bt -0.31834 -0.724257 0.611647
t 0.666227 -0.0330872 0.745015
bt 0.528281 -0.724254 -0.443143
t 0.871545 0.033084 0.489197
bt 0.31834 -0.724257 -0.611647
t 0.871544 0.0330867 0.4892
bt 0.397733 -0.721257 -0.567095
t 0.666227 -0.0330872 0.745015
bt 0.528281 -0.724254 -0.443143
t 0.644724 0.00120983 0.764414
bt -0.00189969 -0.999628 0.0272122
t 0.887546 -0.0050059 0.460692
bt -0.00200754 -0.99963 0.0271233
t 0.64276 -0.00140641 0.766067
bt 0.0224191 -0.999351 -0.0281998
t 0.643333 0.00641781 0.76556
bt -0.132344 -0.985607 0.105182
t 0.88633 -0.00695382 0.463002
bt -0.0797402 -0.985784 0.147888
t 0.886957 0.0014055 0.461849
bt 0.0114043 -0.999358 -0.0339733
t 0.642921 0.00366177 0.765924
bt -0.03333 -0.998371 0.0463009
t 0.642921 0.0036624 0.765924
bt -0.042399 -0.99847 0.0355007
t 0.88694 -0.00365847 0.461871
bt -0.0255484 -0.998475 0.0489308
t 0.88694 -0.00365836 0.461871
bt -0.0192861 -0.998451 0.0521888
t 0.806861 0.00188239 -0.590739
bt -0.421769 -0.0269975 -0.906301
t 0.806863 0.00188251 -0.590736
bt -0.642504 -0.0279638 -0.765772
t 0.931749 -0.00186874 -0.363098
bt -0.300578 -0.0279904 -0.953346
t 0.931752 -0.00186855 -0.363092
bt -0.174304 -0.0277561 -0.984301
t 0.815322 -0.0954498 -0.571086
bt 0.442714 -0.756581 0.481238
t 0.953684 -0.0022301 -0.300801
bt -0.0125516 -0.998415 -0.0548656
t 0.930631 0.0231486 -0.365227
bt 0.525237 -0.595087 0.608274
t 0.948397 0.0288744 -0.315767
bt 0.309859 -0.691282 0.652776
t -0.798548 -0.0910662 0.595002
bt -0.115062 -0.809926 -0.575136
t -0.624957 0.0616247 -0.778223
bt -0.251891 -0.944392 0.211364
t -0.64261 0.00691923 -0.766162
bt -0.0271327 -0.999394 0.0218039
t 0.391721 -0.0984771 0.914799
bt 0.67442 -0.707067 -0.212633
t 0.300855 -0.00700078 0.953644
bt 0.0310916 -0.999346 -0.0184469
t 0.320494 -0.082049 -0.943691
bt -0.88973 -0.448754 -0.0836714
t 0.320493 -0.0820492 -0.943691
bt -0.779805 -0.47655 -0.405961
t 0.236708 0.0821042 -0.968105
bt -0.875808 -0.476539 -0.0766197
t 0.236708 0.0821042 -0.968105
bt -0.875808 -0.476539 -0.0766197
t 0.376464 0.0999671 -0.921022
bt 0.619703 -0.726493 0.296946
t 0.188555 -0.0270266 -0.981691
bt 0.685377 -0.565905 0.458269
t 0.203825 -0.0984645 0.974043
bt -0.730655 -0.680635 -0.053661
t 0.20382 -0.0984698 0.974044
bt -0.67442 -0.707068 0.212633
t 0.0874824 -0.00767188 -0.996137
bt 0.0384655 -0.999255 0.00324479
t -0.320494 -0.082049 0.943691
bt 0.88973 -0.448754 0.0836714
t -0.320493 -0.0820492 0.943691
bt 0.779805 -0.47655 0.405961
t -0.236708 0.0821042 0.968105
bt 0.875808 -0.476539 0.0766197
t -0.236708 0.0821042 0.968105
bt 0.875808 -0.476539 0.0766197
t -0.205731 0.00157513 0.978607
bt -0.619353 -0.621094 -0.480253
t -0.458813 -0.00226763 0.88853
bt -0.00145896 -0.999604 0.0280984
t -0.986667 -0.00491749 -0.162678
bt 0.399811 -0.603996 -0.689449
t 0.998394 0.0322515 0.0465829
bt -0.0682107 -0.621768 0.780226
t 0.998394 0.0322515 0.0465829
bt -0.0682107 -0.621768 0.780226
t 0.996208 -0.00350714 0.0869366
bt 0.00446658 -0.998595 -0.0528115
t 0.996208 -0.00350714 0.0869366
bt 0.00446658 -0.998595 -0.0528115
t 0.998231 -0.0328188 0.0495833
bt 0.0658252 -0.65721 -0.750828
t 0.998231 -0.0328188 0.0495833
bt 0.0658252 -0.65721 -0.750828
t 0.996584 0.0205807 0.0799863
bt -0.0285416 -0.944399 0.327561
t 0.996584 0.0205807 0.0799863
bt -0.0285416 -0.944399 0.327561
t 0.996583 -0.0205801 0.0799865
bt 0.028542 -0.944399 -0.327561
t 0.996583 -0.0205801 0.0799865
bt 0.028542 -0.944399 -0.327561
t 0.996289 0.010757 0.0853934
bt -0.0142425 -0.986393 0.163788
t 0.996289 0.010757 0.0853934
bt -0.0142425 -0.986393 0.163788
t 0.997119 -0.028984 0.0701037
bt 0.0440542 -0.861589 -0.505691
t 0.996503 -0.0126665 0.0825971
bt 0.0294207 -0.940968 -0.337214
t 0.996265 -0.00927809 0.0858517
bt 0.0123945 -0.989967 -0.140755
t 0.968105 0.0821048 0.236709
bt 0.0766199 -0.476539 -0.875808
t 0.968105 0.0821048 0.236709
bt 0.0766199 -0.476539 -0.875808
t 0.999302 -0.0224691 0.0298475
bt 0.0811082 -0.365285 -0.927356
t 0.999302 -0.0224691 0.0298475
bt 0.0811082 -0.365285 -0.927356
t 0.980878 -0.0972866 0.168561
bt -0.0563191 -0.76305 0.643881
t 0.980878 -0.0972866 0.168561
bt -0.0563191 -0.76305 0.643881
t 0.996183 0.00223317 0.0872663
bt 0.00489041 -0.998419 -0.0559881
t 0.996199 -0.000608515 0.0871007
bt 0.00132231 -0.999884 -0.0151424
t 0.997475 -0.0316976 0.0635581
bt 0.0520924 -0.802459 -0.594429
t 0.997475 -0.0316976 0.0635581
bt 0.0520924 -0.802459 -0.594429
t 0.997842 0.0327254 0.056932
bt -0.0591741 -0.73431 0.67623
t 0.996908 0.0174957 0.0766086
bt -0.0706937 -0.855651 0.512702
t 0.983937 -0.0004798 0.178517
bt -0.464587 -0.59902 0.652176
t 0.996043 -0.0135615 0.0878347
bt -0.253269 -0.68717 0.68092
t 0.988253 -0.00187725 0.152818
bt -0.087179 -0.0279037 0.995802
t 0.988253 -0.00187715 0.152815
bt -0.222469 -0.0276375 0.974548
t 0.992217 -0.033133 0.120032
bt -0.0612882 -0.707101 0.704452
t 0.992217 -0.033133 0.120032
bt -0.0612882 -0.707101 0.704452
t 0.99799 -0.0330943 0.054051
bt 0.0612874 -0.707101 -0.704452
t 0.99799 -0.0330943 0.054051
bt 0.0612874 -0.707101 -0.704452
t 0.996191 0 0.0872004
bt 0 -1 0
t 0.996191 0 0.0872004
bt 0 -1 0
t 0.996199 0.00255819 0.0870684
bt -0.00319386 -0.999255 0.0384661
t 0.996199 0.00255156 0.0870684
bt -0.00318516 -0.999259 0.0383667
t 0.997901 0.0330572 0.055679
bt -0.0600403 -0.724271 0.686897
t 0.997901 0.0330623 0.0556742
bt -0.148184 -0.721417 0.67646
t 0.997901 -0.0330629 0.0556736
bt 0.0600403 -0.724271 -0.686897
t 0.997901 -0.0330629 0.0556736
bt 0.0600403 -0.724271 -0.686897
t 0.88768 0.00491366 0.460435
bt -0.00231302 -0.999634 0.0269649
t 0.9962 0.0017947 0.0870822
bt -0.00236679 -0.99963 0.0270976
t 0.996273 0.00666381 0.086002
bt -0.0146048 -0.985855 0.166963
t 0.996198 -0.00140753 0.0871046
bt 0.00308555 -0.999373 -0.035264
t 0.996208 0.003653 0.0869321
bt -0.0048389 -0.998475 0.0549863
t 0.996208 0.003653 0.0869321
bt -0.0048389 -0.998475 0.0549863
t 0.988253 0.00187725 0.152818
bt 0.087179 -0.0279037 -0.995802
t 0.988253 0.00187725 0.152818
bt 0.087179 -0.0279037 -0.995802
t 0.997005 0.0182473 0.0751582
bt -0.0107448 -0.834909 0.550283
t 0.956966 -0.0186169 -0.289604
bt 0.218123 -0.83352 0.507608
t 0.996043 -0.0135615 0.0878347
bt -0.253269 -0.68717 0.68092
t -0.95754 -0.0184158 0.287712
bt -0.164774 -0.818277 -0.550702
t -0.99708 0.0187487 -0.0740302
bt 0.00145666 -0.81662 -0.577173
t -0.996496 0.0126294 -0.0826873
bt -0.00687359 -0.940923 -0.338551
t -0.954859 -0.012709 0.296786
bt -0.125112 -0.941841 -0.311901
t -0.295773 -0.0117955 -0.955185
bt 0.321603 -0.945456 -0.0518042
t -0.289364 -0.0193259 -0.957024
bt 0.519339 -0.821148 -0.236652
t 0.0734063 0.0176762 -0.997146
bt 0.565539 -0.824422 -0.0222119
t 0.0843312 0.0122251 -0.996363
bt 0.31183 -0.94946 0.0358813
t 0.287795 -0.0176556 0.957529
bt -0.538212 -0.829744 0.147824
t -0.0756921 0.019301 0.996944
bt -0.558734 -0.826269 -0.0713895
t -0.082155 0.0114779 0.996553
bt -0.316188 -0.948526 0.0179796
t 0.298114 -0.0118841 0.954456
bt -0.287428 -0.952362 0.101936
t 0.465951 -0.0111898 -0.88474
bt 0.247883 -0.951343 0.183032
t 0.47161 -0.0192035 -0.881598
bt 0.525852 -0.827939 0.194926
t 0.757482 0.0177477 -0.652615
bt 0.404921 -0.831102 0.381192
t 0.764258 0.0115501 -0.644807
bt 0.177909 -0.954712 0.238482
t -0.473932 -0.0178414 0.880381
bt -0.494101 -0.822937 -0.280427
t -0.757959 0.0192099 0.652019
bt -0.355684 -0.820094 -0.448257
t -0.762698 0.0121258 0.646641
bt -0.252562 -0.942603 -0.218433
t -0.46447 -0.0125131 0.8855
bt -0.291097 -0.946457 -0.139577
t -0.884689 -0.0124185 -0.466016
bt 0.209363 -0.940349 -0.268161
t -0.880905 -0.0190137 -0.472911
bt 0.214129 -0.816975 -0.535444
t -0.653206 0.0180797 -0.756964
bt 0.395785 -0.818526 -0.416378
t -0.645464 0.0126823 -0.763685
bt 0.263562 -0.943785 -0.199513
t 0.881003 -0.0179421 0.47277
bt -0.21823 -0.834084 0.506636
t 0.651273 0.0189574 0.758606
bt -0.43426 -0.83275 0.343433
t 0.646048 0.01102 0.763217
bt -0.192281 -0.95348 0.232172
t 0.885602 -0.0112521 0.464309
bt -0.111412 -0.956121 0.270961
t 0.997005 0.0182473 0.0751582
bt -0.0107448 -0.834909 0.550283
t 0.996421 0.0110358 0.0838076
bt -0.0252837 -0.957028 0.288893
t 0.993585 0.0191121 -0.111459
bt 0.459735 -0.600155 0.654567
t -0.996273 0.00972419 -0.0857079
bt -0.0203685 -0.988391 -0.150563
t -0.953864 -0.00976339 0.30008
bt -0.053814 -0.989087 -0.137152
t -0.29758 -0.00875292 -0.954657
bt 0.136529 -0.990327 -0.02474
t 0.088193 0.00892482 -0.996063
bt 0.130754 -0.991356 0.0108334
t -0.0838349 0.00832207 0.996445
bt -0.132052 -0.991232 0.0046465
t 0.30163 -0.00846651 0.953387
bt -0.118708 -0.992195 0.0381786
t 0.464373 -0.00794869 -0.885604
bt 0.10248 -0.992047 0.0730767
t 0.76642 0.0080359 -0.642289
bt 0.0731111 -0.992873 0.0941168
t -0.762112 0.0279646 0.646841
bt -0.12105 -0.988975 -0.0852915
t -0.461097 -0.00932795 0.887301
bt -0.122463 -0.990474 -0.0629541
t -0.885919 -0.00950742 -0.463743
bt 0.0768178 -0.989088 -0.125715
t -0.642664 0.00962761 -0.766088
bt 0.112632 -0.98967 -0.0886947
t 0.644663 0.00764913 0.764429
bt -0.0775066 -0.992661 0.0928245
t 0.886976 -0.00770441 0.461751
bt -0.0442918 -0.993269 0.107025
t -0.767389 -0.0284259 0.640551
bt -0.0827308 -0.989601 -0.117667
t 0.99624 0.00751622 0.0863074
bt -0.00998246 -0.993469 0.113661
t 0.953745 0.00210598 -0.300609
bt -0.0123965 -0.998588 -0.0516617
t 0.996205 -0.00210374 0.087011
bt 0.00462109 -0.998595 -0.052798
t -0.953752 0.00204537 0.300588
bt 0.0191184 -0.998666 0.0479686
t -0.996205 -0.0020438 -0.0870102
bt -0.000582707 -0.998665 0.051644
t -0.300588 0.00204065 -0.953752
bt -0.0477549 -0.998669 0.0194644
t 0.0870102 -0.002032 -0.996205
bt -0.0513723 -0.99868 -0.000253973
t 0.300588 0.00202935 0.953752
bt 0.0476381 -0.998687 -0.0188402
t -0.0870102 -0.00203226 0.996205
bt 0.0513199 -0.998682 0.000854502
t 0.300339 0.00699277 0.953807
bt 0.0336582 -0.99938 -0.0103211
t 0.461783 0.0020337 -0.886991
bt -0.0472636 -0.998685 -0.01987
t 0.76566 -0.0101304 -0.643165
bt -0.0329474 -0.998698 -0.0389342
t -0.462194 0.0102105 0.88672
bt 0.0454651 -0.998678 0.0239841
t -0.765978 -0.00204597 0.642863
bt 0.0359472 -0.998666 0.0370677
t -0.886966 0.00204713 -0.46183
bt -0.0202003 -0.998665 0.0475466
t -0.642863 -0.00204667 -0.765978
bt -0.0367938 -0.998664 0.0362734
t -0.643016 -0.00691502 -0.765822
bt -0.0139127 -0.999198 0.037552
t 0.886991 0.00202982 0.461783
bt 0.0201749 -0.998691 -0.0469925
t 0.642918 -0.00202301 0.765932
bt 0.0366833 -0.998692 -0.0356239
t 0.766361 0.0101298 -0.642331
bt -0.0329474 -0.998698 -0.0389342
t -0.64261 0.00691923 -0.766162
bt -0.0265235 -0.999394 0.0225361
t 0.300855 -0.00700078 0.953644
bt 0.0277562 -0.999193 -0.0290234
t -0.461226 -0.0102098 0.887224
bt 0.0454651 -0.998678 0.0239841
t 0.996205 -0.00202033 0.0870102
bt 0.00444024 -0.998704 -0.0507063
t -0.953745 0.00209389 0.300609
bt 0.019842 -0.998602 0.0490002
t -0.996205 -0.00209193 -0.087011
bt -0.000441616 -0.998602 0.0528628
t -0.300516 0.00209304 -0.953774
bt -0.0491244 -0.998597 0.0197861
t 0.0871108 -0.0021012 -0.996196
bt -0.0529551 -0.998597 -0.000530194
t 0.300609 0.00210199 0.953745
bt 0.0491773 -0.998591 -0.0199436
t -0.0870109 -0.00209692 0.996205
bt 0.0529685 -0.998596 0.000377201
t 0.462265 0.010505 -0.88668
bt -0.0470552 -0.9986 -0.0241788
t 0.765978 -0.00210228 -0.642863
bt -0.0339649 -0.9986 -0.0405541
t 0.76566 -0.0101304 -0.643165
bt -0.0479666 -0.998502 -0.026318
t -0.46183 0.00209896 0.886966
bt 0.0468641 -0.998605 0.0243204
t -0.765978 -0.00209319 0.642863
bt 0.0339146 -0.99861 0.0403359
t -0.886966 0.00209466 -0.46183
bt -0.0243592 -0.99861 0.0467315
t -0.642863 -0.0020945 -0.765978
bt -0.0404034 -0.99861 0.0338343
t 0.886966 0.002106 0.46183
bt 0.0244436 -0.998595 -0.0470248
t 0.642917 -0.00209831 0.765933
bt 0.040493 -0.9986 -0.0340439
t 0.461234 -0.0105082 -0.887216
bt -0.0470552 -0.9986 -0.0241789
t -0.461226 -0.0102098 0.887224
bt 0.0545128 -0.998491 0.0065813
t 0.996205 -0.00210374 0.087011
bt 0.00462109 -0.998595 -0.052798
t 0.996183 0.00223317 0.0872663
bt 0.00489041 -0.998419 -0.0559881
t -0.0878989 -0.0224322 -0.995877
bt 0.732875 -0.560271 0.385993
t 0.782589 0.618822 -0.0679274
bt -0.153238 -0.0261884 -0.987842
t 0.782893 0.618433 -0.0679642
bt -0.154028 -0.0252002 -0.987745
t 0.108993 0.993265 -0.0393187
bt -0.12225 -0.00591692 -0.992482
t 0.11275 0.993575 -0.00978562
bt -0.12196 -0.00595371 -0.992517
t 0.068861 0.614113 -0.786209
bt -0.999155 0.0182446 0.0368291
t -0.136115 0.616159 -0.775771
bt -0.999067 0.0189919 0.0387837
t 2.76462e-05 0.99356 -0.113303
bt -0.998195 0.00428245 0.0599008
t -0.00978211 0.993591 -0.112608
bt -0.998171 0.00430587 0.0603006
t -0.000281589 0.617583 0.786506
bt -0.996302 0.0188086 0.0838363
t 0.0679588 0.618401 0.782919
bt -0.996194 0.0177288 0.0853426
t -0.0198688 0.990854 0.13347
bt -0.995374 -0.00410641 0.0959893
t -0.0717344 0.988133 0.135825
bt -0.996274 0.0015823 0.0862304
t -0.00617349 -0.0529931 0.998576
bt -0.683527 -0.549263 -0.48073
t 0.998066 -0.0308071 -0.053987
bt -0.464034 -0.557623 0.68828
t 0.983937 -0.0004798 0.178517
bt -0.464587 -0.59902 0.652176
t -0.121517 -0.00232016 -0.992587
bt -0.122772 0.0271374 -0.992064
t -0.116636 -0.336511 0.934429
bt -0.139418 -0.00956723 0.990187
t 0.138793 0.00961453 -0.990275
bt 0.13734 0.0396785 -0.989729
t -0.121717 -0.00233954 -0.992562
bt -0.122977 0.0271181 -0.992039
t -0.777538 0.61371 -0.137096
bt -0.00912338 -0.0987335 0.995072
t -0.782893 0.618433 0.0679661
bt 0.0893388 0.0261123 0.995659
t -0.78645 0.602503 -0.135966
bt 0.0870787 0.0263294 0.995853
t -0.777238 0.614098 -0.137054
bt -0.0117699 -0.102241 0.99469
t 0.786449 0.602501 0.13598
bt 0.0870787 -0.0263294 0.995853
t 0.782893 0.618433 -0.0679642
bt 0.0893388 -0.0261123 0.995659
t 0.777538 0.61371 0.137098
bt -0.00912337 0.0987335 0.995072
t 0.777238 0.614098 0.137056
bt -0.0117699 0.102241 0.99469
t 0.112832 0.993415 0.019871
bt -0.137207 0.0242033 0.990247
t 0.11275 0.993575 -0.0097856
bt 0.120608 -0.00592009 0.992683
t 0.116164 0.99304 0.0194297
bt 0.120909 -0.00591634 0.992646
t 0.112734 0.993427 0.019857
bt -0.136128 0.0240498 0.990399
t 0.462265 0.0105053 -0.88668
bt -0.0466556 -0.9986 -0.0249474
t 0.461234 -0.0105082 -0.887216
bt -0.0466556 -0.9986 -0.0249474
t -0.723963 0.091386 0.683758
bt -0.442956 -0.83674 -0.321956
t -0.798596 -0.0912214 0.594914
bt -0.337072 -0.844103 -0.41698

