g sponza_12
t 0 0 -1
bt 1 0 0
t 0 0 -1
bt 1 0 0
t 0 0 -1
bt 1 0 0
t 0 0 -1
bt 1 0 0
t -0.209038 -0.955466 -0.208297
bt -0.718128 -0.0558203 0.693669
t 0 -1 0
bt -0.707111 0.000390153 0.707102
t 0 -1 0
bt -0.707111 0 -0.707102
t 0.208258 -0.955466 -0.209077
bt -0.718128 0.0558222 -0.693668
t -0.20875 -0.955466 0.208585
bt 0.693811 -0.0556823 0.718001
t 0 -1 0
bt 0.707102 0 0.707111
t 0.208335 -0.955466 0.209
bt 0.718281 -0.0566941 -0.69344
t 0 -1 0
bt 0.707111 -0.000395091 -0.707102
t 0.208258 -0.955466 -0.209077
bt -0.718128 0.0558222 -0.693668
t 0 -1 0
bt -0.707111 0 -0.707102
t 0.805902 -0.576185 0.136135
bt 0.241297 0.394461 -0.886666
t 0.805726 -0.576332 -0.136553
bt -0.240758 -0.394791 -0.886666
t -0.136873 -0.576261 0.805723
bt 0.886509 0.394786 0.24134
t 0.135814 -0.575886 0.80617
bt 0.886509 -0.394786 -0.24134
t -0.805715 -0.576342 -0.136579
bt -0.241297 0.394461 0.886666
t -0.8054 -0.576605 0.137325
bt 0.241846 -0.394125 0.886666
t 0.139393 -0.577149 -0.804654
bt -0.886509 0.394786 -0.24134
t -0.140183 -0.577427 -0.804318
bt -0.886509 -0.394786 0.24134
t 0.969636 -0.236237 0.0632299
bt 0.048394 0.211538 -0.976171
t 0.969713 -0.235367 -0.0652571
bt -0.0479645 -0.210911 -0.976328
t -0.048434 -0.233686 0.971105
bt 0.975871 0.213874 0.0439784
t 0.0466366 -0.232212 0.971546
bt 0.976004 -0.213317 -0.0437269
t -0.969065 -0.23687 -0.069329
bt -0.0483073 0.211764 0.976126
t -0.968753 -0.238192 0.0691574
bt 0.0487622 -0.212472 0.97595
t 0.0390615 -0.229836 -0.972445
bt -0.976271 0.212227 -0.0430631
t -0.0379392 -0.230553 -0.97232
bt -0.976136 -0.212803 0.0432905
t -0.707107 0 -0.707107
bt 0 -1 0
t -0.707107 0 -0.707107
bt 0 -1 0
t -0.382684 0 -0.923879
bt 0 -1 0
t -0.382684 0 -0.923879
bt 0 -1 0
t -1 0 0
bt 0 -1 0
t -1 0 0
bt 0 -1 0
t -1 0 0
bt 0 -1 0
t -1 0 0
bt 0 -1 0
t -0.382684 0 0.923879
bt 0 -1 0
t -0.382684 0 0.923879
bt 0 -1 0
t -0.707107 0 0.707107
bt 0 -1 0
t -0.707107 0 0.707107
bt 0 -1 0
t 0.382697 0 0.923874
bt 0 -1 0
t 0.382697 0 0.923874
bt 0 -1 0
t 0.707107 0 0.707107
bt 0 -1 0
t 0.707107 0 0.707107
bt 0 -1 0
t 1 0 0
bt 0 -1 0
t 1 0 0
bt 0 -1 0
t 1 0 0
bt 0 -1 0
t 1 0 0
bt 0 -1 0
t 0.382684 0 -0.923879
bt 0 -1 0
t 0.382684 0 -0.923879
bt 0 -1 0
t 0.707107 0 -0.707107
bt 0 -1 0
t 0.707107 0 -0.707107
bt 0 -1 0
t -0.8846 0.065845 -0.461679
bt -0.648506 -0.549422 0.526854
t -0.884602 0.0658421 -0.461675
bt -0.306449 -0.598776 0.739971
t -0.461677 -0.0658432 -0.884601
bt -0.739938 -0.598776 0.306527
t -0.461677 -0.0658432 -0.884601
bt -0.801242 -0.586838 0.116758
t -0.951957 0.0658576 0.299066
bt -0.086033 -0.549435 0.831095
t -0.951979 0.0657757 0.299015
bt 0.306449 -0.598776 0.739971
t -0.461673 0.0658404 0.884603
bt 0.526811 -0.549407 0.648554
t -0.461678 0.0658441 0.884601
bt 0.739943 -0.598776 0.306517
t 0.299011 0.0657786 0.95198
bt 0.831092 -0.549431 0.0860972
t 0.299011 0.0657786 0.95198
bt 0.739963 -0.598776 -0.306468
t 0.884583 0.0657731 0.461721
bt 0.648526 -0.54946 -0.52679
t 0.884601 0.0658442 0.461678
bt 0.306449 -0.598776 -0.739971
t 0.951958 0.0658595 -0.299064
bt 0.0860331 -0.549435 -0.831095
t 0.951979 0.0657776 -0.299013
bt -0.306449 -0.598776 -0.739971
t 0.461678 0.0658444 -0.8846
bt -0.52682 -0.54941 -0.648544
t 0.46168 0.0658459 -0.8846
bt -0.739959 -0.598776 -0.306478
t -0.461677 -0.0658432 -0.884601
bt -0.801242 -0.586838 0.116758
t -0.461677 -0.0658432 -0.884601
bt -0.739938 -0.598776 0.306527
t -0.921211 0.0219944 -0.388442
bt -0.250772 -0.948913 0.191516
t -0.906326 0.155318 -0.393001
bt -0.260339 -0.652744 0.711441
t -0.393425 -0.155089 -0.906181
bt -0.712167 -0.651846 0.260605
t -0.388442 -0.021995 -0.921211
bt -0.284684 -0.958063 0.0327279
t -0.926051 0.0220063 0.376757
bt -0.0419346 -0.948905 0.312763
t -0.969072 -0.0191364 0.246036
bt 0.260278 -0.652734 0.711473
t -0.388442 0.021995 0.921211
bt 0.191508 -0.94891 0.250788
t -0.321337 0.071375 0.944271
bt 0.758925 -0.625639 0.180581
t 0.376757 0.0220058 0.926051
bt 0.312758 -0.948907 0.0419227
t 0.250929 -0.0125234 0.967925
bt 0.734381 -0.623083 -0.26917
t 0.921211 0.0219937 0.388442
bt 0.250797 -0.948908 -0.191504
t 0.900473 0.144436 0.410228
bt 0.271321 -0.616286 -0.739308
t 0.926051 0.0220066 -0.376757
bt 0.041948 -0.948903 -0.312768
t 0.96761 -0.0105734 -0.252229
bt -0.271378 -0.616387 -0.739203
t 0.388442 0.0219947 -0.921211
bt -0.191503 -0.948908 -0.250798
t 0.311583 0.0785297 -0.946969
bt -0.735995 -0.654673 -0.172379
t -0.388442 -0.021995 -0.921211
bt -0.284684 -0.958063 0.0327279
t -0.393425 -0.155089 -0.906181
bt -0.712167 -0.651846 0.260605
t 0.042752 -0.640396 0.766854
bt 0.988865 0.12507 0.0806499
t -0.0395746 -0.640921 0.766586
bt 0.988916 -0.124603 -0.0807452
t 0.0505727 -0.150129 0.987372
bt 0.769947 0.629836 0.102412
t -0.764464 -0.644662 0.00238031
bt -0.094933 0.112494 0.989107
t -0.764897 -0.644114 -0.00707974
bt 0.0951966 -0.112806 0.989046
t 0.0670152 -0.598022 -0.798673
bt -0.988345 -0.139388 0.0611993
t 0.311583 0.0785297 -0.946969
bt -0.735995 -0.654673 -0.172379
t -0.0351824 -0.602894 -0.797045
bt -0.988877 0.128061 -0.0756535
t -0.0486791 -0.148795 -0.987669
bt -0.793853 0.60092 -0.0932334
t 0.788978 -0.614417 -0.00210303
bt 0.0909082 0.11666 -0.989003
t 0.789459 -0.613761 0.00716326
bt -0.0906568 -0.116352 -0.989062
t -0.321337 0.071375 0.944271
bt 0.758925 -0.625639 0.180581
t -0.8882 0.0677403 -0.454436
bt -0.29206 -0.646284 0.704995
t -0.454431 -0.067735 -0.888203
bt -0.705008 -0.646284 0.29203
t -0.454434 -0.0677385 -0.888201
bt -0.508499 -0.5985 0.619053
t -0.8882 0.0677403 -0.454436
bt -0.112493 -0.634683 0.764541
t -0.949398 0.0676987 0.306692
bt 0.292009 -0.646284 0.705016
t -0.949398 0.0676974 0.306694
bt 0.461097 -0.634672 0.620146
t -0.454431 0.0677356 0.888203
bt 0.705022 -0.646284 0.291997
t -0.454431 0.0677356 0.888203
bt 0.764552 -0.634677 0.112448
t 0.306692 0.0676991 0.949398
bt 0.705023 -0.646284 -0.291993
t 0.30669 0.0677003 0.949399
bt 0.620157 -0.634674 -0.461079
t 0.888199 0.0677419 0.454438
bt 0.292009 -0.646284 -0.705016
t 0.888199 0.0677419 0.454438
bt 0.112439 -0.634676 -0.764555
t 0.949398 0.0676976 -0.306693
bt -0.292061 -0.646284 -0.704995
t 0.949398 0.0676993 -0.306691
bt -0.461114 -0.634669 -0.620136
t 0.454435 0.0677397 -0.8882
bt -0.705009 -0.646284 -0.292026
t 0.454435 0.0677397 -0.8882
bt -0.764548 -0.634679 -0.112466
t -0.454431 -0.067735 -0.888203
bt -0.705008 -0.646284 0.29203
t -0.454434 -0.0677385 -0.888201
bt -0.508499 -0.5985 0.619053
t -0.888198 -0.0677436 -0.454439
bt 0.29206 -0.646284 -0.704995
t -0.454434 0.0677385 -0.888201
bt 0.705008 -0.646284 -0.29203
t -0.454431 0.0677351 -0.888203
bt 0.508494 -0.598499 -0.619058
t -0.888198 -0.0677436 -0.454439
bt 0.11249 -0.634683 -0.764542
t -0.949398 -0.0676974 0.306694
bt -0.292009 -0.646284 -0.705016
t -0.949398 -0.0676987 0.306692
bt -0.4611 -0.634671 -0.620144
t -0.454434 -0.0677383 0.888201
bt -0.705022 -0.646284 -0.291996
t -0.454434 -0.0677384 0.888201
bt -0.764553 -0.634677 -0.112444
t 0.30669 -0.0677003 0.949399
bt -0.705023 -0.646284 0.291993
t 0.306692 -0.0676991 0.949398
bt -0.620155 -0.634674 0.461082
t 0.8882 -0.0677393 0.454435
bt -0.292009 -0.646284 0.705016
t 0.8882 -0.0677393 0.454435
bt -0.112436 -0.634676 0.764555
t 0.949398 -0.0676993 -0.306691
bt 0.29206 -0.646284 0.704995
t 0.949398 -0.0676976 -0.306693
bt 0.461117 -0.634669 0.620134
t 0.454432 -0.0677361 -0.888202
bt 0.705009 -0.646284 0.292026
t 0.454432 -0.0677361 -0.888202
bt 0.764549 -0.634679 0.112462
t -0.454434 0.0677385 -0.888201
bt 0.705008 -0.646284 -0.29203
t -0.454431 0.0677351 -0.888203
bt 0.508494 -0.598499 -0.619058
t -0.434936 0.146407 -0.888479
bt 0.341656 -0.920506 -0.18958
t -0.918624 -0.0296562 -0.394018
bt 0.140447 -0.921372 -0.36242
t -0.935782 -0.146426 0.320735
bt -0.148756 -0.921413 -0.358983
t -0.88848 0.146406 0.434936
bt -0.189657 -0.920502 -0.341622
t -0.394019 -0.0296573 0.918624
bt -0.362398 -0.921372 -0.140501
t 0.370922 -0.0296388 0.928191
bt -0.355604 -0.921372 0.156905
t 0.918624 -0.0296552 0.394018
bt -0.140494 -0.921372 0.362401
t 0.928191 -0.0296393 -0.370922
bt 0.156869 -0.921373 0.355619
t 0.394063 -0.0296438 -0.918605
bt 0.362505 -0.921326 0.140529
t -0.320735 -0.146426 -0.935782
bt 0.358995 -0.921413 -0.148727
t -0.434936 0.146407 -0.888479
bt 0.359088 -0.921383 -0.148693
t -0.431434 0.0672416 -0.899635
bt 0.435215 -0.740412 -0.512228
t -0.899656 -0.0672611 -0.431388
bt 0.0958581 -0.768779 -0.63229
t -0.935782 -0.146426 0.320735
bt -0.148706 -0.921383 -0.359082
t -0.941206 -0.0672349 0.331076
bt -0.379217 -0.76876 -0.514978
t -0.88848 0.146406 0.434936
bt -0.148707 -0.921383 -0.359082
t -0.431433 -0.0672289 0.899637
bt -0.632296 -0.768758 -0.0959877
t 0.331076 -0.0672349 0.941206
bt -0.514948 -0.768752 0.379274
t 0.899637 -0.067229 0.431433
bt -0.0959904 -0.768758 0.632295
t 0.94121 -0.0672175 -0.331068
bt 0.379165 -0.768793 0.514967
t 0.431434 -0.0672414 -0.899635
bt 0.63237 -0.7687 0.0959655
t -0.320735 -0.146426 -0.935782
bt 0.359088 -0.921383 -0.148693
t -0.431434 0.0672416 -0.899635
bt 0.435215 -0.740412 -0.512228
t 0 -1 0
bt -1 0 0
t 0 -1 0
bt -1 0 0
t 0 -1 0
bt -1 0 0
t 0 -1 0
bt -1 0 0
t 0 -1 0
bt 0 0 1
t 0 -1 0
bt 0 0 1
t 0 -1 0
bt 0 0 1
t 0 -1 0
bt 0 0 1
t 0 -1 0
bt 1 0 0
t 0 -1 0
bt 1 0 0
t 0 -1 0
bt 1 0 0
t 0 -1 0
bt 1 0 0
t 0 -1 0
bt 0 0 -1
t 0 -1 0
bt 0 0 -1
t 0 -1 0
bt 0 0 -1
t 0 -1 0
bt 0 0 -1
t 0 -1 0
bt -1 0 0
t 0 -1 0
bt -1 0 0
t 0 -1 0
bt -1 0 0
t 0 -1 0
bt -1 0 0
t 0 -1 0
bt 0 0 1
t 0 -1 0
bt 0 0 1
t 0 -1 0
bt 0 0 1
t 0 -1 0
bt 0 0 1
t 0 -1 0
bt 1 0 0
t 0 -1 0
bt 1 0 0
t 0 -1 0
bt 1 0 0
t 0 -1 0
bt 1 0 0
t 0 -1 0
bt 0 0 -1
t 0 -1 0
bt 0 0 -1
t 0 -1 0
bt 0 0 -1
t 0 -1 0
bt 0 0 -1
t -0.00530972 0 0.999986
bt -1 0 0
t 0.707037 0 0.707177
bt -1 0 0
t -0.00530972 0 0.999986
bt -1 0 0
t -0.00530972 0 0.999986
bt -1 0 0
t 0.707038 0 0.707176
bt 0 0 1
t 0.707072 0 -0.707142
bt 0 0 1
t 0.707038 0 0.707176
bt 0 0 1
t 0.707038 0 0.707176
bt 0 0 1
t 0.707073 0 -0.707141
bt 1 0 0
t -0.707118 0 -0.707095
bt 1 0 0
t 0.707073 0 -0.707141
bt 1 0 0
t 0.707073 0 -0.707141
bt 1 0 0
t -0.707119 0 -0.707095
bt 0 0 -1
t -0.999869 0 -0.0162165
bt 0 0 -1
t -0.707119 0 -0.707095
bt 0 0 -1
t -0.707119 0 -0.707095
bt 0 0 -1
t 0.0164721 0 -0.999864
bt -1 0 0
t 0.01756 0 -0.999846
bt -1 0 0
t 0.0164721 0 -0.999864
bt -1 0 0
t 0.0164721 0 -0.999864
bt -1 0 0
t 0.999868 0 0.016253
bt 0 0 -1
t 0.999846 0 0.017542
bt 0 0 -1
t 0.999868 0 0.016253
bt 0 0 -1
t 0.999868 0 0.016253
bt 0 0 -1
t -0.0163307 0 0.999867
bt 1 0 0
t -0.0174218 0 0.999848
bt 1 0 0
t -0.0163307 0 0.999867
bt 1 0 0
t -0.0163307 0 0.999867
bt 1 0 0
t -0.999866 0 -0.0163559
bt 0 0 1
t -0.999844 0 -0.0176429
bt 0 0 1
t -0.999866 0 -0.0163559
bt 0 0 1
t -0.999866 0 -0.0163559
bt 0 0 1

