g sponza_102
t 0 0 -1
bt -0.0972956 -0.995256 0
t 0 0 -1
bt -0.172904 -0.984937 0.00154755
t 0 0 -1
bt -0.164705 -0.986343 0
t 0 0 -1
bt -0.0972956 -0.995256 0
t -1 0 0
bt 0.00128895 -0.978021 0.208503
t -1 0 0
bt 0.00172895 -0.97802 0.208503
t -1 0 0
bt 0.00193299 -0.992869 0.119196
t -1 0 0
bt 0.00193299 -0.992869 0.119196
t -1 0 0
bt -0.000306124 -1 0
t -1 0 0
bt 0.000235895 -1 0
t -1 0 0
bt -0.000306124 -1 0
t -1 0 0
bt -0.000306124 -1 0
t 0 0 1
bt 0 -1 0.000328683
t 0 0 1
bt 0 -1 0
t 0 0 1
bt 0 -1 0.000328683
t 0 0 1
bt 0 -1 0.000328683
t 0 0 -1
bt -0.674678 -0.729841 -0.110194
t 0 0 -1
bt -0.678533 -0.734012 -0.0286235
t 0 0 -1
bt -0.674678 -0.729841 -0.110194
t 0 0 -1
bt -0.674678 -0.729841 -0.110194
t -1 0 0
bt 0.512662 -0.567522 0.644279
t -1 0 0
bt -0.504389 -0.570752 0.647946
t -1 0 0
bt 0.512662 -0.567522 0.644279
t -1 0 0
bt 0.512662 -0.567522 0.644279
t 0 0 -1
bt 0.564995 -0.825093 -0.00132203
t 0 0 -1
bt 0.564996 -0.825094 0
t 0 0 -1
bt 0.564995 -0.825093 -0.00132203
t 0 0 -1
bt 0.564995 -0.825093 -0.00132203
t -1 0 0
bt -0.000426677 -0.765378 -0.643581
t -1 0 0
bt 0.000581186 -0.765378 -0.643581
t -1 0 0
bt -0.000426677 -0.765378 -0.643581
t -1 0 0
bt -0.000426677 -0.765378 -0.643581
t 0 0 -1
bt -0.606826 -0.794834 0
t 0 0 -1
bt -0.606821 -0.794828 -0.00399612
t 0 0 -1
bt -0.606826 -0.794834 0
t 0 0 -1
bt -0.606826 -0.794834 0
t -1 0 0
bt -0.00306624 -0.729487 0.683988
t -1 0 0
bt -0.0068043 -0.729474 0.683975
t -1 0 0
bt -0.00306624 -0.729487 0.683988
t -1 0 0
bt -0.00306624 -0.729487 0.683988
t 0 0 -1
bt 0.606825 -0.794832 0.00236865
t 0 0 -1
bt 0.606826 -0.794834 0
t 0 0 -1
bt 0.606825 -0.794832 0.00236865
t 0 0 -1
bt 0.606825 -0.794832 0.00236865
t -1 0 0
bt 0.00195853 -0.729489 -0.68399
t -1 0 0
bt 0.00819227 -0.729466 -0.683968
t -1 0 0
bt 0.00195853 -0.729489 -0.68399
t -1 0 0
bt 0.00195853 -0.729489 -0.68399
t 0 0 -1
bt -0.313106 -0.949718 -8.39539e-05
t 0 0 -1
bt -0.365003 -0.931007 0.000135931
t 0 0 -1
bt -0.365003 -0.931007 0
t 0 0 -1
bt -0.298895 -0.954286 0
t -1 0 0
bt 0.000380219 -0.90095 0.433924
t -1 0 0
bt -0.000341465 -0.90095 0.433924
t -1 0 0
bt 0.000269072 -0.928394 0.371597
t -1 0 0
bt 0.000249049 -0.928394 0.371597
t -0.551884 0.339348 -0.761752
bt -0.0192516 -0.975853 0.217579
t -0.659017 -0.212049 -0.721617
bt -0.0620043 -0.946431 0.316897
t -0.593227 0.152287 -0.7905
bt -0.0543541 -0.947139 0.316186
t -0.551884 0.339348 -0.761752
bt -0.0192516 -0.975853 0.217579
t -0.587322 -0.225404 0.777333
bt 0.176668 -0.983922 0.0261989
t -0.635786 0.321489 0.701727
bt 0.176495 -0.983943 0.0265785
t -0.572316 -0.217592 0.790638
bt 0.268988 -0.961379 0.0582757
t -0.549199 -0.276028 0.78879
bt 0.275079 -0.95952 0.060448
t -0.610816 -0.24614 -0.752542
bt -0.0100418 -0.999741 -0.0204169
t -0.5905 -0.347056 -0.728602
bt 0.00107149 -0.999977 -0.00676394
t -0.61071 -0.246139 -0.752628
bt -0.0100395 -0.999741 -0.0204188
t -0.610816 -0.24614 -0.752542
bt -0.0100418 -0.999741 -0.0204169
t -0.612636 -0.247994 0.750451
bt -0.0166323 -0.999785 0.0123526
t -0.58694 -0.374568 0.717775
bt -0.00549028 -0.999984 -0.00133474
t -0.612684 -0.247993 0.750412
bt -0.0166336 -0.999785 0.0123515
t -0.612636 -0.247994 0.750451
bt -0.0166323 -0.999785 0.0123526
t -0.821355 0.563994 -0.0853655
bt 0.062527 -0.553943 -0.830204
t -0.837799 0.404513 -0.366691
bt 0.100219 -0.572271 -0.813918
t -0.82135 0.564 -0.0853693
bt 0.0625718 -0.553883 -0.83024
t -0.82135 0.564 -0.0853693
bt 0.0625718 -0.553883 -0.83024
t -0.339182 0.29166 0.894366
bt -0.758053 -0.641305 -0.118678
t 0.0151089 0.529444 0.848211
bt -0.762963 -0.637577 -0.106691
t -0.339201 0.291684 0.894351
bt -0.758094 -0.64125 -0.118711
t -0.339182 0.29166 0.894366
bt -0.758053 -0.641305 -0.118678
t -0.64816 -0.0155962 -0.761344
bt -0.501928 -0.568047 0.65222
t -0.631298 3.27451e-05 -0.77554
bt -0.522321 -0.570869 0.633474
t -0.64816 -0.0155962 -0.761344
bt -0.501928 -0.568047 0.65222
t -0.64816 -0.0155962 -0.761344
bt -0.501928 -0.568047 0.65222
t -0.631315 5.94084e-05 0.775527
bt 0.522253 -0.570906 0.633497
t -0.631305 5.06525e-05 0.775535
bt 0.515081 -0.569957 0.640188
t -0.631315 5.94084e-05 0.775527
bt 0.522253 -0.570906 0.633497
t -0.631315 5.94084e-05 0.775527
bt 0.522253 -0.570906 0.633497
t -0.831285 -0.301373 -0.467054
bt -0.101564 -0.526515 0.844078
t -0.631379 2.32136e-05 -0.775474
bt -0.0315813 -0.493606 0.869112
t -0.831374 -0.301239 -0.466981
bt -0.101484 -0.526635 0.844012
t -0.831285 -0.301373 -0.467054
bt -0.101564 -0.526515 0.844078
t -0.631384 -1.76241e-05 0.77547
bt 0.809802 -0.581815 0.0755809
t -0.256543 -0.323815 0.910675
bt 0.797573 -0.592918 0.111022
t -0.631384 -1.76241e-05 0.77547
bt 0.809802 -0.581815 0.0755809
t -0.631384 -1.76241e-05 0.77547
bt 0.809802 -0.581815 0.0755809
t -0.865448 0.454464 -0.210861
bt 0.0118017 -0.476551 -0.879067
t -0.631363 7.37408e-07 -0.775487
bt 0.0329862 -0.487058 -0.872747
t -0.865417 0.454512 -0.210886
bt 0.0118689 -0.476449 -0.879122
t -0.865406 0.454528 -0.210895
bt 0.0119129 -0.476382 -0.879158
t -0.631368 -6.2842e-06 0.775483
bt -0.826474 -0.561687 -0.0380596
t -0.0194256 0.460551 0.887421
bt -0.829879 -0.55735 -0.0257442
t -0.631368 -6.2842e-06 0.775483
bt -0.826474 -0.561687 -0.0380596
t -0.631368 -6.2842e-06 0.775483
bt -0.826474 -0.561687 -0.0380596
t -0.715309 -0.363591 -0.59677
bt -0.0417624 -0.813964 0.579412
t -0.720195 -0.243858 -0.649502
bt -0.0800711 -0.764454 0.639686
t -0.742038 -0.356156 -0.567919
bt -0.0620784 -0.755053 0.652718
t -0.708486 -0.320608 -0.628695
bt -0.0376235 -0.819915 0.571248
t -0.495025 -0.277513 0.823369
bt 0.48855 -0.869425 0.0736122
t -0.438657 -0.37112 0.818444
bt 0.486585 -0.871656 0.0587375
t -0.502244 -0.225662 0.834762
bt 0.562825 -0.820428 0.100628
t -0.502244 -0.225662 0.834762
bt 0.562825 -0.820428 0.100628
t -1 0 -0.000150921
bt -0.000463067 0 -1
t -0.999786 0 0.0206698
bt 0 0 -1
t -1 0 -0.000150921
bt -0.0114125 0 -0.999935
t -1 0 -0.000113191
bt -0.00855927 0 -0.999963
t -1 0 0
bt -0.0328445 0 -0.999461
t -1 0 0
bt 0 0 -1
t 0 0 1
bt 0.164705 -0.986343 0
t 0 0 1
bt 0.172904 -0.984936 -0.00222646
t 0 0 1
bt 0.0974044 -0.995245 0
t 0 0 1
bt 0.0973947 -0.995246 0
t 0 0 -1
bt 0 -1 0
t 0 0 -1
bt 0 -1 0.000328683
t 0 0 -1
bt 0 -1 0
t 0 0 -1
bt 0 -1 0
t -1.7802e-05 1.92621e-05 1
bt 0.579907 -0.627499 0.51957
t 0 0 1
bt 0.526023 -0.569109 0.631993
t -1.7802e-05 1.92621e-05 1
bt 0.579907 -0.627499 0.51957
t -1.7802e-05 1.92621e-05 1
bt 0.579907 -0.627499 0.51957
t 0 0 1
bt -0.564995 -0.825092 0.00183138
t 0 0 1
bt -0.564996 -0.825094 0
t 0 0 1
bt -0.564995 -0.825092 0.00183138
t 0 0 1
bt -0.564995 -0.825092 0.00183138
t 0 0 1
bt 0.606715 -0.79492 0
t 0 0 1
bt 0.606697 -0.794897 0.00760087
t 0 0 1
bt 0.606715 -0.79492 0
t 0 0 1
bt 0.606715 -0.79492 0
t 0 0 1
bt -0.606689 -0.794886 -0.0091615
t 0 0 1
bt -0.606715 -0.79492 0
t 0 0 1
bt -0.606689 -0.794886 -0.0091615
t 0 0 1
bt -0.606689 -0.794886 -0.0091615
t 0 0 1
bt 0.365089 -0.930973 0
t 0 0 1
bt 0.365089 -0.930973 0.000135842
t 0 0 1
bt 0.313106 -0.949718 -8.47586e-05
t 0 0 1
bt 0.298895 -0.954286 0
t 1 0 0
bt 0 0 1
t 1 0 0
bt -0.00883685 0 0.999961
t 1 0 0
bt -0.00324343 0 0.999995
t 1 0 0
bt 0 0 1
t 1 0 0
bt -0.0264312 0 0.999651
t 1 0 0
bt -0.0264312 0 0.999651

