g sponza_80
t 0 0 -1
bt -0.0971966 -0.995265 0
t 0 0 -1
bt -0.172904 -0.984937 0.00154755
t 0 0 -1
bt -0.164705 -0.986343 0
t 0 0 -1
bt -0.0971966 -0.995265 0
t -1 0 0
bt 0.00128225 -0.978021 0.208503
t -1 0 0
bt 0.00167293 -0.97802 0.208503
t -1 0 0
bt 0.00195176 -0.992869 0.119196
t -1 0 0
bt 0.00195176 -0.992869 0.119196
t -1 0 0
bt -0.000235398 -1 0
t -1 0 0
bt 0.000291859 -1 0
t -1 0 0
bt -0.000235398 -1 0
t -1 0 0
bt -0.000235398 -1 0
t 0 0 1
bt 0 -1 0.000300864
t 0 0 1
bt 0 -1 0
t 0 0 1
bt 0 -1 0.000300864
t 0 0 1
bt 0 -1 0.000300864
t 0 0 -1
bt -0.674677 -0.72984 -0.110197
t 0 0 -1
bt -0.678534 -0.734012 -0.0285913
t 0 0 -1
bt -0.674677 -0.72984 -0.110197
t 0 0 -1
bt -0.674677 -0.72984 -0.110197
t -1 0 0
bt 0.512588 -0.567552 0.644313
t -1 0 0
bt -0.50439 -0.570751 0.647945
t -1 0 0
bt 0.512588 -0.567552 0.644313
t -1 0 0
bt 0.512588 -0.567552 0.644313
t 0 0 -1
bt 0.564881 -0.825172 -0.0013638
t 0 0 -1
bt 0.564881 -0.825172 0
t 0 0 -1
bt 0.564881 -0.825172 -0.0013638
t 0 0 -1
bt 0.564881 -0.825172 -0.0013638
t -1 0 0
bt -0.000355635 -0.765378 -0.643581
t -1 0 0
bt 0.000606083 -0.765378 -0.643581
t -1 0 0
bt -0.000355635 -0.765378 -0.643581
t -1 0 0
bt -0.000355635 -0.765378 -0.643581
t 0 0 -1
bt -0.60689 -0.794786 0
t 0 0 -1
bt -0.606885 -0.79478 -0.00395747
t 0 0 -1
bt -0.60689 -0.794786 0
t 0 0 -1
bt -0.60689 -0.794786 0
t -1 0 0
bt -0.00306622 -0.729487 0.683988
t -1 0 0
bt -0.00680428 -0.729474 0.683975
t -1 0 0
bt -0.00306622 -0.729487 0.683988
t -1 0 0
bt -0.00306622 -0.729487 0.683988
t 0 0 -1
bt 0.606888 -0.794784 0.00235245
t 0 0 -1
bt 0.606889 -0.794786 0
t 0 0 -1
bt 0.606888 -0.794784 0.00235245
t 0 0 -1
bt 0.606888 -0.794784 0.00235245
t -1 0 0
bt 0.00187681 -0.729489 -0.68399
t -1 0 0
bt 0.00819379 -0.729466 -0.683968
t -1 0 0
bt 0.00187681 -0.729489 -0.68399
t -1 0 0
bt 0.00187681 -0.729489 -0.68399
t 0 0 -1
bt -0.313106 -0.949718 -8.0745e-05
t 0 0 -1
bt -0.365003 -0.931007 0.000131665
t 0 0 -1
bt -0.365003 -0.931006 0
t 0 0 -1
bt -0.298895 -0.954286 0
t -1 0 0
bt 0.000401944 -0.900949 0.433924
t -1 0 0
bt -0.000363259 -0.90095 0.433924
t -1 0 0
bt 0.00029079 -0.928394 0.371597
t -1 0 0
bt 0.000244266 -0.928394 0.371597
t -0.552013 0.339288 -0.761686
bt -0.0192096 -0.975849 0.217598
t -0.658862 -0.212043 -0.721761
bt -0.0620546 -0.946434 0.316879
t -0.593138 0.152203 -0.790583
bt -0.0543671 -0.94713 0.316211
t -0.552072 0.3393 -0.761638
bt -0.019193 -0.975853 0.217585
t -0.587314 -0.225435 0.77733
bt 0.176666 -0.983922 0.0262013
t -0.635786 0.32149 0.701727
bt 0.176493 -0.983943 0.0265809
t -0.572298 -0.217643 0.790637
bt 0.268987 -0.961379 0.0582781
t -0.54921 -0.276 0.788792
bt 0.275086 -0.959518 0.0604391
t -0.610646 -0.246174 -0.752668
bt -0.0100502 -0.999741 -0.0204352
t -0.590511 -0.347013 -0.728615
bt 0.00109856 -0.999977 -0.00673068
t -0.610705 -0.246174 -0.752621
bt -0.0100517 -0.999741 -0.0204339
t -0.610646 -0.246174 -0.752668
bt -0.0100502 -0.999741 -0.0204352
t -0.61275 -0.24794 0.750375
bt -0.0166147 -0.999786 0.0123264
t -0.586953 -0.374516 0.717791
bt -0.00547739 -0.999984 -0.00135057
t -0.61275 -0.24794 0.750375
bt -0.0166147 -0.999786 0.0123264
t -0.612798 -0.24794 0.750337
bt -0.016616 -0.999786 0.0123254
t -0.821365 0.563983 -0.0853381
bt 0.0625033 -0.553979 -0.830181
t -0.837844 0.404468 -0.366638
bt 0.0999858 -0.572286 -0.813936
t -0.821351 0.564001 -0.0853494
bt 0.0625298 -0.553944 -0.830202
t -0.821347 0.564008 -0.0853531
bt 0.0625746 -0.553884 -0.830239
t -0.339213 0.291635 0.894362
bt -0.758033 -0.641319 -0.118725
t 0.0150719 0.529424 0.848224
bt -0.762943 -0.637593 -0.106741
t -0.33928 0.291723 0.894308
bt -0.758068 -0.641273 -0.118753
t -0.339213 0.291635 0.894362
bt -0.758033 -0.641319 -0.118725
t -0.648144 -0.0155811 -0.761358
bt -0.501928 -0.568047 0.652221
t -0.631335 -5.9068e-07 -0.77551
bt -0.522282 -0.570864 0.633511
t -0.648144 -0.0155811 -0.761358
bt -0.501928 -0.568047 0.652221
t -0.648144 -0.0155811 -0.761358
bt -0.501928 -0.568047 0.652221
t -0.631154 -8.72365e-05 0.775657
bt 0.522233 -0.570903 0.633516
t -0.631317 -3.37492e-05 0.775525
bt 0.514996 -0.570001 0.640217
t -0.631154 -8.72365e-05 0.775657
bt 0.522233 -0.570903 0.633516
t -0.631154 -8.72365e-05 0.775657
bt 0.522233 -0.570903 0.633516
t -0.831312 -0.301272 -0.467072
bt -0.101554 -0.5265 0.844088
t -0.631516 5.72711e-05 -0.775363
bt -0.0314666 -0.493633 0.869101
t -0.831401 -0.301138 -0.466999
bt -0.101474 -0.52662 0.844023
t -0.83127 -0.301335 -0.467106
bt -0.101549 -0.526508 0.844084
t -0.631364 -4.00027e-05 0.775487
bt 0.809799 -0.581818 0.0755915
t -0.256586 -0.323786 0.910674
bt 0.797584 -0.592909 0.110992
t -0.631364 -4.00027e-05 0.775487
bt 0.809799 -0.581818 0.0755915
t -0.631364 -4.00027e-05 0.775487
bt 0.809799 -0.581818 0.0755915
t -0.865525 0.454336 -0.21082
bt 0.0117865 -0.476583 -0.87905
t -0.6315 -3.44574e-05 -0.775376
bt 0.0328757 -0.487088 -0.872734
t -0.865417 0.454501 -0.210908
bt 0.0118733 -0.476451 -0.879121
t -0.865407 0.454517 -0.210916
bt 0.0119173 -0.476384 -0.879157
t -0.631348 1.59631e-05 0.7755
bt -0.826502 -0.561645 -0.0380831
t -0.0196196 0.460542 0.887421
bt -0.829931 -0.557272 -0.0257309
t -0.631418 0.000123421 0.775442
bt -0.826513 -0.561627 -0.0380924
t -0.631348 1.59631e-05 0.7755
bt -0.826502 -0.561645 -0.0380831
t -0.715271 -0.363647 -0.596782
bt -0.0418078 -0.813939 0.579444
t -0.720093 -0.243884 -0.649606
bt -0.0801715 -0.764457 0.63967
t -0.741956 -0.356254 -0.567966
bt -0.0621216 -0.755025 0.652747
t -0.708485 -0.320595 -0.628704
bt -0.0376371 -0.819922 0.571237
t -0.495401 -0.277521 0.82314
bt 0.488675 -0.869354 0.0736277
t -0.439036 -0.371051 0.818272
bt 0.486682 -0.871604 0.0587157
t -0.502484 -0.225632 0.834626
bt 0.562881 -0.820394 0.100591
t -0.502484 -0.225632 0.834626
bt 0.562881 -0.820394 0.100591
t -1 0 -0.000150281
bt -0.000465276 0 -1
t -0.999788 0 0.0205809
bt 0 0 -1
t -1 0 -0.000150281
bt -0.0112877 0 -0.999936
t -1 0 -0.000112711
bt -0.00846561 0 -0.999964
t -1 0 0
bt -0.0324634 0 -0.999473
t -1 0 0
bt 0 0 -1
t 0 0 1
bt 0.164705 -0.986343 0
t 0 0 1
bt 0.172904 -0.984936 -0.00222646
t 0 0 1
bt 0.0974044 -0.995245 0
t 0 0 1
bt 0.0973947 -0.995246 0
t 0 0 -1
bt 0 -1 0
t 0 0 -1
bt 0 -1 0.000300864
t 0 0 -1
bt 0 -1 0
t 0 0 -1
bt 0 -1 0
t -4.0696e-05 4.40336e-05 1
bt 0.579893 -0.627484 0.519604
t 0 0 1
bt 0.526011 -0.569096 0.632014
t -4.0696e-05 4.40336e-05 1
bt 0.579893 -0.627484 0.519604
t -0.000114133 -2.38303e-05 1
bt 0.579812 -0.627558 0.519604
t 0 0 1
bt -0.56488 -0.825171 0.00179001
t 0 0 1
bt -0.564881 -0.825172 0
t 0 0 1
bt -0.56488 -0.825171 0.00179001
t 0 0 1
bt -0.56488 -0.825171 0.00179001
t 0 0 1
bt 0.606715 -0.79492 0
t 0 0 1
bt 0.606697 -0.794896 0.00763931
t 0 0 1
bt 0.606715 -0.79492 0
t 0 0 1
bt 0.606715 -0.79492 0
t 0 0 1
bt -0.606689 -0.794886 -0.00917767
t 0 0 1
bt -0.606715 -0.79492 0
t 0 0 1
bt -0.606689 -0.794886 -0.00917767
t 0 0 1
bt -0.606689 -0.794886 -0.00917767
t 0 0 1
bt 0.365089 -0.930973 0
t 0 0 1
bt 0.365089 -0.930973 0.000131719
t 0 0 1
bt 0.313106 -0.949718 -8.15443e-05
t 0 0 1
bt 0.298895 -0.954286 0
t 1 0 0
bt 0 0 1
t 1 0 0
bt -0.00871901 0 0.999962
t 1 0 0
bt -0.00318133 0 0.999995
t 1 0 0
bt 0 0 1
t 1 0 0
bt -0.0259784 0 0.999663
t 1 0 0
bt -0.0259784 0 0.999663

