g sponza_31
t 0.999982 0 -0.00593535
bt -0.000317316 0 1
t 1 0 0
bt -0.0140548 0 0.999901
t 1 0 0.000210748
bt -0.000260794 0 1
t 0.999994 0 -0.00351881
bt 0.00796015 0 0.999968
t 0.999831 0 -0.018366
bt 0 0 1
t 1 0 0.000141208
bt 0.0136415 0 0.999907
t 1 0 0
bt 0.0405778 0 0.999176
t 0.999834 0 -0.0182258
bt 0 0 1
t -1 0 0
bt 4.73498e-05 -1 0
t -1 0 0
bt -4.67605e-05 -1 0
t -1 0 0
bt 4.73498e-05 -1 0
t -1 0 0
bt 4.73498e-05 -1 0
t 0 0 1
bt 0 -1 -0.000529827
t 0 0 1
bt 0 -1 4.72845e-05
t 0 0 1
bt 0 -1 -0.000529827
t 0 0 1
bt 0 -1 -0.000529827
t 1 0 0
bt -4.68516e-05 -1 0
t 1 0 0
bt 4.7669e-05 -1 0
t 1 0 0
bt -4.68516e-05 -1 0
t 1 0 0
bt -4.68516e-05 -1 0
t 0 0 -1
bt 0 -1 0.00052994
t 0 0 -1
bt 0 -1 0.00011401
t 0 0 -1
bt 0 -1 0.00052994
t 0 0 -1
bt 0 -1 0.00052994
t -1 -6.80402e-07 1.46295e-07
bt 0.00161072 -0.977658 0.210194
t -1 -2.04023e-06 4.38675e-07
bt 0.00211035 -0.977657 0.210194
t -1 0 0
bt 0.00243464 -0.992868 0.119196
t -1 0 0
bt 0.00243464 -0.992868 0.119196
t 0 0 1
bt 0.210194 -0.977658 -0.00160116
t 0 0 1
bt 0.210194 -0.977657 -0.00211835
t 0 0 1
bt 0.119196 -0.992868 -0.00242158
t 0 0 1
bt 0.119196 -0.992868 -0.00242158
t 1 0 0
bt -0.00161227 -0.977658 -0.210194
t 1 0 0
bt -0.00211037 -0.977657 -0.210194
t 1 0 0
bt -0.00243699 -0.992868 -0.119196
t 1 0 0
bt -0.00243699 -0.992868 -0.119196
t 0 0 -1
bt -0.210201 -0.977655 0.00243186
t 4.38589e-07 2.04004e-06 -1
bt -0.210201 -0.977653 0.00320676
t 0 0 -1
bt -0.119295 -0.992856 0.00242152
t 0 0 -1
bt -0.119295 -0.992856 0.00242152
t -1 0 0
bt -0.000306133 -1 0
t -1 0 0
bt 0.000355778 -1 0
t -1 0 0
bt -0.000306133 -1 0
t -1 0 0
bt -0.000306133 -1 0
t 0 0 1
bt 0 -1 0.000307292
t 0 0 1
bt 0 -1 -0.000305837
t 0 0 1
bt 0 -1 0.000307292
t 0 0 1
bt 0 -1 0.000307292
t 1 0 0
bt 0.000355995 -1 0
t 1 0 0
bt -0.000308566 -1 0
t 1 0 0
bt 0.000355995 -1 0
t 1 0 0
bt 0.000355995 -1 0
t 0 0 -1
bt 0 -1 -0.000306133
t 0 0 -1
bt 0 -1 0.000307346
t 0 0 -1
bt 0 -1 -0.000306133
t 0 0 -1
bt 0 -1 -0.000306133
t -1 0 0
bt 0.587407 -0.534936 0.607286
t -0.999999 0.00081858 -0.000929293
bt -0.582981 -0.537047 0.609683
t -1 0 0
bt 0.587407 -0.534936 0.607286
t -1 0 0
bt 0.587407 -0.534936 0.607286
t 0 0 1
bt 0.750484 -0.660886 -0.00206869
t -0.000312336 0.000275047 1
bt 0.602801 -0.530834 0.59569
t 0 0 1
bt 0.750484 -0.660886 -0.00206869
t 0 0 1
bt 0.750484 -0.660886 -0.00206869
t 1 0 0
bt -0.591479 -0.532972 -0.605057
t 1 0 0
bt 0.582991 -0.537042 -0.609677
t 1 0 0
bt -0.591479 -0.532972 -0.605057
t 1 0 0
bt -0.591479 -0.532972 -0.605057
t 0 0 -1
bt -0.602929 -0.531018 0.595397
t -0.000951458 -0.000837978 -0.999999
bt -0.604982 -0.532826 -0.591687
t 0 0 -1
bt -0.602929 -0.531018 0.595397
t 0 0 -1
bt -0.602929 -0.531018 0.595397
t -1 0 0
bt -0.000639082 -0.765378 -0.643581
t -1 0 0
bt 0.00067951 -0.765378 -0.643581
t -1 0 0
bt -0.000639082 -0.765378 -0.643581
t -1 0 0
bt -0.000639082 -0.765378 -0.643581
t 0 0 1
bt -0.643689 -0.765287 0.000571878
t 0 0 1
bt -0.643689 -0.765287 -0.000639654
t 0 0 1
bt -0.643689 -0.765287 0.000571878
t 0 0 1
bt -0.643689 -0.765287 0.000571878
t 1 0 0
bt 0.00063792 -0.765378 0.643581
t 1 0 0
bt -0.000679528 -0.765378 0.643581
t 1 0 0
bt 0.00063792 -0.765378 0.643581
t 1 0 0
bt 0.00063792 -0.765378 0.643581
t 0 0 -1
bt 0.643689 -0.765287 -0.000607987
t 0 0 -1
bt 0.643689 -0.765287 0.000604808
t 0 0 -1
bt 0.643689 -0.765287 -0.000607987
t 0 0 -1
bt 0.643689 -0.765287 -0.000607987
t -1 0 0
bt -0.0037598 -0.729485 0.683986
t -1 0 0
bt 0.00352057 -0.729486 0.683987
t -1 0 0
bt -0.0037598 -0.729485 0.683986
t -1 0 0
bt -0.0037598 -0.729485 0.683986
t 0 0 1
bt 0.684036 -0.729439 0.00369919
t 0 0 1
bt 0.684017 -0.729418 0.00842664
t 0 0 1
bt 0.684036 -0.729439 0.00369919
t 0 0 1
bt 0.684036 -0.729439 0.00369919
t 1 0 0
bt 0.00372425 -0.729485 -0.683986
t 1 0 0
bt 0.00836173 -0.729465 -0.683967
t 1 0 0
bt 0.00372425 -0.729485 -0.683986
t 1 0 0
bt 0.00372425 -0.729485 -0.683986
t 0 0 -1
bt -0.683986 -0.729485 -0.00369422
t 0 0 -1
bt -0.683967 -0.729465 -0.00842541
t 0 0 -1
bt -0.683986 -0.729485 -0.00369422
t 0 0 -1
bt -0.683986 -0.729485 -0.00369422
t -1 0 0
bt 0.00204527 -0.729489 -0.68399
t -1 0 0
bt -0.00213164 -0.729489 -0.683989
t -1 0 0
bt 0.00204527 -0.729489 -0.68399
t -1 0 0
bt 0.00204527 -0.729489 -0.68399
t 0 0 1
bt -0.684039 -0.729442 -0.00236523
t 0 0 1
bt -0.684006 -0.729406 -0.0101171
t 0 0 1
bt -0.684039 -0.729442 -0.00236523
t 0 0 1
bt -0.684039 -0.729442 -0.00236523
t 1 0 0
bt -0.00235323 -0.729488 0.683989
t 1 0 0
bt -0.0100858 -0.729453 0.683956
t 1 0 0
bt -0.00235323 -0.729488 0.683989
t 1 0 0
bt -0.00235323 -0.729488 0.683989
t 0 0 -1
bt 0.683989 -0.729488 0.00235306
t 0 0 -1
bt 0.683956 -0.729453 0.0101125
t 0 0 -1
bt 0.683989 -0.729488 0.00235306
t 0 0 -1
bt 0.683989 -0.729488 0.00235306
t -1 0 0
bt 0.000460383 -0.900949 0.433924
t -1 0 0
bt -0.000441856 -0.900949 0.433924
t -1 0 0
bt 0.000325585 -0.927306 0.374303
t -1 -6.12124e-07 2.47077e-07
bt 0.000288222 -0.927306 0.374303
t 0 0 1
bt 0.434005 -0.90091 -0.000485548
t 0 0 1
bt 0.434005 -0.90091 0.000424674
t 0 0 1
bt 0.374388 -0.927272 -0.000339795
t 0 0 1
bt 0.374388 -0.927272 -0.000304215
t 1 0 0
bt -0.000486156 -0.900949 -0.433924
t 1 0 0
bt 0.000414779 -0.900949 -0.433924
t 1 0 0
bt -0.000342603 -0.927306 -0.374303
t 1 0 0
bt -0.00030542 -0.927306 -0.374303
t 0 0 -1
bt -0.434005 -0.90091 0.000470793
t 0 0 -1
bt -0.434005 -0.90091 -0.000439207
t 0 0 -1
bt -0.374303 -0.927306 0.000333941
t 2.47112e-07 6.12212e-07 -1
bt -0.374303 -0.927306 0.000297593
t 4.38904e-07 2.0415e-06 -1
bt -0.21022 -0.977654 -5.06982e-05
t 4.38904e-07 2.0415e-06 -1
bt -0.21022 -0.977654 -5.06982e-05
t -0.707107 2.72616e-08 0.707107
bt -6.81343e-05 -1 -0.000497556
t -0.707107 2.2499e-08 0.707107
bt -1.79268e-05 -1 -0.000547763
t -0.707107 2.72616e-08 0.707107
bt -6.81343e-05 -1 -0.000497556
t -0.707107 2.72616e-08 0.707107
bt -6.81343e-05 -1 -0.000497556
t -0.580105 0.213373 -0.786098
bt -0.634195 -0.765971 0.105282
t -0.558691 0.287642 -0.777899
bt -0.570648 -0.819407 0.0541604
t -0.579589 0.255106 -0.773949
bt -0.558775 -0.826263 0.0711319
t -0.580105 0.213373 -0.786098
bt -0.634195 -0.765971 0.105282
t 0.707107 -3.17993e-08 0.707107
bt -1.78723e-05 -1 0.000547818
t 0.707107 -3.06716e-08 0.707107
bt -6.35436e-05 -1 0.000502146
t 0.707107 -3.17993e-08 0.707107
bt -1.78723e-05 -1 0.000547818
t 0.707107 -3.17993e-08 0.707107
bt -1.78723e-05 -1 0.000547818
t 0.707107 3.17993e-08 -0.707107
bt 6.8483e-05 -1 0.000497207
t 0.707107 4.10125e-09 -0.707107
bt 1.78724e-05 -1 0.000547818
t 0.707107 3.17993e-08 -0.707107
bt 6.8483e-05 -1 0.000497207
t 0.707107 3.17993e-08 -0.707107
bt 6.8483e-05 -1 0.000497207
t -0.639032 -0.292724 0.711302
bt 0.0268473 -0.976352 0.214512
t -0.732621 0.200668 0.650383
bt 0.0664136 -0.945115 0.319916
t -0.675136 -0.126711 0.72673
bt 0.0673118 -0.945326 0.319104
t -0.639032 -0.292724 0.711302
bt 0.0268473 -0.976352 0.214512
t -0.707107 4.08637e-09 -0.707107
bt 9.15603e-05 -1 -0.00047413
t -0.707107 -2.72616e-08 -0.707107
bt 0.000703192 -1 0.000137502
t -0.707107 4.08637e-09 -0.707107
bt 9.15603e-05 -1 -0.00047413
t -0.707107 4.08637e-09 -0.707107
bt 9.15603e-05 -1 -0.00047413
t 0.630812 0.315766 0.708779
bt 0.0236723 -0.975764 -0.217541
t 0.732086 -0.19201 0.653592
bt 0.0670986 -0.945265 -0.31933
t 0.67051 0.141376 0.728306
bt 0.0635985 -0.944434 -0.32249
t 0.630812 0.315766 0.708779
bt 0.0236723 -0.975764 -0.217541
t 0.709047 0.314271 -0.631257
bt -0.217582 -0.975755 -0.0236571
t 0.653835 -0.191629 -0.731969
bt -0.319379 -0.94525 -0.0670804
t 0.728286 0.140131 -0.670793
bt -0.322532 -0.94442 -0.0635894
t 0.709047 0.314271 -0.631257
bt -0.217582 -0.975755 -0.0236571
t -0.690682 0.219913 -0.688909
bt 0.00571619 -0.999981 -0.00234475
t -0.662313 0.355628 -0.659447
bt 0.0140966 -0.999882 0.00603641
t -0.690682 0.219913 -0.688909
bt 0.00571619 -0.999981 -0.00234475
t -0.690682 0.219913 -0.688909
bt 0.00571619 -0.999981 -0.00234475
t -0.688912 0.219895 0.690685
bt -0.0018797 -0.999979 -0.00618123
t -0.659348 0.355648 0.662401
bt 0.0134937 -0.999677 -0.0215572
t -0.688864 0.219895 0.690734
bt -0.00188013 -0.999979 -0.00618166
t -0.688912 0.219895 0.690685
bt -0.0018797 -0.999979 -0.00618123
t 0.687963 -0.22563 0.689782
bt 0.0123569 -0.999715 0.0204157
t 0.668593 -0.319781 0.67136
bt -0.00131084 -0.999976 0.00675083
t 0.687914 -0.225629 0.68983
bt 0.0123555 -0.999715 0.0204171
t 0.687963 -0.22563 0.689782
bt 0.0123569 -0.999715 0.0204157
t 0.689519 -0.227266 -0.687687
bt 0.0204128 -0.999715 -0.012354
t 0.664944 -0.345537 -0.662158
bt 0.00672499 -0.999977 0.00133592
t 0.689519 -0.227266 -0.687687
bt 0.0204128 -0.999715 -0.012354
t 0.689519 -0.227266 -0.687687
bt 0.0204128 -0.999715 -0.012354
t -0.883366 -0.347267 0.314755
bt -0.107417 -0.565156 -0.817961
t -0.872384 -0.481574 0.0838606
bt -0.0620547 -0.547538 -0.834477
t -0.883366 -0.347267 0.314755
bt -0.107417 -0.565156 -0.817961
t -0.883366 -0.347267 0.314755
bt -0.107417 -0.565156 -0.817961
t -0.314782 -0.347249 -0.883363
bt 0.798186 -0.582132 -0.154989
t -0.0838054 -0.481602 -0.872374
bt 0.834504 -0.547506 -0.0619743
t -0.314782 -0.347249 -0.883363
bt 0.798186 -0.582132 -0.154989
t -0.314782 -0.347249 -0.883363
bt 0.798186 -0.582132 -0.154989
t 0.868053 0.279587 0.410262
bt -0.104456 -0.564048 0.819108
t 0.843404 0.53617 -0.0345138
bt -0.0937797 -0.560005 0.823165
t 0.868053 0.279587 0.410262
bt -0.104456 -0.564048 0.819108
t 0.868053 0.279587 0.410262
bt -0.104456 -0.564048 0.819108
t 0.405186 0.283389 -0.869204
bt 0.819141 -0.564016 0.104371
t -0.0186753 0.529404 -0.848164
bt 0.823199 -0.559969 0.0936869
t 0.405186 0.283389 -0.869204
bt 0.819141 -0.564016 0.104371
t 0.405186 0.283389 -0.869204
bt 0.819141 -0.564016 0.104371
t -0.67504 -0.0278564 0.737255
bt 0.594521 -0.534972 0.600291
t -0.707078 -2.54466e-05 0.707135
bt 0.587408 -0.534923 0.607296
t -0.67504 -0.0278564 0.737255
bt 0.594521 -0.534972 0.600291
t -0.67504 -0.0278564 0.737255
bt 0.594521 -0.534972 0.600291
t -0.707102 4.22962e-06 -0.707112
bt -0.581031 -0.534835 0.613477
t -0.707112 -4.62374e-06 -0.707102
bt -0.59565 -0.534975 0.599169
t -0.707102 4.22962e-06 -0.707112
bt -0.581031 -0.534835 0.613477
t -0.707102 4.22962e-06 -0.707112
bt -0.581031 -0.534835 0.613477
t 0.722674 -0.0141624 0.691044
bt 0.580463 -0.534826 -0.614023
t 0.707068 3.47334e-05 0.707146
bt 0.601205 -0.534968 -0.5936
t 0.722674 -0.0141624 0.691044
bt 0.580463 -0.534826 -0.614023
t 0.722674 -0.0141624 0.691044
bt 0.580463 -0.534826 -0.614023
t 0.707107 0 -0.707107
bt -0.60098 -0.534969 -0.593828
t 0.707102 -4.64637e-06 -0.707112
bt -0.593726 -0.534969 -0.601081
t 0.707107 0 -0.707107
bt -0.60098 -0.534969 -0.593828
t 0.707107 0 -0.707107
bt -0.60098 -0.534969 -0.593828
t -0.309824 0.318579 -0.895833
bt -0.83864 -0.528207 0.132966
t -0.707047 -2.42582e-05 -0.707166
bt -0.834372 -0.531995 0.144236
t -0.309786 0.318508 -0.895871
bt -0.838646 -0.528196 0.132972
t -0.309824 0.318579 -0.895833
bt -0.83864 -0.528207 0.132966
t -0.895807 0.318544 0.309936
bt 0.0891906 -0.512631 0.853964
t -0.707164 -2.65622e-05 0.707049
bt 0.0573061 -0.500702 0.863721
t -0.895859 0.318448 0.309884
bt 0.0891577 -0.512692 0.853931
t -0.895807 0.318544 0.309936
bt 0.0891906 -0.512631 0.853964
t 0.878347 -0.259207 0.401645
bt 0.124298 -0.525151 -0.841883
t 0.707193 -5.14085e-06 0.70702
bt 0.0388561 -0.493483 -0.868887
t 0.878402 -0.259105 0.401589
bt 0.124267 -0.525208 -0.841852
t 0.878347 -0.259207 0.401645
bt 0.124298 -0.525151 -0.841883
t 0.373796 -0.277864 -0.884911
bt -0.841892 -0.525175 -0.124137
t 0.707076 5.60664e-05 -0.707137
bt -0.868871 -0.493506 -0.0389143
t 0.373758 -0.277794 -0.88495
bt -0.841897 -0.525165 -0.124142
t 0.373796 -0.277864 -0.884911
bt -0.841892 -0.525175 -0.124137
t -0.707047 2.48566e-05 -0.707166
bt 0.832357 -0.530127 -0.1617
t -0.166801 -0.393178 -0.904206
bt 0.889093 -0.456546 0.032842
t -0.707047 2.48566e-05 -0.707166
bt 0.832357 -0.530127 -0.1617
t -0.707047 2.48566e-05 -0.707166
bt 0.832357 -0.530127 -0.1617
t -0.707164 2.7149e-05 0.707049
bt -0.0328033 -0.483885 -0.874517
t -0.904169 -0.393225 0.166889
bt -0.032959 -0.483865 -0.874522
t -0.707104 -8.57572e-05 0.707109
bt -0.0328391 -0.483818 -0.874553
t -0.707164 2.7149e-05 0.707049
bt -0.0328033 -0.483885 -0.874517
t 0.707194 4.4365e-06 0.70702
bt -0.0328439 -0.483901 0.874506
t 0.890579 0.452952 0.0412764
bt -0.0222733 -0.479597 0.877206
t 0.707134 0.000117327 0.70708
bt -0.0328798 -0.483834 0.874542
t 0.707194 4.4365e-06 0.70702
bt -0.0328439 -0.483901 0.874506
t 0.707077 -5.64449e-05 -0.707137
bt 0.874505 -0.483903 0.0328481
t 0.023742 0.460557 -0.887313
bt 0.877179 -0.479651 0.0221944
t 0.707077 -5.64449e-05 -0.707137
bt 0.874505 -0.483903 0.0328481
t 0.707077 -5.64449e-05 -0.707137
bt 0.874505 -0.483903 0.0328481
t -0.650593 0.200686 -0.73243
bt -0.313383 -0.946763 0.0736925
t -0.711394 -0.292724 -0.63893
bt -0.20762 -0.977616 0.0340775
t -0.665511 0.207975 -0.716827
bt -0.208851 -0.977398 0.0327922
t -0.650593 0.200686 -0.73243
bt -0.313383 -0.946763 0.0736925
t -0.782386 0.355483 0.511374
bt 0.065496 -0.82404 0.562733
t -0.785856 0.212423 0.580781
bt 0.0965617 -0.762582 0.639644
t -0.808863 0.343562 0.477185
bt 0.0925874 -0.76101 0.6421
t -0.779594 0.305333 0.546813
bt 0.0671728 -0.824704 0.561562
t 0.781035 -0.325051 0.533223
bt 0.0511926 -0.81823 -0.572607
t 0.786985 -0.216896 0.577591
bt 0.0981778 -0.763217 -0.63864
t 0.805666 -0.314663 0.501887
bt 0.0762102 -0.754344 -0.652041
t 0.777698 -0.28522 0.56021
bt 0.054952 -0.819725 -0.570114
t 0.516025 -0.349191 -0.782166
bt -0.572709 -0.818162 -0.0511511
t 0.577594 -0.216892 -0.786984
bt -0.638647 -0.763213 -0.0981674
t 0.482589 -0.33735 -0.808271
bt -0.652099 -0.754304 -0.0761142
t 0.549175 -0.301955 -0.77925
bt -0.570112 -0.819736 -0.0548212
t 0 0 -1
bt 0.659001 -0.657511 -0.365235
t 0 0 -1
bt 0.667696 -0.666187 0.33223
t 0 0 -1
bt 0.659001 -0.657511 -0.365235
t 0 0 -1
bt 0.659001 -0.657511 -0.365235
t 0.707136 5.75537e-05 -0.707078
bt 0.604576 -0.580649 0.545284
t 0.707078 -5.7543e-05 -0.707136
bt 0.432271 -0.570792 0.698096
t 0.707107 0 -0.707107
bt 0.604551 -0.580698 0.545259
t 0.707136 5.75537e-05 -0.707078
bt 0.604576 -0.580649 0.545284
t 0.999959 0.0064371 -0.00644985
bt 0.365418 -0.657554 0.658857
t 1 0 0
bt -0.334785 -0.665643 0.666962
t 0.999959 0.0064371 -0.00644985
bt 0.365418 -0.657554 0.658857
t 0.999959 0.0064371 -0.00644985
bt 0.365418 -0.657554 0.658857
t 0.707172 -2.07252e-05 0.707041
bt -0.545571 -0.580663 0.604303
t 0.707134 2.75018e-05 0.70708
bt -0.696532 -0.571133 0.434338
t 0.707143 3.68271e-05 0.70707
bt -0.545549 -0.580708 0.60428
t 0.707172 -2.07252e-05 0.707041
bt -0.545571 -0.580663 0.604303
t -0.00101517 -0.00101288 0.999999
bt -0.659001 -0.657512 0.365234
t 0 0 1
bt -0.667102 -0.665595 -0.334602
t -0.00101517 -0.00101288 0.999999
bt -0.659001 -0.657512 0.365234
t -0.00101517 -0.00101288 0.999999
bt -0.659001 -0.657512 0.365234
t -0.707167 2.60069e-05 0.707047
bt -0.604386 -0.580656 -0.545488
t -0.707138 5.55049e-05 0.707076
bt -0.434436 -0.571108 -0.696492
t -0.707167 2.60069e-05 0.707047
bt -0.604386 -0.580656 -0.545488
t -0.707167 2.60069e-05 0.707047
bt -0.604386 -0.580656 -0.545488
t -1 -0.000510976 -0.000511988
bt -0.365972 -0.6574 -0.658703
t -0.999991 0.00296793 0.00297381
bt 0.388456 -0.65093 -0.65222
t -1 -0.000510976 -0.000511988
bt -0.365972 -0.6574 -0.658703
t -1 -0.000510976 -0.000511988
bt -0.365972 -0.6574 -0.658703
t -0.875908 0.227334 -0.425563
bt 0.569568 -0.581143 -0.581262
t -0.841306 0.164902 -0.514792
bt 0.734123 -0.562698 -0.380045
t -0.875872 0.227405 -0.425599
bt 0.569544 -0.581189 -0.581239
t -0.875908 0.227334 -0.425563
bt 0.569568 -0.581143 -0.581262
t 0 0 -1
bt 0 -1 0
t 0 0 -1
bt 0 -1 0
t 0 0 -1
bt 0 -1 0
t 0 0 -1
bt 0 -1 0
t 0.707107 0 -0.707107
bt 0 -1 0
t 0.707107 0 -0.707107
bt 0 -1 0
t 0.707107 0 -0.707107
bt 0 -1 0
t 0.707107 0 -0.707107
bt 0 -1 0
t 1 0 0
bt 0 -1 0
t 1 0 0
bt 0 -1 0
t 1 0 0
bt 0 -1 0
t 1 0 0
bt 0 -1 0
t 0.707107 0 0.707107
bt 0 -1 0
t 0.707107 0 0.707107
bt 0 -1 0
t 0.707107 0 0.707107
bt 0 -1 0
t 0.707107 0 0.707107
bt 0 -1 0
t 0 0 1
bt 0 -1 0
t 0 0 1
bt 0 -1 0
t 0 0 1
bt 0 -1 0
t 0 0 1
bt 0 -1 0
t -0.707057 0 0.707157
bt 0 -1 0
t -0.707057 0 0.707157
bt 0 -1 0
t -0.707057 0 0.707157
bt 0 -1 0
t -0.707057 0 0.707157
bt 0 -1 0
t -1 0 0
bt 0 -1 0
t -1 0 0
bt 0 -1 0
t -1 0 0
bt 0 -1 0
t -1 0 0
bt 0 -1 0
t -0.707107 0 -0.707107
bt 0 -1 0
t -0.707107 0 -0.707107
bt 0 -1 0
t -0.707107 0 -0.707107
bt 0 -1 0
t -0.707107 0 -0.707107
bt 0 -1 0
t 0 0 -1
bt -0.519844 -0.801059 0.29676
t -0.00207857 -0.003203 -0.999993
bt -0.524098 -0.807616 -0.27033
t 0 0 -1
bt -0.519844 -0.801059 0.29676
t 0 0 -1
bt -0.519844 -0.801059 0.29676
t 0.99997 0.00650605 0.00422052
bt -0.296937 -0.8011 -0.519679
t 0.99997 0.00644412 0.00418035
bt 0.294939 -0.80162 -0.520016
t 0.99997 0.00650605 0.00422052
bt -0.296937 -0.8011 -0.519679
t 0.99997 0.00650605 0.00422052
bt -0.296937 -0.8011 -0.519679
t 0.000707055 -0.00108955 0.999999
bt 0.523762 -0.807097 -0.27252
t 0.000693881 -0.00106925 0.999999
bt 0.520163 -0.801552 0.294862
t 0.000707055 -0.00108955 0.999999
bt 0.523762 -0.807097 -0.27252
t 0.000707055 -0.00108955 0.999999
bt 0.523762 -0.807097 -0.27252
t -1 -0.00054471 0.000353422
bt 0.29737 -0.800944 0.519673
t -1 -0.000534423 0.000346748
bt -0.0613704 -0.837312 0.54327
t -1 -0.00054471 0.000353422
bt 0.29737 -0.800944 0.519673
t -1 -0.00054471 0.000353422
bt 0.29737 -0.800944 0.519673
t -0.578607 0.170775 -0.797527
bt -0.469012 -0.740885 0.480747
t -0.655694 0.0746047 -0.751332
bt -0.515398 -0.739645 0.43277
t -0.578607 0.170775 -0.797527
bt -0.469012 -0.740885 0.480747
t -0.578607 0.170775 -0.797527
bt -0.469012 -0.740885 0.480747
t -0.707128 3.31951e-05 0.707086
bt 0.498309 -0.740495 0.450949
t -0.707142 -5.02218e-05 0.707071
bt 0.449567 -0.740481 0.499578
t -0.707128 3.31951e-05 0.707086
bt 0.498309 -0.740495 0.450949
t -0.707128 3.31951e-05 0.707086
bt 0.498309 -0.740495 0.450949
t 0.707107 -1.54983e-08 -0.707107
bt -0.500476 -0.740413 -0.448678
t 0.707107 0 -0.707107
bt -0.449567 -0.740446 -0.499629
t 0.707107 -1.54983e-08 -0.707107
bt -0.500476 -0.740413 -0.448678
t 0.707107 -1.54983e-08 -0.707107
bt -0.500476 -0.740413 -0.448678
t 0.707169 8.77133e-06 0.707045
bt 0.451021 -0.740532 -0.498189
t 0.707166 1.21756e-05 0.707047
bt 0.502039 -0.740379 -0.446986
t 0.707169 8.77133e-06 0.707045
bt 0.451021 -0.740532 -0.498189
t 0.707132 -3.87214e-05 0.707082
bt 0.451009 -0.740548 -0.498177
t 0 0 1
bt 0 1 0
t 0 0 1
bt 0 1 0
t 0 0 1
bt 0 1 0
t 0 0 1
bt 0 1 0
t -0.707107 0 0.707107
bt 0 1 0
t -0.707107 0 0.707107
bt 0 1 0
t -0.707107 0 0.707107
bt 0 1 0
t -0.707107 0 0.707107
bt 0 1 0
t -1 0 0
bt 0 1 0
t -1 0 0
bt 0 1 0
t -1 0 0
bt 0 1 0
t -1 0 0
bt 0 1 0
t -0.707107 0 -0.707107
bt 0 1 0
t -0.707107 0 -0.707107
bt 0 1 0
t -0.707107 0 -0.707107
bt 0 1 0
t -0.707107 0 -0.707107
bt 0 1 0
t 0 0 -1
bt 0 1 0
t 0 0 -1
bt 0 1 0
t 0 0 -1
bt 0 1 0
t 0 0 -1
bt 0 1 0
t 0.707107 0 -0.707107
bt 0 1 0
t 0.707107 0 -0.707107
bt 0 1 0
t 0.707107 0 -0.707107
bt 0 1 0
t 0.707107 0 -0.707107
bt 0 1 0
t 1 0 0
bt 0 1 0
t 1 0 0
bt 0 1 0
t 1 0 0
bt 0 1 0
t 1 0 0
bt 0 1 0
t 0.707107 0 0.707107
bt 0 1 0
t 0.707107 0 0.707107
bt 0 1 0
t 0.707107 0 0.707107
bt 0 1 0
t 0.707107 0 0.707107
bt 0 1 0
t -0.259686 -0.00586261 -0.965675
bt 0.632048 -0.444839 -0.634535
t 0.259703 0.00585282 -0.965671
bt 0.647505 -0.450295 0.614794
t 0.0877851 0.185487 -0.978718
bt 0.767919 -0.224228 -0.600018
t -0.29141 -0.0831339 -0.952979
bt 0.626653 -0.444966 -0.639774
t 0.965668 -0.00581686 -0.259713
bt 0.634293 -0.444997 0.632178
t 0.965678 0.00583849 0.259676
bt -0.634118 -0.445048 0.632319
t 0.978721 0.185467 0.0877854
bt 0.600106 -0.224251 0.767844
t 0.952974 -0.0831239 -0.291428
bt 0.639527 -0.445012 0.626872
t 0.259683 -0.00586424 0.965676
bt -0.841226 -0.495455 0.21648
t -0.259701 0.0058536 0.965671
bt -0.647524 -0.450301 -0.614769
t -0.291427 0.083148 0.952972
bt -0.851848 -0.46081 -0.249017
t 0.291446 -0.083138 0.952968
bt -0.857584 -0.459411 0.231284
t -0.991023 -0.117171 0.0643797
bt -0.632413 -0.445534 -0.633682
t -0.991037 0.117081 -0.0643307
bt 0.616971 -0.449751 -0.645811
t -0.978719 0.185488 -0.0877643
bt -0.600069 -0.224147 -0.767903
t -0.952974 -0.0831232 0.29143
bt -0.639513 -0.445015 -0.626885
t -0.76237 -0.217563 -0.609474
bt 0.609584 -0.451705 -0.651437
t -0.746576 -0.135075 -0.651444
bt 0.609618 -0.450128 -0.652496
t -0.762376 0.217492 0.609492
bt -0.637942 -0.443945 -0.62924
t 0.651361 -0.135109 -0.746642
bt 0.651684 -0.450035 0.610554
t 0.259683 -0.00586424 0.965676
bt -0.841226 -0.495455 0.21648
t 0.291446 -0.083138 0.952968
bt -0.857584 -0.459411 0.231284
t 0.746684 -0.135065 0.651322
bt -0.638023 -0.445332 0.628177
t 0.252725 0 -0.967538
bt 0.993786 0 -0.111304
t 0.252725 0 -0.967538
bt 0.940652 0 0.339372
t -0.252717 0 -0.96754
bt 0.944798 0 -0.327653
t 0 0 -1
bt 0.942612 0 -0.333889
t 0.707107 0 -0.707107
bt 0.936079 0 0.351791
t 0.862856 0 -0.505449
bt 0.321456 0 0.946925
t 0.967543 0 0.252707
bt 0.111158 0 0.993803
t 0.967543 0 0.252707
bt -0.339601 0 0.940569
t 1 0 0
bt 0.33394 0 0.942594
t 0.707148 0 0.707066
bt -0.35234 0 0.935872
t 0.707129 0 0.707085
bt -0.94864 0 0.316358
t 0 0 1
bt -0.942593 0 0.333945
t 0 0 1
bt -0.942903 0 -0.333067
t 0 0 1
bt -0.942593 0 0.333945
t 0 0 1
bt -0.942593 0 0.333945
t -0.70711 0 0.707104
bt -0.935918 0 -0.352218
t -0.862287 0 0.506421
bt -0.3221 0 -0.946706
t -0.70711 0 0.707104
bt -0.935918 0 -0.352218
t -0.70711 0 0.707104
bt -0.935918 0 -0.352218
t -0.999994 0 0.00350891
bt -0.333573 0 -0.942724
t -0.985145 0 -0.171727
bt 0.20926 0 -0.97786
t -0.999994 0 0.00350891
bt -0.333573 0 -0.942724
t -0.866238 0 -0.499632
bt 0.584749 0 -0.811215
t -0.985145 0 -0.171727
bt 0.20926 0 -0.97786
t -0.866238 0 -0.499632
bt 0.584749 0 -0.811215
t -0.252709 0 -0.967542
bt -0.993359 0 -0.115057
t -0.252709 0 -0.967542
bt -0.942004 0 0.335601
t 0.252725 0 -0.967538
bt -0.944798 0 -0.327653
t 0 0 -1
bt -0.942612 0 -0.333889
t -0.707069 0 -0.707145
bt -0.940239 0 0.340516
t -0.707088 0 -0.707126
bt -0.701878 0 0.712297
t -0.967539 0 0.252723
bt 0.111496 0 0.993765
t -0.967539 0 0.252723
bt 0.339585 0 0.940575
t -1 0 0
bt -0.0114805 0 0.999934
t -1 0 0
bt -0.0114805 0 0.999934
t -0.70711 0 0.707104
bt 0.352337 0 0.935873
t -0.505412 0 0.862878
bt 0.946706 0 0.322097
t 0 0 1
bt 0.94264 0 0.333811
t 0 0 1
bt 0.942856 0 -0.333199
t 0 0 1
bt 0.94264 0 0.333811
t 0.707148 0 0.707066
bt 0.93587 0 -0.352345
t 0.862867 0 0.505431
bt 0.322233 0 -0.94666
t 0.707148 0 0.707066
bt 0.93587 0 -0.352345
t 0.707148 0 0.707066
bt 0.93587 0 -0.352345
t 0.967538 0 -0.252725
bt 0.111334 0 -0.993783
t 0.967538 0 -0.252725
bt -0.339429 0 -0.940632
t 1 0 0
bt 0.333958 0 -0.942588
t 0.707107 0 -0.707107
bt -0.351854 0 -0.936055

