g sponza_369
t 0.494348 -0.385596 -0.779061
bt 0.844123 0.443298 0.301568
t 0.488642 -0.377539 -0.78657
bt 0.840705 0.00705537 0.541448
t 0.497617 -0.395243 -0.772114
bt 0.837571 -0.0288331 0.545567
t 0.499123 -0.406496 -0.765269
bt 0.85276 0.430141 0.296274
t 0.484645 -0.345425 -0.803617
bt 0.832567 0.448064 0.325686
t 0.503356 -0.344407 -0.792475
bt 0.84496 -0.0677454 0.530521
t 0.499205 -0.372277 -0.782435
bt 0.598958 -0.469089 0.649002
t 0.492946 -0.378074 -0.783623
bt 0.59213 -0.461033 0.660931
t 0.479862 -0.323866 -0.81538
bt 0.568236 -0.488741 0.661997
t 0.0928961 -0.0399842 -0.994873
bt 0.997523 -0.0640035 -0.029178
t 0.222113 -0.188672 -0.956592
bt 0.989421 0.0109196 0.14466
t 0.205307 -0.158144 -0.965836
bt 0.927025 0.373717 -0.0309795
t 0.0791965 0.00188505 -0.996857
bt 0.959351 0.282096 -0.00826355
t -0.139369 0.16209 -0.976884
bt 0.920997 0.377746 -0.0952505
t -0.132635 0.146622 -0.98026
bt 0.995092 0.0398366 -0.0905817
t 0.232658 -0.306654 -0.922948
bt 0.867627 -0.497068 -0.0120839
t 0.081903 -0.14606 -0.985879
bt 0.868707 -0.495154 -0.0130327
t -0.172742 0.148992 -0.973633
bt 0.890526 -0.453693 -0.0335556
t -0.987076 -0.00259704 0.160234
bt -0.0450383 -0.339744 -0.939439
t -0.988733 -0.0212259 0.148179
bt 0.0380382 -0.145109 -0.988684
t -0.922454 0.381638 -0.0585689
bt 0.0168512 -0.132715 -0.991011
t -0.911583 0.408062 -0.0500182
bt -0.063357 -0.302321 -0.951098
t -0.660645 0.681707 -0.314362
bt -0.125631 -0.285365 -0.950149
t -0.574069 0.72648 -0.377719
bt 0.04898 0.0213884 -0.998571
t -0.926888 0.375053 -0.0146036
bt -0.188893 -0.523732 -0.830676
t -0.954114 -0.190164 0.231308
bt -0.206284 -0.614584 -0.761402
t -0.52187 0.803327 -0.28691
bt -0.244599 -0.664513 -0.706112
t -0.33469 -0.153661 -0.929716
bt 0.949757 0.178457 -0.25713
t -0.308531 -0.164042 -0.936962
bt 0.90956 0.374765 -0.179588
t -0.347937 0.277677 -0.895453
bt 0.901118 0.384102 -0.201127
t -0.367289 0.301555 -0.879866
bt 0.937264 0.215097 -0.274354
t -0.269334 0.682549 -0.679402
bt 0.913693 0.223317 -0.33955
t -0.220507 0.761633 -0.609338
bt 0.833086 0.527949 -0.165039
t -0.386359 0.259956 -0.884957
bt 0.924994 -0.0437255 -0.377457
t -0.274469 -0.347118 -0.896758
bt 0.912151 -0.15159 -0.380791
t -0.326916 0.780767 -0.532474
bt 0.885992 -0.221848 -0.407188
t -0.305164 0.140148 -0.941931
bt 0.929484 -0.14574 -0.33885
t -0.380236 0.349511 -0.856308
bt 0.963261 0.0736475 -0.258272
t -0.357025 0.0605341 -0.932131
bt 0.883978 0.392664 -0.253768
t -0.32664 -0.0146029 -0.945036
bt 0.959662 -0.014595 -0.280777
t -0.295709 0.03091 -0.954778
bt 0.884904 0.431956 -0.174236
t -0.322762 0.0464547 -0.945339
bt 0.967369 -0.0713019 -0.243132
t -0.339054 -0.0410182 -0.939872
bt 0.784356 -0.543172 -0.299584
t -0.32409 0.114029 -0.939129
bt 0.816124 -0.511219 -0.269436
t -0.370986 -0.0686704 -0.926096
bt 0.840994 -0.469659 -0.268606
t -0.619117 0.227679 -0.751569
bt 0.706903 0.611814 -0.354925
t -0.626181 0.235463 -0.743273
bt 0.798823 0.176909 -0.574965
t -0.614246 0.219308 -0.758027
bt 0.796143 0.145039 -0.587469
t -0.610107 0.208606 -0.764364
bt 0.702117 0.607832 -0.370906
t -0.635869 0.265226 -0.724794
bt 0.725617 0.599674 -0.337448
t -0.619111 0.270191 -0.737359
bt 0.77669 0.121496 -0.618055
t -0.617728 0.242145 -0.748183
bt 0.665832 -0.342757 -0.662711
t -0.622378 0.235269 -0.746521
bt 0.676198 -0.344457 -0.651234
t -0.643382 0.284547 -0.710699
bt 0.660821 -0.376758 -0.64913
t -0.844739 0.0860449 0.528215
bt -0.585272 -0.067755 -0.808001
t -0.901057 0.269253 0.339998
bt -0.249914 0.100131 -0.963077
t -0.840065 0.182451 0.510884
bt -0.550383 0.461186 -0.695979
t -0.860806 0.0352423 0.507711
bt -0.569195 -0.00462768 -0.822189
t -0.896152 0.134495 0.422875
bt -0.647153 0.0731471 -0.758843
t -0.814727 0.446518 0.36992
bt -0.494054 0.668202 -0.556252
t -0.855315 0.0545844 0.515224
bt -0.463619 -0.454692 -0.760469
t -0.836244 0.0269484 0.547695
bt -0.401644 -0.464801 -0.789077
t -0.888595 0.0318421 0.457586
bt -0.471562 -0.472097 -0.744818
t -0.989515 -0.141932 0.0267566
bt 0.0674921 0.0954855 -0.99314
t -0.98798 -0.154574 0.00179204
bt 0.129611 0.295091 -0.946637
t -0.956841 0.290385 0.0114731
bt 0.106805 0.304939 -0.946364
t -0.948463 0.315189 0.0327682
bt 0.0474261 0.132485 -0.99005
t -0.722681 0.690424 -0.0323421
bt -0.0206387 0.141294 -0.989752
t -0.639489 0.766299 -0.061968
bt 0.120166 0.452912 -0.88342
t -0.960122 0.274712 0.0519608
bt -0.0567546 -0.125652 -0.99045
t -0.940841 -0.33885 -3.72264e-07
bt -0.0654999 -0.232386 -0.970416
t -0.601785 0.796283 0.0615445
bt -0.0998957 -0.301029 -0.948368
t -0.241542 -0.0889777 -0.966303
bt 0.371468 0.915916 0.152017
t -0.0915424 0.190662 -0.977378
bt 0.633726 0.772866 -0.0327065
t -0.203805 0.00741084 -0.978983
bt 0.793978 0.606309 -0.0445782
t -0.361329 -0.128419 -0.923553
bt 0.546152 0.829346 0.117915
t -0.257143 0.13119 -0.957427
bt 0.103189 0.861746 -0.496736
t -0.271297 0.091198 -0.958165
bt 0.649224 0.760584 0.00450769
t 0.172322 0.114105 -0.978409
bt 0.910689 0.289545 -0.294635
t 0.395107 -0.10701 -0.912381
bt 0.945214 0.0947013 -0.312415
t -0.184546 0.100017 -0.977722
bt 0.887232 0.37857 -0.263637
t -0.00370009 -0.19422 -0.980951
bt 0.994352 -0.105274 -0.0134571
t -0.0366502 -0.273711 -0.961113
bt 0.942979 0.330931 -0.0357027
t -0.0267122 0.0105839 -0.999587
bt 0.960799 0.270164 -0.0622592
t -0.0387146 0.0053732 -0.999236
bt 0.990892 -0.132354 -0.0248182
t -0.0670633 0.183723 -0.980688
bt 0.990979 -0.0980002 -0.0914155
t -0.0445598 0.27677 -0.959902
bt 0.943891 0.320962 -0.0777964
t 0.00168267 -0.0305759 -0.999531
bt 0.885926 -0.463536 0.0164133
t -0.0396247 -0.117012 -0.99234
bt 0.890454 -0.454485 0.0231215
t -0.100829 0.0834175 -0.9914
bt 0.916775 -0.399401 0.00127246
t -0.941047 -0.320324 0.108736
bt -0.358097 0.629286 -0.689758
t -0.918906 -0.390079 0.05874
bt -0.333161 0.893899 -0.299914
t -0.933659 -0.202609 0.295347
bt -0.369943 0.85824 -0.355761
t -0.931403 -0.215658 0.293224
bt -0.370848 0.611973 -0.698543
t -0.884045 -0.114138 0.453251
bt -0.437837 0.621323 -0.649813
t -0.862699 -0.0348801 0.504513
bt -0.375244 0.878163 -0.296685
t -0.948828 -0.21016 0.235706
bt -0.310194 0.306136 -0.900034
t -0.934974 -0.29558 0.196104
bt -0.304931 0.316387 -0.898285
t -0.895683 -0.205943 0.394132
bt -0.331558 0.367824 -0.868778
t -0.989587 -0.141428 0.02676
bt 0.0675439 0.0954671 -0.993138
t -0.988059 -0.154069 0.00180251
bt 0.129773 0.294955 -0.946658
t -0.956706 0.290829 0.0114635
bt 0.106974 0.304902 -0.946357
t -0.948326 0.315603 0.0327592
bt 0.0474989 0.13247 -0.990048
t -0.722287 0.690837 -0.032337
bt -0.0205596 0.141313 -0.989751
t -0.63913 0.766597 -0.0619812
bt 0.120385 0.452835 -0.88343
t -0.959973 0.275234 0.0519547
bt -0.0568295 -0.12562 -0.990449
t -0.940994 -0.338423 3.09627e-06
bt -0.0656207 -0.232351 -0.970416
t -0.601372 0.796595 0.0615423
bt -0.100049 -0.300984 -0.948366
t 0.0734378 -0.182363 -0.980485
bt 0.966691 0.255572 -0.0138665
t 0.07492 -0.266719 -0.960858
bt 0.759134 0.649914 -0.0364477
t -0.0281312 0.00110866 -0.999604
bt 0.799652 0.5971 -0.0634665
t -0.0366895 -0.00812353 -0.999294
bt 0.972444 0.231726 -0.0256202
t -0.136776 0.147771 -0.979518
bt 0.960703 0.261207 -0.0939139
t -0.151282 0.24092 -0.958682
bt 0.76375 0.640609 -0.0794142
t 0.0167867 -0.0283034 -0.999458
bt 0.992797 -0.118711 0.0161638
t 0.00979998 -0.122442 -0.992427
bt 0.993754 -0.10924 0.0228127
t -0.126719 0.0421673 -0.991042
bt 0.998755 -0.0498777 0.00124633
t 0.00761775 0.0860742 -0.99626
bt 0.995876 -0.0678324 -0.0602541
t 0.196656 0.26925 -0.942778
bt 0.946763 0.100141 0.30596
t 0.0197316 0.182462 -0.983015
bt 0.882657 0.461138 -0.0909277
t 0.0335444 0.0352796 -0.998814
bt 0.999226 -0.0046193 -0.0390615
t 0.124105 0.134499 -0.983111
bt 0.987609 0.0731531 -0.138842
t 0.12509 0.446513 -0.88599
bt 0.734543 0.668154 -0.118395
t 0.024272 0.0546328 -0.998211
bt 0.890469 -0.454729 0.0169042
t -0.0134 0.0269172 -0.999548
bt 0.881361 -0.464817 0.0845456
t 0.0907852 0.031874 -0.99536
bt 0.881547 -0.472093 0.00179893
t -0.0820275 0.0391863 -0.995859
bt 0.998443 -0.0470708 0.0299219
t -0.0142204 0.0390255 -0.999137
bt 0.977802 -0.208138 -0.0241239
t -0.153809 -0.470896 -0.868677
bt 0.972167 -0.230948 0.0394202
t -0.168224 -0.500698 -0.849119
bt 0.999 0.000432619 0.0447059
t 0.211397 0.651112 -0.728948
bt 0.981049 0.185292 0.056657
t 0.134897 0.488155 -0.862269
bt 0.980382 -0.195825 -0.0224387
t 0.0362671 -0.0910741 -0.995184
bt 0.912531 -0.408174 -0.0260999
t -0.19489 -0.681292 -0.705591
bt 0.796307 -0.604892 0.000796719
t 0.15715 0.589496 -0.792337
bt 0.843017 -0.532555 -0.0755542
t -0.922541 0.165672 -0.348527
bt 0.412016 0.016904 -0.91102
t -0.890328 0.360958 -0.277533
bt 0.481998 0.0591428 -0.874174
t -0.837208 0.470716 -0.278404
bt 0.4621 0.185678 -0.867172
t -0.8239 0.508332 -0.250573
bt 0.365393 0.0684792 -0.928331
t -0.676042 0.695098 -0.244554
bt 0.305293 0.103051 -0.946666
t -0.741389 0.582653 -0.332954
bt 0.305509 0.131903 -0.943009
t -0.860115 0.402658 -0.31316
bt 0.159109 -0.0842774 -0.983657
t -0.945745 0.132237 -0.296781
bt 0.0931659 -0.115066 -0.988979
t -0.795675 0.577902 -0.18147
bt 0.311161 0.0529757 -0.94888
t -0.99575 0.0880054 0.0271506
bt 0.109345 0.533901 -0.838447
t -0.994906 0.0937022 0.0371812
bt 0.0275705 0.355765 -0.934168
t -0.965399 -0.241838 -0.0975701
bt 0.063264 0.292933 -0.954038
t -0.997213 -0.0533983 -0.0521012
bt 0.0869113 0.396925 -0.913727
t -0.942791 0.311532 0.118711
bt 0.0130842 0.532994 -0.846018
t -0.931404 0.318838 0.175584
bt 0.0177102 0.367598 -0.929816
t -0.999706 -0.023871 0.00429987
bt -0.0175955 0.0865986 -0.996088
t -0.923357 -0.366549 -0.114248
bt 0.0349335 0.000375512 -0.99939
t -0.975465 0.201699 0.0882308
bt -0.0142915 0.265665 -0.963959
t 0.0342696 -0.421603 -0.906133
bt 0.992052 -0.111797 0.0577455
t -0.00135032 -0.495463 -0.868628
bt 0.948788 0.305672 -0.0797847
t 0.0155677 -0.225229 -0.974181
bt 0.966571 0.240793 -0.0880846
t 0.00363691 -0.231439 -0.972843
bt 0.988496 -0.14112 0.0544048
t -0.0220709 -0.0512671 -0.998441
bt 0.991962 -0.12431 -0.0236494
t 0.00126583 0.0434349 -0.999055
bt 0.950962 0.286035 -0.117711
t 0.0444531 -0.264402 -0.963388
bt 0.874784 -0.450159 0.179191
t 2.30918e-05 -0.34783 -0.937558
bt 0.87902 -0.440044 0.183535
t -0.0573723 -0.150725 -0.98691
bt 0.907727 -0.392213 0.148997
t 0.239903 -0.00615863 0.970777
bt 0.961231 -0.152628 -0.229651
t 0.222235 -0.0221104 0.974742
bt 0.950304 -0.173226 -0.258679
t 0.233355 -0.0122273 0.972315
bt 0.821744 -0.520669 -0.231606
t 0.24598 0.00131989 0.969274
bt 0.829507 -0.514284 -0.217785
t 0.227815 -0.0310931 0.973208
bt 0.963361 -0.119631 -0.240049
t 0.207519 -0.0399453 0.977415
bt 0.816765 -0.514508 -0.261106
t 0.227185 -0.017073 0.973702
bt 0.947811 0.221012 -0.229798
t 0.215419 -0.0342948 0.975919
bt 0.958151 0.214151 -0.189962
t 0.23463 -0.0227916 0.971817
bt 0.945483 0.231633 -0.228928
t 0.0734363 -0.182364 -0.980485
bt 0.96669 0.255573 -0.0138608
t 0.07492 -0.266719 -0.960858
bt 0.759134 0.649913 -0.0364504
t -0.0281338 0.00110675 -0.999604
bt 0.799653 0.5971 -0.063457
t -0.0366912 -0.00812393 -0.999294
bt 0.972444 0.231726 -0.0256161
t -0.136775 0.147771 -0.979518
bt 0.960704 0.261206 -0.0939098
t -0.151282 0.24092 -0.958682
bt 0.76375 0.640609 -0.0794142
t 0.0167887 -0.0283037 -0.999458
bt 0.992797 -0.118711 0.0161602
t 0.0097994 -0.122442 -0.992427
bt 0.993753 -0.109238 0.0228263
t -0.126716 0.0421672 -0.991042
bt 0.998755 -0.0498782 0.00125867
t 0.803397 -0.202406 0.559987
bt -0.574772 -0.289342 0.765453
t 0.816553 -0.27431 0.507933
bt -0.570629 0.150254 0.807345
t 0.808843 0.0020396 0.588021
bt -0.554121 0.087676 0.827806
t 0.81625 -0.000767615 0.577698
bt -0.560544 -0.317237 0.764952
t 0.797305 0.178782 0.57649
bt -0.51142 -0.282365 0.811616
t 0.756552 0.266845 0.597012
bt -0.536923 0.139935 0.831944
t 0.796435 -0.0428396 0.603205
bt -0.495323 -0.624146 0.604232
t 0.825115 -0.120575 0.551948
bt -0.504562 -0.615604 0.60535
t 0.837835 0.0872808 0.538901
bt -0.509008 -0.565681 0.64878
t 0.0734356 -0.182364 -0.980485
bt 0.96669 0.255573 -0.0138593
t 0.0749251 -0.266715 -0.960859
bt 0.759134 0.649913 -0.0364503
t -0.0281359 0.00110518 -0.999603
bt 0.799653 0.5971 -0.0634562
t -0.0366906 -0.00812378 -0.999294
bt 0.972444 0.231726 -0.0256152
t -0.136778 0.14777 -0.979518
bt 0.960703 0.261207 -0.0939133
t -0.151288 0.240916 -0.958682
bt 0.76375 0.640609 -0.0794126
t 0.0167884 -0.0283036 -0.999458
bt 0.992797 -0.118711 0.0161564
t 0.00978906 -0.122441 -0.992428
bt 0.993753 -0.109239 0.0228232
t -0.126717 0.0421672 -0.991042
bt 0.998755 -0.0498777 0.00124457
t -0.010288 0.0181915 -0.999782
bt 0.874443 0.485129 0.000199673
t -0.0185542 0.0277478 -0.999443
bt 0.999959 0.00787495 0.00444312
t -0.00331739 0.0087934 -0.999956
bt 0.999629 -0.0271888 -0.0017331
t 0.00164495 -0.00331721 -0.999993
bt 0.879051 0.476728 1.15292e-07
t -0.0310596 0.0612052 -0.997642
bt 0.877267 0.47824 0.0410932
t -0.00953887 0.0625374 -0.997997
bt 0.997971 -0.055012 -0.0320562
t -0.00797912 0.0194799 -0.999778
bt 0.874099 0.483945 0.0418259
t -0.00768112 0.0331261 -0.999422
bt 0.858448 -0.512657 -0.0157858
t -0.013409 0.0269374 -0.999547
bt 0.85942 -0.511271 -9.95285e-07
t -0.0415583 0.0833984 -0.995649
bt 0.840289 -0.542138 8.48307e-07
t -0.755611 0.330075 0.565776
bt -0.480111 0.0519814 -0.875666
t -0.774055 0.317132 0.547965
bt -0.326592 0.197973 -0.9242
t -0.566165 0.712979 0.413663
bt -0.337583 0.218225 -0.91565
t -0.53764 0.730555 0.420991
bt -0.480056 0.0936628 -0.872223
t -0.250829 0.958564 0.13506
bt -0.525406 0.13488 -0.840092
t -0.170964 0.984346 0.0428292
bt -0.229596 0.33874 -0.912437
t -0.548179 0.70386 0.451754
bt -0.664186 -0.0859888 -0.742605
t -0.810126 0.132035 0.571194
bt -0.703448 -0.172855 -0.689407
t -0.0572689 0.991439 0.117341
bt -0.743374 -0.216771 -0.632776
t -0.956304 -0.287034 -0.0556302
bt 0.236904 0.110657 -0.965211
t -0.996979 -0.0776532 0.00175316
bt 0.148086 0.14568 -0.978186
t -0.998887 0.0465352 -0.00766066
bt 0.0679896 0.259218 -0.963423
t -0.996827 0.079339 0.00648329
bt 0.0266997 0.0956642 -0.995055
t -0.946372 0.321719 -0.0296014
bt -0.0427329 0.102185 -0.993847
t -0.978357 0.184585 -0.0935207
bt -0.0555245 0.129313 -0.990048
t -0.998458 -0.0331707 -0.0445189
bt -0.0866825 -0.146376 -0.985424
t -0.946774 -0.321898 5.73521e-06
bt -0.129058 -0.202822 -0.970674
t -0.956256 -0.286977 -0.0567324
bt -0.192598 -0.0186895 -0.9811
t -0.982065 0.177479 0.0636284
bt -0.0141945 0.0561849 -0.99832
t -0.227591 -0.0513512 0.972402
bt -0.887506 0.455022 -0.0727216
t 0.0879908 -0.0778188 0.993077
bt -0.816788 0.576202 -0.02913
t -0.16152 -0.0109643 0.986809
bt -0.986802 0.161875 -0.0043331
t -0.298494 -0.193386 0.934614
bt -0.992893 -0.0975171 -0.068221
t -0.0238728 0.0217544 0.999478
bt -0.702795 0.473541 0.530885
t 0.0153863 -0.00339614 0.999876
bt -0.982638 0.184488 -0.0196573
t -0.305546 -0.284459 0.908694
bt -0.898045 -0.434283 0.0700974
t -0.276747 -0.616234 0.737338
bt -0.767519 -0.63968 0.0415242
t -0.0491734 -0.0586632 0.997066
bt -0.942073 -0.328049 0.0698764
t 0.990362 -0.132911 0.0389476
bt -0.0360131 0.285858 0.957595
t 0.958503 -0.278667 0.060132
bt 0.0569806 0.0275137 0.997996
t 0.91493 -0.403229 -0.0176033
bt -0.0951133 -0.056338 0.993871
t 1 0 0
bt -0.123915 -0.097941 0.987448
t 0.999829 -0.0166899 0.00798042
bt 0.0659747 0.429339 0.90073
t 0.989215 -0.0512224 -0.137219
bt -0.00151059 0.215975 0.976398
t 0.859889 -0.510062 0.020661
bt -0.11048 -0.363557 0.924998
t 0.761332 -0.648363 1.83158e-05
bt -0.201052 -0.348821 0.91537
t 0.983554 -0.175631 0.0421313
bt 0.0802188 -0.250963 0.964667
t 0.910646 0.10944 -0.39843
bt 0.0784931 0.0644079 0.994832
t 0.990274 0.1189 -0.0722522
bt 0.214312 -0.0552124 0.975204
t 0.930844 0.11722 -0.346105
bt 0.203747 -0.160338 0.965805
t 0.868569 0.136239 -0.476473
bt 0.0777562 -0.00357139 0.996966
t 0.967184 0.160252 -0.197163
bt 0.683703 0.170846 0.70948
t 0.958785 0.155829 -0.237587
bt 0.166867 -0.0631974 0.983952
t 0.993127 0.0628931 -0.0987024
bt 0.40604 -0.274281 0.871723
t 0.987931 -0.121479 -0.0961034
bt 0.423028 -0.426745 0.799334
t 0.970826 0.133876 -0.198934
bt 0.367174 -0.230501 0.90114
t -0.0272088 0.151451 0.98809
bt -0.802341 0.589121 -0.0958343
t 0.211531 0.217373 0.952892
bt -0.641984 0.746041 -0.176861
t -0.0510074 0.0494989 0.997471
bt -0.336509 0.933299 -0.125361
t -0.127251 0.0203519 0.991662
bt -0.700872 0.695081 -0.16013
t -0.114387 0.0761308 0.990515
bt -0.282599 0.938403 -0.198839
t -0.0833155 0.0659461 0.994339
bt -0.742088 0.638735 -0.20328
t -0.138634 -0.00583067 0.990326
bt -0.977877 0.185911 -0.0958865
t -0.0297793 0.110889 0.993387
bt -0.966123 0.220399 -0.134281
t -0.127591 -0.0513514 0.990497
bt -0.953513 0.264833 -0.143795
t -0.950009 -0.312222 -0.000618914
bt -0.0332295 0.311957 -0.949515
t -0.948071 -0.317923 0.00928987
bt -0.0211094 0.091535 -0.995578
t -0.765628 -0.64282 -0.024398
bt 0.0428493 0.0525493 -0.997699
t -0.883817 -0.466566 -0.0344004
bt 0.0124209 0.164285 -0.986335
t -0.997683 -0.0651008 0.0197662
bt -0.122372 0.271151 -0.954726
t -0.996921 -0.0399498 0.0674702
bt -0.0408784 0.108262 -0.993282
t -0.903455 -0.428539 0.011087
bt 0.0727642 -0.176676 -0.981576
t -0.66783 -0.744313 0.00088537
bt 0.156802 -0.234677 -0.959344
t -0.982401 -0.185264 0.023787
bt -0.012809 -0.00577437 -0.999901
t 0.666111 -0.647927 0.369441
bt 0.233401 -0.263958 -0.935869
t 0.820471 -0.404183 0.404306
bt 0.17155 -0.294067 -0.940263
t 0.791858 -0.481211 0.376027
bt 0.460181 0.0471651 -0.886571
t 0.669241 -0.654455 0.35186
bt 0.48904 0.0538022 -0.8706
t 0.512912 -0.780668 0.357043
bt 0.496858 0.0130201 -0.867734
t 0.461678 -0.84252 0.277513
bt 0.207134 -0.313579 -0.926695
t 0.667891 -0.649991 0.362537
bt 0.233479 -0.264036 -0.935827
t 0.682885 -0.63711 0.357433
bt 0.640169 0.325885 -0.695689
t 0.744758 -0.547852 0.381043
bt 0.633514 0.322686 -0.703231
t 0.590648 -0.706202 0.390402
bt 0.622315 0.268066 -0.735435
t 0.801468 0.0756129 -0.593238
bt 0.538292 0.406021 0.738504
t 0.813425 -0.00833393 -0.58161
bt 0.297372 0.753717 0.586072
t 0.696091 0.239502 -0.676828
bt 0.360749 0.716612 0.596932
t 0.691178 0.232368 -0.684309
bt 0.559813 0.384481 0.734019
t 0.565197 0.359366 -0.742569
bt 0.593358 0.423242 0.684684
t 0.511605 0.442374 -0.736591
bt 0.334644 0.75686 0.561406
t 0.733396 0.219689 -0.643325
bt 0.655625 0.0398625 0.754034
t 0.75156 0.126189 -0.647483
bt 0.648566 0.047158 0.759696
t 0.613106 0.262228 -0.74521
bt 0.648541 0.109787 0.75322
t 0.222886 -0.108836 -0.96875
bt 0.997846 -0.0514954 0.0406506
t 0.232035 -0.0875407 -0.96876
bt 0.872211 0.452619 0.185428
t 0.0756355 0.168789 -0.982746
bt 0.949933 0.310055 0.0386453
t 0.0842813 0.111136 -0.990225
bt 0.996509 -0.0731101 -0.0403143
t -0.140027 0.290853 -0.946465
bt 0.921603 0.386402 -0.036629
t -0.133146 0.275779 -0.951955
bt 0.995354 0.0508707 -0.0817505
t 0.231695 -0.180745 -0.95585
bt 0.867241 -0.490284 -0.0866851
t 0.0804697 -0.0140112 -0.996659
bt 0.868281 -0.488308 -0.087428
t -0.173665 0.27724 -0.944976
bt 0.889964 -0.444766 -0.100739
t -0.974131 -0.221293 -0.0458106
bt 0.0841567 0.0329723 -0.995907
t -0.998094 -0.0616294 0.00312654
bt -0.0546173 0.117739 -0.991542
t -0.998563 0.0534129 0.00435318
bt 0.0752521 0.222274 -0.972076
t -0.99612 0.0876598 0.00784294
bt 0.0240193 0.0716496 -0.997141
t -0.957827 0.286139 0.0262952
bt -0.0411059 0.0853082 -0.995506
t -0.986172 0.165063 -0.0147705
bt -0.0517364 0.11303 -0.992244
t -0.999713 -0.00199779 -0.0238578
bt -0.100244 -0.149084 -0.98373
t -0.957737 -0.286893 -0.0207931
bt 0.12071 -0.18249 -0.97577
t -0.984043 0.158331 0.0811812
bt -0.0135492 0.0503623 -0.998639
t -0.122249 -0.422909 -0.897888
bt 0.802099 -0.567226 0.186795
t -0.0703731 -0.190498 -0.979162
bt 0.914196 -0.381235 0.137494
t -0.198355 -0.447364 -0.872078
bt 0.986941 -0.137112 -0.0845405
t -0.197532 -0.514524 -0.834414
bt 0.868064 -0.466218 0.170605
t -0.147242 -0.504401 -0.850823
bt 0.997665 -0.0546969 -0.0408917
t -0.167996 -0.478638 -0.86179
bt 0.838532 -0.491475 0.235197
t -0.167236 -0.437633 -0.883465
bt 0.456844 -0.789406 0.410039
t -0.22978 -0.505549 -0.831638
bt 0.432458 -0.799047 0.417736
t -0.273941 -0.53189 -0.80128
bt 0.535344 -0.737928 0.410937
t 0.986999 -0.148645 -0.0611318
bt 0.130731 0.547409 0.826591
t 0.986607 -0.143697 -0.0771913
bt 0.095975 0.273001 0.957214
t 0.986709 -0.152486 -0.0561617
bt 0.0997876 0.255382 0.961677
t 0.986097 -0.158301 -0.0505409
bt 0.1445 0.540491 0.828848
t 0.988158 -0.129753 -0.0818986
bt 0.101912 0.547957 0.830275
t 0.988997 -0.135018 -0.060459
bt 0.0980246 0.229196 0.968432
t 0.988256 -0.132848 -0.0755123
bt 0.0557416 -0.040478 0.997624
t 0.987121 -0.145712 -0.0660258
bt 0.0383038 -0.0439385 0.9983
t 0.985657 -0.13892 -0.0958196
bt 0.0863247 -0.0634009 0.994248
t 0.567013 -0.0339048 -0.823011
bt 0.816235 0.0642316 0.574138
t 0.563862 -0.0217207 -0.825583
bt 0.726089 -0.43079 0.535924
t 0.567671 -0.0450755 -0.822021
bt 0.715795 -0.461647 0.523946
t 0.566116 -0.0581876 -0.822269
bt 0.824293 0.0544725 0.563537
t 0.567947 0.0130975 -0.822961
bt 0.800749 0.0587578 0.596111
t 0.584725 0.00502403 -0.811216
bt 0.720724 -0.489488 0.490876
t 0.574364 -0.0218089 -0.81831
bt 0.421141 -0.843265 0.333981
t 0.567811 -0.0248539 -0.822784
bt 0.41302 -0.841583 0.34807
t 0.569254 0.0375559 -0.821303
bt 0.385145 -0.861693 0.330377
t -0.841431 -0.337891 0.421691
bt -0.400218 -0.196118 -0.895189
t -0.795142 -0.411065 0.445841
bt -0.48113 0.234103 -0.844814
t -0.885195 -0.13678 0.444659
bt -0.500251 0.169316 -0.849165
t -0.878972 -0.141226 0.455482
bt -0.403001 -0.225709 -0.886931
t -0.883182 0.0403247 0.467294
bt -0.47182 -0.201393 -0.858386
t -0.89033 0.132807 0.435517
bt -0.516995 0.21802 -0.827758
t -0.89005 -0.178422 0.419495
bt -0.25802 -0.535374 -0.804239
t -0.850691 -0.259799 0.456979
bt -0.25563 -0.525763 -0.811312
t -0.860841 -0.0561776 0.505763
bt -0.296936 -0.476958 -0.827249
t 0.976073 -0.147274 0.159974
bt -0.0313807 0.474084 0.87992
t 0.95639 -0.228291 0.182212
bt -0.000654991 0.815195 0.579187
t 0.999846 0.00866791 0.0152698
bt 0.0251194 0.77248 0.634542
t 0.99995 -0.00183927 0.0098574
bt -0.0192012 0.45275 0.89143
t 0.983528 0.126208 -0.129397
bt 0.051193 0.479236 0.876192
t 0.962625 0.2128 -0.167542
bt 0.0427756 0.807664 0.588089
t 0.997592 -0.00952306 0.0687041
bt -0.0604111 0.108538 0.992255
t 0.991189 -0.102812 0.0835142
bt -0.067187 0.11785 0.990756
t 0.995483 0.0260971 -0.0912866
bt -0.0462046 0.177249 0.983081
t -0.361826 0.083923 0.92846
bt -0.824527 0.453993 -0.337706
t -0.382883 0.00106957 0.923796
bt -0.519739 0.787296 -0.331719
t -0.219081 0.240577 0.945582
bt -0.581717 0.752888 -0.30784
t -0.211342 0.233251 0.949173
bt -0.841744 0.432841 -0.322669
t -0.0662134 0.353065 0.933253
bt -0.842379 0.470894 -0.262023
t -0.0192696 0.434091 0.900663
bt -0.538175 0.791026 -0.290941
t -0.269896 0.223788 0.936523
bt -0.951913 0.0912439 -0.292466
t -0.287958 0.130794 0.948669
bt -0.948542 0.0984958 -0.300943
t -0.111149 0.257819 0.959779
bt -0.941914 0.160871 -0.294819
t 0.518566 -0.393434 -0.759144
bt 0.727302 0.127861 0.674302
t 0.500183 -0.19995 -0.842518
bt 0.77655 0.15457 0.610801
t 0.522878 -0.0823632 -0.848419
bt 0.814661 0.251206 0.522708
t 0.506858 -0.0548831 -0.86028
bt 0.848258 0.0943731 0.521107
t 0.530087 0.179096 -0.828814
bt 0.882966 0.0894583 0.460834
t 0.589543 0.0468459 -0.806377
bt 0.88838 0.113213 0.444931
t 0.54141 -0.159246 -0.82554
bt 0.881581 -0.147583 0.448368
t 0.463446 -0.425219 -0.777436
bt 0.887597 -0.205662 0.41216
t 0.519551 -0.393368 -0.758504
bt 0.936033 -0.0379383 0.349861
t 0.455934 0.0396704 -0.889129
bt 0.868797 0.0503914 0.492598
t -0.989514 -0.141933 0.0267709
bt 0.0674907 0.0954854 -0.99314
t -0.98798 -0.154574 0.00179266
bt 0.129599 0.29509 -0.946639
t -0.956842 0.290382 0.011481
bt 0.106804 0.304939 -0.946364
t -0.948463 0.315188 0.0327761
bt 0.0474268 0.132484 -0.99005
t -0.722681 0.690424 -0.0323451
bt -0.0206375 0.141293 -0.989753
t -0.639491 0.766298 -0.0619639
bt 0.120167 0.452911 -0.88342
t -0.960121 0.274713 0.0519671
bt -0.0567539 -0.125652 -0.99045
t -0.94084 -0.33885 -1.27044e-06
bt -0.0654868 -0.232382 -0.970418
t -0.601789 0.796282 0.0615313
bt -0.0998953 -0.30103 -0.948368
t -0.0582287 -0.141412 0.988237
bt -0.98368 0.0954795 -0.152502
t -0.0829744 -0.154052 0.984573
bt -0.932015 0.295023 -0.210497
t -0.0706416 0.290852 0.954157
bt -0.933701 0.304871 -0.187766
t -0.0487134 0.315642 0.947627
bt -0.98232 0.132483 -0.132273
t -0.0941878 0.690814 0.716871
bt -0.987873 0.141278 -0.0643971
t -0.116576 0.766621 0.631429
bt -0.869849 0.45283 -0.195724
t -0.0305912 0.275222 0.960894
bt -0.991668 -0.125661 -0.0283528
t -0.0807489 -0.338382 0.937538
bt -0.972452 -0.232412 -0.0179153
t 0.00970725 0.79662 0.604403
bt -0.953456 -0.300975 0.0182998
t -0.856909 0.056409 0.512372
bt -0.504839 -0.16013 -0.848231
t -0.810884 0.19321 0.552392
bt -0.46166 -0.00586621 -0.887038
t -0.84684 0.0111282 0.531731
bt -0.48403 0.196554 -0.852691
t -0.851642 -0.0404719 0.522558
bt -0.479916 -0.0766488 -0.87396
t -0.86378 -0.0143991 0.503664
bt -0.414128 0.22474 -0.882038
t -0.857127 -0.00218632 0.5151
bt -0.441562 -0.101487 -0.891473
t -0.842372 -0.05763 0.535806
bt -0.464649 -0.431367 -0.77332
t -0.857389 0.039689 0.513137
bt -0.436254 -0.401257 -0.805404
t -0.837716 -0.0780807 0.540495
bt -0.446981 -0.364911 -0.81673
t 0.798975 -0.59212 -0.105037
bt -0.126247 -0.27098 0.95427
t 0.977362 -0.202515 -0.0612426
bt -0.145131 -0.320945 0.935912
t 0.928233 -0.345285 -0.138427
bt 0.108078 0.0103849 0.994088
t 0.872966 -0.47611 -0.106065
bt 0.0602894 -0.253862 0.96536
t 0.977356 -0.202556 -0.061212
bt 0.106167 0.190711 0.975888
t 0.961294 -0.201852 -0.187538
bt 0.100355 -0.0707585 0.992432
t 0.726036 -0.664095 -0.178466
bt -0.196644 -0.561785 0.803572
t 0.593536 -0.770368 -0.232914
bt -0.282278 -0.525617 0.802525
t 0.924026 -0.375286 -0.0730515
bt 0.0155645 -0.503393 0.863917
t 0.493708 -0.848184 0.19193
bt -0.564573 -0.107751 0.818319
t 0.787183 -0.52919 0.316703
bt -0.594582 -0.151802 0.789575
t 0.720907 -0.656532 0.221943
bt -0.271295 0.0740383 0.959644
t 0.606814 -0.76224 0.225317
bt -0.404499 -0.153664 0.901536
t 0.787172 -0.529218 0.316682
bt -0.196396 0.24254 0.950054
t 0.821333 -0.537101 0.192184
bt -0.30817 0.00358606 0.951325
t 0.429764 -0.898414 0.0903062
bt -0.680196 -0.368483 0.633683
t 0.292192 -0.956186 -0.0182085
bt -0.737102 -0.306668 0.602192
t 0.674755 -0.682669 0.280481
bt -0.50762 -0.380167 0.773172
t 0.493714 -0.848182 0.19192
bt -0.564572 -0.107753 0.81832
t 0.787181 -0.529191 0.316705
bt -0.594592 -0.151794 0.789569
t 0.720909 -0.656532 0.221935
bt -0.271296 0.0740394 0.959644
t 0.606816 -0.762239 0.225312
bt -0.404499 -0.153664 0.901536
t 0.78717 -0.529215 0.316693
bt -0.196385 0.242532 0.950058
t 0.821332 -0.537101 0.192188
bt -0.308172 0.00358763 0.951324
t 0.429772 -0.898411 0.0902989
bt -0.680193 -0.368487 0.633683
t 0.292204 -0.956183 -0.0182177
bt -0.737101 -0.306672 0.602192
t 0.674757 -0.682668 0.280479
bt -0.507619 -0.380168 0.773172
t 0.798975 -0.59212 -0.105036
bt -0.126249 -0.270978 0.95427
t 0.977362 -0.202516 -0.0612408
bt -0.145128 -0.320945 0.935912
t 0.928233 -0.345285 -0.138426
bt 0.10808 0.0103841 0.994088
t 0.872966 -0.47611 -0.106065
bt 0.060286 -0.25386 0.96536
t 0.977356 -0.202556 -0.061214
bt 0.106156 0.190714 0.975889
t 0.961294 -0.201852 -0.187536
bt 0.100363 -0.0707601 0.992432
t 0.726035 -0.664095 -0.178466
bt -0.196652 -0.561779 0.803575
t 0.593536 -0.770368 -0.232914
bt -0.282283 -0.52561 0.802527
t 0.924026 -0.375286 -0.0730503
bt 0.015553 -0.50339 0.86392
t 0.493709 -0.848183 0.191929
bt -0.56457 -0.107757 0.818321
t 0.787185 -0.52919 0.3167
bt -0.594587 -0.151798 0.789572
t 0.720908 -0.656532 0.22194
bt -0.271286 0.0740306 0.959647
t 0.606816 -0.762239 0.225313
bt -0.404495 -0.153669 0.901537
t 0.787172 -0.529217 0.316685
bt -0.196396 0.24254 0.950054
t 0.821329 -0.537101 0.192198
bt -0.308163 0.00358129 0.951327
t 0.429757 -0.898417 0.0903118
bt -0.680196 -0.368483 0.633683
t 0.292183 -0.956189 -0.0182008
bt -0.737102 -0.306667 0.602192
t 0.674755 -0.682669 0.280481
bt -0.507622 -0.380165 0.773171
t -0.642857 0.0938225 -0.760219
bt 0.581515 0.759361 -0.291909
t -0.644268 0.100424 -0.758178
bt 0.72474 0.516444 -0.456111
t -0.502899 -0.0124391 -0.864256
bt 0.746892 0.533288 -0.397186
t -0.459036 -0.045815 -0.887236
bt 0.518576 0.827376 -0.215705
t -0.772198 0.162101 -0.614357
bt 0.544215 0.795429 -0.266688
t -0.772879 0.106173 -0.625608
bt 0.698763 0.525435 -0.485436
t -0.648998 0.0657534 -0.757943
bt 0.810472 0.197828 -0.551361
t -0.568673 0.021179 -0.822291
bt 0.810633 0.204206 -0.548793
t -0.720009 0.0785494 -0.689505
bt 0.796182 0.246234 -0.552687

