g sponza_94
t 0 0 1
bt -0.0973945 -0.995243 -0.00229573
t 0 0 1
bt -0.0973947 -0.995246 0
t 0 0 1
bt -0.164705 -0.986342 -0.00153403
t 0 0 1
bt -0.172904 -0.984938 -0.00145596
t 0 0 1
bt -0.67843 -0.734108 0.0286011
t 0 0 1
bt -0.674573 -0.729935 0.11021
t 0 0 1
bt -0.67843 -0.734108 0.0286011
t 0 0 1
bt -0.67843 -0.734108 0.0286011
t 0 0 1
bt 0.564881 -0.825172 0.00133244
t 0 0 1
bt 0.564881 -0.825172 0
t 0 0 1
bt 0.564881 -0.825172 0.00133244
t 0 0 1
bt 0.564881 -0.825172 0.00133244
t 0 0 1
bt -0.606821 -0.794828 0.00404351
t 0 0 1
bt -0.606826 -0.794834 0
t 0 0 1
bt -0.606821 -0.794828 0.00404351
t 0 0 1
bt -0.606821 -0.794828 0.00404351
t 0 0 1
bt 0.606825 -0.794832 -0.00243825
t 0 0 1
bt 0.606826 -0.794834 0
t 0 0 1
bt 0.606825 -0.794832 -0.00243825
t 0 0 1
bt 0.606825 -0.794832 -0.00243825
t 0 0 1
bt -0.313106 -0.949718 -3.26762e-06
t 0 0 1
bt -0.298895 -0.954286 7.9047e-05
t 0 0 1
bt -0.365003 -0.931007 -0.000123421
t 0 0 1
bt -0.365003 -0.931007 -0.000123421
t -0.595038 0.147223 0.790098
bt -0.0550879 -0.947406 -0.315259
t -0.658483 -0.21094 0.722429
bt -0.0660645 -0.949138 -0.307851
t -0.554864 0.330248 0.763585
bt -0.017664 -0.975454 -0.219495
t -0.554864 0.330248 0.763585
bt -0.017664 -0.975454 -0.219495
t -0.61019 -0.250554 0.751592
bt -0.00997732 -0.999744 0.0203328
t -0.590879 -0.346325 0.728644
bt -0.00212516 -0.999941 0.0106887
t -0.610084 -0.250553 0.751678
bt -0.00997497 -0.999744 0.0203347
t -0.610296 -0.250554 0.751506
bt -0.00997967 -0.999744 0.0203309
t -0.830697 -0.299278 0.469441
bt -0.107458 -0.529382 -0.84155
t -0.631478 -8.66506e-05 0.775394
bt -0.0313998 -0.493516 -0.86917
t -0.830608 -0.299412 0.469514
bt -0.107538 -0.529263 -0.841615
t -0.830608 -0.299412 0.469514
bt -0.107538 -0.529263 -0.841615
t -0.631573 -5.64294e-05 0.775317
bt 0.0253762 -0.48349 0.874982
t -0.865218 0.456777 0.206768
bt 0.026245 -0.483573 0.87491
t -0.631464 0.000110247 0.775405
bt 0.0254625 -0.483359 0.875052
t -0.631503 5.10318e-05 0.775374
bt 0.0254187 -0.483425 0.875016
t -0.74136 -0.35019 0.572496
bt -0.0635689 -0.755956 -0.651529
t -0.721077 -0.247375 0.647189
bt -0.0807689 -0.76481 -0.639173
t -0.713379 -0.358718 0.602006
bt -0.0391743 -0.816636 -0.575822
t -0.708228 -0.31511 0.631759
bt -0.0406596 -0.821581 -0.56864
t 0 0 1
bt 0 -1 0
t 0 0 1
bt 0 -1 -0.000342766
t 0 0 1
bt 0 -1 0
t 0 0 1
bt 0 -1 0
t 1 0 9.99822e-05
bt 0.00159068 0 -0.999999
t 1 0 0.000797016
bt -0.00746388 0 -0.999972
t 1 0 0.0003323
bt -0.00640343 0 -0.999979
t 1 0 9.99822e-05
bt 0.00159068 0 -0.999999
t -0.8362 0.39551 0.379922
bt 0.0933969 -0.568937 0.81706
t -0.819421 0.568035 0.0767252
bt 0.060391 -0.552769 0.831144
t -0.836069 0.395685 0.380029
bt 0.093475 -0.568833 0.817124
t -0.8362 0.39551 0.379922
bt 0.0933969 -0.568937 0.81706
t -0.652215 -0.0194198 0.757785
bt -0.498158 -0.567483 -0.655593
t -0.631282 6.58385e-05 0.775554
bt -0.522382 -0.570978 -0.633325
t -0.652059 -0.019703 0.757912
bt -0.49815 -0.567498 -0.655586
t -0.652152 -0.0195348 0.757836
bt -0.498165 -0.56747 -0.655598
t -1 0 -4.79892e-05
bt -0.00124273 0 0.999999
t -0.999965 0 -0.00842612
bt 0 0 1
t -1 0 -4.79892e-05
bt -0.00124273 0 0.999999
t -1 0 -4.79892e-05
bt -0.00124273 0 0.999999
t 1 0 0.000796937
bt -0.0223904 0 -0.999749
t 1 0 0
bt 0 -0.992871 -0.119196
t 1 8.82335e-06 1.88295e-06
bt -0.00124779 -0.978021 -0.208503
t 1 2.83301e-06 5.79609e-07
bt 0 -0.979694 -0.200499
t 1 0 0
bt 0 -0.992871 -0.119196
t 1 0 0
bt 0.080955 -0.658718 -0.748022
t 1 0 0
bt 0.0208937 -0.660743 -0.750322
t 1 0 0
bt 0.080955 -0.658718 -0.748022
t 1 0 0
bt 0.080955 -0.658718 -0.748022
t 1 0 0
bt 0.000967372 -0.765287 0.643689
t 1 0 0
bt 0 -0.765287 0.643689
t 1 0 0
bt 0.000967372 -0.765287 0.643689
t 1 0 0
bt 0.000967372 -0.765287 0.643689
t 1 0 0
bt 0 -0.729444 -0.684041
t 1 -5.0578e-06 -4.7442e-06
bt 0.0030057 -0.72944 -0.684038
t 1 0 0
bt 0 -0.729394 -0.684094
t 1 0 0
bt 0 -0.729394 -0.684094
t 1 5.05291e-06 -4.73892e-06
bt -0.00172946 -0.729393 0.684093
t 1 5.86569e-06 -5.50119e-06
bt 0 -0.729394 0.684094
t 1 5.05291e-06 -4.73892e-06
bt -0.00172946 -0.729393 0.684093
t 1 5.05291e-06 -4.73892e-06
bt -0.00172946 -0.729393 0.684093
t 1 0 0
bt 6.49913e-05 -0.92836 -0.371683
t 1 0 0
bt -8.63456e-05 -0.90091 -0.434005
t 1 0 0
bt 0 -0.90091 -0.434005
t 1 4.82581e-06 1.85172e-06
bt 0 -0.933573 -0.358388
t 0.587815 -0.223171 -0.777604
bt -0.173914 -0.984314 -0.0296561
t 0.63609 0.317626 -0.703209
bt -0.173914 -0.984314 -0.0296561
t 0.572374 -0.215118 -0.791272
bt -0.268053 -0.96123 -0.0646829
t 0.553916 -0.26297 -0.789952
bt -0.27286 -0.959971 -0.0632648
t 0.612036 -0.250746 -0.750026
bt 0.0165685 -0.999787 -0.0122807
t 0.593587 -0.346461 -0.726374
bt 0.00865205 -0.999959 -0.0025501
t 0.612036 -0.250746 -0.750026
bt 0.0165685 -0.999787 -0.0122807
t 0.611872 -0.250747 -0.750159
bt 0.0165653 -0.999787 -0.0122833
t 0.631225 -8.71761e-06 -0.7756
bt -0.810155 -0.581481 -0.0743538
t 0.302151 -0.291559 -0.907578
bt -0.79346 -0.59623 -0.122196
t 0.631296 -0.00011529 -0.775542
bt -0.810193 -0.581425 -0.0743841
t 0.631186 5.00799e-05 -0.775632
bt -0.810159 -0.581475 -0.0743568
t 0.631318 0.000150352 -0.775524
bt 0.826813 -0.561268 0.0368474
t 0.0566857 0.440657 -0.895884
bt 0.826791 -0.561295 0.036934
t 0.631388 0.000257831 -0.775467
bt 0.826853 -0.561208 0.0368796
t 0.631208 -1.63468e-05 -0.775613
bt 0.826804 -0.561283 0.0368396
t 0.499264 -0.270289 -0.823213
bt -0.487339 -0.869948 -0.0754325
t 0.45834 -0.338754 -0.821687
bt -0.489427 -0.869733 -0.0634497
t 0.498728 -0.230651 -0.835506
bt -0.561621 -0.821011 -0.102583
t 0.498606 -0.230555 -0.835605
bt -0.561554 -0.821064 -0.102528
t 1 0 0
bt 0 -1 0
t 1 0 0
bt -0.000235274 -1 0
t 1 0 0
bt 0 -1 0
t 1 0 0
bt 0 -1 0
t 0.00039902 0 1
bt -1 0 0
t 7.23438e-05 0 1
bt -0.999997 0 0.00240074
t 0.000399092 0 1
bt -0.999934 0 -0.011452
t 0.000399092 0 1
bt -0.999934 0 -0.011452
t 0.336325 0.293858 -0.894725
bt 0.7598 -0.639987 0.114545
t -0.0184735 0.531324 -0.846967
bt 0.766134 -0.635042 0.0987967
t 0.336341 0.293879 -0.894712
bt 0.759766 -0.640033 0.114517
t 0.336341 0.293879 -0.894712
bt 0.759766 -0.640033 0.114517
t 0.631364 0.000199222 -0.775487
bt -0.536412 -0.572581 -0.620011
t 0.609616 -0.0197006 -0.792452
bt -0.51543 -0.56997 -0.639896
t 0.631427 8.44442e-05 -0.775436
bt -0.536408 -0.572587 -0.620008
t 0.631427 8.44442e-05 -0.775436
bt -0.536408 -0.572587 -0.620008
t -3.47566e-05 0 -1
bt 0.999998 0 -0.00191962
t -0.00457415 0 -0.99999
bt 1 0 -1.17553e-05
t -3.47566e-05 0 -1
bt 0.999998 0 -0.00191962
t -3.47566e-05 0 -1
bt 0.999998 0 -0.00191962
t 0.000399235 0 1
bt -0.99941 0 -0.0343516

