g sponza_79
t -1 0 0
bt 0 -0.989995 0.141099
t -1 0 0
bt 0.00155708 -0.969115 0.246602
t -1 0 0
bt 0 -0.971899 0.2354
t -1 0 0
bt 0 -0.989995 0.141099
t 0 0 1
bt 0.211898 -0.97729 -0.00190002
t 0 0 1
bt 0.211898 -0.977288 -0.00253488
t 0 0 1
bt 0.119196 -0.992867 -0.00285778
t 0 0 1
bt 0.119196 -0.992867 -0.00285778
t 0 0 1
bt 0 -1 0.000368741
t 0 0 1
bt 0 -1 -0.000368503
t 0 0 1
bt 0 -1 0.000368741
t 0 0 1
bt 0 -1 0.000368741
t 1 0 0
bt 0.000342695 -1 0
t 1 0 0
bt 0 -1 0
t 1 0 0
bt 0.000342695 -1 0
t 1 0 0
bt 0.000342695 -1 0
t -1 0 0
bt -0.0896008 -0.593419 0.799891
t -1 0 0
bt -0.0232745 -0.595654 0.802904
t -1 0 0
bt -0.0896008 -0.593419 0.799891
t -1 0 0
bt -0.0896008 -0.593419 0.799891
t 0 0 1
bt 0.565941 -0.498517 -0.656652
t 0 0 1
bt 0.571292 -0.50323 0.648372
t 0 0 1
bt 0.565941 -0.498517 -0.656652
t 0 0 1
bt 0.565941 -0.498517 -0.656652
t -1 0 0
bt -0.0011652 -0.707706 -0.706506
t -1 0 0
bt 0 -0.707707 -0.706506
t -1 0 0
bt -0.0011652 -0.707706 -0.706506
t -1 0 0
bt -0.0011652 -0.707706 -0.706506
t 0 0 1
bt -0.64363 -0.765336 0.000715887
t 0 0 1
bt -0.64363 -0.765336 -0.000642151
t 0 0 1
bt -0.64363 -0.765336 0.000715887
t 0 0 1
bt -0.64363 -0.765336 0.000715887
t -1 0 0
bt 0 -0.668296 0.743896
t -1 0 0
bt -0.00337598 -0.668292 0.743891
t -1 0 0
bt 0 -0.668296 0.743896
t -1 0 0
bt 0 -0.668296 0.743896
t 0 0 1
bt 0.683984 -0.729483 0.00443644
t 0 0 1
bt 0.683957 -0.729454 0.0099866
t 0 0 1
bt 0.683984 -0.729483 0.00443644
t 0 0 1
bt 0.683984 -0.729483 0.00443644
t -1 0 0
bt 0.00197023 -0.668295 -0.743894
t -1 0 0
bt 0 -0.668296 -0.743896
t -1 0 0
bt 0.00197023 -0.668295 -0.743894
t -1 0 0
bt 0.00197023 -0.668295 -0.743894
t 0 0 1
bt -0.683988 -0.729487 -0.00285728
t 0 0 1
bt -0.683942 -0.729438 -0.01198
t 0 0 1
bt -0.683988 -0.729487 -0.00285728
t 0 0 1
bt -0.683988 -0.729487 -0.00285728
t -1 0 0
bt -7.96033e-05 -0.9024 0.4309
t -1 0 0
bt 0.000121064 -0.868095 0.496397
t -1 0 0
bt 0 -0.868095 0.496397
t -1 0 0
bt 0 -0.910374 0.413786
t 0 0 1
bt 0.433924 -0.900949 -0.000568124
t 0 0 1
bt 0.433924 -0.900949 0.000499978
t 0 0 1
bt 0.376883 -0.926261 -0.000402306
t 0 0 1
bt 0.376883 -0.926261 -0.000365841
t -0.604636 -0.190063 0.773493
bt 0.215311 -0.976057 0.0308727
t -0.658383 0.27223 0.701729
bt 0.215005 -0.976113 0.0312564
t -0.589569 -0.182638 0.786798
bt 0.322517 -0.944097 0.0682847
t -0.57181 -0.225156 0.788884
bt 0.329476 -0.941501 0.0708694
t 0.574889 0.286245 0.766529
bt 0.0234919 -0.966448 -0.255785
t 0.675673 -0.176173 0.715842
bt 0.0728618 -0.926846 -0.368303
t 0.609255 0.124972 0.783064
bt 0.064019 -0.927874 -0.367358
t 0.574889 0.286245 0.766529
bt 0.0234919 -0.966448 -0.255785
t -0.63142 -0.206553 0.747425
bt -0.020426 -0.999684 0.0146232
t -0.617196 -0.294048 0.729798
bt -0.00675174 -0.999976 -0.00160813
t -0.63142 -0.206553 0.747425
bt -0.020426 -0.999684 0.0146232
t -0.63142 -0.206553 0.747425
bt -0.020426 -0.999684 0.0146232
t 0.629161 -0.207928 0.748947
bt 0.0123266 -0.99963 0.024255
t 0.609282 -0.317978 0.726406
bt -0.00134769 -0.999967 0.00802403
t 0.629161 -0.207928 0.748947
bt 0.0123266 -0.99963 0.024255
t 0.629219 -0.207928 0.748899
bt 0.0123284 -0.99963 0.0242535
t -0.358639 0.244417 0.90091
bt -0.817279 -0.562822 -0.123636
t 0.0303793 0.471868 0.881146
bt -0.82174 -0.558946 -0.11101
t -0.358639 0.244417 0.90091
bt -0.817279 -0.562822 -0.123636
t -0.358639 0.244417 0.90091
bt -0.817279 -0.562822 -0.123636
t 0.871131 0.480901 0.0993234
bt -0.0677212 -0.488813 0.869756
t 0.866001 0.340443 0.366252
bt -0.108999 -0.506574 0.855279
t 0.871136 0.480893 0.0993194
bt -0.0676797 -0.488881 0.869721
t 0.871136 0.480893 0.0993194
bt -0.0676797 -0.488881 0.869721
t -0.644202 -4.69897e-05 0.764855
bt 0.575066 -0.501325 0.646508
t -0.62707 -0.0129981 0.778855
bt 0.554677 -0.499378 0.665549
t -0.644202 -4.69897e-05 0.764855
bt 0.575066 -0.501325 0.646508
t -0.644202 -4.69897e-05 0.764855
bt 0.575066 -0.501325 0.646508
t 0.644317 4.78213e-05 0.764759
bt 0.554287 -0.499398 -0.665859
t 0.644115 3.95256e-05 0.764929
bt 0.561961 -0.500164 -0.658814
t 0.644263 -7.37569e-05 0.764804
bt 0.554291 -0.499388 -0.665863
t 0.644317 4.78213e-05 0.764759
bt 0.554287 -0.499398 -0.665859
t -0.644274 -2.45067e-05 0.764795
bt 0.860556 -0.503395 0.0776993
t -0.301807 -0.256463 0.918226
bt 0.849862 -0.514423 0.114471
t -0.64424 3.78313e-05 0.764823
bt 0.860559 -0.503389 0.0777022
t -0.64424 3.78313e-05 0.764823
bt 0.860559 -0.503389 0.0777022
t 0.86063 -0.270234 0.431613
bt 0.109357 -0.462334 -0.879937
t 0.644212 -1.20492e-05 0.764847
bt 0.0339434 -0.431253 -0.901592
t 0.86063 -0.270234 0.431613
bt 0.109357 -0.462334 -0.879937
t 0.86063 -0.270234 0.431613
bt 0.109357 -0.462334 -0.879937
t -0.644241 -3.70702e-05 0.764823
bt -0.874346 -0.483734 -0.0390009
t -0.0358983 0.393523 0.918613
bt -0.877102 -0.479575 -0.0264611
t -0.644275 2.56578e-05 0.764794
bt -0.874344 -0.483737 -0.0389995
t -0.644213 -8.99151e-05 0.764846
bt -0.874308 -0.483806 -0.0389687
t 0.899059 0.391036 0.196937
bt -0.0124617 -0.415268 0.909614
t 0.644185 6.43342e-05 0.76487
bt -0.0354355 -0.425094 0.904455
t 0.899098 0.390962 0.196904
bt -0.0124623 -0.415267 0.909614
t 0.899098 0.390962 0.196904
bt -0.0124623 -0.415267 0.909614
t -0.518412 -0.228184 0.824124
bt 0.564305 -0.821432 0.0825203
t -0.469804 -0.304299 0.828665
bt 0.580253 -0.813632 0.036173
t -0.518421 -0.190621 0.833608
bt 0.640393 -0.760022 0.11074
t -0.518421 -0.190621 0.833608
bt 0.640393 -0.760022 0.11074
t 0.744391 -0.332244 0.57922
bt 0.0497536 -0.765254 -0.641802
t 0.738185 -0.203476 0.64318
bt 0.0908105 -0.706554 -0.701808
t 0.772298 -0.322468 0.54733
bt 0.0703038 -0.696252 -0.714347
t 0.734337 -0.289058 0.614162
bt 0.0461193 -0.772458 -0.633389
t -0.486892 -0.280066 0.827345
bt 0.52496 -0.841642 0.126711
t -0.000102979 0 1
bt -1 0 0.000681798
t 0.0141034 0 0.999901
bt -1 0 0
t -0.000102979 0 1
bt -0.99986 0 0.0167482
t -7.72341e-05 0 1
bt -0.999921 0 0.0125607
t 0 0 1
bt -0.998838 0 0.0481868
t 0 0 1
bt -1 0 0
t 1 0 0
bt 0 -0.971875 -0.235496
t 1 0 0
bt -0.00220776 -0.969114 -0.246602
t 1 0 0
bt 0 -0.989981 -0.141197
t 1 0 0
bt 0 -0.989981 -0.141197
t -1 0 0
bt 0 -1 0
t -1 0 0
bt 0.000342695 -1 0
t -1 0 0
bt 0 -1 0
t -1 0 0
bt 0 -1 0
t 1 1.71818e-05 2.31536e-05
bt 0.442477 -0.534373 -0.72018
t 1 1.2409e-05 1.6722e-05
bt 0.551814 -0.496945 -0.669737
t 1 1.71818e-05 2.31536e-05
bt 0.442477 -0.534373 -0.72018
t 1 1.71818e-05 2.31536e-05
bt 0.442477 -0.534373 -0.72018
t 1 -1.29645e-05 1.2943e-05
bt 0.00153929 -0.707706 0.706506
t 1 0 0
bt 0 -0.707707 0.706506
t 1 -1.29645e-05 1.2943e-05
bt 0.00153929 -0.707706 0.706506
t 1 -1.29645e-05 1.2943e-05
bt 0.00153929 -0.707706 0.706506
t 1 0 0
bt 0 -0.668296 -0.743896
t 1 0 0
bt 0.00637395 -0.668282 -0.74388
t 1 0 0
bt 0 -0.668296 -0.743896
t 1 0 0
bt 0 -0.668296 -0.743896
t 1 0 0
bt -0.00772415 -0.668276 0.743873
t 1 0 0
bt 0 -0.668296 0.743896
t 1 0 0
bt -0.00772415 -0.668276 0.743873
t 1 0 0
bt -0.00772415 -0.668276 0.743873
t 1 0 0
bt 0 -0.868095 -0.496397
t 1 0 0
bt 0.000121008 -0.868095 -0.496397
t 1 0 0
bt -8.03713e-05 -0.9024 -0.4309
t 1 0 0
bt 0 -0.910374 -0.413786
t 0 0 -1
bt 1 0 0
t 0 0 -1
bt 0.999917 0 0.0129099
t 0 0 -1
bt 0.999989 0 0.00471259
t 0 0 -1
bt 1 0 0
t 0 0 -1
bt 0.999253 0 0.0386515
t 0 0 -1
bt 0.999253 0 0.0386515

