g sponza_271
t 0.261992 0 0.96507
bt -0.112893 -0.902411 -0.415823
t 0.270044 0.00173746 0.962846
bt 0.0466775 -0.800561 -0.59743
t 0.270217 0.00104423 0.962799
bt 0.046834 -0.800799 -0.597099
t 0.261992 0 0.96507
bt -0.112893 -0.902411 -0.415823
t 0.297779 0.00254834 0.954631
bt 0.0238624 -0.508664 -0.860635
t 0.297434 0.00320326 0.954737
bt 0.0238364 -0.50863 -0.860655
t 0.354123 0.00479389 0.935187
bt 0.00988377 -0.366893 -0.930211
t 0.354007 0.00492654 0.93523
bt 0.0100054 -0.366998 -0.930168
t 0.46796 0.00687352 0.883723
bt 0.00493593 -0.30171 -0.953387
t 0.467759 0.00702276 0.883828
bt 0.00433347 -0.301394 -0.95349
t 0.706778 0.00934111 0.707373
bt 0.000925366 -0.270706 -0.962662
t 0.706864 0.00929447 0.707289
bt 0.00156348 -0.270864 -0.962616
t 0.903469 0.112311 0.41368
bt -3.62063e-05 -0.261992 -0.96507
t 0.904219 0.111896 0.41215
bt 0.000108048 -0.261992 -0.96507
t 0.903972 -0.112033 -0.412654
bt -3.62614e-05 -0.261992 -0.96507
t 0.801931 0.0475813 -0.595519
bt 0.00049995 -0.270352 -0.962761
t 0.802131 0.0477134 -0.595239
bt 0.000579335 -0.270332 -0.962767
t 0.903972 -0.112033 -0.412654
bt -3.62614e-05 -0.261992 -0.96507
t 0.508662 0.0238609 -0.860636
bt 0.00253793 -0.297785 -0.95463
t 0.50863 0.0238364 -0.860655
bt 0.00239035 -0.297862 -0.954606
t 0.366833 0.00981458 -0.930235
bt 0.00480867 -0.35411 -0.935191
t 0.366938 0.00993574 -0.930192
bt 0.00493536 -0.353999 -0.935233
t 0.301032 0.00364227 -0.953607
bt 0.00684054 -0.468004 -0.8837
t 0.301088 0.00374893 -0.953589
bt 0.00701977 -0.467763 -0.883826
t 0.270414 -0.000249918 -0.962744
bt 0.00976098 -0.70601 -0.708135
t 0.27056 0.000336113 -0.962703
bt 0.00968813 -0.706143 -0.708003
t 0.261992 0 -0.96507
bt 0.11323 -0.901795 -0.417066
t 0.261992 -0.00100156 -0.96507
bt 0.112729 -0.902709 -0.41522
t 0.261992 0 -0.96507
bt -0.112894 -0.902409 0.415828
t 0.270342 0.000541239 -0.962764
bt 0.0466758 -0.800559 0.597434
t 0.270319 0.000635354 -0.962771
bt 0.046832 -0.800796 0.597104
t 0.261992 0 -0.96507
bt -0.112894 -0.902409 0.415828
t 0.297743 0.00261674 -0.954642
bt 0.023845 -0.508641 0.860648
t 0.297837 0.00243796 -0.954614
bt 0.0238248 -0.508615 0.860665
t 0.354219 0.00468362 -0.935151
bt 0.00980766 -0.366827 0.930237
t 0.354128 0.00478868 -0.935185
bt 0.00991359 -0.366919 0.9302
t 0.466528 0.00793428 -0.884471
bt 0.003694 -0.301059 0.953598
t 0.467437 0.00726083 -0.883996
bt 0.00380243 -0.301116 0.95358
t 0.704569 0.0105468 -0.709557
bt 0.000926156 -0.270706 0.962662
t 0.704678 0.0104871 -0.70945
bt 0.00080504 -0.270676 0.96267
t 0.903464 0.112313 -0.413688
bt 0 -0.261992 0.96507
t 0.901873 0.113188 -0.416909
bt 0.00011001 -0.261992 0.96507
t 0.902411 -0.112893 0.415824
bt 0 -0.261992 0.96507
t 0.800804 0.0468374 0.597092
bt 0.000509108 -0.27035 0.962762
t 0.800386 0.0465619 0.597674
bt 0.00062074 -0.270322 0.96277
t 0.902411 -0.112893 0.415824
bt 0 -0.261992 0.96507
t 0.50727 0.0227912 0.861486
bt 0.00257809 -0.297764 0.954636
t 0.507234 0.0227635 0.861508
bt 0.00235531 -0.297881 0.9546
t 0.366818 0.00979713 0.930241
bt 0.00463124 -0.354265 0.935134
t 0.366422 0.00933927 0.930402
bt 0.00481141 -0.354108 0.935192
t 0.301045 0.0036674 0.953603
bt 0.00687019 -0.467964 0.883721
t 0.301086 0.00374611 0.95359
bt 0.00702254 -0.467759 0.883828
t 0.270701 0.0009066 0.962663
bt 0.00975932 -0.706013 0.708132
t 0.270657 0.000726781 0.962676
bt 0.00969722 -0.706126 0.708019
t 0.261992 0 0.96507
bt 0.113232 -0.901793 0.417071
t 0.261992 0.000154912 0.96507
bt 0.112727 -0.902713 0.415214
t 0.385386 -0.0105417 0.922695
bt 0.0311252 -0.614993 -0.787918
t 0.347422 -0.00716988 0.937682
bt 0.00198333 -0.81135 -0.584558
t 0.713019 0.00836166 0.701095
bt -0.0548124 -0.951214 -0.303624
t 0.744968 0.0225928 0.666718
bt -0.0308745 -0.879964 -0.474036
t 0.908636 -0.001211 0.417587
bt -0.00814415 -0.992007 -0.12592
t 0.924444 0.00200428 0.381312
bt 0.0063985 -0.973425 -0.228915
t 0.903016 0 0.429607
bt -0.00855924 -0.999955 -0.00407278
t 0.701583 0 0.712588
bt -0.00655299 -0.999956 -0.00665521
t 0.588677 -0.00754053 0.808333
bt 0.0160297 -0.38806 -0.921495
t 0.467944 -0.023305 0.883451
bt 0.0117023 -0.458852 -0.888435
t 0.801955 0.02949 0.596657
bt -0.0398684 -0.798036 -0.60129
t 0.86948 0.0559735 0.490787
bt -0.0180297 -0.746197 -0.665481
t 0.948057 -0.00301039 0.318085
bt -0.00308916 -0.947436 -0.319931
t 0.972189 0.00688983 0.234098
bt 0.00133738 -0.924726 -0.380631
t 0.998675 0.0172588 0.0484755
bt 0 -0.335391 -0.942079
t 0.846432 -0.0308935 0.531601
bt 0.00707709 -0.3474 -0.93769
t 0.964004 0.0127119 0.265582
bt -0.0100539 -0.712785 -0.701311
t 0.999317 0.025918 0.0263222
bt 0 -0.701587 -0.712584
t 0.9929 -0.00779669 0.118698
bt -0.00286679 -0.908442 -0.418001
t 0.999962 0.00787345 0.00374652
bt 0 -0.903016 -0.429607
t 0.613947 0.0301709 -0.78877
bt -0.00914029 -0.384701 -0.922996
t 0.809691 0.000692225 -0.586856
bt -0.00717183 -0.347422 -0.937681
t 0.951665 -0.0536028 -0.302426
bt 0.00950758 -0.71286 -0.701242
t 0.879713 -0.0315022 -0.474461
bt 0.0238804 -0.744618 -0.667064
t 0.992129 -0.00625385 -0.125066
bt -0.00123927 -0.908637 -0.417585
t 0.973367 0.00572303 -0.22918
bt 6.58384e-05 -0.924609 -0.380918
t 0.388115 0.0161418 -0.92147
bt -0.00796629 -0.589161 -0.807977
t 0.45829 0.0109898 -0.888735
bt -0.0235784 -0.468157 -0.883331
t 0.797768 -0.0405679 -0.601599
bt 0.0286561 -0.802264 -0.596281
t 0.746279 -0.0177208 -0.665397
bt 0.0550435 -0.869884 -0.490175
t 0.947374 -0.00368174 -0.320109
bt -0.00368228 -0.948123 -0.317881
t 0.924751 0.00164724 -0.380568
bt 0.00556874 -0.97232 -0.233585
t 0.335391 0 -0.942079
bt 0.0167978 -0.998745 -0.0471806
t 0.347102 0.00579992 -0.93781
bt -0.0311456 -0.84672 -0.531126
t 0.712831 -0.0097242 -0.701268
bt 0.0126517 -0.963985 -0.265655
t 0.701587 0 -0.712584
bt 0.0259133 -0.999318 -0.0263174
t 0.908595 0.000336805 -0.417677
bt -0.0077853 -0.992899 -0.118703
t 0.903016 0 -0.429607
bt 0.00788403 -0.999962 -0.00375155
t 0.385361 -0.0104905 -0.922706
bt 0.0302755 -0.614062 0.788677
t 0.347414 -0.00713504 -0.937685
bt 0.000945897 -0.810018 0.586405
t 0.713017 0.00837272 -0.701097
bt -0.0535992 -0.951666 0.302422
t 0.744967 0.0225951 -0.666718
bt -0.0308554 -0.879972 0.474023
t 0.908633 -0.00114764 -0.417594
bt -0.00627661 -0.992127 0.125077
t 0.924458 0.00184766 -0.38128
bt 0.00638743 -0.973424 0.22892
t 0.590209 -0.00889025 -0.807201
bt 0.0149728 -0.387546 0.921729
t 0.467921 -0.0232758 -0.883464
bt 0.0107198 -0.458077 0.888848
t 0.802803 0.027201 -0.595623
bt -0.0406482 -0.797737 0.601634
t 0.870301 0.0540838 -0.489542
bt -0.018894 -0.745965 0.665717
t 0.948191 -0.00437904 -0.31767
bt -0.00438375 -0.947299 0.32032
t 0.972255 0.0062286 -0.233841
bt 0.00385819 -0.924931 0.380116
t 0.998676 0.0172522 -0.0484568
bt 0 -0.335391 0.942079
t 0.846426 -0.0308888 -0.531609
bt 0.00609706 -0.347171 0.937782
t 0.963936 0.012972 -0.265819
bt -0.0101054 -0.712777 0.701317
t 0.999317 0.0259264 -0.0263307
bt 0 -0.701587 0.712584
t 0.992856 -0.00685577 -0.119125
bt 0.000375337 -0.908597 0.417673
t 0.999962 0.00790569 -0.00376185
bt 0 -0.903016 0.429607
t 0.614809 0.0309571 0.788068
bt -0.0102798 -0.385258 0.922752
t 0.809692 0.000693192 0.586854
bt -0.00858854 -0.347752 0.937547
t 0.951616 -0.0537454 0.302553
bt 0.0088141 -0.712956 0.701153
t 0.880145 -0.0304216 0.473729
bt 0.0230186 -0.744852 0.666832
t 0.992002 -0.0082131 0.125952
bt 0.00171605 -0.908498 0.417885
t 0.973307 0.00503007 0.229451
bt 0.00267767 -0.924386 0.381448
t 0.388094 0.0161033 0.921479
bt -0.00842103 -0.589593 0.807656
t 0.458286 0.0109845 0.888737
bt -0.023848 -0.468367 0.883212
t 0.798277 -0.039239 0.601011
bt 0.0284382 -0.802345 0.596182
t 0.746281 -0.0177127 0.665395
bt 0.0550065 -0.8699 0.490151
t 0.947441 -0.00303866 0.319915
bt -0.00438673 -0.948192 0.317667
t 0.924764 0.00180404 0.380536
bt 0.0055343 -0.972324 0.233571
t 0.335391 0 0.942079
bt 0.0182034 -0.998526 0.0511288
t 0.34707 0.00566347 0.937822
bt -0.0326623 -0.84845 0.528268
t 0.712833 -0.00970251 0.701266
bt 0.0149616 -0.963405 0.26763
t 0.908582 4.75882e-05 0.417707
bt -0.00808096 -0.992913 0.118569
t 0.511509 0.0161278 0.859126
bt -0.0936829 -0.84175 -0.531677
t 0.542276 0.0359456 0.839431
bt -0.0636057 -0.707562 -0.703783
t 0.502297 -9.34637e-06 0.864695
bt -0.11542 -0.973242 -0.198691
t 0.602684 0.0504943 0.796381
bt -0.0588392 -0.597232 -0.799907
t 0.689481 0.0844919 0.719359
bt -0.0338699 -0.543152 -0.838951
t 0.88156 0.0458825 0.469837
bt -0.0176394 -0.511198 -0.859282
t 0.971973 0.118087 0.203282
bt 8.99624e-05 -0.502297 -0.864695
t 0.84135 -0.0941234 -0.532232
bt 0.0156566 -0.511606 -0.859077
t 0.615534 -0.161988 -0.771283
bt 0.139926 -0.494583 -0.857793
t 0.89018 -0.228854 -0.393962
bt 0 -0.5023 -0.864693
t 0.597231 -0.0588418 -0.799908
bt 0.0506259 -0.602598 -0.796437
t 0.50178 -0.125246 -0.85588
bt 0.254229 -0.512532 -0.82017
t 0.51201 -0.254659 -0.820362
bt 0.123705 -0.502526 -0.855666
t 0.51146 -0.0163662 -0.859151
bt 0.0443467 -0.882722 -0.467798
t 0.502297 0.000131303 -0.864695
bt 0.11648 -0.972742 -0.200514
t 0.493914 -0.141274 -0.857957
bt 0.162186 -0.615331 -0.771404
t 0.5115 0.0161737 -0.859131
bt -0.0937699 -0.841671 0.531787
t 0.493957 0.141189 -0.857947
bt -0.163344 -0.614142 0.772107
t 0.5023 0 -0.864693
bt -0.228903 -0.89013 0.394046
t 0.60269 0.0504852 -0.796377
bt -0.0577387 -0.597955 0.799447
t 0.689467 0.0844238 -0.71938
bt -0.031873 -0.544035 0.838457
t 0.501872 0.125056 -0.855854
bt -0.254017 -0.512788 0.820075
t 0.881497 0.0459655 -0.469947
bt -0.0172816 -0.511272 0.859245
t 0.971924 0.118188 -0.203456
bt 0.000126855 -0.502297 0.864695
t 0.841119 -0.0943778 0.532553
bt 0.0166689 -0.511398 0.859182
t 0.706461 -0.0649031 0.704769
bt 0.0368267 -0.541903 0.839634
t 0.890147 -0.228886 0.394017
bt 0 -0.5023 0.864693
t 0.597222 -0.0588545 0.799914
bt 0.0502923 -0.602815 0.796295
t 0.50178 -0.125246 0.85588
bt 0.2527 -0.514382 0.819484
t 0.511439 -0.0164687 0.859162
bt 0.0452895 -0.882009 0.46905
t 0.5023 0 0.864693
bt 0.227583 -0.89147 0.391775
t 0.493917 -0.141269 0.857956
bt 0.161591 -0.615941 0.771042
t 0.961403 -0.00397785 0.275114
bt 0.00559237 -0.986807 -0.161807
t 0.952703 -0.00960471 0.303751
bt 0.0027412 -0.996423 -0.0844582
t 0.902634 -0.0042435 0.430388
bt -0.00227121 -0.991775 -0.127974
t 0.920162 -0.00583477 0.391495
bt 0.00336066 -0.97126 -0.237996
t 0.952691 -0.00885862 0.303812
bt 0.0162664 -0.99665 -0.0801482
t 0.949291 -4.44023e-05 0.314398
bt -0.00123167 -0.999999 -0.000407823
t 0.896873 0.00025507 0.442289
bt -0.00205401 -0.999997 -0.00101262
t 0.952559 0.00191643 0.304348
bt -0.0043208 -0.996461 0.0839498
t 0.902601 0.00352209 0.430464
bt -0.00148781 -0.992003 0.126209
t 0.961403 0.00396368 0.275116
bt -0.00528215 -0.986794 0.161894
t 0.920115 0.00528205 0.391612
bt -0.003416 -0.971266 0.237974
t 0.973899 0.00435071 0.226938
bt -0.00589583 -0.973972 0.226593
t 0.944275 0.00242669 0.329148
bt -0.00449877 -0.944493 0.3285
t 0.986704 0.00312103 0.162499
bt -0.00569039 -0.96147 0.27485
t 0.970932 -1.429e-05 0.239356
bt -0.00508753 -0.920099 0.391653
t 0.996424 0.00277986 0.0844459
bt -0.0117399 -0.952734 0.303578
t 0.991776 -0.00225432 0.127966
bt -0.00448617 -0.902645 0.430362
t 0.99665 0.0162706 0.0801469
bt -0.0107311 -0.95272 0.303661
t 0.999999 -0.00121052 0.000400819
bt -3.88197e-05 -0.949291 0.314398
t 0.999997 -0.00205257 0.00101191
bt -0.000517795 -0.896873 0.442289
t 0.996665 -0.0180596 -0.0795762
bt 0.0089704 -0.952693 0.303803
t 0.992002 -0.00147626 -0.126214
bt 0.00366698 -0.902608 0.430449
t 0.996458 -0.00421943 -0.0839886
bt 0.00984959 -0.952707 0.303731
t 0.986793 -0.00526325 -0.1619
bt 0.00376272 -0.961395 0.275147
t 0.971262 -0.00337771 -0.237989
bt 0.00366352 -0.919978 0.391952
t 0.973983 -0.00615145 -0.226535
bt 0.00420153 -0.973892 0.226971
t 0.944541 -0.00496004 -0.328356
bt 0.00472724 -0.944517 0.328429
t 0.961433 -0.00473495 -0.274997
bt 0.00336892 -0.986714 0.16243
t 0.920237 -0.00674149 -0.391304
bt -7.21687e-06 -0.970933 0.239353
t 0.952708 -0.0099416 -0.303724
bt 0.00342972 -0.99644 0.0842395
t 0.90259 -0.00328834 -0.430489
bt -0.00230105 -0.991773 0.127988
t 0.952682 -0.00835272 -0.303853
bt 0.0176953 -0.996662 0.0796925
t 0.949291 0 -0.314398
bt -0.00177081 -0.999998 0.000586386
t 0.896873 0.000479041 -0.442289
bt -0.00184766 -0.999998 0.000910853
t 0.952693 0.00898813 -0.303802
bt -0.0164057 -0.996652 -0.0801038
t 0.902609 0.00370124 -0.430445
bt -0.00185687 -0.992024 -0.126035
t 0.952707 0.00985825 -0.30373
bt -0.00188712 -0.996402 -0.0847294
t 0.961405 0.00401653 -0.275108
bt -0.00585589 -0.986817 -0.161734
t 0.920141 0.00558781 -0.391547
bt -0.00294261 -0.97122 -0.238165
t 0.973912 0.00461922 -0.226878
bt -0.00557251 -0.973957 -0.226665
t 0.944337 0.00301238 -0.328965
bt -0.0068924 -0.944739 -0.32775
t 0.986694 0.00288737 -0.162564
bt -0.00459873 -0.961428 -0.275018
t 0.970886 -0.000478494 -0.239543
bt -0.00529944 -0.920117 -0.391608
t 0.99644 0.00343299 -0.0842384
bt -0.00959312 -0.952703 -0.303752
t 0.991838 -0.00126045 -0.127499
bt -0.00415602 -0.90263 -0.430397
t 0.996663 0.0177201 -0.0796846
bt -0.00885038 -0.952691 -0.303813
t 0.999999 -0.00156402 -0.000517897
bt 0 -0.949291 -0.314398
t 0.999997 -0.00228838 -0.00112818
bt 0.000273159 -0.896873 -0.442289
t 0.996663 -0.017768 0.0796693
bt 0.010485 -0.952716 -0.303681
t 0.992027 -0.00191535 0.126008
bt 0.00399323 -0.902623 -0.430414
t 0.996403 -0.00191298 0.0847212
bt 0.0116004 -0.952732 -0.303589
t 0.986803 -0.00551688 0.161829
bt 0.00406839 -0.961407 -0.2751
t 0.9712 -0.00273452 0.238249
bt 0.00434498 -0.920036 -0.391809
t 0.973997 -0.00644512 0.22647
bt 0.00400832 -0.973883 -0.227014
t 0.944589 -0.00542363 0.328211
bt 0.00264732 -0.944299 -0.329079
t 0.235611 0 -0.971847
bt -0.110132 -0.884006 0.454317
t 0.243344 -0.000122305 -0.96994
bt 0.0476129 -0.771641 0.634274
t 0.243216 0.000388106 -0.969972
bt 0.0490235 -0.77405 0.631224
t 0.235611 0 -0.971847
bt -0.110132 -0.884006 0.454317
t 0.264983 0.00855655 -0.964215
bt 0.0501005 -0.504678 0.861852
t 0.265615 0.00738258 -0.964051
bt 0.050022 -0.504574 0.861918
t 0.274338 -0.00891035 -0.961592
bt -0.0347647 -0.386627 0.921581
t 0.319962 0.00471347 -0.947419
bt 0.00896162 -0.332183 0.943172
t 0.31979 0.00490472 -0.947476
bt 0.009001 -0.332218 0.94316
t 0.274338 -0.00891035 -0.961592
bt -0.0347647 -0.386627 0.921581
t 0.385515 0.0355289 -0.922017
bt 0.00990044 -0.274865 0.961432
t 0.385436 0.0355833 -0.922048
bt 0.00915577 -0.274468 0.961553
t 0.506501 -0.0514748 -0.860702
bt -0.00702965 -0.265805 0.964001
t 0.669909 0.00677106 -0.742413
bt 0.00130818 -0.243643 0.969864
t 0.668925 0.00725554 -0.743294
bt 0.00155637 -0.243705 0.969848
t 0.506501 -0.0514748 -0.860702
bt -0.00702965 -0.265805 0.964001
t 0.881313 0.111334 -0.45923
bt 0 -0.235589 0.971853
t 0.880422 0.111725 -0.460841
bt 0.000443164 -0.235589 0.971853
t 0.88059 -0.111651 0.460538
bt 0 -0.235589 0.971853
t 0.772326 0.0480134 0.633409
bt 0.00140427 -0.242959 0.970035
t 0.771865 0.0477442 0.633991
bt 0.000878548 -0.243092 0.970003
t 0.88059 -0.111651 0.460538
bt 0 -0.235589 0.971853
t 0.507264 0.0520509 0.860217
bt 0.00816938 -0.265191 0.964161
t 0.507076 0.051909 0.860337
bt 0.00868625 -0.264913 0.964233
t 0.385454 -0.0355708 0.922041
bt -0.00841779 -0.274075 0.961671
t 0.331563 0.00826433 0.943397
bt 0.00479922 -0.319885 0.947444
t 0.331566 0.0082677 0.943396
bt 0.004867 -0.319824 0.947465
t 0.385454 -0.0355708 0.922041
bt -0.00841779 -0.274075 0.961671
t 0.27438 0.00899055 0.961579
bt 0.0346613 -0.386778 0.921521
t 0.274456 0.00913338 0.961556
bt 0.0348952 -0.386437 0.921655
t 0.265132 -0.00827953 0.964177
bt -0.0514515 -0.50647 0.860721
t 0.243632 0.00126699 0.969867
bt 0.00678024 -0.66989 0.742429
t 0.243494 0.000715684 0.969902
bt 0.00726888 -0.668898 0.743318
t 0.265132 -0.00827953 0.964177
bt -0.0514515 -0.50647 0.860721
t 0.235611 0 0.971847
bt 0.111315 -0.881332 0.459198
t 0.235611 0.000687089 0.971847
bt 0.111718 -0.880413 0.46086
t 0.235611 0 0.971847
bt -0.111637 -0.880598 -0.460527
t 0.24329 9.53237e-05 0.969954
bt 0.0480076 -0.772316 -0.633422
t 0.243208 0.000420091 0.969974
bt 0.0477527 -0.77188 -0.633972
t 0.235611 0 0.971847
bt -0.111637 -0.880598 -0.460527
t 0.26495 0.00861896 0.964224
bt 0.0520763 -0.507298 -0.860196
t 0.265581 0.00744501 0.96406
bt 0.0519332 -0.507108 -0.860317
t 0.274298 -0.00883481 0.961604
bt -0.0347488 -0.38665 -0.921572
t 0.320249 0.00439312 0.947323
bt 0.00877594 -0.332018 -0.943232
t 0.320027 0.00464079 0.947397
bt 0.00882622 -0.332063 -0.943216
t 0.274298 -0.00883481 0.961604
bt -0.0347488 -0.38665 -0.921572
t 0.386811 0.0346383 0.921508
bt 0.00843818 -0.274086 -0.961668
t 0.3864 0.034921 0.92167
bt 0.00848773 -0.274113 -0.96166
t 0.504228 -0.0497611 0.862136
bt -0.0083089 -0.265116 -0.964181
t 0.668001 0.00771049 0.744121
bt -1.85639e-05 -0.243309 -0.969949
t 0.667426 0.00799313 0.744633
bt 0.000237251 -0.243373 -0.969933
t 0.504228 -0.0497611 0.862136
bt -0.0083089 -0.265116 -0.964181
t 0.881316 0.111333 0.459224
bt 0 -0.235589 -0.971853
t 0.88043 0.111721 0.460826
bt -0.000724408 -0.235589 -0.971853
t 0.880597 -0.111648 -0.460525
bt 0 -0.235589 -0.971853
t 0.771637 0.0476108 -0.634279
bt 9.40111e-05 -0.24329 -0.969954
t 0.771216 0.0473651 -0.634809
bt 0.000412176 -0.24321 -0.969974
t 0.880597 -0.111648 -0.460525
bt 0 -0.235589 -0.971853
t 0.504711 0.0501252 -0.861832
bt 0.00691722 -0.265865 -0.963985
t 0.504604 0.0500442 -0.8619
bt 0.00746053 -0.265573 -0.964062
t 0.386652 -0.0347479 -0.921571
bt -0.0103206 -0.275088 -0.961364
t 0.332177 0.00895512 -0.943174
bt 0.00479898 -0.319885 -0.947444
t 0.332225 0.00900832 -0.943157
bt 0.00381641 -0.320767 -0.947151
t 0.386652 -0.0347479 -0.921571
bt -0.0103206 -0.275088 -0.961364
t 0.274355 0.00894374 -0.961587
bt 0.0346098 -0.386852 -0.921492
t 0.274457 0.00913408 -0.961556
bt 0.0349156 -0.386408 -0.921667
t 0.265099 -0.00834196 -0.964185
bt -0.0497906 -0.504267 -0.862111
t 0.243598 0.00113205 -0.969876
bt 0.00663945 -0.670175 -0.742173
t 0.24346 0.000580736 -0.969911
bt 0.00691797 -0.66961 -0.74268
t 0.265099 -0.00834196 -0.964185
bt -0.0497906 -0.504267 -0.862111
t 0.235611 0 -0.971847
bt 0.111876 -0.880052 -0.46151
t 0.235611 0.000424815 -0.971847
bt 0.109727 -0.884913 -0.452647
t 0.997462 0 -0.0711973
bt -0.000252433 -1 1.77772e-05
t 1 -1.14366e-08 0
bt -3.13329e-06 -1 0
t 0.997629 0.000438661 -0.068817
bt -0.00017059 -0.99983 0.018455
t 0.998091 0.000748278 -0.0617631
bt -0.000255033 -0.999363 0.0356825
t 0.998724 0.000578732 -0.0504909
bt 0.000158324 -0.998726 0.0504542
t 0.999361 0.00105152 -0.0357312
bt -0.000552952 -0.998091 0.0617564
t 0.999831 -0.00112939 -0.0183649
bt 0.000325442 -0.99763 0.068803
t 1 0.000238016 -1.67475e-05
bt 0 -0.997462 0.0711973
t 0.999831 0.000852172 0.0183844
bt -0.00013124 -0.99763 0.0688065
t 0.999365 0.000740035 0.035621
bt 0.000173986 -0.998092 0.0617427
t 0.998722 -0.00129269 0.0505272
bt 0.000714069 -0.998724 0.0504977
t 0.998092 -5.77546e-05 0.0617388
bt -0.000933806 -0.999365 0.0356086
t 0.997628 -0.000833207 0.0688243
bt -0.0011105 -0.999831 0.0183662
t 0.997462 0 0.0711973
bt 0.000254636 -1 1.79342e-05
t 0.99763 0.000152192 0.0688117
bt 0.000817581 -0.999831 -0.0183868
t 0.998093 -9.2646e-05 0.0617332
bt 0.00173124 -0.999366 -0.0355597
t 0.998728 -0.000964113 0.0504131
bt 0.000130818 -0.998726 -0.0504555
t 0.999364 3.48785e-05 0.0356684
bt -0.000617883 -0.998091 -0.0617587
t 0.999828 0.000885902 0.0185038
bt 0.000306541 -0.99763 -0.0688034
t 1 0.00026358 1.85729e-05
bt 0 -0.997462 -0.0711973
t 0.99983 -0.000194049 -0.0184566
bt -0.000140661 -0.99763 -0.0688063
t 0.999363 -0.000244378 -0.0356818
bt 0.000127235 -0.998092 -0.0617411
t 0.998728 0.000988987 -0.0504123
bt 0.000658406 -0.998724 -0.0504949
t 0.998094 0.000765164 -0.0617096
bt 5.92526e-05 -0.999364 -0.03567
t 0.997629 -0.000260348 -0.0688138
bt 0.000872628 -0.999828 -0.0185029
t 0.887561 -0.00274342 0.460682
bt -0.0113943 -0.98956 -0.143674
t 0.900762 -0.0020545 0.434307
bt -0.00621849 -0.991335 -0.131211
t 0.917631 0.00244707 0.397426
bt 0.000969423 -0.970336 -0.241759
t 0.906432 0.00210549 0.422346
bt 0.00342741 -0.966136 -0.258009
t 0.887317 -0.00157093 0.461156
bt -0.00798924 -0.990976 0.1338
t 0.900561 -0.00192693 0.434725
bt -0.00400773 -0.991976 0.12636
t 0.894687 0 0.446693
bt 0.00589949 -0.999978 0.00294504
t 0.880837 0 0.47342
bt 0.0104804 -0.999929 0.00563485
t 0.934335 -0.00285754 0.356383
bt -0.000913005 -0.934816 0.35513
t 0.942814 -0.000816016 0.333319
bt -0.00115167 -0.943032 0.332701
t 0.91793 0.000818368 0.396741
bt 0.00707924 -0.969465 0.245128
t 0.906865 0.00210459 0.421417
bt 0.0112977 -0.964352 0.26438
t 0.988177 -0.0260359 0.151092
bt -0.00132234 -0.887525 0.460758
t 0.991441 -0.00465716 0.130472
bt 0.00138462 -0.900589 0.434669
t 0.970589 0.00378184 0.240714
bt 0.00151051 -0.917718 0.39723
t 0.966642 0.00802603 0.256005
bt 0.00234593 -0.906407 0.422399
t 0.991102 -0.0100654 -0.132727
bt -0.00149856 -0.887384 0.461028
t 0.992051 -0.00534717 -0.125723
bt -0.00161787 -0.900577 0.434693
t 0.999982 0.00540302 -0.00269717
bt 0 -0.894687 0.446693
t 0.99994 0.0096579 -0.00518799
bt 0 -0.880859 0.473378
t 0.935601 -0.00723954 -0.352986
bt -0.00476755 -0.934101 0.356977
t 0.943291 -0.00354707 -0.331947
bt -0.00424029 -0.942425 0.334391
t 0.969837 0.00386152 -0.243723
bt 0.000386079 -0.917928 0.396746
t 0.965036 0.00589487 -0.26205
bt 0.00260821 -0.906915 0.421305
t 0.887367 0.000712501 -0.461063
bt -0.00882647 -0.989774 0.14237
t 0.90059 0.00136517 -0.434667
bt -0.00676359 -0.991297 0.131469
t 0.917713 0.00156459 -0.397241
bt 0.00397869 -0.970608 0.240634
t 0.906399 0.00242185 -0.422416
bt 0.00838824 -0.966681 0.255847
t 0.887548 0.00136902 -0.460713
bt -0.00796004 -0.990976 -0.133803
t 0.900731 0.0014167 -0.434375
bt -0.00418175 -0.992 -0.126168
t 0.894687 0 -0.446693
bt 0.00620661 -0.999976 -0.00309837
t 0.880901 0 -0.473301
bt 0.0104856 -0.999929 -0.00563386
t 0.934075 -0.00485408 -0.357043
bt -0.00476741 -0.935292 -0.353846
t 0.942482 -0.00374896 -0.334237
bt -0.00109584 -0.943026 -0.332718
t 0.917872 0.00017658 -0.396877
bt 0.00482651 -0.969709 -0.244215
t 0.906828 0.00213511 -0.421495
bt 0.00638358 -0.964976 -0.26226
t 0.989844 -0.00797179 -0.141935
bt 0.000316669 -0.88739 -0.461019
t 0.991439 -0.00468329 -0.130484
bt 0.000775752 -0.900621 -0.434605
t 0.970629 0.00393663 -0.240549
bt 0.00248535 -0.917627 -0.397434
t 0.96668 0.00838321 -0.255849
bt 0.00218085 -0.906424 -0.422363
t 0.991101 -0.010081 0.132731
bt -0.0014889 -0.887322 -0.461148
t 0.99204 -0.00515237 0.125816
bt -0.00208869 -0.900553 -0.434742
t 0.999982 0.0054153 0.0027033
bt 0 -0.894687 -0.446693
t 0.99994 0.00965697 0.00518749
bt 0 -0.880859 -0.473378
t 0.935287 -0.00473281 0.353857
bt -0.00479956 -0.934082 -0.357025
t 0.943057 -0.00138477 0.332628
bt -0.00550241 -0.942279 -0.334785
t 0.9698 0.00397314 0.243869
bt 0.000366906 -0.917889 -0.396836
t 0.96502 0.00602351 0.262106
bt 0.00241817 -0.906896 -0.421347
t 0.99532 0.0251782 0.0933004
bt -0.00763212 -0.952284 -0.305118
t 0.99653 0.00768536 -0.0828851
bt 0.00731252 -0.952293 -0.305097
t 0.952271 -0.00801774 -0.305147
bt 0.0241843 -0.995374 -0.0929873
t 0.952205 0.00998795 -0.305297
bt 0.00657616 -0.996508 0.0832379
t 0.995237 0.0266553 -0.0937656
bt -0.00584579 -0.95234 0.304983
t 0.99653 0.00773691 0.0828687
bt 0.00999085 -0.952205 0.305298
t 0.952215 0.00967736 0.305274
bt 0.00769885 -0.99653 -0.0828808
t 0.99529 -0.0257236 0.0934722
bt 0.00600362 -0.952335 0.304995
t 0.996534 -0.00793028 -0.0828072
bt -0.00966131 -0.952216 0.305273
t 0.952334 0.00602331 -0.304997
bt -0.0254383 -0.995305 0.0933824
t 0.952216 -0.0096582 -0.305273
bt -0.00635026 -0.996503 -0.0833097
t 0.995305 -0.025442 -0.0933835
bt 0.0089109 -0.952242 -0.305214
t 0.996533 -0.00786046 0.0828294
bt -0.00965665 -0.952216 -0.305273
t 0.952242 0.00892065 0.305215
bt -0.0257112 -0.99529 -0.0934683
t 0.991953 0.0282164 0.123425
bt 0.00470083 -0.887171 0.461417
t 0.861897 0.179404 -0.474286
bt -0.0980486 -0.592836 -0.799332
t 0.602414 0.127948 -0.787862
bt -0.0882681 -0.816262 -0.570898
t 0.815355 0.0867164 -0.572431
bt -0.128421 -0.602561 -0.787673
t 0.593441 0.0998811 -0.798656
bt -0.176658 -0.860749 -0.477392
t 0.592922 -0.0983079 -0.799237
bt 0.176279 -0.860589 0.47782
t 0.603325 -0.1309 -0.786679
bt 0.0867613 -0.815381 0.572386
t 0.602398 0.127894 0.787883
bt -0.0861839 -0.815043 0.572956
t 0.593446 0.0998981 0.79865
bt -0.178045 -0.861331 0.475825

