g sponza_138
t 0 -0.853323 0.521383
bt 0 -0.498701 -0.866774
t 0 -0.858763 0.512374
bt 0 -0.513771 -0.857928
t 0 -0.855994 0.516986
bt 0 -0.502752 -0.86443
t 0 -0.853323 0.521383
bt 0 -0.498701 -0.866774
t 0 -0.860689 0.509132
bt 0 -0.511792 -0.85911
t 0 -0.860697 0.509117
bt 0 -0.509679 -0.860365
t 0 -0.860986 0.508629
bt 0 -0.51164 -0.8592
t 0 -0.86066 0.509179
bt 0 -0.510481 -0.859889
t 0 -0.858236 0.513254
bt 0 -0.508251 -0.861209
t 0 -0.858236 0.513254
bt 0 -0.508251 -0.861209
t 0 -0.8596 0.510967
bt 0 -0.510956 -0.859607
t 0 -0.859634 0.510911
bt 0 -0.510776 -0.859714
t 0 -0.858686 0.512502
bt 0 -0.509536 -0.860449
t 0 -0.858686 0.512502
bt 0 -0.509536 -0.860449
t -0.999998 0.00188165 -8.92827e-05
bt 0 0.998876 -0.0473958
t -0.999998 0.00182688 -0.00093396
bt 0.00483244 0.89038 -0.455192
t -0.999999 0.00111318 -0.000569099
bt 0.00188081 0.890389 -0.455196
t -0.999998 0.00188165 -8.92827e-05
bt 0 0.998876 -0.0473958
t -1 0 0
bt 0.00548413 0.758291 -0.651893
t -1 0 0
bt 0.00548413 0.758291 -0.651893
t -1 0 0
bt 0 -0.843707 0.536804
t -0.999998 -0.0018795 0.00119582
bt 0 -0.843707 0.536804
t -1 0 0
bt 0 -0.654477 0.756082
t -1 0 0
bt 0.00236447 -0.654475 0.75608
t -1 0 0
bt 0 0.621734 0.783229
t -0.999998 0.00194631 0.000767903
bt 0 0.930217 0.36701
t -1 0.000570992 0.000225272
bt 0 0.930217 0.36701
t -1 0 0
bt 0 0.621734 0.783229
t -1 0 0
bt 0 0.885204 0.465202
t -0.999998 0.00187256 0.000984087
bt 0.00159487 0.885203 0.465202
t -1 0 0
bt 0 0.885204 0.465202
t -1 0 0
bt 0 0.885204 0.465202
t -0.999998 -0.0010413 0.0018669
bt 0.003935 -0.487116 0.873329
t -1 0 0
bt 0 -0.48712 0.873335
t -0.999998 -0.0010413 0.0018669
bt 0.003935 -0.487116 0.873329
t -0.999998 -0.0010413 0.0018669
bt 0.003935 -0.487116 0.873329
t 0 0.139984 -0.990154
bt 0 -0.991046 -0.133521
t 0 0.143393 -0.989666
bt 0 -0.986919 -0.161217
t 0 0.139707 -0.990193
bt 0 -0.990607 -0.136737
t 0 0.139717 -0.990192
bt 0 -0.990987 -0.133956
t 0 0.138667 -0.990339
bt 0 -0.99037 -0.138444
t 0 0.138383 -0.990379
bt 0 -0.990549 -0.137162
t 0 0.138978 -0.990295
bt 0 -0.99042 -0.138085
t 0 0.139223 -0.990261
bt 0 -0.990511 -0.137432
t 0 0.139734 -0.990189
bt 0 -0.990577 -0.136957
t 0 0.139734 -0.990189
bt 0 -0.990577 -0.136957
t 0 0.138054 -0.990425
bt 0 -0.990364 -0.138487
t 0 0.138439 -0.990371
bt 0 -0.990394 -0.138271
t 0 0.13712 -0.990555
bt 0 -0.990266 -0.13919
t 0 0.1369 -0.990585
bt 0 -0.990273 -0.139136
t -0.999999 -0.000258065 0.0012021
bt 0.00231689 -0.209901 0.97772
t -1 0 0
bt 0.00231689 -0.209901 0.97772
t -0.999998 0.00036024 0.00186148
bt 0 0.189999 0.981784
t -0.999999 0.000234578 0.00121211
bt 0 0.189999 0.981784

