g sponza_245
t -0.333852 -0.942429 -0.0192335
bt 0.310281 -0.111751 -0.944054
t -0.4135 -0.908103 -0.0660785
bt 0.300899 -0.145643 -0.942469
t -0.412093 -0.908445 0.0700489
bt -0.300589 0.146029 -0.942508
t -0.346867 -0.937693 -0.0203965
bt -0.273941 0.207198 -0.939162
t -0.415593 -0.907561 0.0601337
bt -0.295355 0.156953 -0.942407
t -0.610496 -0.780083 0.136987
bt -0.628499 0.573599 -0.525332
t -0.587778 -0.805709 0.0731507
bt -0.633366 0.622003 -0.460392
t -0.858422 -0.512917 0.005177
bt -0.0188898 0.200308 -0.979551
t -0.895698 -0.444496 -0.0121829
bt -0.40797 0.0204793 -0.912766
t -0.962295 -0.265661 0.0584145
bt -0.101213 0.424522 -0.899743
t -0.961607 -0.260061 0.0876424
bt -0.078058 0.498039 -0.863634
t -0.826405 -0.529626 0.191182
bt -0.301086 0.630601 -0.715325
t -0.798745 -0.588839 0.123591
bt -0.481459 0.608196 -0.631106
t -0.586255 -0.809923 0.0181508
bt -0.183476 0.249598 -0.950809
t -0.681989 -0.730405 0.03741
bt -0.106491 0.269372 -0.95713
t -0.74201 -0.668134 0.0549288
bt -0.0311198 0.286147 -0.95768
t -0.810598 -0.585375 -0.0163637
bt 0.0825419 0.313162 -0.946106
t -0.91048 -0.373172 0.178239
bt -0.0540281 0.577938 -0.81429
t -0.870287 -0.453382 0.192471
bt -0.112107 0.633823 -0.765311
t -0.811235 -0.584304 -0.0220601
bt 0.0888528 0.317227 -0.944178
t -0.710397 -0.669588 0.216768
bt -0.577529 0.536337 -0.61547
t -0.447733 -0.893322 -0.0388692
bt -0.241394 0.261908 -0.934416
t -0.756654 -0.653119 0.0301735
bt 0.0218012 -0.293643 -0.955666
t -0.802715 -0.594967 -0.0407677
bt 0.124366 -0.170933 -0.977402
t -0.802734 -0.59495 0.0406489
bt -0.124366 0.170933 -0.977402
t -0.603025 -0.796056 0.0515282
bt 0.15096 -0.290978 -0.944745
t -0.434116 -0.900844 0.00484739
bt -0.300799 0.145595 -0.942508
t -0.93635 -0.24706 0.249419
bt -0.019872 -0.902975 -0.429233
t -0.509768 -0.462561 0.725379
bt -0.162385 -0.802708 -0.573839
t -0.458562 -0.680747 0.571231
bt -0.124371 -0.857078 -0.499949
t -0.911947 -0.351523 0.211622
bt 0.00566452 -0.939645 -0.342103
t -0.962295 -0.265661 -0.0584146
bt 0.0135283 -0.444131 -0.89586
t -0.899342 -0.416972 0.131599
bt -0.0224172 -0.249125 -0.968212
t -0.858511 -0.512777 -0.00428384
bt -0.0135212 -0.218794 -0.975677
t -0.976146 -0.216885 -0.00995632
bt -0.00461084 -0.51283 -0.858478
t -0.603025 -0.796056 0.0515282
bt 0.15096 -0.290978 -0.944745
t -0.949795 -0.258078 0.176874
bt -0.0268385 -0.811346 -0.58395
t -0.957355 -0.268025 0.10786
bt -0.0387342 -0.730617 -0.681688
t -0.710438 -0.689777 0.13959
bt -0.036091 -0.402135 -0.914869
t -0.967713 -0.251874 0.009551
bt -0.0357946 -0.594147 -0.803559
t -0.816478 -0.570824 0.0867427
bt -0.176434 -0.372149 -0.91125
t -0.756654 -0.653119 0.0301735
bt 0.0218012 -0.293643 -0.955666
t -0.959004 -0.28089 0.0375665
bt -0.043191 -0.666316 -0.744417
t -0.814104 -0.578388 0.0519776
bt -0.10544 -0.327862 -0.938823
t -0.63563 -0.642366 0.428183
bt -0.273372 -0.712938 -0.645745
t -0.976683 0.192063 -0.0959325
bt 0.0329705 -0.453092 -0.890854
t -0.976683 -0.192063 0.0959325
bt -0.0332368 -0.45314 -0.89082
t -0.97951 0.200522 -0.0187086
bt 0.0103257 -0.513719 -0.857897
t -0.964281 0.182768 -0.191724
bt 0.0652994 -0.734546 -0.675409
t -0.953258 0.22294 -0.203952
bt 9.41218e-05 -0.806752 -0.590891
t -0.966004 0.245734 -0.0803194
bt 0.0422667 -0.666169 -0.744602
t -0.972723 0.22761 -0.0447545
bt 0.0374381 -0.594395 -0.803301
t -0.964281 0.182768 -0.191724
bt 0.0223004 -0.727855 -0.685368
t -0.9389 0.223316 -0.26191
bt -0.0172785 -0.897283 -0.441118
t -0.457516 0.695462 -0.554087
bt 0.118807 -0.851964 -0.509943
t -0.519213 0.52222 -0.676538
bt 0.14466 -0.787016 -0.599733
t -0.908128 0.364863 -0.205376
bt -0.0135857 -0.938623 -0.344676
t -0.86005 0.510055 -0.012542
bt 0.0847228 -0.258368 -0.962324
t -0.846567 0.31806 -0.426805
bt 0.0680466 -0.270016 -0.960448
t -0.962296 0.265659 0.0584106
bt -0.0135032 -0.444136 -0.895857
t -0.944838 0.323679 -0.0501253
bt 0.0281372 -0.728825 -0.684122
t -0.637211 0.665823 -0.388125
bt 0.13433 -0.598696 -0.789632
t -0.716095 0.649469 -0.25573
bt 0.185987 -0.525654 -0.830119
t -0.766579 0.628374 -0.132297
bt 0.177022 -0.442781 -0.878981
t -0.815159 0.575504 -0.0656622
bt 0.176391 -0.372122 -0.911269
t -0.811235 0.584304 -0.0220601
bt 0.105442 -0.327864 -0.938822
t -0.945657 0.320786 -0.0531812
bt 0.0331385 -0.729645 -0.683022
t -0.858511 -0.512777 -0.00428384
bt -0.0135212 -0.218794 -0.975677
t -0.899342 -0.416972 0.131599
bt -0.0224172 -0.249125 -0.968212
t -0.710438 -0.689777 0.13959
bt -0.036091 -0.402135 -0.914869
t -0.807018 -0.590404 -0.0120538
bt 0.124366 -0.170933 -0.977402
t -0.8036 -0.594124 0.0352596
bt -0.124366 0.170933 -0.977402
t -0.0357499 -0.995627 -0.0863112
bt -0.381457 0.0800184 -0.920917
t 0 -1 0
bt -0.373429 0.218599 -0.901535
t -0.106839 -0.988519 -0.106839
bt -0.702751 0.11083 -0.702751
t -0.106839 -0.988519 -0.106839
bt -0.702751 0.11083 -0.702751
t 0 -1 0
bt 0.38271 0 -0.923869
t 0 -1 0
bt 0.38271 0 -0.923869
t -1 0 0
bt 0 -1 0
t -1 0 0
bt 0 -1 0
t -1 0 0
bt 0 -1 0
t -1 0 0
bt 0 -1 0
t -0.64082 -0.422727 0.64082
bt 0.0568833 -0.996759 -0.0568833
t -0.655926 -0.373526 0.655926
bt 0 -1 0
t -0.341601 -0.450699 0.82473
bt 0.0284543 -0.997232 -0.0686973
t -0.341601 -0.450699 0.82473
bt 0.0284543 -0.997232 -0.0686973
t -0.36282 0.317896 -0.875959
bt 0 -1 0
t -0.352841 0.387074 -0.851866
bt -0.0182706 -0.99886 -0.0441107
t -0.675443 0.295896 -0.675443
bt 0 -1 0
t -0.675443 0.295896 -0.675443
bt 0 -1 0
t -0.997147 0 0.0754841
bt -0.211505 0 -0.977377
t -0.999911 0 0.0133381
bt -0.00238949 0 -0.999997
t -0.993815 0 0.111049
bt -0.31368 0 -0.949529
t -0.993815 0 0.111049
bt -0.31368 0 -0.949529
t -0.995763 0 0.0919558
bt -0.0385447 0 -0.999257
t -0.995721 0 0.0924096
bt -0.0385447 0 -0.999257
t -0.995191 0 -0.0979492
bt 0.0220854 0 -0.999756
t -0.995191 0 -0.0979492
bt 0.0273158 0 -0.999627
t -0.994148 0 0.10803
bt -0.0329794 0 -0.999456
t -0.99601 0 0.0892467
bt -0.0412569 0 -0.999149
t -0.995721 0 0.0924096
bt -0.0385447 0 -0.999257
t -0.995763 0 0.0919558
bt -0.0385447 0 -0.999257
t -0.956721 0 -0.291008
bt 0.074348 0 -0.997232
t -0.946332 0 -0.323196
bt 0.0146286 0 -0.999893
t 0 -1 0
bt -0.707157 0 -0.707057
t 0 -1 0
bt -0.923885 0 -0.382671
t 0 -1 0
bt -0.923885 0 -0.382671
t 0 -1 0
bt -0.707157 0 -0.707057
t 0 -1 0
bt 0 0 -1
t 0 -1 0
bt 0 0 -1
t 0 -1 0
bt 0 0 -1
t 0 -1 0
bt 0 0 -1
t -0.923874 0 -0.382697
bt 0 -1 0
t -0.917204 -0.120293 0.379823
bt 0 -1 0
t -0.917204 -0.120293 0.379823
bt 0 -1 0
t -0.917907 0.113467 -0.380226
bt 0 -1 0
t -0.707207 0 0.707007
bt -0.0279238 -0.99922 0.0279159
t -0.667189 -0.331615 0.667001
bt 0 -1 0
t -0.671624 0.313 -0.671529
bt 0 -1 0
t -0.671624 0.313 -0.671529
bt 0 -1 0
t 0.333852 -0.942429 0.0192335
bt -0.310281 -0.111751 0.944054
t 0.413479 -0.908113 0.0660785
bt -0.300831 -0.145593 0.942498
t 0.419636 -0.906404 -0.0483525
bt 0.300691 0.145883 0.942498
t 0.328007 -0.943971 -0.0364688
bt 0.309949 0.11267 0.944054
t 0.756654 -0.65312 -0.0301683
bt -0.0218232 -0.293626 0.955671
t 0.802713 -0.59497 0.040784
bt -0.124366 -0.170933 0.977402
t 0.802732 -0.594952 -0.0406652
bt 0.124366 0.170933 0.977402
t 0.746131 -0.664928 -0.0340461
bt 0.157501 0.179751 0.971022
t 0.602977 -0.796092 -0.0515374
bt -0.150891 -0.290928 0.944771
t 0.579619 -0.813767 -0.0427147
bt 0.239444 0.175387 0.954938
t 0.93635 -0.24706 -0.249419
bt 0.0198513 -0.902972 0.42924
t 0.509633 -0.462642 -0.725421
bt 0.162436 -0.802686 0.573856
t 0.458562 -0.680747 -0.571231
bt 0.124371 -0.857078 0.499949
t 0.911947 -0.351523 -0.211622
bt -0.00566452 -0.939645 0.342103
t 0.962296 -0.265659 0.0584107
bt -0.0135035 -0.444136 0.895858
t 0.899342 -0.416971 -0.131599
bt 0.0224316 -0.249131 0.96821
t 0.858511 -0.512777 0.00428206
bt 0.0135289 -0.218799 0.975676
t 0.976147 -0.216884 0.0099546
bt 0.0046295 -0.512833 0.858476
t 0.602977 -0.796092 -0.0515374
bt -0.150891 -0.290928 0.944771
t 0.949792 -0.258106 -0.176853
bt 0.0268709 -0.811351 0.583941
t 0.944838 -0.323679 -0.0501253
bt 0.0281379 -0.728825 0.684122
t 0.710439 -0.689774 -0.139598
bt 0.0360985 -0.402141 0.914866
t 0.967714 -0.251869 -0.00955802
bt 0.0357488 -0.59414 0.803567
t 0.816477 -0.570825 -0.0867394
bt 0.176388 -0.37212 0.91127
t 0.756654 -0.65312 -0.0301683
bt -0.0218232 -0.293626 0.955671
t 0.959007 -0.28088 -0.0375783
bt 0.0431292 -0.666307 0.744429
t 0.814104 -0.578388 -0.0519776
bt 0.10544 -0.327862 0.938823
t 0.945657 -0.320786 -0.0531811
bt 0.0331371 -0.729645 0.683023
t 0.635532 -0.642436 -0.428223
bt 0.273397 -0.712893 0.645785
t 0.976683 0.192063 0.0959325
bt -0.0329282 -0.453084 0.890859
t 0.976683 -0.192063 -0.0959325
bt 0.0332785 -0.453148 0.890814
t 0.983206 0.156662 0.0936126
bt -0.0212709 -0.515372 0.856703
t 0.964276 0.182767 0.19175
bt -0.0509427 -0.732504 0.678854
t 0.964281 -0.182768 -0.191724
bt 0.0649899 -0.734503 0.675486
t 0.954945 0.175388 0.239414
bt -0.0333521 -0.812337 0.582234
t 0.971017 0.179544 0.157764
bt -0.0391718 -0.665678 0.745211
t 0.977398 0.170644 0.124792
bt -0.0440278 -0.595378 0.802239
t 0.964281 -0.182768 -0.191724
bt 0.0393547 -0.730678 0.681587
t 0.954945 0.175388 0.239414
bt -0.0551705 -0.8155 0.576121
t 0.942469 0.145643 0.300899
bt -0.0265377 -0.90385 0.427025
t 0.944054 0.11221 0.310115
bt -0.0362987 -0.943957 0.328065
t 0.858511 -0.512777 0.00428206
bt 0.0135289 -0.218799 0.975676
t 0.899342 -0.416971 -0.131599
bt 0.0224316 -0.249131 0.96821
t 0.890779 -0.453216 -0.0332864
bt 0.0959542 0.192062 0.976681
t 0.856162 -0.516057 -0.0259211
bt 0.0934054 0.156665 0.983225
t 0.710439 -0.689774 -0.139598
bt 0.0360985 -0.402141 0.914866
t 0.680457 -0.73146 -0.0440972
bt 0.19175 0.182767 0.964276
t 0.807018 -0.590404 0.0120538
bt -0.124366 -0.170933 0.977402
t 0.8036 -0.594124 -0.0352596
bt 0.124366 0.170933 0.977402
t 0 -1 0
bt -0.38271 0 0.923869
t 0 -1 0
bt 0.38271 0 0.923869
t 0 -1 0
bt 0.38271 0 0.923869
t 0 -1 0
bt -0.38271 0 0.923869
t 1 0 0
bt 0 -1 0
t 1 0 0
bt 0 -1 0
t 0.915326 -0.135718 -0.379157
bt 0 -1 0
t 0.91286 -0.153949 -0.378135
bt -0.0229132 -0.999692 0.0094906
t 0.341601 -0.450699 -0.82473
bt -0.0284543 -0.997232 0.0686973
t 0.341601 -0.450699 -0.82473
bt -0.0284543 -0.997232 0.0686973
t 0.995763 0 -0.0919568
bt 0.0385391 0 0.999257
t 0.995721 0 -0.0924106
bt 0.0385391 0 0.999257
t 0.999992 0 -0.00406439
bt 0 0 1
t 0.999992 0 -0.00406439
bt 0 0 1
t 1 0 0
bt 0.00406865 0 0.999992
t 1 0 0
bt -0.00377705 0 0.999993
t 0.994147 0 -0.108033
bt 0.0330013 0 0.999455
t 0.996009 0 -0.0892476
bt 0.0412513 0 0.999149
t 0.995721 0 -0.0924106
bt 0.0385391 0 0.999257
t 0.995763 0 -0.0919568
bt 0.0385391 0 0.999257
t 0 -1 0
bt 0 0 1
t 0 -1 0
bt 0 0 1
t 0 -1 0
bt 0 0 1
t 0 -1 0
bt 0 0 1
t 0.923869 0 0.38271
bt 0 -1 0
t 0.917203 -0.120306 -0.379822
bt 0 -1 0
t 0.917203 -0.120306 -0.379822
bt 0 -1 0
t 0.923869 0 0.38271
bt 0 -1 0
t 0.707207 0 -0.707007
bt 0.0279213 -0.99922 -0.0279134
t 0.667183 -0.331641 -0.666994
bt 0 -1 0
t -0.999789 0 0.0205189
bt 0 0 -1
t -0.999949 0 -0.0101147
bt 5.08475e-05 0 -1
t -0.999908 0 0.0135346
bt -0.0217604 0 -0.999763
t -0.999789 0 0.0205189
bt 0 0 -1
t -0.999769 0 0.0215007
bt -0.0433757 0 -0.999059
t -1 0 -0.000436076
bt -0.0652504 0 -0.997869
t -0.997863 0 0.0653431
bt 0.000436122 0 -1
t -0.997863 0 0.0653431
bt 0.000436122 0 -1

