g sponza_336
t -0.00997891 -0.999907 0.00929166
bt -0.999976 0.00691424 4.08959e-05
t -0.0618539 -0.924399 0.376377
bt -0.950754 0.0192097 0.309349
t -0.0230197 -0.575001 0.817829
bt -0.973095 0.037068 -0.227404
t -0.0203058 -0.710618 0.703285
bt -0.908567 0.0229131 -0.417111
t -0.181506 -0.402049 -0.897448
bt -0.720814 -0.206444 0.66167
t 0.0622226 -0.55953 -0.826471
bt -0.464921 -0.303455 0.831723
t 0.3923 -0.754874 -0.525611
bt -0.698486 -0.0152272 0.715461
t 0.0264625 -0.716333 -0.697257
bt -0.854469 0.0528295 0.516809
t 0.157293 -0.41343 0.896847
bt -0.431894 -0.190431 -0.881591
t -0.116986 -0.202581 0.972253
bt -0.197108 -0.341365 -0.919031
t -0.179986 -0.106084 0.977932
bt -0.44149 -0.260236 -0.858699
t -0.0547859 -0.340438 0.938669
bt -0.594674 -0.0845057 -0.799513
t 0.0182828 -0.935134 -0.353821
bt -0.945772 -0.0231869 -0.324002
t 0.275728 -0.86301 0.423306
bt -0.700271 -0.0449785 -0.712459
t -0.0188281 -0.730073 0.683109
bt -0.873907 0.00319087 -0.486082
t -0.00544239 -0.999949 -0.00851578
bt -0.999998 -0.000947792 -0.00150427
t -0.0400931 -0.244347 -0.968859
bt -0.577188 0.0595008 0.81444
t -0.0141676 -0.57435 -0.818487
bt -0.854692 0.221251 0.469627
t 0.0171085 -0.705341 -0.708662
bt -0.862899 0.0575014 0.502094
t -0.0181109 -0.294706 -0.955416
bt -0.604038 0.00267381 0.796951
t 0.00446399 -0.268442 0.963285
bt -0.489682 0.0358756 -0.871163
t -0.00877509 -0.23747 0.971355
bt -0.427684 0.115107 -0.896569
t -0.0378008 -0.00996486 0.999236
bt -0.226392 -0.0596004 -0.972211
t -0.045371 -0.018163 0.998805
bt -0.299155 -0.108586 -0.948006
t -0.00303609 -0.999858 -0.0165454
bt -0.999839 0.00594905 0.0168999
t -0.0098716 -0.673755 0.738889
bt -0.954906 0.0171427 -0.296415
t -0.162672 -0.402612 -0.9008
bt -0.755113 -0.211664 0.620485
t 0.0172459 -0.713426 -0.700519
bt -0.877687 0.0533576 0.476254
t -0.142583 -0.0829359 0.986302
bt -0.47996 -0.274908 -0.833105
t -0.0411968 -0.3418 0.938869
bt -0.626358 -0.0821238 -0.775198
t -0.0171348 -0.727489 0.685905
bt -0.892336 -0.00539926 -0.45134
t -0.000758001 -0.99991 0.0133891
bt -0.999879 0.00265317 -0.0153364
t 0.0217319 -0.705993 -0.707885
bt -0.938567 0.0153124 0.344756
t -0.00673401 -0.283957 -0.958813
bt -0.874187 0.0535689 0.482625
t 0.00909899 -0.241084 0.970462
bt -0.755924 0.00722587 -0.65462
t -0.00832931 -0.00381514 0.999958
bt -0.512959 -0.0291324 -0.857919
t -0.00383224 -0.999856 -0.0165336
bt -0.999834 0.00183064 0.0181329
t -0.0171186 -0.713793 0.700147
bt -0.996921 0.00968763 -0.0778111
t 0.0102297 -0.72558 -0.688062
bt -0.934219 0.0608746 0.351467
t -0.13222 -0.384685 -0.913529
bt -0.847405 -0.165459 0.504508
t -0.0198147 -0.339875 0.940262
bt -0.749547 -0.0624127 -0.659002
t -0.0919593 -0.039985 0.99496
bt -0.610088 -0.254214 -0.750445
t -0.0742541 -0.743902 0.664151
bt -0.966128 -0.0914457 -0.241318
t -0.0011989 -0.99989 0.0147913
bt -0.999928 0.00367881 -0.0114565
t 0.00705616 -0.7186 -0.695388
bt -0.994491 -0.0537948 0.0899622
t -0.000548131 -0.31568 -0.948866
bt -0.955113 -0.0258337 -0.295114
t -0.00126009 -0.309608 0.950864
bt -0.85437 -0.164857 0.492823
t -0.0104349 -0.00394522 0.999938
bt -0.839548 -0.0541116 0.540584
t 0.0126825 -0.00416544 0.999911
bt -0.817292 0.0851027 0.569905
t -0.0161958 -0.713771 0.700191
bt -0.998807 -0.0329702 -0.0360167
t 0.00493332 -0.754167 0.656664
bt -0.999343 0.0158729 0.0325876
t -0.00346655 -0.999444 -0.0331645
bt -0.99992 -0.002583 0.0124224
t 0.00431903 -0.743967 -0.668203
bt -0.984326 0.048243 0.169633
t -0.0614921 -0.361883 -0.930193
bt -0.958173 -0.0793281 0.274975
t -0.00477902 -0.349003 0.937109
bt -0.921754 -0.0206278 -0.387225
t -0.0270004 -0.006182 0.999616
bt -0.852198 -0.165818 -0.496248
t 0.0026998 -0.999457 0.0328341
bt -0.99992 -0.000954424 -0.0125744
t -0.0805259 -0.744581 0.662658
bt -0.967056 -0.0992084 -0.234437
t -0.0102367 -0.749714 0.661683
bt -0.987951 0.00804063 -0.154561
t 0.00100716 -0.756308 -0.654215
bt -0.998137 -0.0494325 -0.0357648
t 0.0275081 -0.363691 -0.931113
bt -0.975194 0.0697222 -0.210086
t -9.83522e-05 -0.353182 0.935555
bt -0.896572 -0.0765294 0.436235
t -0.00127941 -0.309608 0.950863
bt -0.984638 -0.0586221 0.164472
t 0.0267453 -0.00651947 0.999621
bt -0.716955 0.124148 0.685976
t 0.00758052 -0.78804 0.615578
bt -0.987044 0.00662486 0.160313
t 0.000610925 -0.999355 -0.0359081
bt -0.999997 -0.00146395 -0.00215413
t -0.00207287 -0.763767 -0.645488
bt -0.995422 0.0210904 -0.0932175
t 0.0627237 -0.374829 -0.92497
bt -0.992288 0.0767924 -0.0972994
t 0.0225028 -0.371104 0.928319
bt -0.988529 0.0662206 0.13574
t 0.0533436 -0.00620081 0.998557
bt -0.97821 0.113437 -0.173888
t 0.000620997 -0.999418 0.0341018
bt -0.999998 0.0019567 0.000633235
t 0.00115986 -0.764382 0.644763
bt -0.995422 0.00945329 0.0951054
t 0.0331886 -0.364398 -0.930652
bt -0.951029 0.0282694 -0.307807
t -0.0372432 -0.785684 -0.617505
bt -0.97604 -0.075176 -0.204194
t 0.0063708 -0.387673 -0.921775
bt -0.835994 -0.0120079 -0.548608
t -0.00751431 -0.383102 0.923675
bt -0.784472 -0.0712636 0.616057
t 0.045777 -0.0121957 0.998877
bt -0.555216 0.147895 0.818451
t 0.00613979 -0.819703 0.572756
bt -0.952015 0.00100641 0.306051
t 0.001696 -0.99959 -0.0285794
bt -0.9999 0.00547489 -0.0130483
t -0.0128967 -0.793969 -0.607822
bt -0.940934 -0.0128148 -0.338347
t 0.173246 -0.46204 -0.869773
bt -0.867854 0.198636 -0.455383
t 0.0566747 -0.00658923 0.998371
bt -0.803895 0.0932369 0.587417
t 0.146704 -0.0674371 0.986879
bt -0.677096 0.311188 0.66686
t 0.0411277 -0.417931 0.907547
bt -0.788388 0.0951054 0.607782
t 5.46201e-06 -0.999591 0.0286029
bt -0.999911 0.00246963 0.0131348
t 0.0173675 -0.799003 0.601076
bt -0.947066 0.0131355 0.320769
t -0.0356221 -0.78585 -0.617391
bt -0.960445 -0.131286 -0.245579
t -0.0229727 -0.815079 -0.578894
bt -0.947293 -0.0206367 -0.319704
t 0.0125052 -0.420046 -0.907417
bt -0.728666 0.0223335 -0.684505
t 0.0746079 -0.0342702 0.996624
bt -0.391707 0.179978 0.902316
t -0.0207378 -0.40734 0.913041
bt -0.659274 -0.0398473 0.750846
t 0.00668833 -0.859026 0.511888
bt -0.898471 0.00492562 0.439006
t -0.00193944 -0.999751 -0.0222409
bt -0.999833 0.00192659 -0.018163
t -0.0250601 -0.833917 -0.55132
bt -0.878615 -0.0189322 -0.477155
t 0.210851 -0.579652 -0.787112
bt -0.711153 0.242262 -0.659977
t 0.217836 -0.178665 0.959493
bt -0.394925 0.32394 0.859708
t 0.0528672 -0.492292 0.868823
bt -0.611292 0.0954343 0.78563
t 0.0189314 -0.844709 0.534891
bt -0.888786 0.0192194 0.45792
t 3.16921e-05 -0.999756 0.0221022
bt -0.99983 0.00385466 0.0180185
t -0.0400561 -0.848101 -0.528318
bt -0.889197 -0.0317388 -0.456423
t 0.0154574 -0.481448 -0.876338
bt -0.561234 0.0176686 -0.827469
t 0.112187 -0.0920083 0.989418
bt -0.1747 0.143305 0.974137
t -0.0312169 -0.451419 0.891766
bt -0.511688 -0.0394393 0.858266
t 0.00165128 -0.999897 -0.0142684
bt -0.999829 0.00345701 -0.0181479
t 0.00291099 -0.901373 0.433034
bt -0.853551 0.0118068 0.520876
t 0.100471 -0.629006 -0.770881
bt -0.527773 0.129956 -0.839385
t -0.0368104 -0.87972 -0.474065
bt -0.832034 -0.0196167 -0.554378
t 0.260892 -0.333632 0.905884
bt -0.213099 0.272557 0.938244
t -0.0150473 -0.530836 0.847341
bt -0.498062 0.0761976 0.863787
t 0.00929321 -0.892707 0.450542
bt -0.842193 0.024146 0.538636
t -0.000584137 -0.999897 0.0143159
bt -0.999832 -0.000125213 0.0183065
t -0.0487756 -0.887528 -0.458165
bt -0.844537 -0.0286137 -0.534732
t 0.0098726 -0.563881 -0.825797
bt -0.472578 0.016192 -0.88114
t 0.136289 -0.174276 0.975219
bt -0.0887233 0.113493 0.989569
t -0.0485453 -0.510865 0.858289
bt -0.446697 -0.0257106 0.894316
t -0.00744464 -0.943114 0.332386
bt -0.82106 0.0110366 0.570736
t 0.000160831 -0.999939 -0.0109998
bt -0.999741 0.00520578 -0.0221449
t 0.163716 -0.675932 -0.718549
bt -0.508 0.0937376 -0.856242
t -0.0391424 -0.92751 -0.371742
bt -0.800349 -0.00851707 -0.599474
t 0.175164 -0.830008 -0.529532
bt -0.47178 0.173739 -0.86443
t 0.0640945 -0.599775 0.797597
bt -0.450672 -0.00315574 0.892684
t 0.261424 -0.52761 0.808261
bt -0.100264 0.202086 0.974222
t 0.0515642 -0.723583 0.688309
bt -0.42718 0.0491798 0.902828
t 0.00449113 -0.939117 0.343569
bt -0.804255 0.0140656 0.594118
t -0.00263141 -0.999935 0.0110605
bt -0.999754 0.00187779 0.0220801
t -0.0489428 -0.932532 -0.357754
bt -0.815309 -0.0231307 -0.578564
t -0.00412875 -0.675414 -0.737428
bt -0.422856 0.0128918 -0.906105
t 0.147242 -0.296988 0.943461
bt -0.039833 0.0803181 0.995973
t -0.0607342 -0.610029 0.790048
bt -0.410242 -0.0178547 0.911802
t -0.00721626 -0.982236 0.187513
bt -0.798351 0.00582398 0.602164
t -0.00195561 -0.999977 -0.00645122
bt -0.999655 0.00234071 -0.0261788
t -0.0368053 -0.974094 -0.223127
bt -0.777145 -0.00233613 -0.629318
t 0.0216421 -0.881035 -0.472555
bt -0.389954 0.0468148 -0.919644
t 0.195643 -0.797345 0.570934
bt -0.0275798 0.112415 0.993279
t 0.0290395 -0.887976 0.458972
bt -0.385497 0.0241426 0.922393
t -0.00240914 -0.980488 0.196566
bt -0.778472 0.0119447 0.627566
t -0.00319984 -0.999974 0.00648757
bt -0.999657 0.00213968 0.0260913
t -0.0390291 -0.976806 -0.210538
bt -0.79747 -0.00420899 -0.603344
t -0.0192011 -0.845595 -0.53348
bt -0.392471 0.00652582 -0.919741
t 0.138493 -0.564425 0.813784
bt -0.0107994 0.0440258 0.998972
t -0.22098 -0.524043 0.822525
bt -0.381162 -0.0457606 0.923375
t -0.00467247 -0.999969 0.00640576
bt -0.79026 0.00158242 0.61277
t 0.000323551 -1 -9.10169e-05
bt -0.999581 0.00276264 -0.0288025
t 0.137124 -0.961132 -0.239631
bt -0.389114 0.04245 -0.920211
t -0.0177912 -0.999683 -0.01784
bt -0.767789 -0.00263637 -0.640698
t -0.0101793 -0.999357 -0.0343693
bt -0.370669 -0.0356676 -0.92808
t 0.00357942 -0.994361 0.105991
bt -3.93009e-05 0.0115687 0.999933
t -0.0182414 -0.998345 0.0545424
bt -0.370981 -0.00668695 0.928616
t -0.00564044 -0.999954 0.007702
bt -0.767795 0.000667063 0.640696
t -0.00110922 -0.999999 0.000131698
bt -0.999583 0.00215083 0.0287979
t -0.0205658 -0.999613 -0.0187255
bt -0.79026 -0.00272393 -0.612766
t -0.0133209 -0.999077 -0.0408324
bt -0.382183 -0.00222574 -0.924084
t -0.0431621 -0.817938 0.573686
bt -0.380363 -0.0492701 0.923524
t 0.00290761 -0.807642 0.589666
bt 2.29178e-06 1.44682e-05 1
t -0.112196 -0.953571 0.27949
bt -0.382189 -0.00136139 0.924083
t -0.00348921 -0.98356 -0.180548
bt -0.79965 -0.00601185 0.600437
t -2.1481e-05 -0.999976 0.00700275
bt -0.999599 0.00253812 -0.0282227
t 0.00321961 -0.979956 0.199187
bt -0.775804 0.0114766 -0.63087
t -0.120982 -0.952595 0.279151
bt -0.407453 -0.147476 -0.90124
t -0.214632 -0.867011 -0.449693
bt -0.0225147 -0.0909507 0.995601
t -0.060192 -0.913162 -0.403128
bt -0.388522 -0.0388175 0.920621
t -0.00475557 -0.981193 -0.192973
bt -0.778184 -0.0128966 0.627904
t 0.000368679 -0.999975 -0.0070129
bt -0.999599 0.00243708 0.028215
t 0.0121795 -0.981335 0.191922
bt -0.79751 0.0167493 -0.603073
t -0.0623569 -0.919573 0.387941
bt -0.396734 -0.022785 -0.917651
t 0.209125 -0.841383 -0.498339
bt -0.3822 -0.000780874 0.924079
t 0.00301007 -0.836116 -0.548545
bt 2.28385e-06 1.44481e-05 1
t -0.169956 -0.686541 -0.706949
bt -0.0106394 -0.0429803 0.999019
t 0.0277563 -0.834784 -0.549877
bt -0.389839 0.0105705 0.920822
t -0.0049547 -0.94174 -0.336306
bt -0.824681 -0.00656606 0.56556
t -0.00165312 -0.999918 0.0126618
bt -0.999707 0.000695696 -0.024206
t 0.0215511 -0.927006 0.374427
bt -0.80106 0.017987 -0.598314
t -0.184866 -0.819747 0.54207
bt -0.496242 -0.225254 -0.838454
t -0.291731 -0.556953 -0.777622
bt -0.0987468 -0.18849 0.977098
t -0.0685829 -0.72298 -0.687456
bt -0.438841 -0.06598 0.896139
t -0.0160287 -0.936481 -0.350351
bt -0.808511 -0.0231314 0.588027
t 0.00109166 -0.99992 -0.0126313
bt -0.999705 0.00256159 0.0241377
t 0.0292751 -0.93366 0.356962
bt -0.818841 0.0263685 -0.573415
t -0.017392 -0.683117 0.730102
bt -0.426778 -0.0099668 -0.904302
t -0.168101 -0.320939 -0.932063
bt -0.0426473 -0.0813922 0.995769
t 0.041884 -0.618422 -0.784729
bt -0.411517 0.0251892 0.911054
t -0.0100787 -0.891136 -0.453624
bt -0.867425 -0.00155078 0.497565
t 0.000831423 -0.999783 0.0208232
bt -0.99973 0.0011266 -0.0232261
t 0.0211507 -0.867248 0.497426
bt -0.841686 0.0277692 -0.539253
t -0.18981 -0.651121 0.734856
bt -0.624945 -0.255149 -0.737796
t -0.268396 -0.299159 -0.915679
bt -0.237587 -0.26479 0.934579
t -0.0542845 -0.556462 -0.829098
bt -0.52821 -0.0831839 0.84503
t 0.00257907 -0.999779 -0.0208663
bt -0.999728 0.00177807 0.0232435
t -0.0279712 -0.880118 -0.47393
bt -0.852839 -0.0156709 0.521939
t 0.032843 -0.880516 0.472877
bt -0.856897 0.0413761 -0.513825
t -0.0233918 -0.546098 0.837394
bt -0.49371 -0.0102036 -0.869567
t -0.139924 -0.15597 -0.977801
bt -0.105526 -0.117598 0.987438
t 0.0325897 -0.500815 -0.864941
bt -0.460989 0.036864 0.88664
t -0.0117952 -0.840107 -0.542293
bt -0.92661 0.0064209 0.375969
t -0.00222386 -0.999524 0.0307561
bt -0.999819 -0.00190815 -0.0189446
t 0.0161967 -0.810249 0.585862
bt -0.903836 0.0395211 -0.42605
t -0.13268 -0.486887 0.863329
bt -0.792755 -0.222174 -0.567608
t -0.184472 -0.113695 -0.976239
bt -0.472367 -0.291147 0.831927
t -0.0274037 -0.438353 -0.898385
bt -0.69378 -0.092466 0.714227
t 0.000630588 -0.999528 -0.0307215
bt -0.999821 -0.00173546 0.0188598
t -0.0225366 -0.818197 -0.574496
bt -0.917262 -0.00773664 0.398209
t -0.0190829 -0.449541 0.893056
bt -0.624751 -0.00230432 -0.780821
t 0.0294287 -0.832203 0.55369
bt -0.91502 0.0507733 -0.4002
t -0.097544 -0.0601166 -0.993414
bt -0.235914 -0.14541 0.960833
t 0.0209992 -0.429593 -0.902778
bt -0.564135 0.0561041 0.823774
t -0.00624007 -0.999508 0.0307508
bt -0.999962 -0.00310097 -0.00810887
t -0.00579053 -0.802625 -0.596456
bt -0.978943 0.0112885 0.203823
t -0.0586643 -0.394928 0.916837
bt -0.939813 -0.119599 -0.320074
t -0.000288416 -0.777915 0.62837
bt -0.969719 0.0384756 -0.241174
t -0.0870174 -0.0233248 -0.995934
bt -0.830764 -0.222767 0.510105
t -0.012916 -0.385126 -0.922774
bt -0.899322 -0.062088 0.432858
t -0.0141528 -0.779264 -0.626536
bt -0.977599 -0.00168989 0.210469
t 0.0017445 -0.999524 -0.0308145
bt -0.999965 -0.000610263 0.00828466
t 0.0146809 -0.800506 0.599144
bt -0.972458 0.046089 -0.228478
t -0.00884878 -0.396836 0.917847
bt -0.834169 0.0132887 -0.551349
t -0.0476726 -0.0127748 -0.998781
bt -0.54033 -0.144893 0.828885
t 0.0253964 -0.388974 -0.920899
bt -0.694431 0.118812 0.709683
t 0.00261587 -0.999613 0.0276973
bt -1 0.000783558 -0.000221441
t 0.00141382 -0.789691 -0.613503
bt -0.999904 0.00725379 0.0118393
t 0.0259419 -0.370791 0.928354
bt -0.999083 0.00878703 -0.0419081
t -0.00555267 -0.768075 0.640336
bt -0.999529 0.0199712 -0.0232832
t -0.01421 -0.000102083 -0.999899
bt -0.995757 -0.00796462 0.0916733
t -0.000565094 -0.371104 -0.928591
bt -0.998755 0.0114495 0.04856
t -0.00443325 -0.768067 -0.640355
bt -0.999919 0.00570972 0.0113986
t 0.00205565 -0.999614 -0.0277023
bt -0.999998 0.00171702 0.000247984
t 0.00112531 -0.789694 0.613499
bt -0.999673 0.0168114 -0.0192621
t 0.000239295 -0.381898 0.924204
bt -0.998707 0.0123812 -0.0493124
t -0.00362259 -1.73997e-05 -0.999993
bt -0.825083 -0.00660093 0.564974
t 0.00125681 -0.381893 -0.924206
bt -0.959366 0.101169 0.263405
t 0.000501867 -0.999705 0.0242995
bt -0.999986 0.000882576 0.00528034
t 0.00493065 -0.795494 -0.605942
bt -0.986418 0.000743094 -0.164253
t -0.0419348 -0.77177 0.634517
bt -0.985363 0.00611991 0.170362
t 0.105536 -0.396372 0.912004
bt -0.96685 0.119443 0.225686
t 0.0845872 -0.0185419 -0.996244
bt -0.953353 0.20875 -0.218042
t 0.0234749 -0.383061 -0.923425
bt -0.943874 0.0751397 -0.321646
t 0.00563173 -0.776566 -0.63001
bt -0.985331 0.00588189 -0.17055
t -0.00208474 -0.999702 -0.0243101
bt -0.999986 0.000212731 -0.00529628
t -0.0125162 -0.794038 0.607739
bt -0.984817 -0.0113702 0.173224
t 0.021495 -0.392407 0.919541
bt -0.936051 0.0587173 0.346931
t 0.00274045 -0.381891 -0.924203
bt -0.869312 -0.194699 -0.454301
t -0.00362478 -1.7461e-05 -0.999993
bt -0.850113 -0.00680127 -0.526556
t 0.0387797 -0.00851155 -0.999212
bt -0.82707 0.181091 -0.53213
t -0.00725821 -0.38713 -0.921997
bt -0.858965 -0.0274539 -0.511299
t 0.010648 -0.815061 -0.579277
bt -0.952802 0.000695861 -0.303591
t 0.000422243 -0.999775 0.0211915
bt -0.999954 0.00185599 0.00946093
t -0.0383521 -0.772198 0.634224
bt -0.951084 -0.134174 0.278273
t -0.0192567 -0.793498 0.608268
bt -0.942955 -0.017362 0.332468
t 0.169831 -0.457996 0.872581
bt -0.871129 0.190865 0.452442
t 0.0866122 -0.0189874 -0.996061
bt -0.812046 0.177821 -0.555843
t 0.134582 -0.0600967 -0.989078
bt -0.699612 0.312373 -0.642624
t 0.0383907 -0.415209 -0.908916
bt -0.800902 0.0990209 -0.590551
t 0.0187521 -0.7997 -0.600107
bt -0.950294 0.0141885 -0.311029
t -0.000626519 -0.999775 -0.0212107
bt -0.999954 -0.000797779 -0.00952031
t -0.022772 -0.80984 0.586209
bt -0.946392 -0.0276827 0.321832
t 0.0111415 -0.414718 0.909882
bt -0.720929 0.00987307 0.692939
t 0.0405752 -0.00890566 -0.999137
bt -0.465379 0.101897 -0.879227
t 0.0713752 -0.0318747 -0.99694
bt -0.381644 0.170399 -0.908467
t -0.0176071 -0.404001 -0.914589
bt -0.656197 -0.0461593 -0.753176
t 0.00850523 -0.843955 -0.536346
bt -0.912115 0.00392583 -0.409915
t 0.00336762 -0.999824 0.0184504
bt -0.999913 0.0017454 0.0130659
t -0.0221004 -0.822519 0.568308
bt -0.894414 -0.0266437 0.446445
t 0.214711 -0.547599 0.808724
bt -0.747666 0.221642 0.625996
t 0.220854 -0.155996 -0.962751
bt -0.436641 0.30847 -0.845098
t 0.0584026 -0.471938 -0.879695
bt -0.643021 0.0813766 -0.761513
t 0.0168278 -0.831281 -0.555598
bt -0.906775 0.019545 -0.421161
t -0.000530705 -0.999828 -0.0185136
bt -0.999913 -0.00109927 -0.0131254
t -0.0318088 -0.835226 0.548986
bt -0.902517 -0.0332474 0.429368
t 0.012205 -0.456266 0.88976
bt -0.59463 0.0156373 0.803847
t 0.102085 -0.0720946 -0.99216
bt -0.213164 0.150603 -0.965339
t -0.0295113 -0.432568 -0.901118
bt -0.537907 -0.0435709 -0.841877
t 0.00541182 -0.879638 -0.475614
bt -0.872573 0.00889073 -0.488402
t 0.00232544 -0.999882 0.0151708
bt -0.999873 0.0024394 0.0157697
t -0.0328538 -0.857686 0.513123
bt -0.852145 -0.0233651 0.522784
t 0.214788 -0.64577 0.732698
bt -0.632492 0.230661 0.739425
t 0.250859 -0.260611 -0.932283
bt -0.273128 0.283778 -0.919169
t 0.0581185 -0.543413 -0.837451
bt -0.538098 0.0747339 -0.839562
t 0.0154514 -0.870632 -0.491693
bt -0.863321 0.0204671 -0.50424
t -0.000970236 -0.999884 -0.015213
bt -0.999875 0.000559763 -0.0157898
t -0.0395352 -0.868126 0.494767
bt -0.86214 -0.0334677 0.505563
t 0.0110263 -0.517884 0.85538
bt -0.509574 0.0201566 0.860191
t 0.122136 -0.126876 -0.984371
bt -0.12028 0.124979 -0.984842
t -0.0374397 -0.480119 -0.876404
bt -0.47072 -0.0330669 -0.881663
t -8.95658e-05 -0.918282 -0.395926
bt -0.838406 0.0117441 -0.54492
t 0.00161445 -0.999928 0.0118766
bt -0.999836 0.00122119 0.0180919
t -0.0370589 -0.899474 0.435401
bt -0.818699 -0.0144392 0.574041
t 0.195407 -0.754076 0.627045
bt -0.530567 0.209 0.821473
t 0.267575 -0.407156 -0.873286
bt -0.156431 0.238042 -0.958575
t 0.0537976 -0.640192 -0.766329
bt -0.46392 0.0620912 -0.883699
t 0.00860569 -0.912241 -0.409563
bt -0.826437 0.02249 -0.56258
t -0.000408764 -0.999929 -0.0119063
bt -0.999836 0.000342779 -0.0180936
t -0.0476653 -0.905515 0.421628
bt -0.831589 -0.0217085 0.554968
t 0.00567103 -0.604301 0.796736
bt -0.450697 0.0186395 0.892482
t 0.142217 -0.216402 -0.965891
bt -0.0661261 0.100627 -0.992724
t -0.0517963 -0.546225 -0.836035
bt -0.428951 -0.0223562 -0.903051
t -0.00432613 -0.954477 -0.298254
bt -0.811782 0.0112289 -0.583853
t 0.000857987 -0.999969 0.00788576
bt -0.999826 -0.00106572 0.0186097
t -0.0406929 -0.940596 0.337082
bt -0.793057 -0.0149772 0.608963
t 0.154745 -0.859094 0.487865
bt -0.448141 0.151227 0.881079
t 0.25063 -0.5866 -0.77012
bt -0.0758925 0.177646 -0.981164
t -0.0377817 -0.668195 -0.743027
bt -0.413521 0.0415168 -0.909548
t 0.00183348 -0.951327 -0.308177
bt -0.797821 0.0154051 -0.602698
t -0.00121784 -0.999968 -0.00792373
bt -0.999822 -0.00313024 -0.0186247
t -0.0447636 -0.944817 0.324524
bt -0.806884 -0.0211782 0.590331
t -0.00804445 -0.712978 0.70114
bt -0.412784 0.015615 0.910695
t 0.148597 -0.347784 -0.925724
bt -0.0307569 0.072004 -0.99693
t -0.0621735 -0.647143 -0.759829
bt -0.400539 -0.0184079 -0.916095
t -0.00460498 -0.981927 -0.189206
bt -0.79425 0.00738689 -0.607547
t 0.000105634 -0.999991 0.00429675
bt -0.999847 0.000241 0.0174926
t -0.0315692 -0.97537 0.218305
bt -0.778867 -0.0102834 0.627105
t 0.0385511 -0.896095 0.442186
bt -0.391343 0.0501513 0.918877
t 0.0588789 -0.776566 -0.627279
bt -0.392116 -0.0189256 -0.919721
t 0.194619 -0.789303 -0.582344
bt -0.0251129 0.101816 -0.994486
t -0.0470775 -0.802934 -0.594206
bt -0.384504 0.0157631 -0.922989
t -0.00264843 -0.980575 -0.196128
bt -0.780375 0.00504015 -0.625292
t 0.000652746 -0.999991 -0.00429099
bt -0.999847 -0.000514639 -0.0175072
t -0.0366335 -0.976451 0.212606
bt -0.792259 -0.0137913 0.61003
t -0.0213149 -0.840129 0.541968
bt -0.39049 0.0102946 0.92055
t 0.137014 -0.555692 -0.820021
bt -0.01078 0.0436879 -0.998987
t -0.070795 -0.778558 -0.623567
bt -0.386362 -0.00942847 -0.922299
t 0.000985101 -0.999998 0.00148553
bt -0.999881 -0.00103006 0.0154051
t -0.00473595 -0.996562 -0.0827135
bt -0.785314 0.00463965 -0.61908
t 0.114709 -0.950181 0.289823
bt -0.39089 0.0477895 0.919196
t -0.0220922 -0.994731 0.100114
bt -0.773147 -0.000672364 0.634226
t 0.0391682 -0.988027 0.149229
bt -0.375811 0.0271258 0.926299
t 0.0595215 -0.913743 -0.401909
bt -0.377573 -0.0170812 -0.925822
t 0.0950654 -0.946845 -0.307321
bt -0.00472199 0.04704 -0.998882
t 0.00402475 -0.972559 -0.232621
bt -0.374487 0.0104093 -0.927174
t -0.00376557 -0.996355 -0.0852262
bt -0.77331 0.0058093 -0.634001
t -0.00028367 -0.999999 -0.00150405
bt -0.999874 0.00393579 -0.0153913
t -0.0196074 -0.995346 0.0943499
bt -0.784953 -0.0046059 0.619538
t -0.019883 -0.958884 0.2831
bt -0.379876 0.00303843 0.925033
t 0.0847336 -0.843939 -0.529705
bt -0.00159039 0.0158493 -0.999873
t -0.0559521 -0.929728 -0.363971
bt -0.379193 -0.00389975 -0.925309
t -0.00062438 -0.999876 0.0157312
bt -0.78257 0.000560656 -0.622563
t 0.00125234 -0.999999 -0.000316386
bt -0.999911 -0.00310244 0.0129963
t -0.00389281 -0.9999 -0.0136296
bt -0.772421 8.46598e-05 0.63511
t -0.0152482 -0.999802 -0.0127508
bt -0.372726 -0.0289015 0.927491
t -0.0203998 -0.999773 0.00617436
bt -0.000156031 -0.00779 -0.99997
t -0.0126307 -0.999735 0.0192706
bt -0.37248 -0.00661418 -0.928017
t -0.00160556 -0.999878 0.0155103
bt -0.772362 0.00192234 -0.63518
t 0.00148303 -0.999999 0.00031937
bt -0.999911 0.00233754 -0.0131027
t -0.00777599 -0.999919 -0.0100424
bt -0.782492 0.00742494 0.622616
t -0.00603084 -0.99936 -0.035261
bt -0.377363 0.000189396 0.926065
t -0.0203996 -0.999764 -0.00752261
bt -7.81074e-05 -0.0039708 -0.999992
t -0.0133031 -0.999759 0.0174349
bt -0.377259 0.00577966 -0.92609
t -0.00134977 -0.995419 0.0955943
bt -0.783918 -0.00183768 -0.620862
t -0.00019923 -0.999999 -0.00129739
bt -0.99994 0.000759374 0.0108941
t 0.00418193 -0.994712 -0.102621
bt -0.773949 0.0238218 0.6328
t -0.0600841 -0.986821 -0.150249
bt -0.382128 -0.0801428 0.920628
t -0.116772 -0.953165 0.278998
bt -0.00618452 -0.0505439 -0.998703
t -0.0240199 -0.971673 0.235108
bt -0.377155 -0.0222199 -0.925884
t -0.00133486 -0.995156 0.0982995
bt -0.775652 -0.00744568 -0.631117
t 0.00259207 -0.999996 0.00132876
bt -0.999939 0.00149622 -0.0109077
t 0.00875566 -0.994589 -0.103518
bt -0.783691 0.00301205 0.621143
t 0.0117738 -0.949823 -0.312568
bt -0.379759 -0.00516774 0.925071
t -0.104863 -0.855944 0.506324
bt -0.00242069 -0.0198207 -0.999801
t 0.0356753 -0.930301 0.365057
bt -0.379077 0.00134481 -0.925364
t -0.00262551 -0.983801 0.179246
bt -0.792778 -0.00896269 -0.609445
t -0.000728396 -0.999993 -0.00358996
bt -0.999883 -1.35152e-06 0.0153043
t 0.0692331 -0.985532 -0.154707
bt -0.773984 0.0233006 0.632776
t 0.0151106 -0.979693 -0.199931
bt -0.779238 0.00866923 0.626668
t -0.108558 -0.951331 -0.288417
bt -0.403969 -0.12882 0.905657
t -0.201122 -0.841335 0.501702
bt -0.023118 -0.0967129 -0.995044
t -0.0388172 -0.902349 0.429255
bt -0.38768 -0.0339296 -0.92117
t -0.00326072 -0.999988 0.00364999
bt -0.99987 0.0051163 -0.0153156
t -0.00300863 -0.982555 0.185947
bt -0.781143 -0.0119778 -0.624238
t 0.0104757 -0.857952 -0.513623
bt -0.389146 -0.0102288 0.921119
t 0.0184495 -0.980648 -0.194911
bt -0.790957 0.0112499 0.611769
t -0.152737 -0.63893 0.753949
bt -0.0103283 -0.0432109 -0.999013
t 0.0456065 -0.817425 0.574227
bt -0.385733 0.00660463 -0.922587
t -0.000825749 -0.958872 0.283838
bt -0.809597 -0.0109847 -0.586884
t 0.000162544 -0.999971 -0.00760445
bt -0.999827 -3.2001e-05 0.0186006
t 0.0213421 -0.949592 -0.312762
bt -0.791429 0.012955 0.611124
t -0.163019 -0.878162 -0.449729
bt -0.447722 -0.167967 0.878255
t -0.266722 -0.655488 0.706538
bt -0.0607302 -0.149193 -0.986941
t -0.0523307 -0.78456 0.617841
bt -0.400275 -0.010882 -0.916331
t 0.000860748 -0.999971 0.00761727
bt -0.999809 0.00554079 -0.0187419
t -0.0889081 -0.968163 0.234
bt -0.80192 -0.0700151 -0.593314
t 0.0256547 -0.953138 -0.301445
bt -0.804285 0.0250546 0.593715
t -0.00390835 -0.740558 -0.671981
bt -0.409255 -0.0134376 0.912321
t -0.166863 -0.410099 0.896647
bt -0.0270983 -0.0665447 -0.997415
t 0.0481292 -0.678772 0.73277
bt -0.399363 0.0155737 -0.91666
t -0.000418829 -0.924584 0.380977
bt -0.831807 -0.0115198 -0.554945
t 0.000894441 -0.999953 -0.00961267
bt -0.99987 -0.00378346 0.0156593
t 0.0244581 -0.91131 -0.410993
bt -0.812001 0.0248054 0.583129
t -0.19797 -0.778945 -0.595024
bt -0.512406 -0.195292 0.836242
t 0.0429992 -0.675649 0.735969
bt -0.409963 -0.0401046 -0.91122
t -0.28631 -0.467091 0.836572
bt -0.117172 -0.191173 -0.974538
t -0.0631542 -0.669883 0.739776
bt -0.44741 -0.0456349 -0.893164
t -0.0554542 -0.964418 0.258502
bt -0.802242 -0.073568 -0.592449
t -0.101877 -0.937337 0.333197
bt -0.831563 -0.0872663 -0.548533
t 0.00188334 -0.999952 0.00963266
bt -0.999874 0.00198455 -0.0157235
t 0.0363871 -0.915007 -0.401793
bt -0.823457 0.0302967 0.566569
t -0.0172623 -0.633854 -0.77326
bt -0.441026 -0.0167558 0.897338
t -0.157422 -0.256814 0.953554
bt -0.0570778 -0.0931327 -0.994016
t 0.0463299 -0.568036 0.821698
bt -0.420954 0.0233993 -0.90678
t -0.00871688 -0.893152 0.449671
bt -0.857234 -0.00758309 -0.514871
t -0.00161692 -0.999939 -0.0108845
bt -0.999901 -0.00552036 0.0129468
t 0.028999 -0.874867 -0.483495
bt -0.839948 0.0218764 0.542226
t -0.212708 -0.685735 -0.696077
bt -0.585675 -0.208519 0.783265
t -0.276076 -0.32796 0.903451
bt -0.191748 -0.227834 -0.954633
t -0.061903 -0.579117 0.812891
bt -0.49778 -0.0529647 -0.865685
t -0.0828881 -0.934759 0.345478
bt -0.832829 -0.0979881 -0.544788
t -0.0171027 -0.887258 0.460957
bt -0.849275 -0.0165319 -0.527691
t 0.000348144 -0.999941 0.0109019
bt -0.999915 -0.000748669 -0.0129876
t 0.0317438 -0.882712 -0.46884
bt -0.847204 0.0343356 0.530157
t -0.0208961 -0.553389 -0.83266
bt -0.481406 -0.0156345 0.876358
t -0.138803 -0.164871 0.976499
bt -0.0968247 -0.115063 -0.988628
t 0.0366508 -0.504177 0.862823
bt -0.448562 0.0340258 -0.893104
t -0.00835544 -0.863359 0.504522
bt -0.884143 -0.00106785 -0.467215
t 0.00054736 -0.999929 -0.0119101
bt -0.99994 0.00207215 0.0107289
t 0.0237611 -0.846121 -0.532461
bt -0.866439 0.0336728 0.498146
t -0.214613 -0.60538 -0.766457
bt -0.66498 -0.21115 0.716392
t -0.255537 -0.229359 0.939199
bt -0.27999 -0.251334 -0.926519
t -0.0610816 -0.515103 0.854949
bt -0.559094 -0.0565529 -0.827173
t -0.018752 -0.856678 0.51551
bt -0.88006 -0.0169772 -0.474558
t 0.0023344 -0.999926 0.0119229
bt -0.999938 0.00295842 -0.0107331
t 0.0343507 -0.8529 -0.520943
bt -0.872293 0.0432639 0.487066
t -0.0225527 -0.496503 -0.867742
bt -0.531993 -0.0128683 0.846651
t -0.124521 -0.111757 0.985903
bt -0.144431 -0.129656 -0.980984
t 0.0290048 -0.460803 0.887029
bt -0.4871 0.0415351 -0.872358
t -0.0125517 -0.838981 0.544016
bt -0.913374 -0.00067501 -0.407121
t -0.00330346 -0.999912 -0.0128745
bt -0.999961 0.000684312 0.00881194
t 0.0203952 -0.821733 -0.569508
bt -0.89594 0.0390138 0.442457
t -0.204765 -0.536438 -0.818722
bt -0.74618 -0.20034 0.634885
t -0.227978 -0.155277 0.961205
bt -0.389232 -0.265084 -0.882173
t -0.0573131 -0.466912 0.882445
bt -0.632176 -0.0558227 -0.772811
t -0.0211397 -0.830696 0.556325
bt -0.909787 -0.0107862 -0.414934
t 0.0016308 -0.999915 0.0129124
bt -0.999957 0.00275241 -0.00883426
t 0.0263929 -0.830762 -0.556002
bt -0.901507 0.0432558 0.430598
t -0.0197733 -0.453603 -0.890984
bt -0.593839 -0.00696251 0.804554
t -0.102069 -0.0695245 0.992345
bt -0.207969 -0.141632 -0.967827
t 0.02319 -0.430036 0.902514
bt -0.541204 0.0462005 -0.839621
t -0.0117292 -0.817992 0.57511
bt -0.942654 -0.00240885 -0.333762
t -0.00289747 -0.999898 -0.0139835
bt -0.999975 -0.00142603 0.00698271
t 0.00871988 -0.803468 -0.595284
bt -0.927512 0.0384575 0.37181
t -0.187922 -0.479019 -0.857453
bt -0.824736 -0.172967 0.538417
t -0.195008 -0.0980066 0.975893
bt -0.525604 -0.264117 -0.808692
t -0.0515639 -0.430153 0.901282
bt -0.720919 -0.0523414 -0.69104
t -0.0165709 -0.807852 0.589153
bt -0.939388 -0.00690054 -0.342787
t 0.00231427 -0.999899 0.0140138
bt -0.999975 -0.000709647 -0.00698908
t 0.0216077 -0.81225 -0.582909
bt -0.931295 0.042809 0.361742
t -0.014282 -0.421513 -0.90671
bt -0.666495 0.00572082 0.745488
t -0.0803491 -0.0403884 0.995948
bt -0.290398 -0.14592 -0.945715
t 0.0204124 -0.407032 0.913186
bt -0.607272 0.0569388 -0.792451
t -0.00227437 -0.999993 -0.0030979
bt -0.999998 0.0014519 0.00130485
t -0.0121493 -0.802689 0.596274
bt -0.957075 -0.000112966 -0.289841
t -0.167113 -0.449272 -0.877627
bt -0.874462 -0.154517 0.459827
t 0.0143774 -0.7963 -0.604731
bt -0.948076 0.0349184 0.31612
t -0.166619 -0.0675219 0.983707
bt -0.630924 -0.255775 -0.732472
t -0.0455803 -0.413755 0.909247
bt -0.781846 -0.0466009 -0.621727
t -0.0142353 -0.800458 0.59922
bt -0.955735 0.00276795 -0.294216
t 0.00168457 -0.999994 0.00310138
bt -0.999999 -0.000612321 -0.00129777
t 0.0154025 -0.798649 -0.6016
bt -0.948769 0.0355289 0.313965
t -0.0140117 -0.40478 -0.914307
bt -0.726281 0.00567313 0.687374
t -0.0649744 -0.0263254 0.99754
bt -0.3706 -0.150197 -0.916568
t 0.0136574 -0.395357 0.918426
bt -0.655302 0.062967 -0.752738
t -0.00155402 -0.999947 0.0101983
bt -0.99999 -8.77427e-05 -0.00450133
t -0.0131431 -0.802004 0.597175
bt -0.94923 -0.00200765 -0.314576
t -0.173785 -0.463808 -0.868724
bt -0.860171 -0.167532 0.481705
t 0.0131553 -0.805813 -0.592024
bt -0.943435 0.0333996 0.32987
t -0.163131 -0.072414 0.983943
bt -0.637148 -0.282893 -0.716947
t -0.043758 -0.422383 0.905361
bt -0.761797 -0.0508076 -0.645821
t -0.0126137 -0.809794 0.586579
bt -0.951695 -0.00156078 -0.307042
t 0.00195785 -0.999946 -0.0102028
bt -0.999989 0.00117298 0.0045098
t 0.0182144 -0.79692 -0.60381
bt -0.941496 0.0296102 0.33572
t -0.0166326 -0.408223 -0.912731
bt -0.710519 -0.0064517 0.703649
t -0.0754888 -0.0335022 0.996584
bt -0.359324 -0.159547 -0.919473
t 0.0189761 -0.394952 0.918506
bt -0.64345 0.0497752 -0.763868
t -0.00100314 -0.999924 0.0122931
bt -0.999974 0.00126273 -0.00711601
t -0.0155491 -0.817317 0.575979
bt -0.926721 -0.00940255 -0.375633
t 0.0273992 -0.818614 -0.57369
bt -0.920874 0.0319485 0.388549
t -0.149741 -0.491041 -0.85817
bt -0.784085 -0.173157 0.59601
t -0.188183 -0.108962 0.976071
bt -0.510375 -0.29553 -0.807577
t -0.0385234 -0.444124 0.895137
bt -0.675563 -0.0443806 -0.735965
t -0.0134671 -0.826468 0.562823
bt -0.9297 -0.0026047 -0.368308
t -0.00305817 -0.999921 -0.0121785
bt -0.999975 -0.000440493 0.00709512
t 0.0231952 -0.809631 -0.586481
bt -0.916327 0.0298571 0.399317
t -0.0174873 -0.428613 -0.903319
bt -0.639459 -0.0141675 0.768695
t -0.0888092 -0.0514202 0.994721
bt -0.265212 -0.153572 -0.951882
t 0.0183773 -0.411463 0.911241
bt -0.579027 0.0419182 -0.81423
t -0.000545657 -0.999899 0.0141994
bt -0.999939 0.000771142 -0.0110149
t -0.0196251 -0.841824 0.539394
bt -0.895928 -0.0161974 -0.443904
t 0.0296706 -0.841689 -0.539147
bt -0.890814 0.0341598 0.453081
t -0.124748 -0.531276 -0.837964
bt -0.68056 -0.158367 0.715372
t -0.167088 -0.12989 0.977349
bt -0.338061 -0.26284 -0.903675
t -0.0100339 -0.466263 0.884589
bt -0.578144 -0.0268412 -0.815493
t -0.014982 -0.851729 0.523768
bt -0.900923 -0.00437795 -0.433957
t -0.00677059 -0.999877 -0.0141201
bt -0.999939 -0.00122038 0.0109799
t 0.0207051 -0.832441 -0.553726
bt -0.884781 0.0252882 0.46532
t -0.0159176 -0.46217 -0.886649
bt -0.567072 -0.0231968 0.823341
t -0.105945 -0.0823538 0.990956
bt -0.185417 -0.144167 -0.972027
t 0.0229313 -0.437959 0.898702
bt -0.511635 0.0375622 -0.858381
t 0.00343202 -0.999882 0.0149535
bt -0.999866 0.000995544 -0.0163128
t -0.0173364 -0.877045 0.480096
bt -0.856772 -0.0169636 -0.515416
t 0.0472094 -0.871398 -0.4883
bt -0.856934 0.033987 0.514304
t -0.143371 -0.624533 -0.767726
bt -0.566874 -0.124749 0.814304
t -0.207295 -0.226955 0.951588
bt -0.193945 -0.212364 -0.957751
t -0.0093267 -0.527545 0.849476
bt -0.495692 -0.0138821 -0.868388
t 0.00032484 -0.883869 0.467735
bt -0.867896 -0.0114454 -0.496613
t -0.00326253 -0.999884 -0.0148548
bt -0.999867 -0.000414773 0.0163012
t 0.0302575 -0.864275 -0.502108
bt -0.848298 0.0170341 0.529245
t -0.0148742 -0.522064 -0.852777
bt -0.494366 -0.0259423 0.868867
t -0.124909 -0.13675 0.982699
bt -0.114611 -0.125501 -0.985451
t 0.0354591 -0.480858 0.876081
bt -0.456769 0.0272726 -0.889167
t 0.00277847 -0.99991 0.0131622
bt -0.999753 0.00193662 -0.0221242
t -0.00941955 -0.922423 0.386067
bt -0.817188 -0.0194809 -0.576042
t 0.0494407 -0.915841 -0.398486
bt -0.825947 0.0247649 0.563203
t -0.135015 -0.749108 -0.648543
bt -0.465178 -0.0701651 0.882432
t -0.226123 -0.379667 0.897062
bt -0.0897656 -0.150748 -0.984488
t 0.100471 -0.516413 0.850425
bt -0.409731 0.0459365 -0.911049
t 0.00180906 -0.928398 0.371583
bt -0.833127 -0.0130342 -0.552928
t -0.00153542 -0.999913 -0.0130726
bt -0.999756 -0.000651301 0.022098
t 0.0382329 -0.909231 -0.414532
bt -0.810274 0.0151518 0.585856
t -0.00844974 -0.624423 -0.78104
bt -0.432276 -0.0215498 0.901484
t -0.145448 -0.244203 0.958754
bt -0.0553431 -0.0929491 -0.994132
t 0.0467754 -0.565044 0.823734
bt -0.414041 0.015817 -0.910121
t 0.00116088 -0.968555 0.248796
bt -0.785517 -0.017354 -0.618597
t 0.00127923 -0.999964 0.00843767
bt -0.999664 0.0010398 -0.0259129
t 0.0464492 -0.963306 -0.264355
bt -0.80209 0.0147325 0.597021
t -0.0928907 -0.889536 -0.447322
bt -0.401684 -0.0134016 0.91568
t 0.00952337 -0.617608 0.786429
bt -0.38383 0.0953969 -0.918463
t -0.203153 -0.629783 0.749735
bt -0.0234588 -0.0727115 -0.997077
t 0.00421628 -0.797801 0.602906
bt -0.395174 0.010608 -0.918545
t 0.00563875 -0.971695 0.236172
bt -0.804772 -0.00782266 -0.593532
t -0.00106288 -0.999964 -0.00837305
bt -0.999665 -0.000112613 0.0258947
t 0.0366246 -0.960767 -0.274929
bt -0.782689 0.00621608 0.622382
t 0.0117815 -0.779191 -0.626676
bt -0.391518 -0.0159827 0.920032
t -0.145844 -0.451948 0.880041
bt -0.0180926 -0.0560945 -0.998262
t 0.113651 -0.638493 0.76119
bt -0.380146 0.025153 -0.924584
t 0.00267034 -0.999995 0.00179244
bt -0.999421 -0.00137994 -0.034
t 0.00474164 -0.998897 0.0467056
bt -0.767069 -0.00319708 -0.641557
t 0.0251852 -0.997973 -0.0584503
bt -0.793401 0.00396748 0.608686
t -0.0103142 -0.995209 -0.097228
bt -0.382411 0.0444959 0.92292
t -0.0423022 -0.828378 0.55857
bt 0.000407297 0.00796624 -0.999968
t 0.0309822 -0.980415 0.194493
bt -0.384045 0.0147416 -0.923197
t 0.0168543 -0.9985 0.0520841
bt -0.793709 -0.010776 -0.608202
t -0.00265611 -0.999995 -0.00160995
bt -0.999421 -0.00107939 0.0339941
t 0.0264204 -0.99755 -0.0647826
bt -0.766952 0.0024676 0.641699
t 0.0122087 -0.987572 -0.156695
bt -0.371671 -0.00567218 0.928347
t -0.0348037 -0.681537 0.730955
bt -0.000607595 -0.0119079 -0.999929
t 0.174817 -0.821972 0.542034
bt -0.371228 0.00434979 -0.928532
t -0.000623598 -0.999952 -0.00982959
bt -0.999311 -0.00255842 -0.0370231
t 0.00924664 -0.979263 -0.202383
bt -0.777595 0.0146834 -0.628594
t -0.0146088 -0.979465 0.201084
bt -0.803611 -0.0166229 0.594923
t 0.151419 -0.96 0.235527
bt -0.405569 0.03909 0.913228
t -0.0485444 -0.95061 -0.306569
bt 0.000502819 0.00983641 -0.999951
t 0.224618 -0.851383 -0.474019
bt -0.0246629 0.0934593 -0.995318
t 0.0495725 -0.899624 -0.433843
bt -0.400178 0.0138232 -0.916333
t -0.0451488 -0.99897 0.00454119
bt -0.793702 -0.0101522 -0.608222
t 0.00202538 -0.981938 -0.189194
bt -0.80547 0.00224611 -0.592632
t 0.00188295 -0.999951 0.00973779
bt -0.999312 0.00271881 0.0369818
t 0.00394695 -0.978436 0.206513
bt -0.775356 -0.00724864 0.631482
t 0.0953732 -0.927509 0.361429
bt -0.386726 0.0219611 0.921933
t -0.167749 -0.939284 -0.299342
bt -0.371228 0.00433471 -0.928532
t -0.0454049 -0.889132 -0.455393
bt -0.000600416 -0.0117672 -0.999931
t 0.19263 -0.730145 -0.655577
bt -0.01133 0.0429237 -0.999014
t 0.00216188 -0.845191 -0.53446
bt -0.380691 -0.00521824 -0.924688
t 0.0157146 -0.917394 -0.397669
bt -0.820154 0.0209563 -0.571758
t -0.0036577 -0.99984 -0.0175062
bt -0.999615 0.00196204 -0.0276661
t 0.000493393 -0.854269 0.519831
bt -0.409942 0.0607957 0.910083
t -0.0691555 -0.906489 0.416528
bt -0.812629 -0.106163 0.57303
t 0.151343 -0.746441 0.648013
bt -0.501633 0.130126 0.855238
t 0.255445 -0.40626 -0.877326
bt -0.103535 0.164618 -0.980909
t 0.0236173 -0.638177 -0.769528
bt -0.449935 0.0185574 -0.892869
t 0.00486855 -0.999839 0.0172745
bt -0.999611 0.00381077 0.027644
t 0.110548 -0.942865 -0.314301
bt -0.849201 0.0743653 -0.522808
t 0.0290126 -0.629056 0.776818
bt -0.434169 0.0144333 0.900716
t -0.0168216 -0.90882 0.416848
bt -0.812246 -0.017153 0.583062
t 0.163814 -0.260455 -0.951487
bt -0.0581823 0.0925121 -0.99401
t -0.027524 -0.571503 -0.820139
bt -0.414344 -0.023728 -0.909811
t 0.0241234 -0.857919 -0.513218
bt -0.874644 0.016725 -0.484477
t -0.00124767 -0.999763 -0.0217265
bt -0.999798 0.00226531 -0.0199521
t -0.169183 -0.868395 0.466119
bt -0.819693 -0.0805228 0.567114
t -0.0942342 -0.842987 0.529615
bt -0.832245 -0.163414 0.529777
t 0.1496 -0.586087 0.796318
bt -0.625892 0.145269 0.766261
t 0.215773 -0.198761 -0.956
bt -0.238321 0.219583 -0.946037
t 0.0212122 -0.505098 -0.862801
bt -0.531261 0.0127891 -0.847111
t 0.0584996 -0.936544 -0.345634
bt -0.850165 0.0828286 -0.519961
t 0.00940333 -0.871015 -0.491166
bt -0.88777 0.0100361 -0.460178
t 0.00140565 -0.999764 0.0216808
bt -0.999797 0.00291291 0.0199466
t -0.0208895 -0.846639 0.531758
bt -0.861766 -0.0307803 0.506372
t 0.147789 -0.57375 0.805586
bt -0.579502 0.0940188 0.80953
t 0.127452 -0.11741 -0.984871
bt -0.135214 0.124543 -0.982958
t -0.0251106 -0.459209 -0.887973
bt -0.478617 -0.0356283 -0.877301
t 0.0201453 -0.809072 -0.587364
bt -0.93199 0.0074525 -0.362407
t 0.000334974 -0.999657 -0.0261937
bt -0.999897 -0.00213862 -0.0141577
t -0.139876 -0.827024 0.544487
bt -0.855456 -0.103005 0.507529
t -0.0247121 -0.821639 0.569472
bt -0.925988 -0.0515393 0.37402
t 0.128621 -0.477441 0.869199
bt -0.782753 0.134393 0.607648
t 0.172751 -0.0926773 -0.980596
bt -0.434912 0.233292 -0.869728
t 0.019986 -0.433976 -0.900703
bt -0.66312 0.00401303 -0.748503
t 0.00397864 -0.826791 -0.562496
bt -0.937613 -0.00658374 -0.347617
t 0.00642071 -0.999638 0.0261186
bt -0.999895 0.00379802 0.0140099
t 0.092302 -0.539606 0.836843
bt -0.627338 0.164309 0.761216
t -0.00842478 -0.803838 0.594789
bt -0.920025 -0.0366613 0.390141
t 0.0249859 -0.423883 0.905372
bt -0.65472 0.0085682 0.755823
t 0.088957 -0.0477276 -0.994891
bt -0.271602 0.145687 -0.951319
t -0.0136223 -0.406812 -0.91341
bt -0.58849 -0.0501394 -0.806948
t 0.00284063 -0.999455 -0.0328831
bt -0.999973 -5.71665e-05 -0.00740739
t 0.0127522 -0.775449 -0.631281
bt -0.983475 0.000124457 -0.181045
t -0.00644996 -0.799678 0.600395
bt -0.979367 -0.0427351 0.197519
t 0.104391 -0.409947 0.906116
bt -0.93871 0.067519 0.338032
t 0.104422 -0.0235475 -0.994254
bt -0.779346 0.175678 -0.601462
t 0.0225637 -0.396466 -0.917772
bt -0.874604 -0.00959858 -0.484743
t 0.0059822 -0.800689 -0.599051
bt -0.984567 -0.0110567 -0.174657
t 0.00279743 -0.999456 0.0328741
bt -0.999972 -0.000508623 0.0074187
t -0.0095629 -0.773463 0.63377
bt -0.977291 -0.0353881 0.208924
t 0.0118074 -0.381155 0.924436
bt -0.87364 -0.00228486 0.486567
t 0.0403651 -0.00910744 -0.999144
bt -0.61965 0.139677 -0.77235
t -0.0186971 -0.375214 -0.92675
bt -0.739341 -0.105602 -0.664998
t 0.00157143 -0.999178 -0.0405034
bt -0.999992 -0.00109525 0.00385925
t -0.0044738 -0.763778 -0.645463
bt -0.996029 -0.0112794 0.0883096
t 0.00444745 -0.798218 0.602352
bt -0.997834 -0.0109316 -0.0648698
t 0.072628 -0.377266 0.923253
bt -0.9935 -0.0376042 -0.107443
t 0.0354616 0.00343302 -0.999365
bt -0.960004 -0.0931686 -0.26403
t 0.0297621 -0.386027 -0.922007
bt -0.994028 -0.106514 -0.0237277
t -0.00032925 -0.798399 -0.602129
bt -0.997585 -0.00506846 0.0692745
t -0.00510394 -0.998867 0.047314
bt -0.999857 0.000132931 -0.0169256
t 0.00369333 -0.772453 0.635062
bt -0.996706 -0.0212568 -0.0782575
t -0.0117862 -0.373455 0.927573
bt -0.993977 -0.106623 0.0253098
t -0.0177337 -0.00172951 -0.999841
bt -0.913789 -0.0886847 -0.39639
t 0.00734018 -0.377766 -0.925872
bt -0.952679 -0.196964 -0.231536
t -0.0234954 -0.870557 -0.491506
bt -0.793607 -0.0454069 0.606734
t 0.0286986 -0.992897 0.115466
bt -0.906255 0.00146938 0.422729
t 0.0627189 -0.387889 0.91957
bt -0.914682 0.290004 -0.281521
t -0.00393436 -0.73557 0.677438
bt -0.939617 0.341149 0.0271478
t 0.0576381 -0.383243 -0.921847
bt -0.787341 0.173135 0.591707
t 0.0422574 0.00409321 -0.999098
bt -0.825903 -0.0801611 0.558085
t 0.0597355 0.0060161 -0.998196
bt -0.724535 0.0800363 0.684575
t 0.0198407 -0.36021 -0.93266
bt -0.813345 0.318686 0.486734
t -0.0356862 -0.994063 -0.102783
bt -0.902931 0.00143347 -0.429784
t 0.0448563 -0.74359 -0.66713
bt -0.965221 0.141172 -0.220041
t -0.0490793 -0.476598 0.87775
bt -0.637919 -0.169104 -0.751307
t 0.0229223 -0.822639 0.568103
bt -0.776247 -0.032717 -0.629579
t 0.0216496 -0.424552 -0.905145
bt -0.514432 -0.0297226 0.857016
t 0.00614577 -0.377878 -0.925835
bt -0.730026 0.190027 0.656469
t -0.018896 -0.00184261 -0.99982
bt -0.548733 -0.0532554 0.834299
t -0.10228 -0.0787975 -0.99163
bt -0.279208 -0.215037 0.935843
t -0.0167124 -0.0701406 0.997397
bt -0.0282495 -0.0672174 0.997338
t 0.0577218 0.154817 -0.986256
bt 0.0117468 0.169704 -0.985425
t -0.0708536 -0.266654 0.961185
bt -0.312651 -0.119349 0.94234
t 0.0189289 0.0695798 0.997397
bt 0.0112414 0.0715231 0.997376
t 0.195044 0.144338 -0.970116
bt 0.172311 0.169884 -0.970283
t 0.0926755 -0.363425 0.927002
bt -0.091191 -0.080666 0.992561
t 0.10246 0.0624669 0.992774
bt 0.101057 0.0647386 0.992772
t 0.0636821 0.124693 -0.99015
bt 0.0593441 0.131578 -0.989528
t -0.0344354 0.0610538 -0.99754
bt -0.0382721 0.0678563 -0.996961
t -0.139636 -0.00167321 -0.990202
bt -0.143761 0.00514565 -0.989599
t 0.00952593 -0.359757 -0.932998
bt -0.299538 -0.0211345 -0.95385
t 0.137141 0.228754 0.963776
bt 0.136432 0.229169 0.963778
t -0.0153421 -0.297011 -0.954751
bt -0.402199 -0.0578931 -0.91372
t -0.0297992 -0.163921 -0.986023
bt -0.0633115 -0.152996 -0.986197
t 0.00366189 -0.0752772 -0.997156
bt -0.0296419 -0.0668639 -0.997322
t 0.00487767 -0.00115318 0.999987
bt -0.0202854 0.00479582 0.999783
t -0.0493105 -0.418985 0.906653
bt -0.332372 0.0417937 0.942222
t -0.324795 -0.113084 0.939
bt -0.333349 -0.0825657 0.939181
t -0.265514 -0.116034 0.957099
bt -0.269183 0.112761 0.956465
t 0.0564155 -0.0838023 0.994884
bt -0.0768263 0.0756554 0.99417
t 0.269141 1.60929e-05 -0.963101
bt 0.268996 0.00868821 -0.963102
t -0.133329 -0.0111342 0.991009
bt -0.130212 0.016079 0.991356
t -0.000216212 -0.00141925 -0.999999
bt 0.000126162 0.000828155 -1
t -0.253589 -0.0309056 -0.966818
bt -0.253549 0.034201 -0.966718
t -0.00232953 -0.0152915 0.99988
bt -0.000915652 -0.00601052 0.999982
t 0.132497 -0.0315847 0.99068
bt 0.133638 -0.0220517 0.990785
t 0.253664 -0.0169392 0.967144
bt 0.253697 -0.00670612 0.96726
t -0.330939 -0.104533 -0.937844
bt -0.340002 -0.0691648 -0.937878
t -0.0730574 -0.38598 -0.91961
bt -0.340385 0.0571597 -0.938547
t 0.0688815 -0.0661275 -0.995431
bt -0.117095 0.156184 -0.980763
t 0.0106595 -0.230481 -0.973019
bt -0.271814 0.13816 -0.952381
t 0.090169 -0.34892 0.932804
bt -0.462103 0.738614 -0.490827
t -0.0407831 -0.430658 0.901593
bt -0.330233 0.81988 -0.4677
t 0.203404 -0.25887 0.944253
bt -0.561062 0.679153 -0.473245
t -0.491516 -0.289713 -0.821266
bt -0.760568 -0.44831 0.469632
t -0.281469 -0.487432 -0.82655
bt -0.413848 -0.716707 0.561303
t -0.0452974 -0.0151564 -0.998859
bt -0.234839 -0.0877957 0.968061
t -0.0384364 -0.0101322 -0.99921
bt -0.234352 -0.0616965 0.970192
t -0.413105 -0.236431 -0.879457
bt -0.780704 -0.449015 0.434611
t -0.015023 0.0023804 -0.999884
bt -0.488556 -0.0333318 0.871896
t 0.00933666 -0.30958 0.950828
bt -0.998751 0.0107416 -0.0488024
t 0.0320141 -0.711787 0.701666
bt -0.933473 0.221749 -0.281879
t -0.265099 -0.109487 -0.957985
bt -0.866763 -0.363293 0.341674
t 0.0801225 -0.717528 0.691906
bt -0.864597 0.187952 -0.465989
t 0.00560093 0.00221721 -0.999982
bt -0.808896 0.0874536 -0.581411
t -0.0147761 0.00239402 -0.999888
bt -0.890054 -0.0539753 -0.452649
t 0.00979858 -0.282412 -0.959243
bt -0.892761 -0.208862 -0.399193
t 0.00976199 -0.309576 0.950824
bt -0.999785 0.00157434 -0.0206603
t 0.0264409 -0.712108 0.701571
bt -0.998725 -0.0249794 -0.0438645
t -0.0722055 -0.0131709 -0.997303
bt -0.963841 -0.188227 0.18863
t 0.0850816 -0.716372 0.692512
bt -0.918338 0.0831206 -0.386972
t -0.04259 -0.35402 -0.934268
bt -0.78247 -0.115182 -0.611943
t 0.0167776 -0.00112181 -0.999859
bt -0.689485 0.121901 -0.713968
t 0.159839 -0.0185518 -0.986969
bt -0.99256 0.115108 -0.0396814
t 0.0360509 -0.791065 -0.61067
bt -0.993022 0.0594396 -0.101853
t 0.0447799 -0.0119301 -0.998926
bt -0.541626 0.144275 -0.828146
t -0.0411237 -0.354243 -0.934249
bt -0.623187 -0.195859 -0.757151
t 0.3715 -0.170753 -0.912596
bt -0.868563 0.399193 -0.293671
t 0.038571 -0.791173 -0.610375
bt -0.990029 0.00917568 -0.140564
t 0.0771395 -0.0354334 -0.99639
bt -0.408716 0.187792 -0.893133
t 0.478885 -0.392788 -0.785103
bt -0.674247 0.553044 -0.489421
t 0.121325 -0.0995038 -0.987613
bt -0.17374 0.142518 -0.974424
t 0.484752 -0.619935 -0.617005
bt -0.461564 0.590313 -0.662185
t 0.301088 -0.75944 -0.576712
bt -0.659037 0.453114 -0.600298
t 0.0886294 -0.619677 0.779837
bt -0.53228 0.138456 0.83517
t 0.147432 -0.188527 -0.970938
bt -0.08217 0.105112 -0.99106
t 0.398599 -0.804095 -0.441079
bt -0.255658 0.516006 -0.817543
t 0.380656 -0.794262 -0.47355
bt -0.615613 0.319718 -0.720278
t 0.15809 -0.671961 0.723516
bt -0.500879 0.0810783 0.861712
t 0.145341 -0.293155 -0.944953
bt -0.0346151 0.0697942 -0.996961
t 0.0217453 -0.887183 0.460905
bt -0.401213 0.0510526 0.914561
t 0.230399 -0.938997 -0.255345
bt -0.0817169 0.333053 -0.939361
t 0.127791 -0.957112 -0.260011
bt -0.421293 0.259943 -0.868874
t 0.138222 -0.563319 -0.814596
bt -0.00850649 0.034681 -0.999362
t 0.13657 -0.962553 0.23418
bt -0.399954 0.0443712 0.915461
t 0.00359694 -0.999272 -0.0379693
bt -0.00017779 0.0500426 -0.998747
t 0.17896 -0.973095 -0.145119
bt -0.381271 0.0035624 -0.924457
t 0.00293263 -0.814603 -0.580012
bt 2.6194e-06 -7.81187e-05 -1
t -0.235879 -0.95284 0.190938
bt -0.0632632 -0.255556 -0.964722
t -0.168821 -0.681958 0.711641
bt -0.0125708 -0.0507822 -0.998631
t 0.00304646 -0.846211 0.53284
bt 2.61664e-06 -7.81141e-05 -1
t -0.421749 -0.805156 0.416955
bt -0.252424 -0.481873 -0.839095
t -0.165547 -0.316063 0.934183
bt -0.0355386 -0.0678212 -0.997064
t 0.225875 -0.513158 0.828039
bt -0.378327 0.0619172 -0.923599
t -0.511853 -0.570502 0.642288
bt -0.499195 -0.556372 -0.66427
t -0.148088 -0.16507 0.975101
bt -0.103471 -0.115309 -0.987926
t -0.42994 -0.26499 0.863094
bt -0.76149 -0.469347 -0.447042
t -0.0974932 -0.0600853 0.993421
bt -0.235494 -0.145152 -0.960975
t -0.215833 -0.0578658 0.974714
bt -0.947927 -0.25418 -0.191903
t -0.047957 -0.012851 0.998767
bt -0.559965 -0.150158 -0.814795
t -0.0416509 -0.403905 -0.913852
bt -0.954658 -0.144002 0.260561
t -0.0614599 -0.000479978 0.998109
bt -0.999538 -0.00799412 -0.0293151
t 0.000396967 1.47288e-05 1
bt -0.814203 -0.00651416 -0.580544
t 0.0619081 -0.780034 0.622668
bt -0.990276 0.0664155 0.122237
t 0.224054 -0.0490801 0.97334
bt -0.974384 0.213358 0.0710978
t 0.0459634 -0.0100845 0.998892
bt -0.826005 0.180858 0.53386
t 0.000396954 1.4737e-05 1
bt -0.841432 -0.0067316 0.540322
t 0.0632409 -0.780085 0.62247
bt -0.987807 0.0277989 0.15318
t 0.338722 -0.151244 0.928651
bt -0.880635 0.393202 0.264337
t 0.22955 -0.0502893 0.971997
bt -0.955577 0.20926 0.207565
t 0.062083 -0.0277258 0.997686
bt -0.391075 0.174609 0.903644
t 0.0479544 -0.0105217 0.998794
bt -0.460643 0.10086 0.881836
t -0.052432 -0.37817 0.92425
bt -0.569961 -0.210068 0.794366
t 0.512116 -0.361753 0.779019
bt -0.718341 0.50746 0.475889
t 0.10685 -0.0754609 0.991407
bt -0.200256 0.141484 0.969474
t 0.511588 -0.531497 0.675121
bt -0.544623 0.56584 0.61904
t 0.121039 -0.125736 0.984652
bt -0.118383 0.123008 0.985319
t 0.459466 -0.699153 0.547792
bt -0.365867 0.556732 0.745782
t 0.147115 -0.223855 0.963455
bt -0.0687264 0.104584 0.992139
t 0.358888 -0.839988 0.406964
bt -0.200937 0.470316 0.859318
t 0.0748197 -0.79207 -0.605827
bt -0.425382 0.0771266 -0.901721
t 0.153238 -0.358646 0.92081
bt -0.029604 0.0693054 0.997156
t 0.231309 -0.93809 0.257844
bt -0.068736 0.278732 0.957906
t 0.130677 -0.957862 0.255781
bt -0.415067 0.198448 0.887884
t 0.14776 -0.853945 -0.498945
bt -0.417708 0.0538137 -0.906986
t 0.0376458 -0.895286 -0.443898
bt -0.387807 0.0319447 -0.921187
t 0.136622 -0.554101 0.821162
bt -0.0128027 0.051891 0.998571
t 0.0991765 -0.987794 0.120113
bt -0.0135367 0.134834 0.990776
t 0.16647 -0.97016 0.176287
bt -0.39521 0.0711779 0.915829
t 0.114721 -0.950188 -0.289798
bt -0.390854 0.0476016 -0.919221
t 0.0842618 -0.83924 0.537192
bt -0.00173834 0.0173228 0.999848
t -0.0204 -0.999787 -0.00310427
bt -0.000340893 -0.0168499 0.999858
t -0.0203991 -0.999742 0.00999706
bt 5.34127e-06 0.000118455 1
t -0.0330896 -0.996822 -0.072464
bt -0.776519 -0.0308093 0.62934
t -0.120899 -0.986863 -0.107164
bt -0.0184467 -0.150637 0.988417
t -0.107089 -0.874113 -0.47377
bt -0.00209755 -0.017183 0.99985
t -0.0158103 -0.996129 -0.0864736
bt -0.776521 -0.0308927 0.629333
t -0.227146 -0.950202 -0.213356
bt -0.0657534 -0.275066 0.959174
t -0.15067 -0.63028 -0.761607
bt -0.0122494 -0.0512475 0.998611
t -0.353316 -0.868268 -0.34825
bt -0.161009 -0.395626 0.904188
t 0.0684392 -0.93619 0.344766
bt -0.781053 0.0686593 -0.620679
t -0.139102 -0.861115 0.489011
bt -0.420065 -0.0717642 -0.904652
t -0.15762 -0.387386 -0.908343
bt -0.0276746 -0.0679609 0.997304
t -0.455849 -0.74369 -0.489006
bt -0.283789 -0.463 0.8397
t 0.0793921 -0.893453 0.442085
bt -0.792087 0.100761 -0.602035
t 0.160257 -0.900564 0.404106
bt -0.78244 0.0619315 -0.619638
t -0.0740151 -0.805776 0.587578
bt -0.422233 -0.0787726 -0.903058
t -0.159057 -0.259481 -0.95256
bt -0.0618735 -0.100957 0.992965
t -0.513604 -0.61016 -0.603254
bt -0.423886 -0.503616 0.752789
t 0.137237 -0.87036 0.472905
bt -0.796862 0.0842463 -0.598258
t -0.143361 -0.170287 -0.97491
bt -0.0984561 -0.117001 0.988239
t -0.538412 -0.483272 -0.690334
bt -0.553697 -0.497011 0.668132
t -0.126538 -0.113568 -0.985439
bt -0.146922 -0.131892 0.980315
t -0.532746 -0.362842 -0.764544
bt -0.687746 -0.468395 0.554627
t -0.111383 -0.075868 -0.990877
bt -0.213545 -0.145429 0.966048
t -0.490443 -0.246467 -0.835895
bt -0.799167 -0.401592 0.447276
t -0.0791573 -0.0397895 -0.996068
bt -0.283604 -0.142505 0.948294
t -0.449591 -0.182233 -0.874448
bt -0.862014 -0.349445 0.367178
t -0.062787 -0.0254389 -0.997703
bt -0.351709 -0.142541 0.925193
t -0.414881 -0.184188 -0.891038
bt -0.859219 -0.381484 0.3409
t -0.0776667 -0.0344691 -0.996383
bt -0.367283 -0.16308 0.915701
t -0.46767 -0.270796 -0.8414
bt -0.774441 -0.448433 0.446261
t -0.0925298 -0.0535746 -0.994268
bt -0.265085 -0.153498 0.951929
t -0.334763 -0.260251 -0.905651
bt -0.601385 -0.46756 0.647861
t -0.107403 -0.0834872 -0.990704
bt -0.180231 -0.140135 0.973591
t -0.398496 -0.436303 -0.806747
bt -0.395864 -0.433443 0.809579
t -0.120585 -0.132015 -0.983886
bt -0.112343 -0.123018 0.986025
t -0.381133 -0.639952 -0.667233
bt -0.178628 -0.299958 0.937079
t -0.0763775 -0.700209 0.709841
bt -0.483478 -0.112394 -0.868111
t -0.146392 -0.245788 -0.958205
bt -0.0522105 -0.0876893 0.994779
t -0.271461 -0.841534 -0.467043
bt -0.0421856 -0.130765 0.990516
t -0.169869 -0.775369 0.608234
bt -0.470375 -0.0819093 -0.878657
t -0.148184 -0.4592 -0.875886
bt -0.0168103 -0.0521207 0.998499
t -0.152408 -0.925113 0.347761
bt -0.402815 -0.0596796 -0.913334
t -0.0504618 -0.988163 -0.144873
bt 0.00284744 0.0557501 0.998441
t 0.11757 -0.984676 0.128801
bt -0.793524 -0.000894091 -0.608539
t -0.0332908 -0.65191 -0.757566
bt -0.000878043 -0.0172037 0.999852
t 0.244318 -0.926044 0.287666
bt -0.0608127 0.230478 0.971175
t 0.161281 -0.963261 0.21475
bt -0.419503 0.112538 0.900751
t -0.0696165 -0.997471 -0.0142924
bt -0.793518 -0.000604135 -0.608547
t 0.19127 -0.724988 0.661671
bt -0.00890661 0.0337385 0.999391
t -0.0449584 -0.88039 0.472115
bt -0.000867611 -0.0169993 0.999855
t 0.0975699 -0.941615 0.322244
bt -0.849106 0.0735586 0.523076
t 0.416174 -0.661856 0.623494
bt -0.219891 0.349659 0.910707
t 0.0213945 -0.874752 0.484098
bt -0.435487 0.21784 0.873439
t -0.0695775 -0.906355 -0.416748
bt -0.808971 -0.118628 -0.575755
t 0.153024 -0.243299 0.957804
bt -0.0526733 0.0837529 0.995093
t -0.23606 -0.452231 0.860094
bt -0.368386 -0.0569241 0.927929
t 0.10226 -0.886522 0.451244
bt -0.901149 0.0830341 0.425482
t 0.0593014 -0.936668 0.345162
bt -0.851214 0.0928358 0.516543
t 0.437711 -0.40323 0.803626
bt -0.44831 0.413036 0.792729
t -0.167612 -0.869095 -0.465382
bt -0.815271 -0.0968493 -0.570924
t 0.129834 -0.119604 0.984296
bt -0.124854 0.115 0.985488
t -0.108744 -0.395261 0.912109
bt -0.36295 -0.163918 0.917278
t 0.0763167 -0.883108 0.46292
bt -0.903382 0.0998954 0.41704
t 0.391317 -0.209922 0.895993
bt -0.698252 0.374558 0.610042
t 0.096451 -0.0517477 0.993992
bt -0.266098 0.142735 0.95332
t -0.130375 -0.377803 0.916661
bt -0.402724 -0.121804 0.907181
t 0.296158 -0.0667691 0.952802
bt -0.915648 0.206407 0.344943
t 0.0477096 -0.0107631 0.998803
bt -0.638542 0.143936 0.756007
t 0.0419598 -0.386667 -0.921264
bt -0.97358 0.148376 -0.173572
t 0.226807 0.0220042 0.973691
bt -0.995148 -0.0965822 -0.0187841
t -0.0151037 -0.00147426 0.999885
bt -0.917456 -0.0890405 0.387746
t 0.173776 -0.0345928 0.984177
bt -0.905453 0.116955 -0.408016
t -0.100386 -0.077339 0.991938
bt -0.28314 -0.218065 -0.933959
t -0.0156856 -0.00153099 0.999876
bt -0.56554 -0.0548869 -0.822892
t 0.018595 -0.370882 0.928494
bt -0.602211 0.246363 -0.759373
t 0.0570013 -0.191233 0.979888
bt -0.781588 0.148848 0.605776
t 0.0116889 -0.572181 0.820044
bt -0.806978 -0.403098 0.431623
t -0.518391 -0.655456 0.549225
bt -0.396222 -0.0862847 0.914091
t 0.22076 -0.549148 0.806041
bt -0.371895 0.0705473 0.92559
t -0.49605 -0.778928 0.383673
bt -0.693847 0.0368967 0.719177
t 0.315178 -0.665974 -0.676123
bt -0.120212 -0.0335898 -0.99218
t 0.481718 -0.854277 -0.195345
bt 0.0472064 -0.0837385 -0.995369
t -0.400151 -0.692878 -0.599833
bt -0.089169 -0.154414 -0.983974
t -0.516299 -0.709972 -0.47893
bt -0.370272 -0.0183046 -0.928743
t -0.540934 -0.716871 -0.439872
bt -0.695163 0.024092 -0.718448
t 0.0156202 -0.231945 -0.972603
bt -0.913799 -0.287709 -0.286697
t 0.0279657 -0.0813728 -0.996291
bt -0.921375 0.208612 -0.327946
t 0.0177777 -0.179035 -0.983682
bt -0.815687 0.16928 -0.553172
t 0.0366266 -0.569732 -0.821014
bt -0.883895 -0.33745 -0.323817
t 0.0133114 -0.0777066 0.996887
bt -0.944999 0.221067 0.241051
t 0.0133742 -0.00315779 0.999906
bt -0.883651 0.208943 0.418932
t -0.0142336 -0.00375363 0.999892
bt -0.957946 -0.252192 0.13689
t 0.03147 -0.228276 0.973088
bt -0.948094 -0.267929 0.171267
t -0.350644 -0.607158 0.713027
bt -0.194406 -0.336631 0.92135
t 0.490505 -0.869857 0.0524719
bt 0.323997 -0.574589 0.75158
t -0.0134602 -0.00355002 -0.999903
bt -0.959832 -0.252688 -0.121947
t 0.00425477 -0.00100148 -0.999991
bt -0.820095 0.193915 -0.538369
t 0.0728465 -0.976698 -0.201878
bt -0.269195 0.00510216 0.963072
t 0.153917 -0.945428 0.287185
bt -0.368462 0.0593229 0.927748
t 0.0976062 -0.357869 0.928656
bt -0.393988 0.316093 0.863052
t 0.0526983 -0.386476 0.920793
bt -0.603964 -0.199907 0.771534
t -0.0552408 -0.725113 0.686411
bt -0.743661 -0.33576 0.578129
t 0.0580844 0.00622102 -0.998292
bt -0.353152 0.056002 -0.933888
t 0.0109472 -0.358996 -0.933275
bt -0.476202 -0.245642 -0.844329
t 0.0665783 -0.900586 -0.429548
bt -0.365324 0.0414153 -0.929959
t 0.121853 -0.87674 0.465273
bt -0.253689 0.0016882 -0.967284
t 0.0364012 -0.611813 0.790164
bt -0.13907 -0.0250772 -0.989965
t -0.0379926 -0.249396 -0.967656
bt -0.00352052 -0.0231198 0.999727
t 0.0676979 -0.44244 -0.894239
bt -0.133311 -0.0108872 0.991014
t 0.190916 -0.036663 0.980921
bt -0.844162 0.0968899 0.52726
t 0.192485 -0.245897 0.949992
bt -0.540574 0.6379 0.54851
t -0.0877108 -0.717411 -0.691107
bt -0.72743 -0.353261 -0.588263
t -0.0366841 -0.240807 0.96988
bt -0.00270223 -0.0177482 -0.999839
t 0.100476 -0.371965 0.922793
bt -0.312908 0.19501 -0.929548

