g sponza_254
t -0.340359 -0.940296 0
bt 0.94224 -0.33494 0
t -0.319268 -0.947664 0
bt 0.93961 -0.342246 0
t -0.339159 -0.940729 0
bt 0.942049 -0.335474 0
t -0.3395 -0.940606 0
bt 0.942095 -0.335345 0
t -0.337868 -0.941193 0
bt 0.941579 -0.336793 0
t -0.337986 -0.941151 0
bt 0.941901 -0.33589 0
t -0.339605 -0.940568 0
bt 0.941422 -0.337231 0
t -0.337988 -0.941151 0
bt 0.941748 -0.33632 0
t -0.331909 -0.943312 0
bt 0.942284 -0.334814 0
t -0.331909 -0.943312 0
bt 0.942284 -0.334814 0
t -0.3348 -0.942289 0
bt 0.941665 -0.336553 0
t -0.333628 -0.942705 0
bt 0.941788 -0.336206 0
t -0.335698 -0.94197 0
bt 0.941009 -0.338381 0
t -0.338314 -0.941033 0
bt 0.941293 -0.337591 0
t 0.00743874 0.0145506 -0.999866
bt -0.455121 -0.890243 -0.0182364
t 0.00838107 0.0163939 -0.99983
bt -0.455156 -0.89031 -0.0134332
t 0.000710795 0.0149802 -0.999887
bt -0.0473876 -0.998703 -0.0186152
t 0.000710795 0.0149802 -0.999887
bt -0.0473876 -0.998703 -0.0186152
t 0.0129012 0.0150092 -0.999804
bt -0.651806 -0.758307 -0.0109883
t 0.0129012 0.0150092 -0.999804
bt -0.651806 -0.758307 -0.0109883
t -0.0125775 -0.0108873 -0.999862
bt 0.756001 0.654407 -0.0146398
t -0.0106728 -0.0167716 -0.999802
bt 0.536821 0.843576 -0.0142443
t -0.00956748 -0.0150346 -0.999841
bt 0.536821 0.843576 -0.0142436
t -0.0125778 -0.0108875 -0.999862
bt 0.756001 0.654407 -0.0146399
t -0.00617229 0.0156441 -0.999859
bt 0.366982 -0.930147 -0.0122752
t -0.00617182 0.0156429 -0.999859
bt 0.366982 -0.930147 -0.0122753
t -0.0132393 0.0105095 -0.999857
bt 0.783169 -0.621686 -0.0123401
t -0.0132393 0.0105095 -0.999857
bt 0.783169 -0.621686 -0.0123401
t -0.0078722 0.0149795 -0.999857
bt 0.465155 -0.885114 -0.0143267
t -0.00887175 0.0168815 -0.999818
bt 0.465155 -0.885114 -0.0143267
t -0.0078722 0.0149795 -0.999857
bt 0.465155 -0.885114 -0.0143267
t -0.0078722 0.0149795 -0.999857
bt 0.465155 -0.885114 -0.0143267
t -0.016877 -0.0094124 -0.999813
bt 0.873298 0.487043 -0.0117832
t -0.0149348 -0.00832921 -0.999854
bt 0.873298 0.487043 -0.0117828
t -0.016877 -0.0094124 -0.999813
bt 0.873298 0.487043 -0.0117832
t -0.016877 -0.0094124 -0.999813
bt 0.873298 0.487043 -0.0117832
t 0.987739 0.156113 0
bt 0.176597 -0.984283 0
t 0.987781 0.155849 0
bt 0.149468 -0.988766 0
t 0.987776 0.155878 0
bt 0.168031 -0.985782 0
t 0.987739 0.156113 0
bt 0.176597 -0.984283 0
t 0.987935 0.154868 0
bt 0.157953 -0.987447 0
t 0.987744 0.156083 0
bt 0.155571 -0.987825 0
t 0.987879 0.155225 0
bt 0.156473 -0.987682 0
t 0.987876 0.155244 0
bt 0.156751 -0.987638 0
t 0.987746 0.156073 0
bt 0.152676 -0.988276 0
t 0.987746 0.156073 0
bt 0.152676 -0.988276 0
t 0.987757 0.155999 0
bt 0.152211 -0.988348 0
t 0.987792 0.15578 0
bt 0.154108 -0.988054 0
t 0.98767 0.156553 0
bt 0.154298 -0.988024 0
t 0.98767 0.156553 0
bt 0.154298 -0.988024 0
t -0.0166085 0.00321241 -0.999857
bt 0.981616 -0.189864 -0.0195397
t -0.014859 -0.00318999 -0.999884
bt 0.977661 0.209888 -0.0112689
t -0.0159553 -0.00342536 -0.999867
bt 0.977565 0.209868 -0.0179265
t -0.0159983 0.00309438 -0.999867
bt 0.981654 -0.189871 -0.0174318

