g sponza_164
t 0 -0.853337 0.52136
bt 0 -0.498681 -0.866786
t 0 -0.85873 0.512429
bt 0 -0.5138 -0.85791
t 0 -0.855995 0.516983
bt 0 -0.502747 -0.864434
t 0 -0.853337 0.52136
bt 0 -0.498681 -0.866786
t 0 -0.860694 0.509123
bt 0 -0.511783 -0.859115
t 0 -0.860695 0.50912
bt 0 -0.509677 -0.860366
t 0 -0.860991 0.50862
bt 0 -0.511634 -0.859204
t 0 -0.860659 0.509181
bt 0 -0.510479 -0.85989
t 0 -0.858236 0.513256
bt 0 -0.508255 -0.861207
t 0 -0.858236 0.513256
bt 0 -0.508255 -0.861207
t 0 -0.859603 0.510963
bt 0 -0.510958 -0.859606
t 0 -0.859645 0.510891
bt 0 -0.51077 -0.859718
t 0 -0.858683 0.512507
bt 0 -0.509541 -0.860447
t 0 -0.858683 0.512507
bt 0 -0.509541 -0.860447
t -0.999998 0.00188164 -8.92819e-05
bt 0 0.998876 -0.0473958
t -0.999998 0.00182687 -0.000933953
bt 0.00483248 0.89038 -0.455192
t -0.999999 0.00111317 -0.000569094
bt 0.00188083 0.890389 -0.455196
t -0.999998 0.00188164 -8.92819e-05
bt 0 0.998876 -0.0473958
t -1 0 0
bt 0.00548417 0.758291 -0.651893
t -1 0 0
bt 0.00548417 0.758291 -0.651893
t -1 0 0
bt 0 -0.843707 0.536804
t -0.999998 -0.00187954 0.00119585
bt 0 -0.843707 0.536804
t -1 0 0
bt 0 -0.654477 0.756082
t -1 0 0
bt 0.00236449 -0.654475 0.75608
t -1 0 0
bt 0 0.621734 0.783229
t -0.999998 0.0019463 0.000767901
bt 0 0.930217 0.36701
t -1 0.000570997 0.000225274
bt 0 0.930217 0.36701
t -1 0 0
bt 0 0.621734 0.783229
t -1 0 0
bt 0 0.885204 0.465202
t -0.999998 0.00187254 0.000984079
bt 0.00159489 0.885203 0.465202
t -1 0 0
bt 0 0.885204 0.465202
t -1 0 0
bt 0 0.885204 0.465202
t -0.999998 -0.00104129 0.00186688
bt 0.003935 -0.487116 0.873329
t -1 0 0
bt 0 -0.48712 0.873335
t -0.999998 -0.00104129 0.00186688
bt 0.003935 -0.487116 0.873329
t -0.999998 -0.00104129 0.00186688
bt 0.003935 -0.487116 0.873329
t 0 0.139984 -0.990154
bt 0 -0.991061 -0.13341
t 0 0.143391 -0.989666
bt 0 -0.986911 -0.161269
t 0 0.139707 -0.990193
bt 0 -0.990621 -0.136639
t 0 0.139717 -0.990192
bt 0 -0.990997 -0.133882
t 0 0.138666 -0.990339
bt 0 -0.990368 -0.138462
t 0 0.138382 -0.990379
bt 0 -0.990549 -0.137161
t 0 0.138977 -0.990296
bt 0 -0.990417 -0.138106
t 0 0.139222 -0.990261
bt 0 -0.990511 -0.137433
t 0 0.139735 -0.990189
bt 0 -0.990578 -0.136951
t 0 0.139735 -0.990189
bt 0 -0.990578 -0.136951
t 0 0.138055 -0.990425
bt 0 -0.990362 -0.138507
t 0 0.138439 -0.990371
bt 0 -0.99039 -0.1383
t 0 0.13712 -0.990554
bt 0 -0.990267 -0.139179
t 0 0.1369 -0.990585
bt 0 -0.990274 -0.139128
t -0.999999 -0.00025807 0.00120213
bt 0.00231691 -0.209901 0.97772
t -1 0 0
bt 0.00231691 -0.209901 0.97772
t -0.999998 0.000360237 0.00186146
bt 0 0.189999 0.981784
t -0.999999 0.000234583 0.00121214
bt 0 0.189999 0.981784

