g sponza_346
t 0.00970393 -0.99991 -0.00929163
bt 0.999976 0.00691866 -4.08734e-05
t 0.0617934 -0.92441 -0.376361
bt 0.950755 0.0192206 -0.309345
t 0.0225417 -0.574967 -0.817866
bt 0.973053 0.0369733 0.2276
t 0.0199338 -0.710598 -0.703315
bt 0.908526 0.0228877 0.4172
t 0.181437 -0.402018 0.897476
bt 0.720837 -0.206469 -0.661638
t -0.0622892 -0.559436 0.82653
bt 0.464903 -0.303386 -0.831759
t -0.392203 -0.754982 0.525528
bt 0.698489 -0.0152599 -0.715458
t -0.0263194 -0.716375 0.697219
bt 0.85451 0.0527459 -0.516751
t -0.157511 -0.413363 -0.89684
bt 0.43188 -0.190399 0.881606
t 0.117022 -0.202552 -0.972254
bt 0.196929 -0.341394 0.919059
t 0.179981 -0.106081 -0.977933
bt 0.441488 -0.260235 0.858701
t 0.0546423 -0.340396 -0.938693
bt 0.594651 -0.0845015 0.799531
t -0.018439 -0.935148 0.353777
bt 0.945729 -0.0232745 0.324123
t -0.275968 -0.862941 -0.42329
bt 0.700284 -0.0449234 0.712449
t 0.0187677 -0.730161 -0.683017
bt 0.873916 0.00324621 0.486067
t 0.00570073 -0.999947 0.00851614
bt 0.999998 -0.000947637 0.00150426
t 0.0404148 -0.244371 0.968839
bt 0.577593 0.0594582 -0.814157
t 0.0142207 -0.574354 0.818484
bt 0.854689 0.221254 -0.469631
t -0.0168326 -0.705413 0.708597
bt 0.862988 0.0574308 -0.501949
t 0.0184009 -0.294678 0.95542
bt 0.604167 0.00263886 -0.796853
t -0.0045573 -0.268405 -0.963295
bt 0.48965 0.035894 0.87118
t 0.00853996 -0.237417 -0.97137
bt 0.427504 0.115208 0.896643
t 0.0377325 -0.00994688 -0.999238
bt 0.226303 -0.0595769 0.972233
t 0.0453325 -0.0181488 -0.998807
bt 0.299122 -0.108574 0.948018
t 0.00310592 -0.99986 0.0164438
bt 0.999839 0.00595025 -0.0168993
t 0.00990274 -0.673759 -0.738885
bt 0.95492 0.0170992 0.296371
t 0.162652 -0.402603 0.900808
bt 0.755094 -0.211642 -0.620517
t -0.0173188 -0.713465 0.700477
bt 0.877727 0.0533515 -0.476181
t 0.14267 -0.0828718 -0.986295
bt 0.479934 -0.27499 0.833093
t 0.0411762 -0.341891 -0.938837
bt 0.626355 -0.0820235 0.775211
t 0.016964 -0.727551 -0.685844
bt 0.892345 -0.00535407 0.451322
t 0.000666545 -0.99991 -0.0133905
bt 0.999879 0.00265235 0.0153364
t -0.0220008 -0.70594 0.70793
bt 0.938577 0.0154131 -0.344724
t 0.00681405 -0.283963 0.958811
bt 0.874076 0.05355 -0.482829
t -0.00914327 -0.241076 -0.970463
bt 0.756019 0.00717883 0.654511
t 0.0083478 -0.00381629 -0.999958
bt 0.513025 -0.0291366 0.857879
t 0.00399447 -0.999855 0.0165306
bt 0.999834 0.00183008 -0.0181329
t 0.0171489 -0.713794 -0.700146
bt 0.996922 0.00968242 0.077806
t -0.0100292 -0.725513 0.688136
bt 0.934218 0.0608256 -0.351479
t 0.132179 -0.384673 0.91354
bt 0.847394 -0.165447 -0.50453
t 0.019915 -0.339906 -0.940249
bt 0.749524 -0.0623089 0.659039
t 0.091968 -0.0400965 -0.994954
bt 0.610136 -0.254153 0.750426
t 0.0741989 -0.743896 -0.664164
bt 0.966128 -0.091447 0.241316
t 0.000875183 -0.99989 -0.014795
bt 0.999928 0.00367827 0.0114565
t -0.0072068 -0.718632 0.695353
bt 0.994492 -0.0537827 -0.0899654
t 0.000671414 -0.315671 0.948868
bt 0.955137 -0.0258067 0.295038
t 0.00135421 -0.309608 -0.950863
bt 0.854298 -0.164893 -0.492936
t 0.0105275 -0.00395098 -0.999937
bt 0.839472 -0.0541073 -0.540703
t -0.012642 -0.00416115 -0.999911
bt 0.817276 0.0851009 -0.569928
t 0.0161688 -0.713771 -0.700193
bt 0.998807 -0.03297 0.0360168
t -0.00491596 -0.754166 -0.656665
bt 0.999343 0.0158783 -0.0325829
t 0.00352689 -0.999444 0.0331638
bt 0.999919 -0.00258378 -0.0124224
t -0.00452044 -0.743953 0.668217
bt 0.984325 0.0482471 -0.169637
t 0.0615247 -0.361888 0.930189
bt 0.958164 -0.0793122 -0.275013
t 0.00479086 -0.349005 -0.937109
bt 0.921743 -0.0206153 0.387253
t 0.0270302 -0.00618782 -0.999615
bt 0.852204 -0.165819 0.496238
t -0.00294276 -0.999456 -0.0328371
bt 0.99992 -0.000954816 0.0125744
t 0.0804758 -0.744575 -0.66267
bt 0.967056 -0.0992136 0.234433
t 0.010318 -0.749683 -0.661717
bt 0.987945 0.00805124 0.154592
t -0.00114805 -0.756308 0.654215
bt 0.998136 -0.0494473 0.0357776
t -0.0274247 -0.363681 0.93112
bt 0.975185 0.0697028 0.210133
t -2.18525e-05 -0.353192 -0.935551
bt 0.896605 -0.0765027 -0.436173
t 0.00138121 -0.309608 -0.950863
bt 0.984634 -0.0586304 -0.164497
t -0.0267897 -0.00652725 -0.99962
bt 0.717008 0.124157 -0.685919
t -0.00757032 -0.788039 -0.615579
bt 0.987047 0.00664848 -0.160295
t -0.000791361 -0.999355 0.0359077
bt 0.999996 -0.00145917 0.00225403
t 0.00183581 -0.763781 0.645473
bt 0.995423 0.0211051 0.0932052
t -0.0626093 -0.37482 0.924981
bt 0.992287 0.0767878 0.0973106
t -0.0224733 -0.371101 -0.92832
bt 0.988532 0.0662309 -0.135715
t -0.0534011 -0.00620748 -0.998554
bt 0.978205 0.113436 0.173915
t -0.00072254 -0.999418 -0.0341017
bt 0.999998 0.00195689 -0.000633228
t -0.00117724 -0.764382 -0.644762
bt 0.99542 0.00942606 -0.0951282
t -0.0331372 -0.364391 0.930656
bt 0.95102 0.0282575 0.307834
t 0.0372952 -0.785679 0.617509
bt 0.976036 -0.0751925 0.204206
t -0.00641002 -0.387682 0.921771
bt 0.836011 -0.0119924 0.548581
t 0.00749247 -0.383106 -0.923674
bt 0.784458 -0.0712738 -0.616073
t -0.045786 -0.0121981 -0.998877
bt 0.555128 0.147872 -0.818515
t -0.00593122 -0.819672 -0.572802
bt 0.952092 0.00138604 -0.305809
t -0.00197733 -0.99959 0.0285755
bt 0.999902 0.0052105 0.0129558
t 0.0129736 -0.793954 0.607839
bt 0.940964 -0.0128468 0.338262
t -0.17322 -0.462019 0.869789
bt 0.86788 0.198542 0.455374
t -0.0567551 -0.00659857 -0.998366
bt 0.803928 0.0932407 -0.587372
t -0.146775 -0.0674274 -0.986869
bt 0.67716 0.311127 -0.666824
t -0.0409836 -0.417879 -0.907578
bt 0.788393 0.0951106 -0.607775
t -9.42388e-06 -0.999591 -0.0286028
bt 0.999911 0.0024679 -0.0131349
t -0.0170852 -0.798961 -0.60114
bt 0.947094 0.0130873 -0.32069
t 0.0356723 -0.785845 0.617394
bt 0.960439 -0.131304 0.245593
t 0.0227967 -0.815109 0.578859
bt 0.947288 -0.020655 0.319716
t -0.0124841 -0.420125 0.90738
bt 0.728719 0.0223037 0.68445
t -0.0746187 -0.0342752 -0.996623
bt 0.391685 0.179968 -0.902327
t 0.020728 -0.407436 -0.912998
bt 0.65936 -0.0399389 -0.750766
t 0.00238263 -0.999752 0.022148
bt 0.999836 0.000323091 0.0180982
t -0.00626395 -0.858937 -0.512043
bt 0.89818 0.00348079 -0.439614
t 0.025085 -0.833996 0.551199
bt 0.878649 -0.0189141 0.477094
t -0.210814 -0.579634 0.787135
bt 0.711137 0.242234 0.660006
t -0.217864 -0.178686 -0.959482
bt 0.394964 0.323891 -0.859708
t -0.0527402 -0.492311 -0.86882
bt 0.611315 0.0953453 -0.785623
t -0.0188962 -0.844701 -0.534904
bt 0.888787 0.0192231 -0.457918
t 4.54436e-05 -0.999753 -0.0222032
bt 0.999828 0.00385123 -0.018118
t 0.0402196 -0.848057 0.528376
bt 0.889223 -0.0317989 0.456367
t -0.015526 -0.481398 0.876365
bt 0.561148 0.0176791 0.827527
t -0.112189 -0.0920101 -0.989418
bt 0.174676 0.143286 -0.974145
t 0.031263 -0.451389 -0.89178
bt 0.511748 -0.0393728 -0.858233
t -0.00171371 -0.999897 0.0142673
bt 0.999828 0.00346037 0.0182481
t -0.00279335 -0.901411 -0.432955
bt 0.853584 0.0118318 -0.520822
t -0.212544 -0.708705 0.672728
bt 0.577109 0.228972 0.783912
t 0.0367076 -0.879707 0.474098
bt 0.832044 -0.0195793 0.554363
t -0.260908 -0.333653 -0.905871
bt 0.213102 0.272561 -0.938242
t -0.0562944 -0.59342 -0.802922
bt 0.496806 0.073805 -0.864718
t -0.0092811 -0.892704 -0.450549
bt 0.842184 0.0241063 -0.538651
t 0.000701069 -0.999897 -0.014318
bt 0.999832 -0.000126488 -0.0183065
t 0.0489125 -0.887485 0.458234
bt 0.844576 -0.0286378 0.534669
t -0.00991156 -0.563915 0.825773
bt 0.472548 0.0161426 0.881157
t -0.136272 -0.174275 -0.975222
bt 0.0887595 0.113478 -0.989568
t 0.048555 -0.510856 -0.858294
bt 0.446734 -0.0256512 -0.894299
t 0.00746904 -0.943109 -0.332401
bt 0.821064 0.0110635 -0.570729
t -0.000104859 -0.99994 0.0110008
bt 0.999743 0.00520649 0.0220446
t 0.0391421 -0.927511 0.371742
bt 0.800355 -0.00848275 0.599466
t -0.175096 -0.829999 0.529568
bt 0.47189 0.173663 0.864385
t -0.261587 -0.527575 -0.808231
bt 0.1001 0.202195 -0.974216
t -0.0514728 -0.723565 -0.688334
bt 0.427288 0.0491249 -0.90278
t -0.00439075 -0.939107 -0.343596
bt 0.804334 0.0140289 -0.594012
t 0.00269944 -0.999935 -0.0110621
bt 0.999752 0.00187911 -0.0221799
t 0.0490147 -0.932531 0.357747
bt 0.815388 -0.0231661 0.578451
t 0.00412461 -0.675418 0.737423
bt 0.422869 0.0129244 0.906099
t -0.147212 -0.296995 -0.943463
bt 0.0397804 0.0802764 -0.995979
t 0.0607154 -0.610052 -0.790032
bt 0.41025 -0.0178353 -0.911798
t 0.00717614 -0.982241 -0.187484
bt 0.798402 0.00582011 -0.602096
t 0.00190324 -0.999977 0.00644948
bt 0.999657 0.00234056 0.0260783
t 0.0367881 -0.974098 0.223114
bt 0.777147 -0.00230777 0.629314
t -0.0986424 -0.94167 0.321756
bt 0.396187 0.0802638 0.914655
t -0.195702 -0.797345 -0.570913
bt 0.0274861 0.11245 -0.993277
t -0.0288922 -0.887983 -0.458967
bt 0.385576 0.0241105 -0.922361
t 0.00244024 -0.980483 -0.196591
bt 0.778471 0.0119286 -0.627568
t 0.00326333 -0.999974 -0.00648944
bt 0.999655 0.00214013 -0.026191
t 0.0389821 -0.976814 0.210509
bt 0.797511 -0.00422886 0.60329
t 0.019251 -0.845606 0.53346
bt 0.392552 0.0065091 0.919707
t -0.138571 -0.564398 -0.81379
bt 0.0107063 0.0440657 -0.998971
t 0.119807 -0.711486 -0.692411
bt 0.386434 -0.0224672 -0.922044
t 0.00462384 -0.999969 -0.0063686
bt 0.790311 0.00158258 -0.612703
t -0.000403476 -1 8.87127e-05
bt 0.999581 0.00276171 0.0288025
t 0.0177448 -0.999684 0.0178013
bt 0.767789 -0.00263691 0.640698
t 0.0101652 -0.999359 0.0343223
bt 0.370751 -0.0356731 0.928047
t -0.00348 -0.994362 -0.105987
bt 3.82154e-05 0.0115515 -0.999933
t 0.0182473 -0.998345 -0.0545355
bt 0.37107 -0.00668778 -0.928581
t 0.00567387 -0.999954 -0.00772792
bt 0.767884 0.000666472 -0.640589
t 0.00117619 -0.999999 -0.000133568
bt 0.999586 0.00215093 -0.0286983
t 0.0206911 -0.999609 0.0188226
bt 0.79026 -0.0027239 0.612766
t 0.0134301 -0.999075 0.0408483
bt 0.382101 -0.00222947 0.924118
t -0.00276781 -0.807625 -0.589689
bt 9.77597e-05 -4.26204e-06 -1
t 0.112221 -0.95357 -0.279482
bt 0.382309 -0.0013615 -0.924034
t 0.00356832 -0.98357 0.18049
bt 0.799601 -0.00604002 -0.600501
t 0.000105548 -0.999976 -0.00700038
bt 0.999599 0.00253647 0.0282227
t -0.00321734 -0.979956 -0.199186
bt 0.775807 0.0114481 0.630867
t 0.120982 -0.952595 -0.279152
bt 0.407451 -0.147469 0.901242
t 0.21459 -0.867027 0.449683
bt 0.0226124 -0.0909311 -0.9956
t 0.0601681 -0.913143 0.403175
bt 0.388521 -0.0388097 -0.920622
t 0.00473058 -0.981189 0.192992
bt 0.778183 -0.0128835 -0.627905
t -0.000390198 -0.999975 0.00701351
bt 0.999599 0.00243708 -0.028215
t -0.0121891 -0.981333 -0.191929
bt 0.797509 0.0167568 0.603074
t 0.0622206 -0.919585 -0.387932
bt 0.396809 -0.0227561 0.917619
t -0.209176 -0.841369 0.498341
bt 0.382299 -0.00078115 -0.924038
t -0.00298126 -0.8361 0.548569
bt 9.77852e-05 -4.2823e-06 -1
t 0.169948 -0.68651 0.706981
bt 0.0106415 -0.0429887 -0.999019
t -0.0277529 -0.834788 0.549872
bt 0.389842 0.0105591 -0.920821
t 0.0050229 -0.941741 0.336301
bt 0.824607 -0.00661288 -0.565667
t 0.00165108 -0.999918 -0.0126619
bt 0.999707 0.000694479 0.024206
t -0.0214592 -0.927031 -0.374369
bt 0.801064 0.017967 0.598309
t 0.18487 -0.81975 -0.542064
bt 0.49624 -0.225248 0.838457
t 0.291745 -0.556981 0.777597
bt 0.0987277 -0.188454 -0.977107
t 0.0685212 -0.723008 0.687433
bt 0.438813 -0.0659358 -0.896156
t 0.0158435 -0.93648 0.350362
bt 0.808561 -0.0231004 -0.587959
t -0.00118989 -0.999918 0.0127337
bt 0.999703 0.00256473 -0.0242376
t -0.0293465 -0.933641 -0.357005
bt 0.818838 0.0263834 0.573418
t 0.0174874 -0.683126 -0.730091
bt 0.426761 -0.00993018 0.90431
t 0.168069 -0.32095 0.932064
bt 0.0426091 -0.0813781 -0.995772
t -0.0417778 -0.618431 0.784728
bt 0.411435 0.0251566 -0.911092
t 0.0101526 -0.891152 0.45359
bt 0.867429 -0.00156514 -0.497559
t -0.000835163 -0.999783 -0.0208233
bt 0.99973 0.00112364 0.0232261
t -0.0211236 -0.867256 -0.497414
bt 0.841694 0.0277409 0.539242
t 0.189773 -0.651097 -0.734887
bt 0.624939 -0.255136 0.737805
t 0.268398 -0.299162 0.915677
bt 0.237648 -0.264858 -0.934545
t 0.0543132 -0.556387 0.829146
bt 0.528128 -0.0832048 -0.845079
t -0.00271794 -0.999778 0.0208695
bt 0.999728 0.00177872 -0.0232435
t 0.0281947 -0.880121 0.473912
bt 0.852815 -0.0155714 -0.521982
t -0.0329323 -0.880521 -0.472861
bt 0.856965 0.0414233 0.513707
t 0.0234842 -0.546077 -0.837406
bt 0.493643 -0.0102441 0.869604
t 0.139869 -0.155994 0.977805
bt 0.105595 -0.117545 -0.987438
t -0.0325413 -0.500855 0.864919
bt 0.461016 0.0368262 -0.886628
t 0.011801 -0.840186 0.54217
bt 0.92663 0.00640821 -0.375919
t 0.00234219 -0.999527 -0.0306532
bt 0.999821 -0.00190148 0.0188443
t -0.0162767 -0.810231 -0.585884
bt 0.903849 0.0394795 0.426026
t 0.132726 -0.486826 -0.863357
bt 0.792723 -0.222206 0.567639
t 0.184516 -0.113722 0.976228
bt 0.472333 -0.291127 -0.831954
t 0.0272916 -0.438392 0.898369
bt 0.693795 -0.0923833 -0.714223
t -0.00063287 -0.999528 0.0307215
bt 0.999821 -0.00173487 -0.0188598
t 0.0223249 -0.818212 0.574483
bt 0.917263 -0.00773957 -0.398206
t 0.019084 -0.449489 -0.893082
bt 0.624761 -0.00231456 0.780812
t -0.0818057 -0.819901 -0.566631
bt 0.867988 0.177407 0.463814
t 0.0975513 -0.0601211 0.993413
bt 0.235895 -0.145399 -0.96084
t -0.0209155 -0.429599 0.902777
bt 0.564154 0.0560936 -0.823762
t 0.00632549 -0.999507 -0.0307497
bt 0.999961 -0.0031048 0.00820886
t 0.00574797 -0.802621 0.596461
bt 0.978946 0.011268 -0.203808
t 0.0586517 -0.394925 -0.916839
bt 0.939813 -0.119598 0.320075
t 0.000636719 -0.777908 -0.628378
bt 0.969715 0.038448 0.241195
t 0.0870584 -0.0233358 0.99593
bt 0.830781 -0.222772 -0.510074
t 0.0130761 -0.385072 0.922794
bt 0.899298 -0.0621148 -0.432903
t 0.0142196 -0.77927 0.626526
bt 0.977594 -0.00165984 -0.210492
t -0.00173399 -0.999524 0.0308145
bt 0.999965 -0.000610469 -0.00828466
t -0.115177 -0.810688 -0.574038
bt 0.910662 0.0653497 0.407951
t -0.0146735 -0.800594 -0.599027
bt 0.972457 0.0461302 0.22847
t 0.00883717 -0.396833 -0.917848
bt 0.834186 0.0132735 0.551324
t 0.0477039 -0.0127832 0.99878
bt 0.540294 -0.144883 -0.82891
t -0.0254042 -0.388972 0.920899
bt 0.694449 0.1188 -0.709667
t -0.00264216 -0.999613 -0.0276972
bt 1 0.000783664 0.000221444
t -0.00143183 -0.789691 0.613503
bt 0.999904 0.00726023 -0.0118443
t -0.0259499 -0.370791 -0.928354
bt 0.999082 0.00879137 0.041919
t 0.00555456 -0.768075 -0.640336
bt 0.999529 0.0199737 0.0232853
t 0.0141408 -0.000101529 0.9999
bt 0.995759 -0.00796463 -0.0916545
t 0.000698359 -0.371104 0.928591
bt 0.998755 0.011448 -0.0485564
t 0.00458766 -0.768066 0.640354
bt 0.999919 0.00571331 -0.0114016
t -0.00213927 -0.999614 0.0277023
bt 0.999998 0.00171698 -0.000247982
t -0.00103678 -0.789695 -0.613499
bt 0.999673 0.0168104 0.0192613
t -0.000140513 -0.381899 -0.924204
bt 0.998706 0.0123864 0.0493251
t 0.00362156 -1.73818e-05 0.999993
bt 0.825002 -0.00660029 -0.565091
t -0.00125741 -0.381893 0.924206
bt 0.959343 0.101199 -0.263477
t -0.000594098 -0.999705 -0.024299
bt 0.999986 0.000883417 -0.00528032
t -0.00487729 -0.79549 0.605948
bt 0.986422 0.000777732 0.164228
t -0.000722545 -0.776153 -0.630545
bt 0.983733 -0.00554723 -0.179552
t -0.10552 -0.39637 -0.912007
bt 0.966848 0.119438 -0.225696
t -0.0853507 -0.0187108 0.996175
bt 0.920143 0.201581 0.335711
t -0.0234164 -0.383051 0.92343
bt 0.943863 0.0751232 0.321681
t -0.0434524 -0.779197 0.625271
bt 0.990257 0.0658247 0.122713
t 0.00205269 -0.999702 0.02431
bt 0.999986 0.000212805 0.00529628
t 0.0123818 -0.79405 -0.607726
bt 0.984815 -0.0113817 -0.173233
t -0.0214495 -0.392399 -0.919545
bt 0.936059 0.0587296 -0.346906
t -0.00281165 -0.38189 0.924203
bt 0.869289 -0.194714 0.454338
t 0.00362497 -1.7476e-05 0.999993
bt 0.850126 -0.00680138 0.526535
t -0.0388446 -0.00852574 0.999209
bt 0.827045 0.181086 0.53217
t 0.00742509 -0.387099 0.922008
bt 0.85899 -0.027431 0.511257
t -0.010587 -0.815053 0.57929
bt 0.95281 0.000733843 0.303566
t -0.00047922 -0.999775 -0.021191
bt 0.999954 0.00185727 -0.0094609
t 0.0192988 -0.79349 -0.608277
bt 0.942957 -0.0173515 -0.332461
t -0.169768 -0.458057 -0.872561
bt 0.871138 0.19082 -0.452445
t -0.134586 -0.0600983 0.989078
bt 0.69962 0.312376 0.642614
t -0.0383542 -0.415196 0.908923
bt 0.800876 0.0989913 0.590592
t -0.0461187 -0.779335 0.624907
bt 0.987305 0.0227383 0.157202
t -0.0754784 -0.806646 0.586196
bt 0.962436 0.0937619 0.254804
t 0.000692859 -0.999773 0.021311
bt 0.999954 -0.000799379 0.00952035
t 0.0229049 -0.809817 -0.586235
bt 0.94639 -0.0276926 -0.321838
t -0.0111499 -0.414721 -0.90988
bt 0.72093 0.009874 -0.692938
t -0.0406399 -0.00891985 0.999134
bt 0.465311 0.101882 0.879265
t -0.0713489 -0.031863 0.996942
bt 0.381682 0.170415 0.908448
t 0.0175777 -0.404013 0.914585
bt 0.656237 -0.0461267 0.753143
t -0.00851497 -0.843957 0.536343
bt 0.912126 0.00397168 0.40989
t -0.00349629 -0.999824 -0.0184487
bt 0.999913 0.0017469 -0.0130659
t 0.0219816 -0.822548 -0.568271
bt 0.894423 -0.0266147 -0.446429
t -0.21458 -0.547681 -0.808703
bt 0.747688 0.221603 -0.625983
t -0.220844 -0.155989 0.962754
bt 0.436672 0.308491 0.845074
t -0.0582616 -0.472 0.879671
bt 0.64305 0.0813197 0.761494
t -0.0828598 -0.80735 0.584226
bt 0.958616 0.0615138 0.277977
t -0.0168073 -0.831278 0.555603
bt 0.906799 0.0194536 0.421113
t 0.000574133 -0.999828 0.0185142
bt 0.999913 -0.0010993 0.0131254
t 0.0318888 -0.835207 -0.54901
bt 0.902514 -0.0332591 -0.429374
t -0.0122367 -0.456284 -0.88975
bt 0.594603 0.015608 -0.803868
t -0.102107 -0.0721543 0.992153
bt 0.213099 0.150539 0.965364
t 0.0295052 -0.432571 0.901117
bt 0.537935 -0.0435433 0.841861
t -0.00540493 -0.879636 0.475617
bt 0.872546 0.00898117 0.48845
t -0.00234997 -0.999882 -0.0151704
bt 0.999873 0.00244079 -0.0157697
t 0.0327823 -0.857707 -0.513092
bt 0.852157 -0.02332 -0.522766
t -0.214791 -0.645758 -0.732708
bt 0.632538 0.230608 -0.739402
t -0.250906 -0.260661 0.932256
bt 0.273123 0.283773 0.919172
t -0.0580242 -0.543443 0.837438
bt 0.538128 0.0746373 0.839552
t -0.0153448 -0.87063 0.491698
bt 0.863341 0.0204451 0.504207
t 0.000991399 -0.999884 0.0152133
bt 0.999875 0.000559355 0.0157898
t 0.0396212 -0.868102 -0.494802
bt 0.862139 -0.0334705 -0.505565
t -0.0109768 -0.517943 -0.855345
bt 0.509621 0.0200902 -0.860165
t -0.122146 -0.126886 0.984368
bt 0.120257 0.124956 0.984847
t 0.037466 -0.480098 0.876414
bt 0.470773 -0.0329963 0.881637
t 9.6673e-05 -0.918281 0.39593
bt 0.838413 0.0117844 0.544908
t -0.00154809 -0.999929 -0.0117776
bt 0.999837 0.00121316 -0.0179916
t 0.0371217 -0.899482 -0.435377
bt 0.818745 -0.0144118 -0.573976
t -0.195403 -0.754073 -0.62705
bt 0.530564 0.208993 -0.821477
t -0.26749 -0.407186 0.873298
bt 0.156531 0.238018 0.958564
t -0.0538207 -0.640116 0.766391
bt 0.463838 0.0621155 0.88374
t -0.00863706 -0.912249 0.409545
bt 0.826376 0.0224518 0.562671
t 0.000455027 -0.999929 0.0119073
bt 0.999838 0.000341088 0.0179938
t 0.0477213 -0.905499 -0.421657
bt 0.831587 -0.0217152 -0.55497
t -0.00574811 -0.604276 -0.796755
bt 0.450619 0.0186613 -0.892521
t -0.142209 -0.21639 0.965895
bt 0.0661221 0.100621 0.992725
t 0.0517667 -0.546256 0.836017
bt 0.428966 -0.022327 0.903044
t 0.00437419 -0.954501 0.298175
bt 0.811784 0.0112413 0.58385
t -0.000858046 -0.999969 -0.00788576
bt 0.999826 -0.00106483 -0.0186097
t 0.0407112 -0.94059 -0.337094
bt 0.793062 -0.0149492 -0.608958
t -0.154711 -0.859069 -0.487919
bt 0.448139 0.151221 -0.881081
t -0.250718 -0.586609 0.770085
bt 0.075811 0.177705 0.981159
t -0.0414847 -0.75898 0.64979
bt 0.412778 0.0390218 0.909995
t -0.00172881 -0.951316 0.308213
bt 0.797902 0.0153767 0.602591
t 0.00126081 -0.999967 0.0080245
bt 0.999822 -0.00313427 0.018625
t 0.0448993 -0.944817 -0.324507
bt 0.806883 -0.0211748 -0.590331
t 0.00796836 -0.712972 -0.701147
bt 0.412662 0.0156463 -0.91075
t -0.148589 -0.347766 0.925732
bt 0.030755 0.0719995 0.99693
t 0.0622793 -0.647212 0.759762
bt 0.400625 -0.0184234 0.916057
t 0.00460081 -0.981927 0.189202
bt 0.7942 0.00741618 0.607611
t -0.000167943 -0.999991 -0.00429566
bt 0.999847 0.000240952 -0.0174926
t 0.0315617 -0.975371 -0.2183
bt 0.778869 -0.0102646 -0.627103
t -0.0385342 -0.896079 -0.442218
bt 0.391345 0.0501593 -0.918876
t -0.194622 -0.789317 0.582323
bt 0.0251143 0.101821 0.994486
t -0.0237286 -0.882426 0.469852
bt 0.385231 0.018799 0.922629
t 0.00271227 -0.980565 0.196178
bt 0.780429 0.00503361 0.625224
t -0.00062787 -0.999991 0.00429142
bt 0.999847 -0.00051364 0.0175072
t 0.0365599 -0.97644 -0.21267
bt 0.792259 -0.0137936 -0.610029
t 0.0211647 -0.840127 -0.541977
bt 0.390407 0.0103035 -0.920585
t -0.137009 -0.555673 0.820034
bt 0.0107751 0.0436682 0.998988
t 0.0707309 -0.778557 0.623576
bt 0.386251 -0.00939145 0.922346
t -0.00097454 -0.999998 -0.00148569
bt 0.999881 -0.00102965 -0.0154051
t 0.0046939 -0.996565 0.0826806
bt 0.785314 0.0046438 0.61908
t -0.114697 -0.950175 -0.289848
bt 0.390893 0.0478026 -0.919194
t 0.0220538 -0.994735 -0.10008
bt 0.773103 -0.000663058 -0.634281
t -0.0391762 -0.988023 -0.149247
bt 0.375728 0.0271219 -0.926333
t -0.0950352 -0.946853 0.307309
bt 0.00482121 0.0470283 0.998882
t -0.00401524 -0.972554 0.232644
bt 0.374487 0.0104116 0.927174
t 0.00379509 -0.996353 0.0852386
bt 0.773398 0.005804 0.633894
t 0.000304255 -0.999999 0.00150436
bt 0.999874 0.00393581 0.0153913
t 0.0196493 -0.995342 -0.0943826
bt 0.784953 -0.00460596 -0.619538
t 0.0197538 -0.958882 -0.283117
bt 0.379793 0.00304966 -0.925067
t -0.0848179 -0.843917 0.529726
bt 0.00159009 0.0158664 0.999873
t 0.0559346 -0.929745 0.363932
bt 0.379193 -0.00390405 0.92531
t 0.000637912 -0.999876 -0.0157204
bt 0.78257 0.000560608 0.622563
t -0.00120735 -0.999999 0.000315801
bt 0.999911 -0.00310353 -0.0129963
t 0.00391852 -0.9999 0.0136084
bt 0.772421 8.18662e-05 -0.63511
t 0.0354098 -0.998676 -0.037308
bt 0.372336 -0.00157149 -0.928097
t 0.0203998 -0.999773 -0.00617413
bt 0.000155988 -0.00778759 0.99997
t 0.0126306 -0.999735 -0.0192709
bt 0.37248 -0.00661373 0.928017
t 0.00153002 -0.99988 -0.0154413
bt 0.77245 0.00192869 0.635073
t -0.00148302 -0.999999 -0.00031937
bt 0.999911 0.00233754 0.0131027
t 0.00773601 -0.999919 0.0100742
bt 0.782492 0.00742552 -0.622616
t 0.0060365 -0.99936 0.0352557
bt 0.37728 0.000189281 -0.926099
t 0.0203996 -0.999764 0.00752395
bt 7.81026e-05 -0.00397055 0.999992
t 0.0133031 -0.99976 -0.0174349
bt 0.377259 0.00577819 0.92609
t 0.00136383 -0.99542 -0.0955833
bt 0.783918 -0.00184276 0.620862
t 0.000200459 -0.999999 0.00129737
bt 0.999939 0.000758282 -0.0109942
t -0.0201485 -0.994681 0.101013
bt 0.372371 -0.00367991 -0.928077
t -0.00577304 -0.994571 0.103903
bt 0.775219 0.00183223 -0.63169
t 0.0600861 -0.986822 0.150239
bt 0.382084 -0.0801319 -0.920647
t 0.116744 -0.953172 -0.278989
bt 0.00628342 -0.0505299 0.998703
t 0.024021 -0.971673 -0.235105
bt 0.377154 -0.0222113 0.925884
t 0.00132955 -0.995156 -0.0983038
bt 0.775651 -0.00743891 0.631118
t -0.00253207 -0.999996 -0.0013281
bt 0.999939 0.00149629 0.0109077
t -0.00872434 -0.994592 0.103494
bt 0.783691 0.00301178 -0.621143
t -0.0116495 -0.94984 0.312521
bt 0.379758 -0.00515924 -0.925072
t 0.104861 -0.855929 -0.506349
bt 0.00242105 -0.0198236 0.999801
t -0.0356435 -0.930296 -0.365074
bt 0.378962 0.00133263 0.925411
t 0.00267281 -0.983807 -0.17921
bt 0.792778 -0.00896598 0.609444
t 0.000747792 -0.999993 0.00358969
bt 0.999884 -1.24574e-06 -0.015204
t -0.0150535 -0.979703 0.199888
bt 0.779238 0.00867111 -0.626669
t 0.108562 -0.951333 0.288409
bt 0.403967 -0.128803 -0.90566
t 0.201125 -0.841348 -0.50168
bt 0.0231213 -0.0967271 0.995042
t 0.0388 -0.902334 -0.429288
bt 0.387677 -0.0339161 0.921171
t 0.00321527 -0.999989 -0.00355103
bt 0.999871 0.00511047 0.0152153
t 0.0029675 -0.982549 -0.185979
bt 0.781142 -0.0119667 0.624239
t -0.0104042 -0.857968 0.513599
bt 0.389021 -0.0102424 -0.921172
t -0.0184427 -0.980649 0.194906
bt 0.790956 0.0112595 -0.61177
t 0.152659 -0.638925 -0.753969
bt 0.0104248 -0.0431851 0.999013
t -0.0455878 -0.817448 -0.574196
bt 0.385736 0.00658796 0.922586
t 0.000880744 -0.958883 -0.283801
bt 0.809599 -0.0109996 0.586881
t -0.000173297 -0.999971 0.00760478
bt 0.999825 -3.35299e-05 -0.018701
t -0.0530444 -0.940925 0.334433
bt 0.779382 0.076537 -0.621857
t 0.162991 -0.878142 0.449778
bt 0.447713 -0.167932 -0.878266
t 0.266729 -0.655506 -0.706518
bt 0.0607279 -0.149188 0.986942
t 0.0523409 -0.78457 -0.617827
bt 0.400273 -0.0108778 0.916331
t -0.000887193 -0.999971 -0.00761775
bt 0.999811 0.00554101 0.0186421
t 0.0888772 -0.96816 -0.234023
bt 0.80192 -0.0700134 0.593315
t -0.0256735 -0.953134 0.301458
bt 0.804286 0.0250481 -0.593714
t 0.00392595 -0.740577 0.67196
bt 0.409247 -0.013412 -0.912325
t 0.166847 -0.410061 -0.896667
bt 0.0271009 -0.0665511 0.997415
t -0.048103 -0.678805 -0.732741
bt 0.399366 0.0155656 0.916659
t 0.000536505 -0.924612 -0.380909
bt 0.831807 -0.0115187 0.554945
t -0.000915575 -0.999953 0.00961299
bt 0.99987 -0.00378542 -0.0156593
t -0.140217 -0.909432 0.3915
bt 0.781149 0.0682087 -0.620607
t -0.024471 -0.911307 0.411001
bt 0.812012 0.0247577 -0.583116
t 0.156846 -0.749043 0.643687
bt 0.466824 -0.0875244 -0.880009
t -0.0429846 -0.675667 -0.735953
bt 0.40997 -0.0401277 0.911216
t 0.286246 -0.467147 -0.836562
bt 0.117271 -0.191149 0.97453
t 0.0630863 -0.66982 -0.739839
bt 0.447417 -0.0456504 0.89316
t 0.055545 -0.96443 -0.258437
bt 0.802242 -0.0735727 0.592448
t 0.101965 -0.937348 -0.33314
bt 0.831563 -0.0872681 0.548532
t -0.00181228 -0.999952 -0.00963155
bt 0.999874 0.00198391 0.0157235
t -0.0364536 -0.914989 0.40183
bt 0.823452 0.0303202 -0.566575
t 0.0172911 -0.633882 0.773236
bt 0.441003 -0.0167089 -0.89735
t 0.157415 -0.256802 -0.953558
bt 0.0570751 -0.0931283 0.994017
t -0.0462394 -0.568135 -0.821635
bt 0.420933 0.0234404 0.906789
t 0.00870061 -0.893148 -0.449679
bt 0.857231 -0.00757042 0.514876
t 0.00159034 -0.999938 0.010985
bt 0.999901 -0.0055304 -0.0129464
t 0.0949385 -0.698366 0.709416
bt 0.474936 -0.105614 -0.87366
t -0.0289071 -0.874894 0.483451
bt 0.839958 0.0218368 -0.542212
t 0.212747 -0.685692 0.696107
bt 0.585601 -0.208523 -0.78332
t 0.276102 -0.32799 -0.903432
bt 0.191726 -0.227808 0.954644
t 0.061789 -0.579124 -0.812895
bt 0.49783 -0.0528898 0.86566
t 0.0828494 -0.934753 -0.345502
bt 0.832828 -0.0979786 0.544791
t 0.0169518 -0.887221 -0.461033
bt 0.849277 -0.0165379 0.527689
t -0.000386347 -0.999941 -0.0109024
bt 0.999917 -0.00074765 0.0128878
t -0.0317205 -0.882719 0.468829
bt 0.847203 0.0343375 -0.530158
t 0.0209999 -0.553379 0.832665
bt 0.481329 -0.0156594 -0.8764
t 0.138814 -0.164885 -0.976495
bt 0.0968085 -0.115044 0.988632
t -0.03659 -0.50423 -0.862794
bt 0.448562 0.0340255 0.893104
t 0.00846056 -0.863382 -0.50448
bt 0.884147 -0.00108397 0.467208
t -0.000550932 -0.999929 0.0119102
bt 0.99994 0.00206981 -0.0107289
t -0.0237687 -0.846119 0.532464
bt 0.866454 0.0336243 -0.498124
t 0.214623 -0.605312 0.766508
bt 0.664925 -0.211176 -0.716435
t 0.25556 -0.229379 -0.939188
bt 0.280013 -0.251355 0.926506
t 0.0610194 -0.515063 -0.854978
bt 0.559083 -0.0565378 0.827182
t 0.0187185 -0.856671 -0.515524
bt 0.880051 -0.0169366 0.474578
t -0.0023133 -0.999926 -0.0119227
bt 0.999938 0.00295861 0.0107331
t -0.0344773 -0.852866 0.52099
bt 0.872285 0.0432898 -0.487077
t 0.0225432 -0.496497 0.867746
bt 0.531975 -0.0128461 -0.846663
t 0.124484 -0.111724 -0.985911
bt 0.14443 -0.129655 0.980984
t -0.0290065 -0.460801 -0.887029
bt 0.487129 0.0415017 0.872344
t 0.0127393 -0.838938 -0.544078
bt 0.913368 -0.000730676 0.407133
t 0.00329887 -0.999913 0.0127745
bt 0.999962 0.000689159 -0.00871168
t -0.0204254 -0.821766 0.569459
bt 0.895979 0.0389833 -0.442383
t 0.204743 -0.536428 0.818734
bt 0.74617 -0.200326 -0.634901
t 0.228003 -0.155294 -0.961196
bt 0.389222 -0.265078 0.882179
t 0.0571907 -0.466849 -0.882486
bt 0.632171 -0.0558163 0.772816
t 0.0209942 -0.830695 -0.556331
bt 0.9098 -0.0107604 0.414908
t -0.00152128 -0.999917 -0.0128116
bt 0.999957 0.00274832 0.00883403
t -0.0262934 -0.830785 0.555972
bt 0.901504 0.0432631 -0.430602
t 0.0197729 -0.453603 0.890984
bt 0.593837 -0.00696026 -0.804555
t 0.102014 -0.0694869 -0.992353
bt 0.207997 -0.141651 0.967818
t -0.105961 -0.38134 -0.918342
bt 0.40442 0.168495 0.898918
t 0.0117785 -0.817999 -0.575098
bt 0.942661 -0.00243703 0.333744
t 0.00305025 -0.999898 0.0139825
bt 0.999975 -0.00142685 -0.0069827
t -0.00859619 -0.803491 0.595255
bt 0.927519 0.0384326 -0.371794
t 0.187812 -0.478983 0.857498
bt 0.824722 -0.172948 -0.538444
t 0.195028 -0.0980167 -0.975888
bt 0.52564 -0.264135 0.808663
t 0.051471 -0.430025 -0.901349
bt 0.720898 -0.0524112 0.691056
t 0.0164751 -0.807836 -0.589177
bt 0.939385 -0.00688892 0.342795
t -0.00225804 -0.999899 -0.0140134
bt 0.999975 -0.000709839 0.00698908
t -0.0216221 -0.812248 0.582912
bt 0.931291 0.0428206 -0.361749
t 0.0143223 -0.421529 0.906702
bt 0.666477 0.00573682 -0.745503
t -0.115186 -0.375663 -0.91957
bt 0.434218 0.143464 0.889311
t 0.0803784 -0.0404031 -0.995945
bt 0.290377 -0.145909 0.945723
t -0.0203013 -0.407079 -0.913167
bt 0.607295 0.05692 0.792435
t 0.00234667 -0.999992 0.0030978
bt 0.999998 0.00145184 -0.00130485
t 0.0122656 -0.802619 -0.596365
bt 0.95705 -0.000208508 0.289923
t 0.167062 -0.449271 0.877637
bt 0.874423 -0.154584 -0.459879
t -0.0141617 -0.796334 0.604691
bt 0.948083 0.0348929 -0.316103
t 0.166609 -0.0675179 -0.983709
bt 0.630976 -0.255796 0.732419
t 0.0454373 -0.413709 -0.909275
bt 0.781841 -0.046596 0.621734
t 0.0141355 -0.800498 -0.599169
bt 0.95573 0.00279224 0.294233
t -0.00180533 -0.999993 -0.00320148
bt 0.999999 -0.000609822 0.00129769
t -0.0156599 -0.798608 0.601648
bt 0.948763 0.0355524 -0.313981
t 0.0140467 -0.404792 0.914301
bt 0.726275 0.00567865 -0.687381
t 0.0650185 -0.0263357 -0.997536
bt 0.370527 -0.150221 0.916593
t -0.0134663 -0.395331 -0.91844
bt 0.655251 0.0628476 0.752793
t 0.00162636 -0.999947 -0.010198
bt 0.99999 -8.78349e-05 0.00450134
t 0.0133057 -0.801973 -0.597212
bt 0.949205 -0.00206365 0.31465
t 0.173712 -0.463788 0.868749
bt 0.860172 -0.167533 -0.481703
t -0.0131533 -0.805813 0.592023
bt 0.943446 0.0333612 -0.329845
t 0.163181 -0.072436 -0.983934
bt 0.637115 -0.282878 0.716983
t 0.0437503 -0.422288 -0.905405
bt 0.76174 -0.0508326 0.645886
t 0.0127117 -0.809808 -0.586557
bt 0.95168 -0.001494 0.307086
t -0.00216592 -0.999946 0.0102037
bt 0.999989 0.00117275 -0.0045098
t -0.0183065 -0.796904 0.603829
bt 0.941494 0.0296195 -0.335726
t 0.0167091 -0.408251 0.912717
bt 0.710502 -0.00643647 -0.703666
t 0.0755134 -0.0335131 -0.996581
bt 0.359282 -0.159528 0.919493
t -0.0188111 -0.395015 -0.918482
bt 0.64343 0.0497906 0.763884
t 0.00104101 -0.999925 -0.012193
bt 0.999974 0.00126072 0.00711593
t 0.0155457 -0.817316 -0.57598
bt 0.926731 -0.00944558 0.375607
t -0.0272399 -0.818648 0.57365
bt 0.920882 0.031922 -0.388533
t 0.0829866 -0.463739 0.882077
bt 0.763648 -0.145673 -0.628985
t 0.188159 -0.108946 -0.976077
bt 0.510455 -0.295499 0.807537
t 0.0385281 -0.444089 -0.895154
bt 0.675533 -0.0443361 0.735995
t 0.0135111 -0.826475 -0.562811
bt 0.92969 -0.00256346 0.368333
t 0.00316605 -0.999921 0.0121777
bt 0.999975 -0.000440232 -0.00709512
t -0.0233053 -0.809607 0.586509
bt 0.916329 0.0298483 -0.399312
t 0.0175815 -0.428607 0.90332
bt 0.639435 -0.0141461 -0.768715
t 0.0888894 -0.0514666 -0.994711
bt 0.265149 -0.153535 0.951905
t -0.0184635 -0.411421 -0.911258
bt 0.579107 0.041848 0.814177
t 0.000524665 -0.999899 -0.0141996
bt 0.999939 0.000773008 0.011015
t 0.0196477 -0.841828 -0.539388
bt 0.895899 -0.0162739 0.443959
t 0.097306 -0.469822 0.877382
bt 0.719646 -0.0923148 -0.688178
t -0.0297068 -0.84168 0.539159
bt 0.890824 0.0341275 -0.453066
t 0.124679 -0.53124 0.837997
bt 0.680505 -0.158287 -0.715443
t 0.167105 -0.129903 -0.977344
bt 0.338092 -0.262864 0.903657
t 0.0100093 -0.466248 -0.884598
bt 0.578123 -0.0268172 0.815509
t 0.0149575 -0.851724 -0.523776
bt 0.900917 -0.00435372 0.433969
t 0.00698543 -0.999876 0.0141177
bt 0.999939 -0.00121964 -0.0109799
t -0.0205898 -0.83247 0.553687
bt 0.884773 0.0253163 -0.465334
t 0.015945 -0.462093 0.886688
bt 0.567019 -0.0232464 -0.823377
t 0.105843 -0.0824005 -0.990963
bt 0.185463 -0.14408 0.972031
t -0.022817 -0.438032 -0.89867
bt 0.511595 0.0376044 0.858403
t -0.00345481 -0.999882 -0.0149538
bt 0.999866 0.000997581 0.0163129
t 0.0174206 -0.877065 -0.480056
bt 0.856768 -0.0169466 0.515423
t -0.0472132 -0.871397 0.488302
bt 0.856942 0.0339566 -0.514293
t 0.143353 -0.624521 0.76774
bt 0.566832 -0.124678 -0.814344
t 0.207305 -0.226971 -0.951582
bt 0.194004 -0.21236 0.95774
t 0.00932101 -0.527541 -0.849479
bt 0.495663 -0.0138399 0.868405
t -0.000396508 -0.883852 -0.467767
bt 0.867888 -0.0114065 0.496629
t 0.00327425 -0.999884 0.0148546
bt 0.999867 -0.000414385 -0.0163012
t -0.0302131 -0.864288 0.502088
bt 0.848292 0.0170564 -0.529254
t 0.0148133 -0.52208 0.852768
bt 0.494368 -0.0259407 -0.868866
t 0.124877 -0.136714 -0.982708
bt 0.114625 -0.125516 0.985448
t -0.0353723 -0.480881 -0.876072
bt 0.456782 0.0272586 0.889161
t -0.00275637 -0.99991 -0.0131617
bt 0.999753 0.00193861 0.0221242
t 0.00948673 -0.922439 -0.386026
bt 0.817191 -0.0194982 0.576037
t -0.0494058 -0.915851 0.398467
bt 0.825957 0.0247187 -0.563191
t 0.135022 -0.749113 0.648536
bt 0.465168 -0.0701415 -0.882439
t 0.196635 -0.33016 -0.923217
bt 0.0871606 -0.146293 0.985394
t 0.00732715 -0.634734 -0.772696
bt 0.433228 -0.00134301 0.901283
t -0.00189038 -0.928396 -0.371588
bt 0.833144 -0.0129634 0.552904
t 0.00152261 -0.999913 0.0130728
bt 0.999758 -0.000649691 -0.0219977
t -0.0382473 -0.909227 0.41454
bt 0.810273 0.0151563 -0.585857
t 0.00843254 -0.624406 0.781055
bt 0.43229 -0.0215806 -0.901476
t 0.145449 -0.244205 -0.958754
bt 0.0553434 -0.0929497 0.994132
t -0.0466921 -0.565068 -0.823722
bt 0.414059 0.0157859 0.910113
t -0.00111913 -0.968563 -0.248765
bt 0.785573 -0.0173638 0.618525
t -0.00130547 -0.999964 -0.00843835
bt 0.999661 0.00104046 0.0260126
t -0.0464384 -0.963307 0.264353
bt 0.802136 0.0147167 -0.59696
t 0.0929253 -0.889527 0.447332
bt 0.401563 -0.0134328 -0.915733
t 0.282373 -0.474126 -0.833948
bt 0.0950967 -0.159625 0.982587
t 0.203021 -0.629846 -0.749717
bt 0.0235603 -0.0726886 0.997076
t -0.00425441 -0.797787 -0.602925
bt 0.395046 0.0106266 0.9186
t -0.0056219 -0.971719 -0.236074
bt 0.804687 -0.00780196 0.593648
t 0.00104758 -0.999964 0.00837345
bt 0.999665 -0.000112498 -0.0258947
t -0.0366278 -0.960766 0.274931
bt 0.782688 0.00622391 -0.622383
t -0.0117735 -0.7792 0.626664
bt 0.391517 -0.015978 -0.920032
t 0.145835 -0.451919 -0.880058
bt 0.018093 -0.0560959 0.998261
t -0.113653 -0.638489 -0.761193
bt 0.380155 0.0251216 0.924582
t -0.0025353 -0.999995 -0.00178769
bt 0.999424 -0.00137914 0.0339004
t -0.00471498 -0.998898 -0.0466903
bt 0.76698 -0.00320279 0.641663
t -0.111749 -0.985921 0.124386
bt 0.793217 0.0122089 -0.608817
t 0.0103238 -0.995208 0.0972326
bt 0.382329 0.0444874 -0.922955
t 0.0423855 -0.828388 -0.558549
bt -0.000409046 0.00794857 0.999968
t -0.0310701 -0.980412 -0.194494
bt 0.38393 0.0147399 0.923244
t -0.00732824 -0.998969 -0.0447934
bt 0.79359 -0.00663911 0.608416
t 0.00263046 -0.999995 0.00161097
bt 0.999425 -0.00107938 -0.0338934
t -0.0264231 -0.997549 0.0647848
bt 0.766952 0.00246706 -0.641699
t -0.012178 -0.987571 0.156704
bt 0.371463 -0.00568111 -0.92843
t 0.0347977 -0.681509 -0.730982
bt 0.000707549 -0.0119182 0.999929
t -0.174781 -0.821951 -0.542078
bt 0.371113 0.00435119 0.928577
t 0.000626683 -0.999951 0.00982978
bt 0.999307 -0.00255921 0.0371227
t -0.00934511 -0.979278 0.202307
bt 0.777595 0.0146757 0.628595
t 0.0805852 -0.996488 -0.0227432
bt 0.793209 0.0124711 -0.608822
t 0.0145582 -0.979473 -0.201048
bt 0.803614 -0.0165864 -0.594919
t -0.0984982 -0.934408 -0.342315
bt 0.416111 0.094097 -0.904432
t 0.0486405 -0.950611 0.30655
bt -0.00050476 0.00981881 0.999952
t -0.22453 -0.851414 0.474004
bt 0.0246568 0.0934372 0.99532
t -0.0495546 -0.899609 0.433875
bt 0.400171 0.0137936 0.916337
t -0.0724311 -0.987715 0.138469
bt 0.808367 0.0398268 0.58733
t -0.0017944 -0.999951 -0.00974107
bt 0.999312 0.00271925 -0.0369818
t -0.00396946 -0.97844 -0.206495
bt 0.775355 -0.00725653 -0.631483
t -0.0953821 -0.927515 -0.361411
bt 0.386725 0.0219592 -0.921933
t 0.167733 -0.939276 0.299375
bt 0.371114 0.00433561 0.928577
t 0.0455391 -0.889115 0.455412
bt 0.000700402 -0.0117774 0.99993
t -0.192626 -0.730127 0.655598
bt 0.011328 0.0429163 0.999014
t -0.00223007 -0.845201 0.534444
bt 0.380604 -0.00520112 0.924723
t -0.0157997 -0.917431 0.397581
bt 0.820184 0.0209554 0.571716
t 0.00362083 -0.99984 0.0175052
bt 0.999615 0.00195961 0.0276661
t 0.0303838 -0.917797 -0.395885
bt 0.832743 -0.025352 -0.55308
t -0.151218 -0.746441 -0.648043
bt 0.501553 0.13009 -0.85529
t -0.255429 -0.406285 0.877319
bt 0.103622 0.164576 0.980906
t -0.0234988 -0.638148 0.769555
bt 0.449872 0.0185222 0.892901
t -0.00489408 -0.999839 -0.0172737
bt 0.999611 0.00381038 -0.027644
t -0.0225598 -0.98439 0.174551
bt 0.808852 0.0484087 0.586017
t -0.00845549 -0.927216 0.374433
bt 0.838392 0.00320718 0.545058
t -0.0290973 -0.629044 -0.776825
bt 0.434087 0.0144495 -0.900755
t 0.0167936 -0.908805 -0.416882
bt 0.812205 -0.0171527 -0.58312
t -0.163814 -0.260456 0.951487
bt 0.0581688 0.0924906 0.994013
t 0.0275782 -0.571558 0.820098
bt 0.414439 -0.0237338 0.909767
t -0.0240211 -0.857972 0.513134
bt 0.874668 0.0167206 0.484435
t 0.00125563 -0.999763 0.0217267
bt 0.999798 0.00226344 0.0199521
t 0.0301844 -0.861647 -0.50661
bt 0.872445 -0.0497206 -0.486176
t -0.149554 -0.586069 -0.796339
bt 0.625834 0.14529 -0.766304
t -0.215734 -0.198726 0.956016
bt 0.23835 0.21961 0.946024
t -0.0211 -0.505063 0.862825
bt 0.531353 0.012693 0.847055
t -0.00944716 -0.871025 0.491148
bt 0.88776 0.0099925 0.460197
t -0.00152459 -0.999764 -0.0216785
bt 0.999797 0.00291326 -0.0199466
t 0.0209251 -0.846629 -0.531772
bt 0.861765 -0.0307828 -0.506373
t -0.0301181 -0.498384 -0.866433
bt 0.518789 0.0136077 -0.854794
t -0.127449 -0.117407 0.984872
bt 0.135191 0.124522 0.982964
t 0.0251482 -0.459286 0.887933
bt 0.478694 -0.0356671 0.877257
t -0.0202743 -0.809009 0.587446
bt 0.931988 0.00750976 0.36241
t -0.000394599 -0.999657 0.026193
bt 0.999899 -0.00214284 0.0140578
t 0.0245763 -0.821665 -0.56944
bt 0.926002 -0.0514911 -0.373992
t -0.128633 -0.477364 -0.869239
bt 0.782724 0.134437 -0.607675
t -0.172806 -0.0927068 0.980583
bt 0.435014 0.233347 0.869662
t -0.0230575 -0.435291 0.899995
bt 0.663772 0.004636 0.747921
t -0.00475554 -0.82692 0.5623
bt 0.937374 -0.00762848 0.348242
t -0.00651832 -0.99964 -0.0260172
bt 0.999896 0.00378941 -0.01391
t 0.00837527 -0.803848 -0.594776
bt 0.920019 -0.0366814 -0.390154
t -0.024899 -0.423845 -0.905392
bt 0.65478 0.00862444 -0.75577
t -0.0889231 -0.0477095 0.994895
bt 0.271605 0.145689 0.951318
t 0.0135143 -0.406861 0.91339
bt 0.588522 -0.0501126 0.806927
t -0.00282953 -0.999455 0.0328832
bt 0.999973 -5.82707e-05 0.00740743
t -0.0128834 -0.77546 0.631265
bt 0.983478 0.000143299 0.18103
t 0.00640382 -0.799682 -0.60039
bt 0.979374 -0.0426974 -0.197492
t -0.104397 -0.409948 -0.906115
bt 0.938712 0.0675233 -0.338023
t -0.104382 -0.0235385 0.994259
bt 0.779358 0.175681 0.601446
t -0.0259121 -0.397071 0.917422
bt 0.875057 -0.00915162 0.483934
t -0.00546125 -0.800649 0.599109
bt 0.984724 -0.00992844 0.173838
t -0.00280886 -0.999456 -0.032874
bt 0.999972 -0.00050895 -0.00741871
t 0.00964265 -0.773455 -0.633778
bt 0.977288 -0.0354045 -0.208937
t -0.0117071 -0.381136 -0.924445
bt 0.873667 -0.00225874 -0.486518
t -0.0402334 -0.00907776 0.999149
bt 0.619731 0.139695 0.772282
t 0.0186752 -0.375218 0.926748
bt 0.739395 -0.105568 0.664944
t -0.00152841 -0.999178 0.0405032
bt 0.999992 -0.00109468 -0.00385928
t 0.00452094 -0.763781 0.64546
bt 0.996037 -0.0112129 -0.0882354
t -0.0044904 -0.798217 -0.602354
bt 0.997834 -0.0109349 0.0648674
t -0.0726288 -0.377266 -0.923253
bt 0.993499 -0.0376011 0.107451
t -0.0354638 0.00343323 0.999365
bt 0.960008 -0.0931691 0.264014
t -0.0297272 -0.38603 0.922007
bt 0.99403 -0.106505 0.0237072
t 0.000385085 -0.798401 0.602126
bt 0.997585 -0.00506436 -0.0692776
t 0.00522953 -0.998866 -0.0473119
bt 0.999857 0.000133245 0.0169256
t -0.0039842 -0.772438 -0.635077
bt 0.996705 -0.021222 0.078286
t 0.0118443 -0.373459 -0.927571
bt 0.993971 -0.106698 -0.0252255
t 0.0177664 -0.00173269 0.999841
bt 0.913773 -0.0886832 0.396426
t -0.00737227 -0.377763 0.925873
bt 0.952674 -0.196969 0.23155
t 0.0234531 -0.870598 0.491436
bt 0.793591 -0.0453317 -0.60676
t -0.029008 -0.992891 -0.115439
bt 0.906159 0.00145652 -0.422935
t -0.0626941 -0.387885 -0.919573
bt 0.914638 0.29004 0.281628
t 0.0037049 -0.735611 -0.677394
bt 0.939641 0.341093 -0.0270387
t -0.0576041 -0.383247 0.921848
bt 0.787351 0.17313 -0.591696
t -0.0422725 0.00409467 0.999098
bt 0.825995 -0.08017 -0.557947
t -0.0597044 0.00601995 0.998198
bt 0.724545 0.0800377 -0.684565
t -0.019861 -0.360217 0.932657
bt 0.813302 0.318783 -0.486741
t 0.0356429 -0.994067 0.102763
bt 0.90293 0.00140337 0.429786
t -0.0448583 -0.74359 0.667129
bt 0.965217 0.141104 0.220102
t 0.0489454 -0.476602 -0.877755
bt 0.637911 -0.169 0.751338
t -0.023004 -0.822604 -0.568148
bt 0.776228 -0.0326521 0.629606
t -0.0216198 -0.424573 0.905136
bt 0.514505 -0.0298095 -0.856969
t -0.0061784 -0.377875 0.925836
bt 0.729955 0.190063 -0.656538
t 0.0188321 -0.00183639 0.999821
bt 0.548839 -0.0532657 -0.834229
t 0.102247 -0.0787727 0.991635
bt 0.279301 -0.215109 -0.935799
t 0.016788 -0.0701215 -0.997397
bt 0.02833 -0.067197 -0.997337
t -0.0576103 0.15475 0.986273
bt -0.0116413 0.169639 0.985438
t 0.0707474 -0.266713 -0.961176
bt 0.312685 -0.119327 -0.942332
t -0.0189126 0.0695839 -0.997397
bt -0.0112222 0.071528 -0.997375
t -0.195128 0.144265 0.97011
bt -0.172403 0.16981 0.970279
t -0.0924481 -0.363184 -0.927119
bt 0.0913288 -0.0806358 -0.992551
t -0.102552 0.0625123 -0.992762
bt -0.101148 0.0647842 -0.99276
t -0.0637489 0.124748 0.990138
bt -0.0594094 0.131632 0.989517
t 0.0343786 0.0610964 0.99754
bt 0.0382192 0.0678991 0.99696
t 0.139715 -0.00173516 0.99019
bt 0.14384 0.0050837 0.989588
t -0.00920077 -0.359565 0.933075
bt 0.299887 -0.0208909 0.953746
t -0.137288 0.228559 -0.963801
bt -0.136578 0.228974 -0.963804
t 0.0148653 -0.297164 0.954711
bt 0.401715 -0.0580861 0.913921
t 0.0293841 -0.16394 0.986033
bt 0.062844 -0.153029 0.986221
t -0.00407418 -0.0753808 0.997146
bt 0.0291768 -0.066982 0.997328
t -0.00475586 -0.00112352 -0.999988
bt 0.0204225 0.00482459 -0.99978
t 0.049405 -0.418996 -0.906643
bt 0.332432 0.0416519 -0.942207
t 0.324892 -0.113036 -0.938972
bt 0.333447 -0.0825144 -0.939151
t 0.265514 -0.116035 -0.957099
bt 0.269183 0.112769 -0.956464
t -0.056414 -0.0836661 -0.994896
bt 0.0768412 0.0758502 -0.994154
t -0.269141 1.73214e-05 0.963101
bt -0.268996 0.00868934 0.963102
t 0.133328 -0.0111247 -0.99101
bt 0.130211 0.0160852 -0.991356
t 0.000217484 -0.00142868 0.999999
bt -0.000124634 0.000818745 1
t 0.253482 -0.0309041 0.966846
bt 0.253443 0.0342001 0.966746
t 0.00232224 -0.0152552 -0.999881
bt 0.00090929 -0.00597333 -0.999982
t -0.132602 -0.0315669 -0.990667
bt -0.133742 -0.0220338 -0.990771
t -0.253558 -0.0169376 -0.967172
bt -0.253591 -0.00670544 -0.967288
t 0.330863 -0.104511 0.937874
bt 0.339927 -0.0691298 0.937908
t 0.0731098 -0.385971 0.919609
bt 0.340262 0.0569885 0.938602
t -0.0687719 -0.0661705 0.995436
bt 0.117092 0.156071 0.980781
t -0.0106585 -0.230436 0.973029
bt 0.27161 0.138203 0.952432
t -0.0901912 -0.348887 -0.932815
bt 0.462049 0.738658 0.49081
t 0.0408433 -0.430699 -0.901571
bt 0.330178 0.81987 0.467757
t -0.20345 -0.258844 -0.94425
bt 0.561023 0.679212 0.473206
t 0.49142 -0.289657 0.821344
bt 0.760482 -0.44826 -0.46982
t 0.281199 -0.48737 0.826679
bt 0.413681 -0.716644 -0.561506
t 0.0456539 -0.0152875 0.99884
bt 0.234446 -0.0876515 -0.96817
t 0.0385168 -0.0101534 0.999206
bt 0.234731 -0.0617961 -0.970094
t 0.413018 -0.236482 0.879484
bt 0.780706 -0.448966 -0.434658
t 0.0150471 0.00237891 0.999884
bt 0.488728 -0.0333422 -0.871799
t -0.00951133 -0.309579 -0.950826
bt 0.998752 0.0107333 0.0487772
t -0.0321982 -0.711776 -0.701668
bt 0.933541 0.221618 0.281756
t 0.264965 -0.109327 0.95804
bt 0.866732 -0.363317 -0.341724
t -0.0798065 -0.717601 -0.691867
bt 0.864489 0.188131 0.466118
t -0.0050085 0.00228007 0.999985
bt 0.808998 0.087464 0.581268
t 0.0148029 0.00239234 0.999888
bt 0.890152 -0.053982 0.452454
t -0.00978936 -0.282415 0.959242
bt 0.892843 -0.208907 0.398985
t -0.00996519 -0.309575 -0.950823
bt 0.999785 0.00157256 0.0206548
t -0.0266421 -0.712098 -0.701575
bt 0.998725 -0.0249826 0.0438614
t 0.0726314 -0.013254 0.997271
bt 0.963831 -0.188225 -0.188681
t -0.0847599 -0.716447 -0.692473
bt 0.918287 0.0832402 0.387066
t 0.0431862 -0.35393 0.934274
bt 0.782608 -0.115099 0.611782
t -0.0170743 -0.00117371 0.999854
bt 0.689571 0.121916 0.713882
t -0.160075 -0.0185792 0.98693
bt 0.99256 0.115108 0.0396787
t -0.03656 -0.791087 0.610611
bt 0.993022 0.0594358 0.101856
t -0.0448573 -0.0119507 0.998922
bt 0.541614 0.144272 0.828154
t 0.0408173 -0.354289 0.934245
bt 0.623095 -0.195899 0.757217
t -0.371442 -0.170651 0.912638
bt 0.868596 0.399079 0.293729
t -0.0390825 -0.791194 0.610315
bt 0.990027 0.00915402 0.140581
t -0.0770424 -0.0353888 0.9964
bt 0.408935 0.187893 0.893011
t -0.478806 -0.39268 0.785206
bt 0.674268 0.552952 0.489497
t -0.121343 -0.0995181 0.987609
bt 0.173761 0.142535 0.974418
t -0.484723 -0.619898 0.617066
bt 0.461516 0.590252 0.662273
t -0.1475 -0.188634 0.970907
bt 0.0821669 0.105048 0.991067
t -0.398494 -0.804081 0.441199
bt 0.255788 0.515899 0.81757
t -0.145383 -0.293303 0.944901
bt 0.0345411 0.0697057 0.996969
t -0.23037 -0.938989 0.255401
bt 0.0817941 0.332973 0.939382
t -0.138146 -0.563352 0.814586
bt 0.00864519 0.0348269 0.999356
t -0.136602 -0.962572 -0.234085
bt 0.400031 0.0443939 -0.915426
t -0.00349704 -0.999275 0.0379201
bt 0.000172849 0.0500251 0.998748
t -0.00290938 -0.814667 0.579922
bt -0.000102543 -9.80161e-05 1
t 0.235898 -0.952837 -0.190928
bt 0.0631583 -0.255533 0.964735
t 0.168832 -0.682002 -0.711596
bt 0.0125819 -0.0508272 0.998628
t -0.00290876 -0.846266 -0.532753
bt -0.000102556 -9.80115e-05 1
t 0.421749 -0.805156 -0.416956
bt 0.252451 -0.481924 0.839058
t 0.165602 -0.316238 -0.934114
bt 0.0354646 -0.0677344 0.997073
t -0.225945 -0.513315 -0.827923
bt 0.378416 0.0619657 0.923559
t 0.511844 -0.570493 -0.642303
bt 0.499186 -0.556362 0.664285
t 0.148321 -0.165121 -0.975057
bt 0.103328 -0.115314 0.98794
t 0.429947 -0.264994 -0.86309
bt 0.761493 -0.469349 0.447034
t 0.0764029 -0.849364 -0.522249
bt 0.93967 -0.0624934 0.336326
t 0.0976207 -0.0601639 -0.993403
bt 0.235443 -0.14512 0.960992
t 0.215835 -0.0578662 -0.974714
bt 0.947928 -0.254181 0.191899
t 0.055003 -0.846749 -0.529142
bt 0.944817 -0.106253 0.30989
t 0.0475314 -0.0127369 -0.998789
bt 0.560211 -0.150224 0.814615
t 0.0415011 -0.403874 0.913873
bt 0.954665 -0.14402 -0.260525
t 0.0614575 -0.000479963 -0.99811
bt 0.999538 -0.00799412 0.029318
t -9.01411e-05 1.22865e-05 -1
bt 0.814242 -0.00651446 0.58049
t -0.226038 -0.0495324 -0.972858
bt 0.970143 0.212538 -0.116835
t 0.0544642 -0.770201 0.635472
bt 0.985547 0.0075495 0.169233
t -0.0458306 -0.0100555 -0.998899
bt 0.826094 0.180878 -0.533715
t -9.01304e-05 1.22837e-05 -1
bt 0.841565 -0.00673267 -0.540114
t -0.338718 -0.151243 -0.928652
bt 0.880635 0.393202 -0.264337
t 0.076139 -0.781837 0.618816
bt 0.936095 -0.042388 0.349184
t 0.0512697 -0.770614 0.635236
bt 0.951601 -0.132734 0.277194
t -0.0619711 -0.0276758 -0.997694
bt 0.391245 0.174685 -0.903555
t -0.0478197 -0.0104921 -0.998801
bt 0.460826 0.1009 -0.881736
t 0.0525735 -0.378141 -0.924254
bt 0.570124 -0.209991 -0.794269
t -0.512065 -0.361717 -0.77907
bt 0.71835 0.507467 -0.475868
t 0.0639031 -0.78457 0.616738
bt 0.902325 -0.136245 0.408958
t -0.106959 -0.0755819 -0.991387
bt 0.200202 0.141427 -0.969494
t -0.511588 -0.531497 -0.675121
bt 0.544623 0.56584 -0.61904
t -0.121135 -0.125836 -0.984628
bt 0.118338 0.122961 -0.985331
t -0.459534 -0.699156 -0.547731
bt 0.365778 0.556733 -0.745825
t -0.147146 -0.223903 -0.963439
bt 0.0687419 0.104607 -0.992135
t -0.358845 -0.839992 -0.406994
bt 0.20104 0.47034 -0.859281
t -0.153301 -0.358794 -0.920742
bt 0.029563 0.0692095 -0.997164
t -0.231303 -0.938067 -0.257933
bt 0.06873 0.278707 -0.957914
t -0.13063 -0.957841 -0.255884
bt 0.415063 0.198414 -0.887893
t -0.136643 -0.554189 -0.821099
bt 0.0128058 0.0519038 -0.99857
t -0.0991881 -0.987789 -0.12014
bt 0.0134352 0.134815 -0.99078
t -0.16645 -0.970155 -0.176332
bt 0.395203 0.0711431 -0.915835
t -0.0843521 -0.839282 -0.537113
bt 0.00173559 0.0173142 -0.999849
t 0.0204 -0.999787 0.00310494
bt 0.000340625 -0.0168367 -0.999858
t 0.0254975 -0.999596 -0.0125554
bt 0.372417 -0.009498 -0.928017
t 0.0203991 -0.999742 -0.0099918
bt -5.282e-06 0.000115353 -1
t 0.120909 -0.98686 0.107185
bt 0.0183403 -0.150581 -0.988427
t 0.00038768 -0.998747 0.0500366
bt 0.371461 -0.12801 -0.919581
t 0.107095 -0.874165 0.473673
bt 0.00209127 -0.0171317 -0.999851
t 0.227144 -0.950192 0.213403
bt 0.065763 -0.275107 -0.959162
t 0.150772 -0.630382 0.761502
bt 0.0121388 -0.0512143 -0.998614
t 0.0858215 -0.967887 0.236281
bt 0.802366 -0.075001 -0.5921
t 0.353305 -0.868241 0.348328
bt 0.160975 -0.395541 -0.904231
t -0.0685426 -0.936157 -0.344836
bt 0.781042 0.0687127 0.620687
t 0.139023 -0.861055 -0.489138
bt 0.420042 -0.071693 0.904668
t 0.157681 -0.387537 0.908269
bt 0.0276374 -0.0678695 -0.997311
t 0.0545083 -0.964288 0.259187
bt 0.802939 -0.0817547 -0.590428
t 0.455871 -0.743632 0.489074
bt 0.283645 -0.462925 -0.839789
t 0.311792 -0.843604 0.437169
bt 0.549953 -0.300404 -0.7793
t -0.0796226 -0.893369 -0.442212
bt 0.792095 0.100734 0.602029
t -0.16028 -0.900554 -0.404121
bt 0.782431 0.0619754 0.619645
t 0.0738794 -0.805647 -0.587771
bt 0.422241 -0.0787997 0.903052
t 0.15912 -0.259584 0.952522
bt 0.0618443 -0.100909 -0.992972
t 0.513579 -0.610131 0.603306
bt 0.423809 -0.503524 -0.752894
t 0.260174 -0.817751 0.513413
bt 0.574801 -0.384601 -0.722278
t -0.137579 -0.87021 -0.473081
bt 0.796864 0.0842411 0.598257
t 0.143517 -0.170472 0.974855
bt 0.0983596 -0.116886 -0.988263
t 0.5384 -0.483261 0.690351
bt 0.55358 -0.496906 -0.668306
t 0.126641 -0.11366 0.985415
bt 0.146868 -0.131843 -0.98033
t 0.116168 -0.502305 -0.856851
bt 0.678939 -0.103361 0.726882
t 0.532571 -0.362723 0.764722
bt 0.687777 -0.468416 -0.554571
t 0.111406 -0.0758838 0.990874
bt 0.213586 -0.145458 -0.966035
t 0.0964801 -0.492805 -0.864775
bt 0.716993 -0.152301 0.68024
t 0.490339 -0.246415 0.835971
bt 0.799119 -0.401568 -0.447384
t 0.0792965 -0.0398594 0.996054
bt 0.283558 -0.142482 -0.948311
t 0.449443 -0.182174 0.874536
bt 0.862001 -0.349439 -0.367215
t 0.062817 -0.0254433 0.997701
bt 0.351737 -0.142604 -0.925173
t 0.414953 -0.18422 0.890998
bt 0.859176 -0.381465 -0.34103
t 0.0776845 -0.034477 0.996382
bt 0.367354 -0.163112 -0.915667
t 0.467378 -0.270589 0.841629
bt 0.774514 -0.448375 -0.446193
t 0.32916 -0.551666 0.766367
bt 0.854208 -0.29173 -0.430375
t 0.0929003 -0.0537891 0.994221
bt 0.264872 -0.153375 -0.952008
t 0.334674 -0.260182 0.905703
bt 0.601302 -0.467495 -0.647985
t 0.151208 -0.491629 0.857576
bt 0.791765 -0.183927 -0.582477
t 0.107578 -0.0834984 0.990684
bt 0.180118 -0.140171 -0.973606
t 0.398504 -0.436281 0.806755
bt 0.395763 -0.433239 -0.809738
t 0.120608 -0.13204 0.98388
bt 0.112364 -0.123041 -0.98602
t 0.354884 -0.595831 0.720446
bt 0.173056 -0.290502 -0.941095
t 0.146428 -0.245848 0.958184
bt 0.0522241 -0.087712 -0.994776
t 0.271411 -0.841511 0.467113
bt 0.0420766 -0.130755 -0.990521
t 0.427375 -0.717566 0.549954
bt 0.189525 -0.318169 -0.928896
t 0.148186 -0.459206 0.875883
bt 0.0168425 -0.0522206 -0.998494
t 0.152449 -0.925137 -0.34768
bt 0.402849 -0.0598151 0.91331
t -0.0149961 -0.998603 0.0506631
bt 0.793686 -0.00867032 -0.608266
t 0.0505601 -0.988154 0.1449
bt -0.00285331 0.0557199 -0.998442
t 0.0334367 -0.651994 0.757486
bt 0.000778347 -0.0172158 -0.999852
t 0.0330223 -0.999359 0.0138552
bt 0.793682 -0.00839383 -0.608275
t -0.244218 -0.926054 -0.287716
bt 0.060764 0.23035 -0.971209
t -0.010108 -0.982979 0.183442
bt 0.797865 -0.0626206 0.599575
t -0.191282 -0.725036 -0.661615
bt 0.00892379 0.0338036 -0.999389
t 0.0450018 -0.88043 -0.472036
bt 0.000767946 -0.0170109 -0.999855
t -0.416281 -0.661754 -0.623531
bt 0.219732 0.349542 -0.91079
t 0.167709 -0.9373 0.30552
bt 0.799033 -0.0543613 0.598825
t -0.153106 -0.243429 -0.957758
bt 0.0526183 0.0836655 -0.995104
t 0.236006 -0.452355 -0.860044
bt 0.368374 -0.0569724 -0.92793
t -0.437647 -0.40317 -0.803691
bt 0.448247 0.412978 -0.792795
t -0.1299 -0.119665 -0.984279
bt 0.124839 0.114986 -0.985491
t -0.391268 -0.209895 -0.896021
bt 0.69821 0.374535 -0.610104
t -0.0962409 -0.051635 -0.994018
bt 0.266361 0.142876 -0.953225
t -0.296101 -0.0667564 -0.952821
bt 0.915643 0.206406 -0.344957
t -0.0474292 -0.0106999 -0.998817
bt 0.638734 0.143979 -0.755836
t -0.042335 -0.386733 0.92122
bt 0.973583 0.148389 0.173542
t -0.226733 0.0219971 -0.973708
bt 0.995149 -0.0965823 0.0187355
t 0.015413 -0.00150429 -0.99988
bt 0.917521 -0.0890468 -0.387589
t -0.173603 -0.0345719 -0.984209
bt 0.905398 0.11695 0.408139
t 0.100304 -0.0772761 -0.991951
bt 0.28324 -0.218142 0.933911
t 0.0159959 -0.00156111 -0.999871
bt 0.565526 -0.0548854 0.822902
t -0.018768 -0.370868 -0.928496
bt 0.602359 0.246256 0.75929
t -0.0567178 -0.191047 -0.979941
bt 0.781647 0.149042 -0.605652
t -0.0121376 -0.572147 -0.820062
bt 0.806955 -0.403249 -0.431524
t 0.518391 -0.655318 -0.549389
bt 0.396189 -0.0861929 -0.914115
t -0.221055 -0.54936 -0.805815
bt 0.37176 0.0704543 -0.925651
t 0.495855 -0.779171 -0.383433
bt 0.693845 0.0369148 -0.719178
t -0.315083 -0.665947 0.676193
bt 0.120365 -0.0335236 0.992164
t -0.482139 -0.854043 0.195327
bt -0.0473091 -0.0836132 0.995375
t 0.400004 -0.693121 0.59965
bt 0.0890768 -0.154529 0.983965
t 0.516303 -0.710069 0.478783
bt 0.370373 -0.0183429 0.928702
t 0.540852 -0.717058 0.439667
bt 0.695233 0.0241299 0.718379
t -0.0157844 -0.231895 0.972613
bt 0.913848 -0.287533 0.286717
t -0.0278964 -0.0813556 0.996295
bt 0.921512 0.208679 0.327519
t -0.0179235 -0.179014 0.983683
bt 0.815518 0.169314 0.553411
t -0.037037 -0.569689 0.821026
bt 0.883719 -0.337631 0.324107
t -0.0131628 -0.0776693 -0.996892
bt 0.944931 0.221027 -0.241355
t -0.0132934 -0.00314219 -0.999907
bt 0.88375 0.208762 -0.418814
t 0.0143536 -0.00378522 -0.99989
bt 0.957897 -0.252179 -0.13726
t -0.0313105 -0.228311 -0.973085
bt 0.948068 -0.267867 -0.171506
t 0.350472 -0.607047 -0.713206
bt 0.194394 -0.336605 -0.921362
t -0.490909 -0.869626 -0.0525347
bt -0.324149 -0.574371 -0.751682
t 0.0133596 -0.00352354 0.999905
bt 0.95988 -0.252701 0.121543
t -0.00442023 -0.00104614 0.99999
bt 0.82017 0.193743 0.538317
t -0.0728752 -0.976674 0.201982
bt 0.269195 0.0051081 -0.963072
t -0.227236 -0.967593 -0.110123
bt 0.367359 0.0536916 -0.928528
t -0.0976145 -0.357806 -0.92868
bt 0.393884 0.316394 -0.862989
t -0.0527089 -0.386477 -0.920792
bt 0.603718 -0.200021 -0.771697
t 0.0549266 -0.725179 -0.686366
bt 0.743344 -0.336154 -0.578308
t -0.0580538 0.00622479 0.998294
bt 0.353274 0.0560165 0.933841
t -0.0110037 -0.359008 0.93327
bt 0.476071 -0.24565 0.844401
t -0.0665958 -0.900556 0.429609
bt 0.365161 0.0413432 0.930026
t -0.121817 -0.876708 -0.465343
bt 0.253605 0.00168913 0.967306
t -0.0364931 -0.611764 -0.790198
bt 0.139164 -0.0250719 0.989952
t 0.0379651 -0.249389 0.967659
bt 0.00351789 -0.0230897 -0.999727
t -0.0677017 -0.442418 0.89425
bt 0.133314 -0.0109172 -0.991014
t 0.00999791 -0.793874 -0.608
bt 0.37093 0.0699192 -0.926025
t -0.190914 -0.0366627 -0.980922
bt 0.844389 0.0969228 -0.52689
t -0.192528 -0.245866 -0.949991
bt 0.540587 0.638205 -0.548143
t 0.0874701 -0.717471 0.691075
bt 0.726988 -0.353724 0.588529
t 0.0366547 -0.240782 -0.969887
bt 0.00270616 -0.0177579 0.999839
t -0.10063 -0.371971 -0.922774
bt 0.313045 0.195026 0.929499

