g sponza_190
t -0.33382 -0.942439 -0.0193285
bt 0.310281 -0.111751 -0.944054
t -0.413502 -0.908103 -0.0660741
bt 0.300899 -0.145643 -0.942469
t -0.412127 -0.908437 0.0699535
bt -0.300589 0.146029 -0.942508
t -0.34688 -0.937687 -0.0204358
bt -0.273935 0.207213 -0.93916
t -0.415624 -0.907552 0.0600453
bt -0.295355 0.156954 -0.942407
t -0.610465 -0.780103 0.137009
bt -0.628501 0.573597 -0.525332
t -0.58775 -0.805727 0.0731678
bt -0.633365 0.622003 -0.460392
t -0.858413 -0.512932 0.0052721
bt -0.0188828 0.200312 -0.97955
t -0.895708 -0.444472 -0.0123012
bt -0.407919 0.0205101 -0.912788
t -0.962272 -0.265718 0.0585401
bt -0.101213 0.424522 -0.899743
t -0.961597 -0.260082 0.0876814
bt -0.07806 0.498039 -0.863634
t -0.826436 -0.529593 0.191139
bt -0.301081 0.630603 -0.715325
t -0.798769 -0.588813 0.123563
bt -0.481448 0.608204 -0.631107
t -0.586266 -0.809916 0.0181099
bt -0.183484 0.249588 -0.95081
t -0.681994 -0.730401 0.0373877
bt -0.106497 0.269366 -0.957131
t -0.742006 -0.668137 0.0549499
bt -0.031124 0.286143 -0.957681
t -0.810609 -0.585357 -0.01646
bt 0.0825201 0.313148 -0.946113
t -0.910484 -0.373166 0.178229
bt -0.0540322 0.577937 -0.81429
t -0.870275 -0.453396 0.192492
bt -0.11211 0.633822 -0.765311
t -0.811251 -0.584276 -0.0222082
bt 0.0888414 0.31722 -0.944182
t -0.71043 -0.669563 0.216737
bt -0.577511 0.536352 -0.615474
t -0.447756 -0.893307 -0.0389462
bt -0.241403 0.261892 -0.934418
t -0.756663 -0.653106 0.030235
bt 0.0218092 -0.293637 -0.955668
t -0.802703 -0.594979 -0.0408435
bt 0.124366 -0.170933 -0.977402
t -0.802734 -0.59495 0.0406489
bt -0.124366 0.170933 -0.977402
t -0.603024 -0.796057 0.0515246
bt 0.150959 -0.290979 -0.944745
t -0.434121 -0.900842 0.00483311
bt -0.300799 0.145595 -0.942508
t -0.936345 -0.247098 0.249398
bt -0.0198576 -0.902973 -0.429238
t -0.509765 -0.462548 0.725389
bt -0.162381 -0.802705 -0.573844
t -0.458554 -0.680865 0.571097
bt -0.124352 -0.857061 -0.499983
t -0.911931 -0.351583 0.211594
bt 0.00568693 -0.939643 -0.342111
t -0.962273 -0.265715 -0.058533
bt 0.0135198 -0.444133 -0.895859
t -0.899342 -0.416969 0.131608
bt -0.0224183 -0.249125 -0.968212
t -0.858501 -0.512793 -0.00438165
bt -0.0135322 -0.218801 -0.975676
t -0.976141 -0.216907 -0.00999497
bt -0.00461517 -0.512831 -0.858477
t -0.603024 -0.796057 0.0515246
bt 0.150959 -0.290979 -0.944745
t -0.949795 -0.258078 0.176874
bt -0.0268403 -0.811346 -0.58395
t -0.957355 -0.268023 0.107862
bt -0.0387359 -0.730617 -0.681688
t -0.710441 -0.689767 0.139624
bt -0.0360901 -0.402134 -0.914869
t -0.967719 -0.251851 0.00958561
bt -0.0357908 -0.594147 -0.80356
t -0.816475 -0.570835 0.0866966
bt -0.176419 -0.372139 -0.911257
t -0.756663 -0.653106 0.030235
bt 0.0218092 -0.293637 -0.955668
t -0.959013 -0.280854 0.0376112
bt -0.0431828 -0.666315 -0.744419
t -0.814107 -0.578381 0.0520111
bt -0.105448 -0.327867 -0.93882
t -0.635631 -0.642371 0.428175
bt -0.273365 -0.712933 -0.645754
t -0.976683 0.192063 -0.0959325
bt 0.0329659 -0.453091 -0.890855
t -0.976683 -0.192063 0.0959325
bt -0.0332322 -0.453139 -0.89082
t -0.979509 0.200532 -0.0186919
bt 0.0103278 -0.513719 -0.857896
t -0.964281 0.182768 -0.191724
bt 0.0653028 -0.734547 -0.675409
t -0.953258 0.22294 -0.203952
bt 8.82657e-05 -0.806751 -0.590892
t -0.966008 0.245707 -0.0803508
bt 0.0422619 -0.666169 -0.744603
t -0.972726 0.227596 -0.0447743
bt 0.0374374 -0.594395 -0.803301
t -0.964281 0.182768 -0.191724
bt 0.0223004 -0.727855 -0.685368
t -0.938897 0.223347 -0.261894
bt -0.0172917 -0.89728 -0.441122
t -0.45751 0.695541 -0.553992
bt 0.118829 -0.851985 -0.509903
t -0.519255 0.522234 -0.676495
bt 0.144628 -0.787044 -0.599704
t -0.908116 0.364904 -0.205356
bt -0.0135741 -0.938625 -0.344673
t -0.860038 0.510078 -0.0124028
bt 0.0847412 -0.258378 -0.96232
t -0.846566 0.318058 -0.426808
bt 0.068048 -0.270016 -0.960448
t -0.962274 0.265713 0.0585293
bt -0.0134946 -0.444138 -0.895857
t -0.94484 0.323675 -0.0501298
bt 0.0281396 -0.728825 -0.684121
t -0.637227 0.665797 -0.388143
bt 0.134272 -0.598731 -0.789615
t -0.716095 0.649449 -0.255781
bt 0.185986 -0.525653 -0.83012
t -0.766586 0.628341 -0.132414
bt 0.177 -0.442766 -0.878993
t -0.815155 0.575514 -0.0656151
bt 0.176375 -0.372113 -0.911276
t -0.811239 0.584297 -0.0220944
bt 0.10545 -0.327869 -0.93882
t -0.945657 0.320786 -0.0531812
bt 0.0331385 -0.729645 -0.683022
t -0.858501 -0.512793 -0.00438165
bt -0.0135322 -0.218801 -0.975676
t -0.899342 -0.416969 0.131608
bt -0.0224183 -0.249125 -0.968212
t -0.710441 -0.689767 0.139624
bt -0.0360901 -0.402134 -0.914869
t -0.807027 -0.590393 -0.0119903
bt 0.124366 -0.170933 -0.977402
t -0.80359 -0.594134 0.035323
bt -0.124366 0.170933 -0.977402
t -0.0357567 -0.995625 -0.0863275
bt -0.381457 0.0800032 -0.920918
t 0 -1 0
bt -0.373432 0.21856 -0.901543
t -0.106854 -0.988516 -0.106854
bt -0.702752 0.110815 -0.702752
t -0.106854 -0.988516 -0.106854
bt -0.702752 0.110815 -0.702752
t 0 -1 0
bt 0.38271 0 -0.923869
t 0 -1 0
bt 0.38271 0 -0.923869
t -1 0 0
bt 0 -1 0
t -1 0 0
bt 0 -1 0
t -1 0 0
bt 0 -1 0
t -1 0 0
bt 0 -1 0
t -0.64082 -0.422727 0.64082
bt 0.0568833 -0.996759 -0.0568833
t -0.655926 -0.373526 0.655926
bt 0 -1 0
t -0.341601 -0.450699 0.82473
bt 0.0284543 -0.997232 -0.0686973
t -0.341601 -0.450699 0.82473
bt 0.0284543 -0.997232 -0.0686973
t -0.36282 0.317896 -0.875959
bt 0 -1 0
t -0.352841 0.387074 -0.851866
bt -0.0182706 -0.99886 -0.0441107
t -0.675443 0.295896 -0.675443
bt 0 -1 0
t -0.675443 0.295896 -0.675443
bt 0 -1 0
t -0.997153 0 0.0754052
bt -0.211473 0 -0.977384
t -0.99991 0 0.0134443
bt -0.00238969 0 -0.999997
t -0.993831 0 0.110905
bt -0.313633 0 -0.949544
t -0.993831 0 0.110905
bt -0.313633 0 -0.949544
t -0.99576 0 0.0919899
bt -0.0385444 0 -0.999257
t -0.995722 0 0.0923992
bt -0.0385444 0 -0.999257
t -0.995191 0 -0.0979492
bt 0.0220854 0 -0.999756
t -0.995191 0 -0.0979492
bt 0.0273158 0 -0.999627
t -0.994149 0 0.108016
bt -0.0329804 0 -0.999456
t -0.99601 0 0.0892449
bt -0.0412566 0 -0.999149
t -0.995722 0 0.0923992
bt -0.0385444 0 -0.999257
t -0.99576 0 0.0919899
bt -0.0385444 0 -0.999257
t -0.956721 0 -0.291008
bt 0.074348 0 -0.997232
t -0.946347 0 -0.323151
bt 0.014629 0 -0.999893
t 0 -1 0
bt -0.707207 0 -0.707007
t 0 -1 0
bt -0.923908 0 -0.382615
t 0 -1 0
bt -0.923908 0 -0.382615
t 0 -1 0
bt -0.707207 0 -0.707007
t 0 -1 0
bt 0 0 -1
t 0 -1 0
bt 0 0 -1
t 0 -1 0
bt 0 0 -1
t 0 -1 0
bt 0 0 -1
t -0.923874 0 -0.382697
bt 0 -1 0
t -0.917165 -0.120292 0.379918
bt 0 -1 0
t -0.917165 -0.120292 0.379918
bt 0 -1 0
t -0.917907 0.113469 -0.380226
bt 0 -1 0
t -0.707157 0 0.707057
bt -0.0279208 -0.99922 0.0279169
t -0.66714 -0.331625 0.667045
bt 0 -1 0
t -0.671622 0.31301 -0.671527
bt 0 -1 0
t -0.671622 0.31301 -0.671527
bt 0 -1 0
t 0.333847 -0.942431 0.0192487
bt -0.310281 -0.111751 0.944054
t 0.413504 -0.908106 0.0660085
bt -0.300831 -0.145593 0.942498
t 0.419637 -0.906403 -0.0483622
bt 0.300791 0.145931 0.942459
t 0.328012 -0.94397 -0.0364536
bt 0.309949 0.11267 0.944054
t 0.756656 -0.653115 -0.0301888
bt -0.0218265 -0.293623 0.955672
t 0.802713 -0.59497 0.040784
bt -0.124366 -0.170933 0.977402
t 0.802719 -0.594964 -0.0407422
bt 0.124366 0.170933 0.977402
t 0.746126 -0.664932 -0.0340755
bt 0.157501 0.179751 0.971022
t 0.602983 -0.796085 -0.0515678
bt -0.150898 -0.290919 0.944773
t 0.579617 -0.813767 -0.042741
bt 0.239531 0.175451 0.954904
t 0.936346 -0.247091 -0.249402
bt 0.0198475 -0.902972 0.429241
t 0.509627 -0.462606 -0.725449
bt 0.162456 -0.802703 0.573825
t 0.458557 -0.680829 -0.571137
bt 0.124392 -0.857098 0.49991
t 0.911936 -0.351565 -0.211602
bt -0.00565313 -0.939647 0.3421
t 0.962273 -0.265716 0.0585363
bt -0.0134956 -0.444138 0.895857
t 0.899339 -0.416939 -0.131726
bt 0.0224211 -0.249126 0.968211
t 0.8585 -0.512794 0.00439074
bt 0.0135383 -0.218804 0.975675
t 0.976143 -0.216898 0.00997773
bt 0.00463204 -0.512833 0.858476
t 0.602983 -0.796085 -0.0515678
bt -0.150898 -0.290919 0.944773
t 0.949797 -0.258065 -0.176885
bt 0.0268546 -0.811348 0.583946
t 0.944855 -0.323621 -0.0501867
bt 0.0281188 -0.728822 0.684126
t 0.710442 -0.689766 -0.139625
bt 0.0360848 -0.402129 0.914872
t 0.967715 -0.251864 -0.00956573
bt 0.0357437 -0.59414 0.803567
t 0.816483 -0.570801 -0.0868441
bt 0.176362 -0.372104 0.911282
t 0.756656 -0.653115 -0.0301888
bt -0.0218265 -0.293623 0.955672
t 0.959004 -0.28089 -0.0375668
bt 0.0431246 -0.666306 0.74443
t 0.814117 -0.578357 -0.0521279
bt 0.105428 -0.327855 0.938827
t 0.945679 -0.320708 -0.0532642
bt 0.0331293 -0.729644 0.683024
t 0.635526 -0.642371 -0.428329
bt 0.273382 -0.712882 0.645803
t 0.976683 0.192063 0.0959325
bt -0.0329218 -0.453083 0.89086
t 0.976683 -0.192063 -0.0959325
bt 0.0332721 -0.453146 0.890815
t 0.983206 0.156662 0.0936126
bt -0.0212706 -0.515372 0.856703
t 0.964276 0.182767 0.19175
bt -0.0509446 -0.732504 0.678854
t 0.964281 -0.182768 -0.191724
bt 0.0649864 -0.734503 0.675487
t 0.954945 0.175388 0.239414
bt -0.0333484 -0.812336 0.582235
t 0.971017 0.179544 0.157764
bt -0.0391663 -0.665677 0.745212
t 0.977398 0.170644 0.124792
bt -0.0440227 -0.595377 0.80224
t 0.964281 -0.182768 -0.191724
bt 0.0393681 -0.73068 0.681584
t 0.954945 0.175388 0.239414
bt -0.0551446 -0.815497 0.576129
t 0.942469 0.145643 0.300899
bt -0.0265192 -0.903848 0.427032
t 0.944054 0.11221 0.310115
bt -0.0362987 -0.943957 0.328065
t 0.8585 -0.512794 0.00439074
bt 0.0135383 -0.218804 0.975675
t 0.899339 -0.416939 -0.131726
bt 0.0224211 -0.249126 0.968211
t 0.890781 -0.453213 -0.0332698
bt 0.0959542 0.192062 0.976681
t 0.856162 -0.516057 -0.0259172
bt 0.0934054 0.156665 0.983225
t 0.710442 -0.689766 -0.139625
bt 0.0360848 -0.402129 0.914872
t 0.680464 -0.731455 -0.044067
bt 0.19175 0.182767 0.964276
t 0.807021 -0.5904 0.0120327
bt -0.124366 -0.170933 0.977402
t 0.803597 -0.594127 -0.0352808
bt 0.124366 0.170933 0.977402
t 0 -1 0
bt -0.38271 0 0.923869
t 0 -1 0
bt 0.38271 0 0.923869
t 0 -1 0
bt 0.38271 0 0.923869
t 0 -1 0
bt -0.38271 0 0.923869
t 1 0 0
bt 0 -1 0
t 1 0 0
bt 0 -1 0
t 1 0 0
bt 0 -1 0
t 1 0 0
bt 0 -1 0
t 0.640836 -0.42268 -0.640836
bt -0.0568909 -0.996758 0.0568909
t 0.655939 -0.373482 -0.655939
bt 0 -1 0
t 0.341615 -0.45063 -0.824762
bt -0.0284597 -0.997231 0.0687105
t 0.341615 -0.45063 -0.824762
bt -0.0284597 -0.997231 0.0687105
t 0.995758 0 -0.0920135
bt 0.0385333 0 0.999257
t 0.99572 0 -0.0924229
bt 0.0385333 0 0.999257
t 0.999992 0 -0.0040795
bt 0 0 1
t 0.999992 0 -0.0040795
bt 0 0 1
t 1 0 0
bt 0.00406883 0 0.999992
t 1 0 0
bt -0.00377722 0 0.999993
t 0.994151 0 -0.107995
bt 0.0330051 0 0.999455
t 0.996005 0 -0.0892942
bt 0.0412456 0 0.999149
t 0.99572 0 -0.0924229
bt 0.0385333 0 0.999257
t 0.995758 0 -0.0920135
bt 0.0385333 0 0.999257
t 0 -1 0
bt 0 0 1
t 0 -1 0
bt 0 0 1
t 0 -1 0
bt 0 0 1
t 0 -1 0
bt 0 0 1
t 0.923916 0 0.382595
bt 0 -1 0
t 0.917202 -0.120312 -0.379822
bt 0 -1 0
t 0.917202 -0.120312 -0.379822
bt 0 -1 0
t 0.923916 0 0.382595
bt 0 -1 0
t 0.707207 0 -0.707007
bt 0.0279183 -0.999221 -0.0279104
t 0.667175 -0.331673 -0.666986
bt 0 -1 0
t -0.999795 0 0.020249
bt 0 0 -1
t -0.99995 0 -0.00997983
bt 5.08474e-05 0 -1
t -0.999911 0 0.0133547
bt -0.0217663 0 -0.999763
t -0.999795 0 0.020249
bt 0 0 -1
t -0.999771 0 0.0214112
bt -0.0433875 0 -0.999058
t -1 0 -0.000435959
bt -0.065268 0 -0.997868
t -0.99788 0 0.0650749
bt 0.000436121 0 -1
t -0.99788 0 0.0650749
bt 0.000436121 0 -1

