g sponza_111
t 0 0 1
bt -0.141099 -0.989993 -0.0022671
t 0 0 1
bt -0.141099 -0.989995 0
t 0 0 1
bt -0.235399 -0.971897 -0.0015184
t 0 0 1
bt -0.246602 -0.969116 -0.00144295
t -1 0 0
bt 0.00285509 -0.992867 -0.119196
t -1 0 0
bt 0.00252293 -0.977289 -0.211898
t -1 0 0
bt 0.00189681 -0.97729 -0.211898
t -1 0 0
bt 0.00285509 -0.992867 -0.119196
t -1 0 0
bt -0.000361115 -1 0
t -1 0 0
bt 0.000374936 -1 0
t -1 0 0
bt -0.000361115 -1 0
t -1 0 0
bt -0.000361115 -1 0
t 0 0 -1
bt 0 -1 -0.000342686
t 0 0 -1
bt 0 -1 0
t 0 0 -1
bt 0 -1 -0.000342686
t 0 0 -1
bt 0 -1 -0.000342686
t 0 0 1
bt -0.802857 -0.59572 0.023222
t 0 0 1
bt -0.799843 -0.593483 0.0896047
t 0 0 1
bt -0.802857 -0.59572 0.023222
t 0 0 1
bt -0.802857 -0.59572 0.023222
t -1 0 0
bt 0.656673 -0.498505 -0.565927
t -1 0 0
bt -0.648435 -0.503194 -0.571251
t -1 0 0
bt 0.656673 -0.498505 -0.565927
t -1 0 0
bt 0.656673 -0.498505 -0.565927
t 0 0 1
bt 0.706506 -0.707706 0.00112506
t 0 0 1
bt 0.706506 -0.707707 0
t 0 0 1
bt 0.706506 -0.707706 0.00112506
t 0 0 1
bt 0.706506 -0.707706 0.00112506
t -1 0 0
bt -0.000672129 -0.765378 0.643581
t -1 0 0
bt 0.000720105 -0.765378 0.643581
t -1 0 0
bt -0.000672129 -0.765378 0.643581
t -1 0 0
bt -0.000672129 -0.765378 0.643581
t 0 0 1
bt -0.743891 -0.668292 0.00336224
t 0 0 1
bt -0.743896 -0.668296 0
t 0 0 1
bt -0.743891 -0.668292 0.00336224
t 0 0 1
bt -0.743891 -0.668292 0.00336224
t -1 0 0
bt -0.00441015 -0.729483 -0.683984
t -1 0 0
bt -0.00999676 -0.729454 -0.683957
t -1 0 0
bt -0.00441015 -0.729483 -0.683984
t -1 0 0
bt -0.00441015 -0.729483 -0.683984
t 0 0 1
bt 0.743894 -0.668295 -0.00197546
t 0 0 1
bt 0.743896 -0.668296 0
t 0 0 1
bt 0.743894 -0.668295 -0.00197546
t 0 0 1
bt 0.743894 -0.668295 -0.00197546
t -1 0 0
bt 0.00276281 -0.729488 0.683988
t -1 0 0
bt 0.0119615 -0.729438 0.683942
t -1 0 0
bt 0.00276281 -0.729488 0.683988
t -1 0 0
bt 0.00276281 -0.729488 0.683988
t 0 0 1
bt -0.4309 -0.9024 -7.28234e-06
t 0 0 1
bt -0.413786 -0.910374 7.72997e-05
t 0 0 1
bt -0.496397 -0.868095 -0.000126751
t 0 0 1
bt -0.496397 -0.868095 -0.000126751
t -1 0 0
bt 0.000396317 -0.926261 -0.376883
t -1 0 0
bt -0.000466256 -0.900949 -0.433924
t -1 0 0
bt 0.000566574 -0.900949 -0.433924
t -1 0 0
bt 0.000363386 -0.926261 -0.376883
t -0.701683 0.27222 0.658435
bt -0.0312812 -0.976117 -0.214981
t -0.787712 -0.182105 0.588513
bt -0.0728756 -0.941882 -0.327945
t -0.735368 0.118258 0.66727
bt -0.0685369 -0.944156 -0.322291
t -0.701683 0.27222 0.658435
bt -0.0312812 -0.976117 -0.214981
t -0.783064 0.124968 -0.609257
bt 0.367362 -0.927872 -0.0640155
t -0.715826 -0.176218 -0.675678
bt 0.368311 -0.926844 -0.0728537
t -0.766479 0.286271 -0.574942
bt 0.255777 -0.966451 -0.023465
t -0.766479 0.286271 -0.574942
bt 0.255777 -0.966451 -0.023465
t -0.747425 -0.206557 0.631419
bt -0.0146229 -0.999684 0.0204257
t -0.729758 -0.294048 0.617243
bt 0.00161265 -0.999976 0.00674881
t -0.747425 -0.206557 0.631419
bt -0.0146229 -0.999684 0.0204257
t -0.747425 -0.206557 0.631419
bt -0.0146229 -0.999684 0.0204257
t -0.74895 -0.207909 -0.629164
bt -0.0242523 -0.99963 -0.0123243
t -0.726411 -0.317958 -0.609287
bt -0.00802461 -0.999967 0.00134721
t -0.74895 -0.207909 -0.629164
bt -0.0242523 -0.99963 -0.0123243
t -0.74895 -0.207909 -0.629164
bt -0.0242523 -0.99963 -0.0123243
t -0.900915 0.244435 0.358614
bt 0.123703 -0.562842 0.817255
t -0.881126 0.471901 -0.0304436
bt 0.111092 -0.559045 0.821661
t -0.9009 0.244463 0.358631
bt 0.123736 -0.562778 0.817294
t -0.9009 0.244463 0.358631
bt 0.123736 -0.562778 0.817294
t -0.366273 0.34043 -0.865997
bt -0.855277 -0.506576 0.109004
t -0.0993609 0.480968 -0.87109
bt -0.869741 -0.488835 0.0677561
t -0.366308 0.340498 -0.865956
bt -0.855273 -0.506584 0.108999
t -0.366273 0.34043 -0.865997
bt -0.855277 -0.506576 0.109004
t -0.778817 -0.0129631 0.627117
bt -0.665495 -0.499384 -0.554735
t -0.764811 -7.25078e-06 0.644254
bt -0.646568 -0.50132 -0.575002
t -0.778817 -0.0129631 0.627117
bt -0.665495 -0.499384 -0.554735
t -0.778817 -0.0129631 0.627117
bt -0.665495 -0.499384 -0.554735
t -0.764811 7.1617e-06 -0.644254
bt 0.665852 -0.499343 -0.554344
t -0.764811 7.28019e-06 -0.644254
bt 0.658862 -0.500113 -0.561951
t -0.764811 7.1617e-06 -0.644254
bt 0.665852 -0.499343 -0.554344
t -0.764811 7.1617e-06 -0.644254
bt 0.665852 -0.499343 -0.554344
t -0.918215 -0.256488 0.30182
bt -0.114508 -0.514355 -0.849898
t -0.764839 2.03728e-05 0.644221
bt -0.0777111 -0.503392 -0.860557
t -0.91826 -0.256388 0.301766
bt -0.114481 -0.514415 -0.849866
t -0.918215 -0.256488 0.30182
bt -0.114508 -0.514355 -0.849898
t -0.43165 -0.270165 -0.860633
bt 0.87991 -0.462399 -0.1093
t -0.764773 7.97784e-05 -0.6443
bt 0.901547 -0.431346 -0.033957
t -0.431667 -0.2702 -0.860614
bt 0.879942 -0.462327 -0.109339
t -0.431667 -0.2702 -0.860614
bt 0.879942 -0.462327 -0.109339
t -0.76481 4.30273e-05 0.644255
bt 0.0390134 -0.483742 0.874341
t -0.918574 0.393614 0.0359047
bt 0.026498 -0.47959 0.877093
t -0.76481 4.30273e-05 0.644255
bt 0.0390134 -0.483742 0.874341
t -0.76481 4.30273e-05 0.644255
bt 0.0390134 -0.483742 0.874341
t -0.764797 -2.83994e-05 -0.644271
bt -0.904412 -0.425185 0.0354436
t -0.19704 0.390919 -0.899087
bt -0.90965 -0.415188 0.0124919
t -0.764797 -2.83994e-05 -0.644271
bt -0.904412 -0.425185 0.0354436
t -0.764797 -2.83994e-05 -0.644271
bt -0.904412 -0.425185 0.0354436
t -0.830511 -0.294304 0.472902
bt -0.0729782 -0.818402 -0.569993
t -0.833608 -0.190618 0.518424
bt -0.110751 -0.760026 -0.640387
t -0.850556 -0.283851 0.4427
bt -0.0961395 -0.755371 -0.648206
t -0.825511 -0.258283 0.501817
bt -0.0685588 -0.82477 -0.561297
t -0.547303 -0.32246 -0.77232
bt 0.714414 -0.696184 -0.0702951
t -0.643209 -0.203411 -0.738178
bt 0.701857 -0.706503 -0.0908342
t -0.579256 -0.33229 -0.744342
bt 0.641828 -0.765236 -0.049705
t -0.614144 -0.289083 -0.734342
bt 0.63341 -0.772442 -0.0460892
t -1 0 0.000103502
bt -0.000676999 0 1
t -1 0 0
bt -0.0477934 0 0.998857
t -0.999989 0 -0.00462213
bt -0.000676999 0 1
t -0.999994 0 -0.00346659
bt -0.000507749 0 1
t -0.9999 0 -0.0141766
bt 0 0 1
t -1 0 0
bt 0 0 1
t 0 0 -1
bt 0.141099 -0.989995 0
t 0 0 -1
bt 0.246602 -0.969114 0.00224462
t 0 0 -1
bt 0.235496 -0.971875 0
t 0 0 -1
bt 0.141099 -0.989995 0
t 0 0 1
bt 0 -1 0
t 0 0 1
bt 0 -1 -0.000342686
t 0 0 1
bt 0 -1 0
t 0 0 1
bt 0 -1 0
t -2.84889e-05 2.11409e-05 -1
bt 0.720183 -0.534376 -0.44247
t -2.57212e-05 1.90871e-05 -1
bt 0.669715 -0.496929 -0.551854
t -2.84889e-05 2.11409e-05 -1
bt 0.720183 -0.534376 -0.44247
t -2.84889e-05 2.11409e-05 -1
bt 0.720183 -0.534376 -0.44247
t 0 0 -1
bt -0.706506 -0.707707 0
t -1.99116e-05 -1.99447e-05 -1
bt -0.706506 -0.707706 -0.0015797
t 0 0 -1
bt -0.706506 -0.707707 0
t 0 0 -1
bt -0.706506 -0.707707 0
t 0 0 -1
bt 0.743896 -0.668296 0
t 0 0 -1
bt 0.74388 -0.668282 -0.00638768
t 0 0 -1
bt 0.743896 -0.668296 0
t 0 0 -1
bt 0.743896 -0.668296 0
t 0 0 -1
bt -0.743896 -0.668296 0
t 0 0 -1
bt -0.743873 -0.668276 0.00771901
t 0 0 -1
bt -0.743896 -0.668296 0
t 0 0 -1
bt -0.743896 -0.668296 0
t 1.18913e-06 -2.49031e-06 -1
bt 0.4309 -0.9024 7.82215e-05
t 0 0 -1
bt 0.496397 -0.868095 -0.000126748
t 1.57768e-06 -2.75915e-06 -1
bt 0.496397 -0.868095 0
t 7.30661e-07 -1.60807e-06 -1
bt 0.413786 -0.910374 0
t 1 0 0
bt -0.00462181 0 -0.999989
t 1 0 0
bt -0.0129113 0 -0.999917
t 1 0 0
bt 0 0 -1
t 1 0 0
bt 0 0 -1
t 1 0 0
bt -0.0386404 0 -0.999253
t 1 0 0
bt -0.0386404 0 -0.999253

