g sponza_83
t 0 0 -1
bt -0.0972956 -0.995256 0
t 0 0 -1
bt -0.172904 -0.984937 0.00154754
t 0 0 -1
bt -0.164705 -0.986343 0
t 0 0 -1
bt -0.0972956 -0.995256 0
t -1 0 0
bt 0.00131329 -0.978021 0.208503
t -1 0 0
bt 0.00171984 -0.97802 0.208503
t -1 0 0
bt 0.00198107 -0.992869 0.119196
t -1 0 0
bt 0.00198107 -0.992869 0.119196
t -1 0 0
bt -0.00023887 -1 0
t -1 0 0
bt 0.000284858 -1 0
t -1 0 0
bt -0.00023887 -1 0
t -1 0 0
bt -0.00023887 -1 0
t 0 0 1
bt 0 -1 0.000328683
t 0 0 1
bt 0 -1 0
t 0 0 1
bt 0 -1 0.000328683
t 0 0 1
bt 0 -1 0.000328683
t 0 0 -1
bt -0.674628 -0.729886 -0.110201
t 0 0 -1
bt -0.678484 -0.734058 -0.0286252
t 0 0 -1
bt -0.674628 -0.729886 -0.110201
t 0 0 -1
bt -0.674628 -0.729886 -0.110201
t -1 0 0
bt 0.512621 -0.567539 0.644298
t -1 0 0
bt -0.504348 -0.570768 0.647964
t -1 0 0
bt 0.512621 -0.567539 0.644298
t -1 0 0
bt 0.512621 -0.567539 0.644298
t 0 0 -1
bt 0.564881 -0.825172 -0.0013221
t 0 0 -1
bt 0.564881 -0.825172 0
t 0 0 -1
bt 0.564881 -0.825172 -0.0013221
t 0 0 -1
bt 0.564881 -0.825172 -0.0013221
t -1 0 0
bt -0.000469866 -0.765378 -0.643581
t -1 0 0
bt 0.000509007 -0.765378 -0.643581
t -1 0 0
bt -0.000469866 -0.765378 -0.643581
t -1 0 0
bt -0.000469866 -0.765378 -0.643581
t 0 0 -1
bt -0.606826 -0.794834 0
t 0 0 -1
bt -0.606821 -0.794828 -0.00399601
t 0 0 -1
bt -0.606826 -0.794834 0
t 0 0 -1
bt -0.606826 -0.794834 0
t -1 0 0
bt -0.00306887 -0.729487 0.683988
t -1 0 0
bt -0.00679787 -0.729474 0.683975
t -1 0 0
bt -0.00306887 -0.729487 0.683988
t -1 0 0
bt -0.00306887 -0.729487 0.683988
t 0 0 -1
bt 0.606825 -0.794832 0.00236853
t 0 0 -1
bt 0.606826 -0.794834 0
t 0 0 -1
bt 0.606825 -0.794832 0.00236853
t 0 0 -1
bt 0.606825 -0.794832 0.00236853
t -1 0 0
bt 0.00189208 -0.729489 -0.68399
t -1 0 0
bt 0.00815815 -0.729466 -0.683968
t -1 0 0
bt 0.00189208 -0.729489 -0.68399
t -1 0 0
bt 0.00189208 -0.729489 -0.68399
t 0 0 -1
bt -0.313106 -0.949718 -8.39535e-05
t 0 0 -1
bt -0.365089 -0.930973 0.000135933
t 0 0 -1
bt -0.365089 -0.930973 0
t 0 0 -1
bt -0.298895 -0.954286 0
t -1 0 0
bt 0.000378854 -0.90095 0.433924
t -1 0 0
bt -0.000367229 -0.90095 0.433924
t -1 0 0
bt 0.000275161 -0.928394 0.371597
t -1 0 0
bt 0.000240274 -0.928394 0.371597
t -0.551886 0.339344 -0.761753
bt -0.019251 -0.975853 0.21758
t -0.658687 -0.206713 -0.723465
bt -0.0990987 -0.956257 0.275232
t -0.593228 0.152283 -0.7905
bt -0.0543517 -0.947138 0.316188
t -0.551886 0.339344 -0.761753
bt -0.019251 -0.975853 0.21758
t -0.587411 -0.225483 0.777242
bt 0.176687 -0.983918 0.0261988
t -0.63592 0.321438 0.701629
bt 0.176433 -0.983955 0.0265197
t -0.572187 -0.217632 0.79072
bt 0.268977 -0.961383 0.0582586
t -0.549074 -0.275996 0.788888
bt 0.275152 -0.959497 0.0604751
t -0.610813 -0.246157 -0.752538
bt -0.0100411 -0.999741 -0.020416
t -0.590713 -0.347024 -0.728445
bt 0.00109642 -0.999977 -0.00673152
t -0.610919 -0.246158 -0.752452
bt -0.0100435 -0.999741 -0.020414
t -0.610813 -0.246157 -0.752538
bt -0.0100411 -0.999741 -0.020416
t -0.612577 -0.247997 0.750497
bt -0.0166118 -0.999786 0.0123293
t -0.586827 -0.374615 0.717842
bt -0.00548915 -0.999984 -0.00133547
t -0.612577 -0.247997 0.750497
bt -0.0166118 -0.999786 0.0123293
t -0.612636 -0.247997 0.75045
bt -0.0166127 -0.999786 0.0123286
t -0.821323 0.564038 -0.085383
bt 0.0624586 -0.553963 -0.830195
t -0.837777 0.40454 -0.366712
bt 0.100141 -0.572289 -0.813915
t -0.821323 0.564038 -0.085383
bt 0.0624586 -0.553963 -0.830195
t -0.821323 0.564038 -0.085383
bt 0.0624586 -0.553963 -0.830195
t -0.339428 0.291602 0.894291
bt -0.7581 -0.641249 -0.118675
t 0.0151333 0.529457 0.848202
bt -0.762967 -0.637574 -0.106681
t -0.339428 0.291602 0.894291
bt -0.7581 -0.641249 -0.118675
t -0.339428 0.291602 0.894291
bt -0.7581 -0.641249 -0.118675
t -0.648131 -0.0156485 -0.761368
bt -0.501873 -0.568083 0.652231
t -0.63127 -1.87694e-05 -0.775563
bt -0.522267 -0.570908 0.633484
t -0.648131 -0.0156485 -0.761368
bt -0.501873 -0.568083 0.652231
t -0.648131 -0.0156485 -0.761368
bt -0.501873 -0.568083 0.652231
t -0.631229 -1.89775e-05 0.775597
bt 0.522226 -0.570952 0.633478
t -0.631334 -1.78637e-05 0.775511
bt 0.514994 -0.570051 0.640175
t -0.631229 -1.89798e-05 0.775597
bt 0.522251 -0.570906 0.633499
t -0.631229 -1.89798e-05 0.775597
bt 0.522251 -0.570906 0.633499
t -0.831362 -0.301302 -0.466964
bt -0.101479 -0.52655 0.844066
t -0.631551 1.82359e-05 -0.775335
bt -0.0314244 -0.493612 0.869114
t -0.831427 -0.301203 -0.46691
bt -0.101442 -0.526606 0.844036
t -0.831362 -0.301302 -0.466964
bt -0.101479 -0.52655 0.844066
t -0.631243 1.08324e-05 0.775585
bt 0.809753 -0.581882 0.0755856
t -0.256357 -0.323814 0.910728
bt 0.797524 -0.592982 0.111033
t -0.631243 1.08324e-05 0.775585
bt 0.809753 -0.581882 0.0755856
t -0.631243 1.08324e-05 0.775585
bt 0.809753 -0.581882 0.0755856
t -0.865524 0.45435 -0.210793
bt 0.0117706 -0.476575 -0.879055
t -0.631536 4.47279e-06 -0.775347
bt 0.032817 -0.48706 -0.872752
t -0.86547 0.454433 -0.210837
bt 0.011814 -0.476509 -0.87909
t -0.86546 0.454449 -0.210845
bt 0.011858 -0.476442 -0.879126
t -0.631297 7.15813e-05 0.775541
bt -0.826467 -0.561696 -0.0380846
t -0.0194116 0.460558 0.887417
bt -0.829876 -0.557353 -0.0257533
t -0.631297 7.15813e-05 0.775541
bt -0.826467 -0.561696 -0.0380846
t -0.631226 -3.59067e-05 0.775599
bt -0.826427 -0.561756 -0.0380525
t -0.715309 -0.363589 -0.596771
bt -0.0417607 -0.813963 0.579414
t -0.72019 -0.243837 -0.649516
bt -0.0801024 -0.76447 0.639663
t -0.742038 -0.356152 -0.567922
bt -0.06208 -0.755054 0.652717
t -0.708486 -0.320606 -0.628697
bt -0.0376217 -0.819914 0.57125
t -0.495203 -0.277559 0.823246
bt 0.488582 -0.869407 0.0736157
t -0.438842 -0.371032 0.818385
bt 0.486642 -0.871625 0.0587212
t -0.502244 -0.225662 0.834762
bt 0.562825 -0.820428 0.100627
t -0.502244 -0.225662 0.834762
bt 0.562825 -0.820428 0.100627
t -0.659566 -0.222722 -0.717891
bt 0.0130025 -0.917727 0.396999
t -1 0 -0.000150921
bt -0.000467629 0 -1
t -0.999786 0 0.020667
bt 0 0 -1
t -1 0 -0.000150921
bt -0.0114196 0 -0.999935
t -1 0 -0.000113191
bt -0.00856458 0 -0.999963
t -1 0 0
bt -0.0328521 0 -0.99946
t -1 0 0
bt 0 0 -1
t 0 0 1
bt 0.164705 -0.986343 0
t 0 0 1
bt 0.172904 -0.984936 -0.00222647
t 0 0 1
bt 0.0972956 -0.995256 0
t 0 0 1
bt 0.0972956 -0.995256 0
t 0 0 -1
bt 0 -1 0
t 0 0 -1
bt 0 -1 0.000328683
t 0 0 -1
bt 0 -1 0
t 0 0 -1
bt 0 -1 0
t -1.65389e-05 1.7898e-05 1
bt 0.579964 -0.627469 0.519543
t -1.8376e-05 1.9886e-05 1
bt 0.52602 -0.569106 0.631998
t -1.65389e-05 1.7898e-05 1
bt 0.579964 -0.627469 0.519543
t -1.65389e-05 1.7898e-05 1
bt 0.579964 -0.627469 0.519543
t -1.27336e-05 -1.85964e-05 1
bt -0.564995 -0.825092 0.00183146
t 0 0 1
bt -0.564996 -0.825094 0
t -1.27336e-05 -1.85931e-05 1
bt -0.564927 -0.825139 0.00183146
t -1.2727e-05 -1.85953e-05 1
bt -0.56488 -0.825171 0.00183146
t 0 0 1
bt 0.606715 -0.79492 0
t 0 0 1
bt 0.606697 -0.794897 0.00760084
t 0 0 1
bt 0.606715 -0.79492 0
t 0 0 1
bt 0.606715 -0.79492 0
t 0 0 1
bt -0.60669 -0.794886 -0.00916125
t 0 0 1
bt -0.606715 -0.79492 0
t 0 0 1
bt -0.60669 -0.794886 -0.00916125
t 0 0 1
bt -0.60669 -0.794886 -0.00916125
t 4.15839e-06 -1.06085e-05 1
bt 0.365089 -0.930973 0
t 0 0 1
bt 0.365089 -0.930973 0.000135847
t 3.0609e-06 -9.28073e-06 1
bt 0.313106 -0.949718 -8.47569e-05
t 1.85828e-06 -5.9349e-06 1
bt 0.298895 -0.954286 0
t 1 0 0
bt 0 0 1
t 1 0 0
bt -0.00874126 0 0.999962
t 1 0 0
bt -0.00324408 0 0.999995
t 1 0 0
bt 0 0 1
t 1 0 0
bt -0.02615 0 0.999658
t 1 0 0
bt -0.02615 0 0.999658

