g sponza_36
t 0 5.09753e-05 -1
bt 0 -1 -6.20712e-06
t 0 0 -1
bt 0 -1 0
t 0 3.92855e-05 -1
bt 0 -1 -1.28313e-05
t 0 0.000130784 -1
bt 0 -1 -1.46805e-05
t 0 0 1
bt 0 -1 0
t 0 0 1
bt 0 -1 0
t 0 0 1
bt 0 -1 0
t 0 0 1
bt 0 -1 0
t 1 -0.000133423 0
bt 4.16556e-05 -1 0
t 1 1.16047e-05 0
bt 4.45503e-05 -1 0
t 1 -4.6492e-06 0
bt 3.92214e-05 -1 0
t 1 8.33313e-06 0
bt 0.000126102 -1 0
t 1 1.53023e-05 0
bt 0.000322828 -1 0
t 1 -0.000237283 0
bt 0.000218094 -1 0
t 1 -0.00019536 0
bt 5.57915e-05 -1 0
t 1 -2.23548e-05 0
bt -1.15579e-05 -1 0
t 1 1.18285e-05 0
bt 4.48416e-05 -1 0
t 1 -5.64112e-05 0
bt -1.39426e-05 -1 0
t 1 2.07983e-05 0
bt 5.9105e-05 -1 0
t 1 2.01496e-05 0
bt 4.1963e-05 -1 0
t 1 1.68467e-05 0
bt 0.000126305 -1 0
t 1 8.10823e-06 0
bt -8.78254e-05 -1 0
t 1 6.96316e-06 0
bt -0.000109635 -1 0
t 1 -7.35826e-05 0
bt -0.000474455 -1 0
t 1 0 0
bt 8.29466e-06 -1 0
t 1 -4.65659e-06 0
bt -7.05842e-05 -1 0
t 1 -4.41724e-05 0
bt 0 -1 0
t 1 0 0
bt 0 -1 0
t 1 -2.94483e-05 0
bt -8.0055e-06 -1 0
t 1 2.31888e-05 0
bt -1.37674e-05 -1 0
t 1 0.000120715 0
bt 1.07436e-05 -1 0
t 1 2.99399e-06 0
bt 7.21082e-05 -1 0
t 1 -2.50597e-05 0
bt -2.37403e-06 -1 0
t 1 -1.38662e-05 0
bt -0.000404256 -1 0
t 1 -4.11041e-05 0
bt 5.35442e-05 -1 0
t 1 1.24077e-05 0
bt -1.87176e-05 -1 0
t 1 -0.000127192 0
bt 0.000225005 -1 0
t 1 5.93205e-05 0
bt 0.000210762 -1 0
t 1 -2.12039e-05 0
bt -1.47709e-05 -1 0
t 1 2.3657e-05 0
bt -1.22321e-05 -1 0
t 1 0 0
bt 0 -1 0
t 1 -0.00058742 0
bt 0.000100091 -1 0
t 1 7.6459e-05 0
bt 6.88739e-05 -1 0
t 1 -9.83802e-06 0
bt 1.86728e-05 -1 0
t 1 2.48155e-05 0
bt 1.86728e-05 -1 0
t 1 0 0
bt 0 -1 0
t 1 -1.01988e-05 0
bt -4.22262e-05 -1 0
t 1 1.50015e-05 0
bt 0.000209948 -1 0
t 1 2.40725e-05 0
bt -2.15305e-05 -1 0
t 1 2.48683e-05 0
bt -4.22262e-05 -1 0
t 1 0 0
bt 0 -1 0
t 1 -2.68657e-05 0
bt 0.000503479 -1 0
t 1 2.15825e-05 0
bt 0.000241208 -1 0
t 1 -2.11256e-05 0
bt -7.54438e-06 -1 0
t 1 2.32093e-05 0
bt -7.29321e-06 -1 0
t 1 0 0
bt 1.00468e-06 -1 0
t 1 1.27238e-05 0
bt 0.000294328 -1 0
t 1 -2.4933e-05 0
bt -0.000152643 -1 0
t 1 -5.91132e-05 0
bt 4.25061e-05 -1 0
t 1 -3.46304e-06 0
bt 2.05317e-05 -1 0
t 1 4.47609e-06 0
bt 7.29562e-05 -1 0
t 1 0 0
bt 0 -1 0
t 1 0 0
bt 0 -1 0
t 0 5.38365e-06 -1
bt 0 -1 0
t 0 0 -1
bt 0 -1 0
t 0 -8.15048e-05 -1
bt 0 -1 -0.000893173
t 0 -9.11852e-05 -1
bt 0 -0.999997 -0.00243891
t 0 6.3777e-05 -1
bt 0 -1 0.000385355
t 0 8.18833e-05 -1
bt 0 -1 0.00040432
t 0 -1.5435e-05 -1
bt 0 -1 0.000235328
t 0 -1.16898e-05 -1
bt 0 -1 0.000252641
t 0 0 -1
bt 0 -1 3.48762e-05
t 0 -0.00016301 -1
bt 0 -0.999998 -0.00177972
t 1 -9.24094e-05 0
bt 9.10837e-06 -1 0
t 1 -0.000119629 0
bt -1.23255e-05 -1 0
t 1 -0.000118226 0
bt -4.88326e-07 -1 0
t 1 -9.35123e-05 0
bt -2.03562e-05 -1 0
t 1 -5.83394e-05 0
bt 0.000137978 -1 0
t 1 7.7948e-06 0
bt 7.81449e-05 -1 0
t 1 -8.05909e-06 0
bt 0.00017039 -1 0
t 1 1.44749e-05 0
bt 6.70291e-05 -1 0
t 1 -5.23628e-05 0
bt 0.000204385 -1 0
t 1 -0.000357041 0
bt 9.34926e-05 -1 0
t 1 -0.000195942 0
bt 5.76431e-05 -1 0
t 1 3.67366e-05 0
bt 6.48381e-05 -1 0
t 1 1.56602e-06 0
bt 0.00010415 -1 0
t 1 1.6067e-06 0
bt 3.24746e-05 -1 0
t 1 -4.39839e-05 0
bt 6.08353e-06 -1 0
t 1 4.8612e-05 0
bt 8.13512e-06 -1 0
t 1 1.18376e-05 0
bt 4.13292e-05 -1 0
t 1 8.29304e-06 0
bt -8.96962e-05 -1 0
t 1 -6.66098e-05 0
bt -0.000596936 -1 0
t 1 -4.65075e-06 0
bt -7.13708e-05 -1 0
t 1 -7.35827e-05 0
bt -0.000477106 -1 0
t 1 -8.07363e-05 0
bt -0.0012088 -0.999999 0
t 1 -2.94483e-05 0
bt -3.10713e-06 -1 0
t 1 0 0
bt 0 -1 0
t 1 -4.41724e-05 0
bt 0 -1 0
t 1 -1.37497e-05 0
bt 2.24025e-05 -1 0
t 1 7.46496e-05 0
bt 0.000324789 -1 0
t 1 2.59462e-05 0
bt -0.000497997 -1 0
t 1 -5.97556e-05 0
bt -3.63165e-05 -1 0
t 1 1.4677e-05 0
bt -0.000612545 -1 0
t 1 3.17717e-05 0
bt -2.36567e-05 -1 0
t 1 1.24693e-05 0
bt -7.79506e-06 -1 0
t 1 5.92735e-05 0
bt 0.000213842 -1 0
t 1 -0.000127238 0
bt 0.000228679 -1 0
t 1 -2.11509e-05 0
bt -1.47511e-05 -1 0
t 1 2.36753e-05 0
bt -1.22182e-05 -1 0
t 1 0 0
bt 0 -1 0
t 1 7.64713e-05 0
bt 7.18399e-05 -1 0
t 1 -0.00058735 0
bt 0.000105546 -1 0
t 1 -9.42429e-06 0
bt 1.92183e-05 -1 0
t 1 2.49386e-05 0
bt 1.92183e-05 -1 0
t 1 0 0
bt 0 -1 0
t 1 2.39962e-05 0
bt -2.08603e-05 -1 0
t 1 1.38815e-05 0
bt 0.000205906 -1 0
t 1 -1.02744e-05 0
bt -4.27147e-05 -1 0
t 1 2.47656e-05 0
bt -4.27147e-05 -1 0
t 1 0 0
bt 0 -1 0
t 1 2.15753e-05 0
bt 0.000242536 -1 0
t 1 2.15753e-05 0
bt 0.000242536 -1 0
t 1 -2.10937e-05 0
bt -6.39178e-06 -1 0
t 1 2.32069e-05 0
bt -6.14061e-06 -1 0
t 1 0 0
bt 1.00468e-06 -1 0
t 1 -5.90675e-05 0
bt 1.96261e-05 -1 0
t 1 -2.54109e-05 0
bt -0.000153549 -1 0
t 1 1.2719e-05 0
bt 0.000285828 -1 0
t 1 -3.4625e-06 0
bt 1.01002e-05 -1 0
t 1 4.51249e-06 0
bt 8.6801e-05 -1 0
t 1 0 0
bt 0 -1 0
t 1 0 0
bt 0 -1 0
t 1 -9.16345e-05 0
bt 9.26838e-06 -1 0
t 1 -0.000119536 0
bt -1.23033e-05 -1 0
t 1 -0.000118135 0
bt -4.82025e-07 -1 0
t 1 -9.344e-05 0
bt -2.03562e-05 -1 0
t 0 5.38365e-06 -1
bt 0 -1 0.000294029
t 0 0.000137509 -1
bt 0 -1 0.000125773

