g sponza_26
t -0.999982 0 -0.0059737
bt 0.000313163 0 1
t -1 0 0
bt -0.0407042 0 0.999171
t -1 0 0.000210621
bt 0.000259053 0 1
t -0.999994 0 -0.00354189
bt 0.00296927 0 0.999996
t -0.999834 0 -0.0182275
bt 0 0 1
t -1 0 0.000140975
bt 0.00458153 0 0.99999
t -1 0 0
bt 0.0140689 0 0.999901
t -0.999832 0 -0.0183408
bt 0 0 1
t 1 0 0
bt -4.746e-05 -1 0
t 1 0 0
bt 4.73546e-05 -1 0
t 1 0 0
bt -4.746e-05 -1 0
t 1 0 0
bt -4.746e-05 -1 0
t 0 0 1
bt 0 -1 -0.000529183
t 0 0 1
bt 0 -1 4.66383e-05
t 0 0 1
bt 0 -1 -0.000529183
t 0 0 1
bt 0 -1 -0.000529183
t -1 0 0
bt 4.74268e-05 -1 0
t -1 0 0
bt -4.77584e-05 -1 0
t -1 0 0
bt 4.74268e-05 -1 0
t -1 0 0
bt 4.74268e-05 -1 0
t 0 0 -1
bt 0 -1 0.000529292
t 0 0 -1
bt 0 -1 0.000114654
t 0 0 -1
bt 0 -1 0.000529292
t 0 0 -1
bt 0 -1 0.000529292
t 1 0 0
bt -0.00240388 -0.992868 0.119196
t 1 -2.03879e-06 4.38367e-07
bt -0.00212259 -0.977657 0.210194
t 1 -6.79916e-07 1.46191e-07
bt -0.00159027 -0.977658 0.210194
t 1 0 0
bt -0.00240388 -0.992868 0.119196
t 0 0 1
bt -0.119196 -0.992868 -0.00240483
t 0 0 1
bt -0.210194 -0.977657 -0.00212206
t 0 0 1
bt -0.210194 -0.977658 -0.00159373
t 0 0 1
bt -0.119196 -0.992868 -0.00240483
t -1 0 0
bt 0.00241837 -0.992868 -0.119196
t -1 0 0
bt 0.00213037 -0.977657 -0.210194
t -1 0 0
bt 0.00159996 -0.977658 -0.210194
t -1 0 0
bt 0.00241837 -0.992868 -0.119196
t 0 0 -1
bt 0.119196 -0.992868 0.00242122
t -4.38428e-07 2.03908e-06 -1
bt 0.210194 -0.977657 0.00212804
t -1.46211e-07 6.80012e-07 -1
bt 0.210194 -0.977658 0.00160079
t 0 0 -1
bt 0.119196 -0.992868 0.00242122
t 1 0 0
bt 0.000285988 -1 0
t 1 0 0
bt -0.000315745 -1 0
t 1 0 0
bt 0.000285988 -1 0
t 1 0 0
bt 0.000285988 -1 0
t 0 0 1
bt 0 -1 0.000307034
t 0 0 1
bt 0 -1 -0.000306458
t 0 0 1
bt 0 -1 0.000307034
t 0 0 1
bt 0 -1 0.000307034
t -1 0 0
bt -0.00031522 -1 0
t -1 0 0
bt 0.000287885 -1 0
t -1 0 0
bt -0.00031522 -1 0
t -1 0 0
bt -0.00031522 -1 0
t 0 0 -1
bt 0 -1 -0.000305525
t 0 0 -1
bt 0 -1 0.000307619
t 0 0 -1
bt 0 -1 -0.000305525
t 0 0 -1
bt 0 -1 -0.000305525
t 1 0 0
bt -0.587384 -0.534947 0.607298
t 0.999999 0.000818581 -0.000929293
bt 0.582946 -0.537064 0.609702
t 1 0 0
bt -0.587384 -0.534947 0.607298
t 1 0 0
bt -0.587384 -0.534947 0.607298
t 0 0 1
bt -0.75044 -0.660935 -0.00206803
t 0.000312304 0.000275056 1
bt -0.602764 -0.530872 0.595694
t 0 0 1
bt -0.75044 -0.660935 -0.00206803
t 0 0 1
bt -0.75044 -0.660935 -0.00206803
t -1 0 0
bt 0.591433 -0.532995 -0.605082
t -1 0 0
bt -0.582956 -0.537059 -0.609697
t -1 0 0
bt 0.591433 -0.532995 -0.605082
t -1 0 0
bt 0.591433 -0.532995 -0.605082
t 0 0 -1
bt 0.60289 -0.531064 0.595394
t 0.000951368 -0.000838025 -0.999999
bt 0.604936 -0.532866 -0.591698
t 0 0 -1
bt 0.60289 -0.531064 0.595394
t 0 0 -1
bt 0.60289 -0.531064 0.595394
t 1 0 0
bt 0.000568383 -0.765336 -0.643631
t 1 0 0
bt -0.000551028 -0.765336 -0.643631
t 1 0 0
bt 0.000568383 -0.765336 -0.643631
t 1 0 0
bt 0.000568383 -0.765336 -0.643631
t 0 0 1
bt 0.643631 -0.765336 0.000570708
t 0 0 1
bt 0.64363 -0.765336 -0.00060342
t 0 0 1
bt 0.643631 -0.765336 0.000570708
t 0 0 1
bt 0.643631 -0.765336 0.000570708
t -1 0 0
bt -0.000514127 -0.765336 0.643631
t -1 0 0
bt 0.000601574 -0.765336 0.64363
t -1 0 0
bt -0.000514127 -0.765336 0.643631
t -1 0 0
bt -0.000514127 -0.765336 0.643631
t 0 0 -1
bt -0.643631 -0.765336 -0.000573085
t 0 0 -1
bt -0.643631 -0.765336 0.000603322
t 0 0 -1
bt -0.643631 -0.765336 -0.000573085
t 0 0 -1
bt -0.643631 -0.765336 -0.000573085
t 1 0 0
bt 0.00372758 -0.729485 0.683986
t 1 0 0
bt -0.00352533 -0.729486 0.683987
t 1 0 0
bt 0.00372758 -0.729485 0.683986
t 1 0 0
bt 0.00372758 -0.729485 0.683986
t 0 0 1
bt -0.684036 -0.729439 0.00370016
t 0 0 1
bt -0.684017 -0.729418 0.00842604
t 0 0 1
bt -0.684036 -0.729439 0.00370016
t 0 0 1
bt -0.684036 -0.729439 0.00370016
t -1 0 0
bt -0.00372758 -0.729485 -0.683986
t -1 0 0
bt -0.00839433 -0.729465 -0.683967
t -1 0 0
bt -0.00372758 -0.729485 -0.683986
t -1 0 0
bt -0.00372758 -0.729485 -0.683986
t 0 0 -1
bt 0.684036 -0.729439 -0.00369505
t 0 0 -1
bt 0.684017 -0.729418 -0.00842448
t 0 0 -1
bt 0.684036 -0.729439 -0.00369505
t 0 0 -1
bt 0.684036 -0.729439 -0.00369505
t 1 0 0
bt -0.00204697 -0.729489 -0.68399
t 1 0 0
bt 0.00216708 -0.729489 -0.683989
t 1 0 0
bt -0.00204697 -0.729489 -0.68399
t 1 0 0
bt -0.00204697 -0.729489 -0.68399
t 0 0 1
bt 0.684039 -0.729442 -0.00232984
t 0 0 1
bt 0.684006 -0.729406 -0.0101165
t 0 0 1
bt 0.684039 -0.729442 -0.00232984
t 0 0 1
bt 0.684039 -0.729442 -0.00232984
t -1 0 0
bt 0.00238773 -0.729488 0.683989
t -1 0 0
bt 0.0100825 -0.729453 0.683956
t -1 0 0
bt 0.00238773 -0.729488 0.683989
t -1 0 0
bt 0.00238773 -0.729488 0.683989
t 0 0 -1
bt -0.684039 -0.729442 0.00235386
t 0 0 -1
bt -0.684006 -0.729406 0.0101471
t 0 0 -1
bt -0.684039 -0.729442 0.00235386
t 0 0 -1
bt -0.684039 -0.729442 0.00235386
t 1 0 0
bt -0.000344468 -0.927306 0.374303
t 1 0 0
bt 0.000443342 -0.900949 0.433924
t 1 0 0
bt -0.000489077 -0.900949 0.433924
t 1 -6.11686e-07 2.469e-07
bt -0.000307536 -0.927306 0.374303
t 0 0 1
bt -0.374388 -0.927272 -0.000342942
t 0 0 1
bt -0.434005 -0.90091 0.000435861
t 0 0 1
bt -0.434005 -0.90091 -0.000485411
t 0 0 1
bt -0.374388 -0.927272 -0.000307923
t -1 0 0
bt 0.000344299 -0.927306 -0.374303
t -1 0 0
bt -0.000441897 -0.900949 -0.433924
t -1 0 0
bt 0.000489077 -0.900949 -0.433924
t -1 0 0
bt 0.000307536 -0.927306 -0.374303
t 0 0 -1
bt 0.374388 -0.927272 0.000337957
t 0 0 -1
bt 0.434005 -0.90091 -0.000438751
t 0 0 -1
bt 0.434005 -0.90091 0.000482488
t -2.47001e-07 6.11719e-07 -1
bt 0.374388 -0.927272 0.00030204
t 0.707207 9.74614e-08 0.707007
bt 6.84067e-05 -1 -0.000497223
t 0.707207 4.431e-08 0.707007
bt 1.82137e-05 -1 -0.000547402
t 0.707007 -1.5659e-08 0.707207
bt 6.84723e-05 -1 -0.000497278
t 0.707007 -1.5659e-08 0.707207
bt 6.84723e-05 -1 -0.000497278
t 0.579511 0.255116 -0.774005
bt 0.558759 -0.826271 0.071171
t 0.558601 0.287666 -0.777955
bt 0.570636 -0.819413 0.054192
t 0.580082 0.213406 -0.786106
bt 0.634171 -0.765986 0.10532
t 0.580082 0.213406 -0.786106
bt 0.634171 -0.765986 0.10532
t -0.707207 -9.29243e-08 0.707007
bt 1.81593e-05 -1 0.000547456
t -0.707207 -4.431e-08 0.707007
bt 6.38274e-05 -1 0.000501801
t -0.707007 2.01973e-08 0.707207
bt 1.82393e-05 -1 0.000547526
t -0.707007 2.01973e-08 0.707207
bt 1.82393e-05 -1 0.000547526
t -0.707207 8.38461e-08 -0.707007
bt -6.85102e-05 -1 0.000497119
t -0.707207 2.79471e-08 -0.707007
bt -1.81593e-05 -1 0.000547456
t -0.707107 2.72949e-08 -0.707107
bt -6.8543e-05 -1 0.000497147
t -0.707107 2.72949e-08 -0.707107
bt -6.8543e-05 -1 0.000497147
t 0.67513 -0.126731 0.726732
bt -0.0673028 -0.945324 0.319112
t 0.732622 0.200679 0.65038
bt -0.0664059 -0.945113 0.319923
t 0.639022 -0.292752 0.711299
bt -0.0268403 -0.976351 0.214518
t 0.639022 -0.292752 0.711299
bt -0.0268403 -0.976351 0.214518
t 0.707107 2.86357e-08 -0.707107
bt -9.16334e-05 -1 -0.000474057
t 0.707107 -3.17993e-08 -0.707107
bt -0.000703526 -1 0.000137836
t 0.707207 -2.79172e-08 -0.707007
bt -9.16038e-05 -1 -0.000474032
t 0.707207 -2.79172e-08 -0.707007
bt -9.16038e-05 -1 -0.000474032
t -0.670593 0.141452 0.728214
bt -0.0635807 -0.944441 -0.322472
t -0.732179 -0.191945 0.653507
bt -0.0670394 -0.945262 -0.319351
t -0.630797 0.315806 0.708774
bt -0.0236953 -0.975769 -0.217519
t -0.630797 0.315806 0.708774
bt -0.0236953 -0.975769 -0.217519
t -0.728192 0.140182 -0.670884
bt 0.322506 -0.94443 -0.0635804
t -0.653729 -0.191623 -0.732065
bt 0.319365 -0.945256 -0.0670592
t -0.709044 0.314301 -0.631246
bt 0.21756 -0.97576 -0.0236802
t -0.709044 0.314301 -0.631246
bt 0.21756 -0.97576 -0.0236802
t 0.690678 0.219943 -0.688905
bt -0.00571538 -0.999981 -0.00234556
t 0.662308 0.355649 -0.659441
bt -0.0141066 -0.999882 0.00604647
t 0.690678 0.219943 -0.688905
bt -0.00571538 -0.999981 -0.00234556
t 0.690678 0.219943 -0.688905
bt -0.00571538 -0.999981 -0.00234556
t 0.688908 0.21992 0.690681
bt 0.00190051 -0.999979 -0.00616042
t 0.659442 0.355645 0.662309
bt -0.0134963 -0.999677 -0.0215548
t 0.688908 0.21992 0.690681
bt 0.00190051 -0.999979 -0.00616042
t 0.688908 0.21992 0.690681
bt 0.00190051 -0.999979 -0.00616042
t -0.687961 -0.22564 0.68978
bt -0.0123563 -0.999715 0.0204151
t -0.668692 -0.319764 0.671269
bt 0.00133007 -0.999976 0.00673083
t -0.687961 -0.22564 0.68978
bt -0.0123563 -0.999715 0.0204151
t -0.687961 -0.22564 0.68978
bt -0.0123563 -0.999715 0.0204151
t -0.689517 -0.227281 -0.687684
bt -0.0204223 -0.999715 -0.0123635
t -0.664943 -0.345541 -0.662157
bt -0.00672492 -0.999977 0.00133599
t -0.689517 -0.227281 -0.687684
bt -0.0204223 -0.999715 -0.0123635
t -0.689517 -0.227281 -0.687684
bt -0.0204223 -0.999715 -0.0123635
t 0.883364 -0.347256 0.314772
bt 0.107451 -0.565168 -0.817948
t 0.872385 -0.48157 0.0838688
bt 0.0620168 -0.547523 -0.834489
t 0.883364 -0.347256 0.314772
bt 0.107451 -0.565168 -0.817948
t 0.883364 -0.347256 0.314772
bt 0.107451 -0.565168 -0.817948
t 0.314814 -0.347227 -0.88336
bt -0.798181 -0.582136 -0.155
t 0.0838891 -0.48156 -0.872389
bt -0.834508 -0.5475 -0.0619613
t 0.314814 -0.347227 -0.88336
bt -0.798181 -0.582136 -0.155
t 0.314814 -0.347227 -0.88336
bt -0.798181 -0.582136 -0.155
t -0.868063 0.279617 0.410221
bt 0.104457 -0.564048 0.819108
t -0.843403 0.536171 -0.0345166
bt 0.0937588 -0.559997 0.823172
t -0.868063 0.279617 0.410221
bt 0.104457 -0.564048 0.819108
t -0.868063 0.279617 0.410221
bt 0.104457 -0.564048 0.819108
t -0.405207 0.283373 -0.869199
bt -0.819121 -0.564036 0.104424
t 0.0185593 0.529354 -0.848198
bt -0.823187 -0.559982 0.0937202
t -0.405207 0.283373 -0.869199
bt -0.819121 -0.564036 0.104424
t -0.405207 0.283373 -0.869199
bt -0.819121 -0.564036 0.104424
t 0.675052 -0.0278468 0.737245
bt -0.594508 -0.534972 0.600305
t 0.707122 1.38773e-05 0.707091
bt -0.587391 -0.534923 0.607313
t 0.675052 -0.0278468 0.737245
bt -0.594508 -0.534972 0.600305
t 0.675052 -0.0278468 0.737245
bt -0.594508 -0.534972 0.600305
t 0.70714 -2.95074e-05 -0.707074
bt 0.581004 -0.534835 0.613503
t 0.707143 -3.23675e-05 -0.707071
bt 0.595647 -0.534975 0.599172
t 0.70714 -2.95074e-05 -0.707074
bt 0.581004 -0.534835 0.613503
t 0.70714 -2.95074e-05 -0.707074
bt 0.581004 -0.534835 0.613503
t -0.722679 -0.0141665 0.691039
bt -0.580429 -0.534825 -0.614056
t -0.707122 -1.38843e-05 0.707091
bt -0.601181 -0.534969 -0.593624
t -0.722679 -0.0141665 0.691039
bt -0.580429 -0.534825 -0.614056
t -0.722679 -0.0141665 0.691039
bt -0.580429 -0.534825 -0.614056
t -0.70714 2.94795e-05 -0.707074
bt 0.600964 -0.534969 -0.593843
t -0.707143 3.23527e-05 -0.707071
bt 0.593683 -0.534969 -0.601123
t -0.70714 2.94795e-05 -0.707074
bt 0.600964 -0.534969 -0.593843
t -0.70714 2.94795e-05 -0.707074
bt 0.600964 -0.534969 -0.593843
t 0.309815 0.318618 -0.895822
bt 0.838668 -0.528148 0.133024
t 0.707191 -2.84902e-06 -0.707022
bt 0.834399 -0.531943 0.144274
t 0.309815 0.318618 -0.895822
bt 0.838668 -0.528148 0.133024
t 0.309815 0.318618 -0.895822
bt 0.838668 -0.528148 0.133024
t 0.895867 0.318486 0.309821
bt -0.0891444 -0.512687 0.853935
t 0.707191 2.84902e-06 0.707022
bt -0.0573177 -0.500707 0.863717
t 0.895867 0.318486 0.309821
bt -0.0891444 -0.512687 0.853935
t 0.895867 0.318486 0.309821
bt -0.0891444 -0.512687 0.853935
t -0.878406 -0.259115 0.401574
bt -0.12422 -0.525192 -0.841869
t -0.707191 -2.88447e-06 0.707022
bt -0.0388761 -0.493491 -0.868882
t -0.878406 -0.259115 0.401574
bt -0.12422 -0.525192 -0.841869
t -0.878406 -0.259115 0.401574
bt -0.12422 -0.525192 -0.841869
t -0.373804 -0.277899 -0.884897
bt 0.841927 -0.525109 -0.124176
t -0.707192 2.87969e-06 -0.707022
bt 0.868916 -0.493428 -0.0389185
t -0.373804 -0.277899 -0.884897
bt 0.841927 -0.525109 -0.124176
t -0.373804 -0.277899 -0.884897
bt 0.841927 -0.525109 -0.124176
t 0.707192 2.15521e-06 -0.707022
bt -0.832388 -0.530072 -0.161723
t 0.166797 -0.393272 -0.904166
bt -0.889085 -0.456566 0.0327881
t 0.707192 2.15521e-06 -0.707022
bt -0.832388 -0.530072 -0.161723
t 0.707192 2.15521e-06 -0.707022
bt -0.832388 -0.530072 -0.161723
t 0.707192 -2.20206e-06 0.707022
bt 0.0328174 -0.48389 -0.874513
t 0.904213 -0.393164 0.166795
bt 0.0329258 -0.483933 -0.874485
t 0.707192 -2.20206e-06 0.707022
bt 0.0328174 -0.48389 -0.874513
t 0.707192 -2.20206e-06 0.707022
bt 0.0328174 -0.48389 -0.874513
t -0.707192 2.20107e-06 0.707022
bt 0.032838 -0.483899 0.874508
t -0.890627 0.452856 0.0412872
bt 0.0222209 -0.479659 0.877173
t -0.707192 2.20107e-06 0.707022
bt 0.032838 -0.483899 0.874508
t -0.707192 2.20107e-06 0.707022
bt 0.032838 -0.483899 0.874508
t -0.707192 -2.21192e-06 -0.707022
bt -0.874545 -0.483829 0.0328674
t -0.023673 0.460589 -0.887298
bt -0.877222 -0.479571 0.0222075
t -0.707192 -2.21192e-06 -0.707022
bt -0.874545 -0.483829 0.0328674
t -0.707192 -2.21192e-06 -0.707022
bt -0.874545 -0.483829 0.0328674
t 0.665505 0.207998 -0.716827
bt 0.208837 -0.9774 0.0328067
t 0.711394 -0.292726 -0.638929
bt 0.207605 -0.977619 0.0340932
t 0.650489 0.200675 -0.732526
bt 0.313358 -0.946772 0.073686
t 0.650489 0.200675 -0.732526
bt 0.313358 -0.946772 0.073686
t 0.808864 0.343569 0.477178
bt -0.0925663 -0.761001 0.642113
t 0.785864 0.212454 0.580759
bt -0.0965892 -0.762593 0.639627
t 0.782438 0.355445 0.511321
bt -0.0654909 -0.824024 0.562757
t 0.779627 0.305316 0.546776
bt -0.0671184 -0.824725 0.561537
t -0.805673 -0.314721 0.501838
bt -0.0761889 -0.754335 -0.652054
t -0.786983 -0.216888 0.577596
bt -0.0982057 -0.763228 -0.638623
t -0.781038 -0.325102 0.533187
bt -0.0511781 -0.818224 -0.572617
t -0.777701 -0.285247 0.560192
bt -0.0549269 -0.819715 -0.570132
t -0.482529 -0.33742 -0.808278
bt 0.652062 -0.754329 -0.0761756
t -0.577559 -0.21694 -0.786996
bt 0.638638 -0.763218 -0.0981807
t -0.515924 -0.349223 -0.782218
bt 0.572674 -0.818182 -0.0512148
t -0.54908 -0.301983 -0.779306
bt 0.570092 -0.819747 -0.0548645
t 0 0 -1
bt -0.659 -0.657511 -0.365238
t 0 0 -1
bt -0.667693 -0.666184 0.332242
t 0 0 -1
bt -0.659 -0.657511 -0.365238
t 0 0 -1
bt -0.659 -0.657511 -0.365238
t -0.707107 0 -0.707107
bt -0.604543 -0.580698 0.545268
t -0.707082 2.54142e-05 -0.707132
bt -0.432247 -0.57085 0.698064
t -0.707136 5.75525e-05 -0.707078
bt -0.604568 -0.580649 0.545293
t -0.707136 5.75525e-05 -0.707078
bt -0.604568 -0.580649 0.545293
t -0.999959 0.00643713 -0.00644989
bt -0.365414 -0.657555 0.658858
t -1 0 0
bt 0.334774 -0.665646 0.666965
t -0.999959 0.00643713 -0.00644989
bt -0.365414 -0.657555 0.658858
t -0.999959 0.00643713 -0.00644989
bt -0.365414 -0.657555 0.658858
t -0.707117 1.04905e-05 0.707096
bt 0.545541 -0.580707 0.604288
t -0.707107 0 0.707107
bt 0.696519 -0.571135 0.434356
t -0.707146 -4.70637e-05 0.707067
bt 0.545564 -0.580663 0.60431
t -0.707146 -4.70637e-05 0.707067
bt 0.545564 -0.580663 0.60431
t 0.00101516 -0.00101286 0.999999
bt 0.658998 -0.657508 0.365246
t 0 0 1
bt 0.667102 -0.665594 -0.334605
t 0.00101516 -0.00101286 0.999999
bt 0.658998 -0.657508 0.365246
t 0.00101516 -0.00101286 0.999999
bt 0.658998 -0.657508 0.365246
t 0.707154 -4.73583e-05 0.70706
bt 0.604353 -0.580705 -0.545472
t 0.707107 0 0.707107
bt 0.434427 -0.571145 -0.696467
t 0.707154 -4.73583e-05 0.70706
bt 0.604353 -0.580705 -0.545472
t 0.707183 1.01918e-05 0.707031
bt 0.604378 -0.580656 -0.545496
t 1 -0.00051097 -0.000511983
bt 0.365962 -0.657403 -0.658706
t 0.999991 0.00296793 0.00297381
bt -0.388455 -0.650931 -0.652221
t 1 -0.00051097 -0.000511983
bt 0.365962 -0.657403 -0.658706
t 1 -0.00051097 -0.000511983
bt 0.365962 -0.657403 -0.658706
t 0.875877 0.227486 -0.425547
bt -0.569567 -0.581142 -0.581264
t 0.841295 0.16496 -0.514792
bt -0.734122 -0.562671 -0.380086
t 0.87593 0.22738 -0.425493
bt -0.569567 -0.581143 -0.581263
t 0.87593 0.22738 -0.425493
bt -0.569567 -0.581143 -0.581263
t 0 0 -1
bt 0 -1 0
t 0 0 -1
bt 0 -1 0
t 0 0 -1
bt 0 -1 0
t 0 0 -1
bt 0 -1 0
t -0.707107 0 -0.707107
bt 0 -1 0
t -0.707107 0 -0.707107
bt 0 -1 0
t -0.707107 0 -0.707107
bt 0 -1 0
t -0.707107 0 -0.707107
bt 0 -1 0
t -1 0 0
bt 0 -1 0
t -1 0 0
bt 0 -1 0
t -1 0 0
bt 0 -1 0
t -1 0 0
bt 0 -1 0
t -0.707107 0 0.707107
bt 0 -1 0
t -0.707107 0 0.707107
bt 0 -1 0
t -0.707107 0 0.707107
bt 0 -1 0
t -0.707107 0 0.707107
bt 0 -1 0
t 0 0 1
bt 0 -1 0
t 0 0 1
bt 0 -1 0
t 0 0 1
bt 0 -1 0
t 0 0 1
bt 0 -1 0
t 0.707107 0 0.707107
bt 0 -1 0
t 0.707107 0 0.707107
bt 0 -1 0
t 0.707107 0 0.707107
bt 0 -1 0
t 0.707107 0 0.707107
bt 0 -1 0
t 1 0 0
bt 0 -1 0
t 1 0 0
bt 0 -1 0
t 1 0 0
bt 0 -1 0
t 1 0 0
bt 0 -1 0
t 0.707107 0 -0.707107
bt 0 -1 0
t 0.707107 0 -0.707107
bt 0 -1 0
t 0.707107 0 -0.707107
bt 0 -1 0
t 0.707107 0 -0.707107
bt 0 -1 0
t 0 0 -1
bt 0.519771 -0.801095 0.296792
t 0.00207818 -0.00320298 -0.999993
bt 0.524026 -0.807652 -0.27036
t 0 0 -1
bt 0.519771 -0.801095 0.296792
t 0 0 -1
bt 0.519771 -0.801095 0.296792
t -0.99997 0.00650603 0.00422128
bt 0.296906 -0.801065 -0.519752
t -0.99997 0.00644411 0.00418111
bt -0.294826 -0.801606 -0.520102
t -0.99997 0.00650603 0.00422128
bt 0.296906 -0.801065 -0.519752
t -0.99997 0.00650603 0.00422128
bt 0.296906 -0.801065 -0.519752
t -0.000706923 -0.00108954 0.999999
bt -0.52369 -0.807135 -0.272549
t -0.000693752 -0.00106924 0.999999
bt -0.520092 -0.801589 0.294889
t -0.000706923 -0.00108954 0.999999
bt -0.52369 -0.807135 -0.272549
t -0.000706923 -0.00108954 0.999999
bt -0.52369 -0.807135 -0.272549
t 1 -0.000544714 0.000353424
bt -0.297271 -0.80097 0.51969
t 1 -0.000534429 0.000346751
bt 0.0613499 -0.837313 0.54327
t 1 -0.000544714 0.000353424
bt -0.297271 -0.80097 0.51969
t 1 -0.000544714 0.000353424
bt -0.297271 -0.80097 0.51969
t 0.578634 0.170744 -0.797515
bt 0.468998 -0.740885 0.480761
t 0.655667 0.074561 -0.75136
bt 0.515275 -0.739733 0.432767
t 0.578643 0.170755 -0.797506
bt 0.468959 -0.740935 0.480722
t 0.578634 0.170744 -0.797515
bt 0.468998 -0.740885 0.480761
t 0.707102 9.73045e-05 0.707112
bt -0.498191 -0.74058 0.45094
t 0.70708 6.37796e-05 0.707133
bt -0.449473 -0.740525 0.499596
t 0.707102 9.73045e-05 0.707112
bt -0.498191 -0.74058 0.45094
t 0.707102 9.73045e-05 0.707112
bt -0.498191 -0.74058 0.45094
t -0.707107 0 -0.707107
bt 0.500383 -0.740465 -0.448696
t -0.707031 -1.22981e-05 -0.707182
bt 0.449493 -0.740475 -0.499654
t -0.707107 0 -0.707107
bt 0.500422 -0.740416 -0.448735
t -0.707144 -4.7494e-05 -0.70707
bt 0.500359 -0.740495 -0.448673
t -0.707077 -5.85566e-05 0.707137
bt -0.45089 -0.740575 -0.498243
t -0.707059 -3.11946e-05 0.707154
bt -0.501946 -0.740435 -0.446997
t -0.707077 -5.85566e-05 0.707137
bt -0.45089 -0.740575 -0.498243
t -0.707077 -5.85566e-05 0.707137
bt -0.45089 -0.740575 -0.498243
t 0 0 1
bt 0 1 0
t 0 0 1
bt 0 1 0
t 0 0 1
bt 0 1 0
t 0 0 1
bt 0 1 0
t 0.707107 0 0.707107
bt 0 1 0
t 0.707107 0 0.707107
bt 0 1 0
t 0.707107 0 0.707107
bt 0 1 0
t 0.707107 0 0.707107
bt 0 1 0
t 1 0 0
bt 0 1 0
t 1 0 0
bt 0 1 0
t 1 0 0
bt 0 1 0
t 1 0 0
bt 0 1 0
t 0.707107 0 -0.707107
bt 0 1 0
t 0.707107 0 -0.707107
bt 0 1 0
t 0.707107 0 -0.707107
bt 0 1 0
t 0.707107 0 -0.707107
bt 0 1 0
t 0 0 -1
bt 0 1 0
t 0 0 -1
bt 0 1 0
t 0 0 -1
bt 0 1 0
t 0 0 -1
bt 0 1 0
t -0.707107 0 -0.707107
bt 0 1 0
t -0.707107 0 -0.707107
bt 0 1 0
t -0.707107 0 -0.707107
bt 0 1 0
t -0.707107 0 -0.707107
bt 0 1 0
t -1 0 0
bt 0 1 0
t -1 0 0
bt 0 1 0
t -1 0 0
bt 0 1 0
t -1 0 0
bt 0 1 0
t -0.707107 0 0.707107
bt 0 1 0
t -0.707107 0 0.707107
bt 0 1 0
t -0.707107 0 0.707107
bt 0 1 0
t -0.707107 0 0.707107
bt 0 1 0
t -0.0877851 0.185487 -0.978718
bt -0.767884 -0.224198 -0.600074
t -0.259673 0.00587007 -0.965679
bt -0.647487 -0.450288 0.614817
t 0.259683 -0.00586423 -0.965676
bt -0.632001 -0.444822 -0.634593
t 0.291415 -0.083131 -0.952978
bt -0.62662 -0.444959 -0.639812
t -0.978718 0.185487 0.0877851
bt -0.600071 -0.2242 0.767886
t -0.965657 0.0059346 0.259753
bt 0.634054 -0.445029 0.632396
t -0.991023 -0.117171 -0.0643797
bt -0.632414 -0.445534 0.633681
t -0.952967 -0.0831083 -0.291458
bt -0.639495 -0.445018 0.626901
t 0.291436 0.0831196 0.952972
bt 0.851803 -0.46088 -0.249041
t 0.259711 0.0058481 0.965669
bt 0.647465 -0.450281 -0.614846
t -0.259681 -0.00586586 0.965677
bt 0.841221 -0.495455 0.2165
t -0.29142 -0.0831282 0.952976
bt 0.857541 -0.459481 0.231302
t 0.978718 0.185487 -0.0877851
bt 0.600028 -0.224223 -0.767913
t 0.991023 0.117171 -0.0643797
bt -0.61696 -0.449805 -0.645783
t 0.965652 -0.0059246 0.25977
bt 0.634227 -0.44498 -0.632257
t 0.952976 -0.0831282 0.29142
bt 0.639463 -0.445024 -0.626929
t 0.762384 -0.217486 -0.609484
bt -0.609577 -0.451757 -0.651407
t 0.746611 -0.135131 -0.651393
bt -0.609606 -0.450186 -0.652467
t -0.762376 0.217492 -0.609492
bt -0.637939 -0.443946 0.629242
t -0.651293 -0.135061 -0.746711
bt -0.651664 -0.450031 0.610579
t -0.29142 -0.0831282 0.952976
bt 0.857541 -0.459481 0.231302
t -0.259681 -0.00586586 0.965677
bt 0.841221 -0.495455 0.2165
t -0.746623 -0.135122 0.65138
bt 0.637962 -0.445305 0.628258
t 0.252714 0 -0.967541
bt -0.944798 0 -0.327652
t -0.252709 0 -0.967542
bt -0.940674 0 0.339312
t -0.252709 0 -0.967542
bt -0.993784 0 -0.111322
t 0 0 -1
bt -0.942613 0 -0.333887
t -0.707059 0 -0.707154
bt -0.315212 0 0.949021
t -0.707069 0 -0.707145
bt -0.9361 0 0.351734
t -1 0 0
bt -0.333958 0 0.942588
t -0.967538 0 0.252725
bt 0.339632 0 0.940558
t -0.967538 0 0.252725
bt -0.111161 0 0.993802
t -1 0 0
bt -0.333958 0 0.942588
t -0.505444 0 0.862859
bt 0.946689 0 0.322148
t -0.707107 0 0.707107
bt 0.352372 0 0.93586
t 0.252725 0 0.967538
bt 0.940602 0 -0.339512
t 0.252725 0 0.967538
bt 0.993806 0 0.111126
t 0 0 1
bt 0.942623 0 0.333859
t 0.862296 0 0.506405
bt 0.322112 0 -0.946701
t 0.707107 0 0.707107
bt 0.935901 0 -0.352263
t 0.985146 0 -0.171717
bt -0.209272 0 -0.977857
t 0.999994 0 0.00350913
bt 0.333582 0 -0.942721
t 0.999994 0 0.00350913
bt 0.333582 0 -0.942721
t 0.985146 0 -0.171717
bt -0.209272 0 -0.977857
t 0.866254 0 -0.499603
bt -0.584741 0 -0.81122
t 0.866254 0 -0.499603
bt -0.584741 0 -0.81122
t -0.252705 0 -0.967543
bt 0.94482 0 -0.32759
t 0.252709 0 -0.967542
bt 0.942003 0 0.335604
t 0.252709 0 -0.967542
bt 0.993364 0 -0.115009
t 0 0 -1
bt 0.942635 0 -0.333825
t 0.707081 0 -0.707132
bt 0.701871 0 0.712304
t 0.707069 0 -0.707145
bt 0.940237 0 0.340521
t 1 0 0
bt 0.0114989 0 0.999934
t 1 0 -1.29875e-06
bt -0.333198 0 0.942857
t 0.967538 0 0.252725
bt -0.111488 0 0.993766
t 1 0 0
bt 0.0114989 0 0.999934
t 0.707107 0 0.707107
bt -0.352351 0 0.935868
t 0.505428 0 0.862869
bt -0.94669 0 0.322146
t 0.707107 0 0.707107
bt -0.352351 0 0.935868
t -0.252725 0 0.967538
bt -0.940602 0 -0.339512
t -0.252725 0 0.967538
bt -0.993806 0 0.111126
t 0 0 1
bt -0.942623 0 0.333859
t -0.7071 0 0.707113
bt -0.316381 0 -0.948632
t -0.707107 0 0.707107
bt -0.935901 0 -0.352263
t -1 0 0
bt -0.333986 0 -0.942578
t -1 0 0
bt 0.333212 0 -0.942852
t -1 0 0
bt -0.333986 0 -0.942578
t -1 0 0
bt -0.333986 0 -0.942578
t -0.707069 0 -0.707145
bt 0.351873 0 -0.936048
t -0.707069 0 -0.707145
bt 0.351873 0 -0.936048
t -0.707069 0 -0.707145
bt 0.351873 0 -0.936048

