g sponza_21
t 0 -0.997773 0.0666965
bt 1 0 0
t 0 -0.980784 0.195098
bt 1 0 0
t 0 -0.980784 0.195098
bt 1 0 0
t 0 -0.997773 0.0666965
bt 1 0 0
t 0 -0.989452 0.144861
bt 0 0.136387 0.990656
t 0 -0.984438 0.175734
bt 0 0.195073 0.980789
t 0 -0.995413 0.095672
bt 0 0.181276 0.983432
t 0 -0.995413 0.0956714
bt 0 0.116646 0.993174
t 0 -0.995185 0.0980107
bt 0 0 1
t 0 0.986659 0.162803
bt 0 -0.0653091 0.997865
t 0 0.986658 0.162804
bt 0 -0.195089 0.980786
t 0 0.995185 0.0980166
bt 0 0 1
t 0 0.995185 0.0980166
bt 0 0 1
t 0 0.995185 0.0980184
bt 0 0 -1
t 0 0.986659 0.162803
bt 0 0.195093 -0.980785
t 0 0.984437 0.175736
bt 0 0.117598 -0.993061
t 0 0.995185 0.0980184
bt 0 0 -1
t -2.10532e-06 0.980784 0.195098
bt 1 0 0
t -2.10532e-06 0.980784 0.195098
bt 1 0 0
t 0 0.999235 0.0391055
bt 1 0 0
t 0 0.999235 0.0391055
bt 1 0 0
t 0.0297213 0.997316 0.0669205
bt 0.723909 2.32774e-05 0.689896
t -0.0163868 0.983588 0.179684
bt 0.723315 -0.13472 0.677249
t -0.0163876 0.983588 0.179683
bt 0.720381 -0.045905 0.692058
t 0.0310266 0.997363 0.0656143
bt 0.723321 -5.2808e-07 0.690511
t 0 0.195098 0.980784
bt 1 4.45582e-07 2.23994e-06
t 0 0.195098 0.980784
bt 1 0 0
t 0 0 1
bt 1 0 3.48355e-06
t 0 0 1
bt 1 0 2.32858e-06
t 0 0.162807 0.986658
bt 0 0.997865 -0.0653101
t 0 0.175738 0.984437
bt 0 0.980785 -0.195093
t 0 0.0196956 0.999806
bt 0 1 0
t 0 0.0328145 0.999461
bt 0 0.997865 0.0653104
t 0 -0.162807 0.986658
bt 0 -0.997865 -0.0653167
t 0 -0.162803 0.986659
bt 0 -0.980785 -0.195093
t 0 -0.0328178 0.999461
bt 0 -1 -9.40491e-06
t 0 -0.0328145 0.999461
bt 0 -0.997865 0.0653038
t 0 -0.162804 0.986658
bt 0 0.997865 0.0653107
t 0 -0.175739 0.984437
bt 0 0.980785 0.195093
t 0 -0.0328138 0.999461
bt 0 0.997865 -0.0653115
t 0 0.162804 0.986659
bt 0 -0.997864 0.0653182
t 0 0.162801 0.986659
bt 0 -0.98078 0.195116
t 0 0.0328126 0.999461
bt 0 -1 0
t 0 0.0328133 0.999462
bt 0 -0.997865 -0.0653059
t 0 0.195098 0.980784
bt -1 0 0
t 0 0.195098 0.980784
bt -1 0 0
t 0 0 1
bt -1 0 0
t 0 0 1
bt -1 0 0
t 0 -0.195098 0.980784
bt 1 0 0
t 0 -0.195098 0.980784
bt 1 0 0
t 0 0 1
bt 1 0 0
t 0 0 1
bt 1 0 0
t -0.016387 -0.179684 0.983588
bt 0.720381 -0.692057 -0.0459058
t -0.0163855 -0.179685 0.983588
bt 0.723315 -0.677248 -0.134722
t 0.0163928 -0.015651 0.999743
bt 0.723317 -0.690516 0
t 0.0163932 -0.0156514 0.999743
bt 0.722584 -0.689817 0.0449945
t 0 0.582556 0.812791
bt 0 -0.751778 0.659416
t 0 0.582552 0.812793
bt 0 -0.831471 0.555569
t 0 0.683527 0.729926
bt 0 -0.707106 0.707107
t 0 0.683526 0.729926
bt 0 -0.659413 0.751781
t 0 0.582555 0.812791
bt 0 0.751783 -0.659411
t 0 0.571838 0.820366
bt 0 0.831471 -0.555567
t 0 0.693043 0.720896
bt 0 0.70711 -0.707103
t 0 0.683524 0.729928
bt 0 0.659419 -0.751775
t 0 0.555574 0.831467
bt 1 0 0
t 0 0.555574 0.831467
bt 1 0 0
t 0 0.707106 0.707107
bt 1 0 0
t 0 0.707106 0.707107
bt 1 0 0
t -0.0163603 0.568468 0.822543
bt 0.720399 -0.521805 0.456885
t -0.0163619 0.568469 0.822542
bt 0.723331 -0.574129 0.383625
t 0.0163943 0.695861 0.71799
bt 0.72335 -0.488252 0.488236
t 0.0163946 0.695861 0.71799
bt 0.722618 -0.455939 0.51956
t -2.37924e-06 0.831467 0.555574
bt 1 -5.32218e-07 -3.55527e-07
t -2.37924e-06 0.831467 0.555574
bt 1 -1.59937e-06 -1.06839e-06
t 0 0.707107 0.707106
bt 1 0 0
t 0 0.707107 0.707106
bt 1 0 0
t 0 0.812789 0.582558
bt 0 0.659415 -0.751779
t 0 0.820366 0.571839
bt 0 0.555566 -0.831472
t 0 0.729925 0.683527
bt 0 0.751778 -0.659416
t 0 0.81279 0.582557
bt 0 -0.659409 0.751784
t 0 0.812792 0.582554
bt 0 -0.555552 0.831482
t 0 0.729927 0.683525
bt 0 -0.707105 0.707109
t 0 0.729927 0.683526
bt 0 -0.751781 0.659413
t 0 0.831467 0.555574
bt -1 0 0
t 0 0.831467 0.555574
bt -1 0 0
t 0 0.707107 0.707106
bt -1 0 0
t 0 0.707107 0.707106
bt -1 0 0
t 0 -0.555574 0.831467
bt 1 0 0
t 0 -0.555574 0.831467
bt 1 0 0
t 0 -0.707106 0.707107
bt 1 0 0
t 0 -0.707106 0.707107
bt 1 0 0
t 0 -0.582554 0.812792
bt 0 0.751779 0.659415
t 0 -0.571839 0.820366
bt 0 0.831467 0.555574
t 0 -0.693045 0.720895
bt 0 0.707108 0.707106
t 0 -0.683526 0.729926
bt 0 0.65942 0.751775
t 0 -0.582555 0.812791
bt 0 -0.751778 -0.659417
t 0 -0.582558 0.812789
bt 0 -0.831458 -0.555588
t 0 -0.683524 0.729928
bt 0 -0.707114 -0.7071
t 0 -0.683524 0.729928
bt 0 -0.659424 -0.751772
t 0 -0.555574 0.831467
bt -1 0 0
t 0 -0.555574 0.831467
bt -1 0 0
t 0 -0.707106 0.707107
bt -1 0 0
t 0 -0.707106 0.707107
bt -1 0 0
t 0 -0.812793 0.582552
bt 0 -0.65942 -0.751775
t 0 -0.812793 0.582553
bt 0 -0.555574 -0.831467
t 0 -0.72993 0.683522
bt 0 -0.70711 -0.707103
t 0 -0.72993 0.683522
bt 0 -0.751779 -0.659415
t 0 -0.812791 0.582555
bt 0 0.659413 0.751781
t 0 -0.831469 0.555571
bt 0 0.53122 0.847234
t 0 -0.729928 0.683524
bt 0 0.751776 0.659419
t 0 -0.831467 0.555574
bt 1 0 0
t 0 -0.831467 0.555574
bt 1 0 0
t 0 -0.707107 0.707106
bt 1 0 0
t 0 -0.707107 0.707106
bt 1 0 0
t -0.0163606 -0.822542 0.568468
bt 0.7204 -0.456883 -0.521807
t -0.0163608 -0.822542 0.568469
bt 0.723331 -0.383614 -0.574136
t 0.0163952 -0.71799 0.69586
bt 0.72335 -0.488237 -0.48825
t 0.0163947 -0.71799 0.69586
bt 0.722618 -0.519564 -0.455935
t 0 -0.831464 0.555579
bt 1 -9.87725e-07 6.59809e-07
t 0 -0.831464 0.555579
bt 1 0 0
t 0 -0.923877 0.382689
bt 1 -1.13516e-06 4.70045e-07
t 0 -0.923877 0.382689
bt 1 -7.55953e-07 3.13025e-07
t 0 -0.849251 0.527989
bt 0 0.442211 0.896911
t 0 -0.916165 0.400802
bt 0 0.386712 0.9222
t 0 -0.910824 0.412794
bt 0 0.321532 0.946899
t 0 0.849251 0.52799
bt 0 -0.442199 0.896917
t 0 0.84925 0.52799
bt 0 -0.555562 0.831475
t 0 0.910825 0.412792
bt 0 -0.382679 0.923881
t 0 0.910825 0.412793
bt 0 -0.321525 0.946901
t 0 0.849251 0.527989
bt 0 0.4422 -0.896916
t 0 0.916164 0.400804
bt 0 0.382679 -0.923881
t 0 0.910826 0.412791
bt 0 0.321526 -0.946901
t 0 0.831464 0.555579
bt 1 0 0
t 0 0.831464 0.555579
bt 1 0 0
t 0 0.923877 0.382689
bt 1 0 0
t -2.10532e-06 0.923877 0.382689
bt 1 0 0
t -0.0164255 0.839931 0.542445
bt 0.720393 -0.307238 0.621803
t -0.0164257 0.839931 0.542445
bt 0.723331 -0.383626 0.574128
t 0.0164068 0.917658 0.397031
bt 0.723343 -0.264231 0.637931
t 0.016406 0.917659 0.397031
bt 0.722611 -0.222396 0.654502
t 0 0.555579 0.831464
bt 1 0 0
t 0 0.555579 0.831464
bt 1 0 0
t 0 0.382689 0.923877
bt 1 0 0
t 0 0.382689 0.923877
bt 1 0 0
t 0 0.527987 0.849253
bt 0 0.896916 -0.442201
t 0 0.400802 0.916165
bt 0 0.923881 -0.38268
t 0 0.412789 0.910827
bt 0 0.946901 -0.321526
t 0 -0.527987 0.849252
bt 0 -0.896915 -0.442203
t 0 -0.527989 0.849251
bt 0 -0.831467 -0.555575
t 0 -0.41279 0.910826
bt 0 -0.923882 -0.382678
t 0 -0.412791 0.910826
bt 0 -0.946901 -0.321526
t 0 -0.52799 0.849251
bt 0 0.896914 0.442205
t 0 -0.400806 0.916163
bt 0 0.923881 0.382681
t 0 -0.412793 0.910825
bt 0 0.9469 0.321529
t 0 0.527988 0.849252
bt 0 -0.89692 0.442193
t 0 0.52799 0.849251
bt 0 -0.831481 0.555554
t 0 0.412789 0.910827
bt 0 -0.923883 0.382675
t 0 0.41279 0.910826
bt 0 -0.946899 0.32153
t 0 0.555579 0.831464
bt -1 0 0
t 0 0.555579 0.831464
bt -1 0 0
t 0 0.382689 0.923877
bt -1 0 0
t 0 0.382689 0.923877
bt -1 0 0
t 0 -0.555579 0.831464
bt 1 0 0
t 0 -0.555579 0.831464
bt 1 0 0
t 0 -0.382689 0.923877
bt 1 0 0
t 0 -0.382689 0.923877
bt 1 0 0
t -0.0164256 -0.542445 0.839931
bt 0.720393 -0.621801 -0.307242
t -0.0164288 -0.542442 0.839932
bt 0.723331 -0.574135 -0.383617
t 0.0164065 -0.397031 0.917659
bt 0.723343 -0.637927 -0.264241
t 0.0164059 -0.39703 0.917659
bt 0.722611 -0.654499 -0.222404
t 0 0.22717 0.973855
bt 0 -0.946901 0.321526
t 0 0.22717 0.973855
bt 0 -0.980785 0.195092
t 0 0.352163 0.935939
bt 0 -0.923881 0.382679
t 0 0.352161 0.935939
bt 0 -0.896916 0.442201
t 0 0.227167 0.973856
bt 0 0.9469 -0.321529
t 0 0.35216 0.93594
bt 0 0.896915 -0.442202
t 0 0.195096 0.980784
bt 1 0 0
t 0 0.195096 0.980784
bt 1 0 0
t 0 0.382692 0.923876
bt 1 0 0
t 0 0.382692 0.923876
bt 1 0 0
t -0.0163981 0.210384 0.977481
bt 0.72038 -0.656945 0.222431
t -0.0163955 0.210382 0.977482
bt 0.723315 -0.677251 0.134708
t 0.016381 0.368117 0.929635
bt 0.723343 -0.637927 0.26424
t 0.0163812 0.368117 0.929635
bt 0.72261 -0.620062 0.305545
t 0 0.980784 0.195096
bt 1 0 0
t 0 0.980784 0.195096
bt 1 0 0
t 0 0.923876 0.382692
bt 1 0 0
t -2.37924e-06 0.923876 0.382692
bt 1 -4.07332e-07 -1.68668e-07
t 0 0.973856 0.227167
bt 0 0.321525 -0.946901
t 0 0.93594 0.352161
bt 0 0.442201 -0.896916
t 0 0.973856 0.227167
bt 0 -0.321531 0.946899
t 0 0.973855 0.227169
bt 0 -0.195084 0.980786
t 0 0.935939 0.352161
bt 0 -0.38269 0.923877
t 0 0.935939 0.352161
bt 0 -0.442202 0.896915
t 0 0.980784 0.195096
bt -1 0 0
t 0 0.980784 0.195096
bt -1 0 0
t 0 0.923876 0.382692
bt -1 0 0
t 0 0.923876 0.382692
bt -1 0 0
t 0 -0.195096 0.980784
bt 1 0 0
t 0 -0.195096 0.980784
bt 1 0 0
t -2.36201e-06 -0.382692 0.923876
bt 1 0 0
t 0 -0.382692 0.923876
bt 1 0 0
t 0 -0.22717 0.973855
bt 0 0.946901 0.321526
t 0 -0.352162 0.935939
bt 0 0.896915 0.442203
t 0 -0.227167 0.973856
bt 0 -0.946903 -0.321518
t 0 -0.22717 0.973855
bt 0 -0.980788 -0.195079
t 0 -0.352158 0.935941
bt 0 -0.923883 -0.382674
t 0 -0.352162 0.935939
bt 0 -0.896914 -0.442205
t -3.86877e-06 -0.195096 0.980784
bt -1 0 0
t 0 -0.195096 0.980784
bt -1 0 0
t -3.86878e-06 -0.382692 0.923876
bt -1 0 0
t -3.86878e-06 -0.382692 0.923876
bt -1 0 0
t 0 -0.973855 0.22717
bt 0 -0.32153 -0.946899
t 0 -0.980786 0.195088
bt 0 -0.146703 -0.989181
t 0 -0.935937 0.352168
bt 0 -0.382689 -0.923877
t 0 -0.935938 0.352166
bt 0 -0.442209 -0.896912
t 0 -0.980784 0.195096
bt 1 0 0
t 0 -0.980784 0.195096
bt 1 0 0
t 0 -0.923876 0.382692
bt 1 0 0
t 0 -0.923876 0.382692
bt 1 0 0
t -0.0245874 -0.975641 0.21799
bt 0.722947 -0.165937 -0.670681
t 0.210173 -0.948696 0.236226
bt 0.0846823 -0.382002 -0.920274
t 0.278509 -0.911602 0.30235
bt 0.130063 -0.425343 -0.895638
t 0.0245704 -0.93233 0.360773
bt 0.721603 -0.199547 -0.662925
t 0.0163825 -0.929636 0.368116
bt 0.72261 -0.305534 -0.620067
t 0 -0.88192 0.471399
bt 0 0.455222 0.890378
t 0 -0.913461 0.406926
bt 0 0.382671 0.923885
t 0 -0.812698 0.582686
bt 0 -0.555578 -0.831464
t 0 -0.831402 0.555672
bt 0 -0.512766 -0.858528
t 0 -0.831467 0.555574
bt -1 0 0
t 0 -0.831467 0.555574
bt -1 -7.51721e-07 5.02353e-07
t 0 0.999023 0.0442034
bt 1 0 0
t 0 0.999023 0.0442034
bt 1 0 0
t 0 0.995185 0.0980166
bt 0 0.195089 -0.980786
t 0 0.995185 0.0980178
bt 0 -0.195084 0.980787
t 0 0.995185 0.0980162
bt 0 0 1
t 0 0.999356 0.0358928
bt -1 0 0
t 0 0.999356 0.0358928
bt -1 0 0
t 0 -0.995185 0.098017
bt 0 -0.0649257 -0.99789
t 0 -0.995042 0.0994515
bt 0 0 -1
t 0 -0.995184 0.0980201
bt 0 0.00057338 -1
t 0 0 1
bt 1 0 0
t 0 0 1
bt 1 0 0
t 0.102098 -0.989882 0.0985352
bt 0.0301919 -0.29227 -0.955859
t 0 0.999377 -0.0352992
bt 1 0 0
t 0 0.999377 -0.0352992
bt 1 0 0
t 0 0.997773 -0.0666999
bt 1 0 0
t 0 0.997773 -0.0666999
bt 1 0 0
t 0 0.999377 -0.0353015
bt 0 0 1
t 0 0.999755 -0.0221545
bt 0 -0.186623 0.982432
t 0 0.999377 -0.0353015
bt 0 0 1
t 0 0.999377 -0.0353015
bt 0 0 1
t 0 -0.999952 0.00979885
bt 0 0.16695 0.985965
t 0 -0.9998 0.0200108
bt 0 0 1
t 0 -0.999952 0.00979885
bt 0 0.16695 0.985965
t 0 -0.999952 0.00979885
bt 0 0.16695 0.985965
t 0 -0.999706 0.0242502
bt 0 0 -1
t 0 -0.999862 0.0166033
bt 0 -0.160129 -0.987096
t 0 -0.999652 0.0263725
bt 0 0 -1
t 0 -0.999652 0.0263725
bt 0 0 -1
t 0 -0.999235 -0.0390972
bt 1 0 0
t 0 -0.9998 0.02
bt 1 0 0
t 0 -0.9998 0.02
bt 1 0 0
t 0 -0.999235 -0.0390972
bt 1 0 0
t 0.0014613 -0.999747 0.0224397
bt 0.726485 -6.99688e-05 0.687182
t -2.55336e-05 -0.999799 0.0200379
bt 0.724355 0.10973 0.680639
t 0.0313036 -0.999471 -0.00883776
bt 0.723909 2.32767e-05 0.689895
t 0.030012 -0.999522 -0.00743084
bt 0.723322 -5.27708e-07 0.690511
t 0 -0.999023 -0.0441986
bt 1 0 0
t 0 -0.999023 -0.0441986
bt 1 0 0
t 0 -0.999952 0.00979953
bt 1 0 0
t 0 -0.999952 0.00979953
bt 1 0 0
t 0 -0.999952 0.00979886
bt 0 -0.166949 -0.985965
t 0 -0.999952 0.00979886
bt 0 -0.166949 -0.985965
t 0 -0.999712 0.0239845
bt 0 0.161066 0.986944
t 0 -0.999652 0.0263725
bt 0 0 1
t 0 -0.999712 0.0239845
bt 0 0.161066 0.986944
t 0 -0.999712 0.0239845
bt 0 0.161066 0.986944
t 0 -0.999355 -0.035904
bt -1 0 0
t 0 -0.999355 -0.035904
bt -1 0 0
t 0 -0.999651 0.0263987
bt -1 0 0
t 0 -0.999651 0.0263987
bt -1 0 0
t 0 -0.910825 0.412793
bt 0 -0.382671 -0.923885
t 0 -0.903834 0.427883
bt 0 -0.469902 -0.882719
t 0 -0.881922 0.471396
bt 0 -0.376408 -0.926454
t 0 0 1
bt -1 0 0
t 0 0 1
bt -1 0 0
t 0 -0.973859 0.227153
bt 0 0.321509 0.946906
t 0 -0.956939 0.290288
bt 0 -0.382671 -0.923885
t 0 0.999799 -0.0200758
bt 0 0.186623 -0.982432
t 0 0.999377 -0.0353015
bt 0 0 -1
t 0 0.999799 -0.0200758
bt 0 0.186623 -0.982432
t 0 0.999799 -0.0200758
bt 0 0.186623 -0.982432
t 0 -0.980784 -0.195098
bt 1 0 0
t 0 -0.980784 -0.195098
bt 1 0 0
t 0 -0.997773 -0.0666965
bt 1 0 0
t 0 -0.997773 -0.0666965
bt 1 0 0
t 0 -0.995413 -0.0956724
bt 0 0.181276 -0.983432
t 0 -0.984438 -0.175734
bt 0 0.195072 -0.980789
t 0 -0.989452 -0.144862
bt 0 0.136386 -0.990656
t 0 -0.995413 -0.0956737
bt 0 0.116645 -0.993174
t 0 -0.995185 -0.0980165
bt 0 0 -1
t 0 0.995185 -0.0980166
bt 0 0 -1
t 0 0.986658 -0.162804
bt 0 -0.195089 -0.980786
t 0 0.986659 -0.162803
bt 0 -0.0653091 -0.997865
t 0 0.995185 -0.0980166
bt 0 0 -1
t 0 0.984437 -0.175736
bt 0 0.117598 0.993061
t 0 0.986658 -0.162806
bt 0 0.195093 0.980785
t 0 0.995185 -0.0980184
bt 0 0 1
t 0 0.995185 -0.0980184
bt 0 0 1
t 0 0.999235 -0.0391055
bt 1 0 0
t 0 0.980784 -0.195098
bt 1 0 0
t 0 0.980784 -0.195098
bt 1 0 0
t 0 0.999235 -0.0391055
bt 1 0 0
t -0.0163876 0.983588 -0.179683
bt 0.720381 -0.045905 -0.692058
t -0.0163868 0.983588 -0.179684
bt 0.723315 -0.13472 -0.677249
t 0.0297213 0.997316 -0.0669205
bt 0.723909 2.32774e-05 -0.689896
t 0.0310266 0.997363 -0.0656143
bt 0.723321 -5.2808e-07 -0.690511
t 0 0 -1
bt 1 0 0
t 0 0.195098 -0.980784
bt 1 0 0
t 0 0.195098 -0.980784
bt 1 0 0
t 0 0 -1
bt 1 0 0
t 0 0.0196958 -0.999806
bt 0 1 0
t 0 0.175739 -0.984437
bt 0 0.980786 0.195088
t 0 0.162808 -0.986658
bt 0 0.997865 0.065307
t 0 0.0328147 -0.999461
bt 0 0.997865 -0.0653103
t 0 -0.0328177 -0.999461
bt 0 -1 0
t 0 -0.162804 -0.986658
bt 0 -0.980785 0.195092
t 0 -0.162808 -0.986658
bt 0 -0.997865 0.0653103
t 0 -0.0328148 -0.999461
bt 0 -0.997865 -0.065307
t 0 -0.175739 -0.984437
bt 0 0.980785 -0.195093
t 0 -0.162804 -0.986659
bt 0 0.997865 -0.0653107
t 0 -0.0328133 -0.999461
bt 0 0.997865 0.0653111
t 0 0.0328129 -0.999461
bt 0 -1 0
t 0 0.162801 -0.986659
bt 0 -0.980786 -0.195086
t 0 0.162804 -0.986658
bt 0 -0.997865 -0.0653082
t 0 0.0328138 -0.999461
bt 0 -0.997865 0.0653152
t 0 0 -1
bt -1 0 0
t 0 0.195098 -0.980784
bt -1 0 0
t 0 0.195098 -0.980784
bt -1 0 0
t 0 0 -1
bt -1 0 0
t 0 0 -1
bt 1 0 0
t 0 -0.195098 -0.980784
bt 1 0 0
t 0 -0.195098 -0.980784
bt 1 0 0
t 0 0 -1
bt 1 0 0
t 0.0163927 -0.0156508 -0.999743
bt 0.723317 -0.690516 0
t -0.0163855 -0.179685 -0.983588
bt 0.723315 -0.677251 0.13471
t -0.0163872 -0.179684 -0.983588
bt 0.720381 -0.692058 0.0459017
t 0.016393 -0.0156511 -0.999743
bt 0.722584 -0.689817 -0.0449987
t 0 0.683526 -0.729926
bt 0 -0.707106 -0.707107
t 0 0.582552 -0.812793
bt 0 -0.831471 -0.555569
t 0 0.582556 -0.812791
bt 0 -0.751778 -0.659416
t 0 0.683525 -0.729927
bt 0 -0.659415 -0.751779
t 0 0.693043 -0.720896
bt 0 0.707107 0.707106
t 0 0.571838 -0.820367
bt 0 0.831469 0.555572
t 0 0.582554 -0.812792
bt 0 0.751778 0.659417
t 0 0.683526 -0.729926
bt 0 0.659417 0.751777
t 0 0.707106 -0.707107
bt 1 0 0
t 0 0.555574 -0.831467
bt 1 0 0
t 0 0.555574 -0.831467
bt 1 0 0
t 0 0.707106 -0.707107
bt 1 0 0
t 0.016395 0.69586 -0.71799
bt 0.72335 -0.488252 -0.488236
t -0.0163618 0.568469 -0.822542
bt 0.723331 -0.574129 -0.383626
t -0.0163602 0.568468 -0.822543
bt 0.720399 -0.521805 -0.456885
t 0.0163946 0.69586 -0.71799
bt 0.722618 -0.455937 -0.519562
t 0 0.707107 -0.707106
bt 1 0 0
t 0 0.831467 -0.555574
bt 1 0 0
t 0 0.831467 -0.555574
bt 1 0 0
t 0 0.707107 -0.707106
bt 1 0 0
t 0 0.820367 -0.571838
bt 0 0.555568 0.831471
t 0 0.812789 -0.582558
bt 0 0.659415 0.751779
t 0 0.729925 -0.683527
bt 0 0.751778 0.659416
t 0 0.72993 -0.683522
bt 0 -0.707091 -0.707122
t 0 0.812789 -0.582557
bt 0 -0.55558 -0.831463
t 0 0.812792 -0.582554
bt 0 -0.659408 -0.751785
t 0 0.72993 -0.683522
bt 0 -0.751768 -0.659428
t 0 0.707107 -0.707106
bt -1 0 0
t 0 0.831467 -0.555574
bt -1 0 0
t 0 0.831467 -0.555574
bt -1 0 0
t 0 0.707107 -0.707106
bt -1 0 0
t 0 -0.707106 -0.707107
bt 1 0 0
t 0 -0.555574 -0.831467
bt 1 0 0
t 0 -0.555574 -0.831467
bt 1 0 0
t 0 -0.707106 -0.707107
bt 1 0 0
t 0 -0.693045 -0.720895
bt 0 0.707108 -0.707106
t 0 -0.571838 -0.820367
bt 0 0.831467 -0.555574
t 0 -0.582554 -0.812792
bt 0 0.751779 -0.659415
t 0 -0.683526 -0.729926
bt 0 0.65942 -0.751775
t 0 -0.683524 -0.729928
bt 0 -0.707114 0.707099
t 0 -0.582558 -0.812789
bt 0 -0.831457 0.555589
t 0 -0.582555 -0.812791
bt 0 -0.751778 0.659417
t 0 -0.683524 -0.729928
bt 0 -0.659424 0.751771
t 0 -0.707106 -0.707107
bt -1 0 0
t 0 -0.555574 -0.831467
bt -1 0 0
t 0 -0.555574 -0.831467
bt -1 0 0
t 0 -0.707106 -0.707107
bt -1 0 0
t 0 -0.72993 -0.683522
bt 0 -0.707111 0.707103
t 0 -0.812793 -0.582553
bt 0 -0.555573 0.831467
t 0 -0.812793 -0.582552
bt 0 -0.65942 0.751775
t 0 -0.72993 -0.683522
bt 0 -0.751779 0.659415
t 0 -0.831469 -0.555571
bt 0 0.53122 -0.847234
t 0 -0.812791 -0.582555
bt 0 0.659413 -0.751781
t 0 -0.729928 -0.683524
bt 0 0.751776 -0.659419
t 0 -0.707107 -0.707106
bt 1 0 0
t 0 -0.831467 -0.555574
bt 1 0 0
t 0 -0.831467 -0.555574
bt 1 0 0
t 0 -0.707107 -0.707106
bt 1 0 0
t 0.0163952 -0.71799 -0.69586
bt 0.72335 -0.488237 0.48825
t -0.0163608 -0.822542 -0.568469
bt 0.723331 -0.383614 0.574136
t -0.0163606 -0.822542 -0.568468
bt 0.7204 -0.456883 0.521807
t 0.0163947 -0.71799 -0.69586
bt 0.722618 -0.519564 0.455935
t 0 -0.923877 -0.382689
bt 1 0 0
t 0 -0.831464 -0.555579
bt 1 0 0
t 0 -0.831464 -0.555579
bt 1 0 0
t 0 -0.923877 -0.382689
bt 1 0 0
t 0 -0.916164 -0.400804
bt 0 0.350325 -0.936628
t 0 -0.849253 -0.527986
bt 0 0.442209 -0.896912
t 0 -0.910826 -0.412791
bt 0 0.321529 -0.9469
t 0 0.910827 -0.412789
bt 0 -0.382679 -0.923881
t 0 0.849249 -0.527992
bt 0 -0.555566 -0.831472
t 0 0.849252 -0.527988
bt 0 -0.442201 -0.896916
t 0 0.910827 -0.412789
bt 0 -0.321525 -0.946901
t 0 0.916163 -0.400806
bt 0 0.382679 0.923881
t 0 0.849251 -0.52799
bt 0 0.442203 0.896915
t 0 0.910824 -0.412794
bt 0 0.321526 0.946901
t 0 0.923877 -0.382689
bt 1 0 0
t 0 0.831464 -0.555579
bt 1 0 0
t 0 0.831464 -0.555579
bt 1 0 0
t 0 0.923877 -0.382689
bt 1 0 0
t 0.0164068 0.917658 -0.397031
bt 0.723343 -0.264231 -0.637931
t -0.0164272 0.839932 -0.542443
bt 0.723331 -0.38362 -0.574133
t -0.0164255 0.839931 -0.542445
bt 0.720393 -0.307236 -0.621804
t 0.016406 0.917659 -0.397031
bt 0.722611 -0.222396 -0.654502
t 0 0.382689 -0.923877
bt 1 0 0
t 0 0.555579 -0.831464
bt 1 0 0
t 0 0.555579 -0.831464
bt 1 0 0
t 0 0.382689 -0.923877
bt 1 0 0
t 0 0.400802 -0.916165
bt 0 0.923881 0.38268
t 0 0.527986 -0.849253
bt 0 0.896916 0.442201
t 0 0.412789 -0.910826
bt 0 0.946902 0.321522
t 0 -0.412788 -0.910827
bt 0 -0.923878 0.382686
t 0 -0.527989 -0.849251
bt 0 -0.831467 0.555575
t 0 -0.527986 -0.849253
bt 0 -0.896913 0.442208
t 0 -0.41279 -0.910826
bt 0 -0.946899 0.321531
t 0 -0.400806 -0.916163
bt 0 0.92388 -0.382684
t 0 -0.52799 -0.849251
bt 0 0.896914 -0.442204
t 0 -0.412793 -0.910825
bt 0 0.9469 -0.321528
t 0 0.412788 -0.910827
bt 0 -0.923884 -0.382672
t 0 0.52799 -0.84925
bt 0 -0.831469 -0.555572
t 0 0.527986 -0.849253
bt 0 -0.896917 -0.442198
t 0 0.412789 -0.910827
bt 0 -0.946903 -0.321519
t 0 0.382689 -0.923877
bt -1 0 0
t 0 0.555579 -0.831464
bt -1 0 0
t 0 0.555579 -0.831464
bt -1 0 0
t 0 0.382689 -0.923877
bt -1 0 0
t 0 -0.382689 -0.923877
bt 1 0 0
t 0 -0.555579 -0.831464
bt 1 0 0
t 0 -0.555579 -0.831464
bt 1 0 0
t 0 -0.382689 -0.923877
bt 1 0 0
t 0.0164063 -0.397031 -0.917659
bt 0.723343 -0.637927 0.264241
t -0.0164288 -0.542442 -0.839933
bt 0.723331 -0.574135 0.383616
t -0.0164256 -0.542445 -0.839931
bt 0.720393 -0.621801 0.307242
t 0.0164059 -0.39703 -0.917659
bt 0.722611 -0.654501 0.222401
t 0 0.352164 -0.935938
bt 0 -0.923882 -0.382678
t 0 0.22717 -0.973855
bt 0 -0.980787 -0.195083
t 0 0.227171 -0.973855
bt 0 -0.946902 -0.321522
t 0 0.352162 -0.935939
bt 0 -0.896916 -0.442201
t 0 0.227167 -0.973856
bt 0 0.9469 0.321529
t 0 0.352159 -0.93594
bt 0 0.896914 0.442205
t 0 0.382692 -0.923876
bt 1 0 0
t 0 0.195096 -0.980784
bt 1 0 0
t 0 0.195096 -0.980784
bt 1 0 0
t 0 0.382692 -0.923876
bt 1 0 0
t 0.016381 0.368117 -0.929635
bt 0.723343 -0.637927 -0.264242
t -0.016396 0.210382 -0.977482
bt 0.723315 -0.677249 -0.13472
t -0.0163982 0.210385 -0.977481
bt 0.72038 -0.656944 -0.222436
t 0.0163812 0.368117 -0.929635
bt 0.72261 -0.620062 -0.305546
t -2.37925e-06 0.923876 -0.382692
bt 1 0 0
t 0 0.980784 -0.195096
bt 1 0 0
t 0 0.980784 -0.195096
bt 1 0 0
t 0 0.923876 -0.382692
bt 1 0 0
t 0 0.973856 -0.227167
bt 0 0.321525 0.946901
t 0 0.93594 -0.352161
bt 0 0.442201 0.896916
t 0 0.93594 -0.35216
bt 0 -0.38269 -0.923877
t 0 0.973855 -0.227169
bt 0 -0.195084 -0.980786
t 0 0.973856 -0.227167
bt 0 -0.321531 -0.946899
t 0 0.935939 -0.352162
bt 0 -0.442213 -0.89691
t 0 0.923876 -0.382692
bt -1 0 0
t 0 0.980784 -0.195096
bt -1 0 0
t 0 0.980784 -0.195096
bt -1 0 0
t 0 0.923876 -0.382692
bt -1 0 0
t 0 -0.382692 -0.923876
bt 1 0 0
t 0 -0.195096 -0.980784
bt 1 0 0
t 0 -0.195096 -0.980784
bt 1 0 0
t 0 -0.382692 -0.923876
bt 1 0 0
t 0 -0.227171 -0.973855
bt 0 0.946899 -0.321531
t 0 -0.352162 -0.935939
bt 0 0.896913 -0.442208
t 0 -0.352158 -0.935941
bt 0 -0.923884 0.382673
t 0 -0.227169 -0.973855
bt 0 -0.980782 0.195107
t 0 -0.227167 -0.973856
bt 0 -0.946901 0.321526
t 0 -0.352162 -0.935939
bt 0 -0.896914 0.442205
t 0 -0.382692 -0.923876
bt -1 0 0
t 0 -0.195096 -0.980784
bt -1 0 0
t 0 -0.195096 -0.980784
bt -1 0 0
t 0 -0.382692 -0.923876
bt -1 0 0
t 0 -0.935938 -0.352164
bt 0 -0.382689 0.923877
t 0 -0.980786 -0.195089
bt 0 -0.146702 0.989181
t 0 -0.973855 -0.227169
bt 0 -0.32153 0.946899
t 0 -0.935939 -0.352163
bt 0 -0.442209 0.896912
t 0 -0.923876 -0.382692
bt 1 0 0
t 0 -0.980784 -0.195096
bt 1 0 0
t 0 -0.980784 -0.195096
bt 1 0 0
t 0 -0.923876 -0.382692
bt 1 0 0
t 0.278509 -0.911602 -0.302349
bt 0.130064 -0.425344 0.895637
t 0.210173 -0.948696 -0.236226
bt 0.0846824 -0.382002 0.920273
t -0.0245872 -0.975641 -0.21799
bt 0.722947 -0.165937 0.670681
t 0.0245705 -0.93233 -0.360772
bt 0.721603 -0.199547 0.662925
t 0.0163825 -0.929636 -0.368116
bt 0.72261 -0.305534 0.620067
t 0 -0.913461 -0.406926
bt 0 0.382671 -0.923884
t 0 -0.88192 -0.471399
bt 0 0.455222 -0.890378
t 0 -0.812698 -0.582686
bt 0 -0.555578 0.831465
t 0 -0.831402 -0.555672
bt 0 -0.512766 0.858528
t 0 -0.831467 -0.555574
bt -1 0 0
t 0 -0.831467 -0.555574
bt -1 -7.54642e-07 -5.04305e-07
t 7.11372e-06 0.999023 -0.0442034
bt 1 0 0
t 0 0.999023 -0.0442034
bt 1 0 0
t 0 0.995185 -0.0980166
bt 0 0.195089 0.980786
t 0 0.995185 -0.0980162
bt 0 0 -1
t 0 0.995185 -0.0980178
bt 0 -0.195084 -0.980787
t 0 0.999356 -0.0358928
bt -1 8.79969e-08 -2.94228e-09
t 0 0.999356 -0.0358928
bt -1 0 0
t 0 -0.995184 -0.0980199
bt 0 0.000573319 1
t 0 -0.995042 -0.0994515
bt 0 0 1
t 0 -0.995185 -0.0980187
bt 0 -0.0649252 0.99789
t 0 0 -1
bt 1 0 0
t 0 0 -1
bt 1 0 0
t 0.102098 -0.989882 -0.0985349
bt 0.0301919 -0.292271 0.955859
t 0 0.997773 0.0666999
bt 1 0 0
t 0 0.999377 0.0352992
bt 1 0 0
t 0 0.999377 0.0352992
bt 1 0 0
t 0 0.997773 0.0666999
bt 1 0 0
t 0 0.999377 0.0352954
bt 0 0 -1
t 0 0.999755 0.0221547
bt 0 -0.186622 -0.982432
t 0 0.999377 0.0352954
bt 0 0 -1
t 0 0.999377 0.0352954
bt 0 0 -1
t 0 -0.9998 -0.0200053
bt 0 0 -1
t 0 -0.999952 -0.0097924
bt 0 0.16695 -0.985965
t 0 -0.9998 -0.0200053
bt 0 0 -1
t 0 -0.9998 -0.0200053
bt 0 0 -1
t 0 -0.9998 -0.0200053
bt 0 -0.104766 0.994497
t 0 -0.999652 -0.026378
bt 0 0 1
t 0 -0.9998 -0.0200053
bt 0 -0.156717 0.987644
t 0 -0.9998 -0.0200053
bt 0 -0.104766 0.994497
t 0 -0.9998 -0.02
bt 1 0 0
t 0 -0.9998 -0.02
bt 1 0 0
t 0 -0.999235 0.0390972
bt 1 0 0
t 0 -0.999235 0.0390972
bt 1 0 0
t 0.0313004 -0.999471 0.00884083
bt 0.723909 2.32767e-05 -0.689895
t -2.82872e-05 -0.999799 -0.0200353
bt 0.724355 0.10973 -0.680639
t 0.00145809 -0.999747 -0.0224367
bt 0.726485 -6.99688e-05 -0.687182
t 0.0300088 -0.999522 0.00743392
bt 0.723322 -5.27708e-07 -0.690511
t 0 -0.999952 -0.00979953
bt 1 0 0
t 0 -0.999023 0.0441986
bt 1 0 0
t 0 -0.999023 0.0441986
bt 1 0 0
t 0 -0.999952 -0.00979953
bt 1 0 0
t 0 -0.999952 -0.0097924
bt 0 -0.16695 0.985965
t 0 -0.9998 -0.0200053
bt 0 0 1
t 0 -0.999713 -0.0239781
bt 0 0.161071 -0.986943
t 0 -0.999652 -0.0263725
bt 0 0 -1
t 0 -0.999713 -0.0239781
bt 0 0.161071 -0.986943
t 0 -0.999713 -0.0239781
bt 0 0.161071 -0.986943
t 0 -0.999651 -0.0263987
bt -1 0 0
t 0 -0.999355 0.035904
bt -1 8.81393e-08 -2.94689e-09
t 0 -0.999355 0.035904
bt -1 0 0
t 0 -0.999651 -0.0263987
bt -1 0 0
t 0 -0.903834 -0.427883
bt 0 -0.469902 0.882719
t 0 -0.910825 -0.412793
bt 0 -0.382672 0.923884
t 0 -0.881922 -0.471396
bt 0 -0.376408 0.926454
t 0 0 -1
bt -1 0 0
t 0 0 -1
bt -1 0 0
t 0 -0.973856 -0.227167
bt 0 0.195057 -0.980792
t 0 -0.956939 -0.290288
bt 0 -0.382672 0.923884
t 0 0.999377 0.0352954
bt 0 0 1
t 0 0.999799 0.020076
bt 0 0.186622 0.982432
t 0 0.999377 0.0352954
bt 0 0 1
t 0 0.999377 0.0352954
bt 0 0 1

