g sponza_78
t -1 0 0
bt 0 -0.989995 0.141099
t -1 0 0
bt 0.00155707 -0.969115 0.246602
t -1 0 0
bt 0 -0.971899 0.2354
t -1 0 0
bt 0 -0.989995 0.141099
t 0 0 1
bt 0.211898 -0.97729 -0.00189045
t 0 0 1
bt 0.211898 -0.977288 -0.00253614
t 0 0 1
bt 0.119196 -0.992867 -0.00284348
t 0 0 1
bt 0.119196 -0.992867 -0.00284348
t 0 0 1
bt 0 -1 0.000368741
t 0 0 1
bt 0 -1 -0.000372002
t 0 0 1
bt 0 -1 0.000368741
t 0 0 1
bt 0 -1 0.000368741
t 1 0 0
bt 0.000342695 -1 0
t 1 0 0
bt 0 -1 0
t 1 0 0
bt 0.000342695 -1 0
t 1 0 0
bt 0.000342695 -1 0
t -1 0 0
bt -0.0896005 -0.593419 0.799891
t -1 0 0
bt -0.0232744 -0.595654 0.802904
t -1 0 0
bt -0.0896005 -0.593419 0.799891
t -1 0 0
bt -0.0896005 -0.593419 0.799891
t 0 0 1
bt 0.565951 -0.498526 -0.656636
t 0 0 1
bt 0.571293 -0.503231 0.648369
t 0 0 1
bt 0.565951 -0.498526 -0.656636
t 0 0 1
bt 0.565951 -0.498526 -0.656636
t -1 0 0
bt -0.00116516 -0.707706 -0.706506
t -1 0 0
bt 0 -0.707707 -0.706507
t -1 0 0
bt -0.00116516 -0.707706 -0.706506
t -1 0 0
bt -0.00116516 -0.707706 -0.706506
t 0 0 1
bt -0.64363 -0.765336 0.000673732
t 0 0 1
bt -0.64363 -0.765336 -0.000634684
t 0 0 1
bt -0.64363 -0.765336 0.000673732
t 0 0 1
bt -0.64363 -0.765336 0.000673732
t -1 0 0
bt 0 -0.668296 0.743896
t -1 0 0
bt -0.00337598 -0.668292 0.743891
t -1 0 0
bt 0 -0.668296 0.743896
t -1 0 0
bt 0 -0.668296 0.743896
t 0 0 1
bt 0.683984 -0.729483 0.00440595
t 0 0 1
bt 0.683957 -0.729454 0.0099866
t 0 0 1
bt 0.683984 -0.729483 0.00440595
t 0 0 1
bt 0.683984 -0.729483 0.00440595
t -1 0 0
bt 0.00197023 -0.668295 -0.743894
t -1 0 0
bt 0 -0.668296 -0.743896
t -1 0 0
bt 0.00197023 -0.668295 -0.743894
t -1 0 0
bt 0.00197023 -0.668295 -0.743894
t 0 0 1
bt -0.683988 -0.729488 -0.00282258
t 0 0 1
bt -0.683942 -0.729438 -0.01198
t 0 0 1
bt -0.683988 -0.729488 -0.00282258
t 0 0 1
bt -0.683988 -0.729488 -0.00282258
t -1 0 0
bt -7.96037e-05 -0.9024 0.4309
t -1 0 0
bt 0.000121064 -0.868138 0.496322
t -1 0 0
bt 0 -0.868138 0.496322
t -1 0 0
bt 0 -0.910374 0.413786
t 0 0 1
bt 0.433924 -0.900949 -0.000566114
t 0 0 1
bt 0.433924 -0.900949 0.00050196
t 0 0 1
bt 0.376883 -0.926261 -0.000400964
t 0 0 1
bt 0.376883 -0.926261 -0.000364498
t -0.604637 -0.19006 0.773493
bt 0.215302 -0.976059 0.0308836
t -0.658381 0.272262 0.701718
bt 0.214998 -0.976114 0.0312648
t -0.589568 -0.182642 0.786798
bt 0.322517 -0.944098 0.0682851
t -0.571809 -0.225159 0.788884
bt 0.329472 -0.941501 0.0708739
t 0.574886 0.286253 0.766528
bt 0.0235041 -0.966452 -0.255771
t 0.675673 -0.176177 0.71584
bt 0.0728638 -0.926847 -0.368301
t 0.609255 0.124973 0.783064
bt 0.0640279 -0.927877 -0.367349
t 0.574943 0.286267 0.76648
bt 0.0234849 -0.966456 -0.255755
t -0.63142 -0.206553 0.747425
bt -0.020426 -0.999684 0.0146232
t -0.617244 -0.294047 0.729758
bt -0.00675226 -0.999976 -0.00160857
t -0.63142 -0.206553 0.747425
bt -0.020426 -0.999684 0.0146232
t -0.63142 -0.206553 0.747425
bt -0.020426 -0.999684 0.0146232
t 0.629163 -0.207914 0.748949
bt 0.0123258 -0.99963 0.0242541
t 0.609286 -0.317961 0.72641
bt -0.00134728 -0.999967 0.00802452
t 0.629163 -0.207914 0.748949
bt 0.0123258 -0.99963 0.0242541
t 0.629163 -0.207914 0.748949
bt 0.0123258 -0.99963 0.0242541
t -0.358652 0.244408 0.900907
bt -0.817264 -0.562835 -0.123679
t 0.0303699 0.471867 0.881147
bt -0.821693 -0.559017 -0.111001
t -0.358652 0.244408 0.900907
bt -0.817264 -0.562835 -0.123679
t -0.358652 0.244408 0.900907
bt -0.817264 -0.562835 -0.123679
t 0.871132 0.480899 0.0993265
bt -0.0677222 -0.488813 0.869756
t 0.866008 0.340467 0.366214
bt -0.109018 -0.506582 0.855272
t 0.871136 0.480892 0.0993225
bt -0.0676807 -0.488881 0.869721
t 0.871136 0.480892 0.0993225
bt -0.0676807 -0.488881 0.869721
t -0.644207 -4.33122e-05 0.764851
bt 0.575068 -0.501326 0.646506
t -0.627066 -0.0130014 0.778858
bt 0.554675 -0.499378 0.66555
t -0.644207 -4.33122e-05 0.764851
bt 0.575068 -0.501326 0.646506
t -0.644207 -4.33122e-05 0.764851
bt 0.575068 -0.501326 0.646506
t 0.644287 -1.8171e-05 0.764783
bt 0.554312 -0.49934 -0.665881
t 0.644148 1.36371e-05 0.764901
bt 0.561975 -0.500166 -0.658801
t 0.644287 -1.8171e-05 0.764783
bt 0.554312 -0.49934 -0.665881
t 0.644317 4.78213e-05 0.764759
bt 0.554287 -0.499398 -0.665859
t -0.644274 -2.45067e-05 0.764795
bt 0.860556 -0.503395 0.0776993
t -0.301807 -0.256463 0.918226
bt 0.849862 -0.514423 0.114471
t -0.64424 3.78313e-05 0.764823
bt 0.860559 -0.503389 0.0777022
t -0.64424 3.78313e-05 0.764823
bt 0.860559 -0.503389 0.0777022
t 0.860617 -0.270207 0.431656
bt 0.109341 -0.462328 -0.879942
t 0.644264 -5.98994e-05 0.764803
bt 0.0339681 -0.431264 -0.901586
t 0.860617 -0.270207 0.431656
bt 0.109341 -0.462328 -0.879942
t 0.860617 -0.270207 0.431656
bt 0.109341 -0.462328 -0.879942
t -0.644241 -3.70702e-05 0.764823
bt -0.874346 -0.483734 -0.0390009
t -0.0358983 0.393523 0.918613
bt -0.877102 -0.479575 -0.0264611
t -0.644275 2.56578e-05 0.764794
bt -0.874344 -0.483737 -0.0389995
t -0.644213 -8.99151e-05 0.764846
bt -0.874308 -0.483806 -0.0389687
t 0.899058 0.391017 0.196979
bt -0.0124497 -0.415263 0.909616
t 0.64427 4.91227e-05 0.764798
bt -0.0354206 -0.425178 0.904416
t 0.899097 0.390943 0.196946
bt -0.0124502 -0.415262 0.909617
t 0.899097 0.390943 0.196946
bt -0.0124502 -0.415262 0.909617
t -0.518412 -0.228184 0.824124
bt 0.564307 -0.821431 0.0825169
t -0.469804 -0.304299 0.828665
bt 0.580255 -0.813631 0.03617
t -0.518421 -0.190621 0.833608
bt 0.640393 -0.760022 0.11074
t -0.518421 -0.190621 0.833608
bt 0.640393 -0.760022 0.11074
t 0.744336 -0.332245 0.57929
bt 0.0497337 -0.765251 -0.641808
t 0.738169 -0.203433 0.643211
bt 0.0907958 -0.706547 -0.701817
t 0.77229 -0.322429 0.547365
bt 0.0702918 -0.696245 -0.714354
t 0.734333 -0.289033 0.614178
bt 0.0461117 -0.772454 -0.633394
t -0.486891 -0.280067 0.827345
bt 0.524966 -0.84164 0.126701
t -0.000102979 0 1
bt -1 0 0.000681737
t 0.0141034 0 0.999901
bt -1 0 0
t -0.000102979 0 1
bt -0.99986 0 0.0167053
t -7.7234e-05 0 1
bt -0.999922 0 0.0125285
t 0 0 1
bt -0.998845 0 0.0480583
t 0 0 1
bt -1 0 0
t 1 0 0
bt 0 -0.971875 -0.235496
t 1 0 0
bt -0.00220776 -0.969114 -0.246602
t 1 0 0
bt 0 -0.989981 -0.141197
t 1 0 0
bt 0 -0.989981 -0.141197
t -1 0 0
bt 0 -1 0
t -1 0 0
bt 0.000342695 -1 0
t -1 0 0
bt 0 -1 0
t -1 0 0
bt 0 -1 0
t 1 9.24015e-06 1.24518e-05
bt 0.442465 -0.534377 -0.720185
t 1 1.33635e-05 1.80083e-05
bt 0.551814 -0.496945 -0.669737
t 1 9.24015e-06 1.24518e-05
bt 0.442465 -0.534377 -0.720185
t 1 9.24015e-06 1.24518e-05
bt 0.442465 -0.534377 -0.720185
t 1 -1.39617e-05 1.39386e-05
bt 0.0015393 -0.707706 0.706506
t 1 0 0
bt 0 -0.707707 0.706506
t 1 -1.39617e-05 1.39386e-05
bt 0.0015393 -0.707706 0.706506
t 1 -1.39617e-05 1.39386e-05
bt 0.0015393 -0.707706 0.706506
t 1 0 0
bt 0 -0.668296 -0.743896
t 1 0 0
bt 0.00637423 -0.668282 -0.74388
t 1 0 0
bt 0 -0.668296 -0.743896
t 1 0 0
bt 0 -0.668296 -0.743896
t 1 0 0
bt -0.0077245 -0.668276 0.743873
t 1 0 0
bt 0 -0.668296 0.743896
t 1 0 0
bt -0.0077245 -0.668276 0.743873
t 1 0 0
bt -0.0077245 -0.668276 0.743873
t 1 -4.12866e-06 -2.36076e-06
bt 0 -0.868095 -0.496397
t 1 0 0
bt 0.000121008 -0.868095 -0.496397
t 1 -3.72852e-06 -1.78038e-06
bt -8.03711e-05 -0.9024 -0.4309
t 1 -2.40624e-06 -1.09332e-06
bt 0 -0.910374 -0.413786
t 0 0 -1
bt 1 0 0
t 0 0 -1
bt 0.999917 0 0.0128501
t 0 0 -1
bt 0.999989 0 0.00471932
t 0 0 -1
bt 1 0 0
t 0 0 -1
bt 0.999258 0 0.0385052
t 0 0 -1
bt 0.999258 0 0.0385052

