g sponza_379
t -1 0 0
bt 0 0 1
t -1 0 0
bt 0 0 1
t -1 0 0
bt 0 0 1
t -1 0 0
bt 0 0 1
t -1 0 0
bt -0.00177551 0.999997 0.00179999
t -1 0 0
bt 0.00177572 0.999997 0.00179999
t -1 0 0
bt -0.00177551 0.999997 0.00179999
t -1 0 0
bt -0.00177551 0.999997 0.00179999
t 0 0 1
bt 0.00179999 0.999997 0.0017758
t 0 0 1
bt 0.00179999 0.999997 -0.00177564
t 0 0 1
bt 0.00179999 0.999997 0.0017758
t 0 0 1
bt 0.00179999 0.999997 0.0017758
t 1 0 0
bt 0.00177551 0.999997 -0.00179999
t 1 0 0
bt -0.00177572 0.999997 -0.00179999
t 1 0 0
bt 0.00177551 0.999997 -0.00179999
t 1 0 0
bt 0.00177551 0.999997 -0.00179999
t 0 0 -1
bt -0.00179999 0.999997 -0.00177559
t 0 0 -1
bt -0.00179999 0.999997 0.00177581
t 0 0 -1
bt -0.00179999 0.999997 -0.00177559
t 0 0 -1
bt -0.00179999 0.999997 -0.00177559
t -1 0 0
bt 0 0 1
t -1 0 0
bt 0 0 1
t -1 0 0
bt 0 0 1
t -1 0 0
bt 0 0 1
t -1 0 0
bt 0 1 0
t -1 0 0
bt 0 1 0
t -1 0 0
bt 0 1 0
t -1 0 0
bt 0 1 0
t 0 0 1
bt 0 1 0
t 0 0 1
bt 0 1 0
t 0 0 1
bt 0 1 0
t 0 0 1
bt 0 1 0
t 1 0 0
bt 0 1 0
t 1 0 0
bt 0 1 0
t 1 0 0
bt 0 1 0
t 1 0 0
bt 0 1 0
t 0 0 -1
bt 0 1 0
t 0 0 -1
bt 0 1 0
t 0 0 -1
bt 0 1 0
t 0 0 -1
bt 0 1 0
t 0.789517 -0.496621 0.360596
bt -0.490791 -0.15812 0.856809
t 0.707107 0 -0.707107
bt 0.603482 -0.52117 0.603482
t 0.707107 -1.78825e-07 0.707107
bt -0.603483 -0.52117 0.603482
t 0.707107 -1.78825e-07 0.707107
bt -0.603483 -0.52117 0.603482
t 0.360593 -0.496621 -0.789519
bt 0.856811 -0.158122 0.490788
t -0.707107 0 -0.707107
bt 0.603482 -0.52117 -0.603482
t 0.707105 1.54982e-06 -0.707109
bt 0.603484 -0.52117 0.60348
t -0.789517 -0.496621 -0.360596
bt 0.490791 -0.15812 -0.856809
t -0.707107 0 0.707107
bt -0.603482 -0.52117 -0.603482
t -0.707107 -1.78825e-07 -0.707107
bt 0.603483 -0.52117 -0.603482
t -0.360595 -0.496621 0.789518
bt -0.85681 -0.15812 -0.49079
t -0.707106 3.12944e-07 0.707107
bt -0.603483 -0.52117 -0.603482
t -0.707106 3.12944e-07 0.707107
bt -0.603483 -0.52117 -0.603482

