g sponza_46
t 1 0 4.27357e-06
bt 0 0 1
t 1 0 1.2807e-05
bt 0 0 1
t 1 0 0
bt 0 0.500008 0.866021
t 1 0 0
bt 0 0.500008 0.866021
t 1 0 0
bt 0 0.866017 0.500014
t 1 0 0
bt 0 0.866017 0.500014
t 1 0 0
bt 0 1 0
t 1 0 0
bt 0 1 0
t 1 0 0
bt 0 0.965929 -0.258808
t 1 0 0
bt 0 0.965929 -0.258808
t 1 0 0
bt 0 0.500014 0.866017
t 1 0 0
bt 0 0.500014 0.866017
t 1 0 0
bt 0 0.866017 0.500014
t 1 0 0
bt 0 0.866017 0.500014
t 1 0 0
bt 0 0 1
t 1 0 0
bt 0 0 1
t 1 0 0
bt 0 -0.258808 0.965929
t 1 0 0
bt 0 -0.258808 0.965929
t 1 -3.70091e-06 6.41036e-06
bt 0 -0.500008 0.866021
t 1 0 0
bt 0 -0.499978 0.866038
t 1 0 0
bt 0 -0.866017 0.500014
t 1 0 0
bt 0 -0.866017 0.500014
t 1 0 0
bt 0 -1 0
t 1 0 0
bt 0 -1 0
t 1 0 0
bt 0 -0.965929 -0.258808
t 1 0 0
bt 0 -0.965929 -0.258808
t 1 0 0
bt 0 -1 0
t 1 0 0
bt 0 -1 0
t 1 0 0
bt 0 -0.866021 0.500008
t 1 0 0
bt 0 -0.866021 0.500008
t 1 0 0
bt 0 -0.500014 0.866017
t 1 0 0
bt 0 -0.500014 0.866017
t 1 0 0
bt 0 0 1
t 1 0 0
bt 0 0 1
t 1 0 0
bt 0 0.258808 0.965929
t 1 0 0
bt 0 0.258808 0.965929
t 1 0 0
bt 0 1 0
t 1 0 0
bt 0 1 0
t 1 0 0
bt 0 0.500008 -0.866021
t 1 0 0
bt 0 0.500008 -0.866021
t 1 0 0
bt 0 0 -1
t 1 0 0
bt 0 0 -1
t 1 0 0
bt 0 0.866017 -0.500014
t 1 0 0
bt 0 0.866017 -0.500014
t 1 0 0
bt 0 1 0
t 1 0 0
bt 0 1 0
t 1 0 0
bt 0 0.965929 0.258808
t 1 0 0
bt 0 0.965929 0.258808
t 1 0 0
bt 0 1 0
t 1 0 0
bt 0 1 0
t 1 0 0
bt 0 0.866017 -0.500014
t 1 0 0
bt 0 0.866017 -0.500014
t 1 0 0
bt 0 0.500014 -0.866017
t 1 0 0
bt 0 0.500014 -0.866017
t 1 0 0
bt 0 0 -1
t 1 0 0
bt 0 0 -1
t 1 0 0
bt 0 -0.258808 -0.965929
t 1 0 0
bt 0 -0.258808 -0.965929
t 1 0 0
bt 0 -0.500008 -0.866021
t 1 0 0
bt 0 -0.500008 -0.866021
t 1 0 0
bt 0 -0.866017 -0.500014
t 1 0 0
bt 0 -0.866017 -0.500014
t 1 0 0
bt 0 -1 0
t 1 0 0
bt 0 -1 0
t 1 0 0
bt 0 -0.965929 0.258808
t 1 0 0
bt 0 -0.965929 0.258808
t 1 0 0
bt 0 -0.500014 -0.866017
t 1 0 0
bt 0 -0.500014 -0.866017
t 1 0 0
bt 0 -0.866017 -0.500014
t 1 0 0
bt 0 -0.866017 -0.500014
t 1 0 0
bt 0 0 -1
t 1 0 0
bt 0 0 -1
t 1 0 0
bt 0 0.258808 -0.965929
t 1 0 0
bt 0 0.258808 -0.965929
t 0 -0.5749 -0.818224
bt 0 0.817441 -0.576013
t 0 -0.575436 -0.817847
bt 0 0.820054 -0.572286
t 0 -0.575257 -0.817973
bt 0 0.818457 -0.574567
t 0 -0.575266 -0.817967
bt 0 0.817454 -0.575994
t 0 -0.575502 -0.8178
bt 0 0.818192 -0.574944
t 0 -0.575028 -0.818134
bt 0 0.819018 -0.573768
t 0 -0.576386 -0.817177
bt 0 0.814528 -0.580124
t 0 -0.576477 -0.817114
bt 0 0.819487 -0.573098
t 0 -0.577752 -0.816213
bt 0 0.817869 -0.575405
t 0 -0.577833 -0.816155
bt 0 0.817481 -0.575956
t 0 -0.575761 -0.817618
bt 0 0.817982 -0.575244
t 0 -0.576174 -0.817327
bt 0 0.818169 -0.574978
t 0 -0.574968 -0.818176
bt 0 0.818319 -0.574764
t 0 -0.57445 -0.81854
bt 0 0.817965 -0.575267
t 0 -0.573429 -0.819255
bt 0 0.818884 -0.573959
t 0 -0.572696 -0.819768
bt 0 0.817874 -0.575398
t 0 -0.572923 -0.819609
bt 0 0.818723 -0.574189
t 0 -0.573628 -0.819116
bt 0 0.820438 -0.571736
t 0 -0.575154 -0.818045
bt 0 0.819341 -0.573306
t 0 -0.576136 -0.817354
bt 0 0.816403 -0.577483
t 0 -0.574006 -0.818851
bt 0 0.82063 -0.57146
t 0 -0.575396 -0.817875
bt 0 0.817105 -0.576488
t 0 -0.575447 -0.817839
bt 0 0.816974 -0.576674
t 0 -0.575383 -0.817884
bt 0 0.818035 -0.575168
t 0 -0.574471 -0.818525
bt 0 0.818072 -0.575116
t 0 -0.576357 -0.817198
bt 0 0.819201 -0.573507
t 0 -0.575422 -0.817857
bt 0 0.818518 -0.57448
t 0 -0.573591 -0.819142
bt 0 0.817827 -0.575464
t 0 -0.569853 -0.821747
bt 0 0.818464 -0.574559
t 0 -0.574052 -0.818819
bt 0 0.817647 -0.57572
t 0 -0.575831 -0.817569
bt 0 0.817855 -0.575424
t 0 -0.575465 -0.817826
bt 0 0.817968 -0.575264
t 0 -0.574129 -0.818765
bt 0 0.81811 -0.575062
t 0 -0.574069 -0.818807
bt 0 0.818191 -0.574946
t 0 -0.575348 -0.817909
bt 0 0.818748 -0.574154
t 0 -0.575209 -0.818007
bt 0 0.81834 -0.574735
t 0 -0.573515 -0.819195
bt 0 0.819283 -0.57339
t 0 -0.574903 -0.818222
bt 0 0.818789 -0.574094
t 0 -0.573083 -0.819498
bt 0 0.818408 -0.574637
t 0 -0.573613 -0.819126
bt 0 0.818942 -0.573876
t 0 -0.572429 -0.819954
bt 0 0.820835 -0.571165
t 0 -0.575076 -0.8181
bt 0 0.820204 -0.572072
t 0 -0.574437 -0.818549
bt 0 0.81962 -0.572908
t 0 -0.577386 -0.816471
bt 0 0.816452 -0.577413
t 0 -0.577128 -0.816654
bt 0 0.817712 -0.575628
t 0 -0.575656 -0.817692
bt 0 0.819374 -0.573259
t 0 -0.575685 -0.817672
bt 0 0.819407 -0.573213
t 0 -0.577089 -0.816682
bt 0 0.817697 -0.575649

