g sponza_354
t 0.00988856 -0.999908 -0.00929166
bt 0.999976 0.00691684 -4.08746e-05
t 0.0617573 -0.924416 -0.376351
bt 0.950752 0.0191813 -0.309359
t 0.0226077 -0.574972 -0.817861
bt 0.973075 0.0371233 0.227479
t 0.0200656 -0.710569 -0.703341
bt 0.90857 0.0229045 0.417103
t 0.181501 -0.402047 0.89745
bt 0.720817 -0.206447 -0.661666
t -0.0622244 -0.559528 0.826473
bt 0.464921 -0.303455 -0.831723
t -0.392238 -0.754942 0.525559
bt 0.698487 -0.0152295 -0.715461
t -0.0263169 -0.716376 0.697218
bt 0.854469 0.0528302 -0.516809
t -0.157297 -0.413424 -0.896849
bt 0.431895 -0.190433 0.88159
t 0.117003 -0.202609 -0.972245
bt 0.197151 -0.341439 0.918994
t 0.180014 -0.106101 -0.977925
bt 0.441534 -0.260262 0.858668
t 0.0547603 -0.340425 -0.938676
bt 0.594674 -0.0845059 0.799513
t -0.018307 -0.935137 0.353814
bt 0.94576 -0.0232739 0.324031
t -0.275657 -0.863064 -0.423242
bt 0.700271 -0.0449777 0.712459
t 0.0187972 -0.730065 -0.683119
bt 0.873902 0.00320306 0.486091
t 0.00562469 -0.999948 0.00851603
bt 0.999998 -0.000947649 0.00150427
t 0.0399437 -0.244314 0.968873
bt 0.577055 0.0595545 -0.814531
t 0.014206 -0.574353 0.818485
bt 0.854689 0.221254 -0.469631
t -0.017088 -0.705346 0.708657
bt 0.86288 0.05754 -0.502123
t 0.0180552 -0.294686 0.955424
bt 0.603934 0.00273818 -0.79703
t -0.00450706 -0.268425 -0.96329
bt 0.48968 0.0358769 0.871164
t 0.00861541 -0.237435 -0.971365
bt 0.427584 0.115142 0.896613
t 0.0377325 -0.00994688 -0.999238
bt 0.226303 -0.0595769 0.972233
t 0.0453221 -0.018145 -0.998808
bt 0.299129 -0.108576 0.948015
t 0.0030697 -0.999858 0.0165449
bt 0.999839 0.00594848 -0.0168999
t 0.0100212 -0.673775 -0.738868
bt 0.954918 0.017106 0.296378
t 0.162732 -0.402547 0.900819
bt 0.755076 -0.211703 -0.620517
t -0.0171432 -0.713452 0.700495
bt 0.877688 0.0533561 -0.476253
t 0.142588 -0.0829385 -0.986301
bt 0.479965 -0.274911 0.833101
t 0.0411402 -0.341773 -0.938882
bt 0.626328 -0.0820987 0.775224
t 0.0171929 -0.727503 -0.685889
bt 0.892305 -0.00531835 0.451401
t 0.000787823 -0.99991 -0.0133886
bt 0.999879 0.00265291 0.0153364
t -0.0216885 -0.706001 0.707878
bt 0.938557 0.0153446 -0.344784
t 0.00677632 -0.283961 0.958812
bt 0.874136 0.0536002 -0.482714
t -0.00896382 -0.241111 -0.970456
bt 0.755941 0.00721725 0.6546
t 0.00831262 -0.0038141 -0.999958
bt 0.513047 -0.029138 0.857866
t 0.00381917 -0.999856 0.0165338
bt 0.999834 0.00182974 -0.0181329
t 0.0172398 -0.713796 -0.700141
bt 0.99692 0.0096996 0.0778228
t -0.0103146 -0.725566 0.688076
bt 0.934226 0.0608573 -0.351453
t 0.132172 -0.384671 0.913542
bt 0.847401 -0.165456 -0.504515
t 0.0198566 -0.339889 -0.940256
bt 0.749512 -0.0623841 0.659045
t 0.0919485 -0.0399805 -0.994961
bt 0.610097 -0.254217 0.750437
t 0.0741437 -0.743889 -0.664177
bt 0.966128 -0.0914483 0.241315
t 0.00101457 -0.99989 -0.0147934
bt 0.999928 0.00367864 0.0114565
t -0.00696354 -0.718607 0.695382
bt 0.994491 -0.0537903 -0.0899664
t 0.000650971 -0.315673 0.948868
bt 0.95514 -0.0258037 0.29503
t 0.00131243 -0.309608 -0.950863
bt 0.854256 -0.164914 -0.493001
t 0.0104861 -0.00394841 -0.999937
bt 0.839427 -0.0541047 -0.540772
t -0.0126693 -0.00416406 -0.999911
bt 0.817245 0.0850974 -0.569973
t 0.0163559 -0.713775 -0.700184
bt 0.998807 -0.03297 0.0360168
t -0.00487831 -0.754166 -0.656666
bt 0.999343 0.0158856 -0.0325765
t 0.00339095 -0.999444 0.0331655
bt 0.99992 -0.00258322 -0.0124224
t -0.00450774 -0.743954 0.668216
bt 0.984325 0.0482474 -0.169637
t 0.0614752 -0.361881 0.930195
bt 0.958168 -0.0793204 -0.274994
t 0.00480334 -0.349007 -0.937108
bt 0.921754 -0.020627 0.387227
t 0.0269814 -0.00617832 -0.999617
bt 0.85223 -0.165824 0.496191
t -0.00274613 -0.999457 -0.0328346
bt 0.99992 -0.000954445 0.0125744
t 0.0805788 -0.744586 -0.662645
bt 0.967056 -0.0992116 0.234435
t 0.010402 -0.749725 -0.661668
bt 0.987948 0.008058 0.154576
t -0.00117439 -0.756308 0.654215
bt 0.998136 -0.0494423 0.0357733
t -0.000815136 -0.360183 0.932881
bt 0.898718 -0.0298821 0.437508
t -2.13517e-05 -0.353192 -0.935551
bt 0.896622 -0.0764891 -0.436141
t 0.00135033 -0.309608 -0.950863
bt 0.984637 -0.0586247 -0.16448
t -0.0267555 -0.00652127 -0.999621
bt 0.717022 0.12416 -0.685903
t -0.00759073 -0.78804 -0.615577
bt 0.987046 0.00664563 -0.160298
t -0.000713226 -0.999355 0.0359078
bt 0.999997 -0.0014639 0.00215413
t 0.0019706 -0.763773 0.645482
bt 0.995422 0.0210925 0.0932158
t -0.0626732 -0.374825 0.924975
bt 0.992288 0.0767895 0.0973064
t -0.0224779 -0.371102 -0.92832
bt 0.988529 0.0662212 -0.135739
t -0.0533426 -0.00620068 -0.998557
bt 0.97821 0.113437 0.173889
t -0.000543305 -0.999418 -0.0341018
bt 0.999998 0.00195662 -0.00063324
t -0.00117942 -0.764383 -0.644762
bt 0.995421 0.00943857 -0.0951177
t 0.0371461 -0.785694 0.617499
bt 0.976042 -0.0751662 0.204186
t -0.0064673 -0.387694 0.921765
bt 0.835993 -0.0120087 0.548609
t 0.00739177 -0.383127 -0.923666
bt 0.784434 -0.0712909 -0.616101
t -0.0456904 -0.0121726 -0.998882
bt 0.555215 0.147895 -0.818452
t -0.00615283 -0.819705 -0.572753
bt 0.952022 0.0010446 -0.306026
t -0.00181829 -0.99959 0.0285777
bt 0.9999 0.00547507 0.0130483
t 0.0129351 -0.793962 0.60783
bt 0.940935 -0.0128117 0.338345
t -0.173255 -0.462042 0.86977
bt 0.867849 0.198628 0.455395
t -0.0566739 -0.00658916 -0.998371
bt 0.803895 0.0932368 -0.587418
t -0.146773 -0.0674686 -0.986867
bt 0.677104 0.311192 -0.66685
t -0.0411255 -0.41793 -0.907548
bt 0.788364 0.0950789 -0.607817
t 9.58696e-05 -0.999591 -0.0286042
bt 0.999911 0.00246874 -0.0131349
t -0.0172733 -0.798989 -0.601098
bt 0.947065 0.0131294 -0.320773
t 0.0355508 -0.785857 0.617386
bt 0.960435 -0.131318 0.245603
t 0.0230328 -0.815069 0.578906
bt 0.947288 -0.0206568 0.319717
t -0.0124848 -0.420038 0.907421
bt 0.728665 0.0223333 0.684506
t -0.0746592 -0.034325 -0.996618
bt 0.391498 0.179924 -0.902417
t 0.0207017 -0.407354 -0.913036
bt 0.659283 -0.0398392 -0.750838
t -0.0067551 -0.85904 -0.511864
bt 0.898478 0.00495667 -0.438991
t 0.00184649 -0.999751 0.0222392
bt 0.999833 0.00192621 0.018163
t 0.0249503 -0.833993 0.55121
bt 0.878615 -0.0189273 0.477155
t -0.210832 -0.579643 0.787124
bt 0.711146 0.24225 0.65999
t -0.217873 -0.178696 -0.959479
bt 0.394918 0.323934 -0.859713
t -0.0528687 -0.492293 -0.868823
bt 0.611254 0.0953844 -0.785666
t -0.0189266 -0.844708 -0.534892
bt 0.888773 0.0191661 -0.457948
t 5.78735e-05 -0.999756 -0.0221038
bt 0.99983 0.0038532 -0.0180186
t 0.0401279 -0.848083 0.528342
bt 0.889194 -0.0317477 0.456427
t -0.015443 -0.481439 0.876343
bt 0.561251 0.0176891 0.827456
t -0.112139 -0.0919684 -0.989428
bt 0.174801 0.143388 -0.974107
t 0.031149 -0.451464 -0.891746
bt 0.511732 -0.0393904 -0.858242
t -0.00162976 -0.999897 0.0142688
bt 0.999828 0.00345842 0.0182481
t -0.00293195 -0.901378 -0.433023
bt 0.853555 0.0118267 -0.520869
t -0.212598 -0.708687 0.672729
bt 0.577009 0.229062 0.783958
t 0.0367385 -0.879697 0.474113
bt 0.832034 -0.0196218 0.554378
t -0.260911 -0.333656 -0.905869
bt 0.213105 0.272564 -0.93824
t 0.0150323 -0.530849 -0.847333
bt 0.498064 0.076201 -0.863785
t -0.0092881 -0.892705 -0.450545
bt 0.842186 0.0241165 -0.538647
t 0.000588924 -0.999897 -0.014316
bt 0.999832 -0.000126166 -0.0183065
t 0.0487394 -0.887538 0.458148
bt 0.844538 -0.0286112 0.534731
t -0.00987251 -0.563881 0.825797
bt 0.472583 0.0162006 0.881137
t -0.136287 -0.174274 -0.97522
bt 0.0886795 0.113437 -0.98958
t 0.0485382 -0.510872 -0.858285
bt 0.446713 -0.0256844 -0.894308
t 0.00740717 -0.943123 -0.332362
bt 0.821061 0.0110436 -0.570734
t -0.000131065 -0.99994 0.0110005
bt 0.999741 0.00520584 0.0221449
t 0.0391133 -0.927498 0.371777
bt 0.800312 -0.00849168 0.599524
t -0.17517 -0.830002 0.52954
bt 0.471823 0.173701 0.864414
t -0.0640743 -0.599759 -0.797611
bt 0.450695 -0.00311884 -0.892672
t -0.261498 -0.527576 -0.808259
bt 0.100194 0.202166 -0.974213
t -0.0515456 -0.723565 -0.688329
bt 0.427174 0.0491642 -0.902832
t -0.00447798 -0.939114 -0.343577
bt 0.804249 0.0140284 -0.594127
t 0.00266911 -0.999935 -0.0110613
bt 0.999754 0.00187822 -0.0220801
t 0.0490884 -0.932529 0.357743
bt 0.815306 -0.0231369 0.578567
t 0.0041586 -0.675381 0.737457
bt 0.422859 0.0128998 0.906104
t -0.147227 -0.296959 -0.943472
bt 0.0398505 0.0803534 -0.995969
t 0.0606821 -0.610092 -0.790003
bt 0.410243 -0.0178521 -0.911801
t 0.00718692 -0.98224 -0.187491
bt 0.798351 0.00582552 -0.602164
t 0.00194028 -0.999977 0.00645082
bt 0.999655 0.0023409 0.0261788
t 0.0367598 -0.974104 0.223092
bt 0.777146 -0.00232321 0.629316
t -0.0986829 -0.941671 0.321741
bt 0.396109 0.0802849 0.914687
t -0.195648 -0.797366 -0.570902
bt 0.0275789 0.112412 -0.993279
t -0.0290279 -0.887965 -0.458994
bt 0.385496 0.0241399 -0.922394
t 0.00249076 -0.980475 -0.19663
bt 0.778472 0.0119441 -0.627566
t 0.00325289 -0.999974 -0.00648918
bt 0.999655 0.00214113 -0.026191
t 0.0390123 -0.976808 0.210531
bt 0.797511 -0.00422792 0.60329
t 0.0191886 -0.845609 0.533459
bt 0.392471 0.00652637 0.919741
t -0.138486 -0.564396 -0.813805
bt 0.0107984 0.0440218 -0.998972
t 0.221002 -0.523995 -0.82255
bt 0.381161 -0.0457652 -0.923375
t 0.00464612 -0.999969 -0.00638533
bt 0.79026 0.00158251 -0.61277
t -0.000353983 -1 9.014e-05
bt 0.999581 0.00276214 0.0288025
t 0.0177947 -0.999682 0.017843
bt 0.767789 -0.0026362 0.640698
t 0.0101727 -0.999358 0.0343527
bt 0.370669 -0.035667 0.92808
t -0.00357942 -0.994361 -0.105986
bt 3.93029e-05 0.0115695 -0.999933
t 0.0182506 -0.998343 -0.0545656
bt 0.370981 -0.00668719 -0.928616
t 0.00563792 -0.999954 -0.0076999
bt 0.767795 0.000667204 -0.640696
t 0.00102154 -0.999999 -0.000129128
bt 0.999586 0.00215003 -0.0286983
t 0.0205628 -0.999613 0.0187231
bt 0.79026 -0.00272408 0.612766
t 0.0133176 -0.999078 0.0408245
bt 0.382183 -0.00222591 0.924084
t 0.0431717 -0.817926 -0.573701
bt 0.380362 -0.0492764 -0.923524
t -0.00290754 -0.807625 -0.589689
bt -2.29163e-06 1.44037e-05 -1
t 0.112197 -0.953569 -0.279494
bt 0.382189 -0.00136158 -0.924083
t 0.00352539 -0.983565 0.180522
bt 0.799651 -0.0060235 -0.600435
t 5.37718e-05 -0.999976 -0.00700185
bt 0.999599 0.00253729 0.0282227
t -0.00319509 -0.97996 -0.199168
bt 0.775804 0.0114748 0.63087
t 0.120986 -0.952597 -0.279142
bt 0.407452 -0.147474 0.90124
t 0.214634 -0.86702 0.449677
bt 0.0225159 -0.0909555 -0.9956
t 0.0601615 -0.913138 0.403188
bt 0.388524 -0.038825 -0.92062
t 0.00472986 -0.981189 0.192993
bt 0.778183 -0.0128816 -0.627906
t -0.000392853 -0.999975 0.00701358
bt 0.999599 0.0024367 -0.028215
t -0.0122344 -0.981326 -0.191962
bt 0.79751 0.0167475 0.603073
t 0.0623445 -0.91957 -0.387949
bt 0.396785 -0.0227763 0.917629
t -0.209129 -0.841376 0.498348
bt 0.3822 -0.00078096 -0.924079
t -0.00301001 -0.8361 0.548569
bt -2.28371e-06 1.43835e-05 -1
t 0.169951 -0.686522 0.706968
bt 0.0106377 -0.0429732 -0.99902
t -0.02774 -0.834803 0.54985
bt 0.389843 0.0105542 -0.920821
t 0.00496517 -0.941742 0.3363
bt 0.824684 -0.00658467 -0.565556
t 0.00166451 -0.999918 -0.0126615
bt 0.999707 0.000695476 0.024206
t -0.0215666 -0.927002 -0.374437
bt 0.80106 0.0179833 0.598313
t 0.18486 -0.819743 -0.542078
bt 0.496242 -0.225254 0.838454
t 0.291741 -0.556973 0.777604
bt 0.0987345 -0.188467 -0.977104
t 0.0684903 -0.722978 0.687468
bt 0.43883 -0.0659782 -0.896145
t 0.0158557 -0.936442 0.350463
bt 0.808566 -0.0231381 -0.58795
t -0.000976114 -0.99992 0.0126285
bt 0.999705 0.0025618 -0.0241377
t -0.0292456 -0.933668 -0.356945
bt 0.818839 0.0263774 0.573417
t 0.0174802 -0.683119 -0.730098
bt 0.426769 -0.0099492 0.904306
t 0.168105 -0.320946 0.932059
bt 0.0426303 -0.0813596 -0.995773
t -0.0418548 -0.618455 0.784705
bt 0.411516 0.0251904 -0.911054
t 0.0101024 -0.891141 0.453613
bt 0.867433 -0.00158639 -0.497551
t -0.000827653 -0.999783 -0.0208232
bt 0.99973 0.00112643 0.0232261
t -0.0211463 -0.86725 -0.497424
bt 0.841685 0.0277728 0.539255
t 0.189795 -0.651112 -0.734868
bt 0.624946 -0.25515 0.737795
t 0.268408 -0.299173 0.915671
bt 0.237609 -0.264815 -0.934567
t 0.0542774 -0.556457 0.829102
bt 0.528185 -0.0831454 -0.845049
t -0.00265774 -0.999779 0.0208681
bt 0.999728 0.00177811 -0.0232435
t 0.0279857 -0.880122 0.473922
bt 0.852824 -0.015607 -0.521965
t -0.0328102 -0.880525 -0.472863
bt 0.856895 0.0413836 0.513828
t 0.0233564 -0.546071 -0.837413
bt 0.493726 -0.0102268 0.869557
t 0.139916 -0.155961 0.977803
bt 0.105519 -0.117591 -0.98744
t -0.0326092 -0.500799 0.864949
bt 0.461046 0.036783 -0.886613
t 0.0117322 -0.840096 0.542311
bt 0.926624 0.00636006 -0.375935
t 0.00223734 -0.999524 -0.0307558
bt 0.999819 -0.00190808 0.0189446
t -0.0162268 -0.810243 -0.58587
bt 0.903835 0.0395232 0.426051
t 0.132666 -0.486881 -0.863334
bt 0.792756 -0.222175 0.567606
t 0.184459 -0.113686 0.976243
bt 0.472403 -0.29117 -0.831899
t 0.0273438 -0.438323 0.898401
bt 0.693766 -0.0924503 -0.714242
t -0.000494399 -0.999528 0.0307189
bt 0.999821 -0.00173607 -0.0188598
t 0.0224871 -0.818188 0.574511
bt 0.917257 -0.00771514 -0.398222
t 0.0190046 -0.449502 -0.893077
bt 0.6248 -0.00235378 0.780781
t -0.0294122 -0.832206 -0.553686
bt 0.915012 0.0508004 0.400215
t 0.0975534 -0.0601224 0.993413
bt 0.235896 -0.145399 -0.960839
t -0.0209661 -0.429573 0.902789
bt 0.564175 0.0560743 -0.823749
t 0.00626904 -0.999507 -0.0307506
bt 0.999962 -0.00310069 0.00810888
t 0.00579169 -0.802542 0.596568
bt 0.978943 0.0112521 -0.203824
t 0.0587057 -0.394936 -0.916831
bt 0.939813 -0.119598 0.320076
t 0.000370883 -0.777924 -0.628359
bt 0.969718 0.0384777 0.241176
t 0.0870554 -0.023335 0.99593
bt 0.830773 -0.22277 -0.510088
t 0.0128669 -0.385115 0.922779
bt 0.899315 -0.0620797 -0.432873
t 0.01411 -0.77926 0.626542
bt 0.977596 -0.0016727 -0.210482
t -0.00163745 -0.999524 0.0308137
bt 0.999965 -0.000610591 -0.00828465
t -0.0144489 -0.800531 -0.599117
bt 0.972457 0.0460936 0.228481
t 0.00882718 -0.396831 -0.917849
bt 0.834205 0.0132561 0.551295
t 0.0476678 -0.0127735 0.998782
bt 0.540294 -0.144883 -0.82891
t -0.0253881 -0.388976 0.920898
bt 0.694434 0.118809 -0.70968
t -0.00255443 -0.999613 -0.0276972
bt 1 0.000783655 0.000221445
t -0.00139714 -0.789691 0.613503
bt 0.999904 0.00725849 -0.0118429
t -0.025906 -0.370791 -0.928355
bt 0.999083 0.00878519 0.0419035
t 0.00561669 -0.768075 -0.640335
bt 0.99953 0.0199683 0.0232808
t 0.0142107 -0.000102088 0.999899
bt 0.995757 -0.00796462 -0.0916742
t 0.000588277 -0.371104 0.928591
bt 0.998754 0.0114518 -0.0485658
t 0.00442036 -0.768067 0.640355
bt 0.999919 0.00571022 -0.011399
t -0.00207872 -0.999614 0.0277023
bt 0.999998 0.00171711 -0.000247987
t -0.00123841 -0.789694 -0.6135
bt 0.999673 0.0168095 0.0192606
t -0.000235594 -0.381898 -0.924204
bt 0.998708 0.0123711 0.0492881
t 0.00362203 -1.73986e-05 0.999993
bt 0.825034 -0.00660054 -0.565044
t -0.00134584 -0.381892 0.924206
bt 0.959354 0.101185 -0.263443
t -0.000537521 -0.999705 -0.0242993
bt 0.999986 0.000882562 -0.00528033
t -0.0049221 -0.795493 0.605943
bt 0.98642 0.000764073 0.164238
t 0.0418983 -0.771775 -0.634514
bt 0.985362 0.00611651 -0.170364
t -0.105513 -0.396369 -0.912008
bt 0.96685 0.119443 -0.225685
t -0.0846313 -0.0185515 0.99624
bt 0.953358 0.208751 0.218017
t -0.023372 -0.383043 0.923435
bt 0.943867 0.0751286 0.32167
t -0.00551585 -0.776557 0.630023
bt 0.98533 0.00586862 0.170561
t 0.00215452 -0.999702 0.0243105
bt 0.999986 0.000212491 0.00529629
t 0.0125798 -0.794032 -0.607746
bt 0.984815 -0.0113836 -0.173234
t -0.021541 -0.392415 -0.919536
bt 0.936043 0.0587056 -0.346954
t -0.00281165 -0.38189 0.924203
bt 0.869289 -0.194714 0.454338
t 0.00362497 -1.7476e-05 0.999993
bt 0.850126 -0.00680138 0.526535
t -0.0388446 -0.00852574 0.999209
bt 0.827045 0.181086 0.53217
t 0.00721631 -0.387138 0.921993
bt 0.858975 -0.0274448 0.511282
t -0.0106936 -0.815068 0.579267
bt 0.952805 0.000709037 0.303582
t -0.000495763 -0.999775 -0.0211909
bt 0.999954 0.00185583 -0.00946094
t 0.0383169 -0.772202 -0.634221
bt 0.95108 -0.134186 -0.278282
t 0.0192075 -0.793507 -0.608258
bt 0.942955 -0.0173618 -0.332468
t -0.169833 -0.457997 -0.87258
bt 0.871134 0.190872 -0.452431
t -0.0866442 -0.0189944 0.996058
bt 0.812036 0.177819 0.555857
t -0.134582 -0.0600965 0.989078
bt 0.699612 0.312372 0.642625
t -0.0383821 -0.415206 0.908918
bt 0.800866 0.0989809 0.590607
t -0.0187555 -0.7997 0.600106
bt 0.95029 0.0141681 0.311043
t 0.000698899 -0.999775 0.0212114
bt 0.999954 -0.000797999 0.00952031
t 0.0229402 -0.809811 -0.586242
bt 0.946393 -0.0276805 -0.321831
t -0.0111597 -0.414724 -0.909879
bt 0.720957 0.00989938 -0.692909
t -0.0406399 -0.00891985 0.999134
bt 0.465311 0.101882 0.879265
t -0.0713738 -0.0318741 0.99694
bt 0.381642 0.170398 0.908468
t 0.017468 -0.404054 0.914568
bt 0.656213 -0.0461464 0.753163
t -0.00865744 -0.843985 0.536296
bt 0.912115 0.00392651 0.409915
t -0.00346246 -0.999824 -0.0184491
bt 0.999913 0.00174503 -0.0130659
t 0.022004 -0.822543 -0.568278
bt 0.894416 -0.0266393 -0.446442
t -0.214714 -0.547601 -0.808722
bt 0.747669 0.221646 -0.62599
t -0.220842 -0.155988 0.962755
bt 0.436669 0.308489 0.845076
t -0.0584304 -0.471953 0.879686
bt 0.642987 0.0813374 0.761545
t -0.0169163 -0.831299 0.555568
bt 0.90676 0.0194795 0.421198
t 0.000600454 -0.999828 0.0185145
bt 0.999913 -0.00109931 0.0131254
t 0.0317984 -0.835228 -0.548983
bt 0.902513 -0.0332618 -0.429375
t -0.012174 -0.456301 -0.889742
bt 0.594642 0.0156476 -0.803838
t -0.102057 -0.0720748 0.992164
bt 0.213175 0.150611 0.965336
t 0.0293349 -0.432671 0.901075
bt 0.537888 -0.0435899 0.841889
t -0.00545699 -0.879672 0.475549
bt 0.872602 0.00890667 0.488351
t -0.00239169 -0.999882 -0.0151697
bt 0.999873 0.00243926 -0.0157697
t 0.0328063 -0.8577 -0.513102
bt 0.852145 -0.0233621 -0.522783
t -0.214814 -0.645786 -0.732677
bt 0.632491 0.230658 -0.739427
t -0.250906 -0.26066 0.932257
bt 0.273123 0.283772 0.919172
t -0.0581404 -0.543429 0.837439
bt 0.538052 0.0746654 0.839598
t -0.0154247 -0.870625 0.491705
bt 0.863314 0.0204381 0.504252
t 0.0010399 -0.999884 0.0152141
bt 0.999875 0.000559773 0.0157898
t 0.0396519 -0.868129 -0.494753
bt 0.862167 -0.0334967 -0.505515
t -0.0109938 -0.517859 -0.855395
bt 0.509586 0.020174 -0.860183
t -0.122153 -0.126893 0.984366
bt 0.120232 0.124929 0.984854
t 0.0375068 -0.480065 0.876431
bt 0.470785 -0.0329808 0.881631
t 0.000161733 -0.918265 0.395966
bt 0.838416 0.0117992 0.544903
t -0.00157328 -0.999928 -0.0118774
bt 0.999836 0.00122158 -0.0180919
t 0.0370589 -0.899474 -0.435401
bt 0.818699 -0.0144392 -0.574041
t -0.195413 -0.75408 -0.627038
bt 0.530565 0.208996 -0.821475
t -0.267566 -0.407142 0.873295
bt 0.156453 0.238075 0.958563
t -0.0537963 -0.640191 0.76633
bt 0.463888 0.0620283 0.883719
t -0.0086776 -0.912259 0.409521
bt 0.826421 0.0224098 0.562606
t 0.000430524 -0.999929 0.0119067
bt 0.999836 0.000342977 0.0180936
t 0.0476786 -0.905511 -0.421635
bt 0.831587 -0.0217167 -0.55497
t -0.00565605 -0.604286 -0.796747
bt 0.450704 0.0186526 -0.892479
t -0.142196 -0.21637 0.965901
bt 0.0661456 0.100657 0.99272
t 0.0517982 -0.546223 0.836037
bt 0.428986 -0.0222918 0.903036
t 0.00430397 -0.954481 0.298239
bt 0.811783 0.01124 0.583851
t -0.000790381 -0.999969 -0.00788701
bt 0.999826 -0.0010649 -0.0186097
t 0.0407211 -0.940588 -0.337101
bt 0.793058 -0.0149697 -0.608962
t -0.154724 -0.859079 -0.487898
bt 0.448141 0.151227 -0.881079
t -0.250638 -0.586618 0.770104
bt 0.075903 0.17767 0.981158
t 0.0377653 -0.668215 0.743009
bt 0.413529 0.0415402 0.909543
t -0.00183742 -0.951328 0.308174
bt 0.797816 0.0153732 0.602705
t 0.00125374 -0.999968 0.0079244
bt 0.999822 -0.00312974 0.0186247
t 0.044829 -0.9448 -0.324566
bt 0.806884 -0.0211741 -0.59033
t 0.00803065 -0.712994 -0.701124
bt 0.412773 0.0155851 -0.910701
t -0.14859 -0.347767 0.925732
bt 0.0307552 0.072 0.99693
t 0.0621254 -0.647204 0.759781
bt 0.400532 -0.018426 0.916097
t 0.00457521 -0.981931 0.189184
bt 0.79425 0.00739378 0.607546
t -9.14704e-05 -0.999991 -0.00429699
bt 0.999847 0.00024145 -0.0174926
t 0.0315976 -0.975364 -0.218327
bt 0.778867 -0.0102814 -0.627105
t -0.03854 -0.896085 -0.442207
bt 0.391342 0.0501436 -0.918878
t -0.058899 -0.776586 0.627252
bt 0.392119 -0.0189181 0.91972
t -0.194622 -0.789317 0.582323
bt 0.0251143 0.101821 0.994486
t 0.0470612 -0.802955 0.594179
bt 0.384505 0.015769 0.922988
t 0.0026863 -0.980569 0.196158
bt 0.780374 0.00502991 0.625293
t -0.000621928 -0.999991 0.00429152
bt 0.999847 -0.000514348 0.0175072
t 0.0366031 -0.976431 -0.212701
bt 0.792259 -0.013794 -0.610029
t 0.0212181 -0.840136 -0.541961
bt 0.390486 0.0102815 -0.920551
t -0.137009 -0.55567 0.820036
bt 0.0107772 0.0436765 0.998988
t 0.0707921 -0.778562 0.623562
bt 0.386368 -0.00940412 0.922297
t -0.000978209 -0.999998 -0.00148569
bt 0.999882 -0.0010302 -0.0153048
t 0.00474861 -0.996561 0.0827229
bt 0.785262 0.00464685 0.619147
t -0.114718 -0.950186 -0.289805
bt 0.39089 0.0477898 -0.919196
t 0.0220746 -0.994732 -0.1001
bt 0.773147 -0.000672172 -0.634226
t -0.0391726 -0.988028 -0.149219
bt 0.37581 0.027119 -0.9263
t -0.0595319 -0.913751 0.401888
bt 0.377572 -0.017085 0.925823
t -0.0950659 -0.94685 0.307306
bt 0.0047219 0.0470389 0.998882
t -0.00401845 -0.972556 0.232636
bt 0.374486 0.0104066 0.927174
t 0.00377861 -0.996354 0.0852368
bt 0.77331 0.00581136 0.634001
t 0.00030816 -0.999999 0.00150442
bt 0.999874 0.00393582 0.0153913
t 0.0196239 -0.995345 -0.09436
bt 0.78491 -0.00460096 -0.619593
t 0.0198713 -0.958892 -0.283074
bt 0.379876 0.00303695 -0.925033
t -0.0848179 -0.843917 0.529727
bt 0.00159044 0.0158699 0.999873
t 0.0559372 -0.929742 0.363938
bt 0.379192 -0.00390626 0.92531
t 0.000603462 -0.999876 -0.0157478
bt 0.78257 0.00056314 0.622563
t -0.0012556 -0.999999 0.000316429
bt 0.999911 -0.00310261 -0.0129963
t 0.00389033 -0.9999 0.0136316
bt 0.772421 8.44362e-05 -0.63511
t 0.0152402 -0.999802 0.0127708
bt 0.372726 -0.0288952 -0.927491
t 0.0203998 -0.999773 -0.00617423
bt 0.000156026 -0.00778969 0.99997
t 0.0126291 -0.999734 -0.0192747
bt 0.37248 -0.00661316 0.928017
t 0.0016033 -0.999878 -0.0155122
bt 0.772362 0.00192226 0.63518
t -0.00147981 -0.999999 -0.000319171
bt 0.999913 0.00233717 0.0130029
t 0.00776319 -0.999919 0.0100526
bt 0.782492 0.0074251 -0.622616
t 0.00603983 -0.999361 0.0352389
bt 0.377363 0.000191382 -0.926065
t 0.0203996 -0.999764 0.0075231
bt 7.81354e-05 -0.00397271 0.999992
t 0.0133104 -0.99976 -0.017417
bt 0.377259 0.00578215 0.92609
t 0.00137967 -0.995422 -0.0955709
bt 0.783917 -0.00183576 0.620862
t 0.000224778 -0.999999 0.00129711
bt 0.99994 0.000759312 -0.010894
t -0.00418445 -0.994712 0.102624
bt 0.773949 0.0238133 -0.6328
t 0.0600874 -0.986822 0.150241
bt 0.382127 -0.0801313 -0.920629
t 0.116772 -0.95317 -0.278984
bt 0.00618487 -0.0505468 0.998703
t 0.0240185 -0.971672 -0.235111
bt 0.377154 -0.0222091 0.925884
t 0.00132038 -0.995155 -0.0983112
bt 0.775651 -0.00744011 0.631118
t -0.00258361 -0.999996 -0.00132842
bt 0.999941 0.00149611 0.0108079
t -0.00875947 -0.994589 0.103521
bt 0.783691 0.00301228 -0.621143
t -0.0117169 -0.94984 0.312516
bt 0.379633 -0.00516328 -0.925123
t 0.104862 -0.855933 -0.506342
bt 0.00241952 -0.019811 0.999801
t -0.0355447 -0.930295 -0.365086
bt 0.378989 0.00134016 0.9254
t 0.00263569 -0.983802 -0.179238
bt 0.792779 -0.00897134 0.609444
t 0.000767647 -0.999993 0.00358936
bt 0.999883 -1.21212e-06 -0.0153043
t -0.0692388 -0.985531 0.154711
bt 0.773985 0.0232922 -0.632776
t -0.0150496 -0.979704 0.199885
bt 0.779237 0.00867509 -0.626669
t 0.108558 -0.951331 0.288417
bt 0.403967 -0.128803 -0.90566
t 0.201125 -0.841347 -0.501681
bt 0.0231173 -0.0967101 0.995044
t 0.0388033 -0.902337 -0.429281
bt 0.387678 -0.0339204 0.921171
t 0.00323882 -0.999988 -0.00365032
bt 0.99987 0.00511628 0.0153156
t 0.00303399 -0.982559 -0.185927
bt 0.781141 -0.0119588 0.62424
t -0.0104542 -0.857975 0.513585
bt 0.389143 -0.0102128 -0.921121
t -0.0184592 -0.980646 0.194918
bt 0.790957 0.0112491 -0.611769
t 0.152734 -0.638917 -0.753961
bt 0.0103259 -0.0432009 0.999013
t -0.0455871 -0.817449 -0.574195
bt 0.385735 0.00659408 0.922586
t 0.000890567 -0.958885 -0.283795
bt 0.8096 -0.0110089 0.586879
t -0.000106825 -0.999971 0.00760341
bt 0.999827 -3.14186e-05 -0.0186006
t -0.0213495 -0.94959 0.312767
bt 0.79143 0.0129484 -0.611123
t 0.162996 -0.878146 0.449769
bt 0.447719 -0.167954 -0.878259
t 0.26673 -0.655502 -0.706521
bt 0.0606948 -0.149208 0.986941
t 0.0552686 -0.787529 -0.613794
bt 0.410734 -0.0425311 0.910762
t -0.000758857 -0.999971 -0.00761537
bt 0.999809 0.00554111 0.0187419
t 0.0889902 -0.96817 -0.233939
bt 0.80192 -0.0700099 0.593316
t -0.0256925 -0.953129 0.30147
bt 0.804286 0.0250518 -0.593715
t 0.00389885 -0.740547 0.671993
bt 0.409256 -0.0134403 -0.91232
t 0.166862 -0.410097 -0.896648
bt 0.0270924 -0.0665302 0.997416
t -0.0481072 -0.6788 -0.732746
bt 0.399376 0.0155358 0.916655
t 0.000392228 -0.924578 -0.380992
bt 0.831814 -0.0115565 0.554934
t -0.000966782 -0.999953 0.0096138
bt 0.99987 -0.00378182 -0.0156593
t -0.0244621 -0.911309 0.410995
bt 0.812001 0.0248053 -0.583129
t 0.197955 -0.778934 0.595042
bt 0.512399 -0.195272 -0.836251
t 0.286322 -0.467111 -0.836557
bt 0.117178 -0.191184 0.974535
t 0.0631247 -0.669855 -0.739804
bt 0.447405 -0.0456244 0.893167
t 0.0554852 -0.964422 -0.25848
bt 0.802241 -0.0735603 0.592451
t 0.0139873 -0.921439 -0.388271
bt 0.820762 -0.0175746 0.571
t -0.00189054 -0.999952 -0.00963278
bt 0.999874 0.00198473 0.0157235
t -0.0363514 -0.915017 0.401773
bt 0.823453 0.0303127 -0.566573
t 0.0172258 -0.633818 0.77329
bt 0.441041 -0.0167858 -0.89733
t 0.157415 -0.256802 -0.953558
bt 0.0570751 -0.0931283 0.994017
t -0.046304 -0.568065 -0.82168
bt 0.420969 0.0233683 0.906774
t 0.0087345 -0.893156 -0.449662
bt 0.857241 -0.00761345 0.514859
t 0.00161268 -0.999939 0.0108846
bt 0.999901 -0.00551926 -0.0129468
t -0.0289688 -0.874876 0.483481
bt 0.83995 0.0218671 -0.542223
t 0.212698 -0.685729 0.696085
bt 0.585665 -0.208501 -0.783277
t 0.276091 -0.327977 -0.90344
bt 0.191759 -0.227847 0.954628
t 0.0618752 -0.579095 -0.812909
bt 0.497761 -0.0529347 0.865697
t 0.0171014 -0.887258 -0.460957
bt 0.849265 -0.0164837 0.52771
t -0.000408609 -0.999941 -0.0109027
bt 0.999915 -0.000748707 0.0129876
t -0.0318661 -0.882678 0.468897
bt 0.847202 0.0343433 -0.53016
t 0.0208549 -0.553356 0.832684
bt 0.481431 -0.015673 -0.876344
t 0.138779 -0.164843 -0.976508
bt 0.0968314 -0.115071 0.988627
t -0.0366334 -0.504192 -0.862814
bt 0.448588 0.0339879 0.893092
t 0.00831376 -0.863349 -0.504538
bt 0.884148 -0.00108917 0.467205
t -0.000535985 -0.999929 0.01191
bt 0.99994 0.00207234 -0.0107289
t -0.0237213 -0.846132 0.532446
bt 0.866438 0.0336766 -0.498147
t 0.214586 -0.605366 0.766475
bt 0.664968 -0.21113 -0.716409
t 0.255549 -0.229369 -0.939194
bt 0.280003 -0.251345 0.926512
t 0.061015 -0.51506 -0.85498
bt 0.559079 -0.0565333 0.827185
t 0.0186787 -0.856662 -0.51554
bt 0.880057 -0.0169625 0.474565
t -0.00224226 -0.999926 -0.0119219
bt 0.999938 0.00295839 0.010733
t -0.0343174 -0.852909 0.52093
bt 0.87229 0.0432741 -0.48707
t 0.0225013 -0.496469 0.867763
bt 0.532017 -0.0128979 -0.846636
t 0.124489 -0.111728 -0.98591
bt 0.144434 -0.129658 0.980983
t -0.0289983 -0.460807 -0.887026
bt 0.487123 0.0415082 0.872346
t 0.0125365 -0.838978 -0.544021
bt 0.913386 -0.000724472 0.407094
t 0.00337586 -0.999911 0.0128739
bt 0.999961 0.000684261 -0.00881194
t -0.0203326 -0.821747 0.569489
bt 0.895942 0.0390088 -0.442455
t 0.204765 -0.536438 0.818722
bt 0.746167 -0.200321 -0.634907
t 0.228029 -0.155312 -0.961187
bt 0.38921 -0.26507 0.882187
t 0.0572619 -0.466886 -0.882462
bt 0.632161 -0.0558053 0.772825
t 0.0210633 -0.830681 -0.556351
bt 0.909783 -0.0107707 0.414943
t -0.00158679 -0.999915 -0.012912
bt 0.999957 0.00275253 0.00883426
t -0.0263462 -0.830773 0.555988
bt 0.9015 0.0432781 -0.43061
t 0.0197363 -0.453584 0.890995
bt 0.593859 -0.00698373 -0.804539
t 0.102064 -0.0695215 -0.992346
bt 0.207961 -0.141626 0.96783
t -0.0232955 -0.429977 -0.902539
bt 0.541295 0.0461127 0.839568
t 0.0116143 -0.817974 -0.575138
bt 0.94267 -0.00247977 0.333717
t 0.00291272 -0.999898 0.0139834
bt 0.999975 -0.00142636 -0.00698271
t -0.00865374 -0.80348 0.595268
bt 0.927513 0.0384539 -0.371808
t 0.187882 -0.479006 0.857469
bt 0.824724 -0.172951 -0.53844
t 0.195021 -0.098013 -0.97589
bt 0.525627 -0.264129 0.808673
t 0.0514877 -0.430123 -0.901301
bt 0.720909 -0.0523315 0.691051
t 0.0165271 -0.807845 -0.589164
bt 0.939382 -0.00687566 0.342804
t -0.00227422 -0.999899 -0.0140135
bt 0.999975 -0.00070954 0.00698907
t -0.0216435 -0.812244 0.582917
bt 0.931298 0.0427965 -0.361735
t 0.014275 -0.42151 0.906712
bt 0.66651 0.00570728 -0.745474
t 0.0803445 -0.0403861 -0.995949
bt 0.29038 -0.145911 0.945722
t -0.020474 -0.407005 -0.913196
bt 0.607333 0.0568888 0.792408
t 0.00223654 -0.999993 0.00309795
bt 0.999998 0.00145164 -0.00130485
t 0.0120696 -0.802678 -0.59629
bt 0.957086 -0.00016919 0.289803
t 0.167076 -0.449262 0.877638
bt 0.874463 -0.154519 -0.459823
t -0.0144501 -0.796288 0.604745
bt 0.94808 0.0349039 -0.31611
t 0.166628 -0.0675257 -0.983705
bt 0.630944 -0.255783 0.732451
t 0.0454766 -0.413721 -0.909267
bt 0.78183 -0.0465852 0.621749
t 0.0141297 -0.800444 -0.599241
bt 0.955732 0.00278136 0.294226
t -0.00173126 -0.999994 -0.00310144
bt 0.999999 -0.00061245 0.00129777
t -0.0155211 -0.79863 0.601622
bt 0.948764 0.0355497 -0.313979
t 0.0140631 -0.404798 0.914298
bt 0.726259 0.00569234 -0.687398
t 0.0650633 -0.0263614 -0.997533
bt 0.370522 -0.150166 0.916604
t -0.0137156 -0.395336 -0.918434
bt 0.655336 0.0629417 0.752711
t 0.00157856 -0.999947 -0.0101982
bt 0.99999 -8.84527e-05 0.00450133
t 0.0131552 -0.802005 -0.597172
bt 0.949236 -0.00203269 0.314559
t 0.17374 -0.463796 0.868739
bt 0.860172 -0.167533 -0.481702
t -0.0131935 -0.805807 0.592032
bt 0.943439 0.0333868 -0.329861
t 0.163187 -0.0724391 -0.983932
bt 0.637128 -0.282884 0.716969
t 0.0437626 -0.422384 -0.90536
bt 0.761782 -0.0507929 0.645839
t 0.0125887 -0.80979 -0.586584
bt 0.951687 -0.00152486 0.307066
t -0.00199517 -0.999946 0.0102029
bt 0.999989 0.0011728 -0.0045098
t -0.0183532 -0.796895 0.603838
bt 0.941494 0.0296184 -0.335725
t 0.0167493 -0.408266 0.912709
bt 0.710488 -0.00642414 -0.70368
t 0.0754764 -0.0334967 -0.996585
bt 0.359271 -0.159523 0.919498
t -0.0188385 -0.395004 -0.918486
bt 0.643421 0.0497979 0.763891
t 0.0010058 -0.999925 -0.0121932
bt 0.999974 0.00125957 0.00711591
t 0.0155695 -0.817321 -0.575973
bt 0.926729 -0.00943844 0.375611
t -0.0272581 -0.818644 0.573654
bt 0.920872 0.0319567 -0.388553
t 0.149716 -0.491031 0.85818
bt 0.784066 -0.17313 -0.596043
t 0.188174 -0.108956 -0.976073
bt 0.510478 -0.29559 0.80749
t 0.0385463 -0.444134 -0.895131
bt 0.675531 -0.0443478 0.735996
t 0.0135507 -0.826482 -0.5628
bt 0.929689 -0.00255554 0.368338
t 0.00308315 -0.99992 0.0122785
bt 0.999975 -0.00044487 -0.00709513
t -0.0231423 -0.809642 0.586467
bt 0.916329 0.0298485 -0.399312
t 0.0174512 -0.428685 0.903285
bt 0.639486 -0.0140985 -0.768674
t 0.0888649 -0.0514525 -0.994714
bt 0.265176 -0.153551 0.951895
t -0.0184229 -0.411441 -0.91125
bt 0.579098 0.0418558 0.814183
t 0.000507254 -0.999899 -0.0141998
bt 0.999939 0.00077179 0.0110149
t 0.0196435 -0.841828 -0.539388
bt 0.89594 -0.0162456 0.443879
t -0.0297552 -0.841668 0.539175
bt 0.890817 0.0341509 -0.453077
t 0.12476 -0.531283 0.837958
bt 0.680509 -0.158293 -0.715437
t 0.167138 -0.129929 -0.977335
bt 0.337992 -0.262786 0.903717
t 0.0100499 -0.466272 -0.884584
bt 0.57808 -0.0267677 0.815541
t 0.0148983 -0.851712 -0.523798
bt 0.900915 -0.00434245 0.433975
t 0.00669258 -0.999878 0.014121
bt 0.999939 -0.00122027 -0.0109798
t -0.0207272 -0.832436 0.553734
bt 0.884768 0.0253322 -0.465342
t 0.0158323 -0.462118 0.886677
bt 0.567101 -0.0232302 -0.82332
t 0.105915 -0.0823303 -0.990961
bt 0.185421 -0.14417 0.972026
t -0.0228846 -0.437989 -0.898689
bt 0.511654 0.0375421 0.858371
t -0.00346746 -0.999882 -0.0149541
bt 0.999866 0.000995663 0.0163128
t 0.0173935 -0.877059 -0.480069
bt 0.856772 -0.0169642 0.515416
t -0.0472295 -0.871392 0.488309
bt 0.856932 0.0339934 -0.514307
t 0.143375 -0.624535 0.767723
bt 0.566838 -0.124687 -0.814339
t 0.207327 -0.22699 -0.951573
bt 0.193949 -0.212368 0.957749
t 0.00936169 -0.527573 -0.849458
bt 0.495661 -0.0138371 0.868406
t -0.000309846 -0.883872 -0.467728
bt 0.867887 -0.0114011 0.496631
t 0.00324822 -0.999884 0.014855
bt 0.999867 -0.000414698 -0.0163012
t -0.0302572 -0.864275 0.502108
bt 0.848298 0.0170348 -0.529245
t 0.0148456 -0.522041 0.852791
bt 0.494383 -0.025967 -0.868856
t 0.124855 -0.136691 -0.982714
bt 0.114636 -0.125528 0.985445
t -0.0353924 -0.480914 -0.876053
bt 0.456765 0.0272774 0.889169
t -0.00276032 -0.99991 -0.0131616
bt 0.999756 0.00193781 0.0220244
t 0.0094978 -0.922442 -0.386019
bt 0.817188 -0.0194816 0.576042
t -0.049378 -0.915859 0.398452
bt 0.82595 0.0247519 -0.5632
t 0.135045 -0.749132 0.64851
bt 0.46518 -0.0701694 -0.882431
t 0.226127 -0.379673 -0.897059
bt 0.0897682 -0.150753 0.984487
t -0.100441 -0.516449 -0.850407
bt 0.409739 0.0459202 0.911046
t -0.00176401 -0.928409 -0.371557
bt 0.833121 -0.013002 0.552937
t 0.00169088 -0.999913 0.0130692
bt 0.999756 -0.000650268 -0.022098
t -0.0382409 -0.909229 0.414536
bt 0.810269 0.0151754 -0.585862
t 0.00846189 -0.624436 0.78103
bt 0.43227 -0.0215386 -0.901487
t 0.145442 -0.244192 -0.958758
bt 0.0553402 -0.0929443 0.994132
t -0.0467204 -0.565105 -0.823695
bt 0.414045 0.0158097 0.910119
t -0.00110599 -0.968566 -0.248755
bt 0.785518 -0.017362 0.618595
t -0.00124084 -0.999964 -0.00843668
bt 0.999664 0.00103921 0.0259129
t -0.0463137 -0.963326 0.264309
bt 0.802049 0.014716 -0.597077
t 0.0928967 -0.889541 0.447311
bt 0.401691 -0.0134278 -0.915677
t -0.00953208 -0.617599 -0.786436
bt 0.383848 0.0953626 0.918459
t 0.203159 -0.629799 -0.74972
bt 0.0234672 -0.0727375 0.997075
t -0.00425371 -0.797774 -0.602942
bt 0.395139 0.0106251 0.91856
t -0.00566071 -0.971684 -0.236217
bt 0.804689 -0.00782859 0.593644
t 0.00109344 -0.999964 0.00837226
bt 0.999665 -0.000111655 -0.0258947
t -0.0365791 -0.960778 0.274896
bt 0.782687 0.00623463 -0.622384
t -0.0117017 -0.779183 0.626688
bt 0.391518 -0.0159886 -0.920031
t 0.14584 -0.451936 -0.880048
bt 0.0180901 -0.0560869 0.998262
t -0.113637 -0.638515 -0.761174
bt 0.380147 0.0251481 0.924584
t -0.00266783 -0.999995 -0.00179235
bt 0.999421 -0.00138011 0.0339999
t -0.00474877 -0.998897 -0.0467185
bt 0.76698 -0.00320006 0.641663
t -0.0252426 -0.997969 0.0584942
bt 0.793401 0.00396831 -0.608686
t 0.0102951 -0.995204 0.0972735
bt 0.382411 0.0444884 -0.92292
t 0.0423028 -0.828389 -0.558553
bt -0.000407318 0.00796659 0.999968
t -0.0308944 -0.980397 -0.194595
bt 0.383955 0.0147497 0.923234
t -0.00740939 -0.998966 -0.0448484
bt 0.793675 -0.00663419 0.608306
t 0.00262647 -0.999995 0.00161096
bt 0.999421 -0.00107948 -0.0339941
t -0.0264014 -0.997551 0.0647668
bt 0.766952 0.00246796 -0.641699
t -0.0122124 -0.98757 0.156704
bt 0.371671 -0.00567241 -0.928347
t 0.0348023 -0.68151 -0.730981
bt 0.000607736 -0.0119106 0.999929
t -0.174786 -0.821942 -0.54209
bt 0.371113 0.00434789 0.928577
t 0.000613096 -0.999951 0.0098292
bt 0.999311 -0.00255803 0.0370231
t -0.00929898 -0.979271 0.202343
bt 0.777595 0.0146787 0.628594
t 0.0145662 -0.979472 -0.201054
bt 0.803611 -0.0166201 -0.594923
t -0.151422 -0.960001 -0.235521
bt 0.405572 0.0391056 -0.913226
t 0.0485447 -0.950616 0.30655
bt -0.000502846 0.00983708 0.999951
t -0.224622 -0.851398 0.473991
bt 0.0246604 0.0934499 0.995319
t -0.0495786 -0.899629 0.433832
bt 0.400175 0.0138088 0.916335
t -0.00188573 -0.981919 0.189293
bt 0.80547 0.00224244 0.592632
t -0.00184735 -0.999951 -0.00973911
bt 0.999312 0.00271873 -0.0369818
t -0.00398767 -0.978442 -0.206481
bt 0.775355 -0.00726088 -0.631484
t -0.0953779 -0.927512 -0.361419
bt 0.386724 0.0219545 -0.921934
t 0.16774 -0.93927 0.299392
bt 0.371114 0.00433567 0.928577
t 0.0454043 -0.889121 0.455415
bt 0.000600566 -0.0117701 0.999931
t -0.192625 -0.730123 0.655603
bt 0.0113278 0.0429156 0.999014
t -0.00217211 -0.845202 0.534442
bt 0.380689 -0.00522771 0.924688
t -0.0157449 -0.917401 0.397651
bt 0.82016 0.0209858 0.571749
t 0.00364975 -0.99984 0.017506
bt 0.999615 0.00196272 0.0276661
t -0.000476924 -0.854252 -0.519859
bt 0.409937 0.0607732 -0.910087
t 0.069247 -0.90646 -0.416575
bt 0.81262 -0.106195 -0.573037
t -0.151322 -0.746425 -0.648037
bt 0.501625 0.130108 -0.855245
t -0.255483 -0.40632 0.877287
bt 0.103531 0.164612 0.98091
t -0.0235583 -0.638121 0.769576
bt 0.449929 0.0185458 0.892872
t -0.00478828 -0.999839 -0.0172767
bt 0.999611 0.00381189 -0.027644
t -0.110473 -0.942858 0.314346
bt 0.849199 0.0743465 0.522814
t -0.0290072 -0.629051 -0.776823
bt 0.434183 0.0144598 -0.900709
t 0.0168512 -0.908812 -0.416865
bt 0.812245 -0.0171567 -0.583063
t -0.163815 -0.260456 0.951487
bt 0.0581559 0.0924701 0.994016
t 0.0275409 -0.571485 0.82015
bt 0.414376 -0.0236664 0.909798
t -0.0240763 -0.857908 0.513238
bt 0.874653 0.0167611 0.48446
t 0.00131803 -0.999763 0.021728
bt 0.999798 0.00226586 0.0199521
t 0.169225 -0.868377 -0.466138
bt 0.819687 -0.0805489 -0.567121
t 0.0941017 -0.84303 -0.52957
bt 0.832291 -0.163304 -0.529739
t -0.149644 -0.586112 -0.796291
bt 0.625917 0.145308 -0.766233
t -0.215749 -0.198739 0.95601
bt 0.238332 0.219593 0.946032
t -0.0210832 -0.50501 0.862856
bt 0.531272 0.0128032 0.847104
t -0.0585481 -0.936552 0.345605
bt 0.850164 0.0828208 0.519963
t -0.00927862 -0.870988 0.491216
bt 0.887763 0.0100035 0.460192
t -0.00139112 -0.999764 -0.0216811
bt 0.999797 0.00291379 -0.0199466
t 0.0209114 -0.846633 -0.531767
bt 0.861764 -0.030785 -0.506374
t -0.147846 -0.573784 -0.805552
bt 0.579465 0.0939676 -0.809562
t -0.127424 -0.117385 0.984878
bt 0.13524 0.124567 0.982951
t 0.0250448 -0.459257 0.887951
bt 0.478639 -0.0356015 0.87729
t -0.0202018 -0.809081 0.587349
bt 0.931998 0.00748597 0.362386
t -0.000266633 -0.999657 0.0261946
bt 0.999897 -0.0021384 0.0141577
t 0.139837 -0.827038 -0.544475
bt 0.85548 -0.102936 -0.507502
t 0.0247049 -0.821641 -0.56947
bt 0.92599 -0.0515311 -0.374015
t -0.128596 -0.477432 -0.869208
bt 0.782744 0.134381 -0.607663
t -0.172777 -0.0926909 0.98059
bt 0.434956 0.233315 0.869699
t -0.0198174 -0.433903 0.900741
bt 0.663155 0.00404711 0.748471
t -0.00381272 -0.826763 0.562538
bt 0.937617 -0.00656835 0.347608
t -0.00658353 -0.999637 -0.0261163
bt 0.999895 0.00379848 -0.0140099
t -0.0922142 -0.53955 -0.836888
bt 0.62732 0.164281 -0.761237
t 0.00835621 -0.803851 -0.594771
bt 0.920017 -0.0366868 -0.390157
t -0.0249613 -0.423872 -0.905378
bt 0.654702 0.00855161 -0.755839
t -0.088948 -0.0477228 0.994892
bt 0.271579 0.145675 0.951327
t 0.0136173 -0.406814 0.913409
bt 0.588533 -0.0501038 0.806919
t -0.00283928 -0.999455 0.0328831
bt 0.999973 -5.72447e-05 0.00740739
t -0.0128599 -0.775458 0.631268
bt 0.983478 0.0001442 0.181029
t 0.00656481 -0.799668 -0.600407
bt 0.979368 -0.0427278 -0.197514
t -0.104347 -0.409932 -0.906128
bt 0.938726 0.0674306 -0.338003
t -0.104428 -0.0235488 0.994254
bt 0.779358 0.175681 0.601446
t -0.0224188 -0.39644 0.917787
bt 0.874605 -0.00959745 0.484741
t -0.0059249 -0.800684 0.599057
bt 0.984567 -0.0110551 0.174656
t -0.00282943 -0.999456 -0.0328738
bt 0.999972 -0.000508822 -0.0074187
t 0.00968898 -0.77345 -0.633783
bt 0.977289 -0.0354003 -0.208934
t -0.0117411 -0.381143 -0.924442
bt 0.873647 -0.00227846 -0.486555
t -0.0402665 -0.00908522 0.999148
bt 0.619714 0.139691 0.772296
t 0.0186125 -0.375231 0.926745
bt 0.739385 -0.105574 0.664954
t -0.00165624 -0.999178 0.0405037
bt 0.999992 -0.0010955 -0.00385924
t 0.00440463 -0.763775 0.645468
bt 0.996029 -0.0112795 -0.0883095
t -0.00451422 -0.798216 -0.602355
bt 0.997834 -0.0109315 0.0648699
t -0.0725574 -0.377273 -0.923255
bt 0.993494 -0.0375784 0.107504
t -0.0354635 0.0034332 0.999365
bt 0.960008 -0.093169 0.264017
t -0.0297263 -0.38603 0.922007
bt 0.99403 -0.106504 0.0237055
t 0.000390549 -0.798401 0.602126
bt 0.99759 -0.00499625 -0.069204
t 0.00508614 -0.998867 -0.0473143
bt 0.999857 0.000133689 0.0169256
t -0.00371218 -0.772452 -0.635063
bt 0.996705 -0.0212305 0.0782791
t 0.0118438 -0.37346 -0.927571
bt 0.993981 -0.106601 -0.0252548
t 0.0177642 -0.00173246 0.999841
bt 0.913755 -0.0886814 0.396469
t -0.00725881 -0.377773 0.92587
bt 0.952664 -0.19698 0.23158
t 0.0234029 -0.870582 0.491466
bt 0.793609 -0.0454055 -0.606731
t -0.0287752 -0.992899 -0.115431
bt 0.906255 0.00146887 -0.422729
t -0.062656 -0.38788 -0.919578
bt 0.914661 0.290021 0.281572
t 0.00392739 -0.735571 -0.677436
bt 0.939621 0.341137 -0.0271605
t -0.0576391 -0.383243 0.921847
bt 0.787357 0.173126 -0.591689
t -0.0422596 0.00409343 0.999098
bt 0.825917 -0.0801624 -0.558064
t -0.0597386 0.00601571 0.998196
bt 0.724553 0.0800388 -0.684556
t -0.0198331 -0.360209 0.932661
bt 0.813332 0.318691 -0.486751
t 0.0355662 -0.994074 0.102727
bt 0.902931 0.00143548 0.429783
t -0.0447341 -0.74357 0.66716
bt 0.965195 0.141265 0.220097
t 0.0490743 -0.476595 -0.877752
bt 0.637905 -0.169084 0.751324
t -0.0230607 -0.822581 -0.56818
bt 0.776242 -0.0326985 0.629587
t -0.021675 -0.424579 0.905131
bt 0.514406 -0.0297684 -0.85703
t -0.00605271 -0.377887 0.925832
bt 0.730024 0.190028 -0.656471
t 0.018909 -0.00184386 0.99982
bt 0.548828 -0.0532646 -0.834236
t 0.102277 -0.0787954 0.99163
bt 0.279251 -0.21507 -0.935823
t 0.0167281 -0.0702403 -0.99739
bt 0.0282734 -0.0673151 -0.997331
t -0.0584906 0.154565 0.98625
bt -0.0125258 0.169455 0.985458
t 0.0707314 -0.266722 -0.961175
bt 0.312612 -0.119375 -0.94235
t -0.0189515 0.0695741 -0.997397
bt -0.0112592 0.0715186 -0.997376
t -0.195106 0.144267 0.970114
bt -0.172378 0.16981 0.970284
t -0.0925636 -0.363261 -0.927078
bt 0.0912019 -0.0806485 -0.992561
t -0.102473 0.0624472 -0.992774
bt -0.101069 0.0647191 -0.992772
t -0.0636628 0.124724 0.990147
bt -0.0593237 0.13161 0.989525
t 0.0344517 0.0610828 0.997538
bt 0.0382893 0.0678867 0.996958
t 0.139654 -0.00164324 0.990199
bt 0.14378 0.005177 0.989596
t -0.00966604 -0.359893 0.932943
bt 0.299421 -0.0212778 0.953884
t -0.137217 0.228709 -0.963776
bt -0.136507 0.229125 -0.963778
t 0.0148709 -0.297264 0.95468
bt 0.401664 -0.0582737 0.913931
t 0.0289345 -0.1642 0.986003
bt 0.0623748 -0.153305 0.986208
t -0.00455068 -0.0755005 0.997135
bt 0.0286777 -0.0671087 0.997333
t -0.004812 -0.00113678 -0.999988
bt 0.0203765 0.00481372 -0.999781
t 0.0492918 -0.419011 -0.906642
bt 0.332366 0.0417824 -0.942225
t 0.324768 -0.11318 -0.938998
bt 0.333326 -0.0826529 -0.939182
t 0.265514 -0.116039 -0.957099
bt 0.269183 0.112771 -0.956464
t -0.0563755 -0.0837545 -0.99489
bt 0.0768854 0.0757262 -0.99416
t -0.269141 1.66977e-05 0.963101
bt -0.268996 0.00868859 0.963102
t 0.133326 -0.0111488 -0.991009
bt 0.130212 0.0160635 -0.991356
t 0.000216935 -0.001424 0.999999
bt -0.000125435 0.000823379 1
t 0.253482 -0.0309041 0.966846
bt 0.253443 0.0341999 0.966746
t 0.0023429 -0.0153793 -0.999879
bt 0.000929257 -0.00609987 -0.999981
t -0.132489 -0.0316552 -0.990679
bt -0.133629 -0.0221227 -0.990784
t -0.253558 -0.0169415 -0.967172
bt -0.253591 -0.00670711 -0.967288
t 0.330957 -0.104467 0.937846
bt 0.340021 -0.0690861 0.937877
t 0.0730062 -0.38589 0.919652
bt 0.340259 0.0571235 0.938595
t -0.0688426 -0.0660808 0.995437
bt 0.117115 0.156208 0.980756
t -0.0106917 -0.23052 0.973009
bt 0.271793 0.138131 0.952391
t -0.0900989 -0.348836 -0.932843
bt 0.462216 0.738705 0.490582
t 0.0408428 -0.430577 -0.901629
bt 0.330369 0.81997 0.467446
t -0.203332 -0.258784 -0.944292
bt 0.561139 0.679242 0.473025
t 0.491566 -0.289743 0.821226
bt 0.760506 -0.448274 -0.469768
t 0.281456 -0.487411 0.826567
bt 0.413839 -0.716692 -0.561328
t 0.0453925 -0.0151914 0.998854
bt 0.234708 -0.0877476 -0.968097
t 0.0385169 -0.0101534 0.999206
bt 0.234206 -0.0616581 -0.97023
t 0.413127 -0.236444 0.879443
bt 0.780668 -0.448994 -0.434696
t 0.0148942 0.00238845 0.999886
bt 0.488829 -0.0333483 -0.871742
t -0.00933908 -0.30958 -0.950828
bt 0.998752 0.0107356 0.048784
t -0.0316316 -0.711808 -0.701661
bt 0.933464 0.221766 0.281896
t 0.264789 -0.109357 0.958085
bt 0.866739 -0.363283 -0.341743
t -0.0801758 -0.717515 -0.691913
bt 0.864522 0.188077 0.466079
t -0.00501134 0.00227977 0.999985
bt 0.808982 0.0874624 0.58129
t 0.01465 0.00240187 0.99989
bt 0.890138 -0.0539811 0.452482
t -0.0099245 -0.2824 0.959246
bt 0.892843 -0.208822 0.39903
t -0.0097771 -0.309576 -0.950824
bt 0.999785 0.00157258 0.0206549
t -0.0264483 -0.712108 -0.701572
bt 0.998725 -0.0249826 0.0438614
t 0.0724856 -0.0132256 0.997282
bt 0.963834 -0.188226 -0.188666
t -0.0851117 -0.716365 -0.692516
bt 0.918311 0.083183 0.387021
t -0.0169241 -0.00114744 0.999856
bt 0.689654 0.12193 0.7138
t -0.159648 -0.0185297 0.987
bt 0.99256 0.115108 0.0396885
t -0.035957 -0.791061 0.61068
bt 0.993022 0.0594407 0.101852
t -0.0444317 -0.0118373 0.998942
bt 0.541891 0.144346 0.82796
t -0.371428 -0.170721 0.912631
bt 0.868546 0.399185 0.293732
t -0.0384572 -0.791168 0.610388
bt 0.990029 0.00917493 0.140565
t -0.0772727 -0.0355261 0.996377
bt 0.408598 0.187783 0.893189
t -0.478846 -0.392755 0.785143
bt 0.674209 0.553012 0.48951
t -0.121187 -0.0993899 0.987641
bt 0.173956 0.142695 0.97436
t -0.484705 -0.619875 0.617103
bt 0.461529 0.590267 0.66225
t -0.0885311 -0.619599 -0.77991
bt 0.53223 0.138362 -0.835217
t -0.147464 -0.188568 0.970926
bt 0.0821905 0.105138 0.991055
t -0.398535 -0.804066 0.441189
bt 0.255721 0.515949 0.81756
t -0.158049 -0.671933 -0.723552
bt 0.500794 0.0809295 -0.861775
t -0.145352 -0.293177 0.944945
bt 0.034636 0.0698363 0.996957
t -0.0217704 -0.887206 -0.460859
bt 0.40122 0.0510874 -0.914556
t -0.230396 -0.938986 0.25539
bt 0.0816911 0.332948 0.9394
t -0.13824 -0.563391 0.814543
bt 0.0085129 0.0347071 0.999361
t -0.136587 -0.962559 -0.234145
bt 0.399961 0.0444086 -0.915456
t -0.00359694 -0.999274 0.0379189
bt 0.000177789 0.0500433 0.998747
t -0.00293286 -0.814666 0.579923
bt -2.62e-06 -7.81367e-05 1
t 0.235879 -0.95284 -0.190938
bt 0.0632676 -0.255573 0.964717
t 0.168834 -0.68201 -0.711588
bt 0.0125822 -0.0508283 0.998628
t -0.00304666 -0.846266 -0.532752
bt -2.61724e-06 -7.81321e-05 1
t 0.421748 -0.805155 -0.416959
bt 0.252423 -0.48187 0.839097
t 0.165625 -0.316212 -0.934119
bt 0.035499 -0.0677455 0.997071
t -0.225785 -0.513306 -0.827972
bt 0.378315 0.0619663 0.9236
t 0.511834 -0.570481 -0.642322
bt 0.499214 -0.556394 0.664237
t 0.148157 -0.165147 -0.975077
bt 0.103465 -0.115301 0.987927
t 0.429932 -0.264984 -0.8631
bt 0.761486 -0.469344 0.447052
t 0.0972876 -0.0599586 -0.993449
bt 0.235725 -0.145294 0.960897
t 0.215973 -0.0579032 -0.974681
bt 0.947928 -0.25418 0.191899
t 0.0476819 -0.0127773 -0.998781
bt 0.560186 -0.150217 0.814633
t 0.0416675 -0.403909 0.91385
bt 0.954664 -0.144017 -0.260531
t 0.0614599 -0.000479977 -0.99811
bt 0.999538 -0.00799412 0.0293169
t -9.01411e-05 1.22865e-05 -1
bt 0.814242 -0.00651446 0.58049
t -0.0621337 -0.780042 -0.622635
bt 0.990276 0.0664158 -0.122237
t -0.223776 -0.0490193 -0.973407
bt 0.974384 0.213358 -0.0710988
t -0.0462608 -0.0101496 -0.998878
bt 0.825988 0.180855 -0.533887
t -9.01304e-05 1.22837e-05 -1
bt 0.841565 -0.00673267 -0.540114
t -0.0634403 -0.780092 -0.62244
bt 0.987807 0.0277926 -0.153185
t -0.338833 -0.151294 -0.928602
bt 0.880635 0.393202 -0.264339
t -0.229266 -0.0502271 -0.972067
bt 0.955577 0.20926 -0.207566
t -0.0622252 -0.0277893 -0.997675
bt 0.39106 0.174603 -0.903651
t -0.0482572 -0.010588 -0.998779
bt 0.460525 0.100834 -0.881901
t 0.0522747 -0.378202 -0.924246
bt 0.569967 -0.210065 -0.794362
t -0.512114 -0.361751 -0.779022
bt 0.718339 0.507459 -0.475893
t -0.106681 -0.0753416 -0.991435
bt 0.200498 0.141655 -0.969399
t -0.511639 -0.531549 -0.675042
bt 0.544593 0.565808 -0.619096
t -0.121128 -0.125828 -0.98463
bt 0.11833 0.122954 -0.985333
t -0.459474 -0.699165 -0.547769
bt 0.365849 0.556705 -0.745811
t -0.147029 -0.223724 -0.963499
bt 0.0688804 0.104818 -0.992103
t -0.358888 -0.839988 -0.406964
bt 0.200937 0.470316 -0.859318
t -0.0747898 -0.792042 0.605868
bt 0.425349 0.0770221 0.901746
t -0.1533 -0.358792 -0.920743
bt 0.0295628 0.0692091 -0.997164
t -0.231303 -0.938065 -0.25794
bt 0.0687368 0.278735 -0.957905
t -0.130603 -0.957829 -0.255941
bt 0.415064 0.198428 -0.88789
t -0.147706 -0.853905 0.499029
bt 0.417689 0.0537586 0.906998
t -0.0375969 -0.895243 0.44399
bt 0.387801 0.031911 0.921191
t -0.136647 -0.554205 -0.821087
bt 0.0127969 0.0518676 -0.998572
t -0.0991762 -0.987791 -0.12014
bt 0.0135351 0.134818 -0.990778
t -0.166452 -0.970156 -0.176327
bt 0.395208 0.0711703 -0.91583
t -0.11467 -0.950161 0.289905
bt 0.390859 0.0476267 0.919218
t -0.0843523 -0.839284 -0.537111
bt 0.0017356 0.0173142 -0.999849
t 0.0204 -0.999787 0.00310495
bt 0.000340745 -0.0168429 -0.999858
t 0.0203991 -0.999742 -0.00999083
bt -5.282e-06 0.000115353 -1
t 0.0331297 -0.996823 0.0724315
bt 0.776519 -0.030804 -0.629341
t 0.120898 -0.986861 0.107188
bt 0.0184426 -0.150603 -0.988422
t 0.107095 -0.874165 0.473672
bt 0.002089 -0.017113 -0.999851
t 0.0158334 -0.99613 0.0864549
bt 0.776521 -0.0308873 -0.629334
t 0.227144 -0.950192 0.213402
bt 0.06574 -0.27501 -0.959191
t 0.150701 -0.630413 0.761491
bt 0.0122277 -0.0511564 -0.998616
t 0.353288 -0.868248 0.348329
bt 0.16095 -0.395599 -0.90421
t -0.0686469 -0.936124 -0.344905
bt 0.781058 0.0686361 0.620676
t 0.157664 -0.387495 0.908289
bt 0.0276591 -0.0679227 -0.997307
t 0.455823 -0.743648 0.489094
bt 0.283741 -0.462922 -0.839758
t -0.160497 -0.900454 -0.404256
bt 0.782445 0.06191 0.619635
t 0.159051 -0.259472 0.952563
bt 0.0619279 -0.101045 -0.992953
t 0.513552 -0.6101 0.603359
bt 0.423865 -0.503592 -0.752817
t 0.143272 -0.170182 0.974942
bt 0.0985995 -0.117171 -0.988205
t 0.538325 -0.483194 0.690456
bt 0.553665 -0.496983 -0.668179
t 0.126483 -0.113518 0.985452
bt 0.147032 -0.131991 -0.980286
t 0.532679 -0.362796 0.764612
bt 0.6877 -0.468364 -0.55471
t 0.111304 -0.0758141 0.99089
bt 0.213682 -0.145523 -0.966004
t 0.490349 -0.24642 0.835964
bt 0.799124 -0.40157 -0.447373
t 0.0791791 -0.0398004 0.996066
bt 0.28367 -0.142539 -0.948269
t 0.449514 -0.182202 0.874494
bt 0.861988 -0.349434 -0.367249
t 0.0627966 -0.0254428 0.997702
bt 0.351755 -0.14256 -0.925173
t 0.414813 -0.184158 0.891076
bt 0.859199 -0.381475 -0.340962
t 0.077814 -0.0345345 0.99637
bt 0.367267 -0.163073 -0.915708
t 0.467431 -0.270658 0.841577
bt 0.774456 -0.448442 -0.446226
t 0.092899 -0.0537884 0.994222
bt 0.264867 -0.153372 -0.95201
t 0.334806 -0.260285 0.905625
bt 0.601242 -0.467448 -0.648075
t 0.107232 -0.0833546 0.990734
bt 0.180431 -0.14029 -0.973531
t 0.398496 -0.436304 0.806746
bt 0.395716 -0.433282 -0.809738
t 0.120475 -0.131896 0.983915
bt 0.1125 -0.12319 -0.985986
t 0.381109 -0.639911 0.667286
bt 0.178516 -0.299769 -0.937161
t 0.0763721 -0.700204 -0.709846
bt 0.483428 -0.112276 0.868154
t 0.146424 -0.245841 0.958187
bt 0.0522224 -0.0877091 -0.994776
t 0.271451 -0.841501 0.467108
bt 0.0422081 -0.130834 -0.990505
t 0.169827 -0.775339 -0.608283
bt 0.470317 -0.0817761 0.8787
t 0.14821 -0.45928 0.87584
bt 0.0168143 -0.0521332 -0.998499
t 0.152446 -0.925135 -0.347685
bt 0.402817 -0.059686 0.913333
t 0.0504616 -0.988158 0.144906
bt -0.0028468 0.0557373 -0.998441
t 0.0332952 -0.651995 0.757492
bt 0.000878245 -0.0172077 -0.999852
t -0.244313 -0.926028 -0.287719
bt 0.0607904 0.230394 -0.971197
t -0.161271 -0.963257 -0.214772
bt 0.419491 0.112469 -0.900765
t -0.191284 -0.725043 -0.661607
bt 0.0089137 0.0337653 -0.99939
t 0.0449608 -0.880435 -0.47203
bt 0.000867811 -0.0170032 -0.999855
t -0.097725 -0.941631 -0.32215
bt 0.849107 0.0735723 -0.523072
t -0.416136 -0.661795 -0.623585
bt 0.21985 0.349594 -0.910742
t -0.0213018 -0.874665 -0.484259
bt 0.435478 0.217769 -0.873462
t 0.0698113 -0.906281 0.41687
bt 0.808982 -0.118592 0.575747
t -0.15307 -0.243372 -0.957779
bt 0.0526616 0.0837343 -0.995096
t 0.236024 -0.452315 -0.860061
bt 0.368383 -0.0569353 -0.927929
t -0.102128 -0.886507 -0.451304
bt 0.901147 0.0830149 -0.425492
t -0.0591749 -0.936648 -0.345236
bt 0.851213 0.0928259 -0.516547
t -0.437706 -0.403225 -0.803631
bt 0.448302 0.413029 -0.792737
t 0.167916 -0.86896 0.465525
bt 0.815277 -0.0968264 0.570918
t -0.12967 -0.119453 -0.984336
bt 0.125084 0.115213 -0.985434
t 0.108929 -0.395113 -0.912151
bt 0.363158 -0.163702 -0.917234
t -0.0764435 -0.883127 -0.462864
bt 0.903384 0.099912 -0.417031
t -0.391245 -0.209883 -0.896034
bt 0.698194 0.374527 -0.610127
t -0.0964657 -0.0517555 -0.99399
bt 0.266138 0.142756 -0.953305
t 0.130357 -0.377818 -0.916658
bt 0.40274 -0.121788 -0.907176
t -0.296096 -0.0667552 -0.952823
bt 0.915624 0.206401 -0.345009
t -0.0478632 -0.0107977 -0.998796
bt 0.638528 0.143933 -0.75602
t -0.042513 -0.386764 0.921198
bt 0.973583 0.148391 0.173538
t -0.226757 0.0219994 -0.973703
bt 0.995148 -0.0965822 0.0187871
t 0.0155659 -0.00151911 -0.999878
bt 0.917538 -0.0890485 -0.387548
t -0.173577 -0.0345688 -0.984213
bt 0.905356 0.116946 0.408234
t 0.100407 -0.0773556 -0.991935
bt 0.283195 -0.218108 0.933932
t 0.0161493 -0.00157601 -0.999868
bt 0.565474 -0.0548804 0.822938
t -0.0185913 -0.370883 -0.928494
bt 0.602295 0.246333 0.759316
t -0.0570313 -0.191242 -0.979885
bt 0.781702 0.148913 -0.605613
t -0.0120883 -0.572145 -0.820064
bt 0.807007 -0.403078 -0.431588
t 0.518391 -0.655547 -0.549116
bt 0.39621 -0.0862508 -0.9141
t -0.220965 -0.549315 -0.805871
bt 0.371939 0.0706051 -0.925568
t 0.495837 -0.779193 -0.383411
bt 0.693847 0.0368949 -0.719177
t -0.315262 -0.666077 0.675982
bt 0.120158 -0.0336781 0.992183
t -0.481719 -0.854278 0.195335
bt -0.047191 -0.0837111 0.995372
t 0.400105 -0.692798 0.599955
bt 0.0891556 -0.15439 0.983979
t 0.516296 -0.71001 0.478879
bt 0.370263 -0.0182824 0.928747
t 0.540943 -0.716857 0.439882
bt 0.69516 0.0241288 0.71845
t -0.0156032 -0.231949 0.972603
bt 0.913841 -0.287691 0.286582
t -0.0278831 -0.0813523 0.996295
bt 0.921512 0.208678 0.32752
t -0.0176013 -0.17898 0.983695
bt 0.815638 0.169249 0.553253
t -0.036756 -0.569718 0.821018
bt 0.883794 -0.337554 0.323985
t -0.0130022 -0.077731 -0.99689
bt 0.944933 0.221005 -0.241366
t -0.0134645 -0.0031826 -0.999904
bt 0.883657 0.20874 -0.419021
t 0.0143228 -0.0037771 -0.99989
bt 0.957897 -0.252179 -0.137258
t -0.0314041 -0.228292 -0.973086
bt 0.948053 -0.267962 -0.171443
t 0.350479 -0.606871 -0.713353
bt 0.194318 -0.33648 -0.921424
t -0.490506 -0.869857 -0.0524689
bt -0.324007 -0.574608 -0.751562
t 0.0136276 -0.00359408 0.999901
bt 0.959878 -0.2527 0.121559
t -0.00448765 -0.00106206 0.999989
bt 0.820036 0.193712 0.538531
t -0.0728694 -0.976679 0.201961
bt 0.269195 0.00510433 -0.963072
t -0.153922 -0.945431 -0.287173
bt 0.368462 0.0593241 -0.927748
t -0.0975838 -0.357842 -0.928669
bt 0.394019 0.316142 -0.86302
t -0.0526618 -0.386471 -0.920797
bt 0.603827 -0.199971 -0.771625
t 0.0552023 -0.725121 -0.686405
bt 0.743602 -0.335825 -0.578167
t -0.0580988 0.00621922 0.998291
bt 0.352898 0.0559721 0.933986
t -0.0109795 -0.359 0.933273
bt 0.475881 -0.245752 0.844478
t -0.0665187 -0.900533 0.429669
bt 0.365325 0.0414212 0.929958
t -0.121815 -0.876712 -0.465336
bt 0.253605 0.00168898 0.967306
t -0.0364103 -0.611773 -0.790195
bt 0.139072 -0.0250897 0.989964
t 0.0379897 -0.249377 0.967661
bt 0.00351677 -0.0230952 -0.999727
t -0.0677456 -0.442413 0.894249
bt 0.13331 -0.0108696 -0.991015
t -0.190582 -0.0366227 -0.980988
bt 0.844436 0.0969297 -0.526813
t -0.192356 -0.245743 -0.950058
bt 0.540746 0.638114 -0.548092
t 0.0876996 -0.717421 0.691098
bt 0.727129 -0.353535 0.58847
t 0.0366919 -0.240858 -0.969867
bt 0.00268997 -0.0176676 0.99984
t -0.100453 -0.371983 -0.922788
bt 0.312931 0.194988 0.929545

