g sponza_208
t 0 -0.857471 -0.514532
bt 0 -0.51527 0.857028
t 0 -0.85333 -0.521372
bt 0 -0.498691 0.86678
t 0 -0.858733 -0.512423
bt 0 -0.513798 0.857911
t 0 -0.85847 -0.512863
bt 0 -0.513138 0.858306
t 0 -0.860994 -0.508616
bt 0 -0.511635 0.859203
t 0 -0.860706 -0.509102
bt 0 -0.50967 0.86037
t 0 -0.860685 -0.509138
bt 0 -0.511793 0.859109
t 0 -0.860662 -0.509177
bt 0 -0.510477 0.859891
t 0 -0.858235 -0.513257
bt 0 -0.508245 0.861213
t 0 -0.858235 -0.513257
bt 0 -0.508245 0.861213
t 0 -0.859701 -0.510797
bt 0 -0.510474 0.859893
t 0 -0.859645 -0.510892
bt 0 -0.510769 0.859718
t 0 -0.858681 -0.512511
bt 0 -0.509541 0.860446
t 0 -0.859871 -0.510511
bt 0 -0.509588 0.860418
t -0.999999 0.00111315 0.000569084
bt 0.00188084 0.890389 0.455196
t -0.999998 0.00182684 0.000933938
bt 0.00483255 0.89038 0.455192
t -0.999998 0.0018816 8.92802e-05
bt 0 0.998876 0.0473958
t -0.999998 0.0018816 8.92802e-05
bt 0 0.998876 0.0473958
t -1 0 0
bt 0.00548421 0.758291 0.651893
t -1 0 0
bt 0.00548421 0.758291 0.651893
t -1 0 0
bt 0 -0.654477 -0.756082
t -0.999998 -0.00187953 -0.00119584
bt 0 -0.843707 -0.536804
t -1 0 0
bt 0 -0.843707 -0.536804
t -1 0 0
bt 0.00236451 -0.654475 -0.75608
t -1 0.000570981 -0.000225268
bt 0 0.930217 -0.36701
t -0.999998 0.00194628 -0.000767892
bt 0 0.930217 -0.36701
t -1 0 0
bt 0 0.621734 -0.783229
t -1 0 0
bt 0 0.621734 -0.783229
t -1 0 0
bt 0 0.885204 -0.465202
t -0.999998 0.00187249 -0.00098405
bt 0.0015949 0.885203 -0.465202
t -1 0 0
bt 0 0.885204 -0.465202
t -1 0 0
bt 0 0.885204 -0.465202
t -0.999998 -0.00104128 -0.00186686
bt 0.00393504 -0.487116 -0.873329
t -1 0 0
bt 0 -0.48712 -0.873335
t -0.999998 -0.00104128 -0.00186686
bt 0.00393504 -0.487116 -0.873329
t -0.999998 -0.00104128 -0.00186686
bt 0.00393504 -0.487116 -0.873329
t 0 0.143392 0.989666
bt 0 -0.986915 0.161243
t 0 0.139708 0.990193
bt 0 -0.99062 0.136649
t 0 0.141979 0.98987
bt 0 -0.987884 0.155195
t 0 0.143392 0.989666
bt 0 -0.986915 0.161243
t 0 0.138978 0.990295
bt 0 -0.990419 0.138093
t 0 0.138382 0.990379
bt 0 -0.990545 0.13719
t 0 0.138667 0.990339
bt 0 -0.990367 0.138465
t 0 0.139223 0.990261
bt 0 -0.990511 0.137435
t 0 0.139734 0.990189
bt 0 -0.990579 0.136946
t 0 0.139734 0.990189
bt 0 -0.990579 0.136946
t 0 0.138102 0.990418
bt 0 -0.990069 0.140583
t 0 0.138439 0.990371
bt 0 -0.99039 0.1383
t 0 0.13712 0.990554
bt 0 -0.990268 0.139174
t 0 0.13712 0.990554
bt 0 -0.990268 0.139174
t -0.999998 0.00036023 -0.00186142
bt 0 0.189999 -0.981784
t -1 0 0
bt 0.00231693 -0.209901 -0.97772
t -0.999999 -0.000258063 -0.0012021
bt 0.00231693 -0.209901 -0.97772
t -0.999999 0.000234577 -0.0012121
bt 0 0.189999 -0.981784

