g sponza_367
t 0.478485 -0.450337 -0.753823
bt 0.809854 0.51054 0.288939
t 0.471805 -0.431816 -0.768723
bt 0.831554 0.00714841 0.555397
t 0.481176 -0.459447 -0.746578
bt 0.82231 -0.0193684 0.568709
t 0.481737 -0.471663 -0.738555
bt 0.819686 0.496986 0.284816
t 0.470647 -0.405749 -0.783491
bt 0.796915 0.51669 0.312982
t 0.486084 -0.419975 -0.766383
bt 0.815651 -0.0636283 0.575034
t 0.480685 -0.414876 -0.772541
bt 0.5773 -0.529673 0.621426
t 0.477992 -0.44069 -0.759814
bt 0.565958 -0.529739 0.631719
t 0.452396 -0.398641 -0.797761
bt 0.575514 -0.555763 0.599927
t 0.220715 -0.280087 -0.934257
bt 0.997293 -0.0508885 0.0530768
t 0.230325 -0.256256 -0.938767
bt 0.832784 0.542529 0.110152
t 0.0785826 0.0148813 -0.996797
bt 0.917534 0.396299 -0.0328473
t 0.081881 -0.0460458 -0.995578
bt 0.994805 -0.101184 -0.0111661
t -0.161786 0.220095 -0.961969
bt 0.993038 0.0124773 -0.117136
t -0.166742 0.256961 -0.951929
bt 0.862605 0.499308 -0.0812668
t 0.228342 -0.361464 -0.903993
bt 0.823704 -0.56691 -0.0111841
t 0.08239 -0.175833 -0.980966
bt 0.824862 -0.5652 -0.0123318
t -0.178889 0.180791 -0.967116
bt 0.851574 -0.523177 -0.0332682
t -0.985498 0.00677642 0.16955
bt -0.0434077 -0.391169 -0.919295
t -0.988632 -0.0255553 0.148169
bt 0.0378532 -0.173586 -0.984091
t -0.910428 0.410993 -0.0469689
bt 0.0150522 -0.166613 -0.985907
t -0.889391 0.454555 -0.0486076
bt -0.0614164 -0.350669 -0.934483
t -0.597711 0.752123 -0.277583
bt -0.144745 -0.315946 -0.937671
t -0.516542 0.785914 -0.339889
bt 0.0490241 0.0257639 -0.998465
t -0.905505 0.424279 -0.00694816
bt -0.18325 -0.590298 -0.786109
t -0.946535 -0.226763 0.229455
bt -0.190854 -0.683584 -0.704477
t -0.459948 0.85117 -0.252898
bt -0.223689 -0.730318 -0.645445
t -0.327122 -0.182424 -0.927207
bt 0.944289 0.21163 -0.252056
t -0.306734 -0.195979 -0.9314
bt 0.882371 0.437112 -0.174223
t -0.352663 0.308508 -0.883432
bt 0.874738 0.443839 -0.194523
t -0.368739 0.336988 -0.866297
bt 0.927784 0.252426 -0.27477
t -0.240675 0.750262 -0.615778
bt 0.898434 0.275259 -0.342124
t -0.196565 0.816201 -0.543303
bt 0.785769 0.598606 -0.155687
t -0.383082 0.274496 -0.881986
bt 0.924321 -0.0426702 -0.379222
t -0.26741 -0.406516 -0.873634
bt 0.907514 -0.181366 -0.378847
t -0.289951 0.832398 -0.472273
bt 0.876467 -0.263791 -0.402766
t -0.359891 0.0491431 -0.931699
bt 0.95513 -0.0591656 -0.290217
t -0.324232 0.0453978 -0.944888
bt 0.919558 -0.27602 -0.279691
t -0.321193 0.173729 -0.930942
bt 0.888144 0.340252 -0.308915
t -0.340038 0.206347 -0.917494
bt 0.790422 0.571523 -0.220442
t -0.286768 0.0408262 -0.95713
bt 0.849928 0.50011 -0.16587
t -0.32301 0.0560289 -0.944736
bt 0.965628 -0.0829418 -0.246341
t -0.339922 -0.0471568 -0.939271
bt 0.73781 -0.613301 -0.281954
t -0.32314 0.136703 -0.936426
bt 0.772425 -0.581661 -0.255012
t -0.386449 -0.0744047 -0.919305
bt 0.802551 -0.540299 -0.25296
t -0.616305 0.267939 -0.740525
bt 0.646448 0.684168 -0.337668
t -0.619321 0.278587 -0.734051
bt 0.787749 0.195404 -0.584182
t -0.607791 0.261466 -0.749817
bt 0.780914 0.158069 -0.604308
t -0.604278 0.248391 -0.757067
bt 0.650622 0.67719 -0.343664
t -0.627594 0.311913 -0.713327
bt 0.672858 0.66997 -0.313691
t -0.609277 0.319055 -0.725938
bt 0.757178 0.144304 -0.63707
t -0.607175 0.277088 -0.744689
bt 0.670569 0.674266 -0.309358
t -0.608718 0.286828 -0.739724
bt 0.648524 -0.401805 -0.646506
t -0.614837 0.279429 -0.737492
bt 0.658989 -0.403623 -0.634683
t -0.63211 0.336032 -0.698226
bt 0.64089 -0.439253 -0.629538
t -0.844504 0.103524 0.525448
bt -0.592984 -0.0738903 -0.801817
t -0.88683 0.318667 0.33464
bt -0.249353 0.120098 -0.960937
t -0.828337 0.214221 0.517656
bt -0.526359 0.531018 -0.664053
t -0.860597 0.0418594 0.507563
bt -0.570195 -0.00448241 -0.821497
t -0.893913 0.154046 0.420938
bt -0.656934 0.0784513 -0.749855
t -0.78082 0.514433 0.354512
bt -0.451284 0.733621 -0.508077
t -0.855104 0.0653945 0.514315
bt -0.443692 -0.523207 -0.727593
t -0.836086 0.0323636 0.547642
bt -0.38361 -0.533688 -0.753671
t -0.890718 0.036269 0.453106
bt -0.449464 -0.540705 -0.71107
t -0.985309 -0.169165 0.0234416
bt 0.0707594 0.114311 -0.990922
t -0.98278 -0.184773 0.00179884
bt 0.127174 0.348022 -0.928821
t -0.94684 0.321128 0.0192733
bt 0.105146 0.354484 -0.929132
t -0.934897 0.352918 0.0376303
bt 0.0446213 0.156498 -0.98667
t -0.652546 0.757141 -0.030357
bt -0.0311343 0.181831 -0.982837
t -0.569362 0.820235 -0.0551587
bt 0.115024 0.521179 -0.845661
t -0.954655 0.292909 0.0532802
bt -0.0587009 -0.140468 -0.988343
t -0.917677 -0.397328 -2.92583e-06
bt -0.064701 -0.276101 -0.958948
t -0.531451 0.845343 0.0543547
bt -0.0979404 -0.354799 -0.929799
t -0.050393 0.253197 -0.966101
bt 0.38419 0.915553 0.119
t -0.283458 -0.0448444 -0.957936
bt 0.251804 0.959038 0.129776
t -0.130196 0.232955 -0.963733
bt 0.609208 0.79201 -0.0398329
t 0.0977364 0.195921 -0.975737
bt 0.791564 0.60844 -0.0568093
t -0.248583 0.1157 -0.961676
bt 0.251041 0.95966 0.126617
t -0.256131 0.157097 -0.953791
bt 0.0894562 0.898083 -0.430632
t -0.269651 0.111359 -0.956497
bt 0.602945 0.797697 -0.0116531
t 0.303515 0.179076 -0.935847
bt 0.889992 0.34023 -0.303574
t 0.394091 -0.12827 -0.910077
bt 0.943316 0.113695 -0.311814
t -0.185382 0.118964 -0.975439
bt 0.860352 0.441023 -0.255526
t -0.150183 0.0213838 -0.988427
bt 0.901597 0.341521 -0.265492
t -0.00429227 -0.232064 -0.972691
bt 0.992708 -0.120361 -0.00656458
t -0.0360538 -0.323743 -0.945458
bt 0.920815 0.38844 -0.0348571
t -0.0305492 0.0113445 -0.999469
bt 0.945621 0.319458 -0.0612103
t -0.0371061 0.0063422 -0.999291
bt 0.988727 -0.147532 -0.025553
t -0.0676432 0.220531 -0.973031
bt 0.98795 -0.110716 -0.108153
t -0.0438076 0.3272 -0.943939
bt 0.922961 0.377304 -0.076057
t 0.0856969 -0.0898047 -0.992266
bt 0.847098 -0.531 0.0215397
t -0.0395109 -0.140257 -0.989327
bt 0.852117 -0.522883 0.0221325
t -0.133691 0.0480347 -0.989858
bt 0.847004 -0.531575 0.00362395
t -0.10067 0.100137 -0.989868
bt 0.885858 -0.463955 0.00121712
t -0.9276 -0.278175 0.249355
bt -0.337722 0.292616 -0.894606
t -0.895626 -0.375793 0.237979
bt -0.298446 0.714731 -0.632526
t -0.929163 -0.0697434 0.363031
bt -0.335346 0.664699 -0.667621
t -0.926272 -0.0753909 0.369237
bt -0.355918 0.257608 -0.89831
t -0.884358 0.109869 0.453696
bt -0.424752 0.290647 -0.857385
t -0.85808 0.223451 0.46235
bt -0.337378 0.703741 -0.62524
t -0.944777 -0.10025 0.312005
bt -0.307604 -0.139221 -0.941275
t -0.924922 -0.211243 0.316062
bt -0.302307 -0.127641 -0.944626
t -0.893021 -0.0151009 0.449762
bt -0.328364 -0.0580675 -0.942765
t -0.985412 -0.168563 0.0234466
bt 0.0707978 0.114263 -0.990925
t -0.982879 -0.184242 0.00179285
bt 0.127315 0.347946 -0.92883
t -0.946693 0.321563 0.0192385
bt 0.105303 0.354424 -0.929137
t -0.934705 0.353427 0.0376311
bt 0.0446855 0.156483 -0.986669
t -0.652229 0.757414 -0.0303613
bt -0.0310597 0.181834 -0.982839
t -0.569022 0.820468 -0.0551874
bt 0.115257 0.521117 -0.845667
t -0.954506 0.293395 0.0532785
bt -0.0587813 -0.140435 -0.988343
t -0.917896 -0.396821 -4.62388e-06
bt -0.0648175 -0.276055 -0.958954
t -0.531016 0.845617 0.0543388
bt -0.0981129 -0.354749 -0.929799
t 0.0736254 -0.215073 -0.973819
bt 0.956834 0.290568 -0.00615028
t 0.0737776 -0.31571 -0.945983
bt 0.696469 0.716807 -0.033441
t -0.0334505 -0.00358519 -0.999434
bt 0.741642 0.668203 -0.0589143
t -0.0392919 -0.0106924 -0.999171
bt 0.965899 0.25781 -0.0239407
t -0.132906 0.174767 -0.975599
bt 0.949254 0.297427 -0.102246
t -0.149392 0.285975 -0.94652
bt 0.702321 0.708103 -0.0730371
t 0.0205985 -0.034479 -0.999193
bt 0.989714 -0.142153 0.0160746
t 0.00978013 -0.14668 -0.989136
bt 0.991124 -0.130983 0.0227528
t -0.126676 0.0507062 -0.990647
bt 0.998203 -0.0599084 0.0012461
t 0.422492 0.103497 -0.900438
bt 0.933857 -0.0739029 0.349927
t 0.561869 0.318591 -0.763416
bt 0.732173 0.120119 0.670443
t 0.413224 0.214143 -0.885092
bt 0.803007 0.530985 0.270618
t 0.445722 0.0419145 -0.89419
bt 0.925455 -0.00448683 0.378832
t 0.520815 0.15405 -0.839655
bt 0.95923 0.0784336 0.271527
t 0.462106 0.514425 -0.722375
bt 0.655113 0.733622 0.180627
t 0.437475 0.0654534 -0.896845
bt 0.768202 -0.523235 0.368906
t 0.403371 0.0323534 -0.914464
bt 0.732019 -0.533683 0.423474
t 0.500614 0.0362496 -0.864911
bt 0.764073 -0.540694 0.351913
t -0.073668 0.0383033 -0.996547
bt 0.9975 -0.0641106 0.0297219
t -0.00547208 0.0429112 -0.999064
bt 0.968598 -0.247491 -0.0237766
t -0.137746 -0.542505 -0.828682
bt 0.962531 -0.267113 0.0467368
t -0.15956 -0.57093 -0.805344
bt 0.999 0.000513127 0.0446976
t 0.193887 0.717929 -0.66857
bt 0.973637 0.221067 0.0562212
t 0.139872 0.556382 -0.81907
bt 0.97265 -0.231253 -0.0217785
t 0.090406 -0.129752 -0.987416
bt 0.884119 -0.466462 -0.0273303
t -0.177416 -0.745596 -0.642348
bt 0.738433 -0.674326 0.000753463
t 0.146247 0.65948 -0.737359
bt 0.794308 -0.603324 -0.0712455
t -0.917257 0.197682 -0.345776
bt 0.40226 0.021214 -0.91528
t -0.86556 0.4219 -0.269828
bt 0.481659 0.0710674 -0.873473
t -0.808049 0.535694 -0.245131
bt 0.451209 0.231315 -0.861919
t -0.800968 0.545485 -0.246772
bt 0.355282 0.0831147 -0.931057
t -0.621391 0.750956 -0.223469
bt 0.305671 0.125505 -0.943829
t -0.691071 0.652762 -0.31036
bt 0.304337 0.157973 -0.939374
t -0.831012 0.458626 -0.314773
bt 0.155201 -0.106173 -0.982161
t -0.942084 0.158376 -0.295627
bt 0.0928877 -0.137939 -0.986075
t -0.742389 0.648226 -0.169299
bt 0.311007 0.0636849 -0.948272
t -0.993532 0.110347 0.0267869
bt 0.105957 0.601086 -0.792129
t -0.994008 0.0998356 0.0445056
bt 0.0195813 0.395227 -0.918375
t -0.952392 -0.285538 -0.106848
bt 0.0576339 0.344499 -0.937016
t -0.996578 -0.0641684 -0.0521112
bt 0.0840145 0.461339 -0.883237
t -0.923092 0.366605 0.116195
bt 0.0123154 0.603699 -0.797117
t -0.910741 0.38065 0.160173
bt 0.010154 0.435495 -0.900134
t -0.999586 -0.0275202 0.00839757
bt -0.0180897 0.104044 -0.994408
t -0.896914 -0.428054 -0.110974
bt 0.0349173 0.000437855 -0.99939
t -0.966751 0.240312 0.0874213
bt -0.0140664 0.314418 -0.94918
t 0.0323858 -0.488385 -0.872027
bt 0.989606 -0.125488 0.0702281
t -0.0012878 -0.565493 -0.824752
bt 0.929675 0.359996 -0.0781458
t 0.0122256 -0.265537 -0.964023
bt 0.954504 0.284902 -0.0880468
t 0.00508427 -0.267311 -0.963597
bt 0.986132 -0.156168 0.0561676
t -0.0231135 -0.0594416 -0.997964
bt 0.989717 -0.141369 -0.0217779
t 0.00127531 0.052125 -0.99864
bt 0.934103 0.337762 -0.115624
t 0.0509774 -0.320969 -0.945717
bt 0.838211 -0.517721 0.171369
t -2.34213e-05 -0.407399 -0.91325
bt 0.843454 -0.507527 0.176073
t -0.0570819 -0.180311 -0.981952
bt 0.878196 -0.456067 0.144135
t 0.239921 -0.00768019 0.970762
bt 0.958352 -0.171961 -0.228016
t 0.221137 -0.0264348 0.974885
bt 0.946759 -0.195409 -0.255858
t 0.23275 -0.0144968 0.972429
bt 0.776234 -0.591257 -0.218804
t 0.245992 0.00158581 0.96927
bt 0.784601 -0.584774 -0.206012
t 0.228347 -0.0368104 0.972884
bt 0.962075 -0.134507 -0.23732
t 0.206075 -0.0465532 0.977428
bt 0.772323 -0.585379 -0.246676
t 0.22718 -0.0205524 0.973636
bt 0.937669 0.262874 -0.227321
t 0.21544 -0.0412909 0.975644
bt 0.948501 0.254949 -0.188006
t 0.236525 -0.0270216 0.97125
bt 0.934393 0.275022 -0.226433
t 0.0736315 -0.215071 -0.973819
bt 0.956835 0.290567 -0.0061548
t 0.0737823 -0.315705 -0.945984
bt 0.696469 0.716808 -0.0334398
t -0.0334466 -0.00358167 -0.999434
bt 0.741642 0.668203 -0.0589236
t -0.0392881 -0.0106914 -0.999171
bt 0.965899 0.25781 -0.0239449
t -0.132898 0.174769 -0.975599
bt 0.949254 0.297427 -0.102246
t -0.149406 0.285998 -0.946511
bt 0.702275 0.708152 -0.0730151
t 0.020607 -0.0344802 -0.999193
bt 0.989714 -0.142152 0.0160823
t 0.00975945 -0.146677 -0.989136
bt 0.991124 -0.130983 0.0227529
t -0.126664 0.0507056 -0.990649
bt 0.998203 -0.0599084 0.0012461
t 0.797058 -0.242353 0.55314
bt -0.571995 -0.328274 0.751703
t 0.803204 -0.324393 0.499633
bt -0.567755 0.179821 0.803318
t 0.809641 0.00235138 0.58692
bt -0.55321 0.104786 0.826425
t 0.814159 -0.0014531 0.58064
bt -0.552272 -0.350288 0.756501
t 0.792085 0.217581 0.570315
bt -0.490108 -0.319731 0.810905
t 0.744847 0.315809 0.587765
bt -0.534595 0.167518 0.828339
t 0.789301 -0.0627278 0.610794
bt -0.458079 -0.691029 0.559145
t 0.822431 -0.144414 0.550229
bt -0.46672 -0.684586 0.559924
t 0.83643 0.104726 0.537975
bt -0.476214 -0.636254 0.606961
t 0.0736225 -0.215074 -0.973819
bt 0.956834 0.29057 -0.00614288
t 0.0737809 -0.315706 -0.945984
bt 0.69647 0.716807 -0.0334447
t -0.033453 -0.00358749 -0.999434
bt 0.741643 0.668203 -0.0589061
t -0.0392891 -0.0106916 -0.999171
bt 0.965899 0.25781 -0.0239318
t -0.132904 0.174767 -0.975599
bt 0.949254 0.297427 -0.102249
t -0.149409 0.285996 -0.946511
bt 0.702273 0.708153 -0.0730189
t 0.0206029 -0.0344796 -0.999193
bt 0.989714 -0.142153 0.0160758
t 0.00976647 -0.146678 -0.989136
bt 0.991123 -0.130981 0.0227649
t -0.126664 0.0507056 -0.990649
bt 0.998203 -0.0599084 0.00124608
t -0.0104166 0.022141 -0.999701
bt 0.832048 0.554542 0.0134108
t -0.0185981 0.0333192 -0.999272
bt 0.999951 0.00939468 0.00325587
t -0.00329401 0.0105035 -0.999939
bt 0.999547 -0.0299775 -0.00249777
t 0.00163853 -0.00394532 -0.999991
bt 0.837668 0.546179 -1.20141e-07
t -0.0327843 0.0718133 -0.996879
bt 0.835567 0.548013 0.0388425
t -0.00961359 0.0747463 -0.997156
bt 0.997443 -0.0603034 -0.0383515
t -0.0056166 0.0386459 -0.999237
bt 0.811883 -0.583626 -0.0150473
t -0.0134302 0.032337 -0.999387
bt 0.813416 -0.581683 -3.80247e-07
t -0.0414352 0.100178 -0.994106
bt 0.79016 -0.6129 -6.46374e-07
t -0.740637 0.385254 0.550488
bt -0.487444 0.0629422 -0.870883
t -0.757306 0.372961 0.536086
bt -0.323753 0.235978 -0.916241
t -0.527015 0.75355 0.39296
bt -0.339185 0.251794 -0.906396
t -0.49658 0.774338 0.392185
bt -0.481862 0.113276 -0.868894
t -0.202137 0.973314 0.108628
bt -0.523702 0.170931 -0.834577
t -0.14287 0.989094 0.0358064
bt -0.223878 0.397202 -0.890005
t -0.529377 0.728298 0.435134
bt -0.661894 -0.0872427 -0.744504
t -0.806993 0.158162 0.568987
bt -0.698811 -0.206384 -0.684886
t -0.0477967 0.994047 0.0979091
bt -0.735761 -0.257909 -0.62621
t -0.211258 -0.0687509 0.97501
bt -0.848195 0.525626 -0.065445
t 0.0883423 -0.0940301 0.991642
bt -0.762647 0.646244 -0.0271684
t -0.158235 -0.0172198 0.987251
bt -0.98394 0.178486 -0.00216131
t -0.297807 -0.224586 0.927832
bt -0.990988 -0.108524 -0.0785195
t -0.0238852 0.0261523 0.999373
bt -0.670118 0.542872 0.506193
t 0.0145087 -0.00375068 0.999888
bt -0.978624 0.204778 -0.0189994
t -0.313006 -0.344578 0.885039
bt -0.861211 -0.503241 0.0711532
t -0.256001 -0.685159 0.681924
bt -0.705913 -0.707269 0.0381842
t -0.0505924 -0.0713134 0.99617
bt -0.920232 -0.385367 0.068307
t 0.98661 -0.154023 0.0536443
bt -0.0259347 0.332836 0.942628
t 0.946245 -0.318623 0.0556759
bt 0.0550575 0.0357436 0.997843
t 0.885584 -0.46375 -0.0259987
bt -0.0768355 -0.0807216 0.993771
t 1 0 0
bt -0.123654 -0.117487 0.985346
t 0.999786 -0.0179528 0.0103067
bt 0.0636286 0.495732 0.866141
t 0.988434 -0.0602437 -0.139174
bt -0.00206148 0.250099 0.968218
t 0.812736 -0.582231 0.021618
bt -0.105129 -0.42489 0.89912
t 0.698695 -0.71542 -8.40275e-06
bt -0.195827 -0.40841 0.891546
t 0.975478 -0.212385 0.0577534
bt 0.0894283 -0.297503 0.950523
t 0.908876 0.131343 -0.395845
bt 0.0763615 0.0771608 0.99409
t 0.987231 0.142363 -0.0714741
bt 0.214445 -0.064954 0.974574
t 0.929698 0.140416 -0.340506
bt 0.200656 -0.187193 0.961611
t 0.865015 0.163085 -0.474503
bt 0.0777686 -0.00434966 0.996962
t 0.961718 0.19149 -0.196034
bt 0.679324 0.203986 0.704917
t 0.953611 0.186365 -0.236421
bt 0.169603 -0.0750006 0.982654
t 0.993841 0.0702334 -0.0857215
bt 0.393791 -0.325436 0.859663
t 0.984697 -0.145596 -0.0957785
bt 0.406833 -0.493464 0.768753
t 0.967122 0.160145 -0.197558
bt 0.362568 -0.273948 0.890784
t -0.0734151 0.0492791 0.996083
bt -0.702152 0.698483 -0.138217
t -0.0853162 0.0716655 0.993773
bt -0.822317 0.55017 -0.145285
t 0.0015279 0.166416 0.986055
bt -0.383361 0.920352 -0.0773683
t 0.0321059 0.161256 0.98639
bt -0.178371 0.979141 -0.0972958
t -0.122436 0.0961712 0.987806
bt -0.233457 0.957665 -0.168454
t -0.0862524 0.0803757 0.993026
bt -0.696362 0.695206 -0.178238
t -0.139403 -0.00684711 0.990212
bt -0.97044 0.221842 -0.0950429
t -0.0296919 0.132976 0.990674
bt -0.955844 0.262129 -0.132853
t -0.138578 -0.0594846 0.988563
bt -0.939058 0.31239 -0.143465
t -0.93019 -0.367052 -0.00430926
bt -0.0410076 0.365136 -0.930051
t -0.937605 -0.347354 0.0155445
bt -0.0142287 0.105564 -0.994311
t -0.705262 -0.708559 -0.0234267
bt 0.0398577 0.057183 -0.997568
t -0.843867 -0.535548 -0.0328257
bt 0.0123341 0.196294 -0.980467
t -0.996745 -0.0781685 0.0197356
bt -0.120427 0.320779 -0.939467
t -0.996877 -0.04719 0.0633248
bt -0.0392769 0.127804 -0.991021
t -0.875583 -0.482933 0.0114298
bt 0.0618071 -0.211952 -0.975324
t -0.598099 -0.801422 0.000784031
bt 0.154956 -0.278754 -0.947779
t -0.974976 -0.221055 0.0236079
bt -0.012829 -0.0069087 -0.999894
t 0.612967 -0.712694 0.341085
bt 0.226632 -0.30507 -0.92497
t 0.792188 -0.469101 0.390362
bt 0.168372 -0.346863 -0.922679
t 0.767282 -0.53817 0.348785
bt 0.463964 0.030864 -0.885316
t 0.615231 -0.715094 0.33186
bt 0.492515 0.050918 -0.868813
t 0.455436 -0.831802 0.317308
bt 0.507694 -0.00804366 -0.8615
t 0.402456 -0.882897 0.241912
bt 0.202788 -0.368969 -0.907049
t 0.706116 -0.600968 0.374483
bt 0.62724 0.396017 -0.670626
t 0.626238 -0.713837 0.31347
bt 0.631739 0.389435 -0.670258
t 0.534336 -0.767942 0.3532
bt 0.612592 0.317231 -0.723945
t 0.800091 0.0953749 -0.592249
bt 0.533229 0.443919 0.720141
t 0.813426 -0.010027 -0.581581
bt 0.265664 0.809494 0.523585
t 0.681761 0.281537 -0.675232
bt 0.32322 0.778453 0.538089
t 0.685078 0.267397 -0.677618
bt 0.556525 0.425358 0.713688
t 0.553214 0.419851 -0.719499
bt 0.584235 0.490114 0.646883
t 0.490667 0.510044 -0.70647
bt 0.298698 0.812186 0.501131
t 0.725681 0.260136 -0.636959
bt 0.655485 0.0472922 0.753726
t 0.7489 0.151237 -0.645195
bt 0.648242 0.0566679 0.759323
t 0.603952 0.310454 -0.734071
bt 0.646823 0.131606 0.751199
t 0.221869 -0.12931 -0.966464
bt 0.997372 -0.0579083 0.043543
t 0.231629 -0.105065 -0.967114
bt 0.834959 0.520901 0.177499
t 0.079179 0.172521 -0.981818
bt 0.917455 0.39746 0.0173481
t 0.0828929 0.109621 -0.990511
bt 0.994757 -0.0987321 -0.026639
t -0.160166 0.367435 -0.916154
bt 0.992316 0.0325934 -0.119355
t -0.164997 0.401428 -0.900906
bt 0.861908 0.506749 -0.0179022
t 0.230449 -0.216193 -0.948764
bt 0.824412 -0.55996 -0.0823967
t 0.0856337 -0.0191788 -0.996142
bt 0.825584 -0.558117 -0.0831602
t -0.176831 0.329945 -0.92729
bt 0.852708 -0.512703 -0.10012
t -0.963756 -0.262975 -0.0449241
bt 0.0966596 0.0430561 -0.994386
t -0.997251 -0.0740305 0.00312883
bt -0.0544231 0.141134 -0.988494
t -0.997983 0.0596253 0.0217859
bt 0.0718054 0.263469 -0.961992
t -0.995146 0.0979823 0.0091403
bt 0.0209244 0.0815171 -0.996452
t -0.941647 0.33529 0.0296855
bt -0.0414502 0.103561 -0.993759
t -0.980241 0.19726 -0.0146661
bt -0.0515425 0.135529 -0.989432
t -0.999469 -0.00338681 -0.0324
bt -0.0993577 -0.178472 -0.978916
t -0.940659 -0.338739 -0.0204242
bt 0.11983 -0.217801 -0.968609
t -0.978597 0.189286 0.0807445
bt -0.0135898 0.0604807 -0.998077
t -0.201626 -0.526686 -0.825802
bt 0.827829 -0.531345 0.179924
t -0.163569 -0.552798 -0.817104
bt 0.676238 -0.678386 0.287218
t -0.137011 -0.457822 -0.878423
bt 0.959936 -0.279189 -0.0240108
t -0.120222 -0.424131 -0.897585
bt 0.988668 -0.0383941 -0.145125
t -0.141535 -0.572393 -0.807672
bt 0.996072 -0.0742387 -0.0482602
t -0.159642 -0.545178 -0.82298
bt 0.826696 -0.514264 0.22827
t -0.208283 -0.599675 -0.772663
bt 0.398962 -0.842193 0.362685
t -0.129263 -0.49131 -0.861339
bt 0.438672 -0.814096 0.380545
t -0.264783 -0.596087 -0.758004
bt 0.480429 -0.793079 0.374452
t 0.982073 -0.178336 -0.0610723
bt 0.122929 0.618027 0.776486
t 0.982116 -0.171533 -0.0776227
bt 0.0909629 0.311967 0.945728
t 0.98166 -0.1822 -0.0560987
bt 0.0904736 0.296691 0.950678
t 0.98065 -0.1892 -0.0502906
bt 0.135933 0.611261 0.779668
t 0.984219 -0.156531 -0.0825305
bt 0.095488 0.619004 0.779561
t 0.984953 -0.162431 -0.0590221
bt 0.0875355 0.259664 0.961724
t 0.984405 -0.159065 -0.0751337
bt 0.0559337 -0.0486516 0.997248
t 0.982503 -0.174271 -0.0657128
bt 0.0382941 -0.0527893 0.997871
t 0.981404 -0.166287 -0.0958853
bt 0.085065 -0.0760586 0.993468
t -0.0507071 -0.0407631 -0.997881
bt 0.996188 0.0770948 -0.0408223
t -0.0528761 -0.0269278 -0.998238
bt 0.888362 -0.458905 -0.0148248
t -0.0496674 -0.0551437 -0.997242
bt 0.868394 -0.495552 -0.0179008
t -0.0508106 -0.0698744 -0.996261
bt 0.996396 0.0653679 -0.0540643
t -0.0501451 0.0156894 -0.998619
bt 0.997408 0.0705786 -0.0140164
t -0.0293646 0.00688937 -0.999545
bt 0.852702 -0.520093 -0.0490102
t -0.0402199 -0.0279118 -0.998801
bt 0.46717 -0.884133 0.00783453
t -0.0497977 -0.0298814 -0.998312
bt 0.470477 -0.882143 0.0218144
t -0.0478058 0.0451097 -0.997838
bt 0.439289 -0.898019 0.0242335
t -0.820008 -0.396989 0.412294
bt -0.388325 -0.224184 -0.893837
t -0.766827 -0.476561 0.429961
bt -0.475357 0.278031 -0.834706
t -0.880783 -0.161374 0.445174
bt -0.497751 0.201599 -0.843565
t -0.877093 -0.164466 0.451285
bt -0.400941 -0.250303 -0.881246
t -0.881986 0.0518193 0.468419
bt -0.474819 -0.229361 -0.849671
t -0.886852 0.159052 0.433816
bt -0.511619 0.259346 -0.819137
t -0.885421 -0.222934 0.407836
bt -0.24365 -0.605022 -0.758013
t -0.838181 -0.307744 0.450273
bt -0.241185 -0.596479 -0.765534
t -0.860228 -0.0675131 0.50542
bt -0.282959 -0.546397 -0.78828
t 0.972141 -0.171818 0.15944
bt -0.0366693 0.524815 0.850426
t 0.945466 -0.271343 0.180184
bt -0.0005672 0.860899 0.508775
t 0.999927 0.00432206 0.0112712
bt 0.0223243 0.827238 0.561409
t 0.999969 -0.00523301 0.00596892
bt -0.0207216 0.494952 0.868673
t 0.981028 0.149766 -0.123102
bt 0.0541066 0.531168 0.845537
t 0.953057 0.253293 -0.165907
bt 0.0376444 0.854749 0.517675
t 0.997813 -0.0118575 0.0650356
bt -0.0602705 0.1302 0.989654
t 0.988859 -0.123346 0.0833242
bt -0.0669802 0.141233 0.987708
t 0.99533 0.031417 -0.0912734
bt -0.0458834 0.211579 0.976283
t -0.360776 0.105706 0.926643
bt -0.807512 0.493847 -0.322553
t -0.382934 0.00123695 0.923775
bt -0.460141 0.837874 -0.293661
t -0.207595 0.282861 0.936426
bt -0.517358 0.810099 -0.275827
t -0.209867 0.268349 0.940183
bt -0.824401 0.47668 -0.305188
t -0.0691402 0.413285 0.907973
bt -0.808559 0.539708 -0.234409
t -0.0184881 0.50125 0.865105
bt -0.475967 0.840978 -0.257315
t -0.265247 0.264219 0.927271
bt -0.950243 0.108896 -0.291857
t -0.286886 0.156574 0.945083
bt -0.946494 0.118164 -0.300309
t -0.10953 0.30545 0.945888
bt -0.936529 0.192325 -0.293127
t 0.500979 -0.45595 -0.735615
bt 0.800959 0.0978949 0.590662
t 0.495788 -0.238255 -0.835122
bt 0.772454 0.1849 0.607558
t 0.502635 -0.105975 -0.857979
bt 0.803479 0.296195 0.51642
t 0.503011 -0.060818 -0.862137
bt 0.847106 0.105839 0.520778
t 0.522972 0.212279 -0.825493
bt 0.881389 0.107874 0.459909
t 0.589272 0.0562654 -0.805973
bt 0.885863 0.135738 0.443645
t 0.544658 -0.187693 -0.817386
bt 0.877101 -0.175632 0.447042
t 0.445864 -0.491706 -0.747951
bt 0.879399 -0.244843 0.408301
t 0.45573 0.0476873 -0.88884
bt 0.868303 0.0606005 0.492318
t -0.985309 -0.169165 0.0234387
bt 0.0707672 0.114312 -0.990921
t -0.982779 -0.184774 0.00179972
bt 0.127159 0.34802 -0.928823
t -0.94684 0.321127 0.0192771
bt 0.105152 0.354481 -0.929132
t -0.934897 0.352919 0.0376289
bt 0.0446268 0.156496 -0.98667
t -0.652547 0.757141 -0.0303514
bt -0.0311369 0.181834 -0.982836
t -0.569368 0.820231 -0.0551443
bt 0.115018 0.521185 -0.845658
t -0.954655 0.292909 0.0532737
bt -0.0587024 -0.140468 -0.988343
t -0.917677 -0.397328 -2.19435e-06
bt -0.0647011 -0.276101 -0.958948
t -0.531455 0.845342 0.0543441
bt -0.097936 -0.354805 -0.929797
t -0.0611774 -0.168584 0.983787
bt -0.981197 0.114234 -0.155573
t -0.0825144 -0.18425 0.97941
bt -0.914478 0.347947 -0.206549
t -0.062045 0.321583 0.944846
bt -0.916661 0.354453 -0.18465
t -0.0427006 0.353439 0.934483
bt -0.979203 0.156447 -0.129171
t -0.0862109 0.757404 0.64723
bt -0.981892 0.181785 -0.0533181
t -0.103808 0.820485 0.562164
bt -0.832682 0.521093 -0.187359
t -0.0288159 0.293441 0.955543
bt -0.98974 -0.140454 -0.0262372
t -0.0787419 -0.396857 0.914497
bt -0.960972 -0.276081 -0.0176923
t 0.00858295 0.845609 0.533733
bt -0.934787 -0.354754 0.0179687
t -0.859142 0.0671318 0.507315
bt -0.506693 -0.1861 -0.841801
t -0.804229 0.230335 0.547869
bt -0.461662 -0.00708539 -0.887028
t -0.844243 0.0126465 0.535811
bt -0.48046 0.233809 -0.845276
t -0.851041 -0.0478728 0.522913
bt -0.478433 -0.0867787 -0.873825
t -0.865474 -0.0166824 0.500675
bt -0.409438 0.267452 -0.872256
t -0.856914 -0.00240479 0.515453
bt -0.439903 -0.11941 -0.890071
t -0.835937 -0.0616733 0.545349
bt -0.445671 -0.497901 -0.743957
t -0.857086 0.0476592 0.512965
bt -0.421417 -0.465944 -0.778013
t -0.831712 -0.0903251 0.547811
bt -0.431958 -0.426841 -0.794493
t -0.85166 -0.0797625 0.517989
bt -0.449286 -0.498166 -0.741601
t 0.740958 -0.66594 -0.0866333
bt -0.162513 -0.301334 0.939568
t 0.968553 -0.241291 -0.0606921
bt -0.141891 -0.377229 0.915186
t 0.913526 -0.396436 -0.0911573
bt 0.0892086 0.0135111 0.995921
t 0.845574 -0.524618 -0.0988921
bt 0.0485323 -0.261115 0.964087
t 0.929526 -0.292723 -0.224266
bt 0.0997976 0.205982 0.973454
t 0.945166 -0.253798 -0.205545
bt 0.0451563 -0.0549168 0.997469
t 0.658524 -0.734384 -0.164399
bt -0.183202 -0.632471 0.752607
t 0.527869 -0.823672 -0.207171
bt -0.266416 -0.596275 0.757284
t 0.892267 -0.448914 -0.0483225
bt 0.0314849 -0.578095 0.815362
t 0.429184 -0.886338 0.173801
bt -0.59308 -0.106694 0.798043
t 0.742237 -0.59994 0.298591
bt -0.591559 -0.181541 0.785557
t 0.65079 -0.719897 0.241289
bt -0.290381 0.104534 0.951184
t 0.560222 -0.802713 0.204457
bt -0.40777 -0.147843 0.901036
t 0.749075 -0.648334 0.136198
bt -0.208018 0.271913 0.93957
t 0.770095 -0.617533 0.16002
bt -0.355233 0.0539103 0.933222
t 0.366101 -0.927656 0.0736555
bt -0.658663 -0.429162 0.618048
t 0.246297 -0.969072 -0.015403
bt -0.72216 -0.361187 0.58994
t 0.613303 -0.742266 0.270003
bt -0.464274 -0.453781 0.760613
t 0.429181 -0.886338 0.173805
bt -0.59308 -0.106693 0.798043
t 0.742231 -0.599943 0.298601
bt -0.59156 -0.181541 0.785557
t 0.65079 -0.719897 0.241289
bt -0.290379 0.104531 0.951185
t 0.56022 -0.802714 0.20446
bt -0.407769 -0.147845 0.901036
t 0.749074 -0.648332 0.136213
bt -0.208018 0.271913 0.93957
t 0.770092 -0.617533 0.160035
bt -0.355231 0.0539077 0.933223
t 0.366095 -0.927658 0.0736606
bt -0.658666 -0.429156 0.618048
t 0.246291 -0.969073 -0.0153985
bt -0.722164 -0.361177 0.589941
t 0.613297 -0.742268 0.270009
bt -0.464273 -0.453781 0.760614
t 0.740958 -0.665939 -0.086636
bt -0.16251 -0.301337 0.939567
t 0.968553 -0.241291 -0.0606921
bt -0.141899 -0.377227 0.915186
t 0.913524 -0.396436 -0.0911692
bt 0.0892187 0.0135067 0.99592
t 0.845574 -0.524618 -0.098894
bt 0.0485327 -0.261116 0.964087
t 0.92953 -0.292721 -0.224252
bt 0.0998124 0.205978 0.973453
t 0.945168 -0.253799 -0.20553
bt 0.0451553 -0.0549165 0.997469
t 0.658523 -0.734385 -0.164397
bt -0.183208 -0.632466 0.752609
t 0.527868 -0.823673 -0.207167
bt -0.266419 -0.596272 0.757285
t 0.892268 -0.448913 -0.0483236
bt 0.031466 -0.578088 0.815367
t 0.783095 -0.55663 0.277354
bt -0.512163 -0.312999 0.799825
t 0.924472 -0.0933743 0.369639
bt -0.477813 -0.387073 0.788587
t 0.908996 -0.257058 0.328097
bt -0.343836 0.0334353 0.938434
t 0.865799 -0.399601 0.301182
bt -0.340242 -0.244085 0.908107
t 0.966373 -0.152175 0.207281
bt -0.346774 0.227203 0.910015
t 0.967212 -0.110542 0.228649
bt -0.377281 -0.0398944 0.925239
t 0.74898 -0.639114 0.174821
bt -0.418047 -0.646968 0.637706
t 0.657687 -0.748627 0.0836948
bt -0.497556 -0.622387 0.604212
t 0.876557 -0.31597 0.363058
bt -0.263361 -0.562875 0.783462
t -0.652431 0.0986296 -0.751402
bt 0.515983 0.81578 -0.261276
t -0.643795 0.111858 -0.756978
bt 0.694999 0.567006 -0.442133
t -0.506485 -0.0127046 -0.862155
bt 0.715957 0.581247 -0.386726
t -0.458819 -0.0550667 -0.886822
bt 0.454003 0.870758 -0.188846
t -0.765724 0.201319 -0.61085
bt 0.485252 0.841815 -0.236387
t -0.768789 0.129207 -0.626313
bt 0.661672 0.584015 -0.47023
t -0.648762 0.078212 -0.756961
bt 0.803593 0.235803 -0.546475
t -0.568627 0.0254352 -0.822202
bt 0.803228 0.24317 -0.543777
t -0.719013 0.0943644 -0.68856
bt 0.785638 0.29214 -0.545369
t 0.0706242 -0.689766 -0.72058
bt 0.806599 0.554807 -0.203932
t 0.0908423 -0.6919 -0.716255
bt 0.654132 0.717787 -0.238524
t -0.124825 -0.316921 -0.940202
bt 0.650106 0.713477 -0.261369
t -0.167237 -0.298563 -0.939623
bt 0.790151 0.56383 -0.240328
t -0.267848 0.202668 -0.941904
bt 0.791077 0.530649 -0.304317
t -0.286837 0.318724 -0.903404
bt 0.517492 0.800661 -0.301899
t -0.160379 -0.32616 -0.93161
bt 0.933624 0.295068 -0.203179
t 0.171468 -0.800695 -0.574009
bt 0.97136 0.182545 -0.152107
t -0.404996 0.31269 -0.859187
bt 0.985808 0.0910096 -0.141064
t -0.660911 0.0333071 0.749725
bt -0.659822 0.0419602 -0.75025
t -0.684078 0.026863 0.728914
bt -0.568688 0.137379 -0.811
t -0.640068 0.356448 0.680631
bt -0.602343 0.131413 -0.787346
t -0.624112 0.345641 0.700725
bt -0.653122 0.0869033 -0.75225
t -0.521293 0.637759 0.567025
bt -0.57109 0.17213 -0.802638
t -0.553048 0.569815 0.607823
bt -0.67411 0.0637705 -0.735873
t -0.596644 0.355743 0.719349
bt -0.774475 -0.0825089 -0.627201
t -0.683927 -0.0703582 0.72615
bt -0.800615 -0.11122 -0.588767
t -0.373755 0.752084 0.542842
bt -0.82768 -0.144032 -0.542403
t -0.972021 -0.169114 0.163023
bt -0.0705494 0.114289 -0.990939
t -0.97258 -0.184775 0.141229
bt -0.00591692 0.34799 -0.93748
t -0.934536 0.321098 0.153423
bt -0.0277314 0.354515 -0.934639
t -0.920066 0.352994 0.16992
bt -0.0958238 0.156501 -0.983018
t -0.650259 0.757133 0.0625481
bt -0.17029 0.181821 -0.968474
t -0.571443 0.820224 0.0261899
bt -0.00612944 0.521181 -0.853424
t -0.937428 0.29294 0.188188
bt -0.198345 -0.140451 -0.970017
t -0.908416 -0.397275 0.130203
bt -0.200115 -0.27608 -0.940071
t -0.518377 0.845333 0.129217
bt -0.228884 -0.354798 -0.906494
t -0.829484 0.421165 0.366846
bt -0.353655 -0.10411 -0.929564
t -0.827519 0.418327 0.374452
bt -0.471334 -0.289339 -0.833143
t -0.857645 0.0474315 0.51205
bt -0.444122 -0.367788 -0.816999
t -0.871481 0.254447 0.419259
bt -0.410014 -0.263355 -0.873231
t -0.724902 0.645877 0.239498
bt -0.444786 -0.0737696 -0.892594
t -0.686158 0.67778 0.264199
bt -0.486527 -0.269531 -0.83105
t -0.851276 0.311236 0.422446
bt -0.511093 -0.551367 -0.659377
t -0.81996 -0.0928692 0.564837
bt -0.462132 -0.637421 -0.616546
t -0.773176 0.552052 0.31215
bt -0.512071 -0.378266 -0.771167
t 0.187216 0.0802056 0.979039
bt -0.956472 0.0453473 0.288279
t -0.101649 0.138567 0.985123
bt -0.988862 -0.0194154 0.147564
t 0.346717 0.301247 0.888278
bt -0.87552 0.31639 0.365188
t 0.358501 0.367752 0.858041
bt -0.863045 0.372674 0.340979
t 0.010888 0.0631841 0.997943
bt -0.99793 0.0242878 0.0595411
t 0.0115062 0.0716936 0.99736
bt -0.998159 0.00474597 0.0604672
t 0.073769 -0.0660923 0.995083
bt -0.989713 0.142847 -0.00795006
t 0.155069 -0.202241 -0.966981
bt 0.948694 -0.13933 0.283843
t 0.355567 -0.244078 -0.902218
bt 0.89123 -0.117978 0.43794
t 0.151432 0.0272269 -0.988093
bt 0.955781 -0.0064983 0.294009
t 0.15068 0.0661476 -0.986367
bt 0.956 8.55456e-05 0.293367
t 0.141338 0.0569755 -0.988321
bt 0.94611 0.0658874 0.317073
t 0.157268 0.0482759 -0.986375
bt 0.995565 0.0546471 0.0765758
t 0.138746 0.0159235 -0.9902
bt 0.825946 0.442459 0.349346
t 0.0486381 -0.0652973 -0.99668
bt 0.906142 0.405235 0.12121
t -0.174479 -0.284406 -0.942693
bt 0.942229 0.0868255 0.32352
t -0.21346 -0.308624 -0.926923
bt 0.945383 -0.0768971 0.31676
t -0.861372 -0.080087 -0.501621
bt 0.607975 0.180477 -0.773172
t -0.865748 -0.0767643 -0.494557
bt 0.634502 0.265043 -0.726057
t -0.800873 -0.279778 -0.529459
bt 0.598453 -0.000525149 -0.801158
t -0.796385 -0.298295 -0.526109
bt 0.606636 -0.0374509 -0.794097
t -0.449291 0.0958075 -0.888233
bt 0.744213 0.183618 -0.642208
t -0.399472 0.108343 -0.910321
bt 0.89054 0.199484 -0.408834
t -0.749359 0.0190279 -0.661891
bt 0.636534 0.0425219 -0.770076
t -0.729305 0.00823852 -0.684139
bt 0.641838 0.0439528 -0.765579
t 0.323448 -0.361734 -0.874374
bt 0.801448 -0.179397 0.570525
t -0.0950771 -0.160288 -0.982481
bt 0.899216 -0.323196 -0.294883
t 0.510928 0.776189 -0.369436
bt 0.711746 -0.697045 0.0868681
t 0.658703 0.38579 -0.64597
bt 0.845131 -0.502535 0.182242
t 0.564207 0.443769 -0.696232
bt 0.871284 -0.429724 0.237069
t 0.518058 0.787756 -0.333251
bt 0.712616 -0.695618 0.0910664
t -0.071345 0.378599 -0.922807
bt 0.869091 0.397602 -0.294267
t 0.203733 0.467577 -0.860154
bt 0.911631 0.409502 -0.0351557
t 0.000854898 0.466812 -0.884356
bt 0.932663 0.280206 -0.227209
t 0.010925 0.391683 -0.920035
bt 0.930861 0.294162 -0.216717
t 0.138331 0.365082 -0.920641
bt 0.99816 0.0549779 0.0255603
t 0.1316 0.54051 -0.830981
bt 0.999456 -0.0244371 -0.0221689
t 0.157624 0.629342 -0.760976
bt 0.999421 -0.0242605 -0.023833
t 0.65868 0.462309 -0.593643
bt 0.927597 0.137111 0.347512
t -0.220239 0.393275 0.892653
bt 0.931587 -0.0891736 0.352411
t -0.262595 0.46712 0.8443
bt 0.925045 -0.0694823 0.373449
t -0.275846 0.055615 0.959592
bt 0.92806 -0.236771 0.28748
t -0.126387 0.0158789 0.991854
bt 0.924316 -0.25036 0.288027
t 0.201341 -0.0312987 0.979021
bt 0.878898 0.0578768 -0.473485
t 0.901204 0.0198518 0.43294
bt 0.727746 0.0774633 -0.681458
t 0.199527 0.0374036 0.979178
bt 0.947948 -0.133002 -0.289317
t 0.192103 0.00824792 0.98134
bt 0.9156 -0.277262 -0.291207
t 0.934765 0.0264061 0.354284
bt 0.42433 0.0556105 -0.903798
t 0.935713 -0.00791247 0.352673
bt 0.415499 0.180342 -0.891536
t -0.178801 -0.280012 -0.943199
bt 0.910846 -0.230909 -0.342113
t -0.333276 0.0627413 -0.94074
bt 0.853426 -0.327604 -0.405388
t -0.192691 -0.163513 -0.96754
bt 0.904733 -0.298336 -0.304062
t -0.367181 -0.336216 -0.867258
bt 0.93277 -0.1323 -0.335315
t -0.550114 0.527553 -0.64735
bt 0.853658 -0.0883913 -0.513278
t -0.61328 0.175735 -0.770068
bt 0.87501 -0.147044 -0.461232
t -0.43848 0.281179 -0.853624
bt 0.744836 -0.428614 -0.51138
t -0.67477 0.533237 -0.51024
bt 0.83163 0.320616 -0.453427
t -0.536308 0.0647555 -0.841534
bt 0.703016 -0.523991 -0.480834

