g sponza_42
t 0 0 1
bt 0.866038 0.499978 0
t 1.18091e-05 0 1
bt 1 0 0
t 3.93849e-06 0 1
bt 1 0 0
t 0 0 1
bt 0.866038 0.499978 0
t 0 0 1
bt 0.500014 0.866017 0
t 0 0 1
bt 0.500014 0.866017 0
t 0 0 1
bt 0 1 0
t 0 0 1
bt 0 1 0
t 0 0 1
bt -0.258808 0.965929 0
t 0 0 1
bt -0.258808 0.965929 0
t 0 0 1
bt 0.500014 0.866017 0
t 0 0 1
bt 0.866017 0.500014 0
t 0 0 1
bt 0.866017 0.500014 0
t 0 0 1
bt 0.500014 0.866017 0
t 0 0 1
bt 1 0 0
t 0 0 1
bt 1 0 0
t 0 0 1
bt 0.965929 -0.258808 0
t 0 0 1
bt 0.965929 -0.258808 0
t 0 0 1
bt 0.866038 -0.499978 0
t 5.90773e-06 -3.41073e-06 1
bt 0.866021 -0.500008 0
t 0 0 1
bt 0.500014 -0.866017 0
t 0 0 1
bt 0.500014 -0.866017 0
t 0 0 1
bt 0 -1 0
t 0 0 1
bt 0 -1 0
t 0 0 1
bt -0.258808 -0.965929 0
t 0 0 1
bt -0.258808 -0.965929 0
t 0 0 1
bt 0.500008 -0.866021 0
t 0 0 1
bt 0 -1 0
t 0 0 1
bt 0 -1 0
t 0 0 1
bt 0.500008 -0.866021 0
t 0 0 1
bt 0.866017 -0.500014 0
t 0 0 1
bt 0.866017 -0.500014 0
t 0 0 1
bt 1 0 0
t 0 0 1
bt 1 0 0
t 0 0 1
bt 0.965929 0.258808 0
t 0 0 1
bt 0.965929 0.258808 0
t 0 0 1
bt 0 1 0
t 0 0 1
bt 0 1 0
t 0 0 1
bt -1 0 0
t 0 0 1
bt -0.866021 0.500008 0
t 0 0 1
bt -0.866021 0.500008 0
t 0 0 1
bt -1 0 0
t 0 0 1
bt -0.500014 0.866017 0
t 0 0 1
bt -0.500014 0.866017 0
t 0 0 1
bt 0 1 0
t 0 0 1
bt 0 1 0
t 0 0 1
bt 0 1 0
t 0 0 1
bt 0.258808 0.965929 0
t 0 0 1
bt 0.258808 0.965929 0
t 0 0 1
bt 0 1 0
t 0 0 1
bt -0.866017 0.500014 0
t 0 0 1
bt -0.500014 0.866017 0
t 0 0 1
bt -0.500014 0.866017 0
t 0 0 1
bt -0.866017 0.500014 0
t 0 0 1
bt -1 0 0
t 0 0 1
bt -1 0 0
t 0 0 1
bt -0.965929 -0.258808 0
t 0 0 1
bt -0.965929 -0.258808 0
t 0 0 1
bt -0.866021 -0.500008 0
t 0 0 1
bt -0.866021 -0.500008 0
t 0 0 1
bt -0.500014 -0.866017 0
t 0 0 1
bt -0.500014 -0.866017 0
t 0 0 1
bt 0 -1 0
t 0 0 1
bt 0 -1 0
t 0 0 1
bt 0.258808 -0.965929 0
t 0 0 1
bt 0.258808 -0.965929 0
t 0 0 1
bt -0.500014 -0.866017 0
t 0 0 1
bt -0.866017 -0.500014 0
t 0 0 1
bt -0.866017 -0.500014 0
t 0 0 1
bt -0.500014 -0.866017 0
t 0 0 1
bt -1 0 0
t 0 0 1
bt -1 0 0
t 0 0 1
bt -0.965929 0.258808 0
t 0 0 1
bt -0.965929 0.258808 0
t -0.817977 -0.575251 0
bt -0.574567 0.818458 0
t -0.817849 -0.575432 0
bt -0.572291 0.820051 0
t -0.818232 -0.574889 0
bt -0.576009 0.817443 0
t -0.817974 -0.575256 0
bt -0.575991 0.817456 0
t -0.817802 -0.575499 0
bt -0.574943 0.818194 0
t -0.818136 -0.575025 0
bt -0.573753 0.819028 0
t -0.817585 -0.575807 0
bt -0.573091 0.819492 0
t -0.817175 -0.576389 0
bt -0.580134 0.814521 0
t -0.816193 -0.577779 0
bt -0.575396 0.817875 0
t -0.817168 -0.576399 0
bt -0.5754 0.817872 0
t -0.817618 -0.575762 0
bt -0.575244 0.817982 0
t -0.81773 -0.575602 0
bt -0.574152 0.818749 0
t -0.8185 -0.574506 0
bt -0.57443 0.818553 0
t -0.818595 -0.574371 0
bt -0.574876 0.818241 0
t -0.819723 -0.57276 0
bt -0.574626 0.818416 0
t -0.819239 -0.573453 0
bt -0.57396 0.818883 0
t -0.818924 -0.573902 0
bt -0.573357 0.819306 0
t -0.819471 -0.57312 0
bt -0.571956 0.820284 0
t -0.81756 -0.575843 0
bt -0.577531 0.816368 0
t -0.818828 -0.574039 0
bt -0.57152 0.820588 0
t -0.81756 -0.575843 0
bt -0.577531 0.816368 0
t -0.817877 -0.575393 0
bt -0.576475 0.817114 0
t -0.818303 -0.574787 0
bt -0.576601 0.817026 0
t -0.818531 -0.574462 0
bt -0.575126 0.818065 0
t -0.817879 -0.575391 0
bt -0.574378 0.81859 0
t -0.817681 -0.575672 0
bt -0.573077 0.819501 0
t -0.817231 -0.57631 0
bt -0.573396 0.819279 0
t -0.821813 -0.569758 0
bt -0.575509 0.817795 0
t -0.821772 -0.569816 0
bt -0.574596 0.818437 0
t -0.819149 -0.573581 0
bt -0.575498 0.817803 0
t -0.81757 -0.575829 0
bt -0.575425 0.817855 0
t -0.823524 -0.567281 0
bt -0.574927 0.818205 0
t -0.818747 -0.574154 0
bt -0.575064 0.818108 0
t -0.818241 -0.574875 0
bt -0.575366 0.817896 0
t -0.817983 -0.575243 0
bt -0.574741 0.818336 0
t -0.818287 -0.57481 0
bt -0.574391 0.818581 0
t -0.819399 -0.573224 0
bt -0.574201 0.818714 0
t -0.819276 -0.5734 0
bt -0.573446 0.819243 0
t -0.819465 -0.573129 0
bt -0.574618 0.818422 0
t -0.81929 -0.57338 0
bt -0.573528 0.819186 0
t -0.818507 -0.574497 0
bt -0.571236 0.820786 0
t -0.81997 -0.572406 0
bt -0.571096 0.820883 0
t -0.816466 -0.577393 0
bt -0.577381 0.816475 0
t -0.818552 -0.574433 0
bt -0.572914 0.819616 0
t -0.816696 -0.577068 0
bt -0.575629 0.817711 0
t -0.817693 -0.575655 0
bt -0.573255 0.819377 0
t -0.817687 -0.575663 0
bt -0.573293 0.819351 0
t -0.81668 -0.577091 0
bt -0.575651 0.817695 0

