g sponza_319
t -0.874629 0.407882 0.262022
bt -0.00449401 -0.993599 -0.112873
t -0.871901 0.408508 0.270018
bt 0.20312 -0.978041 0.0466722
t -0.872149 0.407865 0.270189
bt 0.202734 -0.978114 0.0468231
t -0.874629 0.407882 0.262022
bt -0.00449401 -0.993599 -0.112873
t -0.864114 0.40573 0.297809
bt 0.565044 -0.824716 0.0238615
t -0.863924 0.406401 0.297447
bt 0.565075 -0.824695 0.0238368
t -0.845524 0.399595 0.354136
bt 0.687996 -0.725648 0.00987079
t -0.843527 0.414855 0.341113
bt 0.677832 -0.734805 0.02461
t -0.797986 0.379686 0.468035
bt 0.736545 -0.676371 0.004833
t -0.798024 0.379899 0.467797
bt 0.736759 -0.676142 0.00426397
t -0.848595 0.368828 0.379278
bt 0.707372 -0.706583 -0.0191375
t -0.637196 0.307439 0.706727
bt 0.758079 -0.652162 0.000969975
t -0.637089 0.307292 0.706887
bt 0.757983 -0.652273 0.00153663
t -0.327501 0.276647 0.903443
bt 0.763917 -0.645314 0
t -0.326284 0.27562 0.904197
bt 0.763917 -0.645314 0.000147629
t 0.326671 -0.275947 0.903957
bt 0.763917 -0.645314 0
t 0.559861 -0.208559 0.801909
bt 0.758322 -0.651879 0.000476618
t 0.559661 -0.208318 0.802112
bt 0.758341 -0.651858 0.000584322
t 0.326671 -0.275947 0.903957
bt 0.763917 -0.645314 0
t 0.790086 -0.342112 0.508649
bt 0.739333 -0.673335 0.00251069
t 0.790093 -0.342141 0.508619
bt 0.73928 -0.673394 0.00236556
t 0.848601 -0.36875 0.379341
bt 0.707487 -0.706463 0.0193156
t 0.848615 -0.368571 0.379485
bt 0.707605 -0.706339 0.0194985
t 0.843545 -0.414729 0.341221
bt 0.677994 -0.734663 -0.0243802
t 0.865798 -0.399702 0.301053
bt 0.603149 -0.797599 0.00686145
t 0.86582 -0.399619 0.301097
bt 0.603326 -0.797464 0.00700783
t 0.843545 -0.414729 0.341221
bt 0.677994 -0.734663 -0.0243802
t 0.872437 -0.407117 0.270388
bt 0.343427 -0.939129 0.00976568
t 0.872655 -0.406548 0.270538
bt 0.343273 -0.939185 0.0097021
t 0.874629 -0.407859 0.262061
bt -0.00314337 -0.993555 0.113306
t 0.874202 -0.408773 0.262061
bt -0.00516886 -0.993603 0.112813
t 0.874629 -0.407859 0.262061
bt -0.758251 -0.642114 -0.11289
t 0.87279 -0.406404 0.27032
bt -0.879791 -0.473069 0.0466259
t 0.872826 -0.406317 0.270337
bt -0.879601 -0.473403 0.0468278
t 0.874629 -0.407859 0.262061
bt -0.758251 -0.642114 -0.11289
t 0.866325 -0.40105 0.297724
bt -0.994974 -0.0972387 0.0238905
t 0.866209 -0.40122 0.297831
bt -0.994978 -0.0972014 0.0238658
t 0.859898 -0.379651 0.341235
bt -0.998591 0.0470903 0.0244575
t 0.8496 -0.390899 0.354088
bt -0.998111 0.0606177 0.00996668
t 0.827721 -0.413274 0.379582
bt -0.995941 0.0879112 -0.0193432
t 0.804975 -0.366615 0.466485
bt -0.991485 0.130164 0.00374153
t 0.804246 -0.367034 0.467413
bt -0.991492 0.130113 0.00383611
t 0.647568 -0.290322 0.704534
bt -0.986874 0.161489 0.00096542
t 0.647443 -0.290331 0.704646
bt -0.986869 0.16152 0.000844592
t 0.422397 -0.073037 0.903464
bt -0.985376 0.170396 0
t 0.425728 -0.073613 0.901852
bt -0.985376 0.170396 0.000149596
t -0.424578 0.0734142 0.90241
bt -0.985376 0.170396 0
t -0.521352 0.294798 0.800803
bt -0.986812 0.161868 0.000517759
t -0.521997 0.294794 0.800385
bt -0.986808 0.161895 0.000625183
t -0.424578 0.0734142 0.90241
bt -0.985376 0.170396 0
t -0.771136 0.384697 0.507304
bt -0.991041 0.133533 0.00263192
t -0.771168 0.384681 0.507267
bt -0.991058 0.133412 0.00240921
t -0.838933 0.402052 0.366804
bt -0.997233 0.0741939 0.00460682
t -0.839272 0.401706 0.366409
bt -0.99722 0.0743647 0.00479036
t -0.86272 0.406318 0.301033
bt -0.998693 -0.0506481 0.00681604
t -0.862658 0.406407 0.301088
bt -0.998706 -0.0503788 0.0069931
t -0.872078 0.407666 0.270719
bt -0.940166 -0.340578 0.00976738
t -0.872177 0.407487 0.270668
bt -0.940104 -0.34075 0.00969645
t -0.874629 0.407882 0.262022
bt -0.759094 -0.641048 0.113284
t -0.874575 0.407998 0.262022
bt -0.757795 -0.642672 0.112778
t -0.840722 0.380402 0.385331
bt 0.454205 -0.89035 0.0312103
t -0.85287 0.389786 0.347389
bt 0.186942 -0.982369 0.00201652
t -0.631899 0.303842 0.71301
bt -0.126901 -0.990397 -0.0548592
t -0.594733 0.3022 0.744962
bt 0.0577381 -0.997854 -0.0308842
t -0.378981 0.175263 0.908656
bt -0.305092 -0.952288 -0.0081364
t -0.344737 0.162903 0.924456
bt -0.203959 -0.978959 0.00638171
t -0.389362 0.181553 0.903014
bt -0.418896 -0.907994 -0.00853168
t -0.645816 0.301144 0.701594
bt -0.416557 -0.909086 -0.0065341
t -0.727651 0.305952 0.613936
bt 0.646663 -0.759287 0.0728658
t -0.810547 0.352259 0.467898
bt 0.611287 -0.791322 0.0117432
t -0.528219 0.278856 0.802013
bt 0.207644 -0.97739 -0.0399106
t -0.421133 0.258136 0.86949
bt 0.287794 -0.957522 -0.0180529
t -0.289536 0.131687 0.948065
bt -0.110481 -0.993873 -0.0031157
t -0.209253 0.105176 0.972189
bt -0.0458725 -0.998946 0.00139351
t -0.0366392 0.0361255 0.998675
bt 0.71209 -0.702089 0
t -0.494823 0.196666 0.846447
bt 0.702977 -0.711177 0.00711064
t -0.235346 0.123824 0.963992
bt 0.334366 -0.942389 -0.0100677
t -0.0129081 0.0346238 0.999317
bt 0.349304 -0.937009 0
t -0.11087 0.0430663 0.992901
bt -0.00501405 -0.999983 -0.00285145
t -6.62011e-05 0.00874558 0.999962
bt 0.00769977 -0.99997 0
t 0.670668 -0.156573 0.725045
bt 0.66059 -0.749604 -0.0414093
t 0.532134 -0.247389 0.809711
bt 0.70297 -0.711183 -0.00714557
t 0.251449 -0.176436 0.951653
bt 0.334273 -0.942428 0.00953242
t 0.416681 -0.229063 0.87972
bt 0.289893 -0.956761 0.0239006
t 0.110694 -0.0585428 0.992129
bt -0.00559288 -0.999983 -0.00142481
t 0.210107 -0.0916912 0.973369
bt -0.0455655 -0.998961 -1.64841e-05
t 0.841979 -0.374805 0.388062
bt 0.483337 -0.875398 -0.00802215
t 0.810131 -0.365636 0.458255
bt 0.602736 -0.797592 -0.023608
t 0.528018 -0.290997 0.797821
bt 0.201307 -0.979108 0.0286848
t 0.595593 -0.297232 0.746272
bt 0.0766236 -0.995539 0.0550458
t 0.288536 -0.138627 0.94738
bt -0.112656 -0.993627 -0.0037513
t 0.345603 -0.1593 0.924761
bt -0.199285 -0.979926 0.00552856
t 0.853841 -0.398145 0.335315
bt -0.379315 -0.925115 0.0167867
t 0.852398 -0.391109 0.347062
bt 0.12354 -0.991849 -0.031191
t 0.631479 -0.305156 0.712821
bt -0.166714 -0.985923 0.0127045
t 0.645806 -0.301146 0.701602
bt -0.398465 -0.916818 0.0258989
t 0.378693 -0.176088 0.908617
bt -0.312005 -0.950049 -0.00779709
t 0.389362 -0.181553 0.903014
bt -0.419183 -0.907868 0.00787214
t 0.831791 -0.399519 0.385367
bt -0.974306 -0.223187 0.0302727
t 0.846846 -0.402717 0.347377
bt -0.873819 -0.486251 0.000989328
t 0.638943 -0.288748 0.713005
bt -0.676316 -0.734661 -0.0535659
t 0.613786 -0.261307 0.744974
bt -0.8015 -0.597197 -0.0308919
t 0.378055 -0.177398 0.908628
bt -0.532675 -0.846297 -0.00625789
t 0.346411 -0.159316 0.924455
bt -0.618817 -0.785509 0.00639006
t 0.727809 -0.349175 0.590229
bt -0.999155 0.0382772 0.014939
t 0.790853 -0.394482 0.467906
bt -0.999163 -0.039469 0.010724
t 0.551272 -0.227013 0.802848
bt -0.882389 -0.468758 -0.040688
t 0.466472 -0.157801 0.870346
bt -0.918596 -0.394745 -0.0189258
t 0.286027 -0.138244 0.948197
bt -0.690621 -0.723204 -0.00432244
t 0.214555 -0.0931792 0.972257
bt -0.735386 -0.677637 0.00394689
t 0.0511887 -0.00484155 0.998677
bt -0.995553 0.0941982 0
t 0.468799 -0.252651 0.846401
bt -0.99664 0.0816805 0.00609682
t 0.246359 -0.100691 0.963934
bt -0.936837 -0.349621 -0.0101208
t 0.0348057 0.012361 0.999318
bt -0.942323 -0.334706 0
t 0.105142 -0.0566172 0.992844
bt -0.762549 -0.64693 0.000588284
t 0.00672887 0.00556057 0.999962
bt -0.770968 -0.636874 0
t -0.701156 0.361083 0.614817
bt -0.999115 0.0407927 -0.0102288
t -0.531601 0.24863 0.809681
bt -0.996672 0.0810576 -0.00857884
t -0.296872 0.07916 0.95163
bt -0.936765 -0.349846 0.0088561
t -0.44219 0.172623 0.880153
bt -0.919137 -0.393262 0.0230632
t -0.11755 0.0458332 0.992009
bt -0.762714 -0.646734 0.00169929
t -0.205839 0.10151 0.973307
bt -0.736367 -0.676578 0.00261453
t -0.828319 0.40407 0.388092
bt -0.981159 -0.193021 -0.00836898
t -0.800827 0.38557 0.45827
bt -0.998404 -0.0511828 -0.02386
t -0.561268 0.218441 0.798287
bt -0.879396 -0.475238 0.0284893
t -0.610522 0.265174 0.746288
bt -0.811867 -0.581241 0.0550596
t -0.291201 0.132466 0.947447
bt -0.688622 -0.725107 -0.00432495
t -0.344191 0.162319 0.924762
bt -0.62258 -0.782536 0.00558266
t -0.853841 0.398145 0.335315
bt -0.468306 -0.883379 0.0181968
t -0.84757 0.40148 0.347043
bt -0.83735 -0.545686 -0.0327247
t -0.639677 0.287585 0.712817
bt -0.649714 -0.760033 0.0148872
t -0.378569 0.176538 0.908581
bt -0.527097 -0.849766 -0.00813347
t -0.771817 0.377728 0.511488
bt 0.126088 -0.987589 -0.0936476
t -0.745542 0.387384 0.54231
bt 0.338798 -0.938713 -0.0635156
t -0.783687 0.365449 0.502277
bt -0.231228 -0.966025 -0.11545
t -0.700419 0.382301 0.60271
bt 0.472545 -0.879337 -0.0588883
t -0.760749 0.492635 0.422577
bt 0.695108 -0.717367 -0.0469986
t -0.616307 0.380539 0.68946
bt 0.530785 -0.84683 -0.0338728
t -0.406412 0.240114 0.881575
bt 0.562707 -0.826467 -0.0176803
t -0.134305 0.192912 0.971981
bt 0.571386 -0.820681 9.28473e-05
t -0.749182 0.392867 0.533275
bt 0.700613 -0.710758 -0.06296
t 0.442616 -0.310239 0.841334
bt 0.562398 -0.826719 0.0156163
t 0.74915 -0.392699 0.533444
bt 0.700169 -0.711311 0.0616458
t 0.611286 -0.356258 0.706689
bt 0.531498 -0.846307 0.0357099
t 0.260309 -0.373902 0.890189
bt 0.571375 -0.820689 0
t 0.700087 -0.391401 0.59723
bt 0.46712 -0.882742 0.0506582
t 0.746158 -0.384475 0.543532
bt 0.36044 -0.928966 0.0842929
t 0.760763 -0.493083 0.422029
bt 0.694569 -0.717988 0.0454684
t 0.771761 -0.377889 0.511453
bt 0.0509333 -0.997717 0.0443503
t 0.783753 -0.365308 0.502277
bt -0.229383 -0.966339 0.116499
t 0.785441 -0.348394 0.511571
bt -0.837665 -0.538076 -0.0937606
t 0.837271 -0.234591 0.493908
bt -0.959322 -0.230309 -0.163278
t 0.78371 -0.365406 0.502273
bt -0.733305 -0.640233 -0.228836
t 0.743106 -0.290793 0.602688
bt -0.977245 -0.204108 -0.0577264
t 0.687675 -0.227526 0.689445
bt -0.989829 -0.138669 -0.0317809
t 0.828548 -0.24834 0.501831
bt -0.95997 -0.118203 -0.253939
t 0.445339 -0.15694 0.8815
bt -0.994809 -0.100269 -0.0173343
t 0.234354 0.0211405 0.971921
bt -0.99596 -0.0897975 0.000126862
t -0.522537 0.139522 0.841123
bt -0.994805 -0.100427 0.0166523
t -0.666184 0.23911 0.706417
bt -0.989989 -0.136266 0.0367857
t -0.453855 -0.040941 0.890135
bt -0.995958 -0.0898213 0
t -0.749846 0.284704 0.597223
bt -0.976442 -0.209837 0.0502902
t -0.82867 0.248152 0.501724
bt -0.960108 -0.119897 0.252623
t -0.785594 0.348138 0.51151
bt -0.797877 -0.601115 0.045303
t -0.78371 0.365406 0.502273
bt -0.731864 -0.642332 0.227562
t -0.837326 0.234503 0.493857
bt -0.959118 -0.232381 0.161533
t -0.251009 0.112701 0.961402
bt -0.270379 -0.962738 0.00561022
t -0.276645 0.126902 0.952556
bt -0.343935 -0.938993 0.000768365
t -0.391879 0.178062 0.902621
bt -0.30317 -0.952934 -0.00224782
t -0.3573 0.16013 0.92016
bt -0.194697 -0.980858 0.00332301
t -0.284962 0.132853 0.949288
bt -0.42228 -0.906465 -0.00122725
t -0.400762 0.187173 0.896859
bt -0.42168 -0.906743 -0.00206596
t -0.275028 0.130393 0.952553
bt -0.497235 -0.867605 -0.00431111
t -0.388612 0.185194 0.902598
bt -0.533623 -0.845721 -0.00146342
t -0.241678 0.128623 0.961794
bt -0.559552 -0.828489 -0.0225087
t -0.352696 0.170299 0.920111
bt -0.626157 -0.77969 -0.00337995
t -0.239149 0.132372 0.961918
bt -0.562367 -0.826815 -0.0109757
t -0.203849 0.0998191 0.9739
bt -0.616977 -0.786959 -0.00589123
t -0.29728 0.141311 0.944275
bt -0.696867 -0.717186 -0.00450473
t -0.145966 0.0714939 0.986703
bt -0.655386 -0.755274 -0.00560742
t -0.21692 0.101155 0.970934
bt -0.743826 -0.668354 -0.00510726
t -0.0768023 0.0366376 0.996373
bt -0.678334 -0.734745 -0.00367127
t -0.116924 0.0520442 0.991776
bt -0.771537 -0.636169 -0.00447493
t -0.00086127 -0.000913163 0.999999
bt -0.686103 -0.727504 -3.20834e-05
t -0.0017851 -0.00143258 0.999997
bt -0.779902 -0.625902 -0.000533113
t 0.0742391 -0.0394223 0.996461
bt -0.67841 -0.734679 0.00244151
t 0.113772 -0.0546743 0.992001
bt -0.771598 -0.6361 0.00367622
t 0.144497 -0.0732053 0.986794
bt -0.655617 -0.755085 0.00373572
t 0.214207 -0.10369 0.971269
bt -0.744062 -0.668101 0.00358156
t 0.202733 -0.101269 0.973983
bt -0.617286 -0.786728 0.00419987
t 0.252725 -0.189192 0.948861
bt -0.683919 -0.727512 0.0545976
t 0.247243 -0.120509 0.96143
bt -0.564181 -0.825644 0.00336522
t 0.351806 -0.171461 0.920235
bt -0.627325 -0.778757 -2.08971e-05
t 0.259439 -0.182109 0.948434
bt -0.680565 -0.72967 0.0664276
t 0.274768 -0.130854 0.952565
bt -0.498117 -0.867109 0.00113795
t 0.388753 -0.18496 0.902586
bt -0.535129 -0.844767 -0.00230171
t 0.284936 -0.132857 0.949295
bt -0.423142 -0.906061 -0.00178191
t 0.401067 -0.186518 0.896859
bt -0.423433 -0.905925 -0.00185522
t 0.276695 -0.126768 0.95256
bt -0.34471 -0.938703 -0.00336513
t 0.391708 -0.178561 0.902596
bt -0.30502 -0.952344 -0.00184919
t 0.250931 -0.112631 0.96143
bt -0.270446 -0.962717 -0.00585424
t 0.357252 -0.160339 0.920143
bt -0.194534 -0.980891 -0.00292088
t 0.207566 -0.0917057 0.973913
bt -0.206176 -0.978499 -0.00562273
t 0.299427 -0.136275 0.944337
bt -0.10219 -0.994741 -0.00689013
t 0.148559 -0.0660818 0.986693
bt -0.157065 -0.987578 -0.00456556
t 0.216907 -0.101674 0.970883
bt -0.0339095 -0.999411 -0.00528638
t 0.0775149 -0.0346361 0.996389
bt -0.126707 -0.991937 -0.00237038
t 0.115023 -0.0550456 0.991837
bt 0.00867974 -0.999954 -0.00418466
t -0.000191164 -0.00163374 0.999999
bt -0.116303 -0.993214 -5.95825e-05
t 5.49346e-05 -0.00253615 0.999997
bt 0.0218019 -0.999762 0.000278856
t -0.077875 0.0318576 0.996454
bt -0.126761 -0.991928 0.00304983
t -0.115014 0.0515169 0.992027
bt 0.0086987 -0.999954 0.00401857
t -0.148994 0.0634083 0.986803
bt -0.157083 -0.987577 0.00405677
t -0.21709 0.0982272 0.971197
bt -0.033688 -0.999423 0.00430977
t -0.207969 0.0898766 0.973998
bt -0.205815 -0.978583 0.00399555
t -0.299757 0.133806 0.944585
bt -0.100824 -0.994901 0.00272172
t 0.8808 -0.41071 0.235602
bt -0.785324 -0.60922 -0.110081
t 0.879069 -0.409935 0.243292
bt -0.900959 -0.431277 0.0476718
t 0.879281 -0.409546 0.24318
bt -0.899188 -0.434799 0.0491022
t 0.8808 -0.41071 0.235602
bt -0.785324 -0.60922 -0.110081
t 0.874315 -0.404621 0.268058
bt -0.998545 -0.0492914 0.02189
t 0.873892 -0.405227 0.268522
bt -0.99855 -0.0491999 0.0218379
t 0.869525 -0.385924 0.308202
bt -0.996137 0.0849136 0.0223601
t 0.869736 -0.385676 0.307918
bt -0.996141 0.084849 0.0224285
t 0.842104 -0.416146 0.34305
bt -0.992286 0.122688 -0.0177662
t 0.822199 -0.376229 0.427132
bt -0.987049 0.16036 0.00424881
t 0.822288 -0.376173 0.427008
bt -0.987009 0.16062 0.00377539
t 0.842104 -0.416146 0.34305
bt -0.992286 0.122688 -0.0177662
t 0.675744 -0.30769 0.669848
bt -0.981964 0.189065 0.00129273
t 0.676704 -0.307564 0.668937
bt -0.981975 0.189006 0.00152607
t 0.463317 -0.0931843 0.88128
bt -0.980365 0.197193 0
t 0.464928 -0.0935083 0.880397
bt -0.980365 0.197193 0.000448536
t -0.464543 0.0934309 0.880608
bt -0.980365 0.197193 0
t -0.553825 0.311209 0.772286
bt -0.981827 0.189771 0.0014703
t -0.554394 0.311211 0.771878
bt -0.981856 0.189624 0.00089412
t -0.464543 0.0934309 0.880608
bt -0.980365 0.197193 0
t -0.79095 0.394127 0.46804
bt -0.986432 0.164149 0.00265849
t -0.791057 0.39407 0.467908
bt -0.986398 0.16435 0.00302519
t -0.851509 0.406186 0.33158
bt -0.993864 0.110501 0.00480019
t -0.851501 0.406194 0.33159
bt -0.993855 0.110581 0.00488559
t -0.870969 0.409669 0.271263
bt -0.999965 -0.00589469 0.00596091
t -0.870905 0.409728 0.271382
bt -0.999965 -0.00558958 0.00615616
t -0.878511 0.410958 0.243584
bt -0.955963 -0.293411 0.00670247
t -0.87877 0.410482 0.243448
bt -0.956356 -0.292116 0.00719892
t -0.8808 0.41071 0.235602
bt -0.788684 -0.604643 0.111288
t -0.880546 0.411254 0.235602
bt -0.789733 -0.603201 0.111666
t -0.8808 0.41071 0.235602
bt 0.0452279 -0.992716 -0.111668
t -0.879082 0.409929 0.243254
bt 0.247678 -0.967647 0.0481075
t -0.878948 0.410273 0.243161
bt 0.248414 -0.967472 0.0478327
t -0.8808 0.41071 0.235602
bt 0.0452279 -0.992716 -0.111668
t -0.87197 0.409613 0.268115
bt 0.602506 -0.797778 0.0231615
t -0.872182 0.408875 0.268551
bt 0.602627 -0.79769 0.0230631
t -0.856733 0.40434 0.320184
bt 0.714572 -0.699507 0.00880294
t -0.856705 0.404528 0.32002
bt 0.714547 -0.699532 0.00884035
t -0.816709 0.38802 0.427115
bt 0.757798 -0.652483 0.00285591
t -0.816744 0.38826 0.426829
bt 0.757783 -0.6525 0.00289565
t -0.671211 0.321365 0.667983
bt 0.776289 -0.630377 -4.60796e-05
t -0.67151 0.321879 0.667435
bt 0.776246 -0.63043 0.00021719
t -0.36914 0.294938 0.881333
bt 0.781239 -0.624232 0
t -0.37038 0.295929 0.88048
bt 0.781239 -0.624231 -0.000766084
t 0.370151 -0.295746 0.880637
bt 0.781239 -0.624231 0
t 0.594972 -0.224843 0.771656
bt 0.776294 -0.630372 7.24335e-05
t 0.595349 -0.22529 0.771235
bt 0.776347 -0.630305 0.000400392
t 0.370151 -0.295746 0.880637
bt 0.781239 -0.624231 0
t 0.810595 -0.353825 0.46663
bt 0.759264 -0.650782 0.00118228
t 0.810608 -0.353889 0.466559
bt 0.75939 -0.650634 0.00153195
t 0.858614 -0.390491 0.332112
bt 0.72349 -0.690318 0.0047295
t 0.858622 -0.390429 0.332164
bt 0.722871 -0.690973 0.00377721
t 0.873674 -0.403847 0.271296
bt 0.638964 -0.769208 0.00655396
t 0.873688 -0.403767 0.27137
bt 0.639143 -0.769058 0.00670315
t 0.879508 -0.408839 0.243548
bt 0.389456 -0.921022 0.00655995
t 0.879316 -0.409331 0.243415
bt 0.39017 -0.920717 0.00684453
t 0.8808 -0.41071 0.235602
bt 0.0462274 -0.992646 0.11188
t 0.880988 -0.410307 0.235602
bt 0.0362602 -0.993297 0.109757
t 0.0645323 -0.0300879 0.997462
bt -0.4226 -0.906316 -0.000252973
t 1.1607e-07 5.00569e-08 1
bt -0.422606 -0.906313 -2.63052e-06
t 0.0625567 -0.0286938 0.997629
bt -0.439265 -0.898358 -0.000134165
t 0.0562708 -0.0254679 0.998091
bt -0.454665 -0.890663 -0.00022658
t 0.0459727 -0.0208811 0.998724
bt -0.467795 -0.883837 0.000116783
t 0.0328051 -0.0141942 0.999361
bt -0.477824 -0.878455 -0.000537514
t 0.0162655 -0.0088165 0.999829
bt -0.48399 -0.875074 0.000292518
t 0.00014914 0.000268084 1
bt -0.486101 -0.873902 0
t -0.0164443 0.00849267 0.999829
bt -0.483993 -0.875072 -0.000122938
t -0.0319423 0.0157805 0.999365
bt -0.477812 -0.878462 0.000167089
t -0.0463151 0.0202337 0.998722
bt -0.467831 -0.883817 0.000694307
t -0.055947 0.026103 0.998092
bt -0.454601 -0.890695 -0.000920509
t -0.0627254 0.0283485 0.997628
bt -0.439184 -0.898396 -0.00117397
t -0.0645323 0.0300879 0.997462
bt -0.4226 -0.906316 0.000259403
t -0.0623 0.0292287 0.997629
bt -0.40582 -0.913952 0.000856872
t -0.0559698 0.0260475 0.998093
bt -0.390122 -0.920761 0.00176958
t -0.0460684 0.0205073 0.998728
bt -0.376379 -0.926466 0.000104249
t -0.0323103 0.0151089 0.999364
bt -0.365896 -0.930656 -0.000582167
t -0.0164408 0.00850737 0.999829
bt -0.359259 -0.933238 0.000289534
t 9.41274e-05 0.00024636 1
bt -0.357001 -0.934104 0
t 0.0166682 -0.00791737 0.99983
bt -0.359256 -0.933239 -0.000123921
t 0.0322685 -0.0152164 0.999363
bt -0.365911 -0.93065 0.000145926
t 0.0460745 -0.0204928 0.998728
bt -0.376344 -0.92648 0.000657528
t 0.0562276 -0.0254399 0.998094
bt -0.390018 -0.920807 8.98971e-05
t 0.0622512 -0.0293385 0.997629
bt -0.405715 -0.913999 0.000806741
t -0.418588 0.192054 0.887637
bt -0.288029 -0.957553 -0.0115038
t -0.394486 0.181615 0.900776
bt -0.300091 -0.95389 -0.00628064
t -0.359084 0.170061 0.917681
bt -0.190898 -0.981609 0.00090992
t -0.381922 0.180209 0.906455
bt -0.174449 -0.984661 0.00328393
t -0.418835 0.19324 0.887263
bt -0.540053 -0.841593 -0.00797262
t -0.394913 0.181962 0.900519
bt -0.533721 -0.845651 -0.00399148
t -0.404919 0.188599 0.894691
bt -0.425261 -0.905052 0.00592071
t -0.429101 0.199767 0.880889
bt -0.427724 -0.903849 0.0104523
t -0.324014 0.148204 0.934372
bt -0.716868 -0.697208 -0.00100269
t -0.302387 0.140033 0.942843
bt -0.700004 -0.714138 -0.00113878
t -0.359084 0.168653 0.917941
bt -0.631841 -0.775066 0.0070409
t -0.380834 0.180436 0.906867
bt -0.647123 -0.762304 0.0111384
t -0.131941 0.052802 0.98985
bt -0.792828 -0.609445 0.000574947
t -0.120154 0.0508332 0.991453
bt -0.77457 -0.632486 0.0014582
t -0.216527 0.105189 0.970593
bt -0.747791 -0.663933 0.00139723
t -0.228551 0.115541 0.966651
bt -0.765871 -0.642991 0.00206582
t 0.115986 -0.0652636 0.991104
bt -0.792903 -0.609346 -0.00157703
t 0.111612 -0.0579107 0.992063
bt -0.774552 -0.632508 -0.00175458
t 0.00470937 0.00374114 0.999982
bt -0.782923 -0.622118 -3.1915e-05
t 0.0087652 0.00654581 0.99994
bt -0.801282 -0.598287 0
t 0.316822 -0.155802 0.935601
bt -0.718317 -0.695699 -0.0048816
t 0.299261 -0.143582 0.943307
bt -0.701281 -0.712872 -0.00425886
t 0.222538 -0.099483 0.969835
bt -0.747536 -0.664221 0.000284022
t 0.240011 -0.105394 0.965032
bt -0.765168 -0.643826 0.00241223
t 0.417909 -0.194239 0.887481
bt -0.547257 -0.836918 -0.00884389
t 0.394427 -0.182388 0.900645
bt -0.538041 -0.842891 -0.00684847
t 0.360513 -0.166552 0.917764
bt -0.628212 -0.778032 0.00396364
t 0.383701 -0.176558 0.906422
bt -0.640408 -0.767989 0.00843724
t 0.4181 -0.193492 0.887555
bt -0.297592 -0.95466 -0.00793252
t 0.394264 -0.182259 0.900743
bt -0.304874 -0.952383 -0.00420406
t 0.404832 -0.188786 0.894691
bt -0.419777 -0.907606 0.00619938
t 0.428967 -0.200055 0.880889
bt -0.417513 -0.90861 0.010507
t 0.321527 -0.155152 0.934103
bt -0.0745837 -0.997204 -0.00473963
t 0.301336 -0.144712 0.942473
bt -0.0969907 -0.995285 -0.00101447
t 0.359817 -0.167442 0.917875
bt -0.188564 -0.982049 0.00479948
t 0.383096 -0.175929 0.9068
bt -0.170118 -0.985404 0.00629353
t 0.125255 -0.0672193 0.989845
bt 0.0427572 -0.999085 0.000296101
t 0.116278 -0.0593811 0.99144
bt 0.013273 -0.999912 0.000725016
t 0.219659 -0.0980917 0.970633
bt -0.0277393 -0.999612 0.00251154
t 0.235315 -0.100537 0.966705
bt -0.000391165 -0.999998 0.00219704
t -0.124444 0.0469431 0.991116
bt 0.042803 -0.999082 -0.00149025
t -0.116101 0.0484938 0.992053
bt 0.0133318 -0.999909 -0.00209505
t -0.000162514 0.00604234 0.999982
bt 0.0267015 -0.999643 -5.92691e-05
t -0.000621161 0.0109442 0.99994
bt 0.0566995 -0.998391 0
t -0.322821 0.14516 0.935262
bt -0.0711601 -0.997454 -0.00464412
t -0.302061 0.139268 0.943061
bt -0.0948079 -0.99548 -0.00556346
t -0.219361 0.106606 0.969802
bt -0.0283266 -0.999599 0.000490166
t -0.235015 0.11613 0.965029
bt -0.00136893 -0.999995 0.00266328
t -0.259969 0.101213 0.960298
bt -0.565379 -0.824829 0.00174966
t -0.255391 0.108125 0.960773
bt -0.571261 -0.820294 0.027914
t -0.670668 0.156573 0.725045
bt 0.65942 -0.750478 0.0441301
t 0.727651 -0.305952 0.613936
bt 0.648018 -0.758411 -0.0698882
t 0.682725 -0.426968 0.592946
bt -0.796735 -0.578026 0.176349
t 0.34151 -0.0918155 0.935383
bt -0.716937 -0.69066 -0.0948106
t 0.366989 -0.0622761 0.928138
bt -0.710233 -0.70165 -0.0570656
t 0.657659 -0.45111 0.603311
bt -0.863427 -0.496967 0.0867007
t -0.659966 0.448946 0.602405
bt -0.863766 -0.496469 -0.086176
t -0.681592 0.428091 0.59344
bt -0.795285 -0.579496 -0.178063

