g sponza_202
t 0.137019 0.614733 0.776743
bt -0.997606 -0.00952713 0.0684877
t -0.137087 0.614085 0.777243
bt -0.992017 0.0311001 -0.122212
t 0.0443007 0.604935 0.795041
bt -0.992211 0.030284 -0.12083
t 0.13706 0.614071 0.777258
bt -0.99776 -0.00702272 0.0665315
t -0.394647 0.614035 0.683531
bt -0.883391 0.0284309 -0.467774
t -0.23089 0.603839 0.762934
bt -0.883391 0.0284309 -0.467774
t -0.604629 0.614038 0.507328
bt -0.670114 0.0284678 -0.741712
t -0.477894 0.603834 0.637967
bt -0.670111 0.028465 -0.741715
t -0.741669 0.614077 0.269884
bt -0.352642 0.0325314 -0.935193
t -0.69034 0.605257 0.396351
bt -0.349352 0.0354258 -0.936322
t -0.776717 0.61476 0.137044
bt -0.0457554 0.00955559 -0.998907
t -0.784838 0.617984 0.0460992
bt -0.0408908 0.0148703 -0.999053
t 0.776716 0.614759 -0.137051
bt -0.0457554 -0.00955559 -0.998907
t 0.741668 0.614077 -0.269886
bt -0.26954 0.0355159 -0.962334
t 0.769095 0.612557 -0.182391
bt -0.265261 0.0332961 -0.963602
t 0.784838 0.617984 -0.0461009
bt -0.0408908 -0.0148703 -0.999053
t 0.604629 0.614038 -0.507328
bt -0.614075 0.0284496 -0.788735
t 0.711295 0.603829 -0.359793
bt -0.614076 0.0284484 -0.788734
t 0.394647 0.614035 -0.68353
bt -0.846819 0.0284774 -0.531118
t 0.545321 0.603824 -0.581395
bt -0.846817 0.0284802 -0.531121
t 0.137087 0.614085 -0.777243
bt -0.979359 0.0301214 -0.199871
t 0.227999 0.610586 -0.75842
bt -0.979553 0.0311309 -0.198761
t -0.137023 0.614733 -0.776742
bt -0.997606 0.00952713 0.0684877
t -0.137065 0.614071 -0.777258
bt -0.99776 0.00702272 0.0665315
t 0.0103802 0.998981 0.0439206
bt -0.99695 -0.000750755 0.0780423
t -0.00782487 0.998982 0.044418
bt -0.987075 0.00286053 -0.160233
t 0.00233254 0.998931 0.0461667
bt -0.987107 0.00286765 -0.160034
t 0.0078344 0.998982 0.0444248
bt -0.996989 -0.000747316 0.0775439
t -0.02255 0.998982 0.0390595
bt -0.866069 0.0026493 -0.499917
t -0.0136333 0.99893 0.044205
bt -0.866069 0.00264945 -0.499917
t -0.0345461 0.998982 0.0289923
bt -0.64284 0.00265042 -0.765996
t -0.0279324 0.99893 0.0368713
bt -0.64284 0.00265054 -0.765996
t -0.0392485 0.998913 0.0251528
bt -0.308844 0.00319177 -0.951107
t -0.0426935 0.998967 0.0155254
bt -0.308156 0.0032475 -0.95133
t -0.044164 0.998941 0.0129256
bt -0.0268732 0.00113618 -0.999638
t -0.0444111 0.998983 0.00783158
bt -0.025775 0.00115216 -0.999667
t 0.00645217 0.993398 -0.11454
bt -0.996945 0.00196853 0.0780815
t -0.0198609 0.993432 -0.112691
bt -0.996999 0.00188297 0.0773895
t 0.0198171 0.993433 -0.112682
bt -0.987199 -0.00719128 -0.15933
t 0.0326464 0.993331 -0.110579
bt -0.987151 -0.0072262 -0.159627
t 0.0571548 0.993434 -0.099105
bt -0.866391 -0.00667938 -0.499322
t 0.0684396 0.993351 -0.0925783
bt -0.866391 -0.00667962 -0.499322
t 0.0875961 0.993435 -0.0735802
bt -0.643388 -0.0066758 -0.765511
t 0.0959651 0.993351 -0.0635922
bt -0.643388 -0.00667585 -0.765511
t 0.109605 0.993431 -0.0328795
bt -0.308915 -0.0081159 -0.951055
t 0.10745 0.993438 -0.0391899
bt -0.3099 -0.00800377 -0.950736
t 0.112961 0.993577 -0.00662292
bt -0.0277937 -0.00278491 -0.99961
t 0.112616 0.993441 -0.0198372
bt -0.0267665 -0.00872168 -0.999604
t 0.137011 0.614423 -0.776989
bt 0.973057 -0.0250326 0.229201
t 0.394647 0.614035 -0.68353
bt 0.883391 0.0284312 0.467774
t 0.230875 0.603837 -0.76294
bt 0.883391 0.0284309 0.467774
t 0.137059 0.614106 -0.777231
bt 0.972738 -0.0229533 0.230767
t 0.604604 0.614037 -0.507358
bt 0.670111 0.0284652 0.741715
t 0.477884 0.603832 -0.637976
bt 0.670111 0.0284649 0.741715
t 0.741702 0.61402 -0.269923
bt 0.376016 0.0284625 0.926176
t 0.697456 0.609947 -0.37619
bt 0.376017 0.0284631 0.926176
t 0.782633 0.618773 -0.067868
bt 0.153248 0.0261995 0.98784
t 0.782899 0.618432 -0.0679004
bt 0.154037 0.025208 0.987743
t -0.741702 0.61402 0.269923
bt 0.376017 -0.0284633 0.926175
t -0.604604 0.614038 0.507358
bt 0.614075 0.0284495 0.788735
t -0.711276 0.603833 0.359823
bt 0.614075 0.0284487 0.788734
t -0.763332 0.612584 0.205096
bt 0.376017 -0.0284631 0.926175
t -0.394647 0.614035 0.683531
bt 0.846817 0.0284799 0.531121
t -0.545297 0.603828 0.581415
bt 0.846817 0.0284802 0.531121
t -0.137009 0.614423 0.776989
bt 0.973057 0.0250324 0.229201
t -0.313485 0.606413 0.730746
bt 0.972738 0.0229533 0.230767
t 0.136131 0.616158 0.775769
bt 0.999067 0.0189916 -0.0387841
t -0.0688409 0.614114 0.786209
bt 0.999155 0.0182415 -0.0368331
t 0.00782565 0.998982 -0.0444303
bt 0.979836 -0.00224335 0.19979
t 0.02255 0.998982 -0.0390595
bt 0.866069 0.0026493 0.499917
t 0.0136325 0.99893 -0.0442055
bt 0.866069 0.0026495 0.499917
t 0.0130398 0.997146 -0.0743648
bt 0.985076 -0.00595394 0.172017
t 0.0345461 0.998982 -0.0289923
bt 0.64284 0.00265041 0.765996
t 0.0279324 0.99893 -0.0368713
bt 0.64284 0.00265052 0.765996
t 0.0388577 0.99893 -0.0250978
bt 0.34217 0.0026462 0.939634
t 0.0423767 0.998982 -0.0154377
bt 0.34217 0.00264609 0.939634
t 0.0428308 0.998962 -0.0154974
bt 0.121722 0.00233587 0.992561
t 0.0444597 0.999004 -0.00385668
bt 0.121916 0.00233718 0.992538
t -0.0326574 0.993396 0.109992
bt 0.979968 -0.00560563 0.199077
t 0.00975587 0.99358 0.112709
bt 0.998171 0.00430896 -0.0603007
t -2.3599e-05 0.993561 0.113302
bt 0.998195 0.00428237 -0.0599008
t -0.0198028 0.993441 0.112618
bt 0.979867 -0.0056655 0.199573
t -0.0572209 0.993434 0.0990669
bt 0.866391 -0.0066793 0.499322
t -0.0685137 0.993349 0.0925354
bt 0.866391 -0.00667962 0.499322
t -0.0876418 0.993435 0.0735257
bt 0.643388 -0.00667631 0.765511
t -0.0959983 0.993351 0.0635525
bt 0.643388 -0.00667582 0.765511
t -0.107481 0.993435 0.0391867
bt 0.342766 -0.00667569 0.939397
t -0.107481 0.993435 0.0391867
bt 0.342766 -0.00667569 0.939397
t 0.777249 0.614099 0.136989
bt -0.268175 -0.0993715 0.958231
t 0.683534 0.614035 0.394642
bt -0.467772 0.0284331 0.883392
t 0.762957 0.603832 0.230832
bt -0.467775 0.0284306 0.88339
t 0.777549 0.613711 0.13703
bt -0.265685 -0.102824 0.958561
t 0.507372 0.614038 0.604592
bt -0.741715 0.0284652 0.670111
t 0.637983 0.603831 0.477876
bt -0.741715 0.0284652 0.670111
t 0.269983 0.614044 0.741659
bt -0.931952 0.0310672 0.361248
t 0.396304 0.606299 0.689453
bt -0.932721 0.0327071 0.359113
t 0.137019 0.614733 0.776743
bt -0.997606 -0.00952713 0.0684877
t 0.13706 0.614071 0.777258
bt -0.99776 -0.00702272 0.0665315
t -0.137023 0.614733 -0.776742
bt -0.997606 0.00952713 0.0684877
t -0.269984 0.614044 -0.741659
bt -0.958419 0.03286 0.283468
t -0.182565 0.612086 -0.769429
bt -0.959308 0.0317432 0.280572
t -0.137065 0.614071 -0.777258
bt -0.99776 0.00702272 0.0665315
t -0.507372 0.614038 -0.604592
bt -0.788734 0.0284477 0.614076
t -0.359866 0.603838 -0.71125
bt -0.788734 0.0284487 0.614075
t -0.683534 0.614035 -0.394642
bt -0.531121 0.0284801 0.846817
t -0.581423 0.60383 -0.545286
bt -0.531121 0.02848 0.846817
t -0.777249 0.614099 -0.13699
bt -0.268171 0.0993679 0.958233
t -0.705773 0.586137 -0.397904
bt -0.265685 0.102824 0.958561
t 0.0444397 0.998981 0.0078333
bt -0.140244 -0.00954533 0.990071
t 0.0390577 0.998982 0.0225531
bt -0.499917 0.00264913 0.866069
t 0.0442011 0.99893 0.0136401
bt -0.499917 0.00264902 0.866069
t 0.044642 0.998972 0.00786175
bt -0.139691 -0.00961497 0.990148
t 0.0289849 0.998982 0.0345524
bt -0.765996 0.00265044 0.64284
t 0.036867 0.99893 0.0279361
bt -0.765996 0.00265026 0.642839
t 0.0251315 0.998919 0.0391028
bt -0.947123 0.00299555 0.320856
t 0.0155274 0.998968 0.0426761
bt -0.947253 0.0030352 0.320472
t 0.0103802 0.998981 0.0439206
bt -0.99695 -0.000750755 0.0780423
t 0.0078344 0.998982 0.0444248
bt -0.996989 -0.000747316 0.0775439
t -0.107176 0.992526 -0.0583526
bt -0.142692 0.0240512 0.989475
t -0.112637 0.993438 -0.0198408
bt -0.14163 0.0241605 0.989625
t -0.0990628 0.993434 -0.057228
bt -0.499322 -0.00667952 0.866391
t -0.0925268 0.993349 -0.0685285
bt -0.499322 -0.00667954 0.866391
t -0.0734767 0.993435 -0.087683
bt -0.765511 -0.00667633 0.643388
t -0.0635008 0.99335 -0.0960416
bt -0.765511 -0.0066759 0.643388
t -0.0328361 0.993427 -0.109658
bt -0.947008 -0.0075944 0.32112
t -0.039075 0.993443 -0.107443
bt -0.946806 -0.00752769 0.321716
t 0.00645217 0.993398 -0.11454
bt -0.996945 0.00196853 0.0780815
t -0.0198609 0.993432 -0.112691
bt -0.996999 0.00188297 0.0773895
t -0.784838 0.617984 0.0460992
bt -0.0408908 0.0148703 -0.999053
t -0.776717 0.61476 0.137044
bt -0.0457554 0.00955559 -0.998907
t -0.777019 0.614387 -0.137001
bt 0.166702 0.0234977 -0.985727
t -0.777276 0.614051 -0.137052
bt 0.168048 0.0253219 -0.985453
t -0.683501 0.614084 -0.394623
bt 0.400997 0.0846089 -0.912164
t -0.79313 0.591275 -0.146075
bt 0.400991 0.0846132 -0.912166
t -0.683501 0.614084 -0.394623
bt 0.589427 -0.0846559 -0.803374
t -0.507269 0.614037 -0.604679
bt 0.741714 0.0284657 -0.670112
t -0.637954 0.603836 -0.477909
bt 0.741714 0.0284666 -0.670112
t -0.683501 0.614084 -0.394623
bt 0.589427 -0.0846559 -0.803374
t -0.269927 0.61402 -0.7417
bt 0.926175 0.0284637 -0.376018
t -0.376142 0.609951 -0.697479
bt 0.926175 0.0284632 -0.376017
t -0.0679841 0.618401 -0.782917
bt 0.996195 0.0177236 -0.0853361
t 0.000258783 0.617584 -0.786505
bt 0.996302 0.0188063 -0.0838333
t 0.269927 0.61402 0.7417
bt 0.926174 -0.0284661 -0.376021
t 0.507269 0.614038 0.604679
bt 0.788734 0.0284482 -0.614076
t 0.359794 0.603829 0.711294
bt 0.788732 0.0284458 -0.614078
t 0.269927 0.61402 0.7417
bt 0.926174 -0.0284661 -0.376021
t 0.683501 0.614084 0.394623
bt 0.589428 0.0846573 -0.803373
t 0.523018 0.591248 0.613905
bt 0.589427 0.0846559 -0.803374
t 0.683501 0.614084 0.394623
bt 0.400991 -0.0846132 -0.912166
t 0.77702 0.614387 0.136999
bt 0.227971 0.0251844 -0.973342
t 0.730931 0.606185 0.313495
bt 0.229344 0.023356 -0.973065
t 0.683501 0.614084 0.394623
bt 0.400991 -0.0846132 -0.912166
t 0.776716 0.614759 -0.137051
bt -0.0457554 -0.00955559 -0.998907
t 0.784838 0.617984 -0.0461009
bt -0.0408908 -0.0148703 -0.999053
t -0.044164 0.998941 0.0129256
bt -0.0268732 0.00113618 -0.999638
t -0.0444291 0.998982 -0.00783166
bt 0.197901 0.00225846 -0.980219
t -0.0462626 0.998927 0.0022403
bt 0.198304 0.00224804 -0.980138
t -0.0444111 0.998983 0.00783158
bt -0.025775 0.00115216 -0.999667
t -0.0390656 0.998982 -0.0225394
bt 0.499917 0.00264953 -0.866069
t -0.0442037 0.99893 -0.0136356
bt 0.499917 0.00264955 -0.866069
t -0.0289938 0.998982 -0.0345449
bt 0.765996 0.00265058 -0.64284
t -0.0368759 0.99893 -0.0279285
bt 0.765996 0.0026504 -0.64284
t -0.0339194 0.997281 -0.0654215
bt 0.948455 0.00351998 -0.316893
t -0.0154518 0.998979 -0.042444
bt 0.957035 0.00351972 -0.289951
t 0.0717413 0.988132 -0.135825
bt 0.996274 0.0015817 -0.0862303
t 0.0198698 0.990854 -0.13347
bt 0.995374 -0.00410633 -0.0959893
t 0.112961 0.993577 -0.00662292
bt -0.0277937 -0.00278491 -0.99961
t 0.112616 0.993441 -0.0198372
bt -0.0247861 0.00853759 -0.999656
t 0.112601 0.993442 0.0198418
bt 0.19775 -0.00573859 -0.980236
t 0.110099 0.993383 0.0326982
bt 0.197253 -0.00568445 -0.980336
t 0.0990871 0.993434 0.0571859
bt 0.499322 -0.0066808 -0.866391
t 0.0925653 0.99335 0.0684622
bt 0.499322 -0.00668055 -0.866391
t 0.0735816 0.993435 0.0875949
bt 0.765511 -0.00667591 -0.643388
t 0.0635715 0.993351 0.0959825
bt 0.765511 -0.00667624 -0.643388
t 0.0391507 0.993435 0.107494
bt 0.939397 -0.00667633 -0.342766
t 0.0391507 0.993435 0.107494
bt 0.939397 -0.00667633 -0.342766
t -0.998394 0.0322546 -0.0465789
bt 0.0681553 -0.621768 -0.78023
t -0.964642 -0.0322674 0.26158
bt -0.235422 -0.62178 -0.746971
t -0.964641 -0.032264 0.261584
bt -0.1349 -0.618395 -0.774202
t -0.998394 0.0322546 -0.0465789
bt 0.0681553 -0.621768 -0.78023
t -0.996208 -0.00350038 -0.0869366
bt -0.00469743 -0.9986 0.0526913
t -0.953763 0.00350324 0.300538
bt 0.0158836 -0.9986 0.0504579
t -0.953763 0.00350335 0.300538
bt 0.00945482 -0.998577 0.0524838
t -0.996208 -0.00350038 -0.0869366
bt -0.00469743 -0.9986 0.0526913
t -0.998231 -0.0328183 -0.0495838
bt -0.0655664 -0.65721 0.750851
t -0.96383 0.0328299 0.26449
bt 0.226555 -0.657334 0.718738
t -0.963831 0.0328336 0.264486
bt 0.130206 -0.654043 0.745167
t -0.998231 -0.0328183 -0.0495838
bt -0.0655664 -0.65721 0.750851
t -0.996584 0.0205802 -0.0799865
bt 0.0287334 -0.944399 -0.327544
t -0.955642 -0.0205858 0.293811
bt -0.0989147 -0.944401 -0.313564
t -0.955642 -0.0205873 0.29381
bt -0.0584428 -0.943556 -0.326017
t -0.996584 0.0205802 -0.0799865
bt 0.0287334 -0.944399 -0.327544
t -0.996583 -0.0205821 -0.0799858
bt -0.0287334 -0.944399 0.327544
t -0.955642 0.0205936 0.29381
bt 0.0989416 -0.94437 0.313649
t -0.955642 0.0205858 0.293811
bt 0.0584519 -0.943556 0.326015
t -0.996583 -0.0205821 -0.0799858
bt -0.0287334 -0.944399 0.327544
t -0.996289 0.0107562 -0.0853936
bt 0.0143456 -0.986393 -0.163779
t -0.954201 -0.0107498 0.298972
bt -0.0493722 -0.986393 -0.156818
t -0.954201 -0.0107514 0.298972
bt -0.029412 -0.986176 -0.163073
t -0.996289 0.0107562 -0.0853936
bt 0.0143456 -0.986393 -0.163779
t -0.997119 -0.028983 -0.0701043
bt -0.0442522 -0.861589 0.505673
t -0.958307 0.0289979 0.284264
bt 0.152684 -0.861546 0.484175
t -0.955015 0.0126545 0.296287
bt 0.0638373 -0.940221 0.334528
t -0.996502 -0.012666 -0.0825973
bt -0.0295149 -0.940968 0.337206
t -0.954072 0.00927299 0.299432
bt 0.0252666 -0.989806 0.14016
t -0.996265 -0.00927812 -0.0858517
bt -0.0123293 -0.989967 0.140761
t -0.998967 -0.0277064 -0.0360215
bt -0.0766316 -0.476498 0.87583
t -0.967486 0.0277325 0.2514
bt 0.264356 -0.476532 0.838471
t -0.967484 0.0277284 0.251408
bt 0.149655 -0.473182 0.86816
t -0.998967 -0.0277064 -0.0360215
bt -0.0766316 -0.476498 0.87583
t -0.999302 -0.0224689 -0.029848
bt -0.081145 -0.365285 0.927352
t -0.969143 0.0225475 0.245465
bt 0.279932 -0.365316 0.887796
t -0.969145 0.02255 0.245459
bt 0.15741 -0.362393 0.918637
t -0.999302 -0.0224689 -0.029848
bt -0.081145 -0.365285 0.927352
t -0.995246 0.0972944 -0.00432067
bt -0.207899 -0.73614 -0.644109
t -0.995247 0.0972898 -0.00432465
bt 0.0563715 -0.76305 -0.643876
t -0.961604 -0.0315207 0.272625
bt -0.210382 -0.761369 -0.613235
t -0.960892 -0.0336133 0.274875
bt -0.293236 -0.757412 -0.583387
t -0.997475 -0.0316975 -0.0635581
bt -0.0520924 -0.802459 0.594429
t -0.960065 0.0317212 0.277974
bt 0.179419 -0.802456 0.569099
t -0.960065 0.0317233 0.277973
bt 0.104434 -0.800007 0.590831
t -0.997475 -0.0316975 -0.0635581
bt -0.0520924 -0.802459 0.594429
t -0.997842 0.0327258 -0.0569316
bt 0.0591668 -0.73431 -0.676231
t -0.962165 -0.0323499 0.27054
bt -0.213475 -0.733337 -0.645481
t -0.956738 -0.0172075 0.290441
bt -0.109932 -0.854417 -0.507825
t -0.996908 0.017497 -0.0766078
bt 0.0706961 -0.855651 -0.512702
t -0.99624 0.0075173 -0.0863072
bt 0.00994689 -0.993469 -0.113664
t -0.954204 -0.00749882 0.299063
bt -0.0410578 -0.993296 -0.108057
t -0.954794 -0.0109762 0.297065
bt -0.0772883 -0.956392 -0.281676
t -0.996421 0.0110377 -0.083807
bt 0.0252728 -0.957028 -0.288894
t -0.988252 -0.00187736 -0.152822
bt 0.222484 -0.0276374 -0.974544
t -0.988251 -0.00187749 -0.152827
bt 0.0870987 -0.0279037 -0.995809
t -0.915591 0.0018396 -0.402106
bt 0.461561 -0.0279547 -0.886668
t -0.915591 0.0018396 -0.402106
bt 0.461561 -0.0279547 -0.886668
t -0.992216 -0.0331373 -0.120036
bt 0.0618842 -0.707101 -0.704399
t -0.901329 0.0331192 -0.431867
bt 0.326686 -0.707054 -0.627177
t -0.901328 0.0331178 -0.431869
bt 0.242447 -0.703974 -0.667563
t -0.992216 -0.0331373 -0.120036
bt 0.0618842 -0.707101 -0.704399
t -0.997989 -0.0330895 -0.0540575
bt -0.0618798 -0.707151 0.70435
t -0.962636 0.0330892 0.268771
bt 0.212664 -0.707115 0.674361
t -0.962636 0.0330899 0.26877
bt 0.122513 -0.704019 0.699534
t -0.997989 -0.0330895 -0.0540575
bt -0.0618798 -0.707151 0.70435
t -0.996191 0 -0.0872004
bt 0 -1 0
t -0.996191 0 -0.0872004
bt 0 -1 0
t -0.953718 0 0.300703
bt 0 -1 0
t -0.953718 0 0.300703
bt 0 -1 0
t -0.996199 0.00255801 -0.0870684
bt 0.00337811 -0.999255 -0.03845
t -0.953738 -0.00255789 0.300629
bt -0.011563 -0.999255 -0.0368274
t -0.953738 -0.00255784 0.300629
bt -0.00691874 -0.999243 -0.0382914
t -0.996199 0.00255801 -0.0870684
bt 0.00337811 -0.999255 -0.03845
t -0.997901 0.0330603 -0.0556807
bt 0.0601479 -0.724221 -0.68694
t -0.962187 -0.0330938 0.270371
bt -0.20732 -0.724207 -0.657679
t -0.962187 -0.0330947 0.27037
bt -0.0347898 -0.712705 -0.700601
t -0.997901 0.033065 -0.0556762
bt 0.148268 -0.721361 -0.676502
t -0.997901 -0.0330603 -0.0556761
bt -0.0601434 -0.724271 0.686888
t -0.962188 0.0330899 0.27037
bt 0.207304 -0.724257 0.657629
t -0.962187 0.0330863 0.270374
bt 0.119789 -0.72126 0.682228
t -0.997901 -0.0330603 -0.0556761
bt -0.0601434 -0.724271 0.686888
t -0.996199 -0.000608515 -0.0871007
bt -0.00132714 -0.999884 0.015142
t -0.95352 0.000655541 0.301328
bt 0.0109276 -0.999849 0.013536
t -0.954139 -0.00161372 0.29936
bt 0.00251109 -0.999633 -0.0269893
t -0.9962 0.00179456 -0.0870822
bt 0.00236913 -0.99963 -0.0270974
t -0.996198 -0.00140726 -0.0871046
bt -0.00308558 -0.999373 0.035264
t -0.953735 0.00140691 0.300646
bt 0.014301 -0.999366 0.0326096
t -0.953752 0.00202534 0.300588
bt 0.0117035 -0.998691 0.0497835
t -0.996205 -0.00201999 -0.0870102
bt -0.00443589 -0.998704 0.0507067
t -0.996273 0.0066643 -0.0860019
bt 0.014608 -0.985855 -0.166963
t -0.953966 -0.00630732 0.299847
bt -0.0528432 -0.985784 -0.159491
t -0.996208 0.00365263 -0.0869321
bt 0.00483866 -0.998475 -0.0549863
t -0.953787 -0.00365146 0.30046
bt -0.0165992 -0.998475 -0.0526439
t -0.953787 -0.00365131 0.30046
bt -0.00988496 -0.998451 -0.0547592
t -0.996208 0.00365263 -0.0869321
bt 0.00483866 -0.998475 -0.0549863
t -0.988251 0.00187749 -0.152827
bt -0.0870987 -0.0279037 0.995809
t -0.915591 -0.0018396 -0.402106
bt -0.461561 -0.0279547 0.886668
t -0.915592 -0.00183969 -0.402103
bt -0.335958 -0.0276934 0.94147
t -0.988251 0.00187749 -0.152827
bt -0.0870987 -0.0279037 0.995809
t 0.998394 0.0322501 0.0465846
bt 0.134423 -0.608943 0.781741
t 0.998394 0.0322509 0.0465836
bt -0.0682132 -0.621768 0.780225
t 0.964642 -0.0322676 -0.26158
bt 0.235523 -0.62178 0.74694
t 0.964642 -0.0322661 -0.261582
bt 0.330664 -0.6186 0.712738
t 0.996208 -0.00350749 0.0869366
bt -0.00878073 -0.998504 -0.0539653
t 0.996208 -0.00350734 0.0869366
bt 0.00458613 -0.998595 -0.0528011
t 0.953763 0.00350966 -0.300538
bt -0.0157979 -0.998595 -0.0505895
t 0.953763 0.00350955 -0.300538
bt -0.022268 -0.998573 -0.0485482
t 0.998231 -0.0328122 0.049587
bt -0.129124 -0.644788 -0.753376
t 0.998231 -0.03281 0.0495896
bt 0.065715 -0.657316 -0.750745
t 0.96383 0.0328298 -0.26449
bt -0.226653 -0.657334 -0.718707
t 0.96383 0.0328332 -0.264486
bt -0.318204 -0.654227 -0.6861
t 0.996583 0.0205808 0.0799862
bt 0.0551623 -0.941058 0.333716
t 0.996583 0.0205791 0.0799868
bt -0.0286181 -0.944399 0.327554
t 0.955642 -0.0205854 -0.293811
bt 0.0988468 -0.944401 0.313586
t 0.955642 -0.0205872 -0.29381
bt 0.138849 -0.943567 0.300669
t 0.996583 -0.0205792 0.0799868
bt -0.0551446 -0.94106 -0.333715
t 0.996583 -0.0205809 0.0799862
bt 0.0286178 -0.944399 -0.327554
t 0.955642 0.0205889 -0.29381
bt -0.0988474 -0.944401 -0.313585
t 0.955642 0.0205871 -0.29381
bt -0.13884 -0.943568 -0.300671
t 0.996289 0.0107569 0.0853935
bt -0.0143336 -0.986393 0.16378
t 0.954201 -0.0107506 -0.298972
bt 0.0494112 -0.986393 0.156806
t 0.954201 -0.0107498 -0.298972
bt 0.0293843 -0.986175 0.163081
t 0.996289 0.0107569 0.0853934
bt -0.0143336 -0.986393 0.16378
t 0.996503 -0.0126663 0.0825972
bt -0.0492566 -0.93803 -0.343036
t 0.997119 -0.0289855 0.0701028
bt 0.0443184 -0.861589 -0.505668
t 0.958307 0.028994 -0.284266
bt -0.152683 -0.861546 -0.484175
t 0.955015 0.0126522 -0.296288
bt -0.139305 -0.94023 -0.310742
t 0.996265 -0.0092778 0.0858517
bt -0.0236355 -0.989322 -0.143816
t 0.954067 0.00927676 -0.299449
bt -0.0596883 -0.989805 -0.129319
t 0.998967 -0.0277034 0.0360269
bt -0.151903 -0.464021 -0.872703
t 0.998967 -0.0277055 0.0360231
bt 0.0766217 -0.476498 -0.875831
t 0.967485 0.0277281 -0.251402
bt -0.264376 -0.476574 -0.83844
t 0.967485 0.0277273 -0.251404
bt -0.371089 -0.473484 -0.798815
t 0.999302 -0.0224686 0.0298488
bt -0.161438 -0.354518 -0.921008
t 0.999302 -0.0224697 0.0298462
bt 0.0811455 -0.365285 -0.927352
t 0.969144 0.0225491 -0.245462
bt -0.279905 -0.365316 -0.887805
t 0.969145 0.02255 -0.245459
bt -0.392844 -0.362657 -0.845076
t 0.997913 0.0330664 0.05546
bt -0.0603335 -0.72197 0.689289
t 0.961863 -0.0342201 -0.271383
bt 0.272766 -0.721858 0.636018
t 0.962472 -0.0322237 -0.269459
bt 0.029369 -0.711441 0.702132
t 0.997913 0.0330664 0.05546
bt -0.0603335 -0.72197 0.689289
t 0.996198 -0.00167444 0.087107
bt -0.00490324 -0.999076 -0.0426888
t 0.996205 -0.00215919 0.0870118
bt 0.00474004 -0.998519 -0.0541943
t 0.953738 0.00216694 -0.300631
bt -0.0167381 -0.998514 -0.0518666
t 0.95394 0.00160479 -0.299994
bt -0.0126172 -0.999155 -0.0391173
t 0.997475 -0.031703 0.063554
bt -0.101223 -0.792991 -0.600766
t 0.997475 -0.031697 0.0635585
bt 0.0521041 -0.802459 -0.594428
t 0.960065 0.031721 -0.277974
bt -0.179386 -0.802456 -0.569109
t 0.960064 0.0317197 -0.277975
bt -0.251964 -0.800098 -0.544387
t 0.997978 0.0334127 0.0540757
bt -0.0613877 -0.709903 0.701619
t 0.962437 -0.0341578 -0.269349
bt 0.202713 -0.710746 0.673608
t 0.956986 -0.0184095 -0.289549
bt 0.0791135 -0.839531 0.53752
t 0.996977 0.0181597 0.0755517
bt -0.0717238 -0.841927 0.534804
t 0.997362 -0.00832763 -0.0721048
bt 0.083011 -0.648626 0.756567
t 0.99857 0.0209974 0.0491562
bt -0.161988 -0.692535 0.702961
t 0.963221 -0.0241446 -0.267623
bt 0.33337 -0.68693 0.645749
t 0.968017 -0.0433225 -0.247118
bt 0.318242 -0.609954 0.725726
t 0.988253 -0.00187718 0.152816
bt -0.342589 -0.02694 0.939099
t 0.988251 -0.00187746 0.152826
bt -0.08711 -0.0279037 0.995808
t 0.915596 0.00183996 0.402094
bt -0.461561 -0.0279547 0.886668
t 0.915596 0.00183996 0.402094
bt -0.461561 -0.0279547 0.886668
t 0.992217 -0.0331349 0.120034
bt -0.241882 -0.695292 0.676803
t 0.992217 -0.0331351 0.120034
bt -0.0617645 -0.707101 0.70441
t 0.901329 0.0331149 0.431867
bt -0.326379 -0.707104 0.62728
t 0.901328 0.0331126 0.431869
bt -0.405788 -0.704176 0.582642
t 0.99799 -0.0330967 0.0540486
bt -0.120782 -0.695286 -0.708512
t 0.99799 -0.0330948 0.0540505
bt 0.0617646 -0.707101 -0.70441
t 0.974043 0.0984657 -0.203824
bt -0.212668 -0.707067 -0.674409
t 0.962635 0.0330866 -0.268774
bt -0.298618 -0.704173 -0.64418
t 0.996191 0 0.0872004
bt 0 -1 0
t 0.996191 0 0.0872004
bt 0 -1 0
t 0.953718 0 -0.300703
bt 0 -1 0
t 0.953718 0 -0.300703
bt 0 -1 0
t 0.996199 0.00255777 0.0870684
bt 0.00649661 -0.999206 0.0393123
t 0.996199 0.00255757 0.0870684
bt -0.00337811 -0.999255 0.03845
t 0.953738 -0.00255832 -0.300629
bt 0.0116979 -0.999255 0.0367849
t 0.953738 -0.00255823 -0.300629
bt 0.0163475 -0.999242 0.0353183
t 0.997901 0.0330596 0.0556768
bt 0.117644 -0.712779 0.691453
t 0.997901 0.0330544 0.0556817
bt -0.0601328 -0.724271 0.686889
t 0.962187 -0.0330864 -0.270374
bt 0.207399 -0.724257 0.6576
t 0.962187 -0.0330864 -0.270374
bt 0.207399 -0.724257 0.6576
t 0.997901 -0.0330568 0.0556794
bt -0.117653 -0.712777 -0.691452
t 0.997901 -0.033062 0.0556745
bt 0.0601328 -0.724271 -0.686889
t 0.962188 0.0330916 -0.270369
bt -0.207399 -0.724257 -0.6576
t 0.962189 0.0330943 -0.270366
bt -0.291171 -0.721401 -0.628331
t 0.996199 -0.00192124 0.087082
bt 0.00229402 -0.999579 -0.0289094
t 0.95332 0.00182111 -0.301955
bt 0.00204884 -0.999581 -0.0288639
t 0.996198 -0.00137943 0.0871047
bt -0.00378623 -0.999374 -0.0351628
t 0.996276 0.00686342 0.0859496
bt -0.0154801 -0.984104 0.176919
t 0.954141 -0.00679524 -0.299281
bt 0.0510042 -0.984172 0.169717
t 0.953742 0.00137825 -0.300624
bt -0.0157485 -0.999382 -0.0314169
t 0.996208 0.00365298 0.0869321
bt 0.0091941 -0.998377 0.0562083
t 0.996208 0.00365331 0.086932
bt -0.0048389 -0.998475 0.0549863
t 0.953787 -0.00365135 -0.30046
bt 0.0165439 -0.998475 0.0526613
t 0.953787 -0.00365125 -0.30046
bt 0.0232559 -0.998451 0.0505441
t 0.988252 0.00187736 0.152822
bt 0.342588 -0.02694 -0.939099
t 0.988254 0.00187708 0.152812
bt 0.0871101 -0.0279037 -0.995808
t 0.915592 -0.00183968 0.402103
bt 0.461561 -0.0279547 -0.886668
t 0.915592 -0.00183966 0.402104
bt 0.572733 -0.0277173 -0.819273
t -0.0465782 0.0322552 0.998394
bt -0.781747 -0.608954 0.13434
t -0.0465829 0.0322514 0.998394
bt -0.780228 -0.621768 -0.0681868
t 0.261586 -0.0322627 0.964641
bt -0.746971 -0.62178 0.235422
t 0.261584 -0.0322641 0.964641
bt -0.712767 -0.618605 0.330591
t -0.0869366 -0.00350087 0.996208
bt 0.0538668 -0.998509 -0.00879946
t -0.0869366 -0.00350073 0.996208
bt 0.0527044 -0.9986 0.00454744
t 0.300538 0.00350284 0.953763
bt 0.0504943 -0.9986 -0.0157679
t 0.300538 0.00350294 0.953763
bt 0.0484506 -0.998578 -0.0222462
t -0.0495868 -0.0328124 0.998231
bt 0.75338 -0.644797 -0.129057
t -0.0495834 -0.0328153 0.998231
bt 0.750745 -0.657316 0.0657173
t 0.264486 0.0328329 0.96383
bt 0.718726 -0.657334 -0.226593
t 0.264488 0.0328312 0.96383
bt 0.686125 -0.654231 -0.318141
t -0.0799863 0.0205806 0.996583
bt -0.333718 -0.941055 0.0552065
t -0.0799858 0.0205821 0.996583
bt -0.327544 -0.944399 -0.0287334
t 0.29381 -0.0205873 0.955642
bt -0.313564 -0.944401 0.0989152
t 0.29381 -0.0205877 0.955642
bt -0.300639 -0.943564 0.138937
t -0.0799856 -0.0205825 0.996583
bt 0.333717 -0.941056 -0.0551878
t -0.0799862 -0.020581 0.996584
bt 0.327544 -0.944399 0.0287334
t 0.293811 0.0205925 0.955642
bt 0.313649 -0.94437 -0.098942
t 0.293811 0.0205921 0.955642
bt 0.300728 -0.943533 -0.138955
t -0.0853934 0.0107572 0.996289
bt -0.163781 -0.986393 -0.0143267
t 0.298972 -0.0107504 0.954201
bt -0.156792 -0.986393 0.0494573
t 0.298972 -0.0107506 0.954201
bt -0.163064 -0.986176 0.0294415
t -0.0853934 0.0107572 0.996289
bt -0.163781 -0.986393 -0.0143267
t -0.0825967 -0.0126676 0.996503
bt 0.343036 -0.93803 -0.0492538
t -0.0701018 -0.0289872 0.997119
bt 0.505673 -0.861589 0.044258
t 0.284266 0.0289899 0.958307
bt 0.484101 -0.86159 -0.152671
t 0.296375 0.0126874 0.954987
bt 0.310707 -0.940233 -0.139367
t -0.0858519 -0.00927675 0.996265
bt 0.143815 -0.989322 -0.0236297
t 0.299432 0.00927451 0.954073
bt 0.129308 -0.989807 -0.0596834
t -0.0360294 -0.0277021 0.998967
bt 0.872704 -0.464022 -0.151895
t -0.0360267 -0.0277036 0.998967
bt 0.87583 -0.476498 0.0766267
t 0.251403 0.0277276 0.967485
bt 0.838444 -0.476574 -0.264366
t 0.251405 0.02773 0.967485
bt 0.798841 -0.473441 -0.37109
t -0.0298456 -0.0224699 0.999302
bt 0.921007 -0.354518 -0.161438
t -0.0298518 -0.0224675 0.999302
bt 0.927352 -0.365285 0.0811432
t 0.245463 0.0225487 0.969144
bt 0.887805 -0.365316 -0.279905
t 0.245463 0.0225486 0.969144
bt 0.845073 -0.362657 -0.392851
t -0.054967 0.0306224 0.998019
bt -0.670408 -0.725845 0.153953
t -0.0605804 0.0358929 0.997518
bt -0.670536 -0.741677 -0.0172385
t 0.208734 -0.0955289 0.973296
bt -0.635435 -0.733932 0.239927
t 0.273428 -0.0351639 0.961249
bt -0.60534 -0.729153 0.319218
t -0.0853044 -0.00108696 0.996354
bt 0.0302267 -0.999404 -0.0166416
t -0.0871116 -0.00220085 0.996196
bt 0.0550046 -0.998469 0.0057667
t 0.300537 0.00218144 0.953767
bt 0.0527173 -0.998486 -0.0157031
t 0.302222 0.00140544 0.953236
bt 0.0280618 -0.999327 -0.0236428
t -0.0635537 -0.0317035 0.997475
bt 0.600765 -0.792976 -0.101342
t -0.0635574 -0.0316984 0.997475
bt 0.594439 -0.802459 0.0519693
t 0.277974 0.0317213 0.960065
bt 0.569077 -0.802456 -0.17949
t 0.277974 0.0317205 0.960065
bt 0.544363 -0.800094 -0.252028
t -0.0761731 0.0184549 0.996924
bt -0.532575 -0.844687 0.0535399
t -0.0571397 0.0349319 0.997755
bt -0.691201 -0.721769 -0.0359232
t 0.26834 -0.0312885 0.962816
bt -0.6576 -0.717118 0.230876
t 0.289175 -0.0183039 0.957101
bt -0.494397 -0.845497 0.201759
t 0.150164 0.0289848 0.988236
bt -0.685567 -0.597451 0.415993
t -0.0480589 0.0214406 0.998614
bt -0.717048 -0.680789 -0.149562
t 0.293037 -0.00528125 0.956087
bt -0.646267 -0.688926 0.328208
t 0.311969 -0.0335426 0.9495
bt -0.645271 -0.618656 0.448208
t 0.152821 -0.00187733 -0.988252
bt 0.939105 -0.0269401 0.342573
t 0.152812 -0.00187707 -0.988254
bt 0.995808 -0.0279037 0.0871054
t 0.402108 0.00183955 -0.915591
bt 0.886678 -0.0279547 0.461541
t 0.402104 0.00183965 -0.915592
bt 0.819283 -0.0277174 0.572719
t 0.120014 -0.0331411 -0.992219
bt 0.676731 -0.695321 0.241998
t 0.120019 -0.0331462 -0.992218
bt 0.704355 -0.707151 0.0618208
t 0.431864 0.0331189 -0.901331
bt 0.627179 -0.707104 0.326574
t 0.431867 0.0331153 -0.901329
bt 0.58256 -0.704166 0.405924
t -0.0540528 -0.0330942 0.997989
bt 0.708464 -0.695332 -0.120797
t -0.054059 -0.033088 0.997989
bt 0.704384 -0.707151 0.0614936
t 0.268773 0.0330876 0.962635
bt 0.674398 -0.707115 -0.212546
t 0.268774 0.0330864 0.962635
bt 0.644201 -0.704177 -0.298564
t -0.0872004 0 0.996191
bt 0 -1 0
t -0.0872004 0 0.996191
bt 0 -1 0
t 0.300703 0 0.953718
bt 0 -1 0
t 0.300703 0 0.953718
bt 0 -1 0
t -0.0870684 0.00255774 0.996199
bt -0.0393037 -0.999207 0.00639739
t -0.0870684 0.00255772 0.996199
bt -0.0384478 -0.999255 -0.0034035
t 0.300629 -0.00255833 0.953738
bt -0.0368296 -0.999255 0.011556
t 0.300629 -0.00255842 0.953738
bt -0.0353302 -0.999243 0.0163097
t -0.0556765 0.0330598 0.997901
bt -0.691455 -0.712788 0.117575
t -0.0556803 0.0330559 0.997901
bt -0.686889 -0.724271 -0.0601343
t 0.270372 -0.0330882 0.962187
bt -0.657631 -0.724257 0.207299
t 0.270373 -0.0330875 0.962187
bt -0.628344 -0.721404 0.291137
t -0.0556784 -0.0330579 0.997901
bt 0.691455 -0.712786 -0.117583
t -0.0556747 -0.0330618 0.997901
bt 0.686889 -0.724271 0.0601344
t 0.270369 0.0330914 0.962188
bt 0.657631 -0.724257 -0.207299
t 0.270368 0.0330921 0.962188
bt 0.628342 -0.721403 -0.291141
t 0.297615 0.0007301 0.954686
bt 0.00333562 -0.999595 -0.0282632
t -0.0906006 -5.59162e-05 0.995887
bt 0.00334101 -0.999605 -0.0278988
t -0.0870048 -0.00139168 0.996207
bt 0.0355168 -0.999364 -0.00324963
t -0.085399 0.00686537 0.996323
bt -0.172485 -0.984973 -0.00876099
t 0.299978 -0.00734283 0.953918
bt -0.164673 -0.984641 0.0580116
t 0.300739 0.00139082 0.953705
bt 0.0318062 -0.999379 -0.015182
t -0.0869321 0.00365272 0.996208
bt -0.0562091 -0.998377 0.00920345
t -0.0869321 0.00365298 0.996208
bt -0.0549863 -0.998475 -0.00483866
t 0.30046 -0.0036513 0.953787
bt -0.0526555 -0.998475 0.0165623
t 0.30046 -0.00365122 0.953787
bt -0.0505402 -0.998451 0.0232681
t 0.152813 0.0018771 -0.988253
bt -0.939105 -0.0269401 -0.342572
t 0.152822 0.00187736 -0.988252
bt -0.995808 -0.0279037 -0.0871054
t 0.402096 -0.00183991 -0.915596
bt -0.886678 -0.0279547 -0.461541
t 0.402099 -0.00183981 -0.915594
bt -0.819283 -0.0277174 -0.572719
t 0.046585 0.0322497 -0.998394
bt 0.781749 -0.608957 -0.134313
t 0.0465847 0.0322501 -0.998394
bt 0.780225 -0.621768 0.0682158
t -0.26158 -0.0322676 -0.964642
bt 0.746987 -0.62178 -0.235372
t -0.261578 -0.032269 -0.964643
bt 0.712792 -0.618609 -0.330531
t 0.0869366 -0.00350703 -0.996208
bt -0.0539653 -0.998504 0.00878044
t 0.0869366 -0.00350735 -0.996208
bt -0.0528037 -0.998595 -0.00455613
t -0.300538 0.00351012 -0.953763
bt -0.0505731 -0.998595 0.0158498
t -0.300538 0.00351 -0.953763
bt -0.0485318 -0.998572 0.0223199
t 0.049586 -0.0328131 -0.998231
bt -0.753381 -0.644801 0.129029
t 0.049589 -0.0328104 -0.998231
bt -0.750742 -0.657316 -0.0657435
t -0.264487 0.0328323 -0.96383
bt -0.718745 -0.657334 0.226533
t -0.264486 0.0328331 -0.96383
bt -0.686141 -0.654234 0.318102
t 0.0799859 0.0205817 -0.996584
bt 0.33372 -0.941053 -0.0552353
t 0.0799864 0.0205802 -0.996583
bt 0.327556 -0.944399 0.0285969
t -0.29381 -0.0205875 -0.955642
bt 0.313559 -0.944401 -0.098931
t -0.29381 -0.0205872 -0.955642
bt 0.300645 -0.943564 -0.138919
t 0.0799869 -0.020579 -0.996583
bt -0.333719 -0.941054 0.0552169
t 0.0799864 -0.0205805 -0.996584
bt -0.327556 -0.944399 -0.0285966
t -0.29381 0.0205887 -0.955642
bt -0.313559 -0.944401 0.098931
t -0.29381 0.020589 -0.955642
bt -0.300648 -0.943565 0.13891
t 0.0853934 0.0107571 -0.996289
bt 0.163782 -0.986393 0.0143107
t -0.298972 -0.010751 -0.954201
bt 0.156765 -0.986393 -0.0495431
t -0.298972 -0.0107496 -0.954201
bt 0.163076 -0.986175 -0.0294005
t 0.0853934 0.0107571 -0.996289
bt 0.163782 -0.986393 0.0143107
t 0.0825979 -0.0126681 -0.996502
bt -0.343122 -0.938 0.0492339
t 0.0701018 -0.0289929 -0.997118
bt -0.505746 -0.861546 -0.0442745
t -0.284264 0.0289975 -0.958307
bt -0.484188 -0.861546 0.152644
t -0.296287 0.0126538 -0.955015
bt -0.310742 -0.94023 0.139306
t 0.0858517 -0.00927795 -0.996265
bt -0.143817 -0.989322 0.0236509
t -0.299449 0.00927665 -0.954067
bt -0.129312 -0.989805 0.0597113
t 0.0360275 -0.0277031 -0.998967
bt -0.872701 -0.464019 0.151915
t 0.0360296 -0.027702 -0.998967
bt -0.875831 -0.476497 -0.0766217
t -0.251402 0.0277316 -0.967485
bt -0.838457 -0.476532 0.264399
t -0.251402 0.0277315 -0.967485
bt -0.798836 -0.47344 0.3711
t 0.0298431 -0.0224708 -0.999302
bt -0.921005 -0.354516 0.161459
t 0.0298383 -0.0224728 -0.999302
bt -0.927353 -0.365285 -0.0811408
t -0.24546 0.0225498 -0.969144
bt -0.887796 -0.365316 0.279933
t -0.245457 0.0225511 -0.969145
bt -0.845068 -0.362656 0.392862
t 0.0543101 0.0299967 -0.998073
bt 0.663317 -0.741697 0.0994804
t -0.275668 -0.0356132 -0.960593
bt 0.614912 -0.749512 -0.245184
t -0.270543 -0.0306963 -0.962218
bt 0.679473 -0.733668 0.00689529
t 0.0599127 0.0352993 -0.997579
bt 0.663356 -0.741661 0.0994833
t 0.0889026 -0.00119435 -0.99604
bt -0.0284199 -0.999586 -0.00442566
t 0.0870118 -0.00219546 -0.996205
bt -0.0551714 -0.998469 -0.00386626
t -0.300652 0.00221276 -0.953731
bt -0.0527623 -0.998453 0.0175613
t -0.299055 0.000896666 -0.954236
bt -0.0241301 -0.999707 0.00191495
t 0.0635587 -0.0317021 -0.997474
bt -0.600832 -0.792936 0.101258
t 0.0635524 -0.0317104 -0.997475
bt -0.594504 -0.802411 -0.0519651
t -0.277969 0.031728 -0.960066
bt -0.569101 -0.802456 0.179413
t -0.277971 0.0317248 -0.960065
bt -0.544394 -0.800099 0.251945
t 0.0538606 0.0311212 -0.998063
bt 0.686957 -0.72175 0.0846536
t -0.272021 -0.0349208 -0.961658
bt 0.661811 -0.726526 -0.184842
t -0.290263 -0.0185325 -0.956767
bt 0.527267 -0.847389 -0.0626222
t 0.075986 0.0172426 -0.99696
bt 0.522004 -0.848031 0.0914077
t -0.083683 0.0223422 -0.996242
bt 0.704475 -0.607404 -0.367116
t 0.0683119 0.0204984 -0.997453
bt 0.695652 -0.703167 0.147056
t -0.274369 -0.0156775 -0.961497
bt 0.649241 -0.679463 -0.341784
t -0.267757 -0.0388219 -0.962704
bt 0.693969 -0.597483 -0.401772
t -0.152813 -0.00187711 0.988253
bt -0.974546 -0.0276374 -0.222479
t -0.152826 -0.00187747 0.988251
bt -0.995804 -0.0279037 -0.0871501
t -0.40209 0.00184007 0.915598
bt -0.886668 -0.0279547 -0.461561
t -0.402092 0.00184002 0.915597
bt -0.819274 -0.0277173 -0.572732
t -0.120021 -0.0331479 0.992218
bt -0.676712 -0.69531 -0.242086
t -0.120013 -0.0331403 0.992219
bt -0.704384 -0.707151 -0.0614945
t -0.431871 0.0331106 0.901327
bt -0.627084 -0.707104 -0.326757
t -0.431871 0.033111 0.901327
bt -0.582496 -0.704158 -0.406029
t 0.0540489 -0.033098 -0.99799
bt -0.708467 -0.695341 0.120727
t 0.0540508 -0.0330961 -0.99799
bt -0.704355 -0.707151 -0.06182
t -0.268773 0.0330868 -0.962635
bt -0.674381 -0.707115 0.212599
t -0.268774 0.0330857 -0.962635
bt -0.644187 -0.704175 0.298598
t 0.0872004 0 -0.996191
bt 0 -1 0
t 0.0872004 0 -0.996191
bt 0 -1 0
t -0.300703 0 -0.953718
bt 0 -1 0
t -0.300703 0 -0.953718
bt 0 -1 0
t 0.0870684 0.00255801 -0.996199
bt 0.0393122 -0.999206 -0.00649595
t 0.0870684 0.00255788 -0.996199
bt 0.0384498 -0.999255 0.00338014
t -0.300629 -0.0025579 -0.953738
bt 0.0367849 -0.999255 -0.0116979
t -0.300629 -0.00255782 -0.953738
bt 0.035316 -0.999242 -0.0163547
t 0.0556771 0.0330593 -0.997901
bt 0.691453 -0.712779 -0.117639
t 0.0556748 0.0330616 -0.997901
bt 0.686888 -0.724271 0.0601434
t -0.27037 -0.0330904 -0.962188
bt 0.657601 -0.724257 -0.207394
t -0.27037 -0.03309 -0.962188
bt 0.62834 -0.721403 -0.291146
t 0.0556756 -0.0330608 -0.997901
bt -0.691452 -0.712778 0.117648
t 0.0556779 -0.0330584 -0.997901
bt -0.686888 -0.724271 -0.0601434
t -0.270373 0.0330876 -0.962187
bt -0.657601 -0.724257 0.207394
t -0.270372 0.033088 -0.962187
bt -0.628339 -0.721403 0.29115
t 0.0837004 -5.01609e-05 -0.996491
bt 0.00153476 -0.999612 -0.0278264
t -0.303806 -0.000689869 -0.952734
bt 0.00159008 -0.999618 -0.0275884
t 0.0872045 -0.00139906 -0.99619
bt -0.0356052 -0.999357 0.00425287
t 0.0865518 0.00666011 -0.996225
bt 0.171387 -0.984973 0.0213215
t -0.299069 -0.00679722 -0.954207
bt 0.164459 -0.985324 -0.0457138
t -0.300339 0.00699309 -0.953807
bt -0.0332823 -0.99938 0.0115011
t 0.0869321 0.00365288 -0.996208
bt 0.0562088 -0.998377 -0.00919962
t 0.0869321 0.00365282 -0.996208
bt 0.0549863 -0.998475 0.0048389
t -0.30046 -0.00365143 -0.953787
bt 0.0526498 -0.998475 -0.0165804
t -0.30046 -0.00365131 -0.953787
bt 0.0505322 -0.998451 -0.0232937
t -0.152826 0.00187747 0.988251
bt 0.939095 -0.0269399 0.342601
t -0.152808 0.00187697 0.988254
bt 0.995804 -0.0279037 0.0871501
t -0.402109 -0.00183951 0.91559
bt 0.886668 -0.0279547 0.461561
t -0.402107 -0.00183957 0.915591
bt 0.819274 -0.0277173 0.572732
t -0.738898 0.032221 0.673046
bt -0.647835 -0.608959 -0.457689
t -0.738894 0.0322259 0.673051
bt -0.503442 -0.621782 -0.599944
t -0.497164 -0.0322432 0.867057
bt -0.69474 -0.62176 -0.361594
t -0.497162 -0.0322412 0.867059
bt -0.737825 -0.618576 -0.270144
t -0.765929 -0.00350969 0.642916
bt 0.0445297 -0.998501 0.0318133
t -0.765928 -0.00351004 0.642916
bt 0.0341772 -0.998595 0.0405061
t -0.461893 0.00351033 0.886929
bt 0.0470853 -0.998595 0.0243274
t -0.461893 0.00351036 0.886929
bt 0.0501892 -0.998571 0.018362
t -0.740908 -0.0327941 0.670805
bt 0.623997 -0.644786 0.441451
t -0.740911 -0.0327902 0.670802
bt 0.484454 -0.657304 0.577284
t -0.49454 0.0327929 0.868536
bt 0.66846 -0.657296 0.348027
t -0.49454 0.0327926 0.868536
bt 0.710154 -0.654191 0.260223
t -0.761297 0.0206071 0.648075
bt -0.274972 -0.941058 -0.196976
t -0.750604 0.0616285 0.657872
bt -0.211358 -0.944392 -0.251896
t -0.468009 -0.0205778 0.883484
bt -0.291621 -0.944402 -0.151864
t -0.468009 -0.0205782 0.883484
bt -0.31077 -0.943569 -0.114455
t -0.750604 -0.0616285 0.657872
bt 0.306047 -0.936891 0.16903
t -0.750603 -0.0616309 0.657873
bt 0.211358 -0.944392 0.251896
t -0.46801 0.0205798 0.883484
bt 0.291621 -0.944402 0.151864
t -0.46801 0.0205794 0.883484
bt 0.310766 -0.943569 0.114463
t -0.764855 0.0107557 0.644113
bt -0.137732 -0.985524 -0.0988586
t -0.764855 0.0107554 0.644113
bt -0.105725 -0.986393 -0.125904
t -0.463356 -0.0107421 0.886107
bt -0.145823 -0.986393 -0.0759225
t -0.463306 -0.0107505 0.886133
bt -0.155462 -0.986179 -0.0572985
t -0.763054 -0.0126766 0.646211
bt 0.277369 -0.938026 0.207783
t -0.754634 -0.0289874 0.655505
bt 0.326387 -0.861586 0.38877
t -0.476626 0.0289881 0.878628
bt 0.450231 -0.861579 0.234467
t -0.465778 0.0126588 0.884811
bt 0.318242 -0.940229 0.121206
t -0.765196 -0.00928273 0.64373
bt 0.11844 -0.989321 0.0849524
t -0.462897 0.00927552 0.886364
bt 0.133685 -0.989804 0.0491583
t -0.731873 -0.0277698 0.680875
bt 0.724463 -0.464096 0.509675
t -0.731878 -0.0277692 0.68087
bt 0.565088 -0.476542 0.673486
t -0.58916 0.0821119 0.803833
bt 0.779807 -0.47655 0.405957
t -0.58916 0.0821119 0.803833
bt 0.779807 -0.47655 0.405957
t -0.727742 -0.0225516 0.68548
bt 0.76541 -0.354543 0.537072
t -0.727741 -0.0225524 0.685482
bt 0.598372 -0.365333 0.713079
t -0.511733 0.0225232 0.858849
bt 0.825687 -0.365363 0.429826
t -0.511735 0.0225239 0.858848
bt 0.875329 -0.3627 0.319761
t -0.745951 0.0311203 0.665273
bt -0.567343 -0.741257 -0.358693
t -0.707017 0.0996739 0.700138
bt -0.442717 -0.756581 -0.481235
t -0.489678 -0.0300674 0.871385
bt -0.603901 -0.749625 -0.270861
t -0.484903 -0.0350167 0.873867
bt -0.639411 -0.744491 -0.192058
t -0.765197 -0.000737556 0.643796
bt 0.02468 -0.999686 0.00432221
t -0.765979 -0.00222115 0.642862
bt 0.0386044 -0.99843 0.0405753
t -0.461924 0.00220396 0.886917
bt 0.0508367 -0.998448 0.0227558
t -0.460274 0.000979941 0.887776
bt 0.0274254 -0.999623 -0.00162661
t -0.750278 -0.0317214 0.660361
bt 0.49641 -0.792979 0.353216
t -0.750275 -0.0317276 0.660364
bt 0.383564 -0.802455 0.457105
t -0.482289 0.0317463 0.875437
bt 0.529271 -0.80246 0.275554
t -0.482289 0.0317463 0.875437
bt 0.563104 -0.800103 0.206758
t -0.758707 0.0188768 0.651158
bt -0.405819 -0.849986 -0.33591
t -0.74599 0.0346871 0.665053
bt -0.452181 -0.730562 -0.511675
t -0.541026 -0.0961943 0.835486
bt -0.619689 -0.726493 -0.296974
t -0.471328 -0.0169279 0.881795
bt -0.484972 -0.850756 -0.202527
t -0.754783 0.0193766 0.655688
bt -0.494483 -0.68457 -0.535585
t -0.487611 -0.0252691 0.872695
bt -0.610624 -0.677036 -0.410805
t -0.533213 -0.026089 0.845579
bt -0.58927 -0.592675 -0.549088
t -0.740193 0.0257303 0.671902
bt -0.551693 -0.607787 -0.571165
t -0.590741 -0.00188234 -0.806859
bt 0.846435 -0.0276967 -0.531771
t -0.590742 -0.00188227 -0.806858
bt 0.765755 -0.0279638 -0.642524
t -0.363098 0.00186874 -0.931749
bt 0.953347 -0.0279904 -0.300577
t -0.363099 0.00186877 -0.931749
bt 0.984297 -0.0277562 -0.174327
t -0.6167 -0.0330919 -0.786503
bt 0.649623 -0.695304 -0.307478
t -0.616698 -0.033094 -0.786504
bt 0.541611 -0.707113 -0.454586
t -0.331937 0.033144 -0.942719
bt 0.674381 -0.707115 -0.212599
t -0.331937 0.033145 -0.942719
bt 0.698959 -0.704177 -0.124863
t -0.743929 -0.0331423 0.667437
bt 0.586318 -0.695305 0.41567
t -0.743929 -0.0331415 0.667436
bt 0.45458 -0.707113 0.541616
t -0.490615 0.033112 0.870747
bt 0.627084 -0.707104 0.326757
t -0.490618 0.0331157 0.870745
bt 0.666579 -0.704179 0.244551
t -0.766018 0 0.642819
bt 0 -1 0
t -0.766018 0 0.642819
bt 0 -1 0
t -0.461719 0 0.887026
bt 0 -1 0
t -0.461719 0 0.887026
bt 0 -1 0
t -0.765995 0.00255827 0.642842
bt -0.0323913 -0.999206 -0.0232064
t -0.765995 0.00255841 0.642842
bt -0.0248606 -0.999255 -0.0295275
t -0.461806 -0.00255865 0.886977
bt -0.0342379 -0.999255 -0.0178213
t -0.461806 -0.00255853 0.886977
bt -0.036506 -0.999243 -0.0134632
t -0.74501 0.0330939 0.666232
bt -0.511002 -0.721259 -0.467615
t -0.745008 0.0330972 0.666234
bt -0.44322 -0.724254 -0.528216
t -0.489192 -0.0330777 0.871549
bt -0.611633 -0.724257 -0.318368
t -0.489194 -0.0330796 0.871547
bt -0.650177 -0.721402 -0.238431
t -0.745011 -0.0330934 0.666231
bt 0.572132 -0.712757 0.405761
t -0.745009 -0.0330966 0.666233
bt 0.44322 -0.724254 0.528216
t -0.489196 0.0330829 0.871546
bt 0.611633 -0.724257 0.318368
t -0.489195 0.033081 0.871547
bt 0.650179 -0.721401 0.238427
t -0.46461 -0.000623179 0.885515
bt 0.00327676 -0.999615 -0.0275458
t -0.767608 0.00130808 0.640919
bt 0.00303678 -0.999623 -0.0272818
t -0.765976 -0.00140152 0.642868
bt 0.0276531 -0.999356 0.0228773
t -0.765048 0.00683688 0.643937
bt -0.112071 -0.985606 -0.126572
t -0.462289 -0.00657409 0.886705
bt -0.154025 -0.985323 -0.0735837
t -0.461726 0.00140194 0.887021
bt 0.0334905 -0.999368 0.0118954
t -0.765924 0.00365608 0.642921
bt -0.046289 -0.998376 -0.0332097
t -0.765924 0.00365558 0.642921
bt -0.035549 -0.998475 -0.0422284
t -0.461871 -0.00365752 0.88694
bt -0.0489752 -0.998475 -0.0254631
t -0.461871 -0.00365776 0.88694
bt -0.0522185 -0.998451 -0.019229
t -0.590742 0.00188227 -0.806858
bt -0.906298 -0.0269976 0.421776
t -0.59074 0.00188235 -0.80686
bt -0.765755 -0.0279638 0.642524
t -0.363102 -0.00186885 -0.931748
bt -0.953347 -0.0279904 0.300577
t -0.363101 -0.00186882 -0.931748
bt -0.984297 -0.0277562 0.174327
t 0.738921 0.0322819 -0.673018
bt 0.64781 -0.608919 0.457777
t 0.738922 0.0322815 -0.673018
bt 0.503497 -0.621742 0.599939
t 0.49716 -0.0322395 -0.86706
bt 0.69469 -0.62176 0.361689
t 0.49716 -0.0322401 -0.867059
bt 0.737793 -0.618581 0.270219
t 0.765929 -0.00350978 -0.642916
bt -0.0443954 -0.998504 -0.0319261
t 0.765929 -0.00350971 -0.642916
bt -0.033982 -0.998595 -0.0406699
t 0.461893 0.00351006 -0.886929
bt -0.0469988 -0.998595 -0.0244935
t 0.461893 0.00351017 -0.886929
bt -0.0501316 -0.998572 -0.0184728
t 0.74091 -0.0327921 -0.670803
bt -0.624048 -0.644776 -0.441393
t 0.74091 -0.0327913 -0.670803
bt -0.484441 -0.657304 -0.577295
t 0.494542 0.0327949 -0.868535
bt -0.668525 -0.657296 -0.347903
t 0.494541 0.0327939 -0.868535
bt -0.710187 -0.654186 -0.260144
t 0.761257 0.0205802 -0.648124
bt 0.274993 -0.941063 0.196925
t 0.761257 0.0205813 -0.648124
bt 0.211307 -0.944407 0.251882
t 0.46801 -0.0205798 -0.883484
bt 0.291646 -0.944402 0.151816
t 0.468009 -0.0205785 -0.883484
bt 0.310805 -0.943566 0.114386
t 0.761297 -0.0206078 -0.648075
bt -0.274994 -0.941056 -0.196957
t 0.761298 -0.0206067 -0.648075
bt -0.211319 -0.9444 -0.251898
t 0.468009 0.0205774 -0.883484
bt -0.291647 -0.944402 -0.151816
t 0.468009 0.0205787 -0.883484
bt -0.310801 -0.943566 -0.114394
t 0.764855 0.0107534 -0.644113
bt 0.137682 -0.985526 0.0989004
t 0.764855 0.0107539 -0.644113
bt 0.105713 -0.986393 0.125914
t 0.463357 -0.0107436 -0.886107
bt 0.145766 -0.986393 0.0760309
t 0.463357 -0.010744 -0.886107
bt 0.15545 -0.986177 0.0573532
t 0.763053 -0.0126824 -0.646212
bt -0.277423 -0.937995 -0.207852
t 0.754637 -0.0289859 -0.655502
bt -0.326317 -0.861542 -0.388925
t 0.476625 0.0289899 -0.878629
bt -0.450244 -0.861535 -0.234603
t 0.465777 0.0126571 -0.884811
bt -0.318199 -0.940233 -0.121292
t 0.765196 -0.00928266 -0.64373
bt -0.118379 -0.989323 -0.0850036
t 0.462897 0.00927584 -0.886364
bt -0.133632 -0.989806 -0.0492617
t 0.731875 -0.0277682 -0.680872
bt -0.724468 -0.464095 -0.509668
t 0.731874 -0.0277696 -0.680874
bt -0.565111 -0.476584 -0.673437
t 0.506333 0.0277674 -0.861891
bt -0.779823 -0.476508 -0.405975
t 0.506332 0.027767 -0.861891
bt -0.827266 -0.473423 -0.302493
t 0.727742 -0.0225517 -0.68548
bt -0.765416 -0.354542 -0.537065
t 0.727741 -0.0225519 -0.685481
bt -0.598356 -0.365333 -0.713093
t 0.511734 0.0225233 -0.858849
bt -0.825699 -0.365363 -0.429804
t 0.51173 0.0225215 -0.858851
bt -0.875336 -0.362699 -0.319744
t 0.490293 -0.0309085 -0.871009
bt 0.584102 -0.733955 0.346603
t 0.746268 0.0346436 -0.664743
bt 0.418646 -0.727551 0.543512
t 0.743863 0.0309646 -0.667615
bt 0.544451 -0.720879 0.428843
t 0.485808 -0.0357378 -0.873334
bt 0.623186 -0.733874 0.270312
t 0.766841 -0.00157047 -0.641835
bt -0.0254364 -0.999269 -0.0285264
t 0.765979 -0.00217428 -0.642862
bt -0.0388673 -0.998491 -0.0387925
t 0.461802 0.00218789 -0.88698
bt -0.0511128 -0.998474 -0.0209228
t 0.463309 0.00128715 -0.886196
bt -0.0275542 -0.999411 -0.0204651
t 0.75028 -0.0317179 -0.660359
bt -0.496445 -0.792973 -0.35318
t 0.750279 -0.0317201 -0.66036
bt -0.383564 -0.802455 -0.457105
t 0.48229 0.031747 -0.875436
bt -0.529296 -0.80246 -0.275507
t 0.48229 0.031747 -0.875436
bt -0.563124 -0.8001 -0.206715
t 0.742727 0.0330652 -0.668777
bt 0.437274 -0.713313 0.5477
t 0.488404 -0.0348419 -0.871922
bt 0.607485 -0.717158 0.341535
t 0.470737 -0.0170883 -0.882108
bt 0.425184 -0.842242 0.331431
t 0.72396 0.0913924 -0.683761
bt 0.331153 -0.843984 0.421934
t 0.52821 -0.0128005 -0.849017
bt 0.517028 -0.628854 0.58071
t 0.749173 0.0329641 -0.661554
bt 0.420164 -0.622709 0.660073
t 0.751625 0.0183578 -0.659335
bt 0.490134 -0.694999 0.526067
t 0.476887 -0.0228217 -0.878668
bt 0.58506 -0.700322 0.408966
t 0.590739 -0.0018824 0.806861
bt -0.846416 -0.0276968 0.531802
t 0.590742 -0.00188227 0.806858
bt -0.765755 -0.0279638 0.642524
t 0.363091 0.00186852 0.931752
bt -0.953331 -0.0279904 0.300627
t 0.363091 0.00186852 0.931752
bt -0.953331 -0.0279904 0.300627
t 0.6167 -0.0330919 0.786503
bt -0.649641 -0.6953 0.30745
t 0.616698 -0.0330945 0.786504
bt -0.541611 -0.707113 0.454586
t 0.331934 0.0331416 0.94272
bt -0.674398 -0.707115 0.212545
t 0.331937 0.0331446 0.942719
bt -0.698937 -0.704183 0.124952
t 0.743933 -0.0331352 -0.667432
bt -0.586355 -0.695298 -0.41563
t 0.743928 -0.0331426 -0.667437
bt -0.45455 -0.707113 -0.541641
t 0.490621 0.0331195 -0.870743
bt -0.627179 -0.707104 -0.326573
t 0.490619 0.033117 -0.870745
bt -0.666603 -0.704175 -0.244497
t 0.766018 0 -0.642819
bt 0 -1 0
t 0.766018 0 -0.642819
bt 0 -1 0
t 0.461719 0 -0.887026
bt 0 -1 0
t 0.461719 0 -0.887026
bt 0 -1 0
t 0.765995 0.0025585 -0.642842
bt 0.0323568 -0.999206 0.0232353
t 0.765995 0.00255887 -0.642842
bt 0.0247894 -0.999255 0.0295872
t 0.461857 -0.00255667 -0.886951
bt 0.0342405 -0.999255 0.0178237
t 0.461857 -0.00255662 -0.886951
bt 0.036512 -0.999243 0.0134593
t 0.74501 0.033094 -0.666232
bt 0.511029 -0.721256 0.467589
t 0.745009 0.0330965 -0.666233
bt 0.443219 -0.724254 0.528217
t 0.489198 -0.0330844 -0.871545
bt 0.611633 -0.724257 0.318368
t 0.489197 -0.0330837 -0.871546
bt 0.650173 -0.721402 0.23844
t 0.745009 -0.0330965 -0.666233
bt -0.572131 -0.712757 -0.405762
t 0.745012 -0.0330912 -0.66623
bt -0.443219 -0.724254 -0.528217
t 0.489193 0.0330784 -0.871548
bt -0.611633 -0.724257 -0.318368
t 0.489194 0.0330792 -0.871548
bt -0.650175 -0.721402 -0.238436
t 0.764458 -0.00132002 -0.644672
bt 0.00169972 -0.999592 -0.0285059
t 0.458945 0.000807209 -0.888464
bt 0.00156974 -0.999598 -0.0283066
t 0.766021 -0.00138409 -0.642814
bt -0.0278788 -0.999368 -0.0220335
t 0.765538 0.00655676 -0.643357
bt 0.109808 -0.984362 0.137744
t 0.463165 -0.00633641 -0.886249
bt 0.152098 -0.984641 0.0857164
t 0.461849 0.00138516 -0.886957
bt -0.0336569 -0.999374 -0.01093
t 0.765924 0.00365555 -0.642921
bt 0.0462905 -0.998376 0.0332085
t 0.765924 0.00365575 -0.642921
bt 0.0354212 -0.998475 0.0423356
t 0.461871 -0.00365802 -0.88694
bt 0.0489955 -0.998475 0.025424
t 0.461871 -0.00365794 -0.88694
bt 0.052232 -0.99845 0.0192031
t 0.590742 0.00188227 0.806858
bt 0.906283 -0.0269978 -0.421808
t 0.590738 0.00188241 0.806861
bt 0.765755 -0.0279638 -0.642524
t 0.363095 -0.00186866 0.93175
bt 0.953331 -0.0279904 -0.300627
t 0.3631 -0.00186881 0.931748
bt 0.984293 -0.0277562 -0.174347
t 0.673046 0.0322202 0.738899
bt -0.457743 -0.608968 0.647788
t 0.673046 0.0322209 0.738898
bt -0.59993 -0.621782 0.50346
t 0.867059 -0.0322404 0.497161
bt -0.361677 -0.62176 0.694697
t 0.867059 -0.0322411 0.497162
bt -0.270208 -0.618581 0.737798
t 0.642916 -0.00350318 0.765928
bt 0.0317715 -0.998507 -0.0444243
t 0.642916 -0.00350311 0.765928
bt 0.0405337 -0.9986 -0.0339892
t 0.886929 0.0035101 0.461893
bt 0.0243274 -0.998595 -0.0470853
t 0.886929 0.00351012 0.461893
bt 0.01837 -0.998571 -0.0501851
t 0.670805 -0.0327942 0.740908
bt 0.441492 -0.644793 -0.62396
t 0.670803 -0.032792 0.74091
bt 0.57736 -0.657304 -0.484363
t 0.868535 0.0327944 0.494542
bt 0.348058 -0.657296 -0.668444
t 0.868535 0.0327943 0.494542
bt 0.260242 -0.654192 -0.710145
t 0.657874 0.0616339 0.750602
bt -0.169012 -0.936888 0.306067
t 0.657872 0.0616285 0.750604
bt -0.25184 -0.944392 0.211425
t 0.883484 -0.0205757 0.468009
bt -0.151857 -0.944402 0.291625
t 0.883484 -0.0205758 0.468009
bt -0.114421 -0.943567 0.310787
t 0.648128 -0.0205877 0.761253
bt 0.19705 -0.94102 -0.275049
t 0.648129 -0.0205914 0.761252
bt 0.251908 -0.944361 -0.211482
t 0.883484 0.0205794 0.46801
bt 0.151857 -0.944402 -0.291625
t 0.883484 0.0205793 0.46801
bt 0.114429 -0.943568 -0.310783
t 0.644113 0.0107536 0.764855
bt -0.0988611 -0.985524 0.137729
t 0.644113 0.0107532 0.764855
bt -0.125893 -0.986393 0.105738
t 0.886107 -0.0107426 0.463356
bt -0.0759404 -0.986393 0.145813
t 0.886107 -0.0107432 0.463357
bt -0.0572988 -0.986176 0.155478
t 0.655502 -0.0289874 0.754637
bt 0.388796 -0.861542 -0.32647
t 0.878628 0.0289887 0.476627
bt 0.234425 -0.861579 -0.450252
t 0.884811 0.0126605 0.465778
bt 0.191387 -0.940221 -0.281701
t 0.646211 -0.0126754 0.763054
bt 0.259266 -0.940961 -0.217656
t 0.64373 -0.00928237 0.765196
bt 0.0850227 -0.989324 -0.118357
t 0.886364 0.00927591 0.462897
bt 0.0492409 -0.989806 -0.133642
t 0.680873 -0.0277717 0.731875
bt 0.509686 -0.464051 -0.724484
t 0.680875 -0.027773 0.731873
bt 0.673454 -0.476542 -0.565126
t 0.803828 0.0821166 0.589167
bt 0.405965 -0.47655 -0.779803
t 0.803828 0.0821166 0.589167
bt 0.405965 -0.47655 -0.779803
t 0.685486 -0.022555 0.727736
bt 0.537064 -0.354542 -0.765417
t 0.685481 -0.0225522 0.727741
bt 0.713079 -0.365333 -0.598372
t 0.858853 0.0225203 0.511727
bt 0.429812 -0.365363 -0.825694
t 0.858851 0.0225214 0.51173
bt 0.319752 -0.362699 -0.875333
t 0.667233 0.0314725 0.744184
bt -0.388359 -0.713901 0.582685
t 0.664353 0.0351361 0.746592
bt -0.50668 -0.727526 0.46258
t 0.870983 -0.031941 0.490274
bt -0.305047 -0.723405 0.619381
t 0.871904 -0.0339224 0.488499
bt -0.22905 -0.720014 0.65507
t 0.643791 -0.00146874 0.7652
bt 0.0188756 -0.999141 -0.0368924
t 0.642862 -0.00217452 0.765979
bt 0.0396564 -0.998497 -0.0378383
t 0.886941 0.002163 0.461877
bt 0.0217899 -0.998507 -0.0500975
t 0.88732 0.00166556 0.461152
bt 0.0115815 -0.999121 -0.0402981
t 0.660359 -0.031717 0.75028
bt 0.457121 -0.802455 -0.383545
t 0.87544 0.031739 0.482284
bt 0.275539 -0.80246 -0.529279
t 0.875437 0.0317465 0.482289
bt 0.343939 -0.800009 -0.49162
t 0.660359 -0.031717 0.75028
bt 0.457121 -0.802455 -0.383545
t 0.651262 0.0181891 0.758635
bt -0.349217 -0.840483 0.41429
t 0.709812 0.0997156 0.697298
bt -0.525751 -0.713288 0.463473
t 0.870978 -0.0318209 0.490291
bt -0.31661 -0.710772 0.628141
t 0.881655 -0.0173024 0.471578
bt -0.241756 -0.842656 0.48113
t 0.656376 0.0179911 0.75422
bt -0.546469 -0.692878 0.470417
t 0.876884 -0.0194992 0.480307
bt -0.398963 -0.688661 0.605454
t 0.845869 -0.025067 0.532802
bt -0.566417 -0.61243 0.551454
t 0.66977 0.0280613 0.742038
bt -0.587949 -0.627216 0.510799
t 0.806858 -0.00188226 -0.590743
bt 0.421768 -0.0269975 0.906302
t 0.806858 -0.00188226 -0.590743
bt 0.642529 -0.0279638 0.765751
t 0.931748 0.00186879 -0.3631
bt 0.300562 -0.0279904 0.953351
t 0.93175 0.00186869 -0.363096
bt 0.174315 -0.0277561 0.984299
t 0.786504 -0.0330936 -0.616698
bt 0.307495 -0.695306 0.649612
t 0.786505 -0.033095 -0.616697
bt 0.45455 -0.707113 0.541641
t 0.914797 0.0984802 -0.391724
bt 0.212668 -0.707067 0.674409
t 0.942719 0.0331445 -0.331937
bt 0.124921 -0.704181 0.698945
t 0.667434 -0.0331385 0.743931
bt 0.415488 -0.695273 -0.586486
t 0.667437 -0.0331432 0.743928
bt 0.541611 -0.707113 -0.454586
t 0.870745 0.0331159 0.490618
bt 0.326378 -0.707104 -0.627281
t 0.870745 0.0331158 0.490618
bt 0.244346 -0.704164 -0.666669
t 0.642819 0 0.766018
bt 0 -1 0
t 0.642819 0 0.766018
bt 0 -1 0
t 0.887026 0 0.461719
bt 0 -1 0
t 0.887026 0 0.461719
bt 0 -1 0
t 0.642842 0.00255841 0.765995
bt -0.0231969 -0.999206 0.0324025
t 0.642842 0.00255836 0.765995
bt -0.0294948 -0.999255 0.0248995
t 0.886977 -0.00255854 0.461806
bt -0.0178126 -0.999255 0.0342424
t 0.886951 -0.0025564 0.461857
bt -0.0134498 -0.999243 0.0365169
t 0.66623 0.0330925 0.745011
bt -0.405743 -0.712754 0.572149
t 0.666231 0.0330931 0.745011
bt -0.52815 -0.724254 0.443299
t 0.871546 -0.0330823 0.489196
bt -0.318368 -0.724257 0.611633
t 0.871545 -0.0330847 0.489198
bt -0.238429 -0.721401 0.650178
t 0.66623 -0.0330924 0.745011
bt 0.52815 -0.724254 -0.443299
t 0.871545 0.0330847 0.489198
bt 0.318368 -0.724257 -0.611633
t 0.871547 0.0330817 0.489196
bt 0.39763 -0.721265 -0.567157
t 0.66623 -0.0330924 0.745011
bt 0.52815 -0.724254 -0.443299
t 0.886364 0.00174512 0.462985
bt 0.0027874 -0.999579 -0.0288891
t 0.640919 -0.00142518 0.767608
bt 0.00312206 -0.999587 -0.0285507
t 0.643016 -0.00691569 0.765822
bt 0.0224491 -0.999373 -0.0273836
t 0.644055 0.00724126 0.764945
bt -0.132056 -0.984362 0.116587
t 0.886536 -0.00698688 0.462607
bt -0.0796968 -0.984172 0.158283
t 0.887021 0.00138202 0.461726
bt 0.011422 -0.999384 -0.0331736
t 0.642921 0.00365551 0.765924
bt -0.0332128 -0.998376 0.0462853
t 0.642921 0.00365576 0.765924
bt -0.0423356 -0.998475 0.0354212
t 0.88694 -0.00365802 0.461871
bt -0.0254365 -0.998475 0.0489891
t 0.88694 -0.00365793 0.461871
bt -0.0192114 -0.99845 0.0522277
t 0.80686 0.00188236 -0.59074
bt -0.421768 -0.0269975 -0.906302
t 0.80686 0.00188237 -0.59074
bt -0.642529 -0.0279638 -0.765751
t 0.93175 -0.00186869 -0.363096
bt -0.300562 -0.0279904 -0.953351
t 0.931748 -0.0018688 -0.3631
bt -0.174315 -0.0277561 -0.984299
t -0.673018 0.0322814 -0.738922
bt 0.457751 -0.608915 -0.647833
t -0.673019 0.0322827 -0.738921
bt 0.600026 -0.621742 -0.503394
t -0.86706 -0.0322395 -0.49716
bt 0.361606 -0.62176 -0.694734
t -0.867061 -0.032238 -0.497158
bt 0.270141 -0.618576 -0.737826
t -0.642916 -0.00350995 -0.765928
bt -0.0318928 -0.998503 0.044435
t -0.642916 -0.00350965 -0.765929
bt -0.0405952 -0.998595 0.0340711
t -0.886929 0.00350991 -0.461893
bt -0.0244696 -0.998595 0.0470112
t -0.886929 0.00350995 -0.461893
bt -0.0184966 -0.998572 0.0501192
t -0.670803 -0.0327915 -0.74091
bt -0.441418 -0.644781 0.624026
t -0.670804 -0.0327933 -0.740909
bt -0.57736 -0.657304 0.484363
t -0.868534 0.0327953 -0.494543
bt -0.347902 -0.657296 0.668525
t -0.868535 0.0327947 -0.494542
bt -0.260089 -0.654182 0.710211
t -0.648124 0.0205823 -0.761256
bt 0.196938 -0.941064 -0.274979
t -0.648125 0.020583 -0.761256
bt 0.251825 -0.944407 -0.211374
t -0.883484 -0.020578 -0.468009
bt 0.151849 -0.944402 -0.29163
t -0.883484 -0.0205785 -0.468009
bt 0.114444 -0.943568 -0.310775
t -0.657873 -0.0616315 -0.750603
bt -0.169021 -0.936889 0.306057
t -0.657873 -0.0616304 -0.750603
bt -0.251859 -0.944392 0.211403
t -0.883484 0.0205778 -0.468009
bt -0.151849 -0.944402 0.29163
t -0.883484 0.0205773 -0.468009
bt -0.114453 -0.943569 0.310771
t -0.644113 0.0107544 -0.764855
bt 0.0987607 -0.985517 -0.137847
t -0.644113 0.0107543 -0.764855
bt 0.125905 -0.986393 -0.105725
t -0.886107 -0.0107433 -0.463357
bt 0.07573 -0.986393 -0.145923
t -0.886107 -0.0107425 -0.463356
bt 0.0571767 -0.986173 -0.155541
t -0.655503 -0.0289839 -0.754636
bt -0.388854 -0.861586 0.326286
t -0.878628 0.0289868 -0.476626
bt -0.234255 -0.861579 0.450341
t -0.884811 0.0126582 -0.465778
bt -0.191419 -0.94022 0.281684
t -0.646211 -0.0126766 -0.763054
bt -0.259313 -0.940961 0.217601
t -0.64373 -0.00928158 -0.765196
bt -0.0850036 -0.989323 0.118379
t -0.886364 0.00927654 -0.462897
bt -0.0492692 -0.989806 0.133628
t -0.680872 -0.0277714 -0.731875
bt -0.50967 -0.464048 0.724497
t -0.680875 -0.0277735 -0.731873
bt -0.673469 -0.476542 0.565108
t -0.861892 0.0277664 -0.506331
bt -0.405938 -0.476508 0.779843
t -0.861891 0.0277674 -0.506333
bt -0.30247 -0.473421 0.827275
t -0.685486 -0.0225547 -0.727736
bt -0.537069 -0.354543 0.765413
t -0.685475 -0.0225489 -0.727747
bt -0.713093 -0.365333 0.598356
t -0.858855 0.0225189 -0.511724
bt -0.429813 -0.365363 0.825694
t -0.858854 0.0225196 -0.511726
bt -0.319752 -0.362699 0.875333
t -0.665668 0.0306257 -0.745619
bt 0.519551 -0.756585 -0.397047
t -0.873924 -0.0338125 -0.484885
bt 0.234372 -0.759552 -0.606754
t -0.872873 -0.0318066 -0.48691
bt 0.464028 -0.747454 -0.475385
t -0.662433 0.0344265 -0.74833
bt 0.519567 -0.756567 -0.39706
t -0.641838 -0.000788681 -0.76684
bt -0.0139689 -0.999815 0.0132253
t -0.642916 -0.00221775 -0.765934
bt -0.0397146 -0.998425 0.0396357
t -0.886956 0.00222925 -0.461849
bt -0.0218894 -0.998415 0.0518519
t -0.886693 0.000632912 -0.462358
bt -0.0072416 -0.999869 0.0144933
t -0.660363 -0.0317253 -0.750276
bt -0.457171 -0.802455 0.383485
t -0.875436 0.0317538 -0.48229
bt -0.275634 -0.802412 0.529302
t -0.875439 0.0317414 -0.482286
bt -0.343954 -0.800008 0.491612
t -0.660363 -0.0317253 -0.750276
bt -0.457171 -0.802455 0.383485
t -0.666249 0.0309939 -0.745085
bt 0.534157 -0.730579 -0.425359
t -0.872394 -0.0336107 -0.487646
bt 0.322316 -0.733348 -0.598593
t -0.881767 -0.0183804 -0.471328
bt 0.316958 -0.851993 -0.416708
t -0.650585 0.0163488 -0.759258
bt 0.424182 -0.853171 -0.303592
t -0.84924 -0.0143111 -0.527814
bt 0.56403 -0.609131 -0.557522
t -0.668726 0.0311533 -0.742856
bt 0.6424 -0.609546 -0.464516
t -0.661634 0.0202418 -0.749554
bt 0.515391 -0.684656 -0.515381
t -0.877885 -0.0218147 -0.478375
bt 0.438372 -0.686095 -0.580607
t -0.806862 -0.00188246 0.590737
bt -0.421797 -0.0269977 -0.906288
t -0.806852 -0.00188201 0.59075
bt -0.642529 -0.0279638 -0.765751
t -0.93175 0.00186871 0.363097
bt -0.300608 -0.0279904 -0.953337
t -0.93175 0.00186871 0.363097
bt -0.300608 -0.0279904 -0.953337
t -0.786499 -0.0330861 0.616704
bt -0.307559 -0.695316 -0.649571
t -0.786503 -0.0330927 0.616699
bt -0.45458 -0.707113 -0.541616
t -0.942718 0.0331488 0.331941
bt -0.212665 -0.707115 -0.67436
t -0.942718 0.0331468 0.331939
bt -0.124891 -0.704179 -0.698952
t -0.667434 -0.0331385 -0.743931
bt -0.415623 -0.695297 0.586361
t -0.667435 -0.03314 -0.74393
bt -0.541611 -0.707113 0.454586
t -0.870745 0.0331199 -0.490618
bt -0.326685 -0.707054 0.627177
t -0.870745 0.0331203 -0.490618
bt -0.244599 -0.704129 0.666613
t -0.642819 0 -0.766018
bt 0 -1 0
t -0.642819 0 -0.766018
bt 0 -1 0
t -0.887026 0 -0.461719
bt 0 -1 0
t -0.887026 0 -0.461719
bt 0 -1 0
t -0.642842 0.00255845 -0.765995
bt 0.0232239 -0.999206 -0.0323705
t -0.642842 0.00255882 -0.765995
bt 0.0295757 -0.999255 -0.0248032
t -0.886951 -0.00255671 -0.461857
bt 0.0178142 -0.999255 -0.0342455
t -0.886977 -0.00255873 -0.461806
bt 0.0134481 -0.999243 -0.0365138
t -0.666232 0.0330952 -0.74501
bt 0.405787 -0.712762 -0.572108
t -0.666233 0.0330964 -0.745009
bt 0.528267 -0.724254 -0.44316
t -0.871547 -0.0330801 -0.489194
bt 0.318368 -0.724257 -0.611633
t -0.871547 -0.0330801 -0.489194
bt 0.318368 -0.724257 -0.611633
t -0.666233 -0.033096 -0.745009
bt -0.528267 -0.724254 0.44316
t -0.871547 0.0330801 -0.489194
bt -0.318368 -0.724257 0.611633
t -0.871548 0.0330796 -0.489194
bt -0.397744 -0.721256 0.567088
t -0.666233 -0.033096 -0.745009
bt -0.528267 -0.724254 0.44316
t -0.644724 0.00121017 -0.764414
bt 0.00189997 -0.999628 -0.0272119
t -0.887546 -0.00500511 -0.460692
bt 0.00200161 -0.99963 -0.0271264
t -0.64276 -0.00140669 -0.766067
bt -0.022418 -0.999351 0.0282011
t -0.643333 0.00641804 -0.76556
bt 0.132343 -0.985607 -0.105184
t -0.88633 -0.00695266 -0.463002
bt 0.0797347 -0.985784 -0.147891
t -0.886957 0.0014051 -0.461849
bt -0.0114029 -0.999358 0.033974
t -0.642921 0.00365602 -0.765924
bt 0.033225 -0.998376 -0.0462708
t -0.642921 0.00365597 -0.765924
bt 0.0422891 -0.998475 -0.0354767
t -0.88694 -0.00365755 -0.461871
bt 0.025457 -0.998475 -0.0489784
t -0.88694 -0.00365775 -0.461871
bt 0.019225 -0.99845 -0.0522206
t -0.806851 0.00188196 0.590752
bt 0.421797 -0.0269977 0.906288
t -0.806861 0.0018824 0.590739
bt 0.642529 -0.0279638 0.765751
t -0.931744 -0.00186915 0.363112
bt 0.300608 -0.0279904 0.953337
t -0.931747 -0.00186893 0.363104
bt 0.174351 -0.0277563 0.984292
t -0.778224 -0.0616282 0.624956
bt -0.211358 -0.944392 -0.251896
t -0.778224 0.0616281 0.624956
bt 0.211358 -0.944392 0.251896
t -0.778224 0.0616281 0.624956
bt 0.211358 -0.944392 0.251896
t -0.815321 -0.0954461 0.571089
bt -0.442717 -0.756581 -0.481235
t -0.953684 -0.00223024 0.300801
bt 0.0125607 -0.998415 0.0548628
t -0.930628 0.0231538 0.365233
bt -0.525243 -0.595086 -0.60827
t -0.948398 0.0288723 0.315765
bt -0.309867 -0.691281 -0.652773
t 0.798549 -0.0910689 -0.595001
bt 0.11504 -0.80992 0.575149
t 0.914798 -0.0984782 -0.391722
bt -0.212668 -0.707067 -0.674409
t 0.624955 -0.0616306 0.778224
bt -0.25184 -0.944392 0.211425
t 0.624955 -0.0616306 0.778224
bt -0.25184 -0.944392 0.211425
t 0.381877 0.100957 0.918682
bt -0.635436 -0.733932 0.239927
t 0.560051 -0.0989829 0.822524
bt -0.525751 -0.713288 0.463473
t 0.64261 0.00691945 0.766162
bt 0.0271301 -0.999394 -0.0218071
t -0.624956 0.0616284 -0.778224
bt -0.251859 -0.944392 0.211402
t -0.624956 0.0616284 -0.778224
bt -0.251859 -0.944392 0.211402
t -0.300855 -0.00700054 -0.953644
bt -0.0310913 -0.999346 0.0184479
t -0.320504 -0.0820431 0.943687
bt 0.889729 -0.448755 0.0836761
t -0.320496 -0.0820475 0.94369
bt 0.779807 -0.47655 0.405957
t -0.376449 0.0999839 0.921026
bt -0.619689 -0.726493 -0.296974
t -0.188562 -0.0270316 0.981689
bt -0.685373 -0.565903 -0.458277
t 0.205732 0.00157479 -0.978607
bt 0.619353 -0.621094 0.480255
t 0.943691 -0.082049 0.320494
bt 0.0836714 -0.448754 -0.88973
t 0.94369 -0.0820475 0.320496
bt 0.405965 -0.47655 -0.779803
t 0.986666 -0.00492172 0.162683
bt -0.399836 -0.603991 0.689439
t 0.974044 -0.0984686 -0.203821
bt 0.212668 -0.707067 0.674409
t -0.998394 0.0322546 -0.0465789
bt 0.0681553 -0.621768 -0.78023
t -0.998394 0.0322546 -0.0465789
bt 0.0681553 -0.621768 -0.78023
t -0.996208 -0.00350038 -0.0869366
bt -0.00469743 -0.9986 0.0526913
t -0.996208 -0.00350038 -0.0869366
bt -0.00469743 -0.9986 0.0526913
t -0.998231 -0.0328183 -0.0495838
bt -0.0655664 -0.65721 0.750851
t -0.998231 -0.0328183 -0.0495838
bt -0.0655664 -0.65721 0.750851
t -0.996584 0.0205802 -0.0799865
bt 0.0287334 -0.944399 -0.327544
t -0.996584 0.0205802 -0.0799865
bt 0.0287334 -0.944399 -0.327544
t -0.996583 -0.0205821 -0.0799858
bt -0.0287334 -0.944399 0.327544
t -0.996583 -0.0205821 -0.0799858
bt -0.0287334 -0.944399 0.327544
t -0.996289 0.0107562 -0.0853936
bt 0.0143456 -0.986393 -0.163779
t -0.996289 0.0107562 -0.0853936
bt 0.0143456 -0.986393 -0.163779
t -0.997119 -0.028983 -0.0701043
bt -0.0442522 -0.861589 0.505673
t -0.996502 -0.012666 -0.0825973
bt -0.0295149 -0.940968 0.337206
t -0.996265 -0.00927812 -0.0858517
bt -0.0123293 -0.989967 0.140761
t -0.998967 -0.0277064 -0.0360215
bt -0.0766316 -0.476498 0.87583
t -0.998967 -0.0277064 -0.0360215
bt -0.0766316 -0.476498 0.87583
t -0.999302 -0.0224689 -0.029848
bt -0.081145 -0.365285 0.927352
t -0.999302 -0.0224689 -0.029848
bt -0.081145 -0.365285 0.927352
t -0.980877 -0.0972916 -0.168565
bt 0.0563715 -0.76305 -0.643876
t -0.980877 -0.0972916 -0.168565
bt 0.0563715 -0.76305 -0.643876
t -0.996183 0.00223291 -0.0872663
bt -0.00490111 -0.998419 0.0559871
t -0.996199 -0.000608515 -0.0871007
bt -0.00132714 -0.999884 0.015142
t -0.997475 -0.0316975 -0.0635581
bt -0.0520924 -0.802459 0.594429
t -0.997475 -0.0316975 -0.0635581
bt -0.0520924 -0.802459 0.594429
t -0.997842 0.0327258 -0.0569316
bt 0.0591668 -0.73431 -0.676231
t -0.996908 0.017497 -0.0766078
bt 0.0706961 -0.855651 -0.512702
t -0.983937 -0.000480104 -0.178518
bt 0.464606 -0.599016 -0.652167
t -0.996043 -0.0135611 -0.0878342
bt 0.253272 -0.68717 -0.680919
t -0.988251 -0.00187749 -0.152827
bt 0.0870987 -0.0279037 -0.995809
t -0.988252 -0.00187736 -0.152822
bt 0.222484 -0.0276374 -0.974544
t -0.992216 -0.0331373 -0.120036
bt 0.0618842 -0.707101 -0.704399
t -0.992216 -0.0331373 -0.120036
bt 0.0618842 -0.707101 -0.704399
t -0.997989 -0.0330895 -0.0540575
bt -0.0618798 -0.707151 0.70435
t -0.997989 -0.0330895 -0.0540575
bt -0.0618798 -0.707151 0.70435
t -0.996191 0 -0.0872004
bt 0 -1 0
t -0.996191 0 -0.0872004
bt 0 -1 0
t -0.996199 0.00255801 -0.0870684
bt 0.00337811 -0.999255 -0.03845
t -0.996199 0.00255801 -0.0870684
bt 0.00337811 -0.999255 -0.03845
t -0.997901 0.0330603 -0.0556807
bt 0.0601479 -0.724221 -0.68694
t -0.997901 0.033065 -0.0556762
bt 0.148268 -0.721361 -0.676502
t -0.997901 -0.0330603 -0.0556761
bt -0.0601434 -0.724271 0.686888
t -0.997901 -0.0330603 -0.0556761
bt -0.0601434 -0.724271 0.686888
t -0.88768 0.00491313 -0.460435
bt 0.0023149 -0.999634 -0.0269639
t -0.9962 0.00179456 -0.0870822
bt 0.00236913 -0.99963 -0.0270974
t -0.996273 0.0066643 -0.0860019
bt 0.014608 -0.985855 -0.166963
t -0.996198 -0.00140726 -0.0871046
bt -0.00308558 -0.999373 0.035264
t -0.996208 0.00365263 -0.0869321
bt 0.00483866 -0.998475 -0.0549863
t -0.996208 0.00365263 -0.0869321
bt 0.00483866 -0.998475 -0.0549863
t -0.988251 0.00187749 -0.152827
bt -0.0870987 -0.0279037 0.995809
t -0.988251 0.00187749 -0.152827
bt -0.0870987 -0.0279037 0.995809
t -0.997005 0.0182467 -0.0751586
bt 0.0107349 -0.834909 -0.550284
t -0.956965 -0.0186166 0.289604
bt -0.218117 -0.833521 -0.50761
t -0.996043 -0.0135611 -0.0878342
bt 0.253272 -0.68717 -0.680919
t 0.95754 -0.0184145 -0.287713
bt 0.164778 -0.818277 0.550701
t 0.99708 0.0187497 0.0740295
bt -0.00145541 -0.81662 0.577173
t 0.996496 0.0126297 0.0826872
bt 0.00688059 -0.940923 0.338551
t 0.954859 -0.0127088 -0.296786
bt 0.125113 -0.941841 0.3119
t 0.295773 -0.0117962 0.955185
bt -0.321604 -0.945456 0.0518002
t 0.289368 -0.0193205 0.957023
bt -0.519338 -0.821148 0.236654
t -0.0734092 0.0176719 0.997145
bt -0.56554 -0.824422 0.0222175
t -0.0843316 0.0122237 0.996363
bt -0.311831 -0.94946 -0.0358763
t -0.287794 -0.0176567 -0.957529
bt 0.53821 -0.829745 -0.147829
t 0.0756913 0.0193022 -0.996944
bt 0.558734 -0.826269 0.0713924
t 0.0821555 0.0114764 -0.996553
bt 0.316188 -0.948526 -0.0179798
t -0.298115 -0.0118805 -0.954456
bt 0.287429 -0.952362 -0.101933
t -0.46595 -0.0111872 0.88474
bt -0.247883 -0.951343 -0.183033
t -0.47161 -0.0192036 0.881598
bt -0.525856 -0.827939 -0.194916
t -0.757481 0.0177489 0.652616
bt -0.404919 -0.831103 -0.381195
t -0.764258 0.0115493 0.644807
bt -0.17791 -0.954712 -0.238481
t 0.473934 -0.0178444 -0.88038
bt 0.494105 -0.822937 0.28042
t 0.757961 0.019206 -0.652017
bt 0.355686 -0.820094 0.448255
t 0.7627 0.0121191 -0.646639
bt 0.252565 -0.942602 0.21843
t 0.464515 -0.012498 -0.885477
bt 0.291128 -0.946446 0.139584
t 0.884689 -0.0124181 0.466016
bt -0.209347 -0.94035 0.26817
t 0.880905 -0.0190138 0.472911
bt -0.214116 -0.816974 0.535451
t 0.653207 0.0180805 0.756964
bt -0.395786 -0.818526 0.416376
t 0.645464 0.0126807 0.763686
bt -0.263566 -0.943785 0.199508
t -0.881003 -0.0179419 -0.47277
bt 0.218223 -0.834084 -0.506639
t -0.651274 0.0189584 -0.758606
bt 0.434263 -0.83275 -0.34343
t -0.646048 0.0110242 -0.763217
bt 0.192353 -0.953452 -0.232227
t -0.885602 -0.0112542 -0.464309
bt 0.111426 -0.956122 -0.270953
t -0.997005 0.0182467 -0.0751586
bt 0.0107349 -0.834909 -0.550284
t -0.996421 0.0110377 -0.083807
bt 0.0252728 -0.957028 -0.288894
t -0.993585 0.0191121 0.111459
bt -0.45975 -0.600151 -0.65456
t 0.996273 0.00972495 0.0857078
bt 0.0203618 -0.988391 0.150562
t 0.953864 -0.00976289 -0.30008
bt 0.0538068 -0.989087 0.137155
t 0.29758 -0.00875392 0.954657
bt -0.136529 -0.990327 0.0247383
t -0.0881931 0.00892426 0.996063
bt -0.130754 -0.991356 -0.0108336
t 0.0838347 0.00832313 -0.996445
bt 0.132053 -0.991232 -0.00465338
t -0.301631 -0.00846464 -0.953387
bt 0.118711 -0.992195 -0.0381683
t -0.464373 -0.00794843 0.885604
bt -0.102479 -0.992047 -0.0730794
t -0.76642 0.00803503 0.642289
bt -0.0731084 -0.992873 -0.0941191
t 0.762112 0.0279671 -0.646841
bt 0.121068 -0.988975 0.0852761
t 0.461097 -0.00932731 -0.887301
bt 0.122466 -0.990474 0.0629499
t 0.885919 -0.00950968 0.463743
bt -0.0768342 -0.989088 0.125707
t 0.642663 0.00962642 0.766088
bt -0.112639 -0.98967 0.0886862
t -0.644663 0.00764908 -0.764429
bt 0.0775201 -0.992662 -0.0928086
t -0.886976 -0.00770482 -0.461751
bt 0.0442989 -0.993269 -0.107021
t 0.767389 -0.0284263 -0.640551
bt 0.0827252 -0.989601 0.117671
t -0.99624 0.0075173 -0.0863072
bt 0.00994689 -0.993469 -0.113664
t -0.953745 0.00210593 0.300609
bt 0.012402 -0.998588 0.05166
t -0.996205 -0.00210372 -0.087011
bt -0.00461725 -0.998595 0.0527984
t 0.953829 0.0102302 -0.300176
bt -0.015376 -0.998673 -0.049154
t 0.996205 -0.00204432 0.0870102
bt 0.000581387 -0.998665 -0.0516441
t 0.300588 0.00204143 0.953752
bt 0.0477554 -0.998669 -0.0194628
t -0.0870102 -0.00203191 0.996205
bt 0.0513723 -0.99868 0.000254445
t -0.300588 0.00202924 -0.953752
bt -0.0476383 -0.998687 0.0188394
t 0.0870102 -0.00203195 -0.996205
bt -0.0513199 -0.998682 -0.00085435
t -0.300339 0.00699309 -0.953807
bt -0.033658 -0.99938 0.0103218
t -0.461783 0.00203351 0.886991
bt 0.0472651 -0.998685 0.0198669
t -0.76566 -0.0101306 0.643165
bt 0.0329471 -0.998698 0.0389345
t 0.462194 0.0102105 -0.88672
bt -0.0454661 -0.998678 -0.0239822
t 0.765978 -0.00204657 -0.642863
bt -0.0359465 -0.998666 -0.0370682
t 0.886966 0.00204667 0.46183
bt 0.0201986 -0.998665 -0.0475475
t 0.642863 -0.00204667 0.765978
bt 0.0367935 -0.998664 -0.0362737
t 0.643016 -0.0069157 0.765822
bt 0.0139116 -0.999198 -0.0375534
t -0.886991 0.0020295 -0.461783
bt -0.0201708 -0.998691 0.0469946
t -0.642918 -0.00202264 -0.765933
bt -0.0366849 -0.998692 0.035622
t -0.766361 0.0101299 0.642331
bt 0.0329471 -0.998698 0.0389345
t 0.953499 -0.0102289 -0.301221
bt -0.015376 -0.998673 -0.049154
t 0.64261 0.00691945 0.766162
bt 0.0265243 -0.999394 -0.0225352
t -0.300855 -0.00700054 -0.953644
bt -0.0277556 -0.999193 0.0290254
t 0.461226 -0.0102084 -0.887224
bt -0.0454661 -0.998678 -0.0239822
t -0.996205 -0.00201999 -0.0870102
bt -0.00443589 -0.998704 0.0507067
t 0.953745 0.00209403 -0.300609
bt -0.0198474 -0.998602 -0.0489985
t 0.996205 -0.00209191 0.087011
bt 0.000446821 -0.998602 -0.0528623
t 0.300516 0.00209259 0.953774
bt 0.0491259 -0.998597 -0.0197815
t -0.0871108 -0.00210139 0.996196
bt 0.0529556 -0.998597 0.00052478
t -0.300609 0.00210242 -0.953745
bt -0.0491778 -0.998591 0.0199419
t 0.087011 -0.00209558 -0.996205
bt -0.0529681 -0.998596 -0.000381596
t -0.462265 0.0105048 0.88668
bt 0.0470547 -0.9986 0.0241799
t -0.765978 -0.00210194 0.642863
bt 0.0339633 -0.9986 0.0405554
t -0.76566 -0.0101306 0.643165
bt 0.0479644 -0.998502 0.0263199
t 0.46183 0.00209837 -0.886966
bt -0.046864 -0.998605 -0.0243207
t 0.765978 -0.00209435 -0.642863
bt -0.0339141 -0.99861 -0.0403364
t 0.886966 0.00209411 0.46183
bt 0.024356 -0.99861 -0.0467331
t 0.642863 -0.00209402 0.765978
bt 0.0404038 -0.99861 -0.0338337
t -0.886966 0.00210649 -0.46183
bt -0.0244489 -0.998595 0.0470221
t -0.642917 -0.00209854 -0.765933
bt -0.0404936 -0.9986 0.0340432
t 0.953499 -0.0102289 -0.301221
bt -0.0340765 -0.998483 -0.0432469
t -0.461234 -0.010508 0.887216
bt 0.0470547 -0.9986 0.0241799
t 0.461226 -0.0102084 -0.887224
bt -0.0545119 -0.998491 -0.00658298
t -0.996205 -0.00210372 -0.087011
bt -0.00461725 -0.998595 0.0527984
t -0.996183 0.00223291 -0.0872663
bt -0.00490111 -0.998419 0.0559871
t 0.087912 -0.0224214 0.995876
bt -0.732872 -0.560268 -0.386003
t -0.782633 0.618773 0.0678664
bt 0.153248 -0.0261995 0.98784
t -0.782899 0.618432 0.0678987
bt 0.154037 -0.025208 0.987743
t -0.108891 0.993275 0.0393394
bt 0.12225 -0.00591122 0.992482
t -0.112629 0.993588 0.00986762
bt 0.121938 -0.00595221 0.99252
t -0.0688409 0.614114 0.786209
bt 0.999155 0.0182415 -0.0368331
t 0.136131 0.616158 0.775769
bt 0.999067 0.0189916 -0.0387841
t -2.3599e-05 0.993561 0.113302
bt 0.998195 0.00428237 -0.0599008
t 0.00975587 0.99358 0.112709
bt 0.998171 0.00430896 -0.0603007
t 0.000258783 0.617584 -0.786505
bt 0.996302 0.0188063 -0.0838333
t -0.0679841 0.618401 -0.782917
bt 0.996195 0.0177236 -0.0853361
t 0.0198698 0.990854 -0.13347
bt 0.995374 -0.00410633 -0.0959893
t 0.0717413 0.988132 -0.135825
bt 0.996274 0.0015817 -0.0862303
t 0.00617597 -0.0529951 -0.998576
bt 0.683526 -0.549262 0.480732
t -0.998066 -0.0308132 0.0539799
bt 0.464052 -0.557616 -0.688273
t -0.983937 -0.000480104 -0.178518
bt 0.464606 -0.599016 -0.652167
t 0.121517 -0.00231918 0.992587
bt 0.122772 0.0271379 0.992064
t 0.116636 -0.336507 -0.93443
bt 0.139418 -0.00956761 -0.990187
t -0.138793 0.00961557 0.990275
bt -0.13734 0.0396792 0.989729
t 0.121717 -0.00233856 0.992562
bt 0.122977 0.0271186 0.992039
t 0.777549 0.613711 0.13703
bt 0.00912571 -0.0987317 -0.995072
t 0.782899 0.618432 -0.0679003
bt -0.0893438 0.0261084 -0.995659
t 0.786492 0.602464 0.13589
bt -0.0870764 0.0263345 -0.995854
t 0.777249 0.614099 0.136989
bt 0.0117722 -0.102239 -0.99469
t -0.786492 0.602462 -0.135905
bt -0.0870764 -0.0263345 -0.995854
t -0.782899 0.618432 0.0678987
bt -0.0893438 -0.0261084 -0.995659
t -0.777548 0.613711 -0.137032
bt 0.0091257 0.0987317 -0.995072
t -0.777249 0.614099 -0.136991
bt 0.0117722 0.102239 -0.99469
t -0.112724 0.993428 -0.0198532
bt 0.137235 0.0241834 -0.990243
t -0.112629 0.993588 0.0098673
bt -0.120606 -0.00591315 -0.992683
t -0.116062 0.993052 -0.0194144
bt -0.120909 -0.00591062 -0.992646
t -0.112637 0.993438 -0.0198408
bt 0.136128 0.0240293 -0.9904
t -0.462265 0.0105055 0.886679
bt 0.0466555 -0.9986 0.0249477
t -0.461234 -0.010508 0.887216
bt 0.0466555 -0.9986 0.0249477
t 0.72396 0.0913924 -0.683761
bt 0.442976 -0.836737 0.321937
t 0.798597 -0.0912241 -0.594912
bt 0.337086 -0.844103 0.416969

