g sponza_03
t -0.377642 0.111888 -0.919167
bt -0.677018 -0.735552 0.0246901
t -0.102204 0.0703221 -0.992275
bt -0.328082 -0.94463 0.00607396
t -0.140449 0.133545 -0.98104
bt -0.558747 -0.82796 0.0477858
t -0.204012 -0.013397 -0.978877
bt -0.693456 -0.717768 0.0626709
t 0.275334 -0.0927816 -0.956861
bt -0.516765 -0.856091 -0.00782955
t 0.180701 -0.344629 -0.921183
bt -0.0867864 -0.995801 -0.0291168
t 0.361185 -0.0371937 -0.931752
bt -0.700318 -0.711957 -0.0516924
t 0.0137277 -0.163453 -0.986456
bt 0.285948 -0.957337 -0.0416999
t 0.0137766 0.00950182 -0.99986
bt -0.354242 -0.933435 -0.0566678
t 0.276894 -0.0904782 -0.956631
bt 0.313409 -0.949618 0.000914453
t -0.133444 -0.319783 -0.938047
bt 0.871853 -0.480119 -0.0967325
t 0.0370278 -0.221913 -0.974363
bt 0.757765 -0.65203 -0.0254893
t 0.238965 -0.278132 -0.930343
bt 0.823717 -0.56687 0.0122013
t -0.583286 -0.290965 -0.758364
bt 0.534809 -0.840022 0.0913414
t 0.270211 -0.525581 -0.806691
bt 0.869348 -0.455811 -0.190972
t -0.228093 -0.118737 -0.966372
bt -0.848469 -0.496759 0.182566
t -0.482207 0.014997 -0.875929
bt -0.701749 -0.709508 0.0643914
t -0.444461 0.0558781 -0.894054
bt -0.728251 -0.685197 0.0124644
t -0.349476 -0.092347 -0.932383
bt -0.0185011 -0.998688 0.0477516
t -0.56133 -0.0959139 -0.822015
bt 0.122731 -0.9917 -0.0383062
t -0.537275 0.00417145 -0.843397
bt -0.469848 -0.882745 -0.00198242
t -0.693478 0.0827031 -0.715715
bt -0.419183 -0.907879 -0.00643696
t 0.0269413 -0.337635 -0.940891
bt 0.0761704 -0.996021 -0.0462548
t -0.480042 -0.257517 -0.838597
bt 0.40108 -0.915461 0.0326608
t 0.437916 0.297121 -0.848498
bt -0.781211 -0.6222 0.0507569
t -0.128843 0.277398 -0.952077
bt -0.431555 -0.901322 -0.0371278
t 0.277205 -0.0938329 -0.956218
bt -0.67562 -0.736122 0.0407564
t -0.447893 -0.097562 -0.888748
bt -0.212187 -0.976558 -0.0361949
t -0.552853 0.0419793 -0.83222
bt 0.0774072 -0.976258 -0.202308
t -0.843578 0.0726189 -0.532074
bt -0.318357 -0.947826 -0.0165771
t 0.0920422 0.0774509 -0.992738
bt 0.0137367 -0.961668 -0.273873
t -0.42067 0.00668854 -0.907189
bt 0.0444498 -0.997797 -0.0492451
t -0.478154 -0.141703 -0.866769
bt 0.323326 -0.900791 -0.28989
t 0.0639008 -0.175912 -0.98233
bt -0.55403 -0.74526 -0.370996
t -0.559442 0.0508464 -0.827309
bt 0.346439 -0.840597 -0.416386
t -0.110161 -0.0651759 -0.991775
bt -0.438893 -0.778585 -0.448528
t -0.479098 -0.131735 -0.86782
bt 0.456916 -0.794495 -0.400008
t -0.21094 -0.00148948 -0.977498
bt 0.653711 -0.64241 -0.399964
t -0.220629 0.000455623 -0.975358
bt -0.183195 -0.943461 -0.276261
t 0.0141765 -0.121325 -0.992512
bt 0.688156 -0.682501 -0.246241
t 0.0914278 -0.114762 -0.989177
bt -0.478301 -0.821651 -0.31003
t 0.0404511 -0.180416 -0.982758
bt -0.468145 -0.847247 -0.251025
t -0.00505456 -0.0550723 -0.99847
bt -0.0707036 -0.956825 -0.281934
t 0.47274 0.124318 -0.872389
bt 0.652216 -0.7579 0.0142243
t -0.0326992 -0.0101808 -0.999413
bt -0.165831 -0.956148 -0.241416
t 0.698114 -0.0504847 -0.714204
bt 0.108588 -0.985738 -0.128567
t 0.284651 -0.0856939 -0.954793
bt -0.411643 -0.861664 -0.296791
t 0.0651617 -0.226096 -0.971923
bt 0.123295 -0.986632 -0.106561
t 0.387055 -0.184355 -0.903439
bt 0.270776 -0.960293 -0.0672187
t -0.520236 -0.289039 -0.803624
bt 0.451443 -0.882253 -0.133523
t -0.491591 -0.159578 -0.85608
bt 0.0235567 -0.997636 -0.0645494
t -0.342679 -0.124897 -0.931113
bt -0.241441 -0.958312 -0.152788
t 0.142018 -0.352811 -0.924854
bt -0.318521 -0.928472 -0.191008
t -0.16133 0.0455479 -0.985849
bt -0.523022 -0.827798 -0.202974
t 0.0744 0.0584254 -0.995515
bt 0.0587515 -0.977247 -0.203806
t -0.276919 -0.164625 -0.946686
bt -0.52359 -0.794506 -0.307595
t -0.152653 0.0606038 -0.98642
bt -0.522696 -0.830081 -0.194305
t 0.0184541 -0.0295866 -0.999392
bt -0.452197 -0.889391 -0.0670908
t 0.219586 -0.249843 -0.943059
bt 0.538271 -0.835694 -0.108997
t -0.660969 -0.182657 -0.727844
bt -0.0723397 -0.996933 -0.0298754
t 0.59881 -0.0986957 -0.794786
bt 0.774313 -0.63037 -0.0554335
t -0.0596979 -0.0604118 -0.996387
bt 0.142016 -0.983628 -0.110939
t 0.54535 -0.182803 -0.818032
bt 0.842047 -0.5368 -0.0529474
t -0.696358 -0.224335 -0.681733
bt 0.18391 -0.980019 0.0757623
t -0.774903 -0.0679947 -0.628412
bt -0.421756 -0.90248 0.0874788
t 0.0857608 -0.403983 -0.910738
bt -0.130938 -0.942017 -0.308964
t 0.409567 -0.0772997 -0.908999
bt -0.701968 -0.639123 -0.314265
t 0.0902032 0.136388 -0.98654
bt -0.614548 -0.625088 -0.481244
t 0.349109 -0.0456188 -0.935971
bt -0.430275 -0.846509 -0.313507
t -0.897677 0.0280928 -0.439758
bt 0.975271 -0.209948 -0.0690519
t -0.836415 -0.00482978 -0.548075
bt 0.973812 -0.222332 -0.047534
t -0.741421 0.264334 -0.616784
bt 0.833355 -0.541634 0.110239
t 0.494056 -0.478998 -0.725582
bt -0.865397 -0.374368 -0.333071
t 0.379051 -0.0659764 -0.923021
bt -0.936138 -0.225367 -0.269918
t 0.261838 -0.058366 -0.963345
bt -0.359993 -0.881741 -0.304857
t -0.277671 0.233215 -0.931938
bt -0.901741 -0.229339 -0.366423
t -0.372265 0.412471 -0.831437
bt -0.370276 -0.772394 -0.516045
t -0.100565 0.434467 -0.895056
bt -0.96637 -0.167154 -0.195422
t -0.75877 0.393169 -0.519313
bt 0.817909 -0.554907 -0.151993
t -0.938708 0.0559775 -0.340137
bt 0.973249 -0.187619 -0.13261
t -0.72948 0.48435 -0.482974
bt 0.764992 -0.639876 -0.0731201
t -0.937104 0.0597296 -0.343901
bt 0.980439 -0.19262 -0.0404483
t 0.334543 -0.356208 -0.872466
bt -0.776378 -0.539575 -0.325724
t -0.369949 0.0296424 -0.928579
bt -0.101082 -0.961635 -0.255031
t 0.141914 -0.17463 -0.974353
bt -0.718562 -0.675812 -0.164154
t 0.303467 -0.497154 -0.812862
bt -0.305269 -0.942946 -0.132907
t 0.70518 -0.272955 -0.654382
bt -0.834986 0.360755 -0.415517
t 0.58436 -0.465545 -0.664674
bt -0.768381 -0.56719 -0.296455
t 0.610093 0.144843 -0.778978
bt -0.466838 -0.819925 -0.331338
t 0.236271 0.567903 -0.788456
bt -0.738306 -0.634466 -0.228818
t -0.396872 -0.00439921 -0.917863
bt -0.738326 -0.634283 -0.229259
t -0.0426207 -0.639357 -0.767728
bt -0.649357 -0.759563 0.0374232
t -0.389951 0.123296 -0.912544
bt -0.62033 -0.748487 -0.234433
t -0.574984 0.0595555 -0.815994
bt -0.300426 -0.903361 -0.306077
t -0.549509 0.139806 -0.823707
bt -0.364171 -0.914449 -0.17653
t -0.0384906 -0.249886 -0.96751
bt -0.331023 -0.892071 -0.307624
t -0.45267 -0.150858 -0.878824
bt -0.297528 -0.800017 -0.521009
t 0.257444 -0.194666 -0.946482
bt -0.148716 -0.92638 -0.345983
t 0.254918 -0.0605746 -0.965064
bt 0.511011 -0.806073 -0.298519
t 0.0751251 -0.146468 -0.986359
bt 0.122801 -0.948344 -0.292514
t -0.804718 -0.313277 -0.504268
bt 0.859905 -0.444615 -0.250758
t -0.682789 -0.0245851 -0.730202
bt 0.931545 -0.274269 -0.238748
t -0.46209 -0.0765952 -0.883519
bt 0.40215 -0.900542 -0.165225
t -0.970715 -0.109016 -0.214075
bt 0.956768 -0.279596 -0.0801263
t -0.973716 -0.116234 -0.195874
bt 0.97392 -0.19793 -0.110922
t -0.919795 -0.159359 -0.358584
bt 0.902253 -0.431184 -0.0045184
t 0.712236 -0.319916 -0.624799
bt 0.968921 -0.239142 -0.0632678
t 0.794465 -0.0656393 -0.603752
bt 0.979562 -0.175666 -0.0979822
t 0.599959 -0.264791 -0.754941
bt 0.786263 -0.571275 -0.235446
t 0.482457 -0.364377 -0.796533
bt 0.996653 -0.0737175 -0.0353317
t -0.449243 -0.215879 -0.866936
bt -0.0329269 -0.999336 0.015595
t -0.572985 -0.264866 -0.775586
bt 0.648743 -0.741878 -0.169558
t -0.65716 -0.546848 -0.518746
bt 0.379779 -0.834992 -0.398191
t -0.0867759 -0.459536 -0.88391
bt -0.444288 -0.855564 -0.265741
t -0.623697 -0.0835179 -0.777191
bt -0.813753 -0.561969 -0.14831
t -0.749548 0.0197337 -0.661656
bt -0.206161 -0.908873 -0.362557
t -0.528213 -0.153097 -0.835196
bt -0.519566 -0.613375 -0.59483
t -0.494939 -0.173625 -0.851404
bt -0.601942 -0.765007 -0.228977
t -0.091638 -0.442858 -0.891896
bt 0.0764998 -0.985044 -0.154387
t -0.590162 -0.196286 -0.783058
bt -0.122391 -0.859154 -0.496866
t -0.917801 -0.121982 -0.377838
bt -0.143495 -0.908019 -0.393587
t 0.580721 -0.394199 -0.712299
bt -0.141216 -0.982589 0.120731
t -0.266406 -0.293039 -0.918235
bt 0.491513 -0.86465 -0.103901
t -0.542744 -0.359035 -0.759291
bt 0.0352106 -0.871979 0.488275
t -0.831527 -0.255169 -0.493409
bt 0.650013 -0.721855 -0.237505
t -0.582588 -0.258652 -0.770513
bt 0.276513 -0.944883 -0.175316
t 0.607116 0.0731364 -0.79124
bt 0.167388 -0.958094 -0.232461
t -0.613053 0.0499326 -0.788463
bt 0.210793 -0.967833 -0.137351
t -0.177136 0.455502 -0.872434
bt 0.673228 -0.725414 -0.143311
t -0.85061 -0.134014 -0.508433
bt 0.444357 -0.887239 -0.12391
t -0.605519 -0.0785928 -0.79194
bt 0.299124 -0.942547 -0.148762
t -0.963248 -0.0977013 -0.250216
bt 0.417816 -0.908385 0.0163057
t 0.10906 -0.0871572 -0.990207
bt -0.0665209 -0.951312 -0.300966
t 0.613595 0.0771825 -0.785839
bt -0.899993 -0.267626 -0.344076
t 0.408302 -0.0158244 -0.91271
bt -0.73522 -0.610108 -0.29533
t 0.715926 -0.365488 -0.594869
bt -0.548115 -0.746732 -0.376777
t 0.715684 -0.559631 -0.417864
bt -0.555991 -0.810455 -0.18449
t 0.193797 -0.275219 -0.941646
bt -0.253232 -0.953992 -0.160538
t 0.388469 -0.462386 -0.797052
bt -0.298066 -0.953657 -0.0411581
t -0.586025 -0.150537 -0.796187
bt -0.490888 -0.791917 -0.363176
t -0.943776 -0.041087 -0.328022
bt -0.891473 -0.43919 -0.111303
t -0.962598 0.0169437 -0.270404
bt -0.865772 -0.494666 -0.0757877
t -0.350714 0.090523 -0.932097
bt 0.335463 -0.940659 -0.0512411
t 0.577582 0.0162478 -0.816171
bt -0.144319 -0.976228 -0.161712
t -0.554426 0.145214 -0.819466
bt 0.300033 -0.951693 -0.0652759
t 0.682289 -0.298896 -0.66719
bt -0.00540688 -0.995147 -0.0982526
t 0.238725 -0.207387 -0.948684
bt -0.388749 -0.893575 -0.224497
t -0.462773 -0.0157959 -0.886336
bt -0.406537 -0.907782 -0.10325
t -0.848608 -0.0575483 -0.525883
bt 0.34763 -0.934882 -0.0717584
t -0.529636 0.154725 -0.833994
bt 0.427968 -0.903284 -0.0303517
t -0.792087 0.154074 -0.590644
bt 0.0109835 -0.999921 0.00607398
t -0.362513 0.172825 -0.915814
bt 0.152766 -0.987871 -0.0278105
t 0.326965 -0.0469883 -0.943867
bt -0.648212 -0.683656 -0.335314
t 0.155408 -0.111711 -0.981514
bt -0.092011 -0.975447 -0.200092
t 0.633244 -0.296481 -0.714914
bt -0.364199 -0.901189 -0.234982
t 0.104885 -0.183728 -0.977365
bt -0.0493763 -0.988791 -0.140903
t 0.697287 -0.162196 -0.6982
bt 0.375977 -0.926629 0.000207083
t 0.758242 -0.174121 -0.628292
bt -0.179918 -0.95331 -0.24255
t 0.0181712 0.0410106 -0.998993
bt 0.0575362 -0.979098 -0.195082
t -0.477171 0.158567 -0.864386
bt -0.607706 -0.782144 -0.137639
t -0.74373 0.182092 -0.643201
bt -0.31953 -0.933942 -0.160162
t -0.037111 -0.0850822 -0.995683
bt 0.0543219 -0.979967 -0.191609
t -0.736281 -0.136976 -0.662667
bt 0.140895 -0.94658 -0.290061
t 0.373212 -0.0402577 -0.926872
bt 0.427625 -0.90148 -0.0668576
t 0.454656 -0.0451984 -0.88952
bt 0.316661 -0.94666 -0.0596645
t -0.29234 -0.0347867 -0.955681
bt -0.381873 -0.906113 -0.182023
t 0.541036 0.0125336 -0.840906
bt 0.194238 -0.976869 -0.0894383
t 0.566728 0.0444047 -0.822708
bt 0.0643636 -0.991271 -0.11506
t -0.433887 0.121182 -0.892781
bt -0.400401 -0.901775 -0.162731
t -0.289356 0.00911394 -0.957178
bt 0.187219 -0.969371 -0.158964
t 0.469424 0.134502 -0.872669
bt 0.0821794 -0.993001 -0.084826
t 0.38187 0.156737 -0.910828
bt 0.249762 -0.965545 -0.0730809
t -0.671148 0.137208 -0.728515
bt -0.259522 -0.960185 -0.103411
t 0.570993 0.149105 -0.807301
bt 0.464507 -0.884692 -0.0393991
t 0.226616 0.0554616 -0.972404
bt 0.474234 -0.880369 0.00725743
t 0.186274 -0.158984 -0.969549
bt -0.124997 -0.97906 -0.160678
t 0.10826 -0.164068 -0.98049
bt 0.240346 -0.959584 -0.146398
t 0.489603 -0.264342 -0.83091
bt 0.200646 -0.978256 -0.0524997
t 0.108618 -0.202691 -0.9732
bt 0.053457 -0.984934 -0.164463
t -0.0239191 -0.0262355 -0.99937
bt 0.195706 -0.960399 -0.198327
t 0.248486 -0.125854 -0.960425
bt 0.0878025 -0.99514 -0.04458
t 0.050805 -0.111905 -0.992419
bt 0.0585056 -0.997168 -0.0472631
t 0.268656 -0.0410809 -0.96236
bt 0.427445 -0.903943 0.0132954
t 0.3877 -0.00487731 -0.921773
bt 0.316608 -0.948227 0.025015
t 0.320256 -0.208301 -0.924146
bt -0.115735 -0.985479 -0.12424
t 0.362933 -0.171187 -0.915956
bt 0.212813 -0.971458 -0.104789
t -0.170593 -0.145621 -0.974522
bt -0.0554876 -0.994764 -0.0858215
t 0.289198 -0.133829 -0.947868
bt 0.0978624 -0.988204 -0.117797
t 0.488159 -0.113529 -0.865339
bt 0.0533967 -0.997875 -0.0373434
t 0.269269 -0.308789 -0.912219
bt -0.138222 -0.982876 -0.121858
t 0.558446 0.11864 -0.821013
bt -0.050383 -0.998359 -0.027209
t 0.767256 -0.0113986 -0.641239
bt 0.0596596 -0.99804 -0.0189174
t 0.0634166 0.132211 -0.989191
bt -0.157212 -0.986026 -0.0551179
t -0.121913 0.202806 -0.9716
bt -0.473238 -0.877187 -0.0811728
t 0.14142 0.159516 -0.977013
bt -0.124164 -0.991968 -0.0241306
t 0.00575791 0.178351 -0.98395
bt -0.0283061 -0.997821 -0.0595938
t -0.442028 0.235872 -0.865434
bt -0.235193 -0.961292 -0.143535
t 0.102861 0.148185 -0.983596
bt -0.123789 -0.98935 -0.0765707
t 0.242374 0.174256 -0.954405
bt -0.168952 -0.9852 -0.0289157
t 0.522102 0.115242 -0.845062
bt -0.389246 -0.919186 -0.0598739
t 0.312428 0.182091 -0.932326
bt -0.166478 -0.986042 0.00231833
t -0.693577 0.118464 -0.710575
bt 0.0187021 -0.998145 0.0579329
t -0.830861 0.0991135 -0.547583
bt -0.210909 -0.976361 0.0472891
t 0.0334195 0.423152 -0.905442
bt -0.947753 -0.307793 0.0838307
t -0.00645986 0.298091 -0.954516
bt -0.466187 -0.884553 0.0153737
t 0.470344 -0.0518172 -0.880961
bt -0.935584 -0.33611 0.108222
t -0.396381 -0.496894 -0.771996
bt 0.244855 0.150747 0.957769
t -0.125414 0.0853113 -0.98843
bt 0.635319 -0.737182 0.230072
t -0.126087 -0.349301 -0.928489
bt 0.100786 -0.814188 0.571787
t -0.92268 0.0910922 -0.374652
bt -0.675311 -0.734689 0.0647093
t -0.944141 0.0949559 -0.315565
bt -0.677296 -0.734465 0.0427948
t 0.218952 0.0878853 -0.97177
bt -0.313952 -0.940461 -0.130257
t -0.181289 0.0608958 -0.981543
bt -0.574196 -0.801362 -0.167687
t -0.45596 0.348636 -0.818873
bt -0.169451 -0.974202 -0.149054
t 0.530287 0.216636 -0.819673
bt -0.0333868 -0.996647 -0.0747045
t -0.0804641 0.223309 -0.971421
bt -0.331167 -0.941916 -0.055877
t 0.376397 0.314483 -0.87145
bt 0.187095 -0.949726 0.251028
t -0.0136044 0.0179556 -0.999746
bt 0.0716077 -0.99172 0.106599
t 0.271106 0.252154 -0.928935
bt 0.265804 -0.926513 0.266313
t 0.775925 -0.0269553 -0.630249
bt -0.238831 -0.968766 -0.0667193
t 0.450723 0.135415 -0.882333
bt -0.0249209 -0.999576 0.0150585
t 0.338926 0.35787 -0.870091
bt 0.0333682 -0.9987 0.0385324
t 0.101532 0.0899161 -0.990761
bt 0.458055 -0.888918 -0.00324891
t -0.0504362 0.0429853 -0.997802
bt 0.530559 -0.846444 -0.0451513
t -0.185408 -0.0466985 -0.981551
bt 0.691895 -0.718151 -0.074429
t 0.136698 0.228519 -0.963894
bt -0.218034 -0.970804 0.0999988
t 0.240942 0.19433 -0.950885
bt -0.159094 -0.981241 0.108881
t 0.258611 0.161104 -0.952453
bt 0.380648 -0.922784 0.0598091
t -0.899756 0.114829 -0.421014
bt -0.0653798 -0.953917 -0.292861
t -0.187656 0.127369 -0.973942
bt -0.242123 -0.96863 -0.0559765
t -0.787093 0.0718815 -0.612632
bt -0.731641 -0.644549 0.221944
t -0.0868357 -0.0414871 -0.995358
bt 0.298252 -0.939925 0.166092
t -0.274133 -0.0726515 -0.958944
bt 0.243572 -0.961164 0.129755
t -0.0434923 0.129684 -0.990601
bt 0.449174 -0.893422 0.00635378
t -0.419285 -0.15453 -0.894606
bt 0.521606 -0.853111 -0.011374
t -0.801571 0.201055 -0.563082
bt -0.116322 -0.993136 0.0122408
t -0.718317 0.21688 -0.661048
bt -0.145459 -0.988793 -0.0336014
t -0.168712 -0.103033 -0.980266
bt 0.14701 -0.989121 0.00523331
t -0.527734 -0.303222 -0.793444
bt 0.496532 -0.851274 -0.169673
t 0.362086 0.219025 -0.906047
bt -0.656217 -0.753988 -0.0296927
t 0.372026 0.138273 -0.917866
bt 0.00392495 -0.995212 0.097658
t 0.0742232 0.294628 -0.952725
bt -0.244189 -0.969654 -0.0119518
t -0.807328 0.0150721 -0.589911
bt -0.949213 -0.314456 -0.0105786
t -0.521665 -0.698799 -0.489435
bt -0.655949 -0.75413 -0.0319156
t -0.735729 -0.212073 -0.643217
bt -0.839586 -0.528483 -0.125701
t -0.861169 0.072267 -0.503156
bt -0.979505 -0.195232 -0.0495442
t 0.0231702 0.439086 -0.898146
bt -0.821429 -0.57022 -0.0101702
t 0.0399473 0.0566339 -0.997596
bt -0.575942 -0.816684 0.0363026
t 0.252004 0.0750424 -0.964812
bt -0.958407 -0.285406 0
t -0.827072 0.0517976 -0.559704
bt -0.958292 -0.261824 0.114564
t -0.532915 -0.0656832 -0.843616
bt -0.664197 -0.726612 -0.17572
t -0.827765 0.0304424 -0.560249
bt -0.954687 -0.286135 0.0818447
t -0.911694 0.202916 -0.357266
bt -0.481058 -0.876663 0.00677992
t -0.981695 0.115554 -0.151399
bt -0.789945 -0.585601 0.18182
t -0.946913 0.232664 -0.221864
bt -0.559651 -0.520551 -0.644839
t -0.942671 0.111625 -0.314502
bt 0.531958 -0.762408 -0.368448
t -0.811048 0.235406 -0.535523
bt 0.917158 -0.347067 -0.195872
t -0.894709 0.216162 -0.390857
bt 0.794694 -0.553777 0.248581
t -0.926214 0.104003 -0.36237
bt 0.880444 -0.463486 0.0999955
t -0.0257179 -0.0289468 -0.99925
bt -0.709011 -0.704883 -0.0210329
t -0.00184369 -0.00764248 -0.999969
bt -0.356205 -0.934408 -0.00052274
t -0.00777312 0.00916727 -0.999928
bt 0.646687 -0.762756 -0.000282861
t 0.219816 0.175702 -0.959588
bt 0.468232 -0.865071 0.180031
t -0.445199 -0.148596 -0.883016
bt 0.602198 -0.797808 -0.0293261
t -0.102508 -0.171676 -0.979806
bt -0.202258 -0.971485 0.123725
t -0.869316 0.11018 -0.481819
bt 0.838182 -0.478926 -0.260922
t -0.982537 0.068417 -0.173033
bt 0.840474 -0.496817 -0.216277
t -0.843449 0.146548 -0.516834
bt 0.666753 -0.72105 0.188486
t -0.84802 -0.0610438 -0.526437
bt 0.933784 -0.313924 -0.171755
t -0.594508 0.178701 -0.783981
bt 0.525669 -0.833167 -0.17177
t -0.527709 0.147093 -0.836592
bt 0.957965 -0.267013 -0.104918
t -0.00184329 0.0166257 -0.99986
bt 0.110152 -0.993915 -0.000334897
t -0.143131 -0.0423859 -0.988796
bt -0.958842 -0.283939 0
t -0.833979 0.0358614 -0.55063
bt -0.287542 -0.82112 -0.493033
t -0.692259 -0.0180046 -0.721424
bt -0.0758728 -0.840484 -0.536497
t -0.0914981 -0.139564 -0.985977
bt 0.177393 -0.982517 0.056495
t -0.363831 -0.047178 -0.93027
bt 0.262809 -0.963659 -0.0478854
t -0.020232 -0.0245385 -0.999494
bt -0.635681 -0.770861 0.0410318
t 0.0116126 -0.0247453 -0.999626
bt 0.424797 -0.905289 0
t -0.0109064 0.0283461 -0.999539
bt 0.358729 -0.932337 -0.0454047
t -0.0138391 -0.0303864 -0.999442
bt -0.425483 -0.904965 -0.00183252
t -0.0427018 -0.0990142 -0.994169
bt -0.616223 -0.782785 -0.0867007
t 0.177943 -0.122491 -0.976387
bt -0.468293 -0.882454 -0.0444714
t 0.373554 0.0538375 -0.926045
bt 0.356939 -0.926015 0.12284
t 0.289658 0.0877729 -0.953097
bt 0.340752 -0.933222 0.113954
t 0.412263 0.100549 -0.905499
bt 0.294416 -0.949165 0.111381
t 0.461362 -0.252886 -0.850408
bt -0.40232 -0.915046 0.0287898
t 0.228637 -0.273886 -0.93419
bt -0.462416 -0.885258 0.0498847
t -0.422428 0.217218 -0.879984
bt -0.226514 -0.767164 -0.600125
t -0.407282 -0.378365 -0.831241
bt -0.780518 -0.619659 0.0825456
t -0.423922 0.161305 -0.891219
bt -0.0551102 -0.964271 -0.259121
t -0.808013 0.0567755 -0.586423
bt 0.227286 -0.913791 -0.33664
t -0.418267 -0.404956 -0.813058
bt -0.65528 -0.673736 -0.341597
t 0.229323 -0.368778 -0.900785
bt 0.734885 -0.567098 0.371946
t 0.585471 0.0035111 -0.810686
bt 0.721781 -0.691471 0.0300046
t -0.157822 -0.0504567 -0.986178
bt -0.279229 -0.955943 -0.0905713
t -0.090787 0.164846 -0.982132
bt -0.52359 -0.794506 -0.307595
t -0.315696 0.573404 -0.756006
bt 0.514598 -0.771586 -0.373958
t 0.0185434 -0.0846704 -0.996236
bt 0.13337 -0.96095 -0.242459
t -0.0262749 -0.0473143 -0.998534
bt 0.911328 -0.406086 -0.0676432
t 0.204664 0.0721103 -0.976173
bt 0.842896 -0.533053 -0.0733543
t -0.0592481 -0.134061 -0.9892
bt -0.00759269 -0.929472 -0.368814
t -0.484298 -0.104786 -0.868606
bt 0.952082 -0.297422 -0.0712774
t 0.35197 -0.244215 -0.903591
bt 0.15307 -0.946774 0.283175
t 0.261596 0.165192 -0.950936
bt 0.368541 -0.752357 -0.546019
t -0.00746604 -0.382267 -0.924022
bt 0.740759 -0.625409 -0.245235
t -0.0378052 -0.308042 -0.950621
bt 0.974903 -0.219372 -0.0379352
t -0.0123237 0.0119331 -0.999853
bt 0.31973 -0.822067 -0.471145
t -0.722988 0.474749 -0.501898
bt 0.37401 -0.484668 -0.790704
t -0.684122 0.352644 -0.638451
bt 0.603091 -0.670655 -0.43186
t 0.3126 0.0249559 -0.949557
bt 0.351176 -0.784189 -0.511589
t 0.569054 -0.593239 -0.569425
bt -0.0910626 -0.149893 -0.9845
t 0.778759 0.46965 -0.415888
bt -0.851727 -0.159918 -0.498986
t 0.40277 -0.096907 -0.910157
bt 0.0130555 -0.906125 -0.422809
t -0.955503 0.126923 -0.266278
bt 0.961755 -0.238407 -0.134867
t -0.232255 0.575398 -0.784203
bt 0.356388 -0.910326 -0.21046
t -0.671141 0.156039 -0.724722
bt 0.969353 -0.243714 -0.0309689
t 0.509567 -0.293036 -0.808994
bt -0.221498 -0.927685 -0.300565
t 0.345135 -0.180279 -0.921076
bt -0.200849 -0.970076 -0.136425
t 0.722427 -0.407756 -0.558422
bt -0.422125 -0.884087 -0.200502
t 0.753048 -0.441 -0.4883
bt -0.519328 -0.821197 -0.236504
t 0.4786 -0.154679 -0.864301
bt -0.593704 -0.753286 -0.282977
t 0.803192 -0.372168 -0.465159
bt -0.485951 -0.811282 -0.325075
t 0.744181 -0.37393 -0.553507
bt -0.433118 -0.880391 -0.193186
t 0.706942 -0.446409 -0.548591
bt -0.659403 -0.678493 -0.323782
t 0.696289 -0.445428 -0.562828
bt -0.129856 -0.921333 -0.366445
t 0.312147 -0.281774 -0.907286
bt -0.139729 -0.953008 -0.268796
t 0.78291 -0.306343 -0.541485
bt -0.437791 -0.878756 -0.19007
t -0.270336 -0.101525 -0.957398
bt -0.269387 -0.929738 -0.251033
t 0.338408 -0.202093 -0.919042
bt -0.200964 -0.970089 -0.136164
t -0.589048 -0.0610389 -0.80579
bt -0.43496 -0.84902 -0.299958
t 0.325704 -0.241588 -0.914085
bt -0.112227 -0.939193 -0.324533
t -0.574823 0.026701 -0.817842
bt -0.364989 -0.913858 -0.177897
t -0.300455 -0.198216 -0.932972
bt -0.427722 -0.877517 -0.216836
t 0.228395 -0.0224907 -0.973309
bt -0.148705 -0.955871 -0.253373
t -0.474062 -0.661059 -0.581607
bt -0.358737 -0.845526 -0.395467
t -0.446564 -0.25134 -0.858725
bt -0.162376 -0.956482 -0.242439
t -0.815954 -0.0750483 -0.573225
bt -0.338817 -0.862839 -0.375115
t 0.861749 -0.223934 -0.455239
bt 0.960886 -0.243314 -0.132274
t 0.0775978 0.225562 -0.971134
bt 0.787654 -0.584858 -0.193761
t -0.767815 -0.283554 -0.574506
bt 0.170592 -0.984314 -0.0449826
t -0.806563 -0.397119 -0.437895
bt 0.61323 -0.761103 -0.211354
t -0.918784 -0.106115 -0.38023
bt 0.993628 -0.0882182 -0.0701493
t 0.704856 0.125222 -0.69821
bt -0.692038 -0.714839 -0.100446
t 0.248506 -0.405205 -0.879803
bt -0.18974 -0.959226 -0.209484
t 0.124897 -0.938845 0.320891
bt -0.274562 -0.837289 -0.472824
t -0.936734 -0.196729 -0.289528
bt 0.979253 -0.195326 -0.0539651
t -0.663676 -0.353599 -0.659167
bt 0.00609671 -0.982045 -0.188551
t 0.241055 -0.4358 -0.867162
bt -0.153462 -0.973537 -0.169337
t -0.7521 0.0564937 -0.656623
bt -0.213227 -0.90502 -0.368068
t 0.563625 -0.302649 -0.76859
bt -0.0864935 -0.996241 -0.00468057
t -0.395811 -0.582804 -0.7097
bt 0.031771 -0.93789 -0.345474
t 0.388068 -0.119428 -0.91386
bt 0.257724 -0.947951 -0.186994
t 0.0654144 -0.561061 -0.825186
bt -0.607925 -0.752426 -0.253539
t 0.0407469 -0.127542 -0.990996
bt 0.38341 -0.912166 -0.144739
t -0.740307 -0.0614237 -0.669457
bt 0.0763622 -0.98889 -0.127533
t -0.87199 -0.17724 -0.456311
bt 0.938549 -0.309509 0.152742
t -0.990431 -0.0345779 -0.133604
bt 0.979964 -0.194326 -0.0436699
t -0.947184 0.12056 -0.297166
bt 0.907178 -0.377376 0.186053
t -0.997412 0.0309325 -0.0649089
bt 0.959501 -0.276671 -0.053022
t -0.671935 0.291308 -0.680914
bt 0.0270272 -0.936182 -0.350475
t 0.973863 -0.227095 -0.00426155
bt 0.971598 -0.236082 -0.0161808
t -0.997402 0.0345288 -0.0632263
bt 0.0276012 -0.906346 -0.421633
t -0.352726 0.877994 -0.323591
bt 0.818332 -0.572102 -0.0550576
t -0.503948 -0.402 -0.764481
bt 0.514217 -0.810311 0.281028
t 0.392211 -0.703373 -0.592821
bt 0.397412 -0.695516 -0.598599
t 0.508263 0.0460341 -0.859971
bt 0.0342815 -0.935778 -0.350918
t 0.989103 0.0284104 -0.14446
bt 0.575067 -0.777083 -0.255812
t 0.924082 -0.0766212 -0.374435
bt 0.727897 -0.684069 0.0470729
t 0.478364 -0.0941412 -0.873101
bt 0.0389216 -0.978492 -0.202579
t -0.738282 -0.0579322 -0.672
bt -0.118977 -0.967877 -0.221492
t 0.665326 -0.652429 -0.362874
bt 0.674595 -0.712553 -0.192848
t 0.969201 -0.00997554 -0.24607
bt 0.0183591 -0.954536 -0.297529
t -0.82534 0.13147 -0.549117
bt 0.735178 -0.673584 -0.0761446
t 0.000662835 0.182195 -0.983262
bt -0.00023198 -0.966266 -0.257545
t 0.027854 0.655888 -0.754344
bt 0.33198 -0.842077 -0.425082
t 0.340101 -0.493802 -0.800307
bt 0.324001 -0.87317 -0.364139
t 0.000550769 -0.143426 -0.989661
bt -2.15503e-05 -0.908332 -0.418249
t -0.960975 0.00814023 -0.276515
bt 0.572132 -0.810689 -0.12429
t -0.612651 0.760504 -0.21516
bt 0.674347 -0.716966 -0.176679
t -0.97915 0.0406802 -0.199023
bt 0.174626 -0.982061 -0.0711525
t 0.336111 0.484517 -0.807634
bt -0.340067 -0.907756 -0.245628
t -0.286887 -0.854598 -0.432849
bt -0.391906 -0.919118 0.0403932
t 0.364828 -0.914065 -0.177158
bt 0.5351 -0.842834 -0.0574304
t 0.60075 -0.320108 -0.732551
bt 0.254178 -0.902696 -0.347179
t -0.880918 -0.00769872 -0.473207
bt -0.762996 -0.344101 -0.547204
t -0.96416 -0.089771 -0.249672
bt -0.707894 -0.663816 -0.241317
t 0.284727 -0.353288 -0.891133
bt -0.282241 -0.957944 -0.0517896
t 0.443854 -0.267775 -0.855155
bt -0.219363 -0.971836 -0.0861081
t 0.740861 -0.0897328 -0.665637
bt 0.455385 -0.888478 -0.0568409
t 0.770946 -0.011987 -0.636788
bt 0.474978 -0.878776 -0.0463525
t 0.690298 -0.201107 -0.695014
bt 0.135583 -0.966462 -0.218102
t 0.704558 0.0200635 -0.709363
bt 0.289827 -0.954082 -0.0756822
t 0.641562 0.070747 -0.763802
bt 0.209664 -0.976164 -0.056077
t 0.247645 -0.106178 -0.963015
bt 0.092943 -0.993498 -0.0657598
t 0.243002 -0.0246158 -0.969714
bt 0.0853726 -0.995748 -0.0346112
t -0.978926 0.0502845 -0.197927
bt -0.697359 -0.682266 -0.219553
t -0.969799 -0.150882 -0.191637
bt 0.703072 -0.696648 -0.142729
t -0.808157 0.0487049 -0.586949
bt 0.177475 -0.977489 -0.114094
t -0.99421 -0.0252191 -0.104452
bt -0.438815 -0.874604 -0.206177
t -0.985028 -0.0593782 -0.161843
bt -0.21385 -0.912242 -0.349403
t -0.810787 0.192854 -0.552658
bt -0.577275 -0.580788 -0.573968
t -0.983592 0.117949 -0.136509
bt -0.862287 -0.504661 -0.0421699
t -0.740744 0.196371 -0.642446
bt -0.683575 -0.519764 -0.512415
t -0.884828 0.154005 -0.439729
bt -0.889583 -0.380947 -0.252033
t -0.814725 0.187447 -0.548713
bt 0.102493 -0.993909 0.040506
t -0.875128 0.185746 -0.446822
bt -0.235733 -0.943689 0.232123
t -0.27171 0.0610022 -0.960444
bt -0.443957 -0.895909 -0.0158088
t -0.878414 0.175372 -0.444559
bt -0.898031 -0.349843 -0.26674
t 0.673595 -0.147543 -0.724224
bt -0.282738 -0.944299 -0.168398
t -0.455949 0.126255 -0.881005
bt -0.334037 -0.939876 -0.0710768
t -0.578799 0.121508 -0.806367
bt 0.210782 -0.977295 0.0215887
t -0.182432 0.0736151 -0.980459
bt 0.44346 -0.894537 -0.0560888
t 0.24881 -0.133758 -0.959272
bt 0.103098 -0.98878 -0.1081
t 0.54347 0.106413 -0.832656
bt 0.379142 -0.924481 0.0398358
t 0.371776 0.33515 -0.865712
bt -0.177954 -0.983973 -0.0114153
t -0.30841 -0.0997965 -0.946004
bt 0.123733 -0.957199 -0.261651
t 0.404297 0.202713 -0.891881
bt -0.0825119 -0.99652 0.0118019
t 0.130781 0.350488 -0.927391
bt 0.102383 -0.990061 0.0964168
t 0.554522 0.305461 -0.774079
bt 0.138963 -0.988492 0.05978
t 0.0642131 0.23823 -0.969084
bt -0.0930795 -0.985302 0.143235
t 0.544112 0.325678 -0.773225
bt 0.185818 -0.976641 0.107906
t 0.0959054 0.774059 -0.625807
bt -0.0940338 -0.980388 0.173198
t 0.028487 0.463249 -0.88577
bt -0.0473215 -0.975117 0.216581
t -0.914793 0.118376 -0.386187
bt -0.685597 -0.716159 0.130664
t 0.425951 0.29554 -0.855115
bt 0.228337 -0.963617 0.138943
t -0.0746824 0.494732 -0.865831
bt 0.0769953 -0.944698 0.318776
t -0.902405 0.135804 -0.408928
bt -0.701322 -0.672867 0.235367
t -0.0587938 0.380563 -0.922884
bt 0.00403173 -0.946982 0.321262
t -0.854411 0.153626 -0.496367
bt -0.852486 -0.486014 0.192505
t -0.75905 0.0793672 -0.646177
bt -0.924707 -0.340609 0.170006
t 0.215852 0.645417 -0.732697
bt -0.0410825 -0.378036 0.924879
t -0.138649 -0.129486 -0.98184
bt -0.00908122 -0.97673 -0.214282
t 0.749353 0.0911574 -0.655866
bt -0.925611 -0.367147 0.0919081
t -0.0528942 0.247652 -0.967404
bt -0.563474 -0.82454 -0.0513004
t -0.239199 -0.0293462 -0.970527
bt -0.57407 -0.801902 -0.165519
t -0.71448 0.420682 -0.559057
bt -0.540428 -0.840532 -0.0379797
t -0.262247 -0.0663536 -0.962717
bt -0.562018 -0.826155 -0.0400452
t 0.00993234 0.160928 -0.986916
bt -0.0346697 -0.999375 -0.00696054
t -0.00312472 0.0863958 -0.996256
bt 0.0487143 -0.997977 0.0408508
t -0.117657 0.0564957 -0.991446
bt 0.0190885 -0.998561 0.0501174
t 0.355139 0.198199 -0.913561
bt 0.165184 -0.986102 0.0178081
t 0.341551 0.305062 -0.888977
bt 0.134811 -0.990728 0.0168701
t 0.311871 -0.0532259 -0.948633
bt 0.0936849 -0.99085 0.0971577
t 0.238431 0.384867 -0.891643
bt 0.1187 -0.992723 0.0203001
t 0.440162 0.230381 -0.86786
bt 0.215292 -0.975008 0.0548579
t 0.31354 -0.0707146 -0.946938
bt 0.0936874 -0.990853 0.097122
t 0.463921 0.0962065 -0.880637
bt 0.417776 -0.903588 0.0948286
t 0.249648 0.337058 -0.907782
bt 0.105496 -0.992527 0.0613272
t 0.401243 0.0527914 -0.914449
bt 0.294227 -0.918041 0.265767
t 0.347956 0.176474 -0.920752
bt 0.375614 -0.921917 0.0947754
t 0.366446 0.135401 -0.920535
bt 0.338001 -0.924212 0.177731
t 0.361223 0.164356 -0.917881
bt 0.465358 -0.879529 0.0993527
t 0.376421 0.112712 -0.919567
bt 0.392853 -0.918019 0.0539244
t 0.215423 0.172333 -0.961194
bt 0.452673 -0.891115 0.0316601
t 0.268713 0.197946 -0.942662
bt 0.230911 -0.972702 0.0230506
t 0.250421 0.12603 -0.959899
bt 0.522576 -0.852592 -0.0012605
t 0.226157 0.165596 -0.959912
bt 0.523645 -0.851918 -0.00554046
t -0.316937 -0.0781456 -0.945222
bt 0.460512 -0.886178 -0.0511616
t 0.23279 0.229914 -0.94496
bt -0.938358 -0.345639 0.00416109
t -0.160692 0.471796 -0.866941
bt -0.938133 -0.342529 0.0507882
t -0.104809 0.30647 -0.946092
bt -0.0979059 -0.988237 0.117482
t -0.90765 0.200965 -0.36849
bt -0.867907 -0.4695 0.162195
t -0.805639 0.0872455 -0.585948
bt -0.937995 -0.342825 0.0513532
t -0.323332 0.255482 -0.911145
bt 0.357941 -0.932647 -0.0452546
t -0.929207 0.13127 -0.34546
bt -0.738506 -0.347818 -0.577608
t -0.00958181 0.584842 -0.81109
bt -0.00310864 -0.595357 0.803455
t 0.767112 0.386786 -0.511797
bt -0.975185 -0.221197 0.00929926
t -0.218435 0.257722 -0.941204
bt -0.970804 -0.216856 0.102535
t 0.445592 0.495818 -0.745394
bt -0.96635 -0.215664 0.140204
t 0.0921748 0.696126 -0.711977
bt -0.886202 -0.453372 -0.0953915
t -0.259506 -0.0979181 -0.960765
bt -0.588732 -0.796593 0.137237
t -0.592709 -0.187057 -0.783394
bt -0.194481 -0.731568 0.653441
t -0.00927166 0.0263336 -0.99961
bt 0.332027 -0.94327 3.04114e-05
t -0.00587578 -0.00867315 -0.999945
bt -0.560893 -0.827888 0
t -0.273655 0.01358 -0.961732
bt -0.440995 -0.896661 0.0390312
t -0.00125903 -0.0134205 -0.999909
bt -0.0933222 -0.995544 -0.0135574
t -0.299744 0.101368 -0.948619
bt -0.962139 -0.269157 0.0429387
t -0.888562 0.13251 -0.439203
bt -0.937823 -0.262394 0.22724
t -0.0463535 -0.866649 -0.496761
bt 0.271284 0.943972 0.187943
t -0.193592 -0.733266 -0.6518
bt 0.474275 0.820177 0.319958
t -0.42357 0.169731 -0.88982
bt 0.0975611 -0.993033 0.0660906
t 0.112566 -0.0766013 -0.990687
bt -0.160822 0.155242 0.974698
t -0.429929 -0.389169 -0.814683
bt -0.114223 -0.982724 -0.145622
t -0.579114 0.0028412 -0.815242
bt -0.472308 -0.799804 -0.370457
t -0.383246 0.552239 -0.740375
bt 0.100112 -0.942369 -0.319246
t 0.197989 0.210139 -0.957414
bt 0.469561 -0.86513 0.176244
t -0.329201 -0.0974601 -0.939217
bt -0.958855 -0.283897 0
t -0.668662 -0.199115 -0.716411
bt -0.958409 -0.2854 0
t -0.709479 -0.0805405 -0.700109
bt -0.993618 -0.112802 0
t 0.348034 -0.148929 -0.925577
bt -0.677325 -0.735264 -0.0248471
t 0.140882 -0.134513 -0.980846
bt -0.557916 -0.8283 -0.0514624
t 0.102315 -0.0729465 -0.992074
bt -0.328134 -0.944595 -0.00829922
t 0.204632 0.00904661 -0.978797
bt -0.693576 -0.717574 -0.0635609
t -0.275519 0.0907383 -0.957003
bt -0.517106 -0.855884 0.00801953
t -0.363365 0.0329502 -0.931064
bt -0.702079 -0.710609 0.0460552
t -0.180948 0.342807 -0.921814
bt -0.0870735 -0.995788 0.028711
t -0.013598 0.1616 -0.986763
bt 0.286158 -0.957274 0.0417092
t -0.277022 0.0871997 -0.956899
bt 0.314601 -0.949224 -6.88259e-05
t -0.0263805 -0.0443333 -0.998668
bt -0.354313 -0.932173 0.0742707
t 0.133448 0.319781 -0.938047
bt 0.872341 -0.479602 0.0948828
t -0.23887 0.277253 -0.93063
bt 0.824121 -0.566262 -0.0131471
t -0.0375823 0.220345 -0.974698
bt 0.7581 -0.651638 0.0255301
t 0.5833 0.290939 -0.758364
bt 0.536435 -0.838722 -0.0937219
t -0.2702 0.525579 -0.806696
bt 0.872038 -0.453447 0.184216
t 0.228091 0.118736 -0.966373
bt -0.848392 -0.496722 -0.183025
t 0.443876 -0.0565534 -0.894302
bt -0.732693 -0.680546 0.00426149
t 0.482207 -0.0149964 -0.875929
bt -0.701756 -0.709503 -0.0643698
t 0.561423 0.0948213 -0.822079
bt 0.122888 -0.991696 0.0379266
t 0.349433 0.0918887 -0.932445
bt -0.018414 -0.998689 -0.0477667
t 0.537181 -0.00658238 -0.843441
bt -0.460287 -0.887608 -0.0169848
t 0.69337 -0.0841171 -0.715655
bt -0.420867 -0.907089 0.00778496
t -0.0312523 0.390228 -0.920188
bt 0.0764952 -0.996774 0.0242792
t 0.480329 0.2556 -0.839019
bt 0.40168 -0.915193 -0.0327697
t -0.43538 -0.297486 -0.849674
bt -0.779916 -0.62374 -0.0517722
t -0.278092 0.0954677 -0.955798
bt -0.671858 -0.740352 -0.0220258
t 0.128613 -0.278738 -0.951716
bt -0.431367 -0.901348 0.0386568
t 0.448448 0.0913768 -0.889126
bt -0.212708 -0.976435 0.0364624
t 0.843502 -0.0744436 -0.531942
bt -0.319964 -0.947267 0.0175491
t 0.552865 -0.0439976 -0.832108
bt 0.0769486 -0.976032 0.203571
t -0.0919182 -0.0571454 -0.994125
bt 0.0130085 -0.963814 0.26626
t 0.478408 0.140701 -0.866792
bt 0.323813 -0.90046 0.290374
t 0.423869 -0.114149 -0.898502
bt -0.0197896 -0.982387 0.185809
t -0.05777 0.180325 -0.981909
bt -0.559354 -0.746585 0.360188
t 0.110199 0.0633554 -0.991888
bt -0.439253 -0.778818 0.447771
t 0.559252 -0.0521201 -0.827358
bt 0.348365 -0.840487 0.414998
t 0.523145 0.0685107 -0.849486
bt 0.429562 -0.790386 0.436769
t 0.220545 -0.00210786 -0.975375
bt -0.183337 -0.943255 0.27687
t 0.210925 -0.000460298 -0.977502
bt 0.654233 -0.641806 0.400079
t -0.00590971 0.111576 -0.993738
bt 0.682503 -0.678563 0.271553
t -0.0371035 0.183579 -0.982304
bt -0.47028 -0.848397 0.24302
t -0.0895785 0.115201 -0.989295
bt -0.489075 -0.82798 0.274328
t 0.00511725 0.0531364 -0.998574
bt -0.0708432 -0.956631 0.282558
t -0.472156 -0.125524 -0.872532
bt 0.652097 -0.758012 -0.0136772
t 0.0326966 0.00832711 -0.999431
bt -0.166087 -0.955998 0.241833
t -0.284706 0.0838803 -0.954938
bt -0.412239 -0.86124 0.297194
t -0.698198 0.0484918 -0.71426
bt 0.108697 -0.985693 0.128819
t -0.387042 0.182218 -0.903878
bt 0.270934 -0.960229 0.0674871
t -0.0653609 0.224143 -0.972362
bt 0.123641 -0.986565 0.106787
t 0.520553 0.287012 -0.804145
bt 0.451322 -0.882071 0.135123
t 0.491838 0.157573 -0.856309
bt 0.0238447 -0.997611 0.0648406
t 0.345154 0.142262 -0.927701
bt -0.240438 -0.959372 0.147628
t -0.142139 0.351196 -0.92545
bt -0.318986 -0.928267 0.191229
t 0.169864 -0.0323139 -0.984938
bt -0.524214 -0.815974 0.243692
t -0.0744449 -0.0599564 -0.995421
bt 0.0584137 -0.977141 0.204411
t -0.0184122 0.0279169 -0.999441
bt -0.452041 -0.889321 0.0690453
t -0.219211 0.247643 -0.943726
bt 0.539217 -0.835039 0.10934
t 0.66112 0.180371 -0.728277
bt -0.0720348 -0.996942 0.0302912
t -0.598934 0.097071 -0.794893
bt 0.775278 -0.629177 0.0555056
t -0.442104 0.0982525 -0.891566
bt 0.843273 -0.534092 0.0603035
t 0.054789 0.0936267 -0.994099
bt 0.142213 -0.983625 0.110713
t 0.696671 0.22225 -0.682096
bt 0.182775 -0.980368 -0.073968
t 0.774907 0.0658397 -0.628636
bt -0.422087 -0.902297 -0.0877625
t -0.0860633 0.402133 -0.911527
bt -0.130928 -0.941891 0.309352
t -0.409742 0.0755661 -0.909066
bt -0.701953 -0.638773 0.31501
t -0.0903058 -0.138394 -0.986251
bt -0.614852 -0.624076 0.482168
t -0.349129 0.0442839 -0.936028
bt -0.430183 -0.846199 0.314468
t 0.897677 -0.0285917 -0.439726
bt 0.975415 -0.20927 0.0690776
t 0.762787 -0.298088 -0.573847
bt 0.831347 -0.548621 -0.0887526
t 0.836461 0.00400809 -0.548012
bt 0.973985 -0.221562 0.0475759
t -0.494426 0.477567 -0.726273
bt -0.865711 -0.373486 0.333246
t -0.26176 0.057 -0.963448
bt -0.360237 -0.881375 0.305625
t -0.379345 0.0650208 -0.922968
bt -0.93612 -0.224912 0.27036
t 0.277994 -0.23334 -0.931811
bt -0.901041 -0.227445 0.369314
t 0.100585 -0.434638 -0.894971
bt -0.966275 -0.166358 0.196563
t 0.372476 -0.412627 -0.831264
bt -0.371146 -0.770497 0.518252
t 0.758799 -0.393086 -0.519334
bt 0.818483 -0.554213 0.151439
t 0.729731 -0.484104 -0.482841
bt 0.765535 -0.639171 0.0735891
t 0.938548 -0.0559774 -0.340579
bt 0.973458 -0.186816 0.132206
t 0.937106 -0.0598172 -0.343882
bt 0.98072 -0.191539 0.0387505
t -0.334696 0.354521 -0.873094
bt -0.77661 -0.5388 0.326452
t -0.142009 0.173223 -0.974591
bt -0.718263 -0.67565 0.166119
t 0.369941 -0.0306544 -0.92855
bt -0.101324 -0.961379 0.255898
t -0.264055 0.553798 -0.789673
bt -0.398576 -0.916497 -0.0342083
t -0.573677 0.474714 -0.667489
bt -0.790356 -0.54796 0.274002
t -0.702737 0.279613 -0.6542
bt -0.829051 0.362893 0.42542
t -0.615142 -0.136991 -0.776424
bt -0.4976 -0.817669 0.289501
t -0.225444 -0.54818 -0.805403
bt -0.742063 -0.623972 0.244953
t 0.406072 0.0237345 -0.913533
bt -0.741864 -0.62985 0.230058
t 0.391918 -0.104209 -0.914079
bt -0.627154 -0.743152 0.233247
t 0.103544 0.681921 -0.72406
bt -0.655423 -0.754325 -0.0376081
t 0.56004 -0.188819 -0.806661
bt -0.26221 -0.9332 0.245731
t 0.0493113 0.266165 -0.962665
bt -0.332413 -0.890028 0.31201
t 0.571781 -0.030443 -0.819841
bt -0.40564 -0.880425 0.245577
t 0.454274 0.168036 -0.874871
bt -0.303862 -0.795965 0.523554
t 0.584317 0.160077 -0.795581
bt -0.420928 -0.763843 0.489248
t -0.245579 0.227181 -0.94238
bt -0.137576 -0.929687 0.341695
t -0.068304 0.193101 -0.978798
bt 0.126466 -0.948684 0.289836
t -0.202922 -0.0368142 -0.978503
bt 0.510873 -0.808367 0.292492
t 0.843493 0.27705 -0.460176
bt 0.893445 -0.407185 0.189623
t 0.449357 0.131328 -0.883647
bt 0.427498 -0.897379 0.109349
t 0.681352 0.0289304 -0.731384
bt 0.930392 -0.277079 0.239995
t 0.969624 0.117402 -0.214584
bt 0.957392 -0.277611 0.079581
t 0.947658 0.070855 -0.311326
bt 0.934741 -0.351151 -0.0543364
t 0.971325 0.137788 -0.193759
bt 0.974456 -0.194131 0.11291
t -0.711713 0.324298 -0.623133
bt 0.968644 -0.240526 0.0622562
t -0.600003 0.271401 -0.752555
bt 0.785444 -0.575303 0.228264
t -0.794494 0.0648869 -0.603796
bt 0.979649 -0.174965 0.0983622
t -0.483395 0.370395 -0.793181
bt 0.996847 -0.0704488 0.0365231
t 0.450633 0.231818 -0.862085
bt -0.0362553 -0.999166 -0.0187683
t 0.652123 0.553989 -0.517525
bt 0.384787 -0.835454 0.392371
t 0.569965 0.273721 -0.774737
bt 0.654001 -0.736755 0.171683
t 0.123044 0.503909 -0.854948
bt -0.437899 -0.849271 0.29493
t 0.743681 0.0545104 -0.666309
bt -0.101263 -0.950437 0.293964
t 0.637384 0.101145 -0.763879
bt -0.814149 -0.56038 0.152104
t 0.528809 0.162009 -0.833135
bt -0.520224 -0.613133 0.594505
t 0.490672 0.180256 -0.852496
bt -0.604742 -0.766981 0.21454
t 0.0922399 0.444838 -0.890849
bt 0.0735412 -0.984908 0.156679
t 0.535897 0.338981 -0.773244
bt -0.0769081 -0.887354 0.454629
t 0.898498 0.17607 -0.402119
bt -0.108404 -0.912177 0.395199
t -0.574344 0.414867 -0.705702
bt -0.199057 -0.960401 -0.194951
t 0.293608 0.254065 -0.921545
bt 0.486436 -0.864981 0.12324
t 0.542696 0.361636 -0.75809
bt 0.0386339 -0.866981 -0.496841
t 0.850091 0.223332 -0.476935
bt 0.72712 -0.666716 0.163666
t 0.575662 0.301517 -0.760066
bt 0.288827 -0.943045 0.16506
t -0.606458 -0.0533093 -0.793326
bt 0.172052 -0.956214 0.236754
t 0.175199 -0.449087 -0.876143
bt 0.683063 -0.715718 0.145509
t 0.609999 -0.0363997 -0.791566
bt 0.212766 -0.966776 0.141684
t 0.850246 0.133483 -0.50918
bt 0.445877 -0.885979 0.127413
t 0.963148 0.0983039 -0.250364
bt 0.419469 -0.907599 -0.0176186
t 0.606601 0.0759062 -0.791374
bt 0.286039 -0.943147 0.169278
t -0.108638 0.0847819 -0.990459
bt -0.0666293 -0.951101 0.301607
t -0.613725 -0.077485 -0.785709
bt -0.900274 -0.267364 0.343544
t -0.716057 0.364615 -0.595247
bt -0.548818 -0.745648 0.377899
t -0.408377 0.0151362 -0.912688
bt -0.735343 -0.609998 0.295252
t -0.710227 0.569933 -0.413223
bt -0.555778 -0.810461 0.185103
t -0.383762 0.467615 -0.796281
bt -0.29849 -0.953434 0.0432083
t -0.19379 0.285958 -0.938442
bt -0.25259 -0.95374 0.163028
t 0.584501 0.136285 -0.799866
bt -0.453748 -0.848026 0.273796
t 0.962724 -0.0135661 -0.270144
bt -0.869226 -0.488601 0.0755934
t 0.943758 0.0443923 -0.327645
bt -0.87578 -0.475529 0.0829501
t 0.35665 -0.118876 -0.926644
bt 0.328551 -0.943215 0.0489747
t 0.556057 -0.168579 -0.813869
bt 0.301754 -0.951971 0.0519141
t -0.581708 -0.0362374 -0.81259
bt -0.172467 -0.977421 0.122079
t -0.659348 0.372252 -0.653214
bt 0.0344437 -0.990662 0.131921
t 0.463406 -0.0433232 -0.885086
bt -0.462858 -0.883764 0.0687217
t -0.191278 0.186483 -0.963658
bt -0.395469 -0.902134 0.172505
t 0.855985 0.00146659 -0.516999
bt 0.325545 -0.942071 0.0807655
t 0.557119 -0.174364 -0.811921
bt 0.381333 -0.919333 -0.0970152
t 0.529872 -0.163925 -0.832084
bt 0.418793 -0.907516 0.0320434
t 0.362208 -0.190929 -0.912333
bt 0.150008 -0.988288 0.0279903
t 0.789944 -0.173411 -0.588147
bt 0.0109752 -0.999922 -0.00593141
t -0.339596 0.029265 -0.940116
bt -0.662289 -0.686636 0.299841
t -0.634654 0.297738 -0.713138
bt -0.35925 -0.904396 0.230235
t -0.155323 0.10879 -0.981855
bt -0.0962287 -0.980054 0.173879
t -0.105172 0.184418 -0.977205
bt -0.0474825 -0.988889 0.140867
t -0.757455 0.175243 -0.628929
bt -0.2405 -0.951457 0.192067
t -0.69603 0.163436 -0.699165
bt 0.374796 -0.927107 0.000819276
t -0.0181602 -0.0428495 -0.998917
bt 0.0576416 -0.981252 0.183908
t 0.742427 -0.189133 -0.642675
bt -0.316254 -0.935136 0.159698
t 0.4178 -0.263821 -0.869392
bt -0.605005 -0.782496 0.147206
t 0.73574 0.139528 -0.662735
bt 0.141101 -0.946382 0.290604
t 0.0372693 0.0891832 -0.995318
bt 0.05383 -0.979912 0.19203
t -0.372129 0.0503803 -0.926812
bt 0.432778 -0.898954 0.0677178
t 0.28919 0.0688723 -0.954791
bt -0.344633 -0.921814 0.177447
t -0.455731 0.0526669 -0.888558
bt 0.320152 -0.945449 0.0602375
t -0.542555 -0.0049035 -0.840006
bt 0.184492 -0.980174 0.0722649
t 0.403267 -0.108952 -0.908573
bt -0.413462 -0.896475 0.159318
t -0.56737 -0.0483438 -0.822043
bt 0.0635875 -0.991454 0.113914
t 0.288238 -0.0182887 -0.957384
bt 0.187435 -0.972545 0.137926
t -0.382208 -0.167051 -0.908852
bt 0.242735 -0.967439 0.071705
t -0.469123 -0.133695 -0.872954
bt 0.0785123 -0.993814 0.0785494
t 0.667099 -0.160239 -0.727531
bt -0.244724 -0.965317 0.0909531
t -0.579392 -0.132589 -0.804192
bt 0.453291 -0.890496 0.0392888
t -0.250778 -0.0153763 -0.967922
bt 0.470808 -0.881942 0.0227589
t -0.183181 0.176642 -0.967079
bt -0.128414 -0.98012 0.151244
t -0.108511 0.166107 -0.980119
bt 0.23825 -0.960332 0.144913
t -0.10849 0.207504 -0.9722
bt 0.0543666 -0.984736 0.165347
t -0.489568 0.258702 -0.832704
bt 0.208878 -0.97532 0.0715628
t 0.0240196 0.0263267 -0.999365
bt 0.19451 -0.960903 0.197058
t -0.246848 0.0913578 -0.964738
bt 0.0913097 -0.993476 0.0683189
t -0.268276 0.0363512 -0.962656
bt 0.418371 -0.908227 -0.00945111
t -0.0501861 0.111313 -0.992517
bt 0.0559196 -0.997389 0.045707
t -0.388053 0.00585331 -0.921618
bt 0.315111 -0.949048 -0.00363485
t -0.32222 0.210134 -0.923048
bt -0.111298 -0.986576 0.119497
t -0.362239 0.1742 -0.915662
bt 0.213699 -0.971206 0.105318
t -0.288831 0.135815 -0.947698
bt 0.0970633 -0.988254 0.118036
t 0.17182 0.143977 -0.97455
bt -0.0564831 -0.994823 0.0844828
t -0.270178 0.0242653 -0.962505
bt 0.470446 -0.88218 0.0209344
t -0.488888 0.116807 -0.864491
bt 0.053725 -0.997944 0.0349596
t -0.267209 0.321805 -0.908318
bt -0.134308 -0.983909 0.117832
t -0.767335 0.0104451 -0.641161
bt 0.0576711 -0.998166 0.0184131
t -0.558577 -0.109836 -0.822148
bt -0.0497334 -0.998409 0.026562
t -0.0651773 -0.154593 -0.985826
bt -0.154283 -0.986592 0.0532316
t -0.140354 -0.173996 -0.974693
bt -0.120422 -0.992423 0.0243913
t 0.117224 -0.218846 -0.968692
bt -0.464978 -0.881726 0.0797233
t -0.00702539 -0.19247 -0.981278
bt -0.0312927 -0.997837 0.0578123
t 0.43947 -0.251251 -0.862403
bt -0.230925 -0.962963 0.139201
t -0.10229 -0.163043 -0.981302
bt -0.12288 -0.989588 0.0749395
t -0.241701 -0.18661 -0.952238
bt -0.166273 -0.985697 0.027461
t -0.313076 -0.194579 -0.929582
bt -0.164807 -0.986322 -0.00265727
t -0.521549 -0.125283 -0.843973
bt -0.382765 -0.922011 0.0581892
t 0.691869 -0.136213 -0.709058
bt 0.0181541 -0.998173 -0.057633
t 0.82879 -0.11609 -0.547385
bt -0.144044 -0.985358 -0.0912159
t -0.0334683 -0.421345 -0.906283
bt -0.948042 -0.306886 -0.0838868
t -0.469854 0.0533556 -0.88113
bt -0.935962 -0.335038 -0.108279
t 0.00685118 -0.296403 -0.955038
bt -0.465904 -0.884694 -0.0158178
t 0.395879 0.497327 -0.771975
bt 0.245401 0.15327 -0.957229
t 0.135814 0.193182 -0.971718
bt 0.0946353 -0.84475 -0.526728
t 0.125618 -0.0841633 -0.988502
bt 0.635681 -0.736736 -0.2305
t 0.943461 -0.102757 -0.315153
bt -0.67955 -0.732485 -0.0409531
t 0.922118 -0.0962724 -0.374739
bt -0.6807 -0.729566 -0.0661834
t -0.222168 -0.102234 -0.969634
bt -0.309632 -0.942488 0.125874
t 0.179202 -0.0658916 -0.981603
bt -0.567929 -0.814905 0.115701
t 0.454281 -0.365263 -0.812534
bt -0.167162 -0.974918 0.146943
t -0.528801 -0.231052 -0.816691
bt -0.0317559 -0.996785 0.0735633
t 0.0770344 -0.236986 -0.968454
bt -0.325225 -0.94405 0.0547546
t -0.370246 -0.303187 -0.878064
bt 0.192259 -0.946801 -0.258079
t -0.269236 -0.2531 -0.929221
bt 0.263685 -0.926366 -0.268916
t 0.0147213 -0.0141929 -0.999791
bt 0.0767577 -0.990334 -0.115533
t -0.776082 0.0269118 -0.630058
bt -0.235179 -0.969737 0.0655763
t -0.450094 -0.134777 -0.882752
bt -0.0240822 -0.999601 -0.0147661
t -0.343277 -0.333738 -0.877941
bt 0.0374024 -0.998895 -0.0284524
t -0.101359 -0.0891767 -0.990845
bt 0.457864 -0.889017 0.00305802
t 0.185244 0.0471832 -0.981559
bt 0.691968 -0.718041 0.0748142
t 0.0508082 -0.0435792 -0.997757
bt 0.530586 -0.846463 0.0444856
t -0.136631 -0.226004 -0.964497
bt -0.218265 -0.970452 -0.102872
t -0.258224 -0.159895 -0.952761
bt 0.37946 -0.922856 -0.0659358
t -0.240845 -0.192349 -0.951313
bt -0.159371 -0.981 -0.110638
t 0.899756 -0.114828 -0.421014
bt -0.0704672 -0.952855 0.295129
t 0.787092 -0.0718827 -0.612633
bt -0.735682 -0.641882 -0.216242
t 0.187657 -0.127368 -0.973942
bt -0.242533 -0.968405 0.0580481
t 0.0985354 0.000180511 -0.995134
bt 0.297527 -0.941191 -0.160115
t 0.274133 0.0726515 -0.958944
bt 0.243684 -0.961077 -0.130189
t 0.419285 0.15453 -0.894606
bt 0.5218 -0.852998 0.0109164
t 0.0434557 -0.129423 -0.990637
bt 0.449247 -0.893384 -0.00651456
t 0.798519 -0.21631 -0.561764
bt -0.112273 -0.993602 -0.0122544
t 0.71498 -0.234374 -0.658691
bt -0.142185 -0.989309 0.0324191
t 0.168712 0.103032 -0.980266
bt 0.146509 -0.989206 -0.00249743
t 0.526395 0.30514 -0.793599
bt 0.471179 -0.858605 0.201962
t -0.394612 -0.261459 -0.880864
bt -0.647145 -0.756855 0.091505
t -0.118801 -0.471579 -0.873785
bt -0.24417 -0.96956 0.0182972
t -0.372321 -0.135055 -0.918225
bt 0.00788211 -0.996077 -0.0881348
t 0.807328 -0.0150721 -0.589911
bt -0.949213 -0.314456 0.0105789
t 0.735729 0.212074 -0.643217
bt -0.839625 -0.528331 0.126082
t 0.401787 0.604589 -0.687778
bt -0.661064 -0.750204 -0.0137345
t 0.861169 -0.072267 -0.503155
bt -0.979505 -0.195231 0.0495448
t -0.0231704 -0.439086 -0.898146
bt -0.821286 -0.570438 0.00949374
t 0.827075 -0.0517953 -0.5597
bt -0.957066 -0.263854 -0.120024
t 0.827765 -0.0304419 -0.560248
bt -0.95382 -0.287779 -0.0860854
t 0.573988 0.146576 -0.805639
bt -0.663152 -0.728666 0.171099
t 0.911694 -0.202916 -0.357266
bt -0.48727 -0.873242 -0.00394079
t 0.981697 -0.115547 -0.151396
bt -0.798883 -0.575096 -0.176211
t 0.946912 -0.232673 -0.221857
bt -0.578587 -0.504816 0.640624
t 0.942671 -0.111625 -0.314502
bt 0.531955 -0.762409 0.36845
t 0.811047 -0.235405 -0.535526
bt 0.917161 -0.347067 0.195859
t 0.89471 -0.21616 -0.390858
bt 0.794697 -0.553771 -0.248584
t 0.926132 -0.104216 -0.362518
bt 0.880315 -0.463652 -0.100361
t -0.219266 -0.174313 -0.959967
bt 0.484325 -0.86446 -0.134681
t 0.445661 0.146669 -0.883105
bt 0.602318 -0.797663 0.0307699
t 0.101882 0.169098 -0.980319
bt -0.201712 -0.971556 -0.124059
t 0.982537 -0.0684121 -0.173037
bt 0.842707 -0.494197 0.213577
t 0.869322 -0.110189 -0.481806
bt 0.840172 -0.477646 0.256836
t 0.843449 -0.146546 -0.516834
bt 0.669297 -0.717935 -0.191338
t 0.84802 0.0610438 -0.526437
bt 0.933846 -0.313843 0.171566
t 0.594508 -0.178701 -0.783981
bt 0.52591 -0.833113 0.171291
t 0.527709 -0.147093 -0.836592
bt 0.958032 -0.267032 0.10425
t 0.143131 0.0423859 -0.988796
bt -0.958842 -0.283939 0
t 0.831122 -0.0161824 -0.555854
bt -0.154799 -0.890223 0.428417
t 0.692261 0.018 -0.721423
bt -0.0758915 -0.840474 0.536511
t 0.0863798 0.165975 -0.98234
bt 0.180085 -0.980138 -0.0830634
t 0.363983 0.0461457 -0.930262
bt 0.262461 -0.963725 0.0484544
t 0.0486486 0.104875 -0.993295
bt -0.616364 -0.782703 0.0864369
t -0.177704 0.121485 -0.976556
bt -0.468457 -0.882352 0.0447415
t -0.373502 -0.0324242 -0.927063
bt 0.360074 -0.924771 -0.123063
t -0.323519 0.00312171 -0.946217
bt 0.336684 -0.932929 -0.12762
t -0.42279 -0.0458935 -0.905065
bt 0.304706 -0.945494 -0.114871
t -0.226788 0.278624 -0.933239
bt -0.445671 -0.895193 0.00244082
t -0.45626 0.261799 -0.850463
bt -0.399061 -0.916471 -0.0288302
t 0.404957 0.376995 -0.832998
bt -0.779303 -0.621487 -0.080255
t 0.80792 -0.0574963 -0.58648
bt 0.227599 -0.913418 0.337441
t 0.418734 0.403497 -0.813543
bt -0.655788 -0.673382 0.341321
t -0.585372 -0.00543423 -0.810747
bt 0.722405 -0.690817 -0.0300573
t -0.229362 0.367012 -0.901496
bt 0.734814 -0.56773 -0.371122
t 0.157112 0.0483442 -0.986397
bt -0.278854 -0.95601 0.0910213
t 0.31715 -0.574916 -0.754246
bt 0.51545 -0.770622 0.374771
t -0.0186143 0.0823849 -0.996427
bt 0.133189 -0.960909 0.242726
t 0.026447 0.0450681 -0.998634
bt 0.911929 -0.404741 0.0676047
t 0.0588168 0.149857 -0.986957
bt -0.00243962 -0.955175 0.296032
t 0.484375 0.102975 -0.868779
bt 0.952386 -0.296456 0.0712348
t -0.334947 0.138928 -0.931939
bt -0.231528 -0.266455 -0.935626
t -0.262061 -0.167562 -0.950393
bt 0.369017 -0.750816 0.547815
t -0.374538 0.431844 -0.820507
bt 0.175426 -0.958924 -0.222912
t 0.0326635 0.364897 -0.930475
bt 0.783794 -0.606946 0.131467
t 0.0377391 0.305897 -0.951316
bt 0.97507 -0.218622 0.0379723
t 0.237323 -0.590488 -0.771364
bt 0.353799 -0.903658 0.241306
t 0.00643096 0.000585666 -0.999979
bt 0.262401 -0.678334 0.686301
t 0.683959 -0.353068 -0.638391
bt 0.603527 -0.669785 0.4326
t 0.723181 -0.474484 -0.50187
bt 0.373825 -0.483313 0.791621
t -0.569646 0.592196 -0.569919
bt -0.0924809 -0.147838 0.984678
t -0.301016 -0.0786081 -0.950374
bt 0.358424 -0.749594 0.556455
t -0.772123 -0.470744 -0.42688
bt -0.878145 -0.192748 0.437846
t -0.445879 -0.208815 -0.870396
bt -0.450915 -0.403022 -0.796397
t 0.955531 -0.126839 -0.266217
bt 0.961955 -0.237564 0.134928
t -0.381391 0.1891 -0.904866
bt 0.0232458 -0.897098 0.44122
t 0.671316 -0.156251 -0.724514
bt 0.969553 -0.243072 0.0297299
t -0.509218 0.292624 -0.809363
bt -0.222191 -0.927404 0.30092
t -0.751356 0.445268 -0.487032
bt -0.518675 -0.821124 0.238186
t -0.727813 0.403858 -0.554244
bt -0.370464 -0.899624 0.231158
t -0.333333 0.232148 -0.913781
bt -0.172218 -0.964052 0.202349
t -0.478373 0.165302 -0.862459
bt -0.596338 -0.749863 0.286507
t -0.803038 0.37328 -0.464535
bt -0.481984 -0.81342 0.325636
t -0.706597 0.447271 -0.548333
bt -0.659709 -0.67678 0.32673
t -0.30427 0.493852 -0.814573
bt -0.357057 -0.933077 0.0433392
t 0.272627 0.122895 -0.954239
bt -0.272658 -0.928028 0.253815
t 0.584663 0.0592201 -0.809112
bt -0.136396 -0.988658 0.0628545
t -0.203093 0.125908 -0.971031
bt -0.11853 -0.941568 0.315278
t 0.30598 0.244293 -0.920162
bt -0.431115 -0.874972 0.22037
t 0.449291 0.715004 -0.535638
bt -0.364015 -0.841249 0.399741
t 0.578191 0.256272 -0.77461
bt -0.242239 -0.945831 0.21616
t 0.764777 0.304617 -0.567736
bt -0.0462789 -0.981018 0.188312
t 0.447975 0.265234 -0.853797
bt -0.167363 -0.955783 0.241801
t -0.88203 0.227381 -0.412699
bt 0.955927 -0.241863 0.166451
t 0.11659 -0.363799 -0.924152
bt 0.782591 -0.560713 0.270467
t 0.798834 0.415284 -0.435206
bt 0.580271 -0.788018 0.205702
t 0.918325 0.11404 -0.379043
bt 0.993686 -0.0857932 0.072309
t -0.29788 0.272634 -0.914843
bt -0.221124 -0.966412 0.130968
t -0.769476 -0.259992 -0.583362
bt -0.715936 -0.695338 0.0627749
t -0.127745 0.93396 0.333766
bt -0.28132 -0.833202 0.47606
t 0.945938 0.17742 -0.271519
bt 0.977176 -0.202275 0.0648955
t -0.127178 0.642475 -0.75568
bt -0.147755 -0.94423 0.294275
t -0.243266 0.440041 -0.864399
bt -0.147825 -0.974285 0.170046
t -0.553994 0.354374 -0.753333
bt 0.149199 -0.940429 0.305504
t -0.386833 0.133023 -0.912505
bt 0.253344 -0.952055 0.171485
t -0.0537009 0.566909 -0.822028
bt -0.613142 -0.747215 0.256371
t -0.0401127 0.137208 -0.98973
bt 0.386392 -0.910856 0.145062
t 0.990307 0.0370718 -0.133857
bt 0.980534 -0.191176 0.0447846
t 0.945016 -0.122426 -0.303243
bt 0.906713 -0.376435 -0.190181
t 0.997508 -0.0276745 -0.0649011
bt 0.961236 -0.270522 0.0533214
t -0.655891 0.486019 0.577575
bt 0.647019 -0.52844 -0.549653
t -0.996502 0.0708466 0.0443126
bt 0.982869 -0.184007 0.0105221
t -0.974992 0.222154 -0.00617037
bt 0.972977 -0.23029 0.0168192
t -0.929525 0.150129 -0.336815
bt 0.85505 -0.508415 0.101998
t -0.98892 -0.011422 -0.148009
bt 0.298035 -0.921183 0.250193
t -0.510823 -0.0815419 -0.85581
bt 0.0897673 -0.893003 0.441007
t -0.476906 0.102568 -0.87295
bt 0.0112853 -0.987611 0.156515
t 0.741816 0.024505 -0.670155
bt -0.145583 -0.957794 0.247863
t -0.666748 0.619438 -0.41442
bt 0.683746 -0.710833 0.164946
t -0.969241 0.0125108 -0.245795
bt 0.0187402 -0.952536 0.30385
t 0.647325 0.212135 -0.732099
bt 0.333688 -0.783149 0.524719
t -0.259912 0.0266727 -0.965264
bt 0.304868 -0.916772 0.258039
t -0.000639638 -0.156897 -0.987615
bt -0.000131049 -0.96456 0.263865
t -0.000544568 0.15925 -0.987238
bt -1.6179e-05 -0.904953 0.425511
t 0.961995 -0.0128199 -0.272766
bt 0.390767 -0.894971 0.215241
t 0.596958 -0.747292 -0.291883
bt 0.682682 -0.717736 0.137118
t 0.979285 -0.0367495 -0.199126
bt 0.177649 -0.98138 0.0730358
t -0.345082 -0.478808 -0.807256
bt -0.34021 -0.902466 0.264221
t -0.073564 0.222955 -0.972049
bt -0.356044 -0.913055 0.198906
t -0.599886 0.322752 -0.732099
bt 0.259552 -0.89973 0.350883
t -0.364602 0.9132 -0.182022
bt 0.541801 -0.838596 0.0566346
t 0.877534 0.0247155 -0.478877
bt -0.609951 -0.562715 0.557953
t 0.313237 0.878721 -0.360182
bt -0.396513 -0.91775 -0.0226297
t 0.963896 0.091851 -0.249936
bt -0.718252 -0.652202 0.242378
t -0.287876 0.343273 -0.894031
bt -0.279628 -0.95876 0.0508637
t -0.444759 0.269962 -0.853997
bt -0.215058 -0.972325 0.091294
t -0.740043 0.095488 -0.665746
bt 0.457869 -0.887167 0.0573584
t -0.770752 0.0141791 -0.636978
bt 0.477376 -0.877332 0.04899
t -0.689586 0.204657 -0.694684
bt 0.135482 -0.966437 0.218276
t -0.703121 -0.0321356 -0.710344
bt 0.285407 -0.955581 0.0735339
t -0.639658 -0.088496 -0.763548
bt 0.212099 -0.97516 0.0638549
t 0.979271 -0.0376859 -0.199019
bt -0.714351 -0.663454 0.222557
t 0.973925 0.131268 -0.185038
bt 0.616509 -0.766228 0.181139
t 0.994189 0.0259849 -0.104468
bt -0.437294 -0.875464 0.205759
t 0.807403 -0.0422188 -0.588488
bt 0.199015 -0.975274 0.0960959
t 0.984944 0.0607522 -0.161848
bt -0.213768 -0.911762 0.350703
t 0.983302 -0.120646 -0.136245
bt -0.859088 -0.510082 0.0422345
t 0.810464 -0.192925 -0.553107
bt -0.573424 -0.586478 0.572039
t 0.739111 -0.204838 -0.641683
bt -0.681465 -0.523263 0.511666
t 0.881482 -0.169735 -0.440658
bt -0.891467 -0.375068 0.254186
t 0.213802 -0.18637 -0.958934
bt -0.441866 -0.896438 0.033966
t 0.873356 -0.195435 -0.446155
bt -0.231245 -0.945087 -0.230945
t 0.812862 -0.199899 -0.54708
bt 0.099704 -0.994268 -0.0385981
t 0.409677 -0.262637 -0.873606
bt -0.343672 -0.93403 0.0973523
t -0.674677 0.148349 -0.723051
bt -0.277328 -0.946265 0.166351
t 0.553045 -0.150066 -0.819525
bt 0.177923 -0.950727 0.253893
t -0.724789 0.0773418 -0.684617
bt -0.114108 -0.993447 -0.00645756
t -0.711215 0.172835 -0.681397
bt -0.0471695 -0.997293 0.0564028
t -0.723501 0.0894954 -0.684498
bt 0.446637 -0.747199 0.492147
t 0.564387 -0.226876 -0.793722
bt 0.154221 -0.944752 0.289241
t 0.53645 -0.0639048 -0.841509
bt 0.416403 -0.893277 -0.169308
t 0.578086 -0.136035 -0.804556
bt 0.205633 -0.978398 -0.0212788
t -0.168746 -0.172206 -0.9705
bt 0.484974 -0.868538 0.102191
t 0.185455 -0.084883 -0.97898
bt 0.434569 -0.898899 0.0559545
t -0.267958 0.548054 -0.792361
bt -0.168399 -0.92501 0.340585
t -0.261469 0.00639157 -0.965191
bt 0.469985 -0.882478 0.0186058
t -0.537354 -0.131096 -0.833105
bt 0.371016 -0.928016 -0.0336578
t -0.368756 -0.304817 -0.878126
bt -0.172877 -0.984888 0.0104582
t -0.227952 -0.06053 -0.971789
bt 0.459217 -0.887756 -0.0317821
t -0.161816 -0.184835 -0.969356
bt 0.459935 -0.887493 -0.0285777
t 0.310239 0.0866409 -0.946702
bt 0.122218 -0.958442 0.257782
t -0.404236 -0.200661 -0.892373
bt -0.0746624 -0.997202 0.00359716
t -0.399573 0.00153064 -0.9167
bt -0.0969153 -0.994137 -0.0479456
t -0.128818 -0.363145 -0.922785
bt 0.100115 -0.990315 -0.0961975
t -0.404296 -0.197289 -0.893097
bt -0.0888425 -0.995616 -0.0292422
t -0.551671 -0.315509 -0.772084
bt 0.134724 -0.988818 -0.0639336
t -0.380266 -0.486145 -0.786804
bt -0.0693838 -0.997467 0.0156905
t -0.0595777 -0.208338 -0.976241
bt -0.0958521 -0.98453 -0.146675
t -0.544905 -0.323416 -0.773615
bt 0.188182 -0.976082 -0.108861
t -0.0968548 -0.779472 -0.618905
bt -0.0965951 -0.97972 -0.175551
t 0.914996 -0.114094 -0.386994
bt -0.697509 -0.703844 -0.134479
t -0.023796 -0.449227 -0.893101
bt -0.0482715 -0.973353 -0.224172
t -0.427305 -0.284715 -0.858107
bt 0.212287 -0.960176 -0.18165
t 0.0725005 -0.477347 -0.875719
bt 0.0807379 -0.941485 -0.327243
t 0.904496 -0.125685 -0.407541
bt -0.707527 -0.666375 -0.235266
t 0.854521 -0.152886 -0.496407
bt -0.853105 -0.484868 -0.192654
t 0.0587136 -0.378976 -0.923542
bt 0.00371552 -0.946734 -0.321994
t 0.759301 -0.0783269 -0.646009
bt -0.925121 -0.339507 -0.16996
t -0.215411 -0.64434 -0.733774
bt -0.0403991 -0.376075 -0.925708
t -0.749482 -0.0898705 -0.655897
bt -0.926022 -0.366092 -0.0919762
t 0.138504 0.130586 -0.981715
bt -0.00960063 -0.976696 0.214413
t 0.708644 -0.434531 -0.555884
bt -0.533272 -0.845081 0.0381971
t -0.0101444 -0.170257 -0.985347
bt -0.0334632 -0.999411 0.00762152
t 0.00330893 -0.0923686 -0.995719
bt 0.0486324 -0.998264 -0.033219
t 0.118429 -0.0485802 -0.991773
bt 0.0248768 -0.997849 -0.0606564
t -0.354509 -0.19671 -0.914127
bt 0.166585 -0.985873 -0.0174394
t -0.346395 -0.284432 -0.893929
bt 0.135795 -0.990584 -0.0173865
t -0.288207 -0.103247 -0.951985
bt 0.102132 -0.991816 -0.0766182
t -0.445501 -0.205331 -0.871417
bt 0.221324 -0.973421 -0.0588769
t -0.462284 -0.0819893 -0.882933
bt 0.431243 -0.897017 -0.0968996
t -0.381222 -0.0927937 -0.919815
bt 0.347729 -0.920937 -0.175956
t -0.358513 -0.167185 -0.918432
bt 0.452807 -0.882125 -0.129697
t -0.255611 -0.168544 -0.951975
bt 0.348371 -0.932696 -0.0933631
t -0.213878 -0.173245 -0.961375
bt 0.451452 -0.891457 -0.0386752
t -0.268762 -0.196258 -0.943001
bt 0.230925 -0.972686 -0.023582
t -0.239113 -0.206384 -0.948805
bt 0.34809 -0.932716 -0.0942004
t 0.316937 0.0781457 -0.945222
bt 0.46094 -0.886031 0.049825
t -0.232947 -0.227738 -0.945448
bt -0.9388 -0.344452 -0.00277303
t 0.160553 -0.469525 -0.868199
bt -0.938529 -0.341444 -0.0507856
t 0.104716 -0.304482 -0.946745
bt -0.0978825 -0.988204 -0.117783
t 0.806004 -0.0856222 -0.585684
bt -0.938394 -0.341732 -0.0513392
t 0.907809 -0.200144 -0.368544
bt -0.870673 -0.465268 -0.159547
t 0.323097 -0.255246 -0.911295
bt 0.357333 -0.932729 0.0482695
t 0.929073 -0.131132 -0.345871
bt -0.736758 -0.350078 0.578476
t 0.00958147 -0.584843 -0.81109
bt -0.00308903 -0.595341 -0.803467
t -0.430028 -0.824692 -0.367367
bt -0.684891 -0.667426 0.292348
t -0.641123 -0.340337 -0.687846
bt -0.979086 -0.199112 -0.0417655
t -0.767112 -0.386785 -0.511797
bt -0.975465 -0.220062 -0.00646033
t -0.092168 -0.696125 -0.71198
bt -0.886128 -0.453576 0.095114
t -0.445585 -0.495819 -0.745397
bt -0.965828 -0.216724 -0.14215
t 0.592708 0.187056 -0.783395
bt -0.195035 -0.731893 -0.652912
t 0.238722 0.0690506 -0.96863
bt -0.598845 -0.79646 -0.0838826
t 0.296099 0.0350809 -0.954513
bt -0.438369 -0.897438 -0.0493751
t 0.48979 -0.0349185 -0.871141
bt -0.963166 -0.267123 -0.0309238
t 0.888562 -0.13251 -0.439202
bt -0.937073 -0.263406 -0.229156
t -0.404075 0.316866 -0.858091
bt -0.170533 -0.925705 0.337624
t 0.185852 0.729306 -0.658462
bt 0.479808 0.817913 -0.317495
t 0.0446071 0.86503 -0.499733
bt 0.27669 0.944076 -0.179342
t -0.111516 0.073735 -0.991023
bt -0.1693 0.167683 -0.971195
t 0.431987 0.395385 -0.810591
bt -0.117318 -0.98298 0.141377
t 0.379781 -0.565957 -0.731751
bt 0.100757 -0.945102 0.310853
t -0.302927 -0.0519107 -0.951599
bt 0.336701 -0.93293 -0.127571
t -0.421469 -0.448487 -0.788178
bt -0.469611 -0.86412 0.181005
t -0.325928 0.190402 -0.926023
bt -0.313938 -0.942898 -0.111295
t -0.175414 0.555448 -0.812839
bt -0.0853643 -0.90419 0.418513
t 0.329195 0.0974584 -0.939219
bt -0.958855 -0.283897 0
t 0.70948 0.0805405 -0.700109
bt -0.993618 -0.112802 0
t -0.449243 -0.215879 -0.866935
bt -0.0350507 -0.99932 0.0114695
t 0.450633 0.231818 -0.862085
bt -0.0386199 -0.999153 -0.0141865
t -0.235817 0.428612 -0.872171
bt -0.0823786 -0.901835 0.424155

