g sponza_316
t -0.874633 0.407875 0.262022
bt -0.00450068 -0.9936 -0.112871
t -0.871896 0.408522 0.270014
bt 0.203127 -0.97804 0.0466692
t -0.872149 0.407866 0.270188
bt 0.202727 -0.978115 0.0468256
t -0.874633 0.407875 0.262022
bt -0.00450068 -0.9936 -0.112871
t -0.864115 0.405725 0.297812
bt 0.565052 -0.82471 0.0238554
t -0.863922 0.406406 0.297444
bt 0.565076 -0.824695 0.0238365
t -0.845525 0.399592 0.354139
bt 0.688004 -0.72564 0.00985774
t -0.843527 0.414853 0.341115
bt 0.677839 -0.734799 0.0245999
t -0.797986 0.379685 0.468036
bt 0.736543 -0.676373 0.00483795
t -0.798025 0.3799 0.467796
bt 0.73676 -0.67614 0.00425982
t -0.848595 0.368825 0.37928
bt 0.707378 -0.706576 -0.0191478
t -0.637184 0.307422 0.706745
bt 0.758077 -0.652164 0.000978147
t -0.637082 0.307283 0.706897
bt 0.757982 -0.652273 0.00154124
t -0.327498 0.276645 0.903445
bt 0.763917 -0.645314 0
t -0.326255 0.275595 0.904215
bt 0.763917 -0.645314 0.000147635
t 0.326666 -0.275943 0.903961
bt 0.763917 -0.645314 0
t 0.559858 -0.208555 0.801913
bt 0.758322 -0.65188 0.000475731
t 0.559658 -0.208315 0.802115
bt 0.75834 -0.651859 0.000582727
t 0.326666 -0.275943 0.903961
bt 0.763917 -0.645314 0
t 0.790086 -0.342114 0.508647
bt 0.739336 -0.673332 0.00251793
t 0.790093 -0.342141 0.508619
bt 0.73928 -0.673394 0.0023665
t 0.848601 -0.368748 0.379343
bt 0.707496 -0.706453 0.0193304
t 0.848615 -0.36857 0.379486
bt 0.70761 -0.706334 0.019506
t 0.843545 -0.414726 0.341224
bt 0.678007 -0.734652 -0.0243614
t 0.865796 -0.399709 0.301049
bt 0.603132 -0.797612 0.00684751
t 0.865821 -0.399618 0.301098
bt 0.603337 -0.797455 0.00701677
t 0.843545 -0.414726 0.341224
bt 0.678007 -0.734652 -0.0243614
t 0.872432 -0.40713 0.270384
bt 0.3434 -0.939138 0.00975461
t 0.872651 -0.406561 0.270535
bt 0.34325 -0.939194 0.00969227
t 0.874634 -0.407847 0.262061
bt -0.00310421 -0.993554 0.113315
t 0.874195 -0.408789 0.262061
bt -0.0052202 -0.993604 0.1128
t 0.874634 -0.407847 0.262061
bt -0.758249 -0.642117 -0.112889
t 0.87279 -0.406405 0.27032
bt -0.879792 -0.473067 0.0466249
t 0.87283 -0.406309 0.270334
bt -0.8796 -0.473404 0.0468285
t 0.874634 -0.407847 0.262061
bt -0.758249 -0.642117 -0.112889
t 0.86632 -0.401057 0.297729
bt -0.994974 -0.0972381 0.0238901
t 0.866208 -0.401222 0.297833
bt -0.994979 -0.0972002 0.023865
t 0.859889 -0.37966 0.341246
bt -0.998591 0.0470906 0.0244571
t 0.849594 -0.390906 0.354095
bt -0.998111 0.0606184 0.00996588
t 0.82771 -0.413285 0.379594
bt -0.99594 0.087913 -0.019345
t 0.804961 -0.366623 0.466503
bt -0.991485 0.130165 0.00373943
t 0.804233 -0.367041 0.467429
bt -0.991492 0.130114 0.00383417
t 0.647578 -0.290321 0.704525
bt -0.986874 0.161489 0.000965808
t 0.647428 -0.290332 0.704659
bt -0.986869 0.16152 0.000843756
t 0.422408 -0.0730389 0.903458
bt -0.985376 0.170396 0
t 0.42572 -0.0736117 0.901856
bt -0.985376 0.170396 0.000149594
t -0.424577 0.073414 0.902411
bt -0.985376 0.170396 0
t -0.521358 0.294798 0.800799
bt -0.986812 0.161867 0.000517296
t -0.521999 0.294794 0.800383
bt -0.986808 0.161895 0.00062422
t -0.424577 0.073414 0.902411
bt -0.985376 0.170396 0
t -0.771144 0.384693 0.507295
bt -0.991041 0.133532 0.00263049
t -0.771175 0.384677 0.507259
bt -0.991058 0.133411 0.00240831
t -0.838925 0.40206 0.366813
bt -0.997233 0.0741955 0.0046085
t -0.839272 0.401706 0.366409
bt -0.99722 0.0743639 0.00478948
t -0.862715 0.406324 0.301037
bt -0.998693 -0.050648 0.00681607
t -0.862652 0.406416 0.301095
bt -0.998706 -0.0503786 0.00699327
t -0.87208 0.407662 0.270718
bt -0.940167 -0.340573 0.00976943
t -0.872175 0.407492 0.270669
bt -0.940104 -0.340749 0.00969668
t -0.874633 0.407875 0.262022
bt -0.759099 -0.641042 0.113286
t -0.874578 0.407994 0.262022
bt -0.757797 -0.64267 0.112779
t -0.840721 0.380409 0.385328
bt 0.454193 -0.890356 0.0312198
t -0.852874 0.389775 0.347392
bt 0.186927 -0.982372 0.00202372
t -0.631896 0.303853 0.713009
bt -0.126901 -0.990397 -0.0548588
t -0.59473 0.302217 0.744957
bt 0.0577369 -0.997854 -0.0308827
t -0.378983 0.175256 0.908657
bt -0.305096 -0.952287 -0.00812627
t -0.344744 0.162876 0.924459
bt -0.203944 -0.978962 0.00634286
t -0.38937 0.181537 0.903014
bt -0.418899 -0.907993 -0.00852395
t -0.645824 0.301126 0.701594
bt -0.416565 -0.909082 -0.00652492
t -0.727649 0.305944 0.613943
bt 0.646654 -0.759293 0.0728855
t -0.810547 0.352255 0.4679
bt 0.611283 -0.791325 0.0117484
t -0.528219 0.278863 0.80201
bt 0.207639 -0.977391 -0.0399017
t -0.421133 0.258137 0.869489
bt 0.287794 -0.957522 -0.0180521
t -0.289537 0.131681 0.948066
bt -0.110475 -0.993874 -0.00313444
t -0.209253 0.105173 0.972189
bt -0.0458696 -0.998946 0.0013805
t -0.0366326 0.036119 0.998676
bt 0.71209 -0.702089 0
t -0.494837 0.196684 0.846435
bt 0.702977 -0.711177 0.00710983
t -0.235349 0.123832 0.96399
bt 0.334366 -0.94239 -0.010064
t -0.0129093 0.034627 0.999317
bt 0.349304 -0.937009 0
t -0.11087 0.0430667 0.992901
bt -0.00501436 -0.999983 -0.00284872
t -6.62011e-05 0.0087457 0.999962
bt 0.00769978 -0.99997 0
t 0.670662 -0.156562 0.725052
bt 0.660582 -0.74961 -0.0414285
t 0.532142 -0.2474 0.809703
bt 0.702971 -0.711183 -0.00714153
t 0.251451 -0.17644 0.951652
bt 0.334272 -0.942428 0.00952778
t 0.416681 -0.229064 0.87972
bt 0.289893 -0.956761 0.0238997
t 0.110694 -0.0585425 0.992129
bt -0.0055918 -0.999983 -0.00141516
t 0.210107 -0.0916889 0.973369
bt -0.0455625 -0.998962 -2.89801e-06
t 0.841978 -0.374809 0.38806
bt 0.483309 -0.875413 -0.00804486
t 0.810131 -0.365635 0.458256
bt 0.602729 -0.797597 -0.0236176
t 0.528018 -0.291005 0.797817
bt 0.201298 -0.97911 0.0286683
t 0.595591 -0.297246 0.746268
bt 0.0766144 -0.995541 0.055034
t 0.288537 -0.138622 0.947381
bt -0.112649 -0.993628 -0.00373094
t 0.34561 -0.15927 0.924763
bt -0.199272 -0.979928 0.00556059
t 0.853846 -0.398134 0.335315
bt -0.379322 -0.925113 0.0167841
t 0.852403 -0.391094 0.347066
bt 0.123535 -0.99185 -0.031193
t 0.63148 -0.305153 0.712821
bt -0.166712 -0.985924 0.0127064
t 0.645814 -0.301129 0.701602
bt -0.398473 -0.916815 0.0258902
t 0.378695 -0.176082 0.908617
bt -0.312008 -0.950047 -0.00780425
t 0.38937 -0.181537 0.903014
bt -0.419187 -0.907866 0.00786441
t 0.831805 -0.3995 0.385356
bt -0.974305 -0.223188 0.0302735
t 0.846835 -0.402736 0.347382
bt -0.873806 -0.486274 0.0010014
t 0.638955 -0.288729 0.713003
bt -0.676311 -0.734667 -0.0535574
t 0.613792 -0.2613 0.744971
bt -0.801496 -0.597202 -0.0308837
t 0.378067 -0.177379 0.908627
bt -0.532676 -0.846296 -0.00625942
t 0.346404 -0.159325 0.924456
bt -0.618811 -0.785513 0.00640658
t 0.727807 -0.349176 0.590232
bt -0.999155 0.0382776 0.0149383
t 0.790858 -0.394477 0.467901
bt -0.999163 -0.0394685 0.0107235
t 0.55127 -0.227014 0.802848
bt -0.882389 -0.468757 -0.0406889
t 0.466456 -0.157811 0.870353
bt -0.918596 -0.394744 -0.0189267
t 0.28603 -0.138241 0.948196
bt -0.690622 -0.723203 -0.00432942
t 0.214538 -0.093195 0.972259
bt -0.735386 -0.677637 0.00394693
t 0.0512338 -0.00484581 0.998675
bt -0.995553 0.0941982 0
t 0.468728 -0.252655 0.846439
bt -0.99664 0.0816803 0.00609769
t 0.2464 -0.100673 0.963925
bt -0.936836 -0.349621 -0.0101186
t 0.0348309 0.0123699 0.999317
bt -0.942323 -0.334706 0
t 0.105119 -0.056637 0.992846
bt -0.76255 -0.64693 0.000577962
t 0.00674617 0.00557487 0.999962
bt -0.770968 -0.636874 0
t -0.701145 0.361088 0.614826
bt -0.999115 0.0407931 -0.010228
t -0.531542 0.248634 0.809718
bt -0.996673 0.0810574 -0.0085795
t -0.296879 0.0791571 0.951629
bt -0.936765 -0.349847 0.00885231
t -0.442158 0.172643 0.880165
bt -0.919137 -0.393264 0.0230592
t -0.117587 0.0458014 0.992006
bt -0.762715 -0.646733 0.00170756
t -0.205796 0.101551 0.973312
bt -0.736366 -0.676579 0.00260892
t -0.828333 0.404051 0.388081
bt -0.981159 -0.193019 -0.00836762
t -0.800829 0.385569 0.458269
bt -0.998404 -0.0511817 -0.0238588
t -0.561263 0.218445 0.798289
bt -0.879396 -0.475238 0.0284884
t -0.610526 0.265169 0.746286
bt -0.811865 -0.581244 0.0550542
t -0.291206 0.13246 0.947446
bt -0.688624 -0.725106 -0.00431893
t -0.344178 0.162336 0.924764
bt -0.622578 -0.782538 0.00557456
t -0.853846 0.398134 0.335315
bt -0.468308 -0.883378 0.0181976
t -0.847576 0.401469 0.34704
bt -0.837349 -0.545689 -0.032726
t -0.639688 0.287568 0.712814
bt -0.64971 -0.760036 0.0148812
t -0.378581 0.176519 0.90858
bt -0.527097 -0.849766 -0.00813165
t -0.771817 0.377728 0.511488
bt 0.126092 -0.987588 -0.0936501
t -0.745544 0.387377 0.542313
bt 0.338802 -0.938711 -0.0635198
t -0.783688 0.365446 0.502277
bt -0.231231 -0.966025 -0.115449
t -0.700419 0.382299 0.60271
bt 0.472537 -0.879342 -0.0588757
t -0.760749 0.492636 0.422577
bt 0.695106 -0.71737 -0.0469922
t -0.616307 0.380541 0.689459
bt 0.530783 -0.846831 -0.0338686
t -0.406406 0.240104 0.88158
bt 0.562709 -0.826466 -0.0176883
t -0.134303 0.19291 0.971982
bt 0.571386 -0.820681 9.28395e-05
t -0.749181 0.392863 0.533279
bt 0.700613 -0.710759 -0.062958
t 0.442612 -0.31023 0.841339
bt 0.562398 -0.826719 0.0156196
t 0.749149 -0.392698 0.533445
bt 0.700167 -0.711313 0.0616421
t 0.611287 -0.356263 0.706686
bt 0.531499 -0.846305 0.0357141
t 0.260341 -0.373948 0.89016
bt 0.571375 -0.820689 0
t 0.700087 -0.391395 0.597234
bt 0.467118 -0.882743 0.0506552
t 0.746159 -0.384467 0.543536
bt 0.360438 -0.928967 0.0842915
t 0.760763 -0.493083 0.42203
bt 0.694568 -0.71799 0.0454642
t 0.771757 -0.377902 0.51145
bt 0.0509142 -0.997718 0.0443377
t 0.783744 -0.365325 0.502277
bt -0.229386 -0.966339 0.116497
t 0.785444 -0.348389 0.51157
bt -0.837662 -0.538081 -0.0937566
t 0.837279 -0.234578 0.4939
bt -0.959322 -0.230304 -0.163282
t 0.78371 -0.365406 0.502273
bt -0.733285 -0.640262 -0.228819
t 0.743105 -0.290794 0.602689
bt -0.977245 -0.20411 -0.0577233
t 0.687688 -0.227519 0.689435
bt -0.989829 -0.138667 -0.0317856
t 0.828559 -0.248324 0.501822
bt -0.959971 -0.118206 -0.253937
t 0.445335 -0.156941 0.881502
bt -0.994809 -0.100269 -0.0173354
t 0.234335 0.0211388 0.971926
bt -0.99596 -0.0897975 0.000126862
t -0.522547 0.139519 0.841118
bt -0.994805 -0.100426 0.016655
t -0.666184 0.23911 0.706417
bt -0.989989 -0.136266 0.036786
t -0.45375 -0.0409316 0.890188
bt -0.995958 -0.0898213 0
t -0.749867 0.284685 0.597205
bt -0.976443 -0.209834 0.0502932
t -0.828683 0.248132 0.501712
bt -0.960108 -0.119898 0.252622
t -0.785585 0.348153 0.511513
bt -0.797863 -0.601135 0.0452872
t -0.78371 0.365406 0.502273
bt -0.731841 -0.642365 0.227542
t -0.837339 0.234482 0.493845
bt -0.959118 -0.23238 0.161533
t -0.251011 0.112693 0.961402
bt -0.270378 -0.962738 0.00560509
t -0.276646 0.126899 0.952556
bt -0.343934 -0.938993 0.000764791
t -0.391875 0.178075 0.90262
bt -0.303174 -0.952933 -0.00223982
t -0.357297 0.160145 0.920159
bt -0.1947 -0.980857 0.00332957
t -0.284957 0.132865 0.949288
bt -0.42228 -0.906465 -0.00122683
t -0.400759 0.18718 0.896859
bt -0.421683 -0.906741 -0.00205888
t -0.275025 0.130399 0.952553
bt -0.497235 -0.867605 -0.00431302
t -0.388618 0.185185 0.902598
bt -0.533618 -0.845724 -0.00147444
t -0.24169 0.128606 0.961793
bt -0.559555 -0.828488 -0.0224981
t -0.352672 0.170331 0.920114
bt -0.626157 -0.77969 -0.00337936
t -0.23915 0.13237 0.961917
bt -0.562373 -0.826811 -0.0109525
t -0.203837 0.0998343 0.973901
bt -0.616975 -0.78696 -0.00590129
t -0.297306 0.141283 0.944271
bt -0.69687 -0.717184 -0.00449432
t -0.145958 0.0715026 0.986703
bt -0.655386 -0.755273 -0.00560585
t -0.216925 0.10115 0.970934
bt -0.743825 -0.668355 -0.00511256
t -0.076803 0.0366369 0.996373
bt -0.678334 -0.734745 -0.00367064
t -0.116917 0.0520496 0.991777
bt -0.771537 -0.636168 -0.00447077
t -0.000869027 -0.000921386 0.999999
bt -0.686103 -0.727504 -3.20814e-05
t -0.00179087 -0.00143721 0.999997
bt -0.779902 -0.625902 -0.000533073
t 0.0742607 -0.0393989 0.99646
bt -0.67841 -0.734679 0.00243941
t 0.113758 -0.0546858 0.992002
bt -0.771598 -0.6361 0.00367854
t 0.144506 -0.073195 0.986793
bt -0.655617 -0.755084 0.00373332
t 0.214231 -0.103667 0.971266
bt -0.744063 -0.6681 0.00357649
t 0.202708 -0.101301 0.973985
bt -0.617285 -0.786728 0.00420192
t 0.252771 -0.189143 0.948858
bt -0.683921 -0.727511 0.0545924
t 0.247247 -0.120504 0.96143
bt -0.56418 -0.825645 0.00336663
t 0.351778 -0.171499 0.920239
bt -0.627322 -0.77876 -1.16047e-05
t 0.259387 -0.182164 0.948438
bt -0.680567 -0.729669 0.0664231
t 0.274762 -0.130865 0.952565
bt -0.498117 -0.867109 0.00113754
t 0.388767 -0.184937 0.902584
bt -0.535131 -0.844766 -0.00230535
t 0.284932 -0.132867 0.949295
bt -0.423143 -0.906061 -0.00178563
t 0.401062 -0.18653 0.896859
bt -0.423433 -0.905926 -0.00185437
t 0.276695 -0.126767 0.95256
bt -0.34471 -0.938703 -0.00336593
t 0.391702 -0.178581 0.902596
bt -0.305026 -0.952342 -0.00186364
t 0.250933 -0.112625 0.96143
bt -0.270444 -0.962718 -0.00584745
t 0.357249 -0.160351 0.920142
bt -0.194537 -0.980891 -0.00292783
t 0.207567 -0.0916997 0.973913
bt -0.206175 -0.978499 -0.005619
t 0.299426 -0.13628 0.944337
bt -0.102195 -0.99474 -0.00690398
t 0.148559 -0.0660823 0.986693
bt -0.157064 -0.987578 -0.00455753
t 0.216907 -0.101675 0.970883
bt -0.0339095 -0.999411 -0.00528665
t 0.0775146 -0.0346382 0.996389
bt -0.126706 -0.991937 -0.00236824
t 0.115023 -0.0550454 0.991837
bt 0.0086807 -0.999954 -0.00417634
t -0.000190947 -0.00163189 0.999999
bt -0.116303 -0.993214 -5.95824e-05
t 5.4931e-05 -0.00253588 0.999997
bt 0.0218019 -0.999762 0.000278856
t -0.0778749 0.0318578 0.996454
bt -0.126761 -0.991928 0.00304981
t -0.115014 0.0515168 0.992027
bt 0.00869922 -0.999954 0.00401402
t -0.148994 0.0634099 0.986803
bt -0.157083 -0.987577 0.00405414
t -0.21709 0.0982273 0.971197
bt -0.0336886 -0.999423 0.00431219
t -0.207967 0.0898822 0.973997
bt -0.205816 -0.978583 0.00400024
t -0.299757 0.133804 0.944586
bt -0.100824 -0.994901 0.00272208
t 0.880799 -0.410713 0.235602
bt -0.785327 -0.609215 -0.110082
t 0.879069 -0.409935 0.243292
bt -0.900959 -0.431277 0.0476715
t 0.87928 -0.409548 0.243181
bt -0.89919 -0.434795 0.0491007
t 0.880799 -0.410713 0.235602
bt -0.785327 -0.609215 -0.110082
t 0.874328 -0.404601 0.268046
bt -0.998545 -0.0492912 0.0218899
t 0.873896 -0.405221 0.268518
bt -0.99855 -0.049199 0.0218373
t 0.869517 -0.385934 0.308213
bt -0.996137 0.0849133 0.0223605
t 0.869749 -0.385661 0.307901
bt -0.996141 0.0848481 0.0224295
t 0.8421 -0.41615 0.343054
bt -0.992286 0.122689 -0.0177672
t 0.822227 -0.376211 0.427093
bt -0.98705 0.160359 0.00425068
t 0.822296 -0.376169 0.426997
bt -0.987009 0.16062 0.00377574
t 0.8421 -0.41615 0.343054
bt -0.992286 0.122689 -0.0177672
t 0.675704 -0.307693 0.669887
bt -0.981964 0.189066 0.00129084
t 0.67672 -0.307563 0.668921
bt -0.981975 0.189005 0.00152634
t 0.463277 -0.0931763 0.881302
bt -0.980365 0.197193 0
t 0.464892 -0.093501 0.880417
bt -0.980365 0.197193 0.000448556
t -0.464583 0.0934389 0.880586
bt -0.980365 0.197193 0
t -0.553813 0.311209 0.772295
bt -0.981827 0.18977 0.00146989
t -0.55442 0.311211 0.771859
bt -0.981856 0.189624 0.000895537
t -0.464583 0.0934389 0.880586
bt -0.980365 0.197193 0
t -0.790951 0.394126 0.468039
bt -0.986432 0.164147 0.00265432
t -0.791061 0.394068 0.467902
bt -0.986398 0.164349 0.00302383
t -0.851513 0.406181 0.331575
bt -0.993864 0.110503 0.00480255
t -0.851509 0.406185 0.33158
bt -0.993855 0.11058 0.0048836
t -0.870978 0.409656 0.271255
bt -0.999965 -0.00589507 0.00596067
t -0.870907 0.409724 0.271379
bt -0.999965 -0.00558699 0.00615783
t -0.878511 0.410956 0.243584
bt -0.955963 -0.293411 0.00670225
t -0.878776 0.410471 0.243445
bt -0.956358 -0.292109 0.00720143
t -0.880799 0.410713 0.235602
bt -0.788683 -0.604644 0.111288
t -0.880546 0.411255 0.235602
bt -0.789738 -0.603196 0.111668
t -0.880799 0.410713 0.235602
bt 0.0452245 -0.992716 -0.111667
t -0.87908 0.409936 0.243252
bt 0.247686 -0.967645 0.0481045
t -0.878946 0.410277 0.24316
bt 0.24841 -0.967473 0.0478344
t -0.880799 0.410713 0.235602
bt 0.0452245 -0.992716 -0.111667
t -0.871972 0.409605 0.268119
bt 0.602504 -0.79778 0.0231636
t -0.872182 0.408876 0.26855
bt 0.602628 -0.797689 0.0230618
t -0.856733 0.40434 0.320184
bt 0.714576 -0.699502 0.00879636
t -0.856706 0.404526 0.320022
bt 0.714552 -0.699526 0.00883204
t -0.816709 0.388022 0.427113
bt 0.757801 -0.65248 0.00284778
t -0.816744 0.388261 0.426828
bt 0.757785 -0.652498 0.00289189
t -0.671213 0.321368 0.667979
bt 0.776289 -0.630377 -4.6683e-05
t -0.67152 0.321893 0.667417
bt 0.776246 -0.63043 0.000212798
t -0.369142 0.29494 0.881331
bt 0.781239 -0.624232 0
t -0.370433 0.295971 0.880443
bt 0.781239 -0.624231 -0.000766089
t 0.370195 -0.295781 0.880607
bt 0.781239 -0.624232 0
t 0.594976 -0.224847 0.771653
bt 0.776294 -0.630372 7.25814e-05
t 0.595366 -0.22531 0.771216
bt 0.776346 -0.630306 0.000395883
t 0.370195 -0.295781 0.880607
bt 0.781239 -0.624232 0
t 0.810594 -0.353821 0.466635
bt 0.759266 -0.650779 0.00118808
t 0.810607 -0.353885 0.466563
bt 0.759391 -0.650633 0.00153302
t 0.858615 -0.390489 0.332114
bt 0.723488 -0.69032 0.0047266
t 0.858622 -0.390428 0.332166
bt 0.722872 -0.690972 0.00377855
t 0.873675 -0.403844 0.271298
bt 0.638983 -0.769193 0.00656952
t 0.873688 -0.403765 0.271371
bt 0.639152 -0.769051 0.00671015
t 0.879506 -0.408844 0.243547
bt 0.389422 -0.921036 0.00654601
t 0.879318 -0.409328 0.243416
bt 0.390181 -0.920712 0.0068491
t 0.880799 -0.410713 0.235602
bt 0.0462523 -0.992644 0.111886
t 0.880984 -0.410315 0.235601
bt 0.0362507 -0.993297 0.109755
t 0.0645354 -0.0300812 0.997462
bt -0.4226 -0.906316 -0.000252297
t 2.40122e-07 3.1517e-07 1
bt -0.422606 -0.906313 -2.63768e-06
t 0.0625611 -0.0286848 0.997629
bt -0.439265 -0.898358 -0.000133076
t 0.056272 -0.0254656 0.998091
bt -0.454665 -0.890663 -0.000226054
t 0.0459743 -0.0208781 0.998724
bt -0.467795 -0.883837 0.000115423
t 0.0328156 -0.0141749 0.999361
bt -0.477824 -0.878455 -0.000536238
t 0.0162464 -0.00885099 0.999829
bt -0.48399 -0.875074 0.000291867
t 0.000146766 0.000263816 1
bt -0.486101 -0.873902 0
t -0.0164312 0.0085163 0.999829
bt -0.483993 -0.875072 -0.000122402
t -0.0319354 0.0157933 0.999365
bt -0.477812 -0.878462 0.000167185
t -0.0463293 0.0202068 0.998722
bt -0.467831 -0.883818 0.000693109
t -0.0559424 0.026112 0.998092
bt -0.454601 -0.890695 -0.000918403
t -0.0627308 0.0283374 0.997628
bt -0.439184 -0.898396 -0.00117634
t -0.0645354 0.0300812 0.997462
bt -0.4226 -0.906316 0.000258728
t -0.0623047 0.0292182 0.997629
bt -0.40582 -0.913952 0.000857182
t -0.0559728 0.0260405 0.998093
bt -0.390122 -0.920761 0.00177145
t -0.0460696 0.0205045 0.998728
bt -0.376379 -0.926466 0.000103222
t -0.0323139 0.0150997 0.999364
bt -0.365896 -0.930656 -0.000581137
t -0.0164306 0.00853376 0.999829
bt -0.359259 -0.933238 0.000288716
t 9.25982e-05 0.00024236 1
bt -0.357002 -0.934104 0
t 0.0166654 -0.00792453 0.99983
bt -0.359256 -0.933239 -0.000123363
t 0.0322612 -0.015235 0.999363
bt -0.365911 -0.93065 0.000146458
t 0.0460827 -0.0204724 0.998728
bt -0.376344 -0.92648 0.000656216
t 0.0562259 -0.0254439 0.998094
bt -0.390017 -0.920807 9.09955e-05
t 0.0622577 -0.0293239 0.997629
bt -0.405716 -0.913999 0.000803804
t -0.418578 0.192081 0.887636
bt -0.288041 -0.957549 -0.0114791
t -0.394492 0.181596 0.900777
bt -0.300079 -0.953894 -0.00630632
t -0.359077 0.170089 0.917678
bt -0.190911 -0.981607 0.000939815
t -0.381911 0.180258 0.90645
bt -0.174474 -0.984656 0.00334119
t -0.418822 0.193261 0.887264
bt -0.540054 -0.841592 -0.00796919
t -0.394924 0.181944 0.900517
bt -0.533725 -0.845649 -0.00398313
t -0.404912 0.188614 0.894691
bt -0.42526 -0.905052 0.00591969
t -0.429093 0.199783 0.880889
bt -0.427724 -0.903849 0.0104522
t -0.324157 0.148052 0.934346
bt -0.716883 -0.697193 -0.000945147
t -0.302436 0.139979 0.942835
bt -0.700009 -0.714133 -0.00112047
t -0.359151 0.168564 0.917931
bt -0.631851 -0.775058 0.0070708
t -0.380962 0.180269 0.906847
bt -0.647144 -0.762286 0.0112006
t -0.131961 0.0527862 0.989848
bt -0.792829 -0.609444 0.000581057
t -0.120145 0.0508413 0.991454
bt -0.77457 -0.632486 0.00145651
t -0.216529 0.105187 0.970593
bt -0.747791 -0.663933 0.00139844
t -0.228577 0.115518 0.966648
bt -0.765872 -0.642989 0.00207738
t 0.115986 -0.0652631 0.991104
bt -0.792902 -0.609347 -0.00156597
t 0.111609 -0.0579127 0.992063
bt -0.774552 -0.632508 -0.00175636
t 0.0047257 0.00375411 0.999982
bt -0.782923 -0.622118 -3.19127e-05
t 0.00876744 0.00654749 0.99994
bt -0.801282 -0.598287 0
t 0.316893 -0.155728 0.93559
bt -0.718325 -0.69569 -0.00491505
t 0.299318 -0.14352 0.943298
bt -0.701289 -0.712864 -0.00429354
t 0.22256 -0.0994625 0.969832
bt -0.747537 -0.66422 0.000276127
t 0.240057 -0.105353 0.965025
bt -0.765171 -0.643823 0.00239541
t 0.417977 -0.194128 0.887474
bt -0.547277 -0.836905 -0.00889019
t 0.39443 -0.182383 0.900645
bt -0.538041 -0.842891 -0.00684917
t 0.360578 -0.166466 0.917754
bt -0.628224 -0.778023 0.00392957
t 0.383828 -0.176392 0.906401
bt -0.640431 -0.767971 0.00837261
t 0.418107 -0.193472 0.887556
bt -0.297581 -0.954664 -0.00790997
t 0.394274 -0.18223 0.900744
bt -0.304868 -0.952386 -0.00419005
t 0.40483 -0.18879 0.894691
bt -0.419776 -0.907607 0.00620232
t 0.428967 -0.200055 0.880889
bt -0.417509 -0.908612 0.010515
t 0.321526 -0.155158 0.934102
bt -0.0745957 -0.997202 -0.00477362
t 0.301334 -0.144726 0.942471
bt -0.0970004 -0.995284 -0.00104364
t 0.359818 -0.167436 0.917876
bt -0.188562 -0.98205 0.00480555
t 0.383096 -0.175928 0.9068
bt -0.17012 -0.985403 0.00629002
t 0.125255 -0.0672162 0.989845
bt 0.0427544 -0.999086 0.000273267
t 0.116278 -0.0593814 0.99144
bt 0.0132733 -0.999912 0.000728005
t 0.219659 -0.0980956 0.970632
bt -0.0277444 -0.999612 0.00248928
t 0.235315 -0.100541 0.966705
bt -0.000404197 -0.999998 0.00214353
t -0.124444 0.0469439 0.991116
bt 0.0428061 -0.999082 -0.00151552
t -0.116101 0.048494 0.992053
bt 0.013332 -0.999909 -0.00209648
t -0.000162513 0.00604235 0.999982
bt 0.0267015 -0.999643 -5.92691e-05
t -0.000621163 0.0109442 0.99994
bt 0.0566995 -0.998391 0
t -0.322821 0.145159 0.935262
bt -0.0711584 -0.997454 -0.00464892
t -0.30206 0.139273 0.94306
bt -0.0948134 -0.99548 -0.00554705
t -0.219361 0.106606 0.969802
bt -0.0283247 -0.999599 0.00048166
t -0.235015 0.11613 0.965029
bt -0.00136632 -0.999996 0.00265253
t -0.25995 0.101241 0.9603
bt -0.565378 -0.82483 0.00174239
t -0.255378 0.108144 0.960774
bt -0.571258 -0.820297 0.0279002
t -0.670662 0.156562 0.725052
bt 0.659412 -0.750484 0.0441493
t 0.727649 -0.305944 0.613943
bt 0.64801 -0.758417 -0.0699077
t 0.68275 -0.426943 0.592935
bt -0.796771 -0.57799 0.176307
t 0.34155 -0.0917693 0.935373
bt -0.71694 -0.690655 -0.0948277
t 0.367018 -0.0622429 0.928129
bt -0.710238 -0.701643 -0.0570908
t 0.657605 -0.451161 0.603332
bt -0.8634 -0.497007 0.0867434
t -0.660041 0.448876 0.602376
bt -0.863777 -0.496454 -0.0861598
t -0.681509 0.428173 0.593476
bt -0.795285 -0.579496 -0.178063

