g sponza_198
t 0 0 -1
bt -1 0 0
t 0 0 -1
bt -1 0 0
t 0 0 -1
bt -1 0 0
t 0 0 -1
bt -1 0 0
t 0 0 -1
bt 1 0 0
t 0 0 -1
bt 1 0 0
t 0 0 -1
bt 1 0 0
t 0 0 -1
bt 1 0 0
t 0.00372649 0.999993 0
bt -1 0 0
t 0.00187107 0.999998 0
bt -1 -0.000689801 0
t 0.00248433 0.999997 0
bt -1 0.000198624 0
t 0 0 -1
bt -0.747484 0.664279 0
t 0 0 -1
bt -0.747484 0.664279 0
t 0 0 -1
bt -0.522328 0.852745 0
t 0 0 -1
bt -0.522328 0.852745 0
t 0.00507341 -0.999987 0
bt -1 0 0
t 0.00338228 -0.999994 0
bt -1 0.000262332 0
t 0.00253671 -0.999997 0
bt -1 -0.000493038 0
t 3.13027e-05 1 0
bt -1 0 0
t 2.08685e-05 1 0
bt -1 -0.000919734 0
t 0 0 -1
bt 0 1 0
t 0 0 -1
bt 0 1 0
t 0 0 -1
bt 0 1 0
t 0 0 -1
bt 0 1 0
t 0 -1 0
bt -1 0.000786997 0
t -0.00017055 -1 0
bt -1 -0.000174107 0
t 0 1 0
bt -0.999996 -0.0027592 0
t 0 0 -1
bt -0.908214 0.418506 0
t 0 0 -1
bt -0.908214 0.418506 0
t 0 -1 0
bt -0.999996 -0.00275915 0

