g sponza_368
t 0.753823 -0.450337 0.478485
bt -0.288935 0.510538 0.809856
t 0.768715 -0.431816 0.471818
bt -0.555403 0.0071516 0.831551
t 0.746584 -0.459446 0.481167
bt -0.568703 -0.0193726 0.822315
t 0.738558 -0.471669 0.481727
bt -0.284809 0.496982 0.81969
t 0.783485 -0.405738 0.470667
bt -0.312984 0.516691 0.796914
t 0.766385 -0.419975 0.486082
bt -0.575029 -0.0636315 0.815655
t 0.772546 -0.414872 0.480681
bt -0.621426 -0.529673 0.5773
t 0.759822 -0.440683 0.477984
bt -0.631716 -0.52974 0.56596
t 0.797759 -0.398644 0.452398
bt -0.599932 -0.55576 0.575511
t 0.934258 -0.280087 0.220712
bt -0.0530788 -0.0508879 0.997293
t 0.938767 -0.25626 0.23032
bt -0.110155 0.542529 0.832783
t 0.996797 0.0148814 0.0785827
bt 0.0328499 0.396299 0.917534
t 0.995578 -0.0460453 0.0818749
bt 0.0111614 -0.101184 0.994805
t 0.961969 0.220095 -0.161781
bt 0.117138 0.0124778 0.993037
t 0.951929 0.256965 -0.166735
bt 0.0812748 0.49931 0.862603
t 0.903995 -0.361461 0.228338
bt 0.0111773 -0.566909 0.823705
t 0.980966 -0.175835 0.0823922
bt 0.0123252 -0.5652 0.824862
t 0.967115 0.180794 -0.178894
bt 0.0332578 -0.523178 0.851574
t -0.16956 0.00678113 -0.985496
bt 0.919294 -0.391169 -0.0434114
t -0.148171 -0.0255549 -0.988632
bt 0.984091 -0.173586 0.0378475
t 0.0469652 0.410994 -0.910428
bt 0.985908 -0.166613 0.0150511
t 0.0486045 0.454556 -0.889391
bt 0.934484 -0.350668 -0.061419
t 0.27759 0.75212 -0.597712
bt 0.93767 -0.315949 -0.144742
t 0.339903 0.78591 -0.516538
bt 0.998465 0.0257587 0.0490277
t 0.00694306 0.424282 -0.905503
bt 0.786109 -0.590298 -0.18325
t -0.229449 -0.226768 -0.946535
bt 0.70448 -0.683583 -0.190846
t 0.252899 0.85117 -0.459948
bt 0.645445 -0.730317 -0.223689
t 0.927207 -0.182423 -0.327121
bt 0.252047 0.211631 0.94429
t 0.931401 -0.195978 -0.306732
bt 0.174227 0.437112 0.882371
t 0.883432 0.308508 -0.352662
bt 0.194516 0.443837 0.874741
t 0.866296 0.336986 -0.368744
bt 0.274764 0.252424 0.927786
t 0.615845 0.750203 -0.240688
bt 0.342151 0.275228 0.898433
t 0.543303 0.816201 -0.196565
bt 0.155685 0.598603 0.785771
t 0.881984 0.274497 -0.383087
bt 0.379225 -0.0426691 0.92432
t 0.873641 -0.406519 -0.267382
bt 0.378835 -0.181361 0.90752
t 0.472264 0.832399 -0.289964
bt 0.402771 -0.263785 0.876466
t 0.931697 0.0491434 -0.359897
bt 0.290211 -0.0591659 0.955132
t 0.94489 0.045396 -0.324226
bt 0.279697 -0.27602 0.919556
t 0.930938 0.173724 -0.321207
bt 0.308918 0.340252 0.888143
t 0.917493 0.206344 -0.340042
bt 0.220445 0.571523 0.790421
t 0.957127 0.0408409 -0.286774
bt 0.165847 0.500142 0.849914
t 0.944735 0.0560291 -0.323012
bt 0.246327 -0.0829425 0.965631
t 0.939272 -0.0471617 -0.339916
bt 0.281948 -0.613301 0.737812
t 0.936421 0.136711 -0.32315
bt 0.255014 -0.58166 0.772424
t 0.919304 -0.0744039 -0.38645
bt 0.252955 -0.540298 0.802553
t 0.740525 0.267939 -0.616305
bt 0.337683 0.684173 0.646435
t 0.734054 0.278587 -0.619318
bt 0.584182 0.195404 0.787749
t 0.749816 0.261466 -0.607792
bt 0.604321 0.158074 0.780903
t 0.757067 0.24839 -0.604278
bt 0.34368 0.677195 0.650608
t 0.713324 0.311905 -0.627602
bt 0.313691 0.669971 0.672858
t 0.725942 0.319057 -0.609271
bt 0.637071 0.144305 0.757176
t 0.744685 0.27708 -0.607183
bt 0.309359 0.674266 0.670569
t 0.739729 0.286826 -0.608714
bt 0.646506 -0.401805 0.648524
t 0.737496 0.279427 -0.614834
bt 0.634684 -0.403622 0.658988
t 0.69822 0.336036 -0.632115
bt 0.629539 -0.439252 0.640889
t -0.525435 0.103523 -0.844512
bt 0.801814 -0.0738898 -0.592988
t -0.334645 0.318666 -0.886828
bt 0.960934 0.120101 -0.249362
t -0.517648 0.214225 -0.82834
bt 0.66405 0.531018 -0.526362
t -0.507566 0.0418594 -0.860596
bt 0.821494 -0.00448219 -0.570199
t -0.42095 0.154045 -0.893908
bt 0.749858 0.0784509 -0.656931
t -0.354512 0.514433 -0.78082
bt 0.508081 0.733621 -0.451281
t -0.514314 0.0653934 -0.855105
bt 0.727597 -0.523208 -0.443685
t -0.547632 0.0323553 -0.836094
bt 0.753663 -0.533689 -0.383625
t -0.453125 0.0362824 -0.890709
bt 0.711068 -0.540705 -0.449468
t -0.0234407 -0.169165 -0.985309
bt 0.990922 0.114311 0.0707595
t -0.00181287 -0.184778 -0.982779
bt 0.928821 0.348022 0.127174
t -0.0192682 0.32113 -0.946839
bt 0.929132 0.354482 0.10515
t -0.03763 0.352919 -0.934897
bt 0.98667 0.156499 0.0446192
t 0.0303653 0.757141 -0.652545
bt 0.982837 0.181829 -0.0311325
t 0.0551698 0.820237 -0.569357
bt 0.845662 0.521177 0.115027
t -0.0532792 0.292909 -0.954655
bt 0.988343 -0.140466 -0.0587081
t 2.19435e-06 -0.397328 -0.917677
bt 0.958946 -0.276107 -0.0647159
t -0.0543522 0.845343 -0.531452
bt 0.929799 -0.354799 -0.0979404
t 0.966098 0.25321 -0.0503876
bt -0.119001 0.915553 0.38419
t 0.957935 -0.0448458 -0.283458
bt -0.129775 0.959038 0.251804
t 0.963732 0.232963 -0.13019
bt 0.0398258 0.792009 0.609209
t 0.975734 0.195929 0.0977468
bt 0.05681 0.60844 0.791564
t 0.961676 0.115693 -0.248585
bt -0.126614 0.95966 0.25104
t 0.953791 0.157096 -0.256131
bt 0.430619 0.898089 0.0894617
t 0.956496 0.111349 -0.269659
bt 0.0116556 0.797698 0.602945
t 0.93585 0.179074 0.303508
bt 0.303577 0.34023 0.889991
t 0.910079 -0.128272 0.394084
bt 0.311816 0.113695 0.943316
t 0.975439 0.118964 -0.185381
bt 0.25551 0.441022 0.860357
t 0.988427 0.021384 -0.150183
bt 0.265476 0.341522 0.901602
t 0.972691 -0.232065 -0.00428422
bt 0.00656382 -0.120361 0.992709
t 0.945459 -0.323741 -0.0360499
bt 0.0348707 0.388436 0.920816
t 0.999469 0.0113459 -0.0305451
bt 0.0612145 0.319458 0.945621
t 0.999291 0.00634206 -0.0371052
bt 0.0255535 -0.147532 0.988727
t 0.973031 0.220532 -0.0676474
bt 0.108158 -0.110715 0.987949
t 0.94394 0.327198 -0.0438118
bt 0.0760675 0.377307 0.922959
t 0.992265 -0.0898079 0.085702
bt -0.0215399 -0.531 0.847098
t 0.989327 -0.140252 -0.0395193
bt -0.0221543 -0.52288 0.852119
t 0.989858 0.0480363 -0.133693
bt -0.0036345 -0.531574 0.847004
t 0.989867 0.100138 -0.100673
bt -0.00122716 -0.463956 0.885858
t -0.249356 -0.278175 -0.927599
bt 0.894606 0.292616 -0.337722
t -0.237955 -0.375802 -0.895628
bt 0.632478 0.714773 -0.298447
t -0.363034 -0.0697466 -0.929162
bt 0.667621 0.664699 -0.335346
t -0.369237 -0.0753909 -0.926272
bt 0.89831 0.257608 -0.355917
t -0.453708 0.109865 -0.884352
bt 0.85739 0.290647 -0.424744
t -0.462358 0.223444 -0.858078
bt 0.625243 0.70374 -0.337373
t -0.312009 -0.100249 -0.944775
bt 0.941278 -0.13922 -0.307593
t -0.316048 -0.211245 -0.924927
bt 0.944625 -0.127641 -0.30231
t -0.449771 -0.0151003 -0.893016
bt 0.942769 -0.0580672 -0.328353
t -0.0234476 -0.168563 -0.985412
bt 0.990924 0.114264 0.0708015
t -0.00179285 -0.184242 -0.982879
bt 0.928828 0.347947 0.127326
t -0.0192384 0.321563 -0.946693
bt 0.929137 0.354425 0.105302
t -0.0376381 0.353426 -0.934705
bt 0.986669 0.156482 0.04469
t 0.0303621 0.757414 -0.652229
bt 0.98284 0.181828 -0.031055
t 0.0551894 0.820469 -0.569021
bt 0.845668 0.521114 0.11526
t -0.0532792 0.293395 -0.954505
bt 0.988344 -0.14044 -0.0587653
t 3.16083e-06 -0.396821 -0.917896
bt 0.958952 -0.276058 -0.0648273
t -0.0543383 0.845617 -0.531017
bt 0.929797 -0.354758 -0.0981064
t 0.973819 -0.215073 0.0736254
bt 0.00614198 0.29057 0.956834
t 0.945983 -0.315711 0.0737764
bt 0.0334517 0.716805 0.696471
t 0.999434 -0.0035847 -0.0334499
bt 0.058906 0.668203 0.741643
t 0.999171 -0.0106912 -0.0392874
bt 0.0239322 0.25781 0.965899
t 0.975599 0.174768 -0.132901
bt 0.102247 0.297427 0.949254
t 0.94652 0.285975 -0.149391
bt 0.0730374 0.708103 0.702321
t 0.999193 -0.0344794 0.0206012
bt -0.0160752 -0.142153 0.989714
t 0.989136 -0.146679 0.00977166
bt -0.0227649 -0.130981 0.991123
t 0.990649 0.0507057 -0.126666
bt -0.00124432 -0.0599083 0.998203
t 0.900432 0.103495 0.422506
bt -0.349937 -0.073904 0.933854
t 0.763404 0.318594 0.561884
bt -0.670437 0.120121 0.732179
t 0.885088 0.214147 0.41323
bt -0.270625 0.530984 0.803005
t 0.894185 0.0419144 0.445731
bt -0.378837 -0.00448709 0.925452
t 0.839655 0.15405 0.520814
bt -0.271529 0.0784333 0.959229
t 0.722376 0.514424 0.462105
bt -0.180633 0.733621 0.655112
t 0.896843 0.0654496 0.437481
bt -0.368914 -0.523235 0.768198
t 0.914469 0.0323605 0.403361
bt -0.423482 -0.533683 0.732014
t 0.864911 0.036249 0.500615
bt -0.351906 -0.540694 0.764076
t 0.996548 0.0383028 -0.0736583
bt -0.0297404 -0.0641112 0.9975
t 0.999064 0.0429104 -0.00546894
bt 0.0237816 -0.247491 0.968598
t 0.828682 -0.542506 -0.137745
bt -0.0467446 -0.267108 0.962532
t 0.805345 -0.57093 -0.159557
bt -0.0447159 0.000526259 0.999
t 0.66857 0.717929 0.193889
bt -0.0562206 0.221067 0.973637
t 0.81907 0.556377 0.139889
bt 0.0217818 -0.231251 0.97265
t 0.987416 -0.129755 0.090411
bt 0.0273517 -0.466463 0.884118
t 0.642348 -0.745596 -0.177416
bt -0.000743376 -0.674334 0.738426
t 0.737358 0.659481 0.146244
bt 0.071244 -0.603325 0.794307
t 0.345771 0.197682 -0.917259
bt 0.915278 0.0212131 0.402264
t 0.269816 0.421898 -0.865564
bt 0.873482 0.0710776 0.48164
t 0.245132 0.535695 -0.808048
bt 0.861915 0.231308 0.45122
t 0.246769 0.545485 -0.800969
bt 0.931057 0.0831156 0.355281
t 0.223479 0.750956 -0.621387
bt 0.943829 0.125504 0.305672
t 0.310377 0.652762 -0.691062
bt 0.939373 0.15797 0.304341
t 0.384795 0.444689 -0.808817
bt 0.987399 -0.0916315 0.129021
t 0.295659 0.15837 -0.942075
bt 0.986075 -0.13794 0.0928928
t 0.169394 0.478528 -0.861578
bt 0.968976 -0.134886 0.207101
t 0.169292 0.648225 -0.742391
bt 0.948273 0.0636888 0.311002
t -0.0267974 0.110339 -0.993533
bt 0.79213 0.601086 0.105953
t -0.0444953 0.09984 -0.994008
bt 0.918375 0.395227 0.01958
t 0.106842 -0.28554 -0.952393
bt 0.937017 0.344497 0.0576274
t 0.0520942 -0.0641772 -0.996578
bt 0.883238 0.461339 0.0840084
t -0.116194 0.366607 -0.923092
bt 0.797119 0.603697 0.0123208
t -0.160179 0.380648 -0.910742
bt 0.900133 0.435497 0.0101494
t -0.00838205 -0.0275186 -0.999586
bt 0.994408 0.104044 -0.018092
t 0.110999 -0.428053 -0.896911
bt 0.99939 0.00043645 0.0349144
t -0.0873921 0.240223 -0.966776
bt 0.949182 0.314415 -0.0140569
t 0.872027 -0.488385 0.0323898
bt -0.0702324 -0.125485 0.989606
t 0.824749 -0.565497 -0.00129977
bt 0.0781526 0.359992 0.929676
t 0.964023 -0.265536 0.0122296
bt 0.0880467 0.284902 0.954504
t 0.963597 -0.267311 0.00508234
bt -0.0561714 -0.156167 0.986132
t 0.997964 -0.0594423 -0.0231089
bt 0.0217782 -0.141369 0.989717
t 0.99864 0.052128 0.0012836
bt 0.115624 0.337762 0.934103
t 0.945716 -0.32097 0.0509795
bt -0.171375 -0.517719 0.838211
t 0.91325 -0.4074 -2.15318e-05
bt -0.176082 -0.507523 0.843455
t 0.981952 -0.180309 -0.0570858
bt -0.144135 -0.456067 0.878196
t -0.970762 -0.00768038 0.239922
bt 0.228018 -0.171961 0.958351
t -0.974884 -0.026435 0.221137
bt 0.255859 -0.195409 0.946758
t -0.972429 -0.0144945 0.232747
bt 0.218802 -0.591257 0.776235
t -0.969271 0.00158654 0.245991
bt 0.206008 -0.584774 0.784602
t -0.972885 -0.0368098 0.228343
bt 0.237317 -0.134507 0.962075
t -0.97743 -0.0465478 0.206067
bt 0.246677 -0.585378 0.772323
t -0.973637 -0.0205532 0.227177
bt 0.227324 0.262874 0.937668
t -0.975643 -0.0412895 0.215446
bt 0.18802 0.254949 0.948499
t -0.97125 -0.0270226 0.236522
bt 0.226421 0.275022 0.934396
t 0.973819 -0.215073 0.0736255
bt 0.00614651 0.290569 0.956834
t 0.945985 -0.315704 0.0737834
bt 0.0334398 0.716808 0.696469
t 0.999434 -0.0035851 -0.0334504
bt 0.0589177 0.668203 0.741642
t 0.999171 -0.0106912 -0.0392874
bt 0.0239353 0.25781 0.965899
t 0.975599 0.174768 -0.132901
bt 0.102255 0.297428 0.949253
t 0.94652 0.285975 -0.149391
bt 0.0730481 0.708105 0.702318
t 0.999193 -0.0344794 0.0206014
bt -0.0160818 -0.142153 0.989714
t 0.989136 -0.146678 0.00976996
bt -0.0227649 -0.130981 0.991123
t 0.990648 0.0507058 -0.126668
bt -0.00124432 -0.0599083 0.998203
t -0.553166 -0.242302 0.797055
bt -0.751743 -0.328201 -0.571985
t -0.499629 -0.324394 0.803206
bt -0.803314 0.179823 -0.56776
t -0.586928 0.00235238 0.809636
bt -0.826425 0.104786 -0.553211
t -0.580641 -0.00145358 0.814159
bt -0.756504 -0.350288 -0.552268
t -0.570328 0.217576 0.792078
bt -0.810902 -0.319732 -0.490111
t -0.587782 0.315812 0.744832
bt -0.828333 0.167514 -0.534606
t -0.610796 -0.0627305 0.789299
bt -0.55915 -0.691029 -0.458072
t -0.550177 -0.144472 0.822456
bt -0.559957 -0.684553 -0.466728
t -0.537979 0.104723 0.836428
bt -0.606974 -0.636253 -0.476198
t 0.973819 -0.215071 0.0736315
bt 0.00614555 0.29057 0.956834
t 0.945983 -0.31571 0.0737774
bt 0.0334441 0.716807 0.696469
t 0.999434 -0.00358331 -0.0334484
bt 0.0589146 0.668203 0.741642
t 0.999171 -0.0106911 -0.0392872
bt 0.023936 0.25781 0.965899
t 0.975599 0.174769 -0.132899
bt 0.102249 0.297427 0.949254
t 0.94652 0.28598 -0.149385
bt 0.0730409 0.708104 0.70232
t 0.999193 -0.0344806 0.0206099
bt -0.0160822 -0.142152 0.989714
t 0.989136 -0.146678 0.00976986
bt -0.0227631 -0.130981 0.991123
t 0.990649 0.0507057 -0.126666
bt -0.00124608 -0.0599084 0.998203
t 0.999701 0.0221391 -0.0104194
bt -0.0134162 0.554542 0.832048
t 0.999272 0.0333191 -0.0186046
bt -0.00325865 0.00939459 0.999951
t 0.999939 0.0105037 -0.00330082
bt 0.00249785 -0.0299774 0.999547
t 0.999991 -0.00395093 0.00162993
bt 1.06423e-07 0.546179 0.837668
t 0.996879 0.071819 -0.0327758
bt -0.0388587 0.548012 0.835568
t 0.997156 0.0747461 -0.009611
bt 0.0383581 -0.0603029 0.997443
t 0.999237 0.0386444 -0.00561449
bt 0.0150536 -0.583626 0.811883
t 0.999387 0.0323351 -0.0134276
bt 5.66648e-07 -0.581683 0.813416
t 0.994105 0.100186 -0.0414464
bt 1.11914e-06 -0.6129 0.79016
t -0.552003 0.38501 -0.739635
bt 0.887941 0.0481054 -0.457434
t -0.536092 0.372959 -0.757303
bt 0.91624 0.23598 -0.323756
t -0.392962 0.753549 -0.527015
bt 0.906396 0.251793 -0.339185
t -0.392188 0.774338 -0.496578
bt 0.868894 0.113276 -0.481862
t -0.108627 0.973314 -0.202137
bt 0.834578 0.17093 -0.523701
t -0.0358063 0.989094 -0.14287
bt 0.890005 0.397202 -0.223878
t -0.435135 0.728298 -0.529377
bt 0.744505 -0.0872449 -0.661892
t -0.568979 0.158159 -0.807
bt 0.684874 -0.206381 -0.698824
t -0.547505 0.385553 -0.742689
bt 0.833068 0.0922214 -0.54543
t -0.0979037 0.994047 -0.0478035
bt 0.626209 -0.257913 -0.73576
t -0.97501 -0.0687511 -0.211257
bt 0.0654576 0.525627 -0.848193
t -0.991643 -0.0940248 0.0883361
bt 0.0271649 0.646244 -0.762647
t -0.987251 -0.017219 -0.158239
bt 0.00217099 0.178486 -0.98394
t -0.927838 -0.224585 -0.297789
bt 0.0785253 -0.108523 -0.990988
t -0.999373 0.026143 -0.0238736
bt -0.506204 0.542868 -0.670113
t -0.999888 -0.00374644 0.0144884
bt 0.0189971 0.204778 -0.978624
t -0.885052 -0.344566 -0.31298
bt -0.0711544 -0.503242 -0.861211
t -0.68195 -0.685145 -0.255969
bt -0.0381939 -0.707272 -0.705909
t -0.99617 -0.0713139 -0.0505936
bt -0.0682972 -0.385367 -0.920232
t -0.0536443 -0.154023 0.98661
bt -0.942628 0.332836 -0.0259356
t -0.0556715 -0.318617 0.946247
bt -0.997838 0.0358383 0.0550874
t 0.0259991 -0.46375 0.885584
bt -0.993771 -0.0807216 -0.0768355
t 0 0 1
bt -0.985346 -0.117487 -0.123651
t -0.0103067 -0.0179528 0.999786
bt -0.866142 0.495733 0.0636222
t 0.139191 -0.0602481 0.988431
bt -0.968218 0.250099 -0.00206148
t -0.0216163 -0.582231 0.812736
bt -0.899121 -0.424887 -0.105134
t 1.29328e-05 -0.715418 0.698696
bt -0.891546 -0.408407 -0.19583
t -0.0577562 -0.212386 0.975478
bt -0.950525 -0.297501 0.0894186
t 0.395849 0.131342 0.908874
bt -0.994092 0.077158 0.0763445
t 0.071464 0.142362 0.987231
bt -0.974575 -0.0649548 0.21444
t 0.340522 0.140419 0.929692
bt -0.961614 -0.187195 0.200643
t 0.474508 0.163084 0.865012
bt -0.996964 -0.00435341 0.0777478
t 0.196038 0.19149 0.961718
bt -0.704911 0.203987 0.67933
t 0.236422 0.186366 0.95361
bt -0.982656 -0.0750021 0.169595
t 0.0857491 0.0702442 0.993837
bt -0.859662 -0.325435 0.393794
t 0.0958095 -0.14558 0.984696
bt -0.76875 -0.493464 0.406838
t 0.197569 0.160148 0.967119
bt -0.890784 -0.273948 0.36257
t -0.996083 0.0492835 -0.0734196
bt 0.138213 0.698483 -0.702153
t -0.993773 0.0716661 -0.0853171
bt 0.145283 0.55017 -0.822317
t -0.986053 0.166423 0.00152496
bt 0.0773702 0.920352 -0.383361
t -0.98639 0.161258 0.0321054
bt 0.0972974 0.979141 -0.178371
t -0.987806 0.0961726 -0.122437
bt 0.168452 0.957665 -0.233457
t -0.993025 0.0803783 -0.086255
bt 0.178232 0.695207 -0.696363
t -0.990212 -0.00684636 -0.139406
bt 0.0950395 0.221842 -0.97044
t -0.990675 0.132974 -0.0296864
bt 0.132841 0.262131 -0.955846
t -0.988563 -0.0594831 -0.138583
bt 0.143452 0.312389 -0.93906
t 0.00432218 -0.367047 -0.930192
bt 0.930052 0.365131 -0.0410208
t -0.0155444 -0.347354 -0.937605
bt 0.994311 0.105563 -0.0142308
t 0.0234259 -0.708559 -0.705262
bt 0.997568 0.0571802 0.0398549
t 0.0328466 -0.535545 -0.843868
bt 0.980469 0.196286 0.0123203
t -0.0197359 -0.0781686 -0.996745
bt 0.939466 0.320778 -0.120438
t -0.0633259 -0.0471902 -0.996877
bt 0.991021 0.127804 -0.0392804
t -0.0114615 -0.482926 -0.875586
bt 0.975324 -0.211947 0.0618179
t -0.000824911 -0.801415 -0.598109
bt 0.94778 -0.278747 0.154962
t -0.0235833 -0.221055 -0.974976
bt 0.999894 -0.00690635 -0.0128187
t -0.341083 -0.712695 0.612967
bt 0.92497 -0.305071 0.226633
t -0.390358 -0.469102 0.792189
bt 0.922678 -0.346865 0.168375
t -0.348768 -0.538169 0.767291
bt 0.885319 0.0308678 0.463959
t -0.331861 -0.715094 0.615231
bt 0.868812 0.0509147 0.492518
t -0.31732 -0.831801 0.455428
bt 0.861498 -0.00804881 0.507697
t -0.241914 -0.882887 0.402478
bt 0.907057 -0.368998 0.202702
t -0.374488 -0.600971 0.706111
bt 0.670624 0.396013 0.627246
t -0.313475 -0.713839 0.626233
bt 0.670256 0.389429 0.631745
t -0.353206 -0.767943 0.53433
bt 0.723942 0.317223 0.612599
t 0.592243 0.0953781 0.800094
bt -0.720145 0.443918 0.533224
t 0.581638 -0.00998435 0.813386
bt -0.523567 0.80951 0.265653
t 0.675228 0.281543 0.681763
bt -0.538088 0.778453 0.323221
t 0.677618 0.267397 0.685079
bt -0.713691 0.425357 0.556522
t 0.719496 0.419853 0.553216
bt -0.646885 0.490113 0.584233
t 0.706464 0.510052 0.490669
bt -0.501128 0.812188 0.2987
t 0.636959 0.260136 0.725681
bt -0.753733 0.0472892 0.655477
t 0.645182 0.151238 0.74891
bt -0.759322 0.056668 0.648243
t 0.734082 0.310451 0.603941
bt -0.75121 0.1316 0.646811
t 0.966469 -0.129309 0.221849
bt -0.0435467 -0.0579079 0.997372
t 0.967114 -0.105066 0.231628
bt -0.17749 0.520901 0.834961
t 0.98182 0.172516 0.0791669
bt -0.0173482 0.39746 0.917456
t 0.990512 0.109622 0.0828848
bt 0.0266412 -0.0987318 0.994757
t 0.916155 0.367435 -0.160163
bt 0.119359 0.032595 0.992316
t 0.900906 0.401428 -0.164997
bt 0.0179022 0.506749 0.861908
t 0.948769 -0.216187 0.230438
bt 0.0823964 -0.55996 0.824412
t 0.996143 -0.0191726 0.0856248
bt 0.0831596 -0.558117 0.825584
t 0.927292 0.329942 -0.176825
bt 0.100132 -0.512701 0.852708
t 0.044903 -0.262976 -0.963757
bt 0.994387 0.0430541 0.0966523
t -0.00312864 -0.0740304 -0.997251
bt 0.988494 0.141134 -0.0544231
t -0.021799 0.0596216 -0.997983
bt 0.961992 0.26347 0.0717996
t -0.00914471 0.0979819 -0.995146
bt 0.996452 0.0815177 0.0209178
t -0.0296852 0.33529 -0.941647
bt 0.993758 0.103564 -0.0414583
t 0.0146659 0.19726 -0.980241
bt 0.98943 0.135534 -0.0515687
t 0.0323853 -0.00338412 -0.99947
bt 0.978915 -0.178472 -0.0993644
t 0.0204235 -0.338738 -0.940659
bt 0.968609 -0.217803 0.119824
t -0.0807433 0.189286 -0.978597
bt 0.998078 0.0604755 -0.0135635
t 0.825804 -0.52668 -0.201634
bt -0.179923 -0.531346 0.827828
t 0.817104 -0.552799 -0.163569
bt -0.287222 -0.678383 0.676239
t 0.878423 -0.457819 -0.137023
bt 0.0240126 -0.27919 0.959936
t 0.897584 -0.424131 -0.120229
bt 0.145125 -0.0383944 0.988668
t 0.80767 -0.572392 -0.14155
bt 0.0482478 -0.0742298 0.996073
t 0.822982 -0.545171 -0.159652
bt -0.228278 -0.514258 0.826697
t 0.772664 -0.599673 -0.208284
bt -0.362674 -0.842199 0.398958
t 0.861365 -0.491286 -0.129184
bt -0.380547 -0.814114 0.438637
t 0.758008 -0.59608 -0.264788
bt -0.374447 -0.793082 0.480427
t 0.0610769 -0.17834 0.982072
bt -0.776486 0.618026 0.122936
t 0.0776194 -0.171532 0.982116
bt -0.945728 0.311965 0.090978
t 0.0561054 -0.182202 0.981659
bt -0.950678 0.29669 0.0904765
t 0.0502963 -0.189204 0.980649
bt -0.779668 0.61126 0.135939
t 0.082533 -0.156533 0.984218
bt -0.779561 0.619003 0.0955004
t 0.0590232 -0.162432 0.984953
bt -0.961723 0.259664 0.0875358
t 0.0751294 -0.159065 0.984405
bt -0.997248 -0.0486521 0.0559368
t 0.0657132 -0.174271 0.982503
bt -0.997871 -0.0527888 0.0382915
t 0.0958717 -0.166288 0.981406
bt -0.993467 -0.076061 0.0850792
t 0.997882 -0.0407624 -0.0506988
bt 0.0408396 0.0770941 0.996187
t 0.998238 -0.0269271 -0.0528776
bt 0.0148265 -0.458905 0.888362
t 0.997243 -0.0551481 -0.0496597
bt 0.0179208 -0.495553 0.868393
t 0.996262 -0.0698735 -0.050797
bt 0.0540893 0.0653661 0.996394
t 0.998619 0.0156892 -0.0501472
bt 0.0140181 0.0705787 0.997408
t 0.999546 0.00687385 -0.0293391
bt 0.0489991 -0.520093 0.852703
t 0.998801 -0.0279171 -0.0402171
bt -0.00783482 -0.884133 0.46717
t 0.998312 -0.0298822 -0.0497973
bt -0.0218145 -0.882143 0.470477
t 0.997837 0.0451113 -0.0478066
bt -0.0242201 -0.898019 0.439289
t -0.4123 -0.396988 -0.820006
bt 0.893835 -0.224187 -0.38833
t -0.42994 -0.476597 -0.766816
bt 0.834665 0.278096 -0.475392
t -0.44518 -0.161375 -0.88078
bt 0.843562 0.201598 -0.497756
t -0.451288 -0.164465 -0.877092
bt 0.881244 -0.250304 -0.400945
t -0.468428 0.0518218 -0.881981
bt 0.849672 -0.229361 -0.474816
t -0.433822 0.159051 -0.886849
bt 0.819141 0.259345 -0.511613
t -0.407842 -0.222929 -0.885419
bt 0.758014 -0.605021 -0.243646
t -0.450258 -0.307755 -0.838185
bt 0.765537 -0.596478 -0.241181
t -0.505433 -0.0675032 -0.860221
bt 0.788277 -0.546397 -0.282964
t -0.159424 -0.171811 0.972145
bt -0.850388 0.524878 -0.0366485
t -0.180184 -0.271343 0.945466
bt -0.508775 0.8609 -0.000570216
t -0.0112684 0.00431786 0.999927
bt -0.561409 0.827238 0.0223243
t -0.0059632 -0.00523627 0.999968
bt -0.868673 0.494952 -0.0207216
t 0.123102 0.149766 0.981028
bt -0.845537 0.531168 0.0541072
t 0.165907 0.253293 0.953057
bt -0.517675 0.854749 0.0376444
t -0.0650269 -0.0118587 0.997813
bt -0.989654 0.1302 -0.0602699
t -0.0833123 -0.123348 0.98886
bt -0.987708 0.141233 -0.0669801
t 0.0912727 0.0314171 0.99533
bt -0.976283 0.211579 -0.0458816
t -0.926641 0.105709 -0.360779
bt 0.322548 0.493847 -0.807513
t -0.923775 0.00123498 -0.382933
bt 0.293684 0.837872 -0.46013
t -0.936426 0.282863 -0.207596
bt 0.275815 0.810102 -0.51736
t -0.940183 0.26835 -0.209868
bt 0.305184 0.476681 -0.824402
t -0.907974 0.413284 -0.0691385
bt 0.234402 0.53971 -0.808559
t -0.865106 0.501249 -0.0184874
bt 0.257306 0.840982 -0.475966
t -0.927271 0.26422 -0.265249
bt 0.291863 0.108894 -0.950241
t -0.945082 0.156574 -0.286887
bt 0.300295 0.118166 -0.946499
t -0.945888 0.30545 -0.109528
bt 0.293127 0.192325 -0.936529
t 0.735616 -0.45595 0.500978
bt -0.590668 0.0978988 0.800954
t 0.835121 -0.238255 0.49579
bt -0.607546 0.184897 0.772465
t 0.857973 -0.105971 0.502645
bt -0.516451 0.296198 0.803458
t 0.862149 -0.0608204 0.502991
bt -0.520776 0.105838 0.847107
t 0.825482 0.212281 0.522988
bt -0.45993 0.107869 0.881379
t 0.805961 0.056268 0.589289
bt -0.443677 0.135736 0.885848
t 0.817386 -0.187693 0.544657
bt -0.447007 -0.175639 0.877118
t 0.747911 -0.49175 0.445882
bt -0.408346 -0.24491 0.879359
t 0.888833 0.0476883 0.455743
bt -0.492321 0.0606004 0.868302
t -0.0234407 -0.169165 -0.985309
bt 0.990922 0.114311 0.0707595
t -0.00179961 -0.184774 -0.982779
bt 0.928822 0.348021 0.127163
t -0.0192725 0.321129 -0.94684
bt 0.929132 0.354482 0.105149
t -0.037631 0.352918 -0.934897
bt 0.98667 0.156499 0.0446191
t 0.0303564 0.757141 -0.652546
bt 0.982837 0.181829 -0.0311327
t 0.055159 0.820235 -0.569361
bt 0.845661 0.521179 0.115024
t -0.0532782 0.292909 -0.954655
bt 0.988343 -0.140467 -0.0587046
t 2.19435e-06 -0.397328 -0.917677
bt 0.958946 -0.276107 -0.0647157
t -0.0543498 0.845343 -0.531453
bt 0.929797 -0.354804 -0.0979362
t -0.983787 -0.168583 -0.061182
bt 0.15557 0.114233 -0.981198
t -0.979409 -0.18424 -0.0825445
bt 0.206538 0.347945 -0.914481
t -0.944847 0.321582 -0.0620407
bt 0.184644 0.354455 -0.916661
t -0.934482 0.353439 -0.042704
bt 0.12917 0.156447 -0.979203
t -0.647232 0.757404 -0.0862003
bt 0.0533142 0.181789 -0.981891
t -0.562173 0.820481 -0.10379
bt 0.187352 0.521099 -0.832679
t -0.955543 0.29344 -0.0288218
bt 0.0262382 -0.140454 -0.98974
t -0.914495 -0.396858 -0.0787495
bt 0.0177043 -0.276076 -0.960973
t -0.533734 0.845609 0.00857826
bt -0.0179678 -0.354755 -0.934787
t -0.507316 0.0671319 -0.859141
bt 0.841795 -0.186099 -0.506704
t -0.54787 0.230335 -0.804229
bt 0.887033 -0.00708796 -0.461652
t -0.535811 0.0126465 -0.844244
bt 0.84527 0.233809 -0.48047
t -0.522919 -0.0478722 -0.851037
bt 0.873822 -0.086779 -0.478439
t -0.500688 -0.0166863 -0.865467
bt 0.872248 0.267452 -0.409454
t -0.515467 -0.00240289 -0.856906
bt 0.890069 -0.11941 -0.439907
t -0.54535 -0.0616728 -0.835936
bt 0.743953 -0.497902 -0.445677
t -0.512964 0.0476585 -0.857086
bt 0.778009 -0.465943 -0.421425
t -0.547822 -0.0903185 -0.831705
bt 0.794503 -0.426839 -0.431941
t -0.517991 -0.0797613 -0.851659
bt 0.741597 -0.498167 -0.449292
t 0.0866314 -0.665941 0.740957
bt -0.939567 -0.301341 -0.162505
t 0.0606532 -0.241206 0.968577
bt -0.91518 -0.377239 -0.141902
t 0.0911579 -0.396436 0.913526
bt -0.99592 0.0135058 0.0892209
t 0.0988937 -0.524618 0.845574
bt -0.964086 -0.261117 0.048535
t 0.224267 -0.292723 0.929525
bt -0.973453 0.205978 0.0998119
t 0.205545 -0.253798 0.945166
bt -0.997469 -0.054918 0.0451606
t 0.164401 -0.734382 0.658525
bt -0.752606 -0.632473 -0.1832
t 0.207171 -0.823671 0.527869
bt -0.757281 -0.596281 -0.266411
t 0.0483295 -0.44891 0.892269
bt -0.815366 -0.57809 0.0314704
t -0.173747 -0.886383 0.429113
bt -0.798046 -0.106671 -0.59308
t -0.298599 -0.599942 0.742232
bt -0.785558 -0.181542 -0.591559
t -0.241293 -0.719897 0.650789
bt -0.951184 0.104534 -0.290381
t -0.204458 -0.802713 0.560222
bt -0.901035 -0.14784 -0.407773
t -0.136195 -0.648334 0.749075
bt -0.939568 0.271917 -0.208023
t -0.160016 -0.617532 0.770096
bt -0.93322 0.053913 -0.355237
t -0.0736521 -0.927654 0.366105
bt -0.618047 -0.429163 -0.658663
t 0.015408 -0.96907 0.246304
bt -0.58994 -0.361191 -0.722158
t -0.270003 -0.742266 0.613303
bt -0.760613 -0.453775 -0.46428
t -0.173748 -0.886383 0.429113
bt -0.798046 -0.106669 -0.593081
t -0.298599 -0.599942 0.742232
bt -0.78556 -0.181545 -0.591555
t -0.241291 -0.719897 0.650789
bt -0.951185 0.104532 -0.290379
t -0.204463 -0.802714 0.560219
bt -0.901036 -0.14784 -0.407772
t -0.13621 -0.648332 0.749074
bt -0.939567 0.271919 -0.208025
t -0.16003 -0.617533 0.770093
bt -0.93322 0.0539146 -0.355239
t -0.0736519 -0.927654 0.366105
bt -0.618048 -0.429157 -0.658666
t 0.01541 -0.96907 0.246306
bt -0.589941 -0.36118 -0.722162
t -0.270008 -0.742267 0.613298
bt -0.760613 -0.453775 -0.46428
t 0.0866248 -0.665943 0.740956
bt -0.939567 -0.301337 -0.162509
t 0.0606531 -0.241206 0.968577
bt -0.91518 -0.377239 -0.141902
t 0.0911628 -0.396436 0.913525
bt -0.99592 0.0135063 0.0892198
t 0.098893 -0.524618 0.845574
bt -0.964086 -0.261117 0.0485346
t 0.22426 -0.292722 0.929527
bt -0.973453 0.205978 0.0998124
t 0.20554 -0.253798 0.945166
bt -0.997469 -0.0549194 0.0451658
t 0.16439 -0.734389 0.65852
bt -0.752608 -0.632469 -0.183206
t 0.207154 -0.82368 0.527861
bt -0.757284 -0.596274 -0.266417
t 0.0483304 -0.44891 0.892269
bt -0.815366 -0.57809 0.0314711
t -0.277362 -0.556633 0.78309
bt -0.799825 -0.312999 -0.512163
t -0.369622 -0.0934073 0.924475
bt -0.788549 -0.387143 -0.477818
t -0.328102 -0.257058 0.908994
bt -0.938436 0.0334341 -0.343832
t -0.301179 -0.399601 0.8658
bt -0.908106 -0.244084 -0.340245
t -0.207262 -0.152178 0.966377
bt -0.910016 0.227203 -0.346769
t -0.228631 -0.110541 0.967217
bt -0.92524 -0.0398948 -0.377278
t -0.174828 -0.63912 0.748973
bt -0.637706 -0.646964 -0.418053
t -0.0837067 -0.748637 0.657675
bt -0.604212 -0.622383 -0.497561
t -0.363052 -0.315966 0.876561
bt -0.783459 -0.562873 -0.263374
t 0.751404 0.098634 -0.652429
bt 0.261264 0.815777 0.515993
t 0.756986 0.111867 -0.643784
bt 0.442128 0.567005 0.695002
t 0.862156 -0.0127026 -0.506483
bt 0.386724 0.581247 0.715958
t 0.886823 -0.0550641 -0.458817
bt 0.188839 0.870757 0.454006
t 0.610852 0.201326 -0.76572
bt 0.236378 0.841811 0.485263
t 0.626301 0.129193 -0.768802
bt 0.47025 0.584021 0.661653
t 0.756956 0.07821 -0.648769
bt 0.546485 0.235805 0.803586
t 0.822203 0.0254357 -0.568625
bt 0.543786 0.243171 0.803221
t 0.688558 0.0943633 -0.719016
bt 0.545349 0.292136 0.785653
t 0.720572 -0.689776 0.070605
bt 0.20393 0.554808 0.806598
t 0.716251 -0.691906 0.0908352
bt 0.238521 0.717789 0.654131
t 0.940198 -0.316929 -0.124833
bt 0.261361 0.713479 0.650106
t 0.939621 -0.298567 -0.167243
bt 0.240325 0.563831 0.790151
t 0.941904 0.202667 -0.26785
bt 0.304322 0.53065 0.791075
t 0.903443 0.31867 -0.286776
bt 0.301914 0.800643 0.517512
t 0.931605 -0.326167 -0.160399
bt 0.20319 0.295064 0.933622
t 0.574009 -0.800697 0.171461
bt 0.152108 0.182544 0.97136
t 0.859184 0.312688 -0.405004
bt 0.141073 0.0910129 0.985807
t -0.749709 0.0333082 -0.660929
bt 0.75025 0.0419602 -0.659822
t -0.728913 0.0268632 -0.684079
bt 0.810995 0.13738 -0.568696
t -0.680619 0.35645 -0.640078
bt 0.787343 0.131414 -0.602346
t -0.700725 0.345641 -0.624112
bt 0.752247 0.0869049 -0.653125
t -0.567054 0.637751 -0.521271
bt 0.802626 0.172145 -0.571102
t -0.607841 0.569812 -0.55303
bt 0.735865 0.0637784 -0.674118
t -0.719338 0.355742 -0.596657
bt 0.627206 -0.0825115 -0.77447
t -0.726139 -0.0703598 -0.683938
bt 0.588766 -0.11122 -0.800615
t -0.542842 0.752084 -0.373755
bt 0.542406 -0.144037 -0.827677
t -0.163024 -0.169114 -0.97202
bt 0.990939 0.114287 -0.0705591
t -0.141228 -0.184774 -0.972581
bt 0.93748 0.34799 -0.00591699
t -0.153424 0.321098 -0.934536
bt 0.934638 0.354517 -0.0277378
t -0.169922 0.352994 -0.920066
bt 0.983017 0.156504 -0.0958318
t -0.0625487 0.757133 -0.650259
bt 0.968475 0.18182 -0.17029
t -0.0261889 0.820224 -0.571443
bt 0.853425 0.52118 -0.0061287
t -0.188187 0.29294 -0.937428
bt 0.970016 -0.14045 -0.198349
t -0.130206 -0.397274 -0.908416
bt 0.94007 -0.276082 -0.200119
t -0.129213 0.845333 -0.518378
bt 0.906493 -0.354798 -0.228884
t -0.366842 0.421165 -0.829486
bt 0.929558 -0.1041 -0.353674
t -0.374454 0.418327 -0.827518
bt 0.833143 -0.289339 -0.471334
t -0.512045 0.0474295 -0.857648
bt 0.816991 -0.367788 -0.444137
t -0.419263 0.254449 -0.871478
bt 0.873225 -0.263351 -0.41003
t -0.23952 0.64588 -0.724893
bt 0.892583 -0.073746 -0.444811
t -0.264185 0.677777 -0.686167
bt 0.831049 -0.269528 -0.486531
t -0.422433 0.311225 -0.851287
bt 0.659378 -0.551368 -0.511091
t -0.564823 -0.0928823 -0.819968
bt 0.616537 -0.637422 -0.462142
t -0.312156 0.552055 -0.773171
bt 0.771169 -0.378271 -0.512064
t -0.979037 0.0802052 0.187227
bt -0.28828 0.0453473 -0.956472
t -0.985124 0.138567 -0.101639
bt -0.147563 -0.0194155 -0.988862
t -0.888274 0.301242 0.34673
bt -0.365189 0.31639 -0.87552
t -0.858038 0.367748 0.358514
bt -0.34098 0.372674 -0.863045
t -0.997943 0.0631848 0.0108521
bt -0.0595382 0.0242876 -0.997931
t -0.997361 0.0716936 0.0114703
bt -0.0604643 0.00474576 -0.998159
t -0.995086 -0.0660873 0.0737334
bt 0.00794946 0.142846 -0.989713
t 0.966985 -0.202237 0.155046
bt -0.283893 -0.139319 0.948681
t 0.902223 -0.244076 0.355555
bt -0.437923 -0.117983 0.891237
t 0.988096 0.027227 0.151412
bt -0.29406 -0.00649971 0.955765
t 0.98637 0.0661474 0.15066
bt -0.293417 8.20206e-05 0.955984
t 0.988322 0.0569746 0.141326
bt -0.317108 0.0658848 0.946098
t 0.986376 0.0482757 0.157264
bt -0.0765753 0.0546471 0.995565
t 0.990207 0.0160054 0.138689
bt -0.349353 0.442428 0.82596
t 0.99668 -0.0652995 0.0486329
bt -0.121213 0.405235 0.906141
t 0.942693 -0.284406 -0.174477
bt -0.323532 0.0868293 0.942225
t 0.926922 -0.308623 -0.213464
bt -0.316633 -0.0769535 0.945421
t 0.501614 -0.0800885 -0.861377
bt 0.773173 0.180477 0.607973
t 0.494532 -0.0767214 -0.865766
bt 0.726034 0.265112 0.6345
t 0.529458 -0.279778 -0.800874
bt 0.801162 -0.000527403 0.598447
t 0.526108 -0.298295 -0.796386
bt 0.794102 -0.0374533 0.60663
t 0.888236 0.0958085 -0.449285
bt 0.642193 0.183617 0.744227
t 0.910323 0.108344 -0.399466
bt 0.408873 0.199489 0.890521
t 0.661893 0.0190279 -0.749357
bt 0.770044 0.042521 0.636572
t 0.684139 0.00823851 -0.729305
bt 0.765555 0.0439525 0.641868
t 0.874373 -0.361801 0.323376
bt -0.570553 -0.179324 0.801444
t 0.98248 -0.160287 -0.0950818
bt 0.294937 -0.3232 0.899196
t 0.369436 0.776186 0.510933
bt -0.0868682 -0.697045 0.711746
t 0.645983 0.385813 0.658676
bt -0.182244 -0.502536 0.84513
t 0.696234 0.443772 0.564202
bt -0.237069 -0.429724 0.871284
t 0.33325 0.787753 0.518064
bt -0.0910664 -0.695618 0.712616
t 0.922808 0.378592 -0.0713682
bt 0.294261 0.3976 0.869094
t 0.860157 0.467575 0.203725
bt 0.0351643 0.409505 0.91163
t 0.884358 0.466808 0.000831483
bt 0.227199 0.280201 0.932667
t 0.920037 0.391679 0.0109027
bt 0.216705 0.294158 0.930865
t 0.920641 0.365082 0.138327
bt -0.0255571 0.0549791 0.99816
t 0.830982 0.540511 0.131591
bt 0.0221639 -0.0244404 0.999456
t 0.760976 0.629342 0.15762
bt 0.0238346 -0.0242592 0.999422
t 0.593668 0.462312 0.658655
bt -0.347509 0.137112 0.927598
t -0.89263 0.393285 -0.220317
bt -0.352429 -0.0891649 0.931581
t -0.844351 0.467042 -0.262571
bt -0.373484 -0.0695037 0.925029
t -0.95957 0.0556328 -0.275916
bt -0.28749 -0.23677 0.928057
t -0.991847 0.0158936 -0.126442
bt -0.28804 -0.250359 0.924313
t -0.979026 -0.0313 0.201316
bt 0.473504 0.0578771 0.878888
t -0.432976 0.0198487 0.901187
bt 0.681455 0.0774633 0.727749
t -0.979183 0.0374068 0.199502
bt 0.289335 -0.133002 0.947943
t -0.981345 0.00825472 0.19208
bt 0.291225 -0.277262 0.915595
t -0.354312 0.0264044 0.934754
bt 0.903787 0.055611 0.424353
t -0.3527 -0.00791789 0.935703
bt 0.891526 0.180342 0.415522
t 0.943199 -0.280012 -0.178798
bt 0.342113 -0.230909 0.910846
t 0.94074 0.0627411 -0.333275
bt 0.405385 -0.327605 0.853428
t 0.967541 -0.163513 -0.192688
bt 0.304062 -0.298336 0.904733
t 0.867259 -0.336216 -0.367179
bt 0.335315 -0.1323 0.932771
t 0.647352 0.527553 -0.550112
bt 0.513272 -0.0883957 0.853661
t 0.770072 0.175734 -0.613275
bt 0.461225 -0.147045 0.875014
t 0.853619 0.281183 -0.438487
bt 0.511375 -0.428615 0.744839
t 0.510244 0.533239 -0.674765
bt 0.453421 0.32061 0.831636
t 0.841539 0.06475 -0.536301
bt 0.480829 -0.523991 0.70302

