g sponza_170
t 1 0 0
bt 0 0 1
t 1 0 0
bt 0 0 1
t 1 0 0
bt 0 0 1
t 1 0 0
bt 0 0 1
t 1 0 0
bt 0 0 -1
t 1 0 0
bt 0 0 -1
t 1 0 0
bt 0 0 -1
t 1 0 0
bt 0 0 -1
t 0 0 -1
bt 0 -0.999987 0.00505597
t 0 -0.000175927 -1
bt 0 -0.999994 0.00337066
t 0 0.00136758 -0.999999
bt 0 -0.999997 0.00246356
t 1 0 0
bt 0 -0.8527 0.5224
t 1 0 0
bt 0 -0.664234 0.747525
t 1 0 0
bt 0 -0.664234 0.747525
t 1 0 0
bt 0 -0.8527 0.5224
t 0 0 1
bt 0 -0.999987 0.00505891
t 0 -0.00136773 0.999999
bt 0 -0.999997 0.00246494
t 0 0.000175892 1
bt 0 -0.999994 0.00337262
t 0 0 -1
bt 0 -1 -0.000257732
t 0 0.00182345 -0.999998
bt 0 -1 -0.000171821
t 1 0 0
bt 0 -1 0
t 1 0 0
bt 0 -1 0
t 1 0 0
bt 0 -1 0
t 1 0 0
bt 0 -1 0
t 0 0 1
bt 0 -1 -0.000258089
t 0 -0.00182365 0.999998
bt 0 -1 -0.00017206
t 0 0.00547032 -0.999985
bt 0 -1 0
t 1 0 0
bt 0 -0.418506 0.908214
t 1 0 0
bt 0 -0.418506 0.908214
t 0 -0.00547092 0.999985
bt 0 -1 0

