g sponza_173
t 0.340341 -0.940302 0
bt -0.942224 -0.334985 0
t 0.31905 -0.947738 0
bt -0.939612 -0.342243 0
t 0.339156 -0.94073 0
bt -0.942038 -0.335505 0
t 0.339478 -0.940614 0
bt -0.94209 -0.335362 0
t 0.337847 -0.941201 0
bt -0.941576 -0.336801 0
t 0.337957 -0.941162 0
bt -0.941902 -0.335888 0
t 0.339615 -0.940564 0
bt -0.941419 -0.337239 0
t 0.337987 -0.941151 0
bt -0.941746 -0.336326 0
t 0.331895 -0.943316 0
bt -0.94229 -0.334799 0
t 0.331895 -0.943316 0
bt -0.94229 -0.334799 0
t 0.334763 -0.942302 0
bt -0.941669 -0.336541 0
t 0.333567 -0.942726 0
bt -0.941795 -0.336186 0
t 0.335741 -0.941955 0
bt -0.941001 -0.338403 0
t 0.338348 -0.941021 0
bt -0.941288 -0.337604 0
t -0.00743897 0.0145511 0.999866
bt 0.455121 -0.890243 0.0182356
t -0.00838134 0.0163944 0.99983
bt 0.455156 -0.89031 0.0134328
t -0.000710832 0.0149809 0.999887
bt 0.0473876 -0.998703 0.0186143
t -0.000710832 0.0149809 0.999887
bt 0.0473876 -0.998703 0.0186143
t -0.0129021 0.015008 0.999804
bt 0.651863 -0.758257 0.0109886
t -0.0129021 0.015008 0.999804
bt 0.651863 -0.758257 0.0109886
t 0.0125775 -0.0108872 0.999862
bt -0.756001 0.654407 0.01464
t 0.0106727 -0.0167714 0.999802
bt -0.536821 0.843576 0.0142444
t 0.00956741 -0.0150345 0.999841
bt -0.536821 0.843576 0.014244
t 0.0125777 -0.0108875 0.999862
bt -0.756001 0.654407 0.0146402
t 0.00617223 0.015644 0.999859
bt -0.366982 -0.930147 0.0122752
t 0.00617176 0.0156428 0.999859
bt -0.366982 -0.930147 0.0122754
t 0.0132393 0.0105095 0.999857
bt -0.783169 -0.621686 0.0123401
t 0.0132393 0.0105095 0.999857
bt -0.783169 -0.621686 0.0123401
t 0.00787226 0.0149796 0.999857
bt -0.465155 -0.885114 0.0143266
t 0.0088718 0.0168816 0.999818
bt -0.465155 -0.885114 0.0143266
t 0.00787226 0.0149796 0.999857
bt -0.465155 -0.885114 0.0143266
t 0.00787226 0.0149796 0.999857
bt -0.465155 -0.885114 0.0143266
t 0.0168769 -0.0094134 0.999813
bt -0.873275 0.487086 0.011783
t 0.0149347 -0.00833011 0.999854
bt -0.873275 0.487086 0.0117827
t 0.0168769 -0.0094134 0.999813
bt -0.873275 0.487086 0.011783
t 0.0168769 -0.0094134 0.999813
bt -0.873275 0.487086 0.011783
t -0.987737 0.15613 0
bt -0.176805 -0.984246 0
t -0.987779 0.155862 0
bt -0.149427 -0.988773 0
t -0.987775 0.155889 0
bt -0.168161 -0.985759 0
t -0.987737 0.15613 0
bt -0.176805 -0.984246 0
t -0.987935 0.154871 0
bt -0.15793 -0.98745 0
t -0.987745 0.156078 0
bt -0.155608 -0.987819 0
t -0.987877 0.155238 0
bt -0.156475 -0.987682 0
t -0.987876 0.155246 0
bt -0.156743 -0.987639 0
t -0.987746 0.156067 0
bt -0.152712 -0.988271 0
t -0.987746 0.156067 0
bt -0.152712 -0.988271 0
t -0.987757 0.156 0
bt -0.152231 -0.988345 0
t -0.987789 0.155798 0
bt -0.154175 -0.988044 0
t -0.987677 0.156507 0
bt -0.154276 -0.988028 0
t -0.987677 0.156507 0
bt -0.154276 -0.988028 0
t 0.0166085 0.00321414 0.999857
bt -0.981597 -0.189963 0.0195395
t 0.0148592 -0.00319005 0.999885
bt -0.977661 0.209888 0.0112688
t 0.0159557 -0.00342543 0.999867
bt -0.977565 0.209868 0.0179263
t 0.0159983 0.00309606 0.999867
bt -0.981635 -0.18997 0.0174316

