g sponza_71
t -1 0.000417162 0
bt 0.000894541 -1 0
t -1 0.000110936 0
bt 0.00153921 -0.999999 0
t -1 0.000458486 0
bt 0.00117621 -0.999999 0
t -1 0.000313767 0
bt 0.000742322 -1 0
t -1 -0.000116864 0
bt -0.00207621 -0.999998 0
t -1 0.000150763 0
bt 0.013861 -0.999904 0
t -1 0.000421767 0
bt -0.00573082 -0.999984 0
t -1 0.000308976 0
bt -0.00430046 -0.999991 0
t -1 0.000987766 0
bt -0.00629418 -0.99998 0
t -0.999999 0.0015865 0
bt -0.0109731 -0.99994 0
t -1 -2.93936e-05 0
bt -9.33755e-06 -1 0
t -1 5.89459e-05 0
bt 0.000823936 -1 0
t -1 0.00033179 0
bt 0.000620662 -1 0
t -1 0.000453437 0
bt 0.000347467 -1 0
t -1 0.00044335 0
bt 0.00044278 -1 0
t -1 0.000705178 0
bt 3.32638e-05 -1 0
t -1 7.56362e-05 0
bt 3.89732e-05 -1 0
t -1 -0.00026428 0
bt 0.000260106 -1 0
t -1 2.38964e-06 0
bt 0.000470528 -1 0
t -1 -6.72034e-05 0
bt 0.000752103 -1 0
t -1 -0.000254663 0
bt 0.00101153 -0.999999 0
t -1 0.000249186 0
bt -0.000103689 -1 0
t -1 -8.04513e-05 0
bt 0.000242004 -1 0
t -1 -0.000513488 0
bt 0.000289308 -1 0
t -0.779814 0.00081183 -0.62601
bt 0.000156374 -0.999994 0.00345971
t -0.791789 -0.00112791 -0.610793
bt -9.2405e-06 -0.999999 0.00150839
t -0.898387 0.00237986 -0.439197
bt 0.00107909 -0.999997 0.00219711
t -0.889712 0.00235036 -0.456516
bt 0.000184377 -0.999992 0.00402848
t -1 -0.000105231 0
bt 2.10813e-05 -1 0
t -1 9.67497e-05 0
bt 0.000157532 -1 0
t -1 -0.000105231 0
bt 2.10813e-05 -1 0
t -1 -0.000105231 0
bt 2.10813e-05 -1 0
t 1.44308e-06 -4.09519e-07 1
bt 0.961987 -0.273096 0
t 1.44472e-06 -4.09988e-07 1
bt 0.961987 -0.273096 0
t 1.16443e-06 -2.59516e-07 1
bt 0.976147 -0.217112 0
t 1.29444e-06 -2.88493e-07 1
bt 0.976147 -0.217112 0
t -3.3538e-08 0 1
bt -0.999981 -0.00609989 0
t 0 0 1
bt -0.999981 -0.00609989 0
t -3.3538e-08 0 1
bt -0.999981 -0.00609989 0
t -3.3538e-08 0 1
bt -0.999981 -0.00609989 0
t 0 0 1
bt 0.962667 0.270689 0
t 0 0 1
bt 0.962667 0.270689 0
t 0 0 1
bt 0.9346 0.3557 0
t 0 0 1
bt 0.9346 0.3557 0
t 2.39941e-06 2.96636e-07 1
bt 0.992443 0.122707 0
t 7.21387e-06 8.91841e-07 1
bt 0.992443 0.122707 0
t 4.87207e-06 -2.19247e-08 1
bt 0.99999 -0.0045004 0
t 0 0 1
bt 0.99999 -0.0045004 0
t 2.80928e-07 -3.26742e-08 1
bt 0.993296 -0.1156 0
t 8.42201e-07 -9.79545e-08 1
bt 0.993296 -0.1156 0
t 2.66541e-08 0 1
bt 0.999998 -0.0019 -5.52469e-07
t 0 0 1
bt 0.999998 -0.0019 -5.51397e-07
t 2.66541e-08 0 1
bt 0.999998 -0.0019 -5.52469e-07
t 2.66541e-08 0 1
bt 0.999998 -0.0019 -5.52469e-07
t 0 0 1
bt 0.00979953 -0.999952 6.27878e-07
t 0 0 1
bt 0.00979953 -0.999952 1.8848e-06
t 0 0 1
bt 0.00979953 -0.999952 6.27878e-07
t 0 0 1
bt 0.00979953 -0.999952 6.27878e-07
t 0 0 1
bt -0.99997 -0.00769977 0
t 0 0 1
bt -0.99997 -0.00769977 -1.08597e-06
t 0 0 1
bt -0.99997 -0.00769977 0
t 0 0 1
bt -0.99997 -0.00769977 0
t 0 0 1
bt 0.00769977 0.99997 0
t -1.08007e-07 -1.4026e-05 1
bt 0.00769977 0.99997 0
t 0 0 1
bt 0.00769977 0.99997 0
t 0 0 1
bt 0.00769977 0.99997 0
t -0.999817 0.0191343 0
bt 0.000608355 -1 0
t -1 -0.000280234 0
bt -0.0244699 -0.999701 0
t -1 -0.00098639 0
bt -0.00243354 -0.999997 0
t -0.999998 -0.00200777 0
bt 0.000748005 -1 0
t -0.999999 -0.00133344 0
bt 0.000712203 -1 0
t -0.999999 -0.0013578 0
bt 0.00121691 -0.999999 0
t -1 -0.000373645 0
bt -0.00343327 -0.999994 0
t -1 0.000556647 0
bt -0.0043294 -0.999991 0
t -1 3.75326e-05 0
bt -0.00221146 -0.999997 0
t -1 -0.00019237 0
bt 0.000658318 -1 0
t -0.999997 0.000134741 0.00237043
bt -0.00176457 -0.871565 -0.490276
t -0.999992 -7.11403e-05 0.0040427
bt -0.00240806 -0.882191 -0.470885
t -0.999994 -0.000412695 0.00357863
bt -0.000959976 -0.763863 -0.645377
t -0.999996 0.000329299 0.00271053
bt -0.000901543 -0.745133 -0.666916
t -1 -0.000679641 0
bt 0.00066202 -1 0
t -0.725513 -0.00150672 -0.688207
bt -0.000270797 -0.999996 0.00277551
t -0.739954 -0.000613328 -0.672657
bt -0.000122544 -0.999999 0.00123995
t -0.876716 0.00119549 0.481006
bt 7.23557e-05 -0.999997 0.00235564
t -0.889407 -0.00170742 0.457112
bt 6.17643e-05 -0.999987 0.00502778
t -0.773732 0.00290379 0.633507
bt 0.000704165 -0.999993 0.00368854
t -0.755197 0.000294636 0.655498
bt -7.48025e-05 -0.999998 0.00218357
t -0.999992 0.000206457 0.00402305
bt 0.00160329 -0.707403 -0.706809
t -0.999997 1.13316e-05 0.00247313
bt 0.00215563 -0.690716 -0.723122
t -1 -0.00010987 0.000506698
bt 0.00193379 -0.888797 0.458297
t -1 9.93453e-05 0.000963721
bt -0.00353291 -0.886091 0.463499
t -1 6.66053e-05 0.000855244
bt 0.00172039 -0.768646 0.639672
t -1 -4.45494e-05 0.000423607
bt -0.000336491 -0.774717 0.632308
t -0.719687 -0.00219873 0.694295
bt 0.000787231 -0.999995 0.0031311
t -0.699614 -0.00211806 0.714518
bt -0.000151942 -0.999998 0.00215631
t -1 0.00032667 0.000519159
bt -0.00504567 -0.717271 0.696776
t -1 0.000116946 0.000303544
bt -0.00504931 -0.721595 0.692297
t -0.999997 -0.00225116 0
bt 0.00048723 -1 0

