g sponza_302
t 0.872151 0.407861 0.27019
bt -0.202703 -0.97812 0.0468351
t 0.871889 0.40854 0.270009
bt -0.203128 -0.978039 0.0466689
t 0.874642 0.407855 0.262022
bt 0.00452134 -0.9936 -0.112866
t 0.874642 0.407855 0.262022
bt 0.00452134 -0.9936 -0.112866
t 0.863919 0.406417 0.297438
bt -0.565056 -0.824707 0.0238518
t 0.864112 0.405736 0.297806
bt -0.565033 -0.824723 0.0238701
t 0.843526 0.414857 0.341111
bt -0.677832 -0.734805 0.0246096
t 0.843553 0.414675 0.341267
bt -0.677963 -0.73469 0.0244237
t 0.798025 0.379901 0.467794
bt -0.736759 -0.676141 0.00426223
t 0.797985 0.379683 0.468038
bt -0.736542 -0.676374 0.00483957
t 0.848595 0.368828 0.379279
bt -0.707377 -0.706577 -0.0191453
t 0.848595 0.368828 0.379279
bt -0.707377 -0.706577 -0.0191453
t 0.637088 0.307291 0.706888
bt -0.757983 -0.652272 0.00153639
t 0.637197 0.307439 0.706726
bt -0.75808 -0.652161 0.000964426
t 0.326301 0.275634 0.904187
bt -0.763917 -0.645314 0.000141995
t 0.32749 0.276639 0.90345
bt -0.763917 -0.645314 0
t -0.559665 -0.208323 0.802108
bt -0.758341 -0.651858 0.000583899
t -0.559857 -0.208554 0.801913
bt -0.758325 -0.651877 0.000490658
t -0.32668 -0.275955 0.903952
bt -0.763917 -0.645314 0
t -0.32668 -0.275955 0.903952
bt -0.763917 -0.645314 0
t -0.79007 -0.342165 0.508638
bt -0.739243 -0.673435 0.00240401
t -0.790062 -0.342133 0.508671
bt -0.739287 -0.673386 0.00252427
t -0.848615 -0.36857 0.379485
bt -0.707589 -0.706356 0.0194733
t -0.848601 -0.368747 0.379343
bt -0.707499 -0.70645 0.019335
t -0.865821 -0.399619 0.301098
bt -0.603342 -0.797452 0.00702058
t -0.865795 -0.399712 0.301048
bt -0.603131 -0.797613 0.00684603
t -0.843545 -0.414726 0.341224
bt -0.678009 -0.73465 -0.024358
t -0.843545 -0.414726 0.341224
bt -0.678009 -0.73465 -0.024358
t -0.872647 -0.40657 0.270533
bt -0.343237 -0.939199 0.00968708
t -0.872425 -0.407147 0.27038
bt -0.343361 -0.939153 0.00973845
t -0.874195 -0.408813 0.262021
bt 0.00526222 -0.993617 0.112686
t -0.874637 -0.40784 0.262061
bt 0.00307881 -0.993554 0.113321
t -0.872833 -0.406304 0.270333
bt 0.879601 -0.473402 0.0468276
t -0.87279 -0.406404 0.27032
bt 0.879795 -0.473062 0.0466227
t -0.874637 -0.40784 0.262061
bt 0.758252 -0.642113 -0.11289
t -0.874647 -0.407845 0.262022
bt 0.758243 -0.642113 -0.112952
t -0.866207 -0.401224 0.297834
bt 0.994978 -0.0972021 0.0238663
t -0.866319 -0.40106 0.29773
bt 0.994974 -0.0972401 0.0238914
t -0.8496 -0.390899 0.354087
bt 0.998111 0.0606186 0.00996566
t -0.859909 -0.379637 0.34122
bt 0.998591 0.0470928 0.0244548
t -0.804251 -0.367031 0.467407
bt 0.991491 0.130115 0.00383234
t -0.804955 -0.366627 0.466511
bt 0.991485 0.130168 0.00373531
t -0.827739 -0.413257 0.379562
bt 0.99594 0.087912 -0.0193439
t -0.647405 -0.290394 0.704654
bt 0.986853 0.161615 0.000865603
t -0.647526 -0.290386 0.704547
bt 0.986859 0.161583 0.000992617
t -0.425689 -0.0736062 0.901871
bt 0.985376 0.170396 0.000155232
t -0.422432 -0.073043 0.903447
bt 0.985376 0.170396 0
t 0.521982 0.294794 0.800394
bt 0.986808 0.161895 0.000627387
t 0.521343 0.294798 0.800809
bt 0.986812 0.161869 0.000524425
t 0.42456 0.073411 0.902419
bt 0.985376 0.170396 0
t 0.42456 0.073411 0.902419
bt 0.985376 0.170396 0
t 0.771163 0.384683 0.507274
bt 0.991057 0.133414 0.00241401
t 0.771131 0.3847 0.507311
bt 0.991041 0.133534 0.00263324
t 0.839267 0.40171 0.366413
bt 0.99722 0.0743658 0.00479155
t 0.838932 0.402053 0.366805
bt 0.997233 0.0741942 0.00460714
t 0.862653 0.406415 0.301094
bt 0.998706 -0.0503818 0.00699112
t 0.862704 0.406341 0.301047
bt 0.998693 -0.0506502 0.00681463
t 0.872169 0.407503 0.270673
bt 0.940102 -0.340755 0.00969424
t 0.872083 0.407657 0.270716
bt 0.940168 -0.34057 0.00977065
t 0.87458 0.407989 0.262022
bt 0.757799 -0.642667 0.112779
t 0.874642 0.407855 0.262022
bt 0.759122 -0.641014 0.113294
t 0.631896 0.303852 0.713009
bt 0.126906 -0.990397 -0.0548534
t 0.852861 0.389811 0.347383
bt -0.186877 -0.982381 0.00204653
t 0.840723 0.3804 0.385332
bt -0.454182 -0.890361 0.0312279
t 0.594731 0.302215 0.744958
bt -0.057721 -0.997856 -0.0308623
t 0.344746 0.162867 0.924459
bt 0.203949 -0.978961 0.00635727
t 0.379025 0.175237 0.908643
bt 0.30512 -0.952279 -0.00813712
t 0.389373 0.181531 0.903014
bt 0.418891 -0.907996 -0.00854361
t 0.645822 0.30113 0.701594
bt 0.416544 -0.909092 -0.00654822
t 0.528282 0.278845 0.801975
bt -0.207635 -0.977392 -0.0399016
t 0.810547 0.352246 0.467906
bt -0.611287 -0.791322 0.0117432
t 0.735773 0.334768 0.588701
bt -0.671155 -0.741144 0.016002
t 0.421134 0.25814 0.869489
bt -0.287787 -0.957525 -0.0180338
t 0.209253 0.105175 0.972189
bt 0.0458758 -0.998946 0.00140837
t 0.289535 0.131693 0.948065
bt 0.110504 -0.993871 -0.0030426
t 0.235433 0.123788 0.963975
bt -0.334365 -0.94239 -0.0100647
t 0.494833 0.19668 0.846438
bt -0.702981 -0.711173 0.00708564
t 0.0366269 0.0361133 0.998676
bt -0.71209 -0.702089 0
t 0.012907 0.034621 0.999317
bt -0.349304 -0.937009 0
t 6.62093e-05 0.0087458 0.999962
bt -0.00769977 -0.99997 0
t 0.110866 0.0430681 0.992902
bt 0.00511735 -0.999983 -0.00282752
t -0.251534 -0.176401 0.951637
bt -0.334273 -0.942428 0.00953367
t -0.532146 -0.247405 0.809698
bt -0.70297 -0.711183 -0.00714526
t -0.727613 -0.306012 0.613951
bt -0.673933 -0.738736 -0.00912051
t -0.416682 -0.229067 0.879719
bt -0.289889 -0.956762 0.0238892
t -0.210124 -0.0916883 0.973366
bt 0.0455669 -0.998961 -9.36926e-06
t -0.110694 -0.058536 0.992129
bt 0.00558244 -0.999983 -0.00133155
t -0.528079 -0.290987 0.797784
bt -0.201292 -0.979112 0.0286628
t -0.810131 -0.365641 0.458252
bt -0.602723 -0.797601 -0.0236254
t -0.841977 -0.374814 0.388058
bt -0.48329 -0.875423 -0.00805973
t -0.595537 -0.297254 0.746308
bt -0.0765748 -0.995545 0.0550184
t -0.345607 -0.15928 0.924762
bt 0.199267 -0.979929 0.0055735
t -0.288537 -0.138621 0.947381
bt 0.112641 -0.993629 -0.00370413
t -0.631477 -0.305162 0.71282
bt 0.166708 -0.985924 0.0127111
t -0.85239 -0.391129 0.347057
bt -0.123478 -0.991856 -0.0312192
t -0.853841 -0.398145 0.335315
bt 0.379297 -0.925123 0.0167937
t -0.64581 -0.301137 0.701602
bt 0.398452 -0.916823 0.0259123
t -0.389373 -0.181531 0.903014
bt 0.419177 -0.90787 0.00788518
t -0.378705 -0.176054 0.908619
bt 0.312005 -0.950049 -0.00779685
t -0.638944 -0.288747 0.713005
bt 0.676316 -0.734661 -0.0535661
t -0.846833 -0.402739 0.347383
bt 0.87381 -0.486267 0.000997634
t -0.831785 -0.399527 0.385372
bt 0.974303 -0.223197 0.0302799
t -0.613785 -0.261309 0.744974
bt 0.801501 -0.597194 -0.0308955
t -0.346428 -0.159293 0.924453
bt 0.61883 -0.785499 0.00634888
t -0.378069 -0.177375 0.908626
bt 0.532664 -0.846304 -0.00622931
t -0.551284 -0.227002 0.802842
bt 0.882392 -0.468751 -0.0407005
t -0.790858 -0.394477 0.467901
bt 0.999163 -0.0394722 0.0107276
t -0.727807 -0.349176 0.590232
bt 0.999155 0.0382773 0.0149389
t -0.466504 -0.157869 0.870317
bt 0.918598 -0.394739 -0.0189467
t -0.214581 -0.0931538 0.972254
bt 0.73539 -0.677632 0.00391973
t -0.286039 -0.138231 0.948195
bt 0.690621 -0.723203 -0.00432576
t -0.246403 -0.100672 0.963924
bt 0.936837 -0.34962 -0.0101244
t -0.468763 -0.252653 0.846421
bt 0.99664 0.0816782 0.00610614
t -0.051227 -0.00484517 0.998675
bt 0.995553 0.0941982 0
t -0.0348237 0.0123674 0.999317
bt 0.942323 -0.334706 0
t -0.00674404 0.0055731 0.999962
bt 0.770968 -0.636874 0
t -0.105047 -0.0565718 0.992857
bt 0.762516 -0.646969 0.000461581
t 0.296891 0.0791519 0.951625
bt 0.936765 -0.349847 0.00885251
t 0.53154 0.248634 0.80972
bt 0.996672 0.0810618 -0.00856217
t 0.701153 0.361084 0.614819
bt 0.999115 0.0407935 -0.0102273
t 0.442185 0.172626 0.880155
bt 0.919137 -0.393262 0.0230647
t 0.20584 0.101509 0.973307
bt 0.736366 -0.676578 0.0026114
t 0.117511 0.0458756 0.992011
bt 0.762671 -0.646784 0.0016942
t 0.561271 0.218438 0.798285
bt 0.879396 -0.475237 0.0284908
t 0.800824 0.385573 0.458273
bt 0.998405 -0.0511795 -0.0238563
t 0.828306 0.404087 0.388103
bt 0.98116 -0.193018 -0.00836673
t 0.610521 0.265175 0.746288
bt 0.811867 -0.58124 0.05506
t 0.344213 0.162288 0.924759
bt 0.622581 -0.782536 0.00558458
t 0.29124 0.132422 0.947441
bt 0.688612 -0.725117 -0.00436861
t 0.639681 0.287579 0.712816
bt 0.649716 -0.760031 0.0148897
t 0.847572 0.401476 0.347042
bt 0.837356 -0.545678 -0.0327201
t 0.853841 0.398145 0.335315
bt 0.468298 -0.883383 0.0181937
t 0.378584 0.176513 0.90858
bt 0.527096 -0.849767 -0.00813579
t 0.75375 0.426275 0.500151
bt -0.40834 -0.869505 -0.277883
t 0.745545 0.387372 0.542315
bt -0.338806 -0.938709 -0.0635229
t 0.783698 0.365424 0.502277
bt 0.231243 -0.966023 -0.115442
t 0.75257 0.429225 0.499404
bt -0.0640573 -0.99654 -0.0529591
t 0.700419 0.382312 0.602703
bt -0.472528 -0.879348 -0.0588627
t 0.616308 0.380546 0.689456
bt -0.53079 -0.846826 -0.033887
t 0.406407 0.240105 0.88158
bt -0.562705 -0.826469 -0.0176692
t 0.1343 0.192905 0.971983
bt -0.571386 -0.820681 0.000134222
t -0.442592 -0.310231 0.84135
bt -0.562338 -0.82676 0.0156353
t -0.611284 -0.356249 0.706695
bt -0.531496 -0.846308 0.0357048
t -0.260327 -0.373929 0.890172
bt -0.571375 -0.820689 0
t -0.700087 -0.3914 0.59723
bt -0.467123 -0.88274 0.0506625
t -0.74616 -0.384464 0.543537
bt -0.360447 -0.928963 0.0842996
t -0.752454 -0.429512 0.499332
bt -0.0584629 -0.997072 0.0492872
t -0.783746 -0.365322 0.502277
bt 0.229363 -0.966343 0.11651
t -0.75396 -0.425749 0.500283
bt -0.41045 -0.868071 0.279255
t -0.785449 -0.34838 0.511568
bt 0.837662 -0.538082 -0.093756
t -0.837273 -0.234587 0.493906
bt 0.959322 -0.230305 -0.163281
t -0.78371 -0.365406 0.502273
bt 0.733298 -0.640243 -0.22883
t -0.743094 -0.290803 0.602698
bt 0.977244 -0.204112 -0.0577212
t -0.687676 -0.227456 0.689468
bt 0.989815 -0.138756 -0.0318304
t -0.828556 -0.248329 0.501825
bt 0.95997 -0.118205 -0.253938
t -0.445343 -0.156939 0.881499
bt 0.994809 -0.100268 -0.0173386
t -0.234343 0.0211395 0.971924
bt 0.99596 -0.0897975 0.000122105
t 0.522573 0.139513 0.841102
bt 0.994805 -0.100428 0.0166454
t 0.666197 0.239037 0.706429
bt 0.989975 -0.136362 0.0368165
t 0.453751 -0.0409317 0.890188
bt 0.995958 -0.0898213 0
t 0.749842 0.284662 0.597247
bt 0.976443 -0.209834 0.0502853
t 0.828665 0.24816 0.501728
bt 0.960106 -0.119882 0.252634
t 0.785588 0.348148 0.511512
bt 0.797858 -0.601142 0.0452813
t 0.78371 0.365406 0.502273
bt 0.731826 -0.642387 0.227529
t 0.837324 0.234506 0.493858
bt 0.95912 -0.232355 0.161554
t 0.391874 0.178078 0.90262
bt 0.30317 -0.952934 -0.00224693
t 0.276644 0.126904 0.952556
bt 0.343934 -0.938993 0.000764814
t 0.25101 0.112696 0.961402
bt 0.270377 -0.962738 0.00560454
t 0.357296 0.16015 0.920159
bt 0.194716 -0.980854 0.00336847
t 0.400735 0.187159 0.896874
bt 0.421648 -0.906757 -0.00204304
t 0.284929 0.132872 0.949295
bt 0.422243 -0.906482 -0.00121695
t 0.388634 0.185157 0.902596
bt 0.533616 -0.845726 -0.00148116
t 0.27502 0.130408 0.952553
bt 0.497234 -0.867606 -0.00431415
t 0.352671 0.170333 0.920114
bt 0.626151 -0.779694 -0.00339683
t 0.247683 0.119852 0.961399
bt 0.563733 -0.82594 -0.00525989
t 0.2973 0.141289 0.944272
bt 0.69687 -0.717183 -0.00449302
t 0.203841 0.0998293 0.973901
bt 0.616975 -0.786961 -0.00590573
t 0.21692 0.101155 0.970934
bt 0.743825 -0.668355 -0.00511468
t 0.14596 0.0715012 0.986703
bt 0.655385 -0.755274 -0.00560958
t 0.116922 0.0520458 0.991776
bt 0.771533 -0.636173 -0.00452582
t 0.0767938 0.0366469 0.996373
bt 0.678334 -0.734744 -0.00366599
t 0.00178823 -0.0014351 0.999997
bt 0.779902 -0.625902 -0.000528309
t 0.00087206 -0.000924603 0.999999
bt 0.686103 -0.727504 -3.66531e-05
t -0.113759 -0.0546855 0.992002
bt 0.771597 -0.6361 0.00368514
t -0.0742506 -0.0394099 0.996461
bt 0.678409 -0.734681 0.00246269
t -0.21422 -0.103678 0.971268
bt 0.744058 -0.668105 0.00360619
t -0.144491 -0.0732123 0.986794
bt 0.655616 -0.755086 0.00374343
t -0.25274 -0.189175 0.94886
bt 0.683919 -0.727512 0.054598
t -0.202718 -0.101288 0.973985
bt 0.617286 -0.786728 0.00419822
t -0.351786 -0.171511 0.920234
bt 0.627266 -0.778805 -4.13327e-05
t -0.247254 -0.120493 0.96143
bt 0.56418 -0.825645 0.00336697
t -0.259388 -0.182162 0.948438
bt 0.680568 -0.729668 0.0664193
t -0.388791 -0.184897 0.902582
bt 0.535133 -0.844765 -0.00231133
t -0.27476 -0.130867 0.952565
bt 0.498117 -0.867109 0.00113784
t -0.401039 -0.186505 0.896874
bt 0.423396 -0.905943 -0.00186915
t -0.284929 -0.132872 0.949295
bt 0.423143 -0.906061 -0.00178446
t -0.3917 -0.178586 0.902595
bt 0.305025 -0.952343 -0.00186058
t -0.276694 -0.126771 0.95256
bt 0.34471 -0.938703 -0.00336736
t -0.35725 -0.160346 0.920142
bt 0.194536 -0.980891 -0.00292503
t -0.251022 -0.112654 0.961404
bt 0.270444 -0.962718 -0.00585094
t -0.299428 -0.136269 0.944338
bt 0.102191 -0.994741 -0.00689318
t -0.207567 -0.0917011 0.973913
bt 0.206175 -0.978499 -0.00561728
t -0.216907 -0.101675 0.970883
bt 0.0339092 -0.999411 -0.00528507
t -0.148559 -0.0660809 0.986693
bt 0.157063 -0.987578 -0.00455347
t -0.115023 -0.055045 0.991837
bt -0.00868031 -0.999954 -0.00417969
t -0.0775148 -0.034637 0.996389
bt 0.126707 -0.991937 -0.00237099
t -5.49326e-05 -0.00253609 0.999997
bt -0.0218019 -0.999762 0.000274093
t 0.000191 -0.00163233 0.999999
bt 0.116303 -0.993214 -5.50166e-05
t 0.115014 0.0515187 0.992027
bt -0.0086913 -0.999954 0.00408273
t 0.077875 0.031857 0.996454
bt 0.126761 -0.991929 0.00304747
t 0.21709 0.0982278 0.971197
bt 0.0336854 -0.999423 0.00429834
t 0.149 0.0634064 0.986802
bt 0.156986 -0.987592 0.00406483
t 0.299758 0.133797 0.944586
bt 0.10082 -0.994901 0.0027089
t 0.207968 0.0898802 0.973997
bt 0.205815 -0.978583 0.00399617
t -0.879283 -0.409542 0.243179
bt 0.899187 -0.434801 0.0491034
t -0.879068 -0.409936 0.243292
bt 0.900953 -0.431291 0.0476771
t -0.8808 -0.41071 0.235602
bt 0.785322 -0.609223 -0.11008
t -0.8808 -0.41071 0.235602
bt 0.785322 -0.609223 -0.11008
t -0.873898 -0.405217 0.268516
bt 0.99855 -0.0491963 0.0218355
t -0.874332 -0.404594 0.268041
bt 0.998545 -0.0492881 0.0218879
t -0.869758 -0.38565 0.307888
bt 0.996141 0.0848633 0.0224134
t -0.869484 -0.385972 0.308258
bt 0.996136 0.0849376 0.0223348
t -0.822262 -0.37619 0.427044
bt 0.987007 0.160631 0.00375584
t -0.822215 -0.376218 0.427109
bt 0.987049 0.160361 0.0042462
t -0.842067 -0.416185 0.343095
bt 0.992283 0.122709 -0.0177882
t -0.842067 -0.416185 0.343095
bt 0.992283 0.122709 -0.0177882
t -0.676662 -0.307629 0.668949
bt 0.981975 0.189006 0.0015233
t -0.675678 -0.307695 0.669913
bt 0.981963 0.189067 0.00128488
t -0.464795 -0.0934816 0.88047
bt 0.980365 0.197193 0.000441734
t -0.463225 -0.0931657 0.88133
bt 0.980365 0.197193 0
t 0.554378 0.311211 0.77189
bt 0.981857 0.18962 0.000878002
t 0.553755 0.311285 0.772306
bt 0.98183 0.189759 0.00142336
t 0.464532 0.0934286 0.880614
bt 0.980365 0.197193 0
t 0.464532 0.0934286 0.880614
bt 0.980365 0.197193 0
t 0.791049 0.394074 0.467918
bt 0.9864 0.164334 0.00299583
t 0.790945 0.39413 0.468047
bt 0.986433 0.164145 0.00265198
t 0.851503 0.406192 0.331588
bt 0.993855 0.110582 0.00488619
t 0.851507 0.406188 0.331582
bt 0.993864 0.110506 0.0048049
t 0.8709 0.409735 0.271386
bt 0.999965 -0.00559514 0.0061526
t 0.870973 0.409664 0.27126
bt 0.999965 -0.00591524 0.00594774
t 0.878773 0.410477 0.243447
bt 0.956351 -0.292131 0.00719315
t 0.878511 0.410956 0.243584
bt 0.955962 -0.293413 0.00670149
t 0.880546 0.411254 0.235602
bt 0.789733 -0.603201 0.111666
t 0.8808 0.41071 0.235602
bt 0.788682 -0.604646 0.111287
t 0.878946 0.410276 0.24316
bt -0.248404 -0.967475 0.0478365
t 0.879079 0.409938 0.243252
bt -0.247691 -0.967644 0.0481027
t 0.8808 0.41071 0.235602
bt -0.0452271 -0.992716 -0.111668
t 0.8808 0.41071 0.235602
bt -0.0452271 -0.992716 -0.111668
t 0.872181 0.408881 0.268547
bt -0.60261 -0.797702 0.0230766
t 0.871968 0.409619 0.268112
bt -0.602486 -0.797793 0.0231773
t 0.856703 0.404543 0.320007
bt -0.714546 -0.699533 0.00884205
t 0.856732 0.404348 0.320177
bt -0.71457 -0.699509 0.00880604
t 0.816744 0.38826 0.426829
bt -0.757783 -0.6525 0.00289701
t 0.816709 0.388024 0.427111
bt -0.757802 -0.652479 0.00284555
t 0.671517 0.321889 0.667422
bt -0.776242 -0.630435 0.000240446
t 0.671206 0.321358 0.66799
bt -0.77628 -0.630388 8.61242e-06
t 0.370397 0.295942 0.880468
bt -0.781239 -0.624231 -0.00072443
t 0.369189 0.294978 0.881299
bt -0.781239 -0.624232 0
t -0.595345 -0.225285 0.77124
bt -0.776346 -0.630307 0.000395122
t -0.595038 -0.224803 0.771617
bt -0.776292 -0.630373 6.59325e-05
t -0.370145 -0.295741 0.880642
bt -0.781239 -0.624232 0
t -0.370145 -0.295741 0.880642
bt -0.781239 -0.624232 0
t -0.810606 -0.353881 0.466568
bt -0.759386 -0.650638 0.00152055
t -0.810592 -0.353814 0.466643
bt -0.759269 -0.650775 0.00119698
t -0.858624 -0.390411 0.33218
bt -0.722888 -0.690955 0.00380344
t -0.858617 -0.390468 0.332132
bt -0.723518 -0.690289 0.00477211
t -0.873691 -0.403756 0.271376
bt -0.639176 -0.769031 0.00673012
t -0.873674 -0.403845 0.271298
bt -0.638976 -0.769199 0.00656392
t -0.879317 -0.409329 0.243416
bt -0.390175 -0.920715 0.00684647
t -0.879506 -0.408846 0.243546
bt -0.38941 -0.921041 0.00654136
t -0.880983 -0.410317 0.235601
bt -0.0362473 -0.993298 0.109755
t -0.8808 -0.41071 0.235602
bt -0.0462655 -0.992643 0.111888
t -0.0645327 -0.03008 0.997462
bt 0.42268 -0.906279 -0.00021819
t -0.0625585 -0.0286835 0.997629
bt 0.439342 -0.89832 -7.30047e-05
t -2.40638e-07 3.16953e-07 1
bt 0.422606 -0.906313 6.07807e-07
t -0.0562685 -0.0254725 0.998091
bt 0.454664 -0.890663 -0.000222818
t -0.0459707 -0.0208849 0.998724
bt 0.467795 -0.883837 0.000119932
t -0.033709 -0.0125361 0.999353
bt 0.477759 -0.878491 -0.000939866
t -0.0310672 -0.0173913 0.999366
bt 0.477722 -0.878511 0.000254674
t -0.016159 -0.0088026 0.999831
bt 0.48399 -0.875074 0.000297385
t -0.000139096 0.000250028 1
bt 0.486101 -0.873902 0
t 0.0163323 0.00848854 0.999831
bt 0.483993 -0.875072 -0.000123728
t 0.0310672 0.0173913 0.999366
bt 0.477723 -0.878511 -0.000246567
t 0.0337092 0.0125358 0.999353
bt 0.47776 -0.87849 0.000997533
t 0.0463332 0.0201996 0.998722
bt 0.467831 -0.883817 0.000701128
t 0.0559354 0.0261257 0.998093
bt 0.454602 -0.890694 -0.000905538
t 0.0627283 0.0283362 0.997628
bt 0.439264 -0.898357 -0.0011879
t 0.0645354 0.0300812 0.997462
bt 0.4226 -0.906316 0.000252611
t 0.0623056 0.0292161 0.997629
bt 0.405821 -0.913952 0.000867154
t 0.0559749 0.0260355 0.998093
bt 0.390122 -0.920761 0.00176797
t 0.046068 0.0205084 0.998728
bt 0.376379 -0.926466 9.21335e-05
t 0.0323092 0.0151164 0.999364
bt 0.36581 -0.93069 -0.000580099
t 0.0164316 0.00853109 0.999829
bt 0.359259 -0.933238 0.000291186
t -8.83094e-05 0.000231138 1
bt 0.357002 -0.934104 0
t -0.0166724 -0.00790629 0.99983
bt 0.359256 -0.933239 -0.000125954
t -0.0322569 -0.0152497 0.999363
bt 0.365824 -0.930684 0.000141643
t -0.0460784 -0.0204831 0.998728
bt 0.376344 -0.92648 0.000658099
t -0.0562276 -0.0254399 0.998094
bt 0.390018 -0.920807 8.02214e-05
t -0.0622595 -0.0293198 0.997629
bt 0.405717 -0.913998 0.000776341
t 0.359078 0.170086 0.917678
bt 0.19091 -0.981607 0.000938688
t 0.394496 0.181585 0.900777
bt 0.300075 -0.953895 -0.00631423
t 0.418587 0.192054 0.887637
bt 0.288038 -0.95755 -0.0114836
t 0.381913 0.180246 0.906451
bt 0.174473 -0.984656 0.00333974
t 0.404909 0.18862 0.894691
bt 0.42526 -0.905052 0.00591815
t 0.394863 0.181889 0.900555
bt 0.533728 -0.845647 -0.00397382
t 0.418768 0.193199 0.887304
bt 0.540058 -0.84159 -0.00795966
t 0.429101 0.199766 0.880889
bt 0.427725 -0.903848 0.0104545
t 0.359177 0.16853 0.917927
bt 0.631852 -0.775057 0.00707339
t 0.302391 0.140028 0.942842
bt 0.700006 -0.714136 -0.00113052
t 0.324157 0.148052 0.934346
bt 0.71688 -0.697196 -0.00095608
t 0.381011 0.180205 0.906839
bt 0.647148 -0.762282 0.0112123
t 0.216551 0.105167 0.97059
bt 0.747796 -0.663927 0.00143038
t 0.12015 0.0508368 0.991453
bt 0.77457 -0.632487 0.00145259
t 0.131979 0.0527722 0.989847
bt 0.792831 -0.609442 0.000608435
t 0.228606 0.115492 0.966644
bt 0.76588 -0.64298 0.00212428
t -0.00472822 0.00375821 0.999982
bt 0.782962 -0.62207 -3.64608e-05
t -0.111626 -0.0578932 0.992062
bt 0.774592 -0.632459 -0.00175949
t -0.116032 -0.0652274 0.991101
bt 0.792903 -0.609345 -0.00158575
t -0.00878607 0.0065614 0.99994
bt 0.801282 -0.598287 0
t -0.222563 -0.0994594 0.969832
bt 0.747531 -0.664227 0.000314201
t -0.299264 -0.143578 0.943306
bt 0.701284 -0.712869 -0.00427078
t -0.316857 -0.155765 0.935595
bt 0.718311 -0.695705 -0.00485743
t -0.240064 -0.105347 0.965024
bt 0.76516 -0.643835 0.0024633
t -0.360533 -0.166525 0.917761
bt 0.62822 -0.778026 0.00393975
t -0.394539 -0.182429 0.900588
bt 0.538088 -0.842861 -0.00683706
t -0.417953 -0.194167 0.887476
bt 0.547272 -0.836908 -0.00887953
t -0.383729 -0.176462 0.906429
bt 0.640381 -0.768012 0.00836573
t -0.404828 -0.188793 0.894691
bt 0.419774 -0.907608 0.00620738
t -0.394283 -0.182205 0.900746
bt 0.304864 -0.952387 -0.00418087
t -0.418111 -0.193461 0.887556
bt 0.297573 -0.954666 -0.00789242
t -0.428932 -0.200039 0.880909
bt 0.417475 -0.908628 0.0105037
t -0.359822 -0.167418 0.917877
bt 0.188553 -0.982051 0.00482715
t -0.301335 -0.144722 0.942472
bt 0.0969971 -0.995284 -0.00103351
t -0.321527 -0.155148 0.934103
bt 0.0745882 -0.997203 -0.00475235
t -0.383021 -0.175881 0.906841
bt 0.170103 -0.985406 0.00632667
t -0.219669 -0.098089 0.970631
bt 0.0276465 -0.999615 0.00246893
t -0.116278 -0.0593814 0.99144
bt -0.0132709 -0.999912 0.000707039
t -0.125255 -0.0672236 0.989844
bt -0.0427492 -0.999086 0.000231522
t -0.235419 -0.100537 0.96668
bt 0.000304699 -0.999998 0.00213045
t 0.000162526 0.00604264 0.999982
bt -0.0267015 -0.999643 -5.47272e-05
t 0.116205 0.0484914 0.992041
bt -0.0134309 -0.999908 -0.00208165
t 0.124548 0.0469378 0.991103
bt -0.0429047 -0.999078 -0.0014997
t 0.000621189 0.0109447 0.99994
bt -0.0566995 -0.998391 0
t 0.219361 0.106606 0.969802
bt 0.0283304 -0.999599 0.000506487
t 0.30206 0.139278 0.94306
bt 0.0948172 -0.995479 -0.00553557
t 0.322689 0.145163 0.935307
bt 0.0712633 -0.997447 -0.00463613
t 0.235015 0.116133 0.965029
bt 0.00137843 -0.999995 0.00270227
t 0.796352 0.297086 0.526843
bt 0.0621177 -0.997619 0.0299681
t 0.794069 0.30558 0.525429
bt 0.218427 -0.96674 0.133051
t -0.794196 -0.305114 0.525508
bt 0.220378 -0.966119 -0.134341
t -0.796827 -0.295286 0.527136
bt 0.0606335 -0.997739 -0.028991
t -0.68281 -0.426884 0.592909
bt 0.796808 -0.577952 0.176262
t -0.341534 -0.0917884 0.935377
bt 0.71694 -0.690656 -0.0948256
t -0.36699 -0.0622752 0.928138
bt 0.710236 -0.701645 -0.0570816
t -0.657565 -0.451198 0.603348
bt 0.863397 -0.497012 0.0867484
t 0.660003 0.448912 0.602391
bt 0.86376 -0.496479 -0.0861862
t 0.681499 0.428183 0.59348
bt 0.795288 -0.579493 -0.178059

