g sponza_295
t -0.87464 0.407859 0.262022
bt -0.00451688 -0.9936 -0.112867
t -0.871896 0.408522 0.270014
bt 0.203125 -0.97804 0.0466699
t -0.872152 0.407858 0.270191
bt 0.202716 -0.978117 0.0468299
t -0.87464 0.407859 0.262022
bt -0.00451688 -0.9936 -0.112867
t -0.864113 0.405735 0.297807
bt 0.56504 -0.824718 0.0238644
t -0.863921 0.406408 0.297442
bt 0.565069 -0.824699 0.0238417
t -0.843553 0.414674 0.341268
bt 0.677959 -0.734694 0.024429
t -0.843526 0.414856 0.341112
bt 0.677829 -0.734808 0.0246142
t -0.848595 0.368828 0.379278
bt 0.707379 -0.706575 -0.0191494
t -0.797986 0.379687 0.468034
bt 0.736547 -0.676369 0.00482776
t -0.798025 0.379903 0.467792
bt 0.736762 -0.676139 0.00425662
t -0.848595 0.368828 0.379278
bt 0.707379 -0.706575 -0.0191494
t -0.637191 0.307432 0.706734
bt 0.75808 -0.652161 0.000966102
t -0.63709 0.307294 0.706885
bt 0.757984 -0.652272 0.00153307
t -0.327498 0.276645 0.903445
bt 0.763917 -0.645314 0
t -0.326279 0.275615 0.9042
bt 0.763917 -0.645314 0.000141975
t 0.326669 -0.275945 0.903959
bt 0.763917 -0.645314 0
t 0.559859 -0.208556 0.801912
bt 0.758323 -0.651878 0.00048164
t 0.559658 -0.208315 0.802114
bt 0.758341 -0.651858 0.000584631
t 0.326669 -0.275945 0.903959
bt 0.763917 -0.645314 0
t 0.790063 -0.342135 0.508669
bt 0.739294 -0.673378 0.00254192
t 0.79007 -0.342164 0.508639
bt 0.739241 -0.673437 0.00239937
t 0.848601 -0.368749 0.379342
bt 0.707488 -0.706461 0.0193174
t 0.848615 -0.368568 0.379487
bt 0.707602 -0.706342 0.0194945
t 0.843545 -0.414728 0.341222
bt 0.677995 -0.734662 -0.024378
t 0.865797 -0.399703 0.301052
bt 0.603153 -0.797596 0.00686478
t 0.86582 -0.399619 0.301097
bt 0.603332 -0.797459 0.00701293
t 0.843545 -0.414728 0.341222
bt 0.677995 -0.734662 -0.024378
t 0.872432 -0.40713 0.270384
bt 0.3434 -0.939138 0.00975461
t 0.872653 -0.406554 0.270537
bt 0.343273 -0.939186 0.00970178
t 0.874628 -0.407861 0.262061
bt -0.00314936 -0.993555 0.113304
t 0.874204 -0.408793 0.262021
bt -0.00519623 -0.993615 0.112702
t 0.874628 -0.407861 0.262061
bt -0.758241 -0.642127 -0.112886
t 0.872781 -0.406422 0.270324
bt -0.879788 -0.473073 0.0466279
t 0.872821 -0.406325 0.270339
bt -0.879595 -0.473412 0.046832
t 0.874637 -0.407866 0.262022
bt -0.758232 -0.642127 -0.112948
t 0.86632 -0.401057 0.297729
bt -0.994974 -0.0972394 0.0238909
t 0.866201 -0.401233 0.297839
bt -0.994978 -0.0972027 0.0238667
t 0.859898 -0.37965 0.341234
bt -0.998591 0.0470931 0.0244544
t 0.849597 -0.390902 0.354091
bt -0.998111 0.0606192 0.00996503
t 0.827723 -0.413273 0.37958
bt -0.99594 0.0879136 -0.0193457
t 0.804957 -0.366626 0.466508
bt -0.991485 0.130168 0.00373559
t 0.80424 -0.367037 0.46742
bt -0.991491 0.130115 0.00383151
t 0.647552 -0.290384 0.704524
bt -0.986859 0.161583 0.000994413
t 0.647412 -0.290394 0.704648
bt -0.986853 0.161615 0.000866438
t 0.422395 -0.0730366 0.903465
bt -0.985376 0.170396 0
t 0.42571 -0.07361 0.901861
bt -0.985376 0.170396 0.000155255
t -0.424562 0.0734114 0.902418
bt -0.985376 0.170396 0
t -0.521343 0.294798 0.800809
bt -0.986812 0.161869 0.000524427
t -0.521983 0.294794 0.800394
bt -0.986808 0.161895 0.000627539
t -0.424562 0.0734114 0.902418
bt -0.985376 0.170396 0
t -0.771131 0.384699 0.50731
bt -0.991041 0.133534 0.00263285
t -0.771163 0.384683 0.507274
bt -0.991057 0.133414 0.00241389
t -0.838934 0.402051 0.366803
bt -0.997233 0.074194 0.00460692
t -0.83927 0.401708 0.366411
bt -0.99722 0.0743657 0.00479133
t -0.862716 0.406324 0.301036
bt -0.998693 -0.0506487 0.00681561
t -0.862658 0.406407 0.301089
bt -0.998706 -0.0503798 0.00699247
t -0.872088 0.407647 0.270713
bt -0.940169 -0.340568 0.0097715
t -0.872178 0.407485 0.270668
bt -0.940104 -0.340749 0.00969678
t -0.87464 0.407859 0.262022
bt -0.759106 -0.641034 0.113288
t -0.874584 0.40798 0.262022
bt -0.757802 -0.642664 0.11278
t -0.840724 0.380397 0.385334
bt 0.454198 -0.890354 0.0312157
t -0.852867 0.389794 0.347387
bt 0.186879 -0.982381 0.00204582
t -0.631897 0.303849 0.713009
bt -0.126903 -0.990397 -0.054857
t -0.594731 0.302213 0.744958
bt 0.0577202 -0.997856 -0.0308614
t -0.379023 0.175245 0.908642
bt -0.305114 -0.952281 -0.00815099
t -0.344739 0.162894 0.924457
bt -0.203957 -0.978959 0.00637673
t -0.389352 0.181575 0.903014
bt -0.418892 -0.907996 -0.0085401
t -0.64582 0.301134 0.701594
bt -0.416546 -0.909091 -0.00654557
t -0.735774 0.334773 0.588696
bt 0.671164 -0.741137 0.0159815
t -0.810547 0.352248 0.467905
bt 0.611305 -0.791308 0.011718
t -0.528282 0.27884 0.801976
bt 0.207641 -0.977391 -0.0399123
t -0.421133 0.258137 0.869489
bt 0.287793 -0.957522 -0.0180509
t -0.289536 0.131689 0.948065
bt -0.110503 -0.993871 -0.00304601
t -0.209253 0.105177 0.972189
bt -0.0458758 -0.998946 0.00140836
t -0.0366342 0.0361206 0.998676
bt 0.71209 -0.702089 0
t -0.494843 0.196693 0.846429
bt 0.702981 -0.711173 0.00708865
t -0.235437 0.123801 0.963972
bt 0.334365 -0.94239 -0.0100657
t -0.0129098 0.0346284 0.999317
bt 0.349304 -0.937009 0
t -0.110866 0.0430682 0.992902
bt -0.00511558 -0.999983 -0.00284339
t -6.62035e-05 0.00874601 0.999962
bt 0.00769978 -0.99997 0
t 0.727614 -0.306016 0.613948
bt 0.673941 -0.738729 -0.00909931
t 0.532151 -0.247412 0.809693
bt 0.70297 -0.711184 -0.0071481
t 0.251536 -0.176409 0.951635
bt 0.334273 -0.942428 0.00953703
t 0.416681 -0.229064 0.87972
bt 0.289895 -0.95676 0.0239076
t 0.110694 -0.0585355 0.992129
bt -0.00558086 -0.999984 -0.00131741
t 0.210124 -0.0916915 0.973365
bt -0.0455663 -0.998961 -6.7969e-06
t 0.841978 -0.374811 0.388059
bt 0.483303 -0.875416 -0.00804947
t 0.810131 -0.365642 0.458251
bt 0.602743 -0.797586 -0.0235971
t 0.528079 -0.290984 0.797785
bt 0.2013 -0.97911 0.0286779
t 0.595538 -0.29725 0.746309
bt 0.0765851 -0.995543 0.0550315
t 0.288537 -0.138618 0.947381
bt -0.112639 -0.993629 -0.00369733
t 0.345606 -0.159284 0.924762
bt -0.199266 -0.97993 0.00557517
t 0.853853 -0.398119 0.335315
bt -0.379288 -0.925126 0.0167972
t 0.852398 -0.391109 0.347062
bt 0.123488 -0.991855 -0.0312148
t 0.631482 -0.305146 0.712822
bt -0.166699 -0.985926 0.0127202
t 0.645818 -0.301121 0.701602
bt -0.398449 -0.916824 0.0259154
t 0.378705 -0.176053 0.908619
bt -0.312015 -0.950045 -0.00782127
t 0.389352 -0.181575 0.903014
bt -0.419179 -0.907869 0.00788167
t 0.831797 -0.399511 0.385363
bt -0.974306 -0.223186 0.0302722
t 0.846832 -0.402742 0.347384
bt -0.873802 -0.48628 0.00100467
t 0.638955 -0.288729 0.713002
bt -0.676323 -0.734654 -0.0535762
t 0.613801 -0.261289 0.744967
bt -0.801507 -0.597185 -0.0309095
t 0.378049 -0.177409 0.908628
bt -0.532652 -0.846312 -0.00619606
t 0.346429 -0.159292 0.924453
bt -0.618832 -0.785498 0.00634182
t 0.727815 -0.349172 0.590224
bt -0.999155 0.0382777 0.0149382
t 0.790859 -0.394476 0.4679
bt -0.999163 -0.0394712 0.0107265
t 0.551287 -0.227 0.802841
bt -0.882394 -0.468748 -0.040706
t 0.466509 -0.157866 0.870315
bt -0.918597 -0.39474 -0.0189424
t 0.286038 -0.138232 0.948195
bt -0.690627 -0.723198 -0.0043517
t 0.214574 -0.093161 0.972255
bt -0.735389 -0.677633 0.00392582
t 0.0512416 -0.00484656 0.998674
bt -0.995553 0.0941982 0
t 0.468747 -0.252654 0.846429
bt -0.99664 0.0816781 0.0061068
t 0.246428 -0.100662 0.963919
bt -0.936837 -0.34962 -0.0101223
t 0.0348315 0.0123701 0.999317
bt -0.942323 -0.334706 0
t 0.10506 -0.0565602 0.992856
bt -0.762517 -0.646968 0.000458863
t 0.00674786 0.00557626 0.999962
bt -0.770968 -0.636874 0
t -0.70116 0.361081 0.614813
bt -0.999115 0.0407937 -0.010227
t -0.531561 0.248633 0.809706
bt -0.996672 0.0810621 -0.00856113
t -0.296914 0.0791422 0.951619
bt -0.936765 -0.349847 0.00885039
t -0.442193 0.172621 0.880152
bt -0.919137 -0.393263 0.0230604
t -0.117559 0.0458346 0.992008
bt -0.762671 -0.646784 0.00169586
t -0.20584 0.101509 0.973307
bt -0.736365 -0.676579 0.00260448
t -0.828316 0.404074 0.388095
bt -0.981162 -0.193007 -0.00835854
t -0.800825 0.385572 0.458272
bt -0.998405 -0.0511784 -0.0238551
t -0.561278 0.218432 0.798282
bt -0.879398 -0.475233 0.0284987
t -0.610536 0.265158 0.746282
bt -0.811873 -0.581231 0.0550744
t -0.291203 0.132463 0.947446
bt -0.688614 -0.725115 -0.0043593
t -0.34421 0.162293 0.92476
bt -0.622585 -0.782533 0.00559702
t -0.853853 0.398119 0.335315
bt -0.468312 -0.883376 0.0181993
t -0.847573 0.401475 0.347042
bt -0.83734 -0.545701 -0.032733
t -0.639695 0.287557 0.712812
bt -0.649724 -0.760024 0.0149009
t -0.378561 0.176552 0.908582
bt -0.527088 -0.849771 -0.00815473
t -0.75375 0.426276 0.50015
bt 0.408347 -0.8695 -0.277888
t -0.745545 0.387372 0.542315
bt 0.338825 -0.938701 -0.0635417
t -0.75256 0.429251 0.499398
bt 0.0640123 -0.996545 -0.0529296
t -0.783684 0.365455 0.502277
bt -0.231267 -0.966019 -0.115428
t -0.700419 0.382308 0.602706
bt 0.472528 -0.879348 -0.0588623
t -0.616307 0.380539 0.689461
bt 0.530781 -0.846832 -0.0338633
t -0.406407 0.240105 0.88158
bt 0.562704 -0.826469 -0.0176641
t -0.134301 0.192908 0.971982
bt 0.571386 -0.820681 0.000134186
t 0.442596 -0.31024 0.841344
bt 0.562338 -0.82676 0.0156371
t 0.611284 -0.356251 0.706694
bt 0.531494 -0.84631 0.0357002
t 0.260343 -0.373952 0.890158
bt 0.571375 -0.820689 0
t 0.700087 -0.391395 0.597233
bt 0.467118 -0.882743 0.0506544
t 0.74616 -0.384464 0.543537
bt 0.360454 -0.928959 0.0843062
t 0.752447 -0.42953 0.499327
bt 0.0584257 -0.997076 0.0492627
t 0.783741 -0.365332 0.502277
bt -0.229397 -0.966337 0.116491
t 0.753949 -0.425776 0.500276
bt 0.410421 -0.868091 0.279236
t 0.78544 -0.348394 0.511571
bt -0.837662 -0.538082 -0.0937561
t 0.837268 -0.234595 0.49391
bt -0.959322 -0.230309 -0.163278
t 0.7837 -0.365427 0.502273
bt -0.733266 -0.64029 -0.228802
t 0.743091 -0.290806 0.6027
bt -0.977245 -0.20411 -0.0577232
t 0.68766 -0.227465 0.689481
bt -0.989815 -0.138759 -0.0318253
t 0.828548 -0.248341 0.501832
bt -0.95997 -0.118204 -0.253939
t 0.445357 -0.156936 0.881492
bt -0.994809 -0.100269 -0.0173355
t 0.234362 0.0211412 0.971919
bt -0.99596 -0.0897975 0.000122133
t -0.522577 0.139512 0.8411
bt -0.994805 -0.100429 0.0166434
t -0.666174 0.239049 0.706447
bt -0.989975 -0.136365 0.0368109
t -0.453761 -0.0409326 0.890183
bt -0.995958 -0.0898213 0
t -0.74982 0.284683 0.597266
bt -0.976442 -0.209839 0.0502796
t -0.828656 0.248173 0.501736
bt -0.960106 -0.119881 0.252635
t -0.785583 0.348156 0.511514
bt -0.797863 -0.601135 0.0452869
t -0.7837 0.365427 0.502273
bt -0.731835 -0.642374 0.227537
t -0.837315 0.23452 0.493867
bt -0.95912 -0.232355 0.161554
t -0.251008 0.112704 0.961402
bt -0.270377 -0.962738 0.00560377
t -0.276651 0.126886 0.952557
bt -0.343935 -0.938993 0.000769001
t -0.391874 0.178079 0.90262
bt -0.303166 -0.952935 -0.00225554
t -0.357297 0.160147 0.920159
bt -0.194709 -0.980855 0.00335196
t -0.284938 0.132854 0.949295
bt -0.422243 -0.906482 -0.00121813
t -0.400739 0.187149 0.896874
bt -0.421649 -0.906757 -0.00204137
t -0.27503 0.130391 0.952553
bt -0.497235 -0.867605 -0.0043126
t -0.388627 0.18517 0.902597
bt -0.533619 -0.845724 -0.00147368
t -0.24768 0.119856 0.961399
bt -0.563731 -0.825942 -0.00526738
t -0.352686 0.170313 0.920112
bt -0.626153 -0.779693 -0.0033929
t -0.203841 0.0998297 0.973901
bt -0.616975 -0.78696 -0.00590089
t -0.297287 0.141304 0.944274
bt -0.696868 -0.717185 -0.00450229
t -0.145957 0.0715039 0.986703
bt -0.655386 -0.755274 -0.00560735
t -0.216908 0.101166 0.970936
bt -0.743825 -0.668355 -0.00511431
t -0.0767979 0.0366424 0.996373
bt -0.678334 -0.734744 -0.00366619
t -0.116921 0.0520461 0.991776
bt -0.771533 -0.636173 -0.00452383
t -0.000867894 -0.000920186 0.999999
bt -0.686103 -0.727504 -3.66644e-05
t -0.00179719 -0.00144229 0.999997
bt -0.779902 -0.625902 -0.000528317
t 0.0742603 -0.0393994 0.99646
bt -0.678409 -0.73468 0.00246145
t 0.113766 -0.0546795 0.992002
bt -0.771598 -0.6361 0.00368491
t 0.144501 -0.0732007 0.986793
bt -0.655616 -0.755085 0.00373888
t 0.214203 -0.103693 0.97127
bt -0.744058 -0.668105 0.00360532
t 0.202721 -0.101284 0.973984
bt -0.617286 -0.786727 0.00419585
t 0.252764 -0.18915 0.948859
bt -0.683922 -0.72751 0.054589
t 0.247244 -0.120508 0.96143
bt -0.564181 -0.825644 0.00336483
t 0.351796 -0.171497 0.920233
bt -0.627269 -0.778803 -4.93838e-05
t 0.259415 -0.182135 0.948436
bt -0.680568 -0.729669 0.06642
t 0.274765 -0.13086 0.952565
bt -0.498117 -0.867109 0.00113878
t 0.388766 -0.184938 0.902584
bt -0.535131 -0.844766 -0.00230525
t 0.284938 -0.132854 0.949295
bt -0.423141 -0.906062 -0.00177784
t 0.401037 -0.186509 0.896874
bt -0.423398 -0.905942 -0.0018728
t 0.276699 -0.126757 0.95256
bt -0.344709 -0.938703 -0.00336424
t 0.391705 -0.178571 0.902596
bt -0.30502 -0.952344 -0.00184989
t 0.251024 -0.112649 0.961404
bt -0.270445 -0.962718 -0.00585368
t 0.357252 -0.160337 0.920143
bt -0.194529 -0.980892 -0.00290961
t 0.207567 -0.0917024 0.973913
bt -0.206175 -0.978499 -0.00561896
t 0.299427 -0.136274 0.944337
bt -0.102195 -0.99474 -0.00690574
t 0.148559 -0.0660831 0.986693
bt -0.157063 -0.987578 -0.00455091
t 0.216906 -0.101678 0.970883
bt -0.0339126 -0.999411 -0.00530002
t 0.0775148 -0.0346366 0.996389
bt -0.126707 -0.991937 -0.0023723
t 0.115023 -0.0550448 0.991837
bt 0.00868087 -0.999954 -0.00417493
t -0.000191141 -0.00163354 0.999999
bt -0.116303 -0.993214 -5.49991e-05
t 5.49313e-05 -0.002536 0.999997
bt 0.0218019 -0.999762 0.000274101
t -0.0778746 0.0318599 0.996454
bt -0.126761 -0.991929 0.00304787
t -0.115014 0.0515188 0.992027
bt 0.00869191 -0.999954 0.00407726
t -0.149 0.0634034 0.986802
bt -0.156986 -0.987593 0.0040617
t -0.21709 0.0982307 0.971197
bt -0.0336883 -0.999423 0.00431098
t -0.207968 0.0898792 0.973997
bt -0.205815 -0.978583 0.00399525
t -0.299758 0.133802 0.944586
bt -0.100825 -0.9949 0.00272447
t 0.880799 -0.410713 0.235602
bt -0.785351 -0.609183 -0.110091
t 0.879066 -0.40994 0.243293
bt -0.900967 -0.431262 0.0476656
t 0.879282 -0.409544 0.243179
bt -0.8992 -0.434776 0.049093
t 0.880799 -0.410713 0.235602
bt -0.785351 -0.609183 -0.110091
t 0.874318 -0.404616 0.268055
bt -0.998545 -0.0492912 0.0218899
t 0.873892 -0.405226 0.268522
bt -0.99855 -0.0492001 0.0218379
t 0.8695 -0.385953 0.308236
bt -0.996136 0.084937 0.0223354
t 0.869741 -0.38567 0.307911
bt -0.99614 0.0848636 0.0224131
t 0.842083 -0.416168 0.343075
bt -0.992284 0.122706 -0.0177855
t 0.822229 -0.37621 0.427089
bt -0.98705 0.16036 0.00424913
t 0.822275 -0.376182 0.427026
bt -0.987008 0.160629 0.00375871
t 0.842083 -0.416168 0.343075
bt -0.992284 0.122706 -0.0177855
t 0.67571 -0.307692 0.669881
bt -0.981963 0.189067 0.00128699
t 0.676696 -0.307627 0.668916
bt -0.981975 0.189006 0.00152546
t 0.463206 -0.0931619 0.881341
bt -0.980365 0.197193 0
t 0.464897 -0.093502 0.880414
bt -0.980365 0.197193 0.000441705
t -0.46461 0.0934444 0.880571
bt -0.980365 0.197193 0
t -0.553763 0.311285 0.772301
bt -0.98183 0.189758 0.00142101
t -0.554432 0.311211 0.77185
bt -0.981857 0.18962 0.000877903
t -0.46461 0.0934444 0.880571
bt -0.980365 0.197193 0
t -0.790955 0.394124 0.468034
bt -0.986433 0.164144 0.00264836
t -0.79106 0.394069 0.467904
bt -0.986401 0.164332 0.00299238
t -0.851522 0.406172 0.331564
bt -0.993864 0.110503 0.00480265
t -0.851518 0.406176 0.331569
bt -0.993855 0.11058 0.00488373
t -0.870975 0.409661 0.271258
bt -0.999965 -0.00591432 0.00594833
t -0.870907 0.409725 0.27138
bt -0.999965 -0.0055966 0.00615166
t -0.878519 0.410943 0.24358
bt -0.95597 -0.293389 0.00671067
t -0.878776 0.410472 0.243445
bt -0.956357 -0.292114 0.00719982
t -0.880799 0.410713 0.235602
bt -0.78868 -0.604647 0.111287
t -0.880553 0.411241 0.235602
bt -0.789769 -0.603152 0.111679
t -0.880799 0.410713 0.235602
bt 0.0452239 -0.992716 -0.111667
t -0.879074 0.409951 0.243248
bt 0.247722 -0.967637 0.0480913
t -0.878944 0.410282 0.243159
bt 0.24841 -0.967473 0.0478346
t -0.880799 0.410713 0.235602
bt 0.0452239 -0.992716 -0.111667
t -0.871968 0.409618 0.268112
bt 0.602494 -0.797787 0.0231716
t -0.872179 0.408886 0.268544
bt 0.60262 -0.797695 0.0230685
t -0.856733 0.404343 0.320181
bt 0.714573 -0.699506 0.00880136
t -0.856703 0.404541 0.320009
bt 0.714547 -0.699532 0.00884009
t -0.816709 0.388019 0.427117
bt 0.757799 -0.652482 0.002854
t -0.816744 0.388258 0.426831
bt 0.757783 -0.6525 0.00289667
t -0.671217 0.321372 0.667973
bt 0.776281 -0.630387 2.81213e-06
t -0.671513 0.321884 0.667428
bt 0.776242 -0.630435 0.000241035
t -0.369194 0.294981 0.881295
bt 0.781239 -0.624232 0
t -0.370424 0.295964 0.880449
bt 0.781239 -0.624231 -0.000724405
t 0.370168 -0.295759 0.880626
bt 0.781239 -0.624232 0
t 0.59504 -0.224807 0.771614
bt 0.776293 -0.630372 7.26511e-05
t 0.595353 -0.225295 0.77123
bt 0.776347 -0.630306 0.000399756
t 0.370168 -0.295759 0.880626
bt 0.781239 -0.624232 0
t 0.810592 -0.353813 0.466644
bt 0.759265 -0.650781 0.0011844
t 0.810606 -0.353878 0.466571
bt 0.759388 -0.650636 0.00152547
t 0.858617 -0.390468 0.332131
bt 0.723514 -0.690294 0.00476574
t 0.858624 -0.390412 0.332179
bt 0.722878 -0.690965 0.00378828
t 0.873675 -0.403843 0.271299
bt 0.638978 -0.769197 0.00656593
t 0.873692 -0.403755 0.271376
bt 0.639172 -0.769034 0.00672738
t 0.879501 -0.408857 0.243543
bt 0.3894 -0.921046 0.00653725
t 0.879315 -0.409334 0.243414
bt 0.390198 -0.920705 0.00685573
t 0.880799 -0.410713 0.235602
bt 0.0463185 -0.992639 0.1119
t 0.880977 -0.410331 0.235601
bt 0.0362313 -0.993299 0.109751
t 0.0645281 -0.03009 0.997462
bt -0.42268 -0.906279 -0.000221696
t 4.7385e-07 8.1687e-07 1
bt -0.422606 -0.906313 6.1214e-07
t 0.0625557 -0.0286892 0.997629
bt -0.439343 -0.89832 -7.74273e-05
t 0.0562731 -0.0254634 0.998091
bt -0.454664 -0.890663 -0.000220688
t 0.0459795 -0.0208683 0.998724
bt -0.467795 -0.883837 0.000123372
t 0.0337135 -0.012528 0.999353
bt -0.477759 -0.878491 -0.000938129
t 0.0310538 -0.0174159 0.999366
bt -0.477722 -0.878511 0.000255027
t 0.0161482 -0.00882196 0.999831
bt -0.48399 -0.875074 0.000297624
t 0.000137542 0.000247233 1
bt -0.486101 -0.873902 0
t -0.0163246 0.0085024 0.999831
bt -0.483993 -0.875072 -0.000124021
t -0.0310538 0.0174159 0.999366
bt -0.477723 -0.878511 -0.000246919
t -0.0337137 0.0125276 0.999353
bt -0.47776 -0.87849 0.000995796
t -0.0463397 0.0201872 0.998722
bt -0.467831 -0.883817 0.000698173
t -0.0559389 0.0261188 0.998093
bt -0.454602 -0.890694 -0.000907098
t -0.0627201 0.0283529 0.997628
bt -0.439264 -0.898357 -0.00118434
t -0.0645308 0.0300912 0.997462
bt -0.4226 -0.906316 0.000251087
t -0.0623018 0.0292246 0.997629
bt -0.405821 -0.913952 0.000863894
t -0.0559758 0.0260334 0.998093
bt -0.390122 -0.920761 0.00176854
t -0.0460703 0.0205027 0.998728
bt -0.376379 -0.926466 9.45995e-05
t -0.0323063 0.0151237 0.999364
bt -0.36581 -0.93069 -0.000580015
t -0.0164348 0.00852284 0.999829
bt -0.359259 -0.933238 0.000291758
t 8.84581e-05 0.000231527 1
bt -0.357001 -0.934104 0
t 0.0166738 -0.00790275 0.99983
bt -0.359256 -0.933239 -0.000126464
t 0.032258 -0.0152468 0.999363
bt -0.365824 -0.930684 0.000140984
t 0.0460759 -0.0204893 0.998728
bt -0.376344 -0.92648 0.000657213
t 0.0562319 -0.0254298 0.998094
bt -0.390018 -0.920807 7.74712e-05
t 0.0622563 -0.0293271 0.997629
bt -0.405717 -0.913998 0.000778899
t -0.418587 0.192055 0.887637
bt -0.288028 -0.957553 -0.011504
t -0.394482 0.181627 0.900775
bt -0.300091 -0.95389 -0.00627944
t -0.359085 0.170057 0.917681
bt -0.1909 -0.981609 0.000913852
t -0.381922 0.180206 0.906455
bt -0.174452 -0.98466 0.00329142
t -0.418742 0.193241 0.887306
bt -0.540046 -0.841597 -0.00798604
t -0.394829 0.181945 0.900559
bt -0.533722 -0.84565 -0.00398753
t -0.404911 0.188616 0.894691
bt -0.425257 -0.905053 0.00591165
t -0.429101 0.199767 0.880889
bt -0.42772 -0.903851 0.0104441
t -0.324148 0.148061 0.934348
bt -0.716883 -0.697193 -0.00094508
t -0.302447 0.139968 0.942834
bt -0.700012 -0.714131 -0.00110824
t -0.359153 0.168562 0.91793
bt -0.631849 -0.775059 0.00706465
t -0.380965 0.180265 0.906846
bt -0.647142 -0.762287 0.011195
t -0.132032 0.0527307 0.989842
bt -0.792832 -0.60944 0.000629542
t -0.120171 0.0508199 0.991452
bt -0.774571 -0.632486 0.0014617
t -0.216583 0.105137 0.970586
bt -0.747798 -0.663924 0.00144789
t -0.228677 0.11543 0.966635
bt -0.765885 -0.642974 0.00215988
t 0.116019 -0.0652376 0.991102
bt -0.792903 -0.609345 -0.00158555
t 0.111615 -0.0579024 0.992063
bt -0.774592 -0.632459 -0.00175769
t 0.0047357 0.00376416 0.999982
bt -0.782962 -0.62207 -3.64717e-05
t 0.00877596 0.00655385 0.99994
bt -0.801282 -0.598287 0
t 0.316889 -0.155732 0.93559
bt -0.718314 -0.695702 -0.00486755
t 0.299308 -0.14353 0.943299
bt -0.701291 -0.712862 -0.00429927
t 0.222567 -0.0994561 0.969831
bt -0.747531 -0.664227 0.000317725
t 0.240059 -0.105351 0.965025
bt -0.765159 -0.643836 0.00247055
t 0.417978 -0.194125 0.887474
bt -0.547279 -0.836903 -0.00889662
t 0.394534 -0.182437 0.900589
bt -0.538083 -0.842864 -0.00682535
t 0.360579 -0.166465 0.917754
bt -0.628227 -0.77802 0.00391966
t 0.383802 -0.176367 0.906417
bt -0.640393 -0.768003 0.00833314
t 0.418098 -0.193497 0.887554
bt -0.297591 -0.95466 -0.00792963
t 0.394259 -0.182273 0.900742
bt -0.304872 -0.952384 -0.00420062
t 0.40483 -0.18879 0.894691
bt -0.419777 -0.907606 0.00619972
t 0.428933 -0.200039 0.880909
bt -0.417482 -0.908625 0.0104894
t 0.321525 -0.15517 0.934101
bt -0.0745986 -0.997202 -0.00478194
t 0.301336 -0.144709 0.942473
bt -0.0969942 -0.995284 -0.00102479
t 0.359812 -0.167463 0.917873
bt -0.18857 -0.982048 0.00478565
t 0.383003 -0.175964 0.906833
bt -0.170141 -0.9854 0.00624008
t 0.125255 -0.0672221 0.989845
bt 0.0427486 -0.999086 0.000226899
t 0.116278 -0.0593814 0.99144
bt 0.013271 -0.999912 0.000708051
t 0.219668 -0.0980926 0.970631
bt -0.02765 -0.999615 0.00245358
t 0.235419 -0.10054 0.96668
bt -0.00031018 -0.999998 0.00210792
t -0.124548 0.0469361 0.991103
bt 0.0429019 -0.999078 -0.00147703
t -0.116205 0.0484913 0.992041
bt 0.0134294 -0.999908 -0.00206813
t -0.000162511 0.00604229 0.999982
bt 0.0267015 -0.999643 -5.47099e-05
t -0.000621155 0.010944 0.99994
bt 0.0566995 -0.998391 0
t -0.322688 0.145173 0.935306
bt -0.0712778 -0.997446 -0.00459534
t -0.30206 0.139277 0.94306
bt -0.0948148 -0.995479 -0.00554279
t -0.21936 0.106611 0.969802
bt -0.0283365 -0.999598 0.000533136
t -0.235015 0.116137 0.965029
bt -0.0013889 -0.999995 0.00274526
t -0.796354 0.297078 0.526844
bt -0.0620861 -0.997621 0.0299474
t -0.794066 0.305589 0.525427
bt -0.218451 -0.966733 0.133067
t 0.794199 -0.305103 0.525509
bt -0.220393 -0.966114 -0.134351
t 0.796831 -0.295271 0.527138
bt -0.0605911 -0.997742 -0.0289631
t 0.68275 -0.426944 0.592935
bt -0.796767 -0.577993 0.176311
t 0.341511 -0.0918148 0.935383
bt -0.716938 -0.690659 -0.0948159
t 0.366972 -0.062297 0.928144
bt -0.710234 -0.701649 -0.0570684
t 0.657589 -0.451175 0.603338
bt -0.863412 -0.49699 0.086725
t -0.659958 0.448954 0.602408
bt -0.863754 -0.496487 -0.0861945
t -0.681544 0.428138 0.59346
bt -0.795282 -0.579499 -0.178066

