g sponza_160
t 0 -0.853323 -0.521383
bt 0 -0.498701 0.866774
t 0 -0.858763 -0.512374
bt 0 -0.513771 0.857928
t 0 -0.855994 -0.516986
bt 0 -0.502752 0.86443
t 0 -0.853323 -0.521383
bt 0 -0.498701 0.866774
t 0 -0.86069 -0.509129
bt 0 -0.51179 0.859111
t 0 -0.860699 -0.509114
bt 0 -0.50967 0.86037
t 0 -0.860987 -0.508628
bt 0 -0.511639 0.859201
t 0 -0.860661 -0.509178
bt 0 -0.51048 0.85989
t 0 -0.858233 -0.51326
bt 0 -0.508253 0.861208
t 0 -0.858233 -0.51326
bt 0 -0.508253 0.861208
t 0 -0.859598 -0.51097
bt 0 -0.510956 0.859607
t 0 -0.859632 -0.510914
bt 0 -0.510776 0.859714
t 0 -0.858686 -0.512502
bt 0 -0.509536 0.860449
t 0 -0.858686 -0.512502
bt 0 -0.509536 0.860449
t 0.999998 0.00188161 8.92806e-05
bt 0 0.998876 0.0473958
t 0.999998 0.00182684 0.000933938
bt -0.00483257 0.89038 0.455192
t 0.999999 0.00111315 0.000569083
bt -0.00188085 0.890389 0.455196
t 0.999998 0.00188161 8.92806e-05
bt 0 0.998876 0.0473958
t 1 0 0
bt -0.00548423 0.758291 0.651893
t 1 0 0
bt -0.00548423 0.758291 0.651893
t 1 0 0
bt 0 -0.843707 -0.536804
t 0.999998 -0.00187946 -0.0011958
bt 0 -0.843707 -0.536804
t 1 0 0
bt 0 -0.654477 -0.756082
t 1 0 0
bt -0.00236452 -0.654475 -0.75608
t 1 0 0
bt 0 0.621734 -0.783229
t 0.999998 0.00194626 -0.000767885
bt 0 0.930217 -0.36701
t 1 0.000570977 -0.000225267
bt 0 0.930217 -0.36701
t 1 0 0
bt 0 0.621734 -0.783229
t 1 0 0
bt 0 0.885204 -0.465202
t 0.999998 0.00187251 -0.000984064
bt -0.00159491 0.885203 -0.465202
t 1 0 0
bt 0 0.885204 -0.465202
t 1 0 0
bt 0 0.885204 -0.465202
t 0.999998 -0.00104127 -0.00186685
bt -0.003935 -0.487116 -0.873329
t 1 0 0
bt 0 -0.48712 -0.873335
t 0.999998 -0.00104127 -0.00186685
bt -0.003935 -0.487116 -0.873329
t 0.999998 -0.00104127 -0.00186685
bt -0.003935 -0.487116 -0.873329
t 0 0.139984 0.990154
bt 0 -0.991046 0.133521
t 0 0.143393 0.989666
bt 0 -0.986919 0.161217
t 0 0.139707 0.990193
bt 0 -0.990607 0.136737
t 0 0.139717 0.990192
bt 0 -0.990987 0.133959
t 0 0.138667 0.990339
bt 0 -0.99037 0.138448
t 0 0.138381 0.990379
bt 0 -0.990546 0.137178
t 0 0.138978 0.990295
bt 0 -0.99042 0.13809
t 0 0.139223 0.990261
bt 0 -0.990511 0.137436
t 0 0.139734 0.990189
bt 0 -0.990578 0.136949
t 0 0.139734 0.990189
bt 0 -0.990578 0.136949
t 0 0.138053 0.990425
bt 0 -0.990365 0.138479
t 0 0.138438 0.990371
bt 0 -0.990395 0.138268
t 0 0.13712 0.990555
bt 0 -0.990266 0.13919
t 0 0.136896 0.990585
bt 0 -0.990277 0.139112
t 0.999999 -0.000258059 -0.00120208
bt -0.00231694 -0.209901 -0.97772
t 1 0 0
bt -0.00231694 -0.209901 -0.97772
t 0.999998 0.000360232 -0.00186143
bt 0 0.189999 -0.981784
t 0.999999 0.000234573 -0.00121208
bt 0 0.189999 -0.981784

