g sponza_203
t -1 0 0
bt 0 0 -1
t -1 0 0
bt 0 0 -1
t -1 0 0
bt 0 0 -1
t -1 0 0
bt 0 0 -1
t -1 0 0
bt 0 0 1
t -1 0 0
bt 0 0 1
t -1 0 0
bt 0 0 1
t -1 0 0
bt 0 0 1
t 0 0 1
bt 0 -0.999987 -0.00507363
t 0 -0.000175927 1
bt 0 -0.999994 -0.00338243
t 0 0.00136759 0.999999
bt 0 -0.999997 -0.0024721
t -1 0 0
bt 0 -0.8527 -0.5224
t -1 0 0
bt 0 -0.664233 -0.747525
t -1 0 0
bt 0 -0.664233 -0.747525
t -1 0 0
bt 0 -0.8527 -0.5224
t 0 0 -1
bt 0 -0.999987 -0.00507652
t 0 -0.00136774 -0.999999
bt 0 -0.999997 -0.00247345
t 0 0.000175892 -1
bt 0 -0.999994 -0.00338435
t 0 0 1
bt 0 -1 0.000258894
t 0 0.00182346 0.999998
bt 0 -1 0.000172596
t -1 0 0
bt 0 -1 0
t -1 0 0
bt 0 -1 0
t -1 0 0
bt 0 -1 0
t -1 0 0
bt 0 -1 0
t 0 0 -1
bt 0 -1 0.000259281
t 0 -0.00182366 -0.999998
bt 0 -1 0.000172854
t 0 0.00547036 0.999985
bt 0 -1 0
t -1 0 0
bt 0 -0.418506 -0.908214
t -1 0 0
bt 0 -0.418506 -0.908214
t 0 -0.00547096 -0.999985
bt 0 -1 0

