g sponza_38
t 0 0 1
bt 0.866038 0.499978 0
t 1.18281e-05 0 1
bt 1 0 0
t 3.93849e-06 0 1
bt 1 0 0
t 0 0 1
bt 0.866038 0.499978 0
t 0 0 1
bt 0.500014 0.866017 0
t 0 0 1
bt 0.500014 0.866017 0
t 0 0 1
bt 0 1 0
t 0 0 1
bt 0 1 0
t 0 0 1
bt -0.258808 0.965929 0
t 0 0 1
bt -0.258808 0.965929 0
t 0 0 1
bt 0.500014 0.866017 0
t 0 0 1
bt 0.866017 0.500014 0
t 0 0 1
bt 0.866017 0.500014 0
t 0 0 1
bt 0.500014 0.866017 0
t 0 0 1
bt 1 0 0
t 0 0 1
bt 1 0 0
t 0 0 1
bt 0.965929 -0.258808 0
t 0 0 1
bt 0.965929 -0.258808 0
t 0 0 1
bt 0.866038 -0.499978 0
t 5.90773e-06 -3.41073e-06 1
bt 0.866021 -0.500008 0
t 0 0 1
bt 0.500014 -0.866017 0
t 0 0 1
bt 0.500014 -0.866017 0
t 0 0 1
bt 0 -1 0
t 0 0 1
bt 0 -1 0
t 0 0 1
bt -0.258808 -0.965929 0
t 0 0 1
bt -0.258808 -0.965929 0
t 0 0 1
bt 0.500008 -0.866021 0
t 0 0 1
bt 0 -1 0
t 0 0 1
bt 0 -1 0
t 0 0 1
bt 0.500008 -0.866021 0
t 0 0 1
bt 0.866017 -0.500014 0
t 0 0 1
bt 0.866017 -0.500014 0
t 0 0 1
bt 1 0 0
t 0 0 1
bt 1 0 0
t 0 0 1
bt 0.965929 0.258808 0
t 0 0 1
bt 0.965929 0.258808 0
t 0 0 1
bt 0 1 0
t 0 0 1
bt 0 1 0
t 0 0 1
bt -1 0 0
t 0 0 1
bt -0.866021 0.500008 0
t 0 0 1
bt -0.866021 0.500008 0
t 0 0 1
bt -1 0 0
t 0 0 1
bt -0.500014 0.866017 0
t 0 0 1
bt -0.500014 0.866017 0
t 0 0 1
bt 0 1 0
t 0 0 1
bt 0 1 0
t 0 0 1
bt 0 1 0
t 0 0 1
bt 0.258808 0.965929 0
t 0 0 1
bt 0.258808 0.965929 0
t 0 0 1
bt 0 1 0
t 0 0 1
bt -0.866017 0.500014 0
t 0 0 1
bt -0.500014 0.866017 0
t 0 0 1
bt -0.500014 0.866017 0
t 0 0 1
bt -0.866017 0.500014 0
t 0 0 1
bt -1 0 0
t 0 0 1
bt -1 0 0
t 0 0 1
bt -0.965929 -0.258808 0
t 0 0 1
bt -0.965929 -0.258808 0
t 0 0 1
bt -0.866021 -0.500008 0
t 0 0 1
bt -0.866021 -0.500008 0
t 0 0 1
bt -0.500014 -0.866017 0
t 0 0 1
bt -0.500014 -0.866017 0
t 0 0 1
bt 0 -1 0
t 0 0 1
bt 0 -1 0
t 0 0 1
bt 0.258808 -0.965929 0
t 0 0 1
bt 0.258808 -0.965929 0
t 0 0 1
bt -0.500014 -0.866017 0
t 0 0 1
bt -0.866017 -0.500014 0
t 0 0 1
bt -0.866017 -0.500014 0
t 0 0 1
bt -0.500014 -0.866017 0
t 0 0 1
bt -1 0 0
t 0 0 1
bt -1 0 0
t 0 0 1
bt -0.965929 0.258808 0
t 0 0 1
bt -0.965929 0.258808 0
t -0.817987 -0.575237 0
bt -0.574584 0.818446 0
t -0.817856 -0.575423 0
bt -0.57232 0.820031 0
t -0.81824 -0.574877 0
bt -0.576015 0.817439 0
t -0.81798 -0.575246 0
bt -0.575996 0.817452 0
t -0.817795 -0.57551 0
bt -0.574923 0.818207 0
t -0.818132 -0.575031 0
bt -0.573736 0.81904 0
t -0.81759 -0.575801 0
bt -0.573108 0.81948 0
t -0.817176 -0.576388 0
bt -0.58014 0.814517 0
t -0.816174 -0.577807 0
bt -0.575396 0.817875 0
t -0.817164 -0.576405 0
bt -0.5754 0.817872 0
t -0.817613 -0.575769 0
bt -0.575234 0.817989 0
t -0.817723 -0.575612 0
bt -0.574159 0.818744 0
t -0.81849 -0.574521 0
bt -0.574421 0.81856 0
t -0.818604 -0.574359 0
bt -0.574873 0.818242 0
t -0.819744 -0.57273 0
bt -0.57463 0.818413 0
t -0.81926 -0.573422 0
bt -0.573957 0.818886 0
t -0.818926 -0.5739 0
bt -0.57336 0.819303 0
t -0.819475 -0.573115 0
bt -0.571947 0.820291 0
t -0.817561 -0.575842 0
bt -0.577568 0.816343 0
t -0.818832 -0.574033 0
bt -0.571498 0.820603 0
t -0.817561 -0.575842 0
bt -0.577568 0.816343 0
t -0.817876 -0.575394 0
bt -0.576466 0.817121 0
t -0.818312 -0.574775 0
bt -0.576605 0.817023 0
t -0.818526 -0.574469 0
bt -0.575115 0.818072 0
t -0.817868 -0.575406 0
bt -0.5744 0.818575 0
t -0.817666 -0.575692 0
bt -0.573162 0.819442 0
t -0.817207 -0.576345 0
bt -0.573487 0.819215 0
t -0.821787 -0.569794 0
bt -0.575491 0.817808 0
t -0.821743 -0.569859 0
bt -0.574553 0.818467 0
t -0.819148 -0.573582 0
bt -0.57549 0.817809 0
t -0.817586 -0.575806 0
bt -0.57543 0.817851 0
t -0.82348 -0.567345 0
bt -0.5749 0.818224 0
t -0.818757 -0.574141 0
bt -0.575064 0.818109 0
t -0.818252 -0.57486 0
bt -0.575362 0.817899 0
t -0.817984 -0.575242 0
bt -0.574738 0.818338 0
t -0.818268 -0.574837 0
bt -0.574364 0.8186 0
t -0.819342 -0.573305 0
bt -0.574183 0.818727 0
t -0.819218 -0.573482 0
bt -0.573402 0.819274 0
t -0.819465 -0.57313 0
bt -0.574618 0.818422 0
t -0.819289 -0.573381 0
bt -0.573533 0.819182 0
t -0.818509 -0.574494 0
bt -0.571241 0.820782 0
t -0.819965 -0.572414 0
bt -0.571112 0.820872 0
t -0.816472 -0.577385 0
bt -0.577424 0.816445 0
t -0.818539 -0.574452 0
bt -0.572867 0.819648 0
t -0.816665 -0.577112 0
bt -0.57564 0.817703 0
t -0.817689 -0.57566 0
bt -0.57326 0.819374 0
t -0.817681 -0.575671 0
bt -0.57323 0.819395 0
t -0.816681 -0.577089 0
bt -0.575644 0.817701 0

