g sponza_10
t 1 0 0
bt 0 0 1
t 1 0 0
bt 0 0 1
t 1 0 0
bt 0 0 1
t 1 0 0
bt 0 0 1
t 0.208298 -0.955466 -0.209037
bt -0.693669 -0.0558203 -0.718128
t 0 -1 0
bt -0.707102 0.000390153 -0.707111
t 0 -1 0
bt 0.707102 0 -0.707111
t 0.209078 -0.955466 0.208257
bt 0.693668 0.0558222 -0.718128
t -0.208585 -0.955466 -0.20875
bt -0.718001 -0.0556823 0.693811
t 0 -1 0
bt -0.707111 0 0.707102
t -0.209001 -0.955466 0.208334
bt 0.69344 -0.0566941 0.718281
t 0 -1 0
bt 0.707102 -0.000395091 0.707111
t 0.209078 -0.955466 0.208257
bt 0.693668 0.0558222 -0.718128
t 0 -1 0
bt 0.707102 0 -0.707111
t -0.136141 -0.576187 0.8059
bt 0.886666 0.394461 0.241297
t 0.136552 -0.576332 0.805726
bt 0.886666 -0.394791 -0.240758
t -0.805725 -0.576259 -0.136869
bt -0.24134 0.394786 0.886509
t -0.806171 -0.575885 0.135811
bt 0.24134 -0.394787 0.886509
t 0.136583 -0.576343 -0.805713
bt -0.886666 0.394461 -0.241297
t -0.137326 -0.576605 -0.805399
bt -0.886666 -0.394125 0.241846
t 0.804656 -0.577148 0.139389
bt 0.24134 0.394786 -0.886509
t 0.804319 -0.577426 -0.140179
bt -0.24134 -0.394786 -0.886509
t -0.0632375 -0.236239 0.969635
bt 0.976171 0.211538 0.048394
t 0.0652302 -0.235368 0.969715
bt 0.976351 -0.210809 -0.0479413
t -0.971104 -0.233688 -0.0484416
bt -0.04398 0.213874 0.975871
t -0.971547 -0.232211 0.0466306
bt 0.0437283 -0.213317 0.976004
t 0.0693334 -0.23687 -0.969064
bt -0.976126 0.211764 -0.0483073
t -0.0691764 -0.238196 -0.96875
bt -0.97595 -0.212472 0.0487622
t 0.972465 -0.229751 0.0390793
bt 0.0430444 0.212227 -0.976272
t 0.972322 -0.230549 -0.0379198
bt -0.0432919 -0.212803 -0.976136
t 0.707107 0 -0.707107
bt 0 -1 0
t 0.707107 0 -0.707107
bt 0 -1 0
t 0.923879 0 -0.382684
bt 0 -1 0
t 0.923879 0 -0.382684
bt 0 -1 0
t -0.382697 0 -0.923874
bt 0 -1 0
t -0.382697 0 -0.923874
bt 0 -1 0
t 0 0 -1
bt 0 -1 0
t 0 0 -1
bt 0 -1 0
t -0.707107 0 -0.707107
bt 0 -1 0
t -0.707107 0 -0.707107
bt 0 -1 0
t -0.382697 0 -0.923874
bt 0 -1 0
t -0.382697 0 -0.923874
bt 0 -1 0
t -1 0 0
bt 0 -1 0
t -1 0 0
bt 0 -1 0
t -1 0 0
bt 0 -1 0
t -1 0 0
bt 0 -1 0
t -0.382684 0 0.923879
bt 0 -1 0
t -0.382684 0 0.923879
bt 0 -1 0
t -0.707107 0 0.707107
bt 0 -1 0
t -0.707107 0 0.707107
bt 0 -1 0
t 0.382697 0 0.923874
bt 0 -1 0
t 0.382697 0 0.923874
bt 0 -1 0
t 0.923879 0 0.382684
bt 0 -1 0
t 0.923879 0 0.382684
bt 0 -1 0
t 0.461679 0.0658451 -0.8846
bt -0.526827 -0.549413 -0.648536
t 0.461678 0.0658441 -0.884601
bt -0.739946 -0.598776 -0.30651
t 0.884601 -0.065843 -0.461676
bt -0.306486 -0.598776 -0.739956
t 0.884601 -0.065843 -0.461676
bt -0.116723 -0.586834 -0.80125
t -0.299013 0.065777 -0.951979
bt -0.831089 -0.54944 -0.0860613
t -0.299013 0.0657769 -0.951979
bt -0.739948 -0.598776 0.306504
t -0.884601 0.065843 -0.461676
bt -0.648516 -0.549419 0.526845
t -0.884601 0.0658442 -0.461678
bt -0.306486 -0.598776 0.739956
t -0.95198 0.0657781 0.299012
bt -0.086055 -0.549441 0.831089
t -0.95198 0.0657781 0.299012
bt 0.306498 -0.598776 0.739951
t -0.461679 0.0658455 0.8846
bt 0.526833 -0.549415 0.648529
t -0.461677 0.0658439 0.884601
bt 0.739948 -0.598776 0.306503
t 0.299014 0.0657768 0.951979
bt 0.831089 -0.549441 0.0860548
t 0.299014 0.0657768 0.951979
bt 0.739946 -0.598776 -0.30651
t 0.884602 0.0658427 0.461676
bt 0.648516 -0.549419 -0.526845
t 0.884601 0.0658441 0.461678
bt 0.306498 -0.598776 -0.739951
t 0.884601 -0.065843 -0.461676
bt -0.116723 -0.586834 -0.80125
t 0.884601 -0.065843 -0.461676
bt -0.306486 -0.598776 -0.739956
t 0.388442 0.0219945 -0.921211
bt -0.191503 -0.948908 -0.250798
t 0.393003 0.15532 -0.906325
bt -0.711437 -0.652743 -0.260354
t 0.906168 -0.155045 -0.393473
bt -0.260609 -0.651821 -0.712188
t 0.921211 -0.0219947 -0.388442
bt -0.032727 -0.958063 -0.284684
t -0.376756 0.0220067 -0.926051
bt -0.312767 -0.948903 -0.0419461
t -0.246035 -0.0191358 -0.969072
bt -0.711476 -0.652735 0.260268
t -0.921211 0.021995 -0.388442
bt -0.250801 -0.948908 0.191502
t -0.944273 0.0713715 -0.321333
bt -0.180574 -0.625639 0.758926
t -0.926051 0.0220059 0.376757
bt -0.0419199 -0.948908 0.312757
t -0.967928 -0.0125444 0.250914
bt 0.269159 -0.623197 0.734288
t -0.388442 0.0219942 0.921211
bt 0.191511 -0.948911 0.250781
t -0.410232 0.14444 0.90047
bt 0.739311 -0.616286 0.271313
t 0.376757 0.0220062 0.926051
bt 0.312762 -0.948906 0.0419324
t 0.25223 -0.0105739 0.96761
bt 0.739198 -0.616386 -0.271395
t 0.921211 0.0219945 0.388442
bt 0.250799 -0.948908 -0.191503
t 0.946969 0.0785284 0.311581
bt 0.172374 -0.654673 -0.735996
t 0.921211 -0.0219947 -0.388442
bt -0.032727 -0.958063 -0.284684
t 0.906168 -0.155045 -0.393473
bt -0.260609 -0.651821 -0.712188
t -0.766857 -0.640389 0.0428004
bt -0.0806511 0.125069 0.988865
t -0.766587 -0.640918 -0.0395931
bt 0.0807464 -0.124602 0.988916
t -0.987373 -0.150129 0.0505649
bt -0.102396 0.62971 0.770052
t -0.00239772 -0.64466 -0.764466
bt -0.989107 0.112494 -0.094933
t 0.00704983 -0.644055 -0.764947
bt -0.989048 -0.112806 0.0951818
t 0.798674 -0.598018 0.0670371
bt -0.0612016 -0.139387 -0.988345
t 0.946969 0.0785284 0.311581
bt 0.172374 -0.654673 -0.735996
t 0.797042 -0.602901 -0.0351332
bt 0.0756546 0.12806 -0.988877
t 0.987668 -0.148797 -0.0486884
bt 0.0932669 0.601009 -0.793782
t 0.00208895 -0.614419 0.788977
bt 0.989003 0.11666 0.0909082
t -0.0071808 -0.613869 0.789375
bt 0.989062 -0.116337 -0.0906718
t -0.944273 0.0713715 -0.321333
bt -0.180574 -0.625639 0.758926
t 0.454436 0.0677404 -0.8882
bt -0.70501 -0.646284 -0.292026
t 0.888201 -0.0677382 -0.454434
bt -0.292022 -0.646284 -0.705011
t 0.888201 -0.0677383 -0.454434
bt -0.619061 -0.598498 -0.508492
t 0.454436 0.0677404 -0.8882
bt -0.764548 -0.63468 -0.112466
t -0.306692 0.0676991 -0.949398
bt -0.705011 -0.646284 0.292022
t -0.306692 0.0676986 -0.949398
bt -0.620146 -0.634672 0.461096
t -0.888202 0.0677375 -0.454433
bt -0.292013 -0.646284 0.705015
t -0.888201 0.0677383 -0.454434
bt -0.112448 -0.634677 0.764552
t -0.949398 0.0676992 0.306692
bt 0.292049 -0.646284 0.705
t -0.949398 0.0676998 0.306691
bt 0.461108 -0.63467 0.620139
t -0.454437 0.0677408 0.8882
bt 0.705011 -0.646284 0.292023
t -0.454437 0.0677408 0.8882
bt 0.764548 -0.634679 0.112464
t 0.306692 0.0676991 0.949398
bt 0.705009 -0.646284 -0.292027
t 0.306693 0.0676985 0.949398
bt 0.620151 -0.634673 -0.461089
t 0.888201 0.0677379 0.454434
bt 0.292047 -0.646284 -0.705
t 0.888201 0.0677379 0.454434
bt 0.112482 -0.634682 -0.764544
t 0.888201 -0.0677382 -0.454434
bt -0.292022 -0.646284 -0.705011
t 0.888201 -0.0677383 -0.454434
bt -0.619061 -0.598498 -0.508492
t 0.454436 -0.0677405 -0.8882
bt 0.70501 -0.646284 0.292025
t 0.888201 0.0677383 -0.454434
bt 0.292022 -0.646284 0.705011
t 0.888201 0.0677382 -0.454434
bt 0.619067 -0.598496 0.508487
t 0.454436 -0.0677405 -0.8882
bt 0.764549 -0.634679 0.112463
t -0.306692 -0.0676986 -0.949398
bt 0.705011 -0.646284 -0.292022
t -0.306692 -0.0676991 -0.949398
bt 0.620145 -0.634672 -0.461099
t -0.8882 -0.0677393 -0.454435
bt 0.292012 -0.646284 -0.705015
t -0.888201 -0.0677386 -0.454434
bt 0.112445 -0.634677 -0.764553
t -0.949398 -0.0676982 0.306693
bt -0.292049 -0.646284 -0.705
t -0.949398 -0.0676976 0.306693
bt -0.461111 -0.63467 -0.620138
t -0.454435 -0.0677395 0.8882
bt -0.70501 -0.646284 -0.292023
t -0.454435 -0.0677395 0.8882
bt -0.764549 -0.634679 -0.11246
t 0.306693 -0.0676984 0.949398
bt -0.705009 -0.646284 0.292027
t 0.306692 -0.067699 0.949398
bt -0.620149 -0.634673 0.461092
t 0.888201 -0.0677392 0.454435
bt -0.292048 -0.646284 0.705
t 0.888201 -0.0677392 0.454435
bt -0.112479 -0.634681 0.764545
t 0.888201 0.0677383 -0.454434
bt 0.292022 -0.646284 0.705011
t 0.888201 0.0677382 -0.454434
bt 0.619067 -0.598496 0.508487
t 0.918624 0.0296561 -0.394018
bt 0.165095 -0.921263 0.352162
t 0.394018 -0.0296563 -0.918624
bt 0.362407 -0.921372 0.14048
t -0.370922 -0.0296398 -0.928191
bt 0.355598 -0.921372 -0.156919
t -0.918624 -0.0296563 -0.394018
bt 0.140481 -0.921372 -0.362406
t -0.928191 -0.0296397 0.370922
bt -0.156902 -0.921372 -0.355605
t -0.434936 -0.146408 0.888479
bt -0.358986 -0.921413 -0.148751
t -0.320735 0.146426 0.935782
bt -0.375647 -0.920505 -0.107521
t 0.370922 -0.0296398 0.928191
bt -0.355604 -0.921372 0.156903
t 0.918624 -0.0296562 0.394018
bt -0.14049 -0.921372 0.362403
t 0.918624 0.0296561 -0.394018
bt 0.165095 -0.921263 0.352162
t 0.899637 0.0672289 -0.431433
bt 0.512157 -0.74048 0.435183
t 0.431433 -0.0672289 -0.899637
bt 0.632306 -0.768754 0.095955
t -0.331076 -0.0672349 -0.941206
bt 0.514962 -0.768756 -0.379247
t -0.899637 -0.067229 -0.431433
bt 0.0959524 -0.768753 -0.632306
t -0.941206 -0.0672348 0.331076
bt -0.379244 -0.768756 -0.514964
t -0.434936 -0.146408 0.888479
bt -0.359082 -0.921383 -0.148706
t -0.431433 -0.0672287 0.899637
bt -0.632306 -0.768753 -0.0959524
t -0.320735 0.146426 0.935782
bt -0.359082 -0.921383 -0.148707
t 0.331076 -0.0672455 0.941205
bt -0.515023 -0.768704 0.379271
t 0.899637 -0.0672289 0.431433
bt -0.0959524 -0.768753 0.632306
t 0.899637 0.0672289 -0.431433
bt 0.512157 -0.74048 0.435183
t 0 -1 0
bt 0 0 -1
t 0 -1 0
bt 0 0 -1
t 0 -1 0
bt 0 0 -1
t 0 -1 0
bt 0 0 -1
t 0 -1 0
bt -1 0 0
t 0 -1 0
bt -1 0 0
t 0 -1 0
bt -1 0 0
t 0 -1 0
bt -1 0 0
t 0 -1 0
bt 0 0 1
t 0 -1 0
bt 0 0 1
t 0 -1 0
bt 0 0 1
t 0 -1 0
bt 0 0 1
t 0 -1 0
bt 1 0 0
t 0 -1 0
bt 1 0 0
t 0 -1 0
bt 1 0 0
t 0 -1 0
bt 1 0 0
t 0 -1 0
bt 0 0 -1
t 0 -1 0
bt 0 0 -1
t 0 -1 0
bt 0 0 -1
t 0 -1 0
bt 0 0 -1
t 0 -1 0
bt -1 0 0
t 0 -1 0
bt -1 0 0
t 0 -1 0
bt -1 0 0
t 0 -1 0
bt -1 0 0
t 0 -1 0
bt 0 0 1
t 0 -1 0
bt 0 0 1
t 0 -1 0
bt 0 0 1
t 0 -1 0
bt 0 0 1
t 0 -1 0
bt 1 0 0
t 0 -1 0
bt 1 0 0
t 0 -1 0
bt 1 0 0
t 0 -1 0
bt 1 0 0
t -0.999986 0 -0.00527615
bt 0 0 -1
t -0.707072 0 0.707142
bt 0 0 -1
t -0.999986 0 -0.00527615
bt 0 0 -1
t -0.999986 0 -0.00527615
bt 0 0 -1
t -0.707073 0 0.707141
bt -1 0 0
t 0.707113 0 0.707101
bt -1 0 0
t -0.707073 0 0.707141
bt -1 0 0
t -0.707073 0 0.707141
bt -1 0 0
t 0.707114 0 0.707099
bt 0 0 1
t 0.707147 0 -0.707066
bt 0 0 1
t 0.707114 0 0.707099
bt 0 0 1
t 0.707114 0 0.707099
bt 0 0 1
t 0.707148 0 -0.707065
bt 1 0 0
t 0.0163157 0 -0.999867
bt 1 0 0
t 0.707148 0 -0.707065
bt 1 0 0
t 0.707148 0 -0.707065
bt 1 0 0
t 0.999867 0 0.0162802
bt 0 0 -1
t 0.999846 0 0.0175315
bt 0 0 -1
t 0.999867 0 0.0162802
bt 0 0 -1
t 0.999867 0 0.0162802
bt 0 0 -1
t -0.0163543 0 0.999866
bt 1 0 0
t -0.0176576 0 0.999844
bt 1 0 0
t -0.0163543 0 0.999866
bt 1 0 0
t -0.0163543 0 0.999866
bt 1 0 0
t -0.999866 0 -0.016354
bt 0 0 1
t -0.999845 0 -0.0176195
bt 0 0 1
t -0.999866 0 -0.016354
bt 0 0 1
t -0.999866 0 -0.016354
bt 0 0 1
t 0.0162351 0 -0.999868
bt -1 0 0
t 0.0175409 0 -0.999846
bt -1 0 0
t 0.0162351 0 -0.999868
bt -1 0 0
t 0.0162351 0 -0.999868
bt -1 0 0

