g sponza_334
t -0.996969 0.0013645 -0.0777928
bt -0.137171 0.0660692 0.988342
t -0.996446 -0.00134496 0.0842228
bt 0.105162 0.0660615 0.992258
t -0.99522 0.00971884 0.0971688
bt -0.0584199 -0.797192 0.600892
t -0.995822 -0.00975227 -0.0907908
bt -0.114971 -0.80176 0.586484
t -0.99533 0.00540899 -0.0963824
bt 0.0319443 -0.960828 -0.275299
t -0.994684 -0.00541917 0.102831
bt -0.0417458 -0.960762 -0.274215
t -0.99668 -0.0495138 0.0646344
bt 0.0242972 -0.776978 -0.629059
t -0.995891 0.00990949 -0.090014
bt 0.079175 -0.78002 -0.620726
t -0.99668 -0.0495138 0.0646344
bt -0.0653342 -0.78009 -0.622247
t -0.99612 -0.00771564 0.0876717
bt -0.0695161 -0.418769 -0.905428
t -0.999155 0.0384807 -0.0144416
bt 0.0889641 -0.418866 -0.903679
t -0.999155 0.0384876 -0.0144265
bt 0.0889545 -0.41881 -0.903707
t -0.996454 -0.000459056 0.0841382
bt -0.0642135 -0.0206977 -0.997722
t -0.996976 0.000393321 -0.0777049
bt 0.137905 -0.020678 -0.99023
t -0.995944 -0.0100244 -0.0894099
bt 0.1143 0.759721 -0.640125
t -0.995345 0.0100333 0.0958485
bt -0.014447 0.759624 -0.650202
t -0.994981 0.00857912 0.0996924
bt -0.0960961 0.875673 -0.473247
t -0.995602 -0.00858955 -0.0932934
bt 0.0451586 0.87661 -0.479077
t -0.997306 0.00846612 0.0728653
bt 0.0216046 0.255391 -0.966596
t -0.997756 -0.00842306 -0.0664197
bt 0.155396 0.256788 -0.953893
t -0.996798 -0.00609742 -0.0797308
bt -0.120765 -0.317706 0.940467
t -0.996261 0.00615452 0.0861759
bt 0.117739 -0.317789 0.940823
t -0.995305 -0.0050724 -0.0966599
bt -0.0227397 -0.966273 0.256515
t -0.994661 0.00507171 0.103075
bt 0.0520257 -0.96597 0.253369
t -0.995476 0.00752127 -0.0947117
bt 0.0684018 -0.914814 -0.398041
t -0.994852 -0.007491 0.101065
bt -0.0156896 -0.914878 -0.403425
t -0.995508 0.00779523 -0.0943551
bt 0.0413813 -0.906327 -0.420547
t -0.99488 -0.00778737 0.100761
bt -0.0727792 -0.905947 -0.417089
t -0.99607 -0.0101586 -0.0879844
bt -0.103202 -0.712221 0.694328
t -0.99548 0.0101777 0.0944196
bt 0.0610016 -0.712627 0.698886
t -0.994623 0.00423022 0.10347
bt -0.0300495 -0.975771 0.21672
t -0.995273 -0.00422351 -0.0970264
bt -0.0498471 -0.9767 0.208738
t -0.996657 -0.00781918 -0.0813272
bt -0.127714 -0.421906 0.897599
t -0.996112 0.00780359 0.0877508
bt 0.0897468 -0.422283 0.90201
t -0.996889 -0.00438626 -0.0787016
bt -0.13518 -0.222701 0.965469
t -0.996358 0.00444901 0.0851507
bt 0.100639 -0.222929 0.969626
t -0.995625 -0.00867112 -0.0930359
bt -0.0192822 -0.870914 0.491057
t -0.995003 0.00866387 0.0994726
bt 0.141917 -0.867617 0.476551
t -0.995224 0.00284567 -0.0975784
bt 0.0075986 -0.989961 -0.141136
t -0.994579 -0.00283394 0.103942
bt -0.0386773 -0.989695 -0.13787
t -0.996386 -0.00954204 -0.0844053
bt -0.0801911 -0.574881 0.814298
t -0.998195 0.0476726 0.0365221
bt 0.0854046 -0.574815 0.813815
t -0.995538 0.0101802 0.0938143
bt 0.0297397 -0.68966 0.723522
t -0.996127 -0.0101338 -0.087334
bt -0.123383 -0.689454 0.713744
t -0.99569 0.00910782 -0.0922979
bt 0.0914617 -0.848878 -0.520616
t -0.995079 -0.00910918 0.0986605
bt -0.01608 -0.848902 -0.528306
t -0.99649 0.048614 0.0681567
bt 0.0668474 -0.802257 0.593225
t -0.995827 -0.00976064 -0.0907382
bt -0.103379 -0.801426 0.589092
t -0.995998 0.0101242 -0.0888005
bt 0.0841187 -0.738665 -0.668803
t -0.995412 -0.0101409 0.095145
bt -0.0889449 -0.738699 -0.668141
t -0.995543 -0.00809435 -0.0939603
bt -0.109692 -0.893155 0.436167
t -0.994922 0.00810296 0.10032
bt -0.0475699 -0.891137 0.451233
t -0.997871 -0.0052549 -0.0650108
bt -0.0968528 -0.155753 0.983036
t -0.997436 0.00526797 0.0713658
bt 0.169087 -0.155412 0.973271
t 0.999648 0.00155211 -0.0264949
bt -0.00318528 0.0660005 -0.997814
t 0.982802 -0.00134184 -0.184658
bt -0.165094 0.0659437 -0.984071
t 0.980276 0.00971329 -0.197396
bt -0.00920296 -0.797804 -0.602847
t 0.999877 -0.0108586 -0.0112927
bt -0.00191805 -0.803086 -0.59586
t 0.925511 -0.00130089 -0.378718
bt -0.359872 0.0659712 -0.930666
t 0.92047 0.00970274 -0.390694
bt -0.130479 -0.797845 -0.588573
t 0.830332 -0.00132423 -0.557268
bt -0.539837 0.0660037 -0.839178
t 0.82297 0.00971415 -0.568001
bt -0.246356 -0.797801 -0.550293
t 0.701152 -0.00135888 -0.71301
bt -0.697834 0.0659488 -0.713217
t 0.691783 0.0097338 -0.72204
bt -0.352087 -0.797846 -0.489363
t 0.543282 -0.00134871 -0.839549
bt -0.827109 0.0659129 -0.558163
t 0.532305 0.00970262 -0.846497
bt -0.443501 -0.797852 -0.408337
t 0.36316 -0.00136871 -0.931726
bt -0.922529 0.0659726 -0.380247
t 0.350954 0.0097579 -0.936342
bt -0.516629 -0.797833 -0.310737
t 0.168186 -0.00132502 -0.985754
bt -0.980189 0.0659807 -0.186751
t 0.155315 0.00973438 -0.987817
bt -0.5686 -0.797835 -0.200382
t -0.0336911 -0.00137734 -0.999431
bt -0.997714 0.0660452 0.0142904
t -0.0466999 0.00973707 -0.998861
bt -0.597295 -0.797837 -0.0818212
t -0.234162 -0.00137293 -0.972197
bt -0.974389 0.0660192 0.214958
t -0.246782 0.00971232 -0.969022
bt -0.601527 -0.797849 0.0400419
t -0.425084 -0.00135894 -0.905153
bt -0.911219 0.0660019 0.4066
t -0.436812 0.00973985 -0.8995
bt -0.581184 -0.797813 0.160375
t -0.598575 -0.00134042 -0.801066
bt -0.810694 0.066 0.581738
t -0.608939 0.00973296 -0.793158
bt -0.537055 -0.797801 0.274017
t -0.747572 -0.00134026 -0.664179
bt -0.677088 0.0660582 0.732931
t -0.756123 0.00972638 -0.654357
bt -0.470884 -0.797814 0.376511
t -0.865971 -0.00133375 -0.500092
bt -0.515724 0.0660547 0.854205
t -0.87238 0.00975447 -0.488731
bt -0.385576 -0.797793 0.463527
t -0.948907 -0.00131578 -0.315555
bt -0.333371 0.0660229 0.940481
t -0.952898 0.00974827 -0.303134
bt -0.284474 -0.797797 0.531597
t 0.999877 -0.0108586 -0.0112927
bt -0.00191805 -0.803086 -0.59586
t 0.981691 -0.0110648 0.19016
bt 0.124536 -0.803088 -0.582701
t 0.984603 0.0015923 0.174798
bt 0.116985 0.0657908 -0.990952
t 0.999648 0.00155211 -0.0264949
bt -0.00318528 0.0660005 -0.997814
t 0.922948 -0.00974685 0.384801
bt 0.239365 -0.803065 -0.545702
t 0.927932 0.00131778 0.372746
bt 0.314111 0.0657369 -0.947108
t 0.826609 -0.00973211 0.562692
bt 0.344426 -0.803064 -0.48627
t 0.833907 0.00130596 0.551904
bt 0.498373 0.065773 -0.864464
t 0.696413 -0.00973679 0.717575
bt 0.435351 -0.803033 -0.40695
t 0.705737 0.00136021 0.708473
bt 0.662259 0.0657684 -0.746383
t 0.537741 -0.00971509 0.843054
bt 0.508328 -0.803076 -0.310921
t 0.548688 0.00133002 0.836026
bt 0.798983 0.0657877 -0.597744
t 0.357015 -0.00973185 0.934048
bt 0.560531 -0.803051 -0.202271
t 0.369164 0.00138594 0.929363
bt 0.902951 0.0658466 -0.424669
t 0.161671 -0.0097468 0.986797
bt 0.589803 -0.803032 -0.0852709
t 0.174529 0.00135628 0.984651
bt 0.969942 0.0658708 -0.23425
t -0.0402328 -0.00972281 0.999143
bt 0.594844 -0.803066 0.0352955
t -0.0272316 0.00130439 0.999628
bt 0.997244 0.0658562 -0.0341721
t -0.240539 -0.00971819 0.970591
bt 0.575614 -0.803061 0.154146
t -0.227897 0.00138603 0.973684
bt 0.983708 0.0658448 0.167279
t -0.431033 -0.00975615 0.902283
bt 0.532758 -0.803042 0.267006
t -0.419236 0.00133792 0.907876
bt 0.929919 0.0658379 0.361824
t -0.603795 -0.00972436 0.797081
bt 0.4682 -0.803027 0.368695
t -0.593401 0.00134645 0.804906
bt 0.83801 0.065885 0.541663
t -0.731705 -0.0485763 0.679888
bt 0.389413 -0.802973 0.451211
t -0.743272 0.00134297 0.668988
bt 0.711892 0.0658576 0.699194
t -0.778849 0.0485604 0.625329
bt 0.389413 -0.802974 0.451211
t -0.86919 -0.00971746 0.494383
bt 0.284957 -0.803048 0.523367
t -0.862718 0.00131504 0.505684
bt 0.556634 0.0659073 0.828139
t -0.950907 -0.00970251 0.309326
bt 0.173844 -0.803016 0.570038
t -0.946855 0.00133015 0.321657
bt 0.378564 0.0658788 0.923228
t 0.999987 0.00295236 -0.00407932
bt 0.000886415 -0.960838 0.277111
t 0.979168 -0.00541597 -0.202982
bt 0.0519447 -0.960827 0.272238
t 0.980419 -0.00989929 -0.196677
bt 0.0926827 -0.779618 0.619359
t 0.999923 0.0078921 -0.0095348
bt 0.00203126 -0.78013 0.625614
t 0.918264 -0.0054104 -0.395932
bt 0.105685 -0.960827 0.256206
t 0.920746 -0.00991793 -0.390036
bt 0.215446 -0.779637 0.588004
t 0.819754 -0.00541985 -0.57269
bt 0.155103 -0.96083 0.229673
t 0.823361 -0.00995087 -0.567431
bt 0.329403 -0.779631 0.532607
t 0.687699 -0.00541533 -0.725976
bt 0.198148 -0.960831 0.193753
t 0.692302 -0.00993616 -0.72154
bt 0.42987 -0.77963 0.4554
t 0.527504 -0.00541389 -0.849535
bt 0.233075 -0.960833 0.149919
t 0.532911 -0.00991626 -0.846113
bt 0.512737 -0.779637 0.359538
t 0.345655 -0.00542309 -0.938346
bt 0.258512 -0.960826 0.0999217
t 0.380817 -0.0495341 -0.923323
bt 0.554073 -0.776974 0.298855
t 0.14975 -0.00540998 -0.988709
bt 0.27333 -0.960827 0.0458527
t 0.156047 -0.00992818 -0.9877
bt 0.612976 -0.779628 0.128219
t 0.306215 0.0495117 -0.950674
bt 0.587385 -0.780131 0.215349
t -0.0523514 -0.00541538 -0.998614
bt 0.276969 -0.960826 -0.0101057
t -0.0459902 -0.00995333 -0.998892
bt 0.626229 -0.779636 0.00220754
t -0.252317 -0.0054229 -0.967629
bt 0.26924 -0.960833 -0.0656547
t -0.246086 -0.00991727 -0.969197
bt 0.613849 -0.77964 -0.123899
t -0.441853 -0.00539487 -0.897071
bt 0.250522 -0.960831 -0.118505
t -0.436112 -0.00989734 -0.899838
bt 0.576405 -0.779583 -0.244965
t -0.613427 -0.00541418 -0.789733
bt 0.221537 -0.96083 -0.166514
t -0.582103 -0.0495333 -0.811605
bt 0.546707 -0.776977 -0.31212
t -0.759852 -0.00542081 -0.650074
bt 0.183473 -0.960832 -0.2077
t -0.75566 -0.00995417 -0.654889
bt 0.433107 -0.779581 -0.452407
t -0.644777 0.0495153 -0.762765
bt 0.493481 -0.780132 -0.384539
t -0.875133 -0.00540651 -0.483852
bt 0.137915 -0.96083 -0.240386
t -0.871993 -0.00991233 -0.489418
bt 0.333172 -0.779577 -0.530336
t -0.954618 -0.00540592 -0.297785
bt 0.0867296 -0.96083 -0.263216
t -0.952674 -0.00994567 -0.303832
bt 0.219583 -0.779629 -0.586483
t 0.999923 0.0078921 -0.0095348
bt 0.00203126 -0.78013 0.625614
t 0.98562 0.044234 0.163085
bt -0.123993 -0.780132 0.613204
t 0.980263 0.00165604 0.197689
bt -0.0201377 -0.960239 0.278453
t 0.999987 0.00295236 -0.00407932
bt 0.000886415 -0.960838 0.277111
t 0.970309 -0.0495408 0.23674
bt -0.123993 -0.780132 0.613204
t 0.933879 0.0495471 0.354139
bt -0.244886 -0.780131 0.575696
t 0.920808 0.00540362 0.389979
bt -0.0757613 -0.960239 0.268703
t 0.902776 -0.0494964 0.427253
bt -0.244886 -0.780131 0.575696
t 0.827035 0.00990261 0.562064
bt -0.328425 -0.779705 0.533102
t 0.823425 0.00542148 0.567399
bt -0.128323 -0.960232 0.247966
t 0.696976 0.00989897 0.717026
bt -0.428982 -0.779714 0.456093
t 0.692386 0.00540687 0.721507
bt -0.17563 -0.960238 0.217017
t 0.564208 0.0495359 0.824145
bt -0.529879 -0.780131 0.332602
t 0.532942 0.00542405 0.846134
bt -0.215787 -0.96021 0.177294
t 0.496911 -0.0495082 0.866388
bt -0.529879 -0.780131 0.332602
t 0.357732 0.00990328 0.933772
bt -0.574146 -0.779665 0.249957
t 0.351756 0.00540828 0.936076
bt -0.246949 -0.960241 0.130202
t 0.193531 0.0495154 0.979844
bt -0.618092 -0.780133 0.096722
t 0.156093 0.00541954 0.987727
bt -0.268121 -0.960238 0.0778101
t 0.115019 -0.0495482 0.992127
bt -0.618092 -0.780133 0.096722
t -0.0394913 0.00990577 0.999171
bt -0.626214 -0.779644 0.00329459
t -0.0396368 0.0270554 0.998848
bt -0.279935 -0.95706 0.0753114
t -0.208556 0.049515 0.976756
bt -0.606149 -0.780133 -0.154843
t -0.246081 0.00542604 0.969234
bt -0.277087 -0.960235 -0.0342256
t -0.0552499 -0.0270616 0.998106
bt -0.27682 -0.960831 -0.0131918
t -0.285541 -0.0495369 0.957085
bt -0.606149 -0.780133 -0.154843
t -0.430317 0.00990695 0.902624
bt -0.576694 -0.779711 -0.243876
t -0.436118 0.00541621 0.899873
bt -0.264521 -0.960238 -0.0892837
t -0.6032 0.00991806 0.797528
bt -0.515878 -0.779643 -0.355004
t -0.608318 0.00541235 0.793675
bt -0.241111 -0.960239 -0.140733
t -0.75142 0.00995207 0.65975
bt -0.433837 -0.77965 -0.451588
t -0.755617 0.00540751 0.654991
bt -0.207885 -0.960235 -0.186368
t -0.868828 0.00992021 0.495014
bt -0.334068 -0.779668 -0.529638
t -0.872003 0.00541336 0.48947
bt -0.166093 -0.960238 -0.224403
t -0.950695 0.00994756 0.309967
bt -0.220621 -0.779657 -0.586056
t -0.952676 0.0054061 0.303939
bt -0.11754 -0.960234 -0.25325
t -0.988385 0.0495419 0.143669
bt -0.0652708 -0.78013 -0.622204
t 0.982123 -0.00776869 -0.188081
bt 0.120686 -0.417967 0.90041
t 0.999827 0.00649708 -0.0174256
bt 0.00292012 -0.418916 0.90802
t 0.92415 -0.00776304 -0.38195
bt 0.299494 -0.418007 0.857656
t 0.828369 -0.00772512 -0.56013
bt 0.465999 -0.417967 0.779839
t 0.744383 -0.038473 -0.666644
bt 0.538273 -0.413192 0.73453
t 0.540344 -0.00773509 -0.841409
bt 0.735764 -0.417979 0.532865
t 0.622979 0.0385433 -0.781289
bt 0.660187 -0.41889 0.623446
t 0.380817 -0.0495341 -0.923323
bt 0.587439 -0.780094 0.215335
t 0.359917 -0.00773463 -0.932952
bt 0.827963 -0.418003 0.373832
t 0.306216 0.0495099 -0.950674
bt 0.587439 -0.780094 0.215335
t 0.23015 -0.0384775 -0.972394
bt 0.861425 -0.413183 0.295342
t -0.0371644 -0.00775046 -0.999279
bt 0.908283 -0.418008 0.0170485
t 0.065004 0.0385383 -0.997141
bt 0.898017 -0.418878 0.134564
t -0.237538 -0.00771282 -0.971348
bt 0.893122 -0.418012 -0.166133
t -0.428212 -0.00772352 -0.903645
bt 0.8414 -0.418009 -0.342512
t -0.582103 -0.0495333 -0.811605
bt 0.49351 -0.780099 -0.384569
t -0.601349 -0.00775695 -0.798949
bt 0.755233 -0.417994 -0.50488
t -0.644782 0.0495236 -0.762761
bt 0.49351 -0.780099 -0.384569
t -0.749862 -0.0077342 -0.66155
bt 0.63817 -0.41797 -0.646561
t -0.867672 -0.00773191 -0.497077
bt 0.494951 -0.417985 -0.761782
t -0.949973 -0.00774643 -0.312237
bt 0.33147 -0.418004 -0.845814
t -0.982797 -0.0385287 -0.180625
bt 0.251387 -0.413162 -0.875273
t 0.999827 0.00649708 -0.0174256
bt 0.00292012 -0.418916 0.90802
t 0.982598 0.00586589 0.185653
bt -0.139831 -0.41857 0.897355
t 0.985633 0.044391 0.16296
bt 0.0392652 -0.769429 0.637525
t 0.948975 0.0385482 0.312988
bt -0.355511 -0.418886 0.835552
t 0.933879 0.0495471 0.354139
bt -0.089923 -0.769426 0.632375
t 0.970309 -0.0495414 0.23674
bt -0.124025 -0.780099 0.61324
t 0.883603 -0.0384724 0.466654
bt -0.355511 -0.418886 0.835552
t 0.866555 0.0385334 0.497591
bt -0.516392 -0.418879 0.746914
t 0.902773 -0.0495044 0.427259
bt -0.244954 -0.780096 0.575716
t 0.771595 -0.0384813 0.634949
bt -0.516392 -0.418879 0.746914
t 0.703236 0.00777415 0.710914
bt -0.627425 -0.418526 0.656638
t 0.545754 0.00774309 0.837909
bt -0.746742 -0.418566 0.516893
t 0.564208 0.049536 0.824145
bt -0.435066 -0.769428 0.467653
t 0.427008 0.0385216 0.903427
bt -0.850524 -0.418879 0.31804
t 0.496908 -0.0495115 0.866389
bt -0.529927 -0.780093 0.332614
t 0.270597 -0.0384956 0.961923
bt -0.850524 -0.418879 0.31804
t 0.236385 0.0385396 0.970895
bt -0.897132 -0.418877 0.140346
t 0.193531 0.0495154 0.979844
bt -0.584214 -0.769445 0.258164
t 0.0713999 -0.0384763 0.996705
bt -0.897132 -0.418877 0.140346
t -0.030723 0.0077476 0.999498
bt -0.908194 -0.418543 -0.00230513
t 0.115022 -0.0495449 0.992127
bt -0.618134 -0.780102 0.0966992
t -0.165624 0.0385185 0.985436
bt -0.879767 -0.418885 -0.224824
t -0.208556 0.049515 0.976756
bt -0.638687 -0.769435 0.00692048
t -0.327423 -0.0385034 0.944093
bt -0.879767 -0.418885 -0.224824
t -0.422376 0.00774405 0.906388
bt -0.833658 -0.418589 -0.360276
t -0.285545 -0.0495429 0.957084
bt -0.60617 -0.780102 -0.154918
t -0.540802 0.0385114 0.840268
bt -0.71982 -0.418865 -0.553545
t -0.673179 -0.0384987 0.738477
bt -0.71982 -0.418865 -0.553545
t -0.74556 0.00767701 0.666394
bt -0.624058 -0.418539 -0.659831
t -0.864449 0.00770159 0.502662
bt -0.478455 -0.418573 -0.771931
t -0.923874 0.0384779 0.380757
bt -0.274613 -0.418874 -0.865524
t -0.974378 -0.0385345 0.221591
bt -0.274613 -0.418874 -0.865524
t -0.988385 0.0495419 0.143669
bt -0.228294 -0.769425 -0.596546
t 0.582377 0.0887669 0.808058
bt -0.812475 0.239405 0.531573
t 0.624249 0.123877 0.771341
bt -0.771653 0.226041 0.594523
t 0.461775 0.20109 0.863902
bt -0.89814 0.154808 0.411557
t 0.443063 0.248544 0.861348
bt -0.900663 0.0629979 0.429928
t 0.448024 0.230371 0.863831
bt -0.89921 0.111875 0.422973
t 0.439102 0.256782 0.86096
bt -0.896866 0.0131643 0.442107
t 0.416505 0.25399 0.872933
bt -0.892693 -0.0385398 0.449015
t 0.403462 0.215933 0.889152
bt -0.875647 -0.133219 0.464214
t 0.405205 0.23963 0.882262
bt -0.888361 -0.0896071 0.450318
t 0.30618 -0.0933871 0.947382
bt -0.909383 0.237543 0.341462
t 0.406442 0.183627 0.895034
bt -0.873222 -0.176574 0.454208
t 0.409942 0.143478 0.900756
bt -0.862539 -0.208993 0.460813
t 0.41832 0.0982176 0.902974
bt -0.858505 -0.234781 0.455903
t 0.294889 -0.0382475 0.954766
bt -0.910414 0.25298 0.327334
t 0.402932 -0.0151659 0.915104
bt -0.880105 0.256737 0.399375
t 0.494112 0.0116478 0.869321
bt -0.848687 0.256833 0.462349
t 0.584162 0.0368015 0.810802
bt -0.801899 0.253793 0.540876
t 0.46207 -0.0986723 0.881337
bt -0.88285 -0.234832 0.406731
t 0.468693 -0.143035 0.871704
bt -0.889551 -0.208941 0.406254
t 0.465344 -0.18346 0.865908
bt -0.897472 -0.17383 0.405374
t 0.44313 -1.08447e-05 0.896458
bt -0.863578 -0.257223 0.43367
t 0.460868 -0.216004 0.86078
bt -0.900297 -0.133246 0.41438
t 0.445796 -0.240717 0.862161
bt -0.902106 -0.0868204 0.422689
t 0.421756 -0.256824 0.869577
bt -0.894454 0.0124118 0.446988
t 0.424945 -0.254616 0.868672
bt -0.899546 -0.0379964 0.435171
t 0.428288 -0.249529 0.868507
bt -0.88759 0.0625409 0.456369
t 0.402776 -0.228775 0.886247
bt -0.878009 0.109654 0.465914
t 0.32286 -0.144943 0.935282
bt -0.908033 0.210381 0.362237
t 0.423889 -0.231506 0.875627
bt -0.875592 0.108361 0.470741
t 0.421037 -0.203809 0.883849
bt -0.867391 0.152511 0.473681
t 0.30618 -0.0933871 0.947382
bt -0.909383 0.237543 0.341462
t 0.427668 0.0491611 0.902598
bt -0.854933 -0.250883 0.454035
t 0.457716 -0.0491317 0.88774
bt -0.862119 -0.252842 0.439114
t 0.465956 -0.0976103 0.879407
bt -0.870735 -0.237565 0.430562
t 0.98282 -0.000381194 -0.184568
bt 0.124875 -0.0206646 0.991957
t 0.999811 0.000301936 -0.0194132
bt 0.00322573 -0.0206992 0.999781
t 0.925539 -0.00039513 -0.378652
bt 0.322018 -0.0206276 0.946509
t 0.830375 -0.000409059 -0.557205
bt 0.505961 -0.0206836 0.862309
t 0.744383 -0.038473 -0.666644
bt 0.660233 -0.418847 0.623426
t 0.701214 -0.000464538 -0.712951
bt 0.669185 -0.020656 0.742809
t 0.622971 0.0385478 -0.781295
bt 0.660233 -0.418847 0.623426
t 0.543343 -0.000412275 -0.83951
bt 0.805015 -0.0206342 0.592896
t 0.363241 -0.00046828 -0.931695
bt 0.907874 -0.0206799 0.418733
t 0.23015 -0.0384775 -0.972394
bt 0.898042 -0.418827 0.134554
t 0.168264 -0.000393707 -0.985742
bt 0.97358 -0.0206668 0.227408
t 0.0650018 0.0385393 -0.997141
bt 0.898042 -0.418827 0.134554
t -0.0336071 -0.000403805 -0.999435
bt 0.999428 -0.0206621 0.0267731
t -0.234087 -0.000447694 -0.972216
bt 0.98436 -0.0207162 -0.174946
t -0.425008 -0.000422694 -0.90519
bt 0.928994 -0.0206822 -0.369516
t -0.598509 -0.000358707 -0.801116
bt 0.835603 -0.0206789 -0.548945
t -0.747524 -0.000403441 -0.664235
bt 0.707995 -0.0207147 -0.705914
t -0.865928 -0.00044387 -0.500168
bt 0.551412 -0.0206959 -0.833977
t -0.948883 -0.000461319 -0.315626
bt 0.372248 -0.0206466 -0.927904
t -0.982797 -0.0385287 -0.180625
bt 0.0889544 -0.41881 -0.903707
t 0.999811 0.000301936 -0.0194132
bt 0.00322573 -0.0206992 0.999781
t 0.982857 0.000287128 0.184368
bt -0.158244 -0.020692 0.987183
t 0.927961 0.000398445 0.372677
bt -0.353744 -0.0207294 0.935112
t 0.948974 0.0385482 0.312988
bt -0.160941 -0.410084 0.897736
t 0.833954 0.000404398 0.551834
bt -0.534735 -0.0207587 0.844765
t 0.866555 0.0385335 0.497591
bt -0.338373 -0.410077 0.846959
t 0.883609 -0.0384666 0.466643
bt -0.355454 -0.418841 0.835598
t 0.705804 0.000456955 0.708407
bt -0.693835 -0.0207046 0.719836
t 0.771588 -0.0384862 0.634957
bt -0.516393 -0.418829 0.746941
t 0.548748 0.000462205 0.835988
bt -0.824526 -0.0207349 0.565444
t 0.369238 0.000379167 0.929335
bt -0.921473 -0.0207116 0.38789
t 0.427008 0.0385216 0.903427
bt -0.761545 -0.41008 0.501881
t 0.174617 0.000428918 0.984636
bt -0.980691 -0.0207298 0.194462
t 0.236385 0.0385396 0.970895
bt -0.84699 -0.410071 0.338303
t 0.270583 -0.0385024 0.961927
bt -0.850531 -0.41883 0.318086
t -0.0271448 0.000437834 0.999631
bt -0.999761 -0.0207054 -0.00694417
t 0.0714017 -0.0384755 0.996705
bt -0.897152 -0.418826 0.140369
t -0.22783 0.000386574 0.973701
bt -0.977904 -0.0207202 -0.208026
t -0.165624 0.0385185 0.985436
bt -0.91175 -0.410093 -0.0231632
t -0.419158 0.000465785 0.907913
bt -0.916013 -0.0206869 -0.400615
t -0.327414 -0.0384989 0.944097
bt -0.879796 -0.418839 -0.224795
t -0.59334 0.000411707 0.804952
bt -0.816625 -0.0206638 -0.576798
t -0.540802 0.0385114 0.840268
bt -0.828753 -0.410061 -0.380812
t -0.74322 0.000396339 0.669047
bt -0.683804 -0.0207542 -0.729371
t -0.673179 -0.0384983 0.738477
bt -0.719859 -0.418808 -0.553537
t -0.862684 0.00044096 0.505744
bt -0.522986 -0.0207084 -0.85209
t -0.946827 0.000405586 0.321743
bt -0.340749 -0.0207606 -0.939925
t -0.923874 0.0384779 0.380757
bt -0.462671 -0.410083 -0.785982
t -0.97438 -0.038538 0.221584
bt -0.274604 -0.418822 -0.865552
t 0.999922 -0.00768211 -0.00984124
bt 0.00211325 0.760703 0.649096
t 0.980527 0.0100638 -0.196128
bt 0.0825826 0.759706 0.645002
t 0.979776 0.0085841 -0.199911
bt 0.102461 0.876606 0.470173
t 0.999967 -0.00530401 -0.00610585
bt 0.00156295 0.87661 0.481199
t 0.920979 0.0100353 -0.389484
bt 0.210761 0.759719 0.615148
t 0.919461 0.00860735 -0.393086
bt 0.194996 0.876603 0.439936
t 0.823724 0.0100361 -0.566902
bt 0.330271 0.759705 0.560151
t 0.821536 0.00858396 -0.570092
bt 0.279573 0.876615 0.391644
t 0.69275 0.0100542 -0.721108
bt 0.436241 0.759716 0.48221
t 0.689962 0.00858533 -0.723795
bt 0.352745 0.876613 0.327294
t 0.533427 0.0100233 -0.845787
bt 0.524379 0.759717 0.384521
t 0.530163 0.00857212 -0.847852
bt 0.411334 0.876613 0.249706
t 0.352276 0.0100115 -0.935843
bt 0.591058 0.759713 0.271084
t 0.348649 0.0085701 -0.937214
bt 0.453174 0.876614 0.161804
t 0.156631 0.0100607 -0.987606
bt 0.633533 0.759708 0.146558
t 0.152826 0.00858834 -0.988216
bt 0.476477 0.876613 0.0672264
t -0.0453388 0.0100393 -0.998921
bt 0.650063 0.759711 0.0160548
t -0.0492432 0.00859395 -0.99875
bt 0.480248 0.876613 -0.030199
t -0.245521 0.0100529 -0.969339
bt 0.63998 0.759713 -0.115158
t -0.249248 0.00858693 -0.968402
bt 0.464384 0.876603 -0.126155
t -0.435567 0.0100159 -0.900101
bt 0.603712 0.759714 -0.241591
t -0.43905 0.0085652 -0.898422
bt 0.429517 0.876607 -0.216968
t -0.607879 0.0100616 -0.793966
bt 0.542709 0.759708 -0.358205
t -0.610894 0.00855584 -0.791666
bt 0.377006 0.876606 -0.299047
t -0.755251 0.0100581 -0.655358
bt 0.4595 0.759708 -0.460112
t -0.757797 0.00859816 -0.652433
bt 0.309108 0.876601 -0.368812
t -0.871706 0.0100463 -0.489926
bt 0.357482 0.759708 -0.543186
t -0.873606 0.00858362 -0.486559
bt 0.228583 0.876596 -0.423472
t -0.95248 0.0100385 -0.304437
bt 0.24083 0.759721 -0.604007
t -0.95367 0.00859752 -0.300733
bt 0.13857 0.876609 -0.46082
t 0.999967 -0.00530401 -0.00610585
bt 0.00156295 0.87661 0.481199
t 0.980546 -0.003518 0.19626
bt -0.0540438 0.875831 0.479582
t 0.98123 -0.00657879 0.192729
bt -0.133419 0.760693 0.635252
t 0.999922 -0.00768211 -0.00984124
bt 0.00211325 0.760703 0.649096
t 0.921987 -0.00859198 0.387125
bt -0.149486 0.875843 0.458861
t 0.923465 -0.010048 0.383551
bt -0.258538 0.760696 0.595398
t 0.825211 -0.00856356 0.564759
bt -0.238791 0.875838 0.419388
t 0.827357 -0.010059 0.561587
bt -0.373106 0.760691 0.53117
t 0.694616 -0.00857783 0.719329
bt -0.318348 0.875845 0.362698
t 0.69737 -0.0100668 0.71664
bt -0.472397 0.76069 0.445188
t 0.535627 -0.00857191 0.844411
bt -0.384836 0.875845 0.291199
t 0.538838 -0.0100557 0.842349
bt -0.552339 0.760693 0.340979
t 0.354695 -0.00856272 0.934943
bt -0.435586 0.875843 0.207761
t 0.358299 -0.0100084 0.933553
bt -0.609658 0.760695 0.222845
t 0.159212 -0.00857775 0.987207
bt -0.468501 0.875841 0.115796
t 0.163032 -0.010037 0.98657
bt -0.642029 0.760702 0.0955524
t -0.042752 -0.00857449 0.999049
bt -0.482235 0.875831 0.0192141
t -0.0388933 -0.0100402 0.999193
bt -0.648118 0.760705 -0.0356448
t -0.242979 -0.0085739 0.969994
bt -0.476244 0.875829 -0.0782033
t -0.239233 -0.010025 0.97091
bt -0.627697 0.760688 -0.165378
t -0.433229 -0.00854806 0.901243
bt -0.450718 0.875839 -0.17251
t -0.429776 -0.0100302 0.90288
bt -0.58156 0.760687 -0.288347
t -0.60584 -0.00860075 0.79554
bt -0.406725 0.875838 -0.259773
t -0.602736 -0.0100534 0.797878
bt -0.511611 0.760689 -0.399508
t -0.753561 -0.00859262 0.657322
bt -0.346158 0.875832 -0.336293
t -0.750983 -0.0100123 0.660245
bt -0.420712 0.760701 -0.494303
t -0.870439 -0.00856748 0.492201
bt -0.271413 0.875836 -0.399056
t -0.868523 -0.0100315 0.495548
bt -0.312586 0.760689 -0.568896
t -0.951709 -0.00859011 0.306882
bt -0.185509 0.875839 -0.445526
t -0.950491 -0.0100182 0.310592
bt -0.191696 0.7607 -0.620152
t 0.984812 0.00841619 -0.173422
bt 0.0765271 0.255342 0.963817
t 0.99952 -0.0071979 -0.030142
bt 0.00314996 0.257323 0.96632
t 0.929733 0.00838321 -0.368138
bt 0.268964 0.255373 0.928678
t 0.836597 0.00843763 -0.547753
bt 0.450384 0.255401 0.855526
t 0.752001 0.0251454 -0.658682
bt 0.56538 0.252923 0.785096
t 0.552796 0.00840945 -0.833274
bt 0.751341 0.255403 0.608487
t 0.61458 -0.0251593 -0.788453
bt 0.702702 0.257247 0.66335
t 0.373762 0.00836947 -0.927487
bt 0.858366 0.255348 0.444979
t 0.179396 0.00846054 -0.983741
bt 0.930354 0.255416 0.263067
t -0.0223095 0.00844882 -0.999715
bt 0.964287 0.255372 0.0702527
t -0.223079 0.0084107 -0.974764
bt 0.958661 0.25542 -0.125416
t -0.414706 0.008381 -0.909917
bt 0.913886 0.255349 -0.31561
t -0.537164 0.025149 -0.843103
bt 0.861741 0.252928 -0.439807
t -0.695896 0.025154 -0.717702
bt 0.755454 0.25292 -0.604418
t -0.686268 -0.0251641 -0.726914
bt 0.762231 0.257259 -0.593988
t -0.826117 0.0251533 -0.562936
bt 0.618376 0.252928 -0.744069
t -0.818543 -0.0251484 -0.573894
bt 0.627114 0.257244 -0.735224
t -0.945221 0.00843494 -0.326322
bt 0.400918 0.255345 -0.879809
t -0.917314 -0.0251564 -0.397369
bt 0.466347 0.257254 -0.846369
t 0.99952 -0.0071979 -0.030142
bt 0.00314996 0.257323 0.96632
t 0.984719 -0.00655057 0.174029
bt -0.191608 0.257326 0.947138
t 0.952781 -0.0251614 0.302615
bt -0.378213 0.257265 0.889253
t 0.624249 0.123877 0.771341
bt -0.771653 0.226041 0.594523
t 0.582377 0.0887669 0.808058
bt -0.812475 0.239405 0.531573
t 0.584162 0.0368015 0.810802
bt -0.801899 0.253793 0.540876
t 0.494112 0.0116478 0.869321
bt -0.848687 0.256833 0.462349
t 0.402932 -0.0151659 0.915104
bt -0.880105 0.256737 0.399375
t 0.294889 -0.0382475 0.954766
bt -0.910414 0.25298 0.327334
t 0.30618 -0.0933871 0.947382
bt -0.909383 0.237543 0.341462
t 0.32286 -0.144943 0.935282
bt -0.908033 0.210381 0.362237
t -0.337951 0.0251673 0.940827
bt -0.93629 0.257329 -0.239045
t -0.408846 -0.0084317 0.912565
bt -0.868855 0.257356 -0.422917
t -0.53175 -0.0251569 0.846528
bt -0.766004 0.257255 -0.589116
t -0.681552 0.0251393 0.731337
bt -0.766004 0.257255 -0.589116
t -0.735579 -0.00844688 0.677387
bt -0.631869 0.257315 -0.731116
t -0.856873 -0.00837895 0.515459
bt -0.471746 0.257278 -0.843365
t -0.943091 -0.00842153 0.332427
bt -0.29225 0.257278 -0.921085
t 0.999702 -0.00679692 -0.0234322
bt -0.00310416 -0.3177 -0.948186
t 0.98242 0.00614824 -0.186584
bt -0.166427 -0.317593 -0.933508
t 0.924742 0.00614697 -0.380545
bt -0.350876 -0.317646 -0.880901
t 0.829215 0.00614291 -0.558895
bt -0.521008 -0.317634 -0.79225
t 0.699753 0.00608553 -0.714359
bt -0.669779 -0.317633 -0.671197
t 0.541621 0.00611448 -0.840601
bt -0.791175 -0.317619 -0.522647
t 0.361346 0.00609974 -0.932412
bt -0.880213 -0.317601 -0.35264
t 0.166241 0.00612361 -0.986066
bt -0.933153 -0.317678 -0.168244
t -0.0356313 0.00609933 -0.999346
bt -0.947935 -0.317632 0.0230255
t -0.236093 0.00616172 -0.971711
bt -0.92389 -0.317683 0.21332
t -0.426847 0.00612498 -0.904303
bt -0.862003 -0.317719 0.394976
t -0.600124 0.00608163 -0.799884
bt -0.764897 -0.317663 0.560378
t -0.748871 0.00613883 -0.662687
bt -0.636405 -0.317652 0.702913
t -0.866935 0.00616788 -0.498382
bt -0.481845 -0.317698 0.816635
t -0.949507 0.00610832 -0.313687
bt -0.307593 -0.317758 0.896892
t 0.984269 -0.00742634 0.176517
bt 0.0948298 -0.316294 -0.94391
t 0.999702 -0.00679692 -0.0234322
bt -0.00310416 -0.3177 -0.948186
t 0.927181 -0.0061373 0.374563
bt 0.282893 -0.316346 -0.905482
t 0.832804 -0.00611069 0.553535
bt 0.45931 -0.316361 -0.83003
t 0.704336 -0.00615367 0.70984
bt 0.616979 -0.316293 -0.720622
t 0.547021 -0.00613572 0.837097
bt 0.749438 -0.316298 -0.581635
t 0.367347 -0.00612374 0.930064
bt 0.85116 -0.316316 -0.418893
t 0.17258 -0.00614684 0.984976
bt 0.918046 -0.316395 -0.238926
t -0.029207 -0.00614145 0.999555
bt 0.947363 -0.316339 -0.0493272
t -0.229814 -0.00615163 0.973215
bt 0.937881 -0.316378 0.142421
t -0.420989 -0.00607604 0.907046
bt 0.890015 -0.316394 0.32828
t -0.594962 -0.00612968 0.803731
bt 0.805719 -0.316346 0.500742
t -0.74458 -0.00612898 0.667506
bt 0.688406 -0.316431 0.652663
t -0.863701 -0.00615979 0.503966
bt 0.542939 -0.316394 0.777889
t -0.921252 -0.0305022 0.387769
bt 0.501628 -0.308914 0.808048
t -0.976293 0.0304904 0.214295
bt 0.28681 -0.317718 0.903767
t 0.999967 -0.00649414 -0.00494154
bt -0.000908471 -0.966247 -0.257615
t 0.979128 0.00506324 -0.203183
bt -0.0551664 -0.966246 -0.251647
t 0.918169 0.00506606 -0.396157
bt -0.10463 -0.966251 -0.235396
t 0.819627 0.00506611 -0.572875
bt -0.149822 -0.966246 -0.209577
t 0.687556 0.00506059 -0.726114
bt -0.188939 -0.966247 -0.175125
t 0.527294 0.00507035 -0.849668
bt -0.220309 -0.96625 -0.133511
t 0.345481 0.00506264 -0.938412
bt -0.242701 -0.966248 -0.0863743
t 0.14953 0.00506146 -0.988744
bt -0.255113 -0.96625 -0.0357383
t -0.0525703 0.0050632 -0.998604
bt -0.257079 -0.966254 0.0162324
t -0.252463 0.00505072 -0.967593
bt -0.248462 -0.966271 0.0677312
t -0.442141 0.00507471 -0.896931
bt -0.22977 -0.966274 0.116279
t -0.613566 0.00504671 -0.789628
bt -0.201625 -0.966274 0.160193
t -0.759989 0.00506557 -0.649916
bt -0.165191 -0.966273 0.197556
t -0.875256 0.00506269 -0.483633
bt -0.122068 -0.966277 0.226732
t -0.954686 0.00505599 -0.297571
bt -0.073942 -0.966276 0.246663
t 0.980489 -0.00657423 0.196464
bt 0.00627201 -0.965247 -0.261266
t 0.999967 -0.00649414 -0.00494154
bt -0.000908471 -0.966247 -0.257615
t 0.922535 -0.0252915 0.385083
bt -0.00442185 -0.959974 -0.280053
t 0.82331 -0.00506645 0.567569
bt 0.108835 -0.965247 -0.237597
t 0.917246 0.0253073 0.397517
bt 0.100863 -0.966239 -0.237084
t 0.69222 -0.00506277 0.721669
bt 0.154416 -0.965242 -0.210866
t 0.532772 -0.00506728 0.846244
bt 0.193659 -0.965244 -0.175501
t 0.351585 -0.00504454 0.936142
bt 0.225045 -0.965244 -0.132889
t 0.155953 -0.00505102 0.987752
bt 0.247189 -0.965241 -0.0848902
t -0.0461522 -0.00506729 0.998922
bt 0.259104 -0.965274 -0.033346
t -0.246239 -0.00505933 0.969196
bt 0.260616 -0.965246 0.0194665
t -0.436324 -0.00506364 0.899775
bt 0.251264 -0.965274 0.0715032
t -0.608484 -0.00505583 0.79355
bt 0.231745 -0.96527 0.120613
t -0.755731 -0.00504471 0.654863
bt 0.202718 -0.965271 0.164794
t -0.872145 -0.00507688 0.489222
bt 0.165368 -0.965273 0.202239
t -0.921252 -0.0305022 0.387769
bt 0.286721 -0.317892 0.903734
t -0.952756 -0.00506581 0.303693
bt 0.121235 -0.965271 0.231418
t -0.976295 0.0304932 0.214287
bt 0.286722 -0.317892 0.903734
t 0.999995 -9.17624e-05 -0.00323739
bt 0.0101694 -0.915165 0.402952
t 0.979502 -0.00750829 -0.201293
bt 0.0539542 -0.914819 0.400245
t 0.918924 -0.00750803 -0.394363
bt 0.133421 -0.914811 0.381209
t 0.820734 -0.00751189 -0.571261
bt 0.207426 -0.914811 0.346549
t 0.688978 -0.00748844 -0.724744
bt 0.272932 -0.914817 0.297688
t 0.528979 -0.00749244 -0.848602
bt 0.32726 -0.914819 0.236657
t 0.347277 -0.00751969 -0.937732
bt 0.368227 -0.914816 0.165891
t 0.15143 -0.00751184 -0.988439
bt 0.394081 -0.914814 0.0884056
t -0.0505757 -0.00748231 -0.998692
bt 0.403803 -0.914817 0.00729741
t -0.250624 -0.00750965 -0.968055
bt 0.397014 -0.914811 -0.0741609
t -0.440308 -0.00748525 -0.897816
bt 0.373956 -0.914817 -0.152534
t -0.612015 -0.00748562 -0.790811
bt 0.335601 -0.914812 -0.224702
t -0.758672 -0.00748033 -0.65143
bt 0.283507 -0.914812 -0.287651
t -0.874266 -0.00747507 -0.48539
bt 0.219796 -0.914813 -0.338831
t -0.954078 -0.0074834 -0.299464
bt 0.147106 -0.914814 -0.376131
t 0.980343 0.00210736 0.197288
bt -0.074849 -0.915194 0.396003
t 0.999995 -9.17624e-05 -0.00323739
bt 0.0101694 -0.915165 0.402952
t 0.922535 -0.0252915 0.385083
bt 0.10079 -0.966257 -0.237041
t 0.92145 0.0075089 0.388424
bt -0.153061 -0.915193 0.372819
t 0.917246 0.02531 0.397517
bt 0.10079 -0.966257 -0.237041
t 0.824389 0.00751843 0.565974
bt -0.224974 -0.91519 0.334386
t 0.693618 0.00750302 0.720304
bt -0.28768 -0.915183 0.282277
t 0.534426 0.00750366 0.845182
bt -0.33858 -0.915195 0.218592
t 0.353387 0.0074898 0.935447
bt -0.37568 -0.915187 0.145935
t 0.157861 0.00748379 0.987433
bt -0.39736 -0.915189 0.067343
t -0.0441289 0.00748108 0.998998
bt -0.402776 -0.915191 -0.0140198
t -0.244383 0.00751389 0.96965
bt -0.391714 -0.915188 -0.0948257
t -0.434508 0.00748465 0.900637
bt -0.364597 -0.915191 -0.171738
t -0.606948 0.00750932 0.794706
bt -0.322573 -0.915189 -0.241612
t -0.754464 0.00748485 0.656299
bt -0.267349 -0.915191 -0.30158
t -0.871156 0.00750868 0.49095
bt -0.201146 -0.91519 -0.349239
t -0.952132 0.00749435 0.305596
bt -0.126741 -0.915185 -0.382588
t 0.999995 -0.00265442 -0.00196249
bt 0.00294998 -0.906312 0.422598
t 0.979792 -0.0105172 -0.199741
bt 0.0864271 -0.906328 0.413643
t 0.918315 -0.00370058 -0.395833
bt 0.167924 -0.906324 0.387786
t 0.820941 -0.00777924 -0.570961
bt 0.242535 -0.906324 0.346054
t 0.689187 -0.00779479 -0.724542
bt 0.307214 -0.906333 0.290138
t 0.529261 -0.00778014 -0.848424
bt 0.359376 -0.906317 0.22235
t 0.347651 -0.0077786 -0.937592
bt 0.396778 -0.906312 0.145487
t 0.151772 -0.00779235 -0.988385
bt 0.417938 -0.906314 0.0626324
t -0.0503177 -0.00780694 -0.998703
bt 0.421984 -0.906317 -0.0227705
t -0.250248 -0.00776974 -0.96815
bt 0.40874 -0.906328 -0.107241
t -0.440052 -0.00779392 -0.897938
bt 0.378796 -0.90632 -0.187343
t -0.611787 -0.00778938 -0.790985
bt 0.333343 -0.906321 -0.259741
t -0.758495 -0.00779724 -0.651633
bt 0.274229 -0.906316 -0.321542
t -0.874128 -0.00778632 -0.485634
bt 0.203885 -0.906329 -0.370133
t -0.953993 -0.00779599 -0.299726
bt 0.125214 -0.906309 -0.403639
t 0.979053 -0.0112816 0.203295
bt -0.00989022 -0.90377 0.427904
t 0.999995 -0.00265442 -0.00196249
bt 0.00294998 -0.906312 0.422598
t 0.921579 0.00778967 0.388112
bt -0.111982 -0.904806 0.410837
t 0.824597 0.00779072 0.565667
bt -0.192404 -0.904803 0.379886
t 0.693863 0.00778464 0.720065
bt -0.264939 -0.904802 0.333379
t 0.534749 0.00776177 0.844975
bt -0.326612 -0.904808 0.273216
t 0.353695 0.00777485 0.935328
bt -0.374919 -0.904807 0.201893
t 0.158166 0.00778262 0.987382
bt -0.407909 -0.904799 0.122265
t -0.0438192 0.00778043 0.999009
bt -0.424157 -0.904805 0.037672
t -0.244064 0.00779659 0.969728
bt -0.423064 -0.904803 -0.0484704
t -0.434204 0.0077707 0.900781
bt -0.404637 -0.904807 -0.132637
t -0.606676 0.00779333 0.794911
bt -0.369639 -0.904814 -0.211371
t -0.75425 0.00778154 0.656541
bt -0.319536 -0.904814 -0.28144
t -0.870967 0.00777538 0.491279
bt -0.256355 -0.904802 -0.340023
t -0.95204 0.00778826 0.305874
bt -0.182661 -0.904808 -0.384653
t 0.999606 -0.0183162 -0.021259
bt -0.00226177 -0.712639 -0.701527
t 0.981065 0.0115043 -0.193335
bt -0.109432 -0.712234 -0.693359
t 0.978974 0.00235709 -0.203971
bt 0.00796622 -0.975772 -0.218645
t 0.999846 -0.0162045 -0.00680249
bt -0.0021556 -0.977116 -0.212698
t 0.921538 0.0101584 -0.388155
bt -0.246744 -0.712247 -0.657131
t 0.918422 0.00934202 -0.395492
bt -0.0362227 -0.975774 -0.215763
t 0.824558 0.0101342 -0.565687
bt -0.373982 -0.712232 -0.594022
t 0.821335 0.0211266 -0.570055
bt -0.0258755 -0.970454 -0.239897
t 0.693803 0.0101454 -0.720093
bt -0.485909 -0.712223 -0.506587
t 0.687267 0.00421935 -0.726393
bt -0.118369 -0.97577 -0.184015
t 0.816043 -0.0211302 -0.577605
bt -0.122104 -0.977107 -0.17422
t 0.534646 0.0101408 -0.845016
bt -0.577941 -0.71223 -0.398388
t 0.526937 0.00423197 -0.849894
bt -0.153011 -0.975767 -0.156416
t 0.353585 0.0101824 -0.935347
bt -0.646289 -0.712229 -0.273934
t 0.345131 0.00421804 -0.938545
bt -0.181349 -0.975772 -0.122399
t 0.158064 0.010173 -0.987377
bt -0.688194 -0.712239 -0.138221
t 0.149105 0.00422637 -0.988812
bt -0.202287 -0.975767 -0.0834232
t -0.0439014 0.0101497 -0.998984
bt -0.701944 -0.712225 0.00314135
t -0.053014 0.00423055 -0.998585
bt -0.214929 -0.975768 -0.0410065
t -0.244122 0.0101833 -0.969691
bt -0.686941 -0.712227 0.144378
t -0.25292 0.00422772 -0.967478
bt -0.218791 -0.975767 0.00310089
t -0.434284 0.0101438 -0.900719
bt -0.643816 -0.712228 0.2797
t -0.442493 0.004228 -0.896762
bt -0.213662 -0.975773 0.0470737
t -0.606703 0.0101511 -0.794864
bt -0.574357 -0.712209 0.403574
t -0.613951 0.00423065 -0.789333
bt -0.199834 -0.975767 0.0891414
t -0.726545 0.0507166 -0.685245
bt -0.455233 -0.712649 0.533755
t -0.760263 0.0042269 -0.649602
bt -0.177784 -0.975773 0.127512
t -0.791342 -0.0506965 -0.609268
bt -0.455233 -0.712649 0.533755
t -0.871001 0.0101789 -0.491176
bt -0.368649 -0.712216 0.597366
t -0.87548 0.0042347 -0.483236
bt -0.148484 -0.975769 0.160707
t -0.952052 0.0102026 -0.305766
bt -0.240846 -0.712245 0.659318
t -0.954815 0.00422303 -0.29717
bt -0.113084 -0.975767 0.187328
t 0.999846 -0.0162045 -0.00680249
bt -0.0021556 -0.977116 -0.212698
t 0.98067 -0.0144715 0.195131
bt 0.0407016 -0.977114 -0.208784
t 0.983399 -0.0181671 0.180545
bt 0.0949451 -0.711935 -0.695797
t 0.999606 -0.0183162 -0.021259
bt -0.00226177 -0.712639 -0.701527
t 0.920542 -0.00423011 0.39062
bt 0.0886362 -0.977098 -0.19345
t 0.924016 -0.0101799 0.382219
bt 0.233063 -0.711957 -0.662419
t 0.823048 -0.00423637 0.567956
bt 0.125749 -0.9771 -0.171647
t 0.828157 -0.0101838 0.560403
bt 0.361638 -0.711952 -0.601949
t 0.691883 -0.0042356 0.721997
bt 0.157732 -0.9771 -0.142813
t 0.698399 -0.010196 0.715636
bt 0.475401 -0.711945 -0.516844
t 0.532427 -0.00422645 0.846465
bt 0.183227 -0.977103 -0.108158
t 0.540075 -0.0101552 0.841556
bt 0.569708 -0.711953 -0.410556
t 0.351173 -0.00421877 0.936301
bt 0.201265 -0.977101 -0.0690372
t 0.359599 -0.0101807 0.933052
bt 0.64069 -0.711938 -0.287508
t 0.155441 -0.00423435 0.987836
bt 0.211035 -0.977103 -0.0271073
t 0.16447 -0.0101349 0.98633
bt 0.685436 -0.711955 -0.152637
t -0.0465665 -0.00423027 0.998906
bt 0.212186 -0.9771 0.0159052
t -0.037449 -0.010143 0.999247
bt 0.702117 -0.711968 -0.0115366
t -0.246671 -0.00422634 0.96909
bt 0.204631 -0.977101 0.0583094
t -0.237819 -0.0101433 0.971256
bt 0.690079 -0.711956 0.130035
t -0.436694 -0.00422591 0.8996
bt 0.188719 -0.977098 0.0983056
t -0.428487 -0.0101681 0.903491
bt 0.649797 -0.711935 0.266293
t -0.608818 -0.00422365 0.793299
bt 0.165053 -0.9771 0.134285
t -0.601586 -0.0101736 0.798743
bt 0.582903 -0.711926 0.391645
t -0.756098 -0.00423839 0.654445
bt 0.13465 -0.977102 0.164747
t -0.750044 -0.0101664 0.66131
bt 0.492138 -0.711921 0.500968
t -0.872339 -0.00423289 0.488884
bt 0.0987266 -0.977099 0.188498
t -0.867796 -0.0101412 0.496817
bt 0.381199 -0.71196 0.589745
t -0.952891 -0.00423167 0.303283
bt 0.0587687 -0.977104 0.204486
t -0.950055 -0.0101896 0.311917
bt 0.254683 -0.711949 0.65442
t 0.999693 -0.00918282 -0.0230243
bt -0.00293062 -0.422284 -0.906459
t 0.982109 0.00782414 -0.188149
bt -0.146893 -0.421903 -0.894662
t 0.924136 0.00777884 -0.381984
bt -0.323986 -0.421934 -0.846761
t 0.828322 0.0077989 -0.560198
bt -0.487795 -0.421955 -0.764206
t 0.698603 0.00778559 -0.715467
bt -0.631663 -0.421913 -0.650378
t 0.540304 0.00778494 -0.841434
bt -0.749625 -0.421946 -0.509925
t 0.359867 0.00775968 -0.932971
bt -0.836924 -0.421974 -0.348563
t 0.164709 0.00776602 -0.986312
bt -0.889973 -0.421931 -0.17298
t -0.0372284 0.00781917 -0.999276
bt -0.906596 -0.421889 0.00970889
t -0.237624 0.00781089 -0.971326
bt -0.886075 -0.421904 0.192008
t -0.428265 0.00778779 -0.90362
bt -0.829282 -0.421927 0.366428
t -0.601396 0.00780299 -0.798913
bt -0.738528 -0.421967 0.525852
t -0.749902 0.00779705 -0.661503
bt -0.61758 -0.42193 0.663754
t -0.726545 0.0507166 -0.685245
bt -0.580038 -0.701866 0.413448
t -0.867713 0.00782017 -0.497004
bt -0.471332 -0.421939 0.774476
t -0.791339 -0.0506917 -0.609272
bt -0.455252 -0.712618 0.533781
t -0.949988 0.00779123 -0.312189
bt -0.305792 -0.421922 0.853506
t 0.984761 -0.0116985 0.173521
bt 0.111927 -0.421267 -0.900004
t 0.999693 -0.00918282 -0.0230243
bt -0.00293062 -0.422284 -0.906459
t 0.926581 -0.0077714 0.376016
bt 0.290837 -0.421283 -0.859031
t 0.831922 -0.00777607 0.554839
bt 0.457813 -0.421217 -0.782933
t 0.703222 -0.00775883 0.710928
bt 0.606037 -0.421244 -0.674739
t 0.545718 -0.00775823 0.837933
bt 0.729451 -0.42123 -0.538949
t 0.365865 -0.00778705 0.930635
bt 0.823008 -0.421245 -0.381065
t 0.171061 -0.00775705 0.98523
bt 0.882851 -0.42127 -0.207617
t -0.0307452 -0.00774641 0.999497
bt 0.906574 -0.421267 -0.0256477
t -0.23133 -0.00774988 0.972844
bt 0.893195 -0.421236 0.157363
t -0.42244 -0.0078268 0.906357
bt 0.843217 -0.421269 0.333942
t -0.596232 -0.00780524 0.802774
bt 0.758756 -0.421228 0.496846
t -0.745613 -0.00775567 0.666334
bt 0.643208 -0.421262 0.639392
t -0.864479 -0.00776881 0.502609
bt 0.501347 -0.421221 0.755793
t -0.947955 -0.00779451 0.318308
bt 0.338942 -0.421262 0.841223
t 0.999736 -0.00443939 -0.0225558
bt -0.00313569 -0.222911 -0.974834
t 0.982625 0.00443225 -0.185549
bt -0.160086 -0.222744 -0.961643
t 0.925142 0.00445197 -0.379596
bt -0.350413 -0.2227 -0.909734
t 0.870091 0.0219731 -0.4924
bt -0.559536 -0.222873 -0.798278
t 0.759679 -0.0220006 -0.649926
bt -0.559536 -0.222873 -0.798278
t 0.753155 0.0219682 -0.657477
bt -0.708763 -0.222848 -0.669324
t 0.613324 -0.0219905 -0.789525
bt -0.708763 -0.222848 -0.669324
t 0.542509 0.00437887 -0.840039
bt -0.807299 -0.222702 -0.546509
t 0.43283 0.0219765 -0.901208
bt -0.915275 -0.222837 -0.335583
t 0.252275 -0.0219752 -0.967406
bt -0.915274 -0.222837 -0.335583
t 0.167262 0.00444133 -0.985902
bt -0.957392 -0.22269 -0.183875
t 0.0424059 0.0219728 -0.998859
bt -0.973437 -0.222843 0.0525455
t -0.149684 -0.0219944 -0.988489
bt -0.973437 -0.222843 0.0525455
t -0.235072 0.00444352 -0.971968
bt -0.952307 -0.222736 0.208566
t -0.425906 0.0044045 -0.904757
bt -0.890827 -0.222726 0.396005
t -0.599313 0.00442059 -0.800502
bt -0.792887 -0.222711 0.567213
t -0.748187 0.00444879 -0.663473
bt -0.662483 -0.222707 0.715205
t -0.825248 0.0219974 -0.564342
bt -0.470329 -0.222861 0.853887
t -0.918036 -0.0219627 -0.395888
bt -0.470329 -0.222861 0.853887
t -0.949192 0.00445757 -0.314666
bt -0.326761 -0.222726 0.918488
t 0.994443 -0.022023 0.102948
bt -0.000304004 -0.21862 -0.97581
t 0.999736 -0.00443939 -0.0225558
bt -0.00313569 -0.222911 -0.974834
t 0.927588 -0.00437437 0.373579
bt 0.308852 -0.222207 -0.924789
t 0.956312 0.0219499 0.291522
bt 0.193237 -0.222847 -0.95551
t 0.873249 -0.0219651 0.486779
bt 0.384605 -0.218632 -0.896816
t 0.705087 -0.00435481 0.709108
bt 0.648505 -0.222203 -0.728057
t 0.763851 0.0220036 0.645017
bt 0.554368 -0.222846 -0.801883
t 0.547902 -0.00442629 0.836531
bt 0.781778 -0.22224 -0.582609
t 0.438653 -0.0219329 0.898389
bt 0.827964 -0.218644 -0.516402
t 0.173617 -0.00446527 0.984803
bt 0.948183 -0.222203 -0.227099
t 0.25851 0.0220273 0.965758
bt 0.913094 -0.222853 -0.34146
t 0.0488115 -0.0220024 0.998566
bt 0.964511 -0.218647 -0.148028
t -0.153188 -0.022014 0.987952
bt 0.974567 -0.218639 0.0491612
t -0.143297 0.0219611 0.989436
bt 0.973749 -0.222869 0.0462878
t -0.42006 -0.00441065 0.907486
bt 0.90798 -0.222196 0.355249
t -0.339537 0.0219503 0.940337
bt 0.944506 -0.222863 0.241331
t -0.594125 -0.00444221 0.80436
bt 0.81787 -0.222248 0.530749
t -0.690091 -0.0219681 0.723389
bt 0.771812 -0.218637 0.59708
t -0.863184 -0.00439296 0.50487
bt 0.542304 -0.2222 0.810267
t -0.815856 0.0219988 0.577837
bt 0.637359 -0.222851 0.737639
t -0.919445 -0.02197 0.392605
bt 0.473827 -0.218639 0.853045
t -0.977605 0.0219874 0.209298
bt 0.294827 -0.222856 0.9292
t 0.998672 -0.0434384 -0.0276932
bt -0.00158417 -0.871183 -0.490956
t 0.979812 0.00870171 -0.19973
bt -0.128716 -0.870885 -0.474333
t 0.919564 0.00870721 -0.392844
bt -0.221552 -0.870892 -0.438705
t 0.821651 0.00869673 -0.569924
bt -0.305258 -0.870923 -0.38511
t 0.870091 0.0219731 -0.4924
bt -0.38524 -0.218399 -0.8966
t 0.690127 0.00865145 -0.723636
bt -0.376568 -0.870889 -0.31583
t 0.753155 0.0219682 -0.657476
bt -0.55783 -0.218373 -0.800711
t 0.759692 -0.0219961 -0.649911
bt -0.559528 -0.22286 -0.798287
t 0.530296 0.00871817 -0.847768
bt -0.432423 -0.870896 -0.233561
t 0.613316 -0.0219928 -0.789531
bt -0.708775 -0.222835 -0.669315
t 0.348801 0.00868931 -0.937157
bt -0.470588 -0.870896 -0.141729
t 0.43283 0.0219766 -0.901208
bt -0.828383 -0.218359 -0.51585
t 0.15303 0.0087111 -0.988183
bt -0.489565 -0.870852 -0.0440855
t 0.25224 -0.0219835 -0.967415
bt -0.915279 -0.222823 -0.335581
t -0.0490428 0.00870893 -0.998759
bt -0.488322 -0.870906 0.0553601
t 0.0424057 0.0219727 -0.998859
bt -0.964675 -0.218367 -0.147371
t -0.249041 0.00867484 -0.968454
bt -0.467273 -0.870853 0.152547
t -0.149669 -0.0219911 -0.988492
bt -0.97344 -0.222829 0.0525481
t -0.438864 0.00866334 -0.898511
bt -0.42693 -0.870906 0.24342
t -0.594586 0.0434402 -0.802857
bt -0.387254 -0.871188 0.301771
t -0.633209 -0.0434344 -0.772761
bt -0.387254 -0.871188 0.301771
t -0.757629 0.00868543 -0.652627
bt -0.296375 -0.870908 0.392022
t -0.873481 0.00866072 -0.486782
bt -0.211368 -0.870893 0.443699
t -0.825248 0.0219974 -0.564342
bt -0.635358 -0.218381 0.740695
t -0.946676 0.0434031 -0.319251
bt -0.145483 -0.871189 0.468896
t -0.918042 -0.0219659 -0.395875
bt -0.470342 -0.222849 0.853883
t -0.961171 -0.0434118 -0.272518
bt -0.145483 -0.87119 0.468896
t 0.994443 -0.022023 0.102948
bt 0.193226 -0.222833 -0.955515
t 0.981082 -0.00870669 0.193396
bt -0.0260634 -0.864438 -0.502064
t 0.99883 0.0434336 0.0212706
bt -0.00158417 -0.871183 -0.490956
t 0.956318 0.0219457 0.291504
bt 0.193226 -0.222833 -0.955515
t 0.922055 -0.00873523 0.386959
bt 0.0755725 -0.864422 -0.497054
t 0.873249 -0.0219651 0.486779
bt 0.554374 -0.222832 -0.801883
t 0.825302 -0.00870234 0.564625
bt 0.174051 -0.864448 -0.471631
t 0.763782 0.0220279 0.645098
bt 0.554374 -0.222832 -0.801883
t 0.694756 -0.00865711 0.719194
bt 0.265415 -0.864444 -0.426956
t 0.535779 -0.00868862 0.844313
bt 0.345976 -0.864422 -0.364795
t 0.438653 -0.0219329 0.898389
bt 0.913092 -0.22284 -0.341476
t 0.354845 -0.00868527 0.934885
bt 0.412279 -0.864445 -0.28768
t 0.258565 0.0220143 0.965743
bt 0.913092 -0.22284 -0.341476
t 0.15943 -0.00869154 0.987171
bt 0.461769 -0.86444 -0.198779
t 0.0488116 -0.0220024 0.998566
bt 0.973753 -0.222857 0.0462632
t -0.0426126 -0.00871111 0.999054
bt 0.492331 -0.864438 -0.101766
t -0.143357 0.0219748 0.989427
bt 0.973753 -0.222857 0.0462632
t -0.153188 -0.022014 0.987952
bt 0.944509 -0.22285 0.241332
t -0.242826 -0.00868976 0.970031
bt 0.502788 -0.86441 -0.000633425
t -0.339498 0.0219408 0.940351
bt 0.944509 -0.22285 0.241332
t -0.43311 -0.0087114 0.901299
bt 0.492589 -0.864419 0.100674
t -0.605648 -0.00869435 0.795685
bt 0.462216 -0.864442 0.197727
t -0.690091 -0.0219681 0.723389
bt 0.637365 -0.222838 0.737638
t -0.739706 -0.0434431 0.671526
bt 0.539015 -0.82858 0.151388
t -0.815907 0.022019 0.577764
bt 0.637365 -0.222838 0.737638
t -0.870343 -0.00864087 0.49237
bt 0.346747 -0.86444 0.364019
t -0.771738 0.0434784 0.634453
bt 0.320992 -0.871177 0.371505
t -0.919445 -0.02197 0.392605
bt 0.294829 -0.222842 0.929202
t -0.951645 -0.00870067 0.307077
bt 0.266383 -0.864452 0.426337
t -0.977611 0.0219946 0.209267
bt 0.294829 -0.222842 0.929202
t 0.999995 0.000312116 -0.00327595
bt 0.000401865 -0.989982 0.141193
t 0.978937 -0.00285113 -0.204142
bt 0.0349828 -0.989964 0.136923
t 0.998671 -0.0434662 -0.0277089
bt -0.00171263 -0.871337 -0.490682
t 0.917816 -0.00283643 -0.396995
bt 0.0618207 -0.989963 0.127086
t 0.819123 -0.00283559 -0.57361
bt 0.0861712 -0.989962 0.112025
t 0.686856 -0.00285034 -0.726788
bt 0.106943 -0.989963 0.0923978
t 0.526495 -0.0028479 -0.850174
bt 0.123341 -0.989963 0.0689911
t 0.344618 -0.00284255 -0.938739
bt 0.134711 -0.989963 0.04274
t 0.148575 -0.00283729 -0.988897
bt 0.140548 -0.989964 0.0147666
t -0.0519014 -0.0142259 -0.998551
bt 0.14094 -0.98999 -0.00750781
t -0.0559692 0.0142016 -0.998331
bt 0.14094 -0.98999 -0.0075078
t -0.253441 -0.00283589 -0.967347
bt 0.134882 -0.989977 -0.0418588
t -0.442966 -0.00284423 -0.896534
bt 0.123799 -0.989963 -0.0681721
t -0.614331 -0.00284108 -0.789043
bt 0.107431 -0.989975 -0.0916901
t -0.594586 0.0434402 -0.802857
bt -0.294216 -0.862195 0.412379
t -0.760584 -0.00284773 -0.649233
bt 0.0868327 -0.98996 -0.111532
t -0.633204 -0.0434228 -0.772766
bt -0.387113 -0.871333 0.301532
t -0.875719 -0.00284163 -0.482812
bt 0.0626846 -0.98996 -0.126687
t -0.954977 -0.00283708 -0.296665
bt 0.0358786 -0.989961 -0.136714
t -0.946676 0.0434031 -0.319251
bt -0.00579124 -0.862181 0.506567
t -0.961169 -0.0433921 -0.272529
bt -0.145301 -0.871332 0.468687
t 0.999436 0.0305161 0.0139943
bt -0.00171263 -0.871337 -0.490682
t 0.979818 -0.0103147 0.199624
bt 0.00694038 -0.989351 0.145381
t 0.999995 0.000312116 -0.00327595
bt 0.000401865 -0.989982 0.141193
t 0.920367 0.00283418 0.391045
bt -0.0224222 -0.989352 0.143806
t 0.822773 0.00285096 0.568363
bt -0.0508499 -0.989364 0.13628
t 0.691515 0.00284415 0.722356
bt -0.077337 -0.989352 0.123293
t 0.531965 0.00284909 0.846762
bt -0.100562 -0.989352 0.105215
t 0.350669 0.00284079 0.936495
bt -0.119662 -0.989353 0.0828385
t 0.154946 0.00284346 0.987919
bt -0.1338 -0.989365 0.0570544
t -0.0470704 0.00284107 0.998888
bt -0.142635 -0.989353 0.0289177
t -0.247178 0.0028457 0.968966
bt -0.145539 -0.989352 -0.00037189
t -0.437206 0.00284642 0.899357
bt -0.142486 -0.989352 -0.0296689
t -0.609266 0.00283984 0.792961
bt -0.133601 -0.989352 -0.0577345
t -0.739706 -0.0434431 0.671526
bt 0.320913 -0.871342 0.371185
t -0.756381 0.00284006 0.654125
bt -0.119249 -0.989352 -0.0834356
t -0.771706 0.0433811 0.634498
bt 0.320913 -0.871342 0.371185
t -0.872579 0.00284933 0.488465
bt -0.0999751 -0.989351 -0.105779
t -0.953043 0.00283657 0.302822
bt -0.0767282 -0.989348 -0.123703
t 0.999934 -0.00494695 -0.0103459
bt -0.00258759 -0.574911 -0.818212
t 0.98151 0.00960002 -0.191167
bt -0.167387 -0.574876 -0.800936
t 0.980931 0.0101458 -0.194092
bt -0.0433515 -0.686513 -0.725824
t 0.999942 -0.00565318 -0.00911036
bt -0.00234422 -0.69041 -0.723414
t 0.922943 0.00949471 -0.38482
bt -0.325103 -0.57492 -0.750849
t 0.921779 0.0101818 -0.387581
bt -0.188579 -0.686566 -0.702186
t 0.826565 0.00955596 -0.562761
bt -0.469646 -0.574936 -0.669986
t 0.82489 0.010145 -0.565202
bt -0.326075 -0.686561 -0.649853
t 0.69638 0.00958904 -0.71761
bt -0.594859 -0.57491 -0.561802
t 0.694227 0.0101905 -0.719684
bt -0.450219 -0.68653 -0.570946
t 0.58208 0.0476213 -0.811736
bt -0.695835 -0.574804 -0.430598
t 0.535199 0.0101581 -0.844665
bt -0.555916 -0.68653 -0.468652
t 0.466686 -0.0476974 -0.883136
bt -0.695835 -0.574804 -0.430598
t 0.356988 0.00959625 -0.93406
bt -0.768171 -0.574934 -0.281719
t 0.354201 0.0101131 -0.935115
bt -0.638885 -0.686528 -0.347139
t 0.161623 0.00953978 -0.986807
bt -0.809214 -0.57487 -0.121232
t 0.158709 0.0101856 -0.987273
bt -0.69567 -0.686529 -0.211476
t 0.0139622 0.0476284 -0.998768
bt -0.817099 -0.57481 0.0440776
t -0.043278 0.0101284 -0.999012
bt -0.724009 -0.686521 -0.0670803
t -0.121496 -0.0476622 -0.991447
bt -0.817099 -0.57481 0.0440776
t -0.187214 0.0477304 -0.981159
bt -0.791526 -0.574795 0.207599
t -0.243473 0.0101278 -0.969855
bt -0.722686 -0.686523 0.0800745
t -0.318556 -0.0476476 -0.946706
bt -0.791526 -0.574795 0.207599
t -0.431107 0.00957449 -0.90225
bt -0.733422 -0.574907 0.362732
t -0.433734 0.0101658 -0.900984
bt -0.691768 -0.686557 0.223822
t -0.603805 0.0095087 -0.797075
bt -0.645428 -0.574891 0.502916
t -0.606216 0.0101635 -0.795235
bt -0.632518 -0.686548 0.358571
t -0.714228 0.0476869 -0.698286
bt -0.531021 -0.574822 0.622572
t -0.753864 0.0101806 -0.656951
bt -0.54745 -0.686513 0.478537
t -0.802308 -0.0476662 -0.595004
bt -0.531021 -0.574822 0.622572
t -0.869207 0.00952037 -0.494357
bt -0.39476 -0.574877 0.716715
t -0.870692 0.010115 -0.491724
bt -0.439902 -0.686503 0.578965
t -0.950948 0.00957834 -0.309204
bt -0.242429 -0.57491 0.781477
t -0.95183 0.010138 -0.306458
bt -0.31432 -0.686534 0.655647
t 0.999652 0.020461 0.0166589
bt -0.00223493 -0.717487 -0.696569
t 0.981321 -0.00622081 0.192278
bt 0.138084 -0.717444 -0.682794
t 0.980211 -0.000335681 0.197956
bt 0.0267393 -0.798758 -0.601058
t 0.999798 0.0175183 0.00979852
bt -0.00198734 -0.802224 -0.59702
t 0.923954 -0.0101911 0.382369
bt 0.272719 -0.717468 -0.640986
t 0.922972 -0.00970409 0.384745
bt 0.147076 -0.798747 -0.583413
t 0.828109 -0.0101599 0.560475
bt 0.39613 -0.717482 -0.572975
t 0.826632 -0.00973462 0.562658
bt 0.261627 -0.798773 -0.541769
t 0.698308 -0.0101558 0.715725
bt 0.503327 -0.717506 -0.481504
t 0.696431 -0.00977354 0.717557
bt 0.36534 -0.798751 -0.478041
t 0.539887 -0.0101559 0.841676
bt 0.589973 -0.717467 -0.370368
t 0.537729 -0.00975106 0.843062
bt 0.455689 -0.798988 -0.392385
t 0.359498 -0.0101884 0.93309
bt 0.65248 -0.717454 -0.243985
t 0.35703 -0.00972471 0.934042
bt 0.52418 -0.798755 -0.29534
t 0.164317 -0.0101903 0.986355
bt 0.688193 -0.717498 -0.107644
t 0.161732 -0.00973172 0.986787
bt 0.573007 -0.79868 -0.183775
t -0.0376323 -0.0101982 0.99924
bt 0.695784 -0.717491 0.0330474
t -0.0402591 -0.00972657 0.999142
bt 0.598182 -0.798757 -0.0645428
t -0.237983 -0.0101432 0.971216
bt 0.674946 -0.717442 0.172411
t -0.240519 -0.00976178 0.970595
bt 0.598974 -0.798713 0.0573409
t -0.428584 -0.0101492 0.903445
bt 0.626356 -0.717488 0.304777
t -0.430993 -0.00970143 0.902303
bt 0.575234 -0.798731 0.17645
t -0.601687 -0.0101908 0.798667
bt 0.552188 -0.717504 0.424591
t -0.603779 -0.00977223 0.797092
bt 0.527876 -0.798707 0.288814
t -0.750171 -0.0101103 0.661167
bt 0.455469 -0.71748 0.52704
t -0.751871 -0.00971627 0.659238
bt 0.456812 -0.798978 0.391098
t -0.867855 -0.0102199 0.496713
bt 0.340043 -0.717467 0.607956
t -0.869175 -0.00974303 0.494409
bt 0.371005 -0.798802 0.473572
t -0.950098 -0.0101354 0.311786
bt 0.210663 -0.717485 0.663955
t -0.950912 -0.00977455 0.309306
bt 0.268012 -0.798803 0.538594
t -0.993409 -0.0101524 0.114178
bt 0.0583278 -0.717421 0.694193
t -0.988942 -0.0485865 0.140121
bt 0.289613 -0.780625 0.553848
t 0.999928 0.00847622 -0.00844326
bt 0.00164034 -0.849547 0.52751
t 0.979973 -0.0090961 -0.198921
bt 0.0687413 -0.848878 0.524099
t 0.980272 0.00977198 -0.197414
bt -0.0784721 -0.801452 -0.592889
t 0.999798 0.0175183 0.00979852
bt -0.00198734 -0.802224 -0.59702
t 0.919847 -0.00910724 -0.392171
bt 0.172924 -0.848882 0.499496
t 0.920468 0.00973925 -0.390697
bt -0.196171 -0.80145 -0.564973
t 0.822089 -0.00909666 -0.569286
bt 0.269727 -0.848875 0.454598
t 0.822963 0.00979619 -0.568011
bt -0.305968 -0.801384 -0.513972
t 0.690646 -0.00911445 -0.723136
bt 0.355884 -0.848886 0.390819
t 0.691805 0.0097878 -0.722018
bt -0.403139 -0.801453 -0.44176
t 0.530967 -0.00911197 -0.847344
bt 0.429389 -0.849 0.307934
t 0.532286 0.00973878 -0.846508
bt -0.482946 -0.801389 -0.3529
t 0.349582 -0.00908773 -0.936862
bt 0.481139 -0.848879 0.218885
t 0.350971 0.00976494 -0.936335
bt -0.543682 -0.801274 -0.249739
t 0.15382 -0.00914927 -0.988057
bt 0.51544 -0.848813 0.117631
t 0.155328 0.00969306 -0.987815
bt -0.583223 -0.80145 -0.132396
t -0.0482667 -0.00909851 -0.998793
bt 0.528472 -0.848873 0.0115111
t -0.0465841 0.00977069 -0.998867
bt -0.59793 -0.801456 -0.0121629
t -0.248271 -0.00916598 -0.968647
bt 0.519988 -0.848868 -0.0950562
t -0.218368 0.048574 -0.974657
bt -0.57627 -0.802261 0.155853
t -0.438229 -0.00906671 -0.898818
bt 0.490215 -0.848871 -0.197758
t -0.436812 0.00978329 -0.899499
bt -0.554251 -0.801455 0.224666
t -0.288322 -0.0485705 -0.956301
bt -0.577349 -0.802269 0.151764
t -0.610187 -0.00910461 -0.792205
bt 0.440308 -0.848875 -0.292471
t -0.608908 0.0097157 -0.793181
bt -0.497718 -0.80145 0.331594
t -0.75715 -0.00909415 -0.653177
bt 0.369644 -0.848999 -0.377576
t -0.756102 0.00972944 -0.654382
bt -0.42183 -0.801402 0.424044
t -0.873108 -0.00913342 -0.487442
bt 0.289092 -0.848882 -0.442522
t -0.872365 0.00978929 -0.488756
bt -0.329107 -0.80128 0.499639
t -0.95337 -0.00911579 -0.301666
bt 0.1945 -0.848868 -0.49152
t -0.95288 0.00972437 -0.303192
bt -0.219234 -0.801443 0.55644
t 0.980671 0.00427407 0.195617
bt -0.10312 -0.849555 0.517323
t 0.999928 0.00847622 -0.00844326
bt 0.00164034 -0.849547 0.52751
t 0.922333 0.00911261 0.386288
bt -0.20542 -0.849496 0.485962
t 0.825737 0.00910452 0.563982
bt -0.29906 -0.849551 0.434541
t 0.695274 0.00912661 0.718687
bt -0.380295 -0.849548 0.365573
t 0.536331 0.00912289 0.843959
bt -0.445385 -0.849554 0.282648
t 0.355486 0.00910767 0.934637
bt -0.492745 -0.84954 0.188374
t 0.160118 0.00910808 0.987056
bt -0.520975 -0.849563 0.0826332
t -0.0418803 0.00914391 0.999081
bt -0.526959 -0.849555 -0.0238663
t -0.24214 0.00914584 0.970198
bt -0.511431 -0.849556 -0.129205
t -0.432426 0.00910347 0.901623
bt -0.474983 -0.84955 -0.229466
t -0.605064 0.0091074 0.796125
bt -0.418937 -0.849562 -0.320526
t -0.752979 0.00912287 0.657981
bt -0.346931 -0.849556 -0.397358
t -0.869972 0.0090916 0.493017
bt -0.261057 -0.849553 -0.458377
t -0.951414 0.00913956 0.307778
bt -0.161105 -0.849557 -0.502293
t -0.988942 -0.0485865 0.140121
bt 0.0625972 -0.802265 0.593677
t 0.99998 0.00269136 -0.00570406
bt 0.00213411 -0.738813 0.673908
t 0.98066 -0.0101242 -0.195458
bt 0.12001 -0.738697 0.663268
t 0.933802 -0.0505099 -0.354208
bt 0.267824 -0.738764 0.618464
t 0.897157 0.0505372 -0.438812
bt 0.267824 -0.738765 0.618464
t 0.824135 -0.0101197 -0.566302
bt 0.37184 -0.73868 0.562216
t 0.71845 -0.0504558 -0.693746
bt 0.489979 -0.738753 0.462779
t 0.651436 0.0505472 -0.757018
bt 0.489979 -0.738753 0.462779
t 0.534049 -0.01009 -0.845393
bt 0.563424 -0.738681 0.370006
t 0.386746 -0.0505714 -0.920798
bt 0.63276 -0.738765 0.232039
t 0.300204 0.0504544 -0.95254
bt 0.63276 -0.738765 0.232039
t 0.157293 -0.0100696 -0.987501
bt 0.663686 -0.738667 0.117865
t -0.0446222 -0.010149 -0.998952
bt 0.673818 -0.738674 -0.0181461
t -0.244826 -0.010136 -0.969514
bt 0.656366 -0.738682 -0.153403
t -0.435 -0.0101109 -0.900374
bt 0.612059 -0.738667 -0.28241
t -0.607317 -0.010077 -0.794396
bt 0.542663 -0.738702 -0.399795
t -0.75478 -0.0101481 -0.6559
bt 0.451117 -0.738672 -0.500857
t -0.871347 -0.0101012 -0.490563
bt 0.341033 -0.738691 -0.581405
t -0.952272 -0.0101099 -0.305083
bt 0.216995 -0.738676 -0.638178
t 0.981885 0.0101546 0.189203
bt -0.0606894 -0.736767 0.673418
t 0.99998 0.00269136 -0.00570406
bt 0.00213411 -0.738813 0.673908
t 0.923713 0.0100996 0.382951
bt -0.195065 -0.736767 0.647398
t 0.827692 0.010121 0.561092
bt -0.321355 -0.7368 0.594858
t 0.697849 0.0101382 0.716173
bt -0.434513 -0.7368 0.518001
t 0.569365 0.050478 0.820534
bt -0.463197 -0.72611 0.508146
t 0.35883 0.0101685 0.933347
bt -0.603597 -0.73677 0.304698
t 0.491329 -0.0504838 0.86951
bt -0.570853 -0.738746 0.358304
t 0.16357 0.0101381 0.98648
bt -0.652625 -0.736719 0.17699
t -0.00134378 0.0505324 0.998722
bt -0.670448 -0.726117 0.15249
t -0.238612 0.0101027 0.971062
bt -0.669456 -0.736786 -0.0947314
t -0.0934384 -0.0505074 0.994343
bt -0.673216 -0.738753 -0.0320018
t -0.429233 0.0101557 0.903137
bt -0.636686 -0.736782 -0.227558
t -0.602269 0.0101384 0.798229
bt -0.577876 -0.736769 -0.351043
t -0.750562 0.0101222 0.660723
bt -0.495354 -0.736769 -0.460213
t -0.868212 0.0100912 0.49609
bt -0.392586 -0.736778 -0.550485
t -0.950305 0.0101148 0.311155
bt -0.273752 -0.736778 -0.618237
t 0.999158 -0.0353482 -0.0208339
bt -0.00142327 -0.895183 -0.445696
t 0.979644 0.00812836 -0.20058
bt -0.0258803 -0.8932 -0.448914
t 0.924741 0.0405546 -0.378431
bt -0.17722 -0.895243 -0.40882
t 0.933802 -0.0505099 -0.354208
bt 0.183436 -0.735762 0.651924
t 0.908698 -0.0404873 -0.415487
bt -0.17722 -0.895243 -0.40882
t 0.821151 0.00811443 -0.570654
bt -0.200894 -0.893206 -0.402273
t 0.897204 0.0504314 -0.438727
bt 0.267711 -0.738811 0.618457
t 0.689507 0.00811171 -0.724234
bt -0.277738 -0.893206 -0.353616
t 0.71845 -0.0504558 -0.693746
bt 0.425553 -0.735753 0.526851
t 0.529589 0.00810467 -0.848215
bt -0.343246 -0.893207 -0.290455
t 0.651464 0.0505078 -0.756996
bt 0.48995 -0.738809 0.462721
t 0.348068 0.00807395 -0.937434
bt -0.394763 -0.893158 -0.215479
t 0.386746 -0.0505714 -0.920798
bt 0.598852 -0.735759 0.316281
t 0.152229 0.00812183 -0.988312
bt -0.429968 -0.89321 -0.131542
t 0.300111 0.0505592 -0.952564
bt 0.632724 -0.738811 0.231987
t -0.0498145 0.00809944 -0.998726
bt -0.447648 -0.893203 -0.0424328
t -0.249882 0.00810671 -0.968242
bt -0.447012 -0.893206 0.0486179
t -0.43964 0.00810748 -0.898137
bt -0.428176 -0.893155 0.13762
t -0.611433 0.00811056 -0.791254
bt -0.391648 -0.893161 0.221077
t -0.758194 0.00814105 -0.651978
bt -0.339193 -0.893156 0.295331
t -0.873928 0.00810873 -0.485988
bt -0.272778 -0.893158 0.357578
t -0.953871 0.00813176 -0.300105
bt -0.195238 -0.893156 0.405161
t 0.983464 -0.0472833 0.174823
bt 0.142662 -0.893798 -0.425174
t 0.999158 -0.0353482 -0.0208339
bt -0.00142327 -0.895183 -0.445696
t 0.921709 -0.00814695 0.387796
bt 0.225428 -0.893796 -0.3877
t 0.824793 -0.00811053 0.565377
bt 0.298838 -0.893796 -0.334402
t 0.694122 -0.00809759 0.719812
bt 0.360035 -0.893754 -0.267541
t 0.569365 0.050478 0.820534
bt -0.570818 -0.738808 0.358232
t 0.535017 -0.00809714 0.844802
bt 0.406489 -0.893796 -0.189461
t 0.491289 -0.0505329 0.86953
bt -0.570818 -0.738808 0.358232
t 0.353977 -0.00812136 0.935219
bt 0.436375 -0.893753 -0.103841
t 0.158505 -0.00815345 0.987324
bt 0.448259 -0.893797 -0.0138302
t -0.00134377 0.0505324 0.998722
bt -0.673154 -0.738809 -0.0320156
t -0.0434567 -0.00807797 0.999023
bt 0.441862 -0.893795 0.0767339
t -0.0934075 -0.0504734 0.994348
bt -0.673154 -0.738809 -0.0320156
t -0.243631 -0.00810956 0.969834
bt 0.417499 -0.893751 0.164024
t -0.433928 -0.0081164 0.900911
bt 0.375923 -0.893751 0.244728
t -0.606384 -0.00810531 0.79513
bt 0.318986 -0.893753 0.315364
t -0.754048 -0.0081381 0.656769
bt 0.248937 -0.893752 0.373146
t -0.870793 -0.00813093 0.491582
bt 0.168704 -0.893748 0.415635
t -0.951916 -0.00809945 0.306253
bt 0.0816406 -0.893748 0.441076
t 0.994475 -0.015864 -0.103772
bt -0.00310998 -0.155799 -0.987784
t 0.98509 0.0052654 -0.171956
bt -0.202025 -0.155799 -0.966909
t 0.930254 0.00521958 -0.366878
bt -0.392409 -0.155731 -0.906511
t 0.924741 0.0405546 -0.378431
bt 0.134603 -0.84525 -0.51714
t 0.837401 0.00518538 -0.546565
bt -0.566878 -0.1558 -0.808935
t 0.908686 -0.0405364 -0.415508
bt -0.176976 -0.895086 -0.409269
t 0.7102 0.00520351 -0.70398
bt -0.718158 -0.155837 -0.678206
t 0.553987 0.00520113 -0.832509
bt -0.839986 -0.155819 -0.519754
t 0.375157 0.0052655 -0.926946
bt -0.927403 -0.155808 -0.340069
t 0.180793 0.00520488 -0.983507
bt -0.97686 -0.155819 -0.146509
t -0.0208339 0.0052221 -0.999769
bt -0.986364 -0.155727 0.0532428
t -0.221752 0.00516102 -0.975089
bt -0.955477 -0.155789 0.250587
t -0.413447 0.00526349 -0.910513
bt -0.885448 -0.155765 0.437858
t -0.588146 0.00517638 -0.808738
bt -0.779198 -0.155765 0.607114
t -0.738958 0.00519185 -0.673731
bt -0.641014 -0.155766 0.751557
t -0.859506 0.00519361 -0.511099
bt -0.47662 -0.155841 0.865186
t -0.944752 0.00518413 -0.327744
bt -0.292702 -0.155805 0.943425
t 0.99919 -0.0265886 0.0301955
bt 0.0635387 -0.154404 -0.985963
t 0.994475 -0.015864 -0.103772
bt -0.00310998 -0.155799 -0.987784
t 0.932605 -0.00524154 0.360861
bt 0.26075 -0.154352 -0.952987
t 0.840891 -0.0052419 0.541179
bt 0.447315 -0.154366 -0.880954
t 0.714702 -0.00521271 0.69941
bt 0.615456 -0.154425 -0.772895
t 0.559314 -0.00520083 0.828939
bt 0.758409 -0.154349 -0.63324
t 0.381007 -0.0051712 0.924558
bt 0.870384 -0.1544 -0.467539
t 0.187115 -0.00518636 0.982324
bt 0.946668 -0.154392 -0.282812
t -0.0144773 -0.0052101 0.999882
bt 0.98422 -0.154388 -0.0864559
t -0.215495 -0.00523827 0.976491
bt 0.981479 -0.154367 0.113448
t -0.407563 -0.00524221 0.913162
bt 0.938558 -0.154425 0.308645
t -0.583069 -0.00523346 0.812406
bt 0.85722 -0.154419 0.491252
t -0.734672 -0.00525817 0.678402
bt 0.740798 -0.154374 0.653748
t -0.856141 -0.00527112 0.516716
bt 0.593996 -0.154401 0.789512
t -0.942639 -0.00523084 0.333773
bt 0.422891 -0.154402 0.89293
t -0.0519014 -0.0142259 -0.998551
bt 0.139112 -0.989513 -0.0388759
t -0.0559702 0.0142087 -0.998331
bt 0.140869 -0.989999 -0.00764246
t 0.981041 -0.00427518 0.193754
bt 0.0762871 -0.688812 -0.720915
t 0.999942 -0.00565318 -0.00911036
bt -0.00234422 -0.69041 -0.723414
t 0.924251 -0.010178 0.38165
bt 0.219866 -0.688818 -0.690789
t 0.828524 -0.0101351 0.559863
bt 0.354439 -0.688815 -0.632382
t 0.698853 -0.0101838 0.715193
bt 0.474503 -0.688806 -0.548081
t 0.540647 -0.0101124 0.841189
bt 0.57509 -0.688814 -0.441369
t 0.360188 -0.0101974 0.932824
bt 0.652156 -0.688824 -0.316565
t 0.165054 -0.0101624 0.986232
bt 0.70254 -0.688813 -0.178811
t -0.0368447 -0.0101838 0.999269
bt 0.72416 -0.688806 -0.033748
t -0.237211 -0.0101488 0.971405
bt 0.716128 -0.68881 0.112699
t -0.427943 -0.010167 0.903748
bt 0.678765 -0.688816 0.254577
t -0.601041 -0.0101374 0.799154
bt 0.61365 -0.688805 0.38598
t -0.749622 -0.0101445 0.661788
bt 0.523367 -0.688821 0.501611
t -0.867504 -0.0101474 0.497327
bt 0.41166 -0.68883 0.596699
t -0.949849 -0.0101684 0.312543
bt 0.283207 -0.688825 0.667319
t -0.0396368 0.0270554 0.998848
bt -0.276788 -0.960842 -0.0131007
t -0.0552508 -0.0270648 0.998106
bt -0.276788 -0.960842 -0.0131007
t -0.731705 -0.0485763 0.679888
bt 0.364749 -0.802668 0.471893
t -0.778854 0.0485724 0.625322
bt 0.389551 -0.803093 0.450879
t -0.998195 0.0476726 0.0365221
bt 0.0855245 -0.574935 0.813717
t -0.996056 -0.0101765 -0.0881424
bt -0.0826276 -0.717382 0.691763
t 0.980796 0.0101874 -0.194769
bt -0.114011 -0.717158 -0.687522
t 0.999652 0.020461 0.0166589
bt -0.00223493 -0.717487 -0.696569
t 0.921483 0.0101451 -0.388287
bt -0.250132 -0.717166 -0.650466
t 0.824449 0.0101542 -0.565846
bt -0.375914 -0.717154 -0.586838
t 0.693659 0.0101877 -0.720232
bt -0.486384 -0.717181 -0.499082
t 0.534533 0.0101903 -0.845086
bt -0.576928 -0.717154 -0.390952
t 0.58208 0.0476212 -0.811736
bt -0.695802 -0.574935 -0.430475
t 0.353476 0.0101356 -0.935389
bt -0.643797 -0.717159 -0.266848
t 0.466732 -0.0476616 -0.883114
bt -0.695802 -0.574935 -0.430475
t 0.157938 0.0102123 -0.987396
bt -0.684298 -0.717181 -0.131859
t -0.0440914 0.0101535 -0.998976
bt -0.696862 -0.717153 0.00867309
t 0.0139622 0.0476284 -0.998768
bt -0.817015 -0.574935 0.0440115
t -0.244221 0.0101745 -0.969666
bt -0.680852 -0.717172 0.148678
t -0.187214 0.0477304 -0.981159
bt -0.791363 -0.574935 0.207834
t -0.121455 -0.0476334 -0.991453
bt -0.817015 -0.574935 0.0440115
t -0.434476 0.0101604 -0.900626
bt -0.636963 -0.717164 0.282762
t -0.318604 -0.0476839 -0.946688
bt -0.791363 -0.574935 0.207834
t -0.606848 0.0101499 -0.794753
bt -0.567062 -0.717151 0.405136
t -0.754366 0.0101685 -0.656376
bt -0.473885 -0.717171 0.510979
t -0.714228 0.0476869 -0.698286
bt -0.530846 -0.574935 0.622618
t -0.871066 0.0102003 -0.49106
bt -0.361271 -0.717138 0.595984
t -0.802289 -0.0476423 -0.595032
bt -0.530846 -0.574935 0.622618
t -0.952078 0.0101597 -0.305688
bt -0.233957 -0.717184 0.656439
t 0.980186 -3.14966e-05 0.198078
bt 0.146306 -0.574831 -0.805086
t 0.999934 -0.00494695 -0.0103459
bt -0.00258759 -0.574911 -0.818212
t 0.925401 -0.00952366 0.37887
bt 0.305333 -0.574804 -0.759192
t 0.830193 -0.00952967 0.557395
bt 0.451931 -0.574826 -0.682154
t 0.701019 -0.00956374 0.713079
bt 0.580028 -0.574817 -0.577195
t 0.543106 -0.00959739 0.839609
bt 0.684313 -0.574801 -0.448685
t 0.362971 -0.00960813 0.931751
bt 0.760656 -0.574722 -0.301822
t 0.167971 -0.00950178 0.985746
bt 0.805759 -0.574844 -0.142502
t -0.0338545 -0.00958527 0.999381
bt 0.817984 -0.574794 0.0226682
t -0.234332 -0.00954251 0.97211
bt 0.796653 -0.574826 0.186869
t -0.375032 -0.047635 0.925787
bt 0.735837 -0.574811 0.357961
t -0.553665 -0.0476687 0.831374
bt 0.648642 -0.574817 0.498849
t -0.497017 0.0476584 0.866431
bt 0.735837 -0.574811 0.357961
t -0.747679 -0.00960272 0.663991
bt 0.547181 -0.574793 0.608445
t -0.661247 0.0476607 0.748653
bt 0.648642 -0.574817 0.498849
t -0.836675 -0.0476202 0.545626
bt 0.39942 -0.574813 0.71418
t -0.948911 -0.00956169 0.3154
bt 0.262901 -0.574856 0.77487
t -0.902892 0.0476802 0.427214
bt 0.39942 -0.574813 0.71418
t -0.984028 -0.0476732 0.171513
bt 0.0854046 -0.574815 0.813815
t -0.375032 -0.047635 0.925787
bt 0.768714 -0.573052 0.284062
t -0.553665 -0.0476687 0.831374
bt 0.695768 -0.573055 0.433031
t -0.49701 0.0476527 0.866435
bt 0.735686 -0.574935 0.358073
t -0.661243 0.0476573 0.748656
bt 0.648703 -0.574935 0.498633
t -0.836675 -0.0476202 0.545625
bt 0.468875 -0.573041 0.672146
t -0.902882 0.0476616 0.427239
bt 0.399401 -0.574935 0.714093
t -0.984028 -0.0476732 0.171513
bt 0.165601 -0.57305 0.802614
t -0.99649 0.048614 0.0681567
bt -0.168293 -0.780638 0.601898
t -0.218368 0.048574 -0.974657
bt -0.620458 -0.780632 -0.0751326
t -0.288322 -0.0485705 -0.956301
bt -0.577577 -0.802166 0.15144
t 0.816043 -0.0211302 -0.577605
bt -0.0980859 -0.976706 -0.190853
t 0.821335 0.0211266 -0.570055
bt -0.12207 -0.977123 -0.174153

