g sponza_257
t -0.803555 -0.499883 0.323137
bt 9.42385e-07 -1 -3.78972e-07
t -0.927792 -7.87195e-05 0.373097
bt 1.08453e-06 -1 -4.36135e-07
t -0.803555 -0.499883 0.323137
bt 9.42385e-07 -1 -3.78972e-07
t -0.803555 -0.499883 0.323137
bt 9.42385e-07 -1 -3.78972e-07
t -1 0 0
bt 0 0 1
t -1 0 0
bt 0 0 1
t -1 0 0
bt 0 0 1
t -1 0 0
bt 0 0 1
t 0 0 1
bt 0 -1 0
t 0 0 1
bt 0 -1 0
t 0 0 1
bt 0 -1 0
t 0 0 1
bt 0 -1 0
t -1 0 0
bt 0 0 -1
t -1 0 0
bt 0 0 -1
t -1 0 0
bt 0 0 -1
t -1 0 0
bt 0 0 -1
t 0 0 -1
bt 0 -1 0
t 0 0 -1
bt 0 -1 0
t 0 0 -1
bt 0 -1 0
t 0 0 -1
bt 0 -1 0
t -1 0 0
bt 0 -1 0
t -1 -9.53364e-07 0
bt 1.26483e-06 -1 0
t -1 0 0
bt 0 -1 0
t -1 0 0
bt 0 -1 0
t -1 0 0
bt 0.315766 -0.899489 0.302012
t -1 0 0
bt -0.420441 -0.860131 0.288797
t -1 0 0
bt 0.315766 -0.899489 0.302012
t -1 0 0
bt 0.315766 -0.899489 0.302012
t -1 0 0
bt 0.634455 -0.621865 -0.459075
t -1 -6.14116e-07 -4.5331e-07
bt -0.564655 -0.663996 -0.490177
t -1 0 0
bt 0.634455 -0.621865 -0.459075
t -1 0 0
bt 0.634455 -0.621865 -0.459075
t -0.93543 8.65525e-05 -0.353511
bt 0 -1 0
t -0.820711 0.47983 -0.310157
bt 0 -1 0
t -0.93543 8.65525e-05 -0.353511
bt 0 -1 0
t -0.93543 8.65525e-05 -0.353511
bt 0 -1 0

