g sponza_211
t -0.996664 -0.0718071 -0.0387811
bt -0.0387973 0.40736 -0.912443
t -0.972293 -0.205365 -0.111672
bt 0.159008 0.387213 -0.908175
t -0.937894 -0.335031 -0.0900561
bt -0.0827196 0.216537 -0.972764
t -0.912423 -0.408182 0.0295099
bt 0.0316184 -0.0750336 -0.99668
t -0.923776 -0.382671 0.0141315
bt 0 0 -1
t -0.923864 -0.382708 -0.00320419
bt 0 0 -1
t -0.912353 -0.408797 -0.0222993
bt -0.0334198 0.0742226 -0.996682
t -0.503012 0.0283201 -0.863816
bt -0.0826629 0.216558 -0.972764
t -0.427556 -0.177114 -0.886469
bt 0 0 -1
t -0.395519 -0.257062 -0.88175
bt 0.0334198 -0.0742226 -0.996682
t -0.937811 -0.33265 0.0992659
bt 0.132594 -0.197143 -0.971367
t -0.972764 -0.216531 0.0827338
bt 0.24429 -0.290798 -0.925072
t -0.996677 0.0730332 -0.0360605
bt -0.0410032 -0.407159 -0.912436
t -1 0 0
bt -0.0299531 -0.382538 -0.923454
t -1 0 0
bt 0.296556 -0.365494 -0.882309
t -0.996682 -0.0742226 0.0334198
bt 0.0063683 -0.410077 -0.912028
t -0.996682 0.0742226 -0.0334198
bt 0.705592 -0.342512 -0.620343
t -0.97228 0.205201 -0.112094
bt 0.0569403 -0.368675 -0.927813
t -0.91391 0.383084 0.13422
bt -0.279961 -0.135543 -0.950395
t -0.909187 0.413645 -0.0477075
bt 0.0858893 0.0504496 -0.995027
t -0.921774 0.381819 0.0674331
bt -0.000106984 4.43127e-05 -1
t -0.923876 0.38269 -0.000739437
bt 0 0 -1
t -0.90764 0.414567 0.0657531
bt -0.126206 -0.0319798 -0.991488
t -0.476503 -0.0420985 -0.878164
bt -0.0826629 -0.216558 -0.972764
t -0.398804 0.165203 -0.902033
bt 0 0 -1
t -0.365984 0.245195 -0.897739
bt 0.0334198 0.0742226 -0.996682
t -0.899869 0.392176 -0.190877
bt 0.340534 0.108235 -0.933982
t -0.972764 0.216523 0.0827562
bt 0.117093 0.32795 -0.93741
t -0.972764 0.216558 0.0826629
bt -0.960528 0.270217 -0.06609
t -1 -7.4319e-05 0.000179408
bt 0.0834232 0.381376 -0.920648
t -1 0 0
bt -0.988662 0.0574668 -0.138726
t -0.996682 -0.0742226 -0.0334198
bt -0.985716 -0.0126725 -0.167938
t -0.996682 0.0742226 0.0334198
bt 0.155837 0.393905 -0.905844
t -0.912445 -0.407415 -0.03818
bt 0.0310402 -0.0752938 0.996678
t -0.93788 -0.337856 -0.0789592
bt -0.182087 -0.307702 0.933897
t -0.972764 -0.216533 -0.0827299
bt 0.0798709 -0.337626 0.937886
t -0.99668 0.0748017 0.0321421
bt -0.0398256 -0.407383 0.912388
t -1 0 0
bt -0.00636962 -0.382702 0.92385
t -1 0 0
bt -0.119763 -0.379955 0.917219
t -0.996682 -0.0742226 -0.0334198
bt 0.0301048 -0.408131 0.912427
t -0.972764 -0.216558 -0.0826629
bt 0.911338 0.0781696 0.40417
t -1 0 0
bt 0.937447 -0.133232 0.321625
t -0.996681 0.0742226 0.0334279
bt 0.933911 -0.212986 0.287136
t -0.97245 0.207434 0.106358
bt -0.222393 -0.297657 0.928408
t -0.904314 0.38965 -0.174324
bt -0.279883 -0.135577 0.950413
t -0.911028 0.411905 0.0190285
bt 0.0929047 0.0472485 0.994553
t -0.920275 0.381198 -0.0882158
bt 0.000181368 -7.51224e-05 1
t -0.919456 0.380859 0.0977075
bt 0 0 1
t -0.902911 0.416174 -0.107473
bt -0.114047 -0.0375688 0.992765
t -0.220174 -0.161331 0.962027
bt -0.0826629 -0.216558 0.972764
t -0.13352 0.05531 0.989502
bt 0 0 1
t -0.0981308 0.132525 0.98631
bt 0.0334198 0.0742226 0.996682
t -0.896591 0.393876 0.202448
bt 0.31095 0.121726 0.942599
t -0.972764 0.216533 -0.0827288
bt 0.0607723 0.342385 0.937592
t -0.996681 -0.0748009 0.0321352
bt -0.0130476 0.409553 0.912193
t -1 0 0
bt -0.169573 0.377167 0.910489
t -1 0 0
bt 0.0989567 0.380831 0.919334
t -0.996682 0.0742226 -0.0334198
bt -0.135386 0.416837 0.898842
t -0.972764 0.216558 -0.0826629
bt -0.968457 0.249121 0.00552493
t -1 0 0
bt -0.995968 0.034334 0.0828829
t -0.996682 -0.0742226 0.0334198
bt -0.992766 -0.0375728 0.114038
t -0.972464 -0.207633 0.105846
bt -0.222312 0.297682 0.92842
t -0.937755 -0.34047 0.0685216
bt -0.0821779 0.216743 0.972764
t -0.549292 0.00346411 0.835623
bt -0.0826629 0.216558 0.972764
t -0.923176 -0.382423 -0.0387032
bt 0 0 1
t -0.478347 -0.198154 0.855523
bt 0 0 1
t -0.447913 -0.277793 0.849826
bt 0.0334198 -0.0742226 0.996682
t -0.911612 -0.411007 -0.00610925
bt -0.0334198 0.0742226 0.996682
t -0.0999319 0.928267 -0.358238
bt 0.982227 -0.0221729 -0.186381
t 0 1 0
bt 0.980783 0.000812175 -0.195099
t 0 1 0
bt 0.999999 0.00154719 0
t 0 1 0
bt 1 0.000928314 0
t 0.356626 0.928032 -0.107587
bt 0.191774 -0.00825917 0.981404
t 0 1 0
bt 0.195101 0.000559888 0.980783
t 0 1 0
bt 0 0.00262008 0.999997
t 0 1 0
bt 0 0.00157205 0.999999
t 0.153861 0.926829 -0.342513
bt 0.831396 -0.000481599 0.55568
t -0.263517 0.926381 0.269031
bt 0.828497 0.013176 0.559838
t -0.344263 0.92663 0.151125
bt 0.555568 4.98305e-06 0.831471
t 0.280387 0.927474 -0.247336
bt 0.560062 0.013699 0.828337
t -0.263507 0.926377 -0.269055
bt 0.828206 0.0142566 -0.560242
t -0.333083 0.927696 -0.168632
bt 0.560241 -0.0142507 -0.828207
t 0.285128 0.927829 0.240488
bt 0.555415 -0.000465142 -0.831573
t 0.153872 0.926824 0.34252
bt 0.831572 0.000460292 -0.555417
t 0.349223 0.926022 0.14327
bt -0.560244 -0.0142613 0.828205
t -0.275738 0.927068 -0.253994
bt -0.555417 -0.000460327 0.831572
t -0.1749 0.927982 -0.329027
bt -0.831576 0.000477272 0.555411
t 0.247309 0.927475 0.280406
bt -0.828341 0.0136845 0.560058
t 0 1 0
bt 0.980783 -0.00146562 0.195097
t -0.106401 0.928074 0.356873
bt 0.98078 -1.42992e-05 0.195116
t 0.0440755 0.928248 -0.369342
bt 0.980754 -0.00032224 0.195248
t 0.0443802 0.928256 0.369285
bt 0.98078 1.42967e-05 -0.195116
t 0.369296 0.928254 0.0443249
bt -0.195162 -0.000102676 0.980771
t 0 1 0
bt -0.195097 -0.00122376 0.980783
t -0.366607 0.928539 0.0584328
bt 0.195028 -2.3324e-05 0.980798
t -0.362212 0.928601 -0.0806432
bt 0.19516 -9.60206e-05 -0.980772
t 0 1 0
bt 0.195097 -0.00120193 -0.980783
t 0.355351 0.927814 0.113517
bt 0.195116 -1.43004e-05 -0.98078
t 0 1 0
bt -0.980784 0.00013392 0.195097
t 0.0931421 0.928425 0.359654
bt -0.980754 0.000314593 0.195245
t 0.904438 0.41579 0.0954457
bt -0.141103 0.0251099 0.989676
t 0.922153 0.381954 0.0611913
bt 0 0 1
t 0.382474 0.923354 0.0336277
bt 0 0 1
t 0.094445 0.415755 -0.90456
bt 0.989674 0.0251013 0.141122
t 0.0641034 0.381884 -0.921984
bt 1 0 0
t 0.0340259 0.923342 -0.382469
bt 1 0 0
t 0.0956728 0.415798 0.904411
bt 0.989674 0.0251013 -0.141122
t 0.0607813 0.381963 0.922177
bt 1 0 0
t 0.0321645 0.923399 0.382492
bt 1 0 0
t -0.911028 0.411905 0.0190285
bt 0.0929047 0.0472485 0.994553
t -0.919456 0.380859 0.0977075
bt 0 0 1
t -0.381976 0.922152 0.0610667
bt 0 0 1
t -0.504851 0.417224 -0.755678
bt 0.799557 0.0251157 -0.600065
t -0.899869 0.392176 -0.190877
bt 0.340534 0.108235 -0.933982
t 0.779805 0.416804 -0.467097
bt 0.600029 0.0250946 0.799585
t 0.504851 0.417224 -0.755678
bt 0.788533 -0.0332812 0.614091
t 0.467097 0.416804 0.779804
bt -0.841261 -0.0082336 0.540566
t 0.755567 0.417224 0.505017
bt -0.577594 -0.0122845 0.816232
t 0.779709 0.416807 0.467253
bt 0.646347 0.0525575 -0.761232
t 0.504851 0.417224 0.755678
bt 0.799599 -0.025084 -0.600011
t -0.504851 0.417224 0.755678
bt 0.829459 0.00164692 0.558564
t -0.896591 0.393876 0.202448
bt 0.31095 0.121726 0.942599
t -0.904314 0.38965 -0.174324
bt -0.279883 -0.135577 0.950413
t -0.461987 0.416685 -0.782906
bt -0.762003 -0.05203 0.64548
t -0.0785316 0.415141 -0.906361
bt 0.977038 0.00835017 -0.212903
t -0.236642 0.416503 -0.877796
bt -0.96835 -0.02511 0.248331
t -0.108487 0.928005 -0.356422
bt -0.979605 -0.0136899 0.200464
t -0.909187 0.413645 -0.0477075
bt 0.0858893 0.0504496 -0.995027
t 0.891331 0.417224 -0.177348
bt 0.280796 0.0405436 0.958911
t 0.213923 0.416931 0.883405
bt -0.977009 0.00841053 0.213032
t 0.873363 0.415948 0.253424
bt 0.21831 0.0108937 -0.975819
t -0.109595 0.416241 0.902625
bt 0.958908 0.0405479 0.280805
t -0.338276 0.92214 -0.187691
bt -0.200458 0.0136752 0.979607
t -0.902911 0.416174 -0.107473
bt -0.114047 -0.0375688 0.992765
t 0.0931421 0.928425 0.359654
bt -0.980754 0.000314593 0.195245
t 0 1 0
bt -0.980784 0.00013392 0.195097
t 0 1 0
bt -0.999999 0.00150409 0
t 0 1 0
bt -1 0.000902452 0
t -0.356613 0.928032 0.107627
bt -0.191727 -0.00864486 -0.98141
t 0 1 0
bt -0.195101 0.000367793 -0.980783
t 0 1 0
bt 0 0.00172115 -0.999999
t 0 1 0
bt 0 0.00103269 -0.999999
t -0.153898 0.926826 0.342504
bt -0.831365 -0.00047281 -0.555727
t 0.263539 0.926374 -0.269032
bt -0.828465 0.0131567 -0.559887
t 0.344251 0.926632 -0.151144
bt -0.55557 2.42803e-07 -0.83147
t -0.280383 0.927474 0.247342
bt -0.560066 0.0137096 -0.828335
t 0 1 0
bt -0.980783 -0.00125468 -0.195097
t 0.106774 0.928061 -0.356794
bt -0.980778 1.5253e-05 -0.195128
t -0.0444199 0.928257 0.369278
bt -0.980766 -0.000170851 -0.195189
t 0.366602 0.92854 -0.0584507
bt -0.195112 2.65364e-05 -0.980781
t -0.909187 0.413645 -0.0477075
bt 0.0858893 0.0504496 -0.995027
t -0.923876 0.38269 -0.000739437
bt 0 0 -1
t -0.382492 0.923399 -0.0321599
bt 0 0 -1
t -0.362212 0.928601 -0.0806432
bt 0.19516 -9.60206e-05 -0.980772
t -0.095824 0.415803 0.904392
bt -0.989668 0.0250806 -0.141167
t -0.0626344 0.38192 0.922071
bt -1 2.29627e-07 5.54325e-07
t -0.0332622 0.923365 0.382479
bt -1 2.29628e-07 9.50842e-08
t -0.236642 0.416503 -0.877796
bt -0.96835 -0.02511 0.248331
t -0.0608249 0.381962 -0.922174
bt -1 -2.29628e-07 5.54326e-07
t -0.0327581 0.923381 -0.382485
bt -1 -2.29628e-07 9.50843e-08
t -0.108487 0.928005 -0.356422
bt -0.979605 -0.0136899 0.200464
t 0.898582 0.416874 -0.13699
bt -0.141103 0.0251099 -0.989676
t 0.914177 0.37865 -0.14458
bt 0 0 -1
t 0.381999 0.922208 -0.0600804
bt 0 0 -1
t -0.91391 0.383084 0.13422
bt -0.279961 -0.135543 -0.950395
t -0.504986 0.417224 0.755588
bt -0.788514 -0.0332953 -0.614115
t 0.504986 0.417224 -0.755588
bt -0.829456 0.00164976 -0.55857
t 0.781897 0.416725 -0.463656
bt -0.600038 -0.0250998 -0.799578
t -0.90764 0.414567 0.0657531
bt -0.126206 -0.0319798 -0.991488
t 0.11029 0.416261 -0.902532
bt -0.958859 0.0406234 -0.280962
t 0 1 0
bt 1 0 0
t 0 1 0
bt 0 0 1
t -0.382697 0.923874 -0.000738331
bt 0 0 1
t 0 1 0
bt -1 0 0
t 0 1 0
bt 0.195097 -0.00120193 -0.980783
t 0 1 0
bt 0 0 -1
t 0.355351 0.927814 0.113517
bt 0.195116 -1.43004e-05 -0.98078
t 0.00791787 0.923845 -0.382685
bt 1 0 0
t 0.00092602 1 0
bt 1 0 0
t -0.0187482 0.382604 -0.923722
bt 1 6.15418e-05 -0.000148581
t -0.0243639 0.382557 0.92361
bt 1 0 0
t 0.00887517 0.92384 0.382675
bt 1 0 0
t 0 1 0
bt 1 0 0
t -0.00227628 0.999997 0
bt 1 0 0
t 0.362657 0.84071 -0.402104
bt 0.822356 0.168164 -0.543555
t 0.341866 0.627537 -0.699518
bt 0.439102 0 -0.898437
t 0.193154 0.59801 -0.777866
bt 0.241006 0 -0.970524
t 0 1 0
bt 0.999999 -0.00132178 0
t 0 1 0
bt 0 -0.00050755 1
t 0.913915 0.378542 -0.146512
bt 0.00028218 0.000116878 1
t 0.382688 0.923871 -0.00360687
bt 0 0 1
t -0.920275 0.381198 -0.0882158
bt 0.000181368 -7.51224e-05 1
t 0.251604 0.967829 -0.00139808
bt 0 0 1
t 0.267525 0.919952 0.286563
bt 0.459462 0.131225 0.87845
t 0.432518 0.879979 0.196379
bt 0.910582 0 0.413329
t 0.668197 0.721996 0.17954
bt 0.96574 0 0.259511
t -0.251605 0.96783 7.16459e-05
bt 0 0 1
t 0 1 0
bt 0 0 1
t 0 1 0
bt -1 -0.000611206 0
t 0.0189237 0.382603 0.923719
bt -1 0.000124317 0.000300138
t -0.0168669 0.923745 0.382636
bt -1 3.44442e-07 1.42626e-07
t 0.0123817 0.923806 -0.382661
bt -1 -2.29628e-07 9.50843e-08
t 0.0626652 0.381919 -0.922069
bt -1 0 0
t 0.000431638 1 0
bt -1 0 0
t -0.285447 0.916483 0.28032
bt -0.874626 0.137383 0.464925
t -0.209941 0.87953 0.427027
bt -0.441211 0 0.897403
t -0.192343 0.717663 0.669301
bt -0.2762 0 0.9611
t 0.000111019 1 0
bt -1 0 0
t 0.213923 0.416931 0.883405
bt -0.977009 0.00841053 0.213032
t 0 1 0
bt -1 0 0
t 0 1 0
bt 0 -0.000433353 -1
t -0.921774 0.381819 0.0674331
bt -0.000106984 4.43127e-05 -1
t -0.382685 0.923863 0.0054448
bt 0 0 -1
t 0.382551 0.92354 0.0269742
bt 0 0 -1
t 0.914322 0.37871 0.143504
bt -0.000244491 -0.000101268 -1
t 0.873363 0.415948 0.253424
bt 0.21831 0.0108937 -0.975819
t 0 0.999999 -0.00108697
bt 0 0 -1
t -0.364499 0.868111 -0.336933
bt -0.519499 0.160113 -0.839336
t -0.665513 0.667468 -0.334035
bt -0.893732 0 -0.448602
t -0.743732 0.638295 -0.198598
bt -0.966142 0 -0.258011
t 0 0.999999 -0.0014057
bt 0 0 -1
t 0 1 0
bt 0 0 -1
t 0 1 0
bt 0.323852 0 0.946108
t 0.141061 0.592506 0.793119
bt 0.175092 0 0.984552
t -0.0672799 0.991774 0.108889
bt 0.853379 -0.0781918 0.515394
t 0 1 0
bt -0.839314 0 0.543647
t -0.638244 0.73227 0.237538
bt -0.937198 0 0.348799
t -0.145571 0.986677 -0.0726537
bt -0.433289 -0.0798551 0.897711
t 0 1 0
bt -0.479898 0 -0.877324
t -0.209617 0.720538 -0.660973
bt -0.302304 0 -0.953212
t 0.0648851 0.989664 -0.127886
bt -0.894126 -0.0718169 -0.44202
t 0 1 0
bt 0.934863 0 -0.355009
t 0.758218 0.633088 -0.155898
bt 0.979509 0 -0.201402
t 0.110743 0.991749 0.0645816
bt 0.494091 -0.0739377 -0.866261
t -0.780478 0.625183 0
bt 0 0 -1
t -0.780478 0.625183 0
bt -1.04526e-06 8.37359e-07 -1
t -0.780478 0.625183 0
bt 0 0 -1
t -0.780478 0.625183 0
bt 0 0 -1
t 0.142956 0.986226 -0.0832008
bt -0.48703 0.0945036 -0.868257
t 0.743723 0.638307 0.198595
bt -0.966142 0 -0.258011
t 0 1 0
bt -0.893674 0 -0.448717
t 0.780478 0.625183 0
bt 0 0 -1
t 0.780478 0.625183 0
bt -1.04733e-06 -8.39014e-07 -1
t 0.780478 0.625183 0
bt 0 0 -1
t 0.780478 0.625183 0
bt 0 0 -1
t -0.110743 0.991749 -0.0645816
bt 0.494091 0.0739377 -0.866261
t -0.758228 0.633076 0.1559
bt 0.979509 0 -0.201402
t 0 0.703699 0.710499
bt -1 9.95901e-07 1.00552e-06
t 0 0.703699 0.710499
bt -1 8.53181e-07 8.61419e-07
t 0 0.703699 0.710499
bt -1 9.95901e-07 1.00552e-06
t 0 0.703699 0.710499
bt -1 9.95901e-07 1.00552e-06
t -0.0591064 0.991461 -0.11624
bt -0.893323 0.0655986 0.444602
t 0.19234 0.717674 -0.669291
bt -0.2762 0 0.9611
t 0 0.703699 -0.710499
bt -1 -9.95901e-07 1.00552e-06
t 0 0.703699 -0.710499
bt -1 -8.54868e-07 8.63121e-07
t 0 0.703699 -0.710499
bt -1 -9.95901e-07 1.00552e-06
t 0 0.703699 -0.710499
bt -1 -9.95901e-07 1.00552e-06
t -0.0648851 0.989664 0.127886
bt -0.894126 0.0718169 -0.44202
t 0.20962 0.720527 0.660984
bt -0.302304 0 -0.953212
t 0 1 0
bt 0 0 1
t 0 1 0
bt 0 0 1
t 0.251617 0.967827 -8.95376e-05
bt 0 0 1
t -0.106308 0.992894 0.0534778
bt 0.442243 0.0593314 0.894931
t -0.668186 0.722007 -0.179537
bt 0.96574 0 0.259511
t -0.251617 0.967826 0.0013828
bt 0 0 1
t 0.145571 0.986676 0.0726538
bt -0.433289 0.0798551 0.897711
t 0.638255 0.73226 -0.237542
bt -0.937198 0 0.348799
t 0 0.586523 -0.809932
bt 1 0 0
t 0 0.586523 -0.809932
bt 1 0 0
t 0 0.586523 -0.809932
bt 1 0 0
t 0 0.586523 -0.809932
bt 1 0 0
t 0.0932121 0.98414 0.150931
bt 0.855935 0.107176 -0.505854
t -0.193152 0.598022 0.777858
bt 0.241006 0 -0.970524
t 0 1 0
bt 0.439241 0 -0.898369
t 0 0.586523 0.809932
bt 1 0 0
t 0 0.586523 0.809932
bt 1 0 0
t 0 0.586523 0.809932
bt 1 0 0
t 0 0.586523 0.809932
bt 1 0 0
t 0.0672799 0.991774 -0.108889
bt 0.853379 0.0781918 0.515394
t -0.141063 0.592494 -0.793128
bt 0.175091 0 0.984552
t 0 1 0
bt 1 -0.000769522 0
t -0.00187945 0.999998 0
bt 1 0 0
t 0.00225411 0.999997 0
bt 1 0 0
t 0 1 0
bt 0 -0.000295485 1
t -0.000849829 1 0
bt -1 0 0
t -0.000105185 1 0
bt -1 0 0
t 0 1 0
bt -1 -0.000355831 0
t 0 0.999998 0.00210968
bt 0 0 -1
t 0 0.999999 0.00138584
bt 0 0 -1
t 0 1 0
bt 0 -0.000252288 -1

