g sponza_01
t 0.753823 -0.450337 0.478485
bt -0.288936 0.510539 0.809856
t 0.768715 -0.431816 0.471818
bt -0.555403 0.0071519 0.83155
t 0.746584 -0.459446 0.481167
bt -0.568704 -0.0193721 0.822314
t 0.738558 -0.471669 0.481727
bt -0.28481 0.496983 0.81969
t 0.783485 -0.405737 0.470669
bt -0.312985 0.516691 0.796913
t 0.766385 -0.419975 0.486082
bt -0.575029 -0.0636315 0.815655
t 0.772546 -0.414872 0.480681
bt -0.621426 -0.529673 0.5773
t 0.759822 -0.440683 0.477984
bt -0.631716 -0.52974 0.56596
t 0.797759 -0.398644 0.452398
bt -0.599932 -0.55576 0.575511
t 0.934256 -0.280087 0.22072
bt -0.0530787 -0.0508879 0.997293
t 0.938767 -0.256256 0.230326
bt -0.110155 0.542529 0.832783
t 0.996796 0.0148824 0.0785851
bt 0.0328502 0.396299 0.917534
t 0.995578 -0.0460457 0.0818801
bt 0.0111613 -0.101184 0.994805
t 0.961968 0.220095 -0.161787
bt 0.11714 0.0124783 0.993037
t 0.951929 0.256961 -0.166742
bt 0.0812774 0.49931 0.862603
t 0.903992 -0.361465 0.228345
bt 0.0111775 -0.566909 0.823705
t 0.980965 -0.175836 0.0823945
bt 0.0123253 -0.5652 0.824862
t 0.967114 0.180795 -0.178895
bt 0.0332579 -0.523178 0.851574
t -0.16956 0.00678108 -0.985496
bt 0.919295 -0.391169 -0.0434101
t -0.148171 -0.0255549 -0.988631
bt 0.984091 -0.173587 0.0378456
t 0.0469654 0.410994 -0.910428
bt 0.985907 -0.166613 0.0150521
t 0.0486046 0.454556 -0.889391
bt 0.934483 -0.350669 -0.061418
t 0.27759 0.75212 -0.597712
bt 0.93767 -0.31595 -0.144742
t 0.339903 0.78591 -0.516538
bt 0.998465 0.0257587 0.0490277
t 0.00694314 0.424282 -0.905503
bt 0.786109 -0.590298 -0.183249
t -0.229449 -0.226768 -0.946535
bt 0.70448 -0.683583 -0.190846
t 0.252899 0.85117 -0.459948
bt 0.645445 -0.730318 -0.223689
t 0.927203 -0.182426 -0.327133
bt 0.252049 0.211631 0.94429
t 0.931396 -0.195983 -0.306743
bt 0.174227 0.437112 0.882371
t 0.883431 0.308507 -0.352665
bt 0.194516 0.443837 0.874741
t 0.866295 0.336986 -0.368746
bt 0.274765 0.252424 0.927786
t 0.615847 0.750204 -0.240681
bt 0.342151 0.275228 0.898433
t 0.543302 0.816204 -0.196553
bt 0.155684 0.598603 0.785771
t 0.88198 0.274497 -0.383096
bt 0.379226 -0.0426689 0.92432
t 0.873641 -0.406519 -0.267383
bt 0.378835 -0.181361 0.90752
t 0.472264 0.832399 -0.289964
bt 0.402771 -0.263785 0.876466
t 0.931697 0.0491434 -0.359898
bt 0.290211 -0.0591659 0.955132
t 0.944889 0.0453965 -0.324227
bt 0.279697 -0.27602 0.919556
t 0.930938 0.173724 -0.321207
bt 0.308917 0.340252 0.888143
t 0.917493 0.206344 -0.340042
bt 0.220444 0.571523 0.790421
t 0.957128 0.040841 -0.286773
bt 0.165846 0.500142 0.849914
t 0.944735 0.0560291 -0.323012
bt 0.246326 -0.0829426 0.965631
t 0.939272 -0.0471612 -0.339917
bt 0.281949 -0.613301 0.737812
t 0.936421 0.136711 -0.32315
bt 0.255014 -0.58166 0.772424
t 0.919304 -0.0744039 -0.38645
bt 0.252956 -0.540298 0.802553
t 0.740525 0.26794 -0.616304
bt 0.337684 0.684173 0.646434
t 0.734052 0.278587 -0.61932
bt 0.584181 0.195404 0.787749
t 0.749817 0.261467 -0.60779
bt 0.604321 0.158074 0.780903
t 0.757067 0.248391 -0.604277
bt 0.343681 0.677195 0.650608
t 0.713323 0.311905 -0.627603
bt 0.31369 0.66997 0.672858
t 0.725936 0.319055 -0.609279
bt 0.637067 0.144303 0.757181
t 0.744685 0.27708 -0.607183
bt 0.309358 0.674266 0.670569
t 0.739727 0.286826 -0.608715
bt 0.646505 -0.401805 0.648524
t 0.737496 0.279427 -0.614833
bt 0.634683 -0.403623 0.658988
t 0.69822 0.336036 -0.632115
bt 0.629546 -0.43925 0.640884
t -0.525435 0.103523 -0.844513
bt 0.801815 -0.0738899 -0.592987
t -0.334645 0.318666 -0.886828
bt 0.960935 0.120101 -0.24936
t -0.517648 0.214226 -0.82834
bt 0.66405 0.531018 -0.526363
t -0.507566 0.0418594 -0.860596
bt 0.821495 -0.00448222 -0.570198
t -0.420947 0.154046 -0.893909
bt 0.749854 0.0784516 -0.656935
t -0.354512 0.514433 -0.78082
bt 0.508077 0.733621 -0.451284
t -0.514314 0.0653934 -0.855105
bt 0.727597 -0.523208 -0.443685
t -0.547636 0.0323586 -0.836091
bt 0.753668 -0.533689 -0.383616
t -0.453125 0.0362824 -0.890709
bt 0.711067 -0.540704 -0.449469
t -0.0234408 -0.169165 -0.985309
bt 0.990922 0.114312 0.0707627
t -0.00181271 -0.184778 -0.982779
bt 0.928821 0.348022 0.127174
t -0.019268 0.32113 -0.946839
bt 0.929132 0.354483 0.105149
t -0.03763 0.352918 -0.934897
bt 0.98667 0.156498 0.0446229
t 0.0303655 0.757141 -0.652545
bt 0.982838 0.181827 -0.0311307
t 0.0551705 0.820237 -0.569357
bt 0.845662 0.521177 0.115027
t -0.0532793 0.292909 -0.954655
bt 0.988344 -0.14047 -0.0586957
t -1.64408e-06 -0.397327 -0.917677
bt 0.958947 -0.276105 -0.0647116
t -0.0543523 0.845343 -0.531452
bt 0.929797 -0.354805 -0.0979358
t 0.9661 0.253203 -0.0503906
bt -0.119002 0.915553 0.38419
t 0.957935 -0.0448471 -0.283459
bt -0.12978 0.959037 0.251805
t 0.963732 0.232959 -0.130193
bt 0.0398263 0.792009 0.609209
t 0.975734 0.195929 0.0977465
bt 0.0568075 0.60844 0.791564
t 0.961676 0.115698 -0.248583
bt -0.126619 0.959659 0.251042
t 0.953791 0.157092 -0.256132
bt 0.430625 0.898086 0.0894591
t 0.956497 0.111358 -0.269652
bt 0.0116516 0.797697 0.602946
t 0.93584 0.179083 0.303535
bt 0.30357 0.34023 0.889994
t 0.910069 -0.128264 0.39411
bt 0.31181 0.113696 0.943317
t 0.975439 0.118964 -0.185381
bt 0.255514 0.441022 0.860356
t 0.988427 0.0213839 -0.150183
bt 0.26548 0.341522 0.901601
t 0.972691 -0.232065 -0.00428417
bt 0.00656369 -0.120361 0.992709
t 0.945459 -0.32374 -0.0360485
bt 0.0348705 0.388436 0.920816
t 0.999469 0.0113447 -0.0305486
bt 0.0612145 0.319458 0.945621
t 0.999291 0.00634276 -0.0371098
bt 0.0255535 -0.147532 0.988727
t 0.973031 0.220533 -0.067654
bt 0.108158 -0.110715 0.987949
t 0.94394 0.327195 -0.0438216
bt 0.0760676 0.377307 0.922959
t 0.992265 -0.089808 0.0857022
bt -0.0215399 -0.531 0.847098
t 0.989327 -0.140251 -0.0395206
bt -0.0221543 -0.52288 0.852119
t 0.989858 0.0480354 -0.133692
bt -0.00363434 -0.531574 0.847004
t 0.989868 0.100137 -0.100671
bt -0.00122741 -0.463955 0.885858
t -0.249356 -0.278175 -0.927599
bt 0.894606 0.292616 -0.337722
t -0.237955 -0.375802 -0.895628
bt 0.632478 0.714773 -0.298447
t -0.363033 -0.0697463 -0.929162
bt 0.667621 0.664699 -0.335347
t -0.369237 -0.0753909 -0.926272
bt 0.89831 0.257608 -0.355917
t -0.453708 0.109865 -0.884352
bt 0.857389 0.290647 -0.424745
t -0.462358 0.223444 -0.858078
bt 0.625242 0.70374 -0.337375
t -0.312009 -0.100249 -0.944775
bt 0.941278 -0.13922 -0.307594
t -0.316048 -0.211245 -0.924927
bt 0.944625 -0.127641 -0.30231
t -0.449771 -0.0151003 -0.893016
bt 0.942769 -0.0580672 -0.328353
t -0.0234477 -0.168563 -0.985412
bt 0.990924 0.114264 0.0708021
t -0.00179298 -0.184242 -0.982879
bt 0.928828 0.347947 0.127326
t -0.0192385 0.321563 -0.946693
bt 0.929136 0.354425 0.105303
t -0.0376384 0.353426 -0.934705
bt 0.986669 0.156481 0.0446906
t 0.0303621 0.757414 -0.652229
bt 0.98284 0.181828 -0.0310551
t 0.0551895 0.820469 -0.569021
bt 0.845669 0.521114 0.11526
t -0.0532794 0.293395 -0.954505
bt 0.988344 -0.14044 -0.0587647
t 2.87226e-06 -0.39682 -0.917896
bt 0.958952 -0.276059 -0.0648288
t -0.0543387 0.845617 -0.531016
bt 0.929797 -0.354757 -0.098107
t 0.973819 -0.215074 0.073624
bt 0.00614218 0.29057 0.956834
t 0.945984 -0.315705 0.0737822
bt 0.0334495 0.716806 0.69647
t 0.999434 -0.00358507 -0.0334504
bt 0.058906 0.668203 0.741643
t 0.999171 -0.0106913 -0.0392877
bt 0.0239321 0.25781 0.965899
t 0.975599 0.174768 -0.132901
bt 0.102247 0.297427 0.949254
t 0.94652 0.285975 -0.149391
bt 0.0730374 0.708104 0.702321
t 0.999193 -0.0344793 0.0206006
bt -0.0160752 -0.142153 0.989714
t 0.989136 -0.146678 0.00976991
bt -0.0227649 -0.130981 0.991123
t 0.990649 0.0507056 -0.126665
bt -0.00124432 -0.0599083 0.998203
t 0.900431 0.103495 0.422507
bt -0.349939 -0.0739044 0.933853
t 0.763409 0.318592 0.561877
bt -0.670436 0.120122 0.732179
t 0.885087 0.214149 0.413232
bt -0.270628 0.530984 0.803005
t 0.894185 0.0419144 0.445731
bt -0.37884 -0.00448723 0.925451
t 0.839652 0.15405 0.520819
bt -0.271529 0.0784333 0.959229
t 0.722372 0.514426 0.462108
bt -0.180633 0.733621 0.655112
t 0.896843 0.0654496 0.437481
bt -0.368914 -0.523235 0.768198
t 0.914465 0.0323544 0.40337
bt -0.423477 -0.533683 0.732018
t 0.864911 0.036249 0.500615
bt -0.351906 -0.540694 0.764076
t 0.996547 0.0383031 -0.0736646
bt -0.0297404 -0.0641112 0.9975
t 0.999064 0.0429122 -0.005476
bt 0.0237816 -0.247491 0.968598
t 0.828682 -0.542506 -0.137744
bt -0.0467446 -0.267108 0.962532
t 0.805345 -0.57093 -0.159557
bt -0.0447159 0.000526259 0.999
t 0.66857 0.717929 0.193889
bt -0.0562216 0.221066 0.973637
t 0.81907 0.556382 0.139873
bt 0.0217816 -0.231251 0.97265
t 0.987416 -0.129753 0.0904061
bt 0.0273516 -0.466463 0.884118
t 0.642348 -0.745596 -0.177416
bt -0.000743376 -0.674334 0.738426
t 0.737358 0.659482 0.146243
bt 0.071241 -0.603327 0.794306
t 0.345771 0.197682 -0.917259
bt 0.915279 0.0212136 0.402262
t 0.269816 0.421898 -0.865564
bt 0.873483 0.071079 0.481638
t 0.245133 0.535695 -0.808048
bt 0.861916 0.23131 0.451217
t 0.246769 0.545485 -0.800969
bt 0.931058 0.0831165 0.355279
t 0.223479 0.750956 -0.621387
bt 0.943829 0.125505 0.305671
t 0.310377 0.652762 -0.691062
bt 0.939374 0.157971 0.304339
t 0.384795 0.444689 -0.808817
bt 0.987399 -0.0916315 0.129021
t 0.295659 0.15837 -0.942075
bt 0.986075 -0.13794 0.0928929
t 0.169394 0.478528 -0.861578
bt 0.968976 -0.134886 0.207101
t 0.169292 0.648225 -0.742391
bt 0.948273 0.0636888 0.311002
t -0.0267973 0.110339 -0.993533
bt 0.79213 0.601087 0.105949
t -0.0444952 0.0998401 -0.994008
bt 0.918375 0.395227 0.0195779
t 0.106843 -0.28554 -0.952392
bt 0.937018 0.344496 0.0576252
t 0.0520945 -0.064177 -0.996578
bt 0.883238 0.461339 0.0840048
t -0.116196 0.366605 -0.923092
bt 0.797114 0.603704 0.0123003
t -0.160179 0.380648 -0.910742
bt 0.900133 0.435498 0.0101473
t -0.00838208 -0.0275186 -0.999586
bt 0.994408 0.104044 -0.018092
t 0.110999 -0.428053 -0.896911
bt 0.99939 0.00043645 0.0349144
t -0.0873921 0.240223 -0.966776
bt 0.949182 0.314415 -0.0140569
t 0.872028 -0.488384 0.0323786
bt -0.0702317 -0.125486 0.989606
t 0.824749 -0.565497 -0.00129967
bt 0.0781526 0.359992 0.929676
t 0.964023 -0.265538 0.0122225
bt 0.0880466 0.284902 0.954504
t 0.963597 -0.26731 0.00507957
bt -0.0561717 -0.156166 0.986132
t 0.997964 -0.0594423 -0.0231089
bt 0.0217781 -0.141369 0.989717
t 0.99864 0.0521279 0.00128347
bt 0.115624 0.337762 0.934103
t 0.945718 -0.320967 0.050974
bt -0.171375 -0.517719 0.838211
t 0.91325 -0.4074 -2.13501e-05
bt -0.176082 -0.507523 0.843455
t 0.981952 -0.180309 -0.057086
bt -0.144135 -0.456067 0.878196
t -0.970762 -0.00768038 0.239922
bt 0.228018 -0.171961 0.958352
t -0.974884 -0.0264351 0.221138
bt 0.255859 -0.195409 0.946758
t -0.972429 -0.0144944 0.232747
bt 0.218801 -0.591257 0.776235
t -0.969271 0.00158654 0.245991
bt 0.206007 -0.584774 0.784602
t -0.972884 -0.0368102 0.228345
bt 0.237317 -0.134507 0.962075
t -0.97743 -0.0465476 0.206067
bt 0.246676 -0.585378 0.772323
t -0.973636 -0.0205528 0.227179
bt 0.227324 0.262874 0.937668
t -0.975642 -0.0412894 0.215446
bt 0.18802 0.254949 0.948498
t -0.97125 -0.0270221 0.236524
bt 0.226421 0.275022 0.934396
t 0.973819 -0.215073 0.0736256
bt 0.00614643 0.290569 0.956834
t 0.945985 -0.315704 0.0737834
bt 0.0334395 0.716808 0.696469
t 0.999434 -0.00358492 -0.0334502
bt 0.0589179 0.668203 0.741642
t 0.999171 -0.0106912 -0.0392873
bt 0.0239354 0.25781 0.965899
t 0.975599 0.174768 -0.132901
bt 0.102256 0.297428 0.949252
t 0.94652 0.285975 -0.149391
bt 0.0730486 0.708105 0.702318
t 0.999193 -0.0344795 0.020602
bt -0.0160817 -0.142152 0.989714
t 0.989136 -0.146678 0.00976991
bt -0.0227649 -0.130981 0.991123
t 0.990649 0.0507057 -0.126666
bt -0.00124432 -0.0599083 0.998203
t -0.553143 -0.242354 0.797056
bt -0.751702 -0.328274 -0.571997
t -0.499633 -0.324393 0.803203
bt -0.803313 0.179823 -0.567761
t -0.586927 0.00235224 0.809637
bt -0.826421 0.104786 -0.553217
t -0.580641 -0.00145374 0.814158
bt -0.7565 -0.350288 -0.552273
t -0.570325 0.217577 0.792079
bt -0.810902 -0.319732 -0.490112
t -0.587777 0.315811 0.744836
bt -0.828332 0.167514 -0.534608
t -0.610796 -0.0627308 0.789299
bt -0.55915 -0.691029 -0.458072
t -0.550174 -0.144469 0.822458
bt -0.559962 -0.684555 -0.46672
t -0.537979 0.104723 0.836428
bt -0.606974 -0.636253 -0.476198
t 0.973819 -0.215075 0.0736209
bt 0.00614653 0.290569 0.956834
t 0.945985 -0.315704 0.0737832
bt 0.0334419 0.716807 0.696469
t 0.999434 -0.00358725 -0.0334528
bt 0.0589141 0.668203 0.741642
t 0.999171 -0.0106917 -0.0392894
bt 0.0239353 0.25781 0.965899
t 0.975599 0.174769 -0.132899
bt 0.102249 0.297427 0.949254
t 0.94652 0.28598 -0.149386
bt 0.0730408 0.708104 0.70232
t 0.999193 -0.0344795 0.020602
bt -0.0160823 -0.142152 0.989714
t 0.989136 -0.146678 0.00976991
bt -0.0227631 -0.130981 0.991123
t 0.990649 0.0507057 -0.126666
bt -0.00124608 -0.0599084 0.998203
t 0.999701 0.022137 -0.0104225
bt -0.0134161 0.554542 0.832048
t 0.999271 0.033319 -0.0186125
bt -0.00325829 0.00939459 0.999951
t 0.999939 0.0105037 -0.00330151
bt 0.00249785 -0.0299774 0.999547
t 0.999991 -0.00395078 0.00163016
bt 1.07948e-07 0.546179 0.837668
t 0.996879 0.0718124 -0.0327858
bt -0.0388587 0.548012 0.835568
t 0.997156 0.0747453 -0.00959775
bt 0.0383586 -0.0603029 0.997443
t 0.999237 0.0386429 -0.00561245
bt 0.0150536 -0.583626 0.811883
t 0.999387 0.032336 -0.0134289
bt 5.66648e-07 -0.581683 0.813416
t 0.994105 0.100186 -0.0414464
bt 1.09882e-06 -0.6129 0.79016
t -0.550491 0.385253 -0.740634
bt 0.870885 0.0629403 -0.48744
t -0.536093 0.372959 -0.757302
bt 0.91624 0.23598 -0.323757
t -0.392962 0.753549 -0.527015
bt 0.906396 0.251794 -0.339185
t -0.392188 0.774337 -0.496578
bt 0.868895 0.113274 -0.481861
t -0.108628 0.973314 -0.202137
bt 0.834577 0.17093 -0.523702
t -0.0358063 0.989094 -0.14287
bt 0.890005 0.397202 -0.223878
t -0.435137 0.728298 -0.529375
bt 0.744507 -0.0872485 -0.661889
t -0.568979 0.158159 -0.807
bt 0.684881 -0.206382 -0.698817
t -0.0979091 0.994047 -0.0477967
bt 0.62621 -0.257913 -0.73576
t -0.975011 -0.0687545 -0.211252
bt 0.0654564 0.525627 -0.848193
t -0.991643 -0.0940245 0.0883358
bt 0.0271649 0.646244 -0.762647
t -0.987251 -0.0172193 -0.158237
bt 0.00217101 0.178486 -0.98394
t -0.927838 -0.224585 -0.297788
bt 0.0785242 -0.108523 -0.990988
t -0.999373 0.0261423 -0.0238727
bt -0.506204 0.542868 -0.670113
t -0.999888 -0.00374689 0.0144906
bt 0.0189971 0.204778 -0.978624
t -0.885054 -0.344565 -0.312978
bt -0.0711536 -0.503242 -0.861211
t -0.681953 -0.685144 -0.255966
bt -0.038191 -0.707271 -0.70591
t -0.99617 -0.0713138 -0.0505935
bt -0.0682971 -0.385367 -0.920232
t -0.0536443 -0.154023 0.98661
bt -0.942628 0.332836 -0.0259302
t -0.0556714 -0.318617 0.946247
bt -0.997838 0.0358378 0.0550889
t 0.0259991 -0.46375 0.885584
bt -0.993771 -0.0807226 -0.0768335
t 0 0 1
bt -0.985346 -0.117487 -0.123651
t -0.0103067 -0.0179528 0.999786
bt -0.866141 0.495732 0.0636345
t 0.139189 -0.0602476 0.988431
bt -0.968218 0.250099 -0.00206148
t -0.0216162 -0.582231 0.812736
bt -0.899122 -0.424882 -0.105141
t 1.31374e-05 -0.715418 0.698697
bt -0.891547 -0.408402 -0.195836
t -0.0577562 -0.212386 0.975478
bt -0.950527 -0.297499 0.0894043
t 0.395849 0.131342 0.908874
bt -0.994092 0.077158 0.0763445
t 0.0714642 0.142362 0.987231
bt -0.974575 -0.0649548 0.21444
t 0.340521 0.140419 0.929693
bt -0.961611 -0.187193 0.200655
t 0.474507 0.163084 0.865012
bt -0.996964 -0.00435339 0.0777479
t 0.196038 0.19149 0.961718
bt -0.704909 0.203987 0.679332
t 0.236423 0.186366 0.95361
bt -0.982656 -0.0750023 0.169594
t 0.0857483 0.0702438 0.993837
bt -0.859654 -0.325431 0.393815
t 0.0958094 -0.14558 0.984696
bt -0.768735 -0.493462 0.406868
t 0.197569 0.160148 0.967119
bt -0.890784 -0.273948 0.36257
t -0.996083 0.0492836 -0.0734197
bt 0.138213 0.698483 -0.702153
t -0.993773 0.0716659 -0.0853169
bt 0.145283 0.55017 -0.822317
t -0.986054 0.166422 0.00152542
bt 0.0773702 0.920352 -0.383361
t -0.98639 0.161258 0.0321054
bt 0.0972974 0.979141 -0.178371
t -0.987806 0.0961737 -0.122437
bt 0.168452 0.957665 -0.233457
t -0.993025 0.0803798 -0.0862564
bt 0.178232 0.695207 -0.696363
t -0.990212 -0.0068465 -0.139405
bt 0.0950397 0.221842 -0.97044
t -0.990675 0.132975 -0.0296884
bt 0.132841 0.262131 -0.955846
t -0.988563 -0.0594823 -0.138585
bt 0.143451 0.312389 -0.93906
t 0.0043253 -0.367046 -0.930193
bt 0.930052 0.36513 -0.0410229
t -0.0155427 -0.347354 -0.937605
bt 0.994311 0.105564 -0.0142296
t 0.0234259 -0.708559 -0.705262
bt 0.997568 0.057179 0.0398537
t 0.0328464 -0.535545 -0.843868
bt 0.98047 0.196284 0.0123177
t -0.0197357 -0.0781685 -0.996745
bt 0.939468 0.32078 -0.120416
t -0.0633211 -0.0471895 -0.996877
bt 0.991021 0.127804 -0.039279
t -0.0114638 -0.482926 -0.875586
bt 0.975324 -0.211946 0.0618187
t -0.000825677 -0.801415 -0.598109
bt 0.94778 -0.278747 0.154962
t -0.0235834 -0.221055 -0.974976
bt 0.999894 -0.00691061 -0.0128374
t -0.341083 -0.712695 0.612967
bt 0.924973 -0.305065 0.226628
t -0.39036 -0.469102 0.792189
bt 0.922678 -0.346864 0.168374
t -0.348768 -0.538169 0.767291
bt 0.885322 0.0308719 0.463953
t -0.331861 -0.715094 0.615231
bt 0.868813 0.0509185 0.492514
t -0.31732 -0.831801 0.455428
bt 0.8615 -0.00804501 0.507694
t -0.241912 -0.882887 0.402478
bt 0.907057 -0.368999 0.202702
t -0.374488 -0.600971 0.706111
bt 0.670624 0.396013 0.627246
t -0.313475 -0.713839 0.626233
bt 0.670256 0.389429 0.631745
t -0.353206 -0.767943 0.53433
bt 0.723942 0.317224 0.612599
t 0.592243 0.0953781 0.800094
bt -0.720145 0.443918 0.533224
t 0.581638 -0.00998462 0.813386
bt -0.523567 0.80951 0.265653
t 0.675229 0.281542 0.681763
bt -0.53809 0.778452 0.323219
t 0.677618 0.267397 0.685079
bt -0.713691 0.425357 0.556522
t 0.719499 0.419852 0.553214
bt -0.646888 0.490112 0.584231
t 0.706465 0.51005 0.490669
bt -0.501132 0.812186 0.298698
t 0.636959 0.260136 0.725681
bt -0.753733 0.0472892 0.655477
t 0.645182 0.151238 0.748911
bt -0.759322 0.0566681 0.648243
t 0.734082 0.310451 0.603941
bt -0.75121 0.1316 0.646811
t 0.966469 -0.129309 0.221849
bt -0.0435468 -0.0579078 0.997372
t 0.967114 -0.105066 0.231628
bt -0.17749 0.520901 0.834961
t 0.98182 0.172516 0.0791668
bt -0.0173482 0.39746 0.917456
t 0.990512 0.109622 0.082884
bt 0.0266413 -0.0987318 0.994757
t 0.916155 0.367435 -0.160164
bt 0.119359 0.0325948 0.992316
t 0.900906 0.401428 -0.164997
bt 0.0179019 0.506748 0.861908
t 0.948769 -0.216186 0.230437
bt 0.0823962 -0.55996 0.824412
t 0.996143 -0.0191723 0.0856242
bt 0.0831595 -0.558117 0.825584
t 0.927292 0.329942 -0.176826
bt 0.100132 -0.512701 0.852709
t 0.044903 -0.262976 -0.963757
bt 0.994386 0.0430544 0.0966533
t -0.00312869 -0.0740304 -0.997251
bt 0.988494 0.141134 -0.0544231
t -0.0217993 0.0596216 -0.997983
bt 0.961992 0.26347 0.0717994
t -0.00914468 0.0979819 -0.995146
bt 0.996452 0.0815176 0.020919
t -0.0296852 0.33529 -0.941647
bt 0.993758 0.103564 -0.0414571
t 0.0146658 0.19726 -0.980241
bt 0.98943 0.135534 -0.0515686
t 0.0323855 -0.00338417 -0.99947
bt 0.978915 -0.178472 -0.0993609
t 0.0204234 -0.338738 -0.940659
bt 0.96861 -0.217804 0.119821
t -0.0807433 0.189286 -0.978597
bt 0.998078 0.0604749 -0.0135601
t 0.825804 -0.52668 -0.201633
bt -0.179923 -0.531346 0.827828
t 0.817104 -0.552798 -0.16357
bt -0.287222 -0.678383 0.676239
t 0.878423 -0.457819 -0.137023
bt 0.024012 -0.27919 0.959936
t 0.897584 -0.424131 -0.120229
bt 0.145125 -0.0383942 0.988668
t 0.807671 -0.572392 -0.141548
bt 0.0482481 -0.07423 0.996073
t 0.822982 -0.545172 -0.159651
bt -0.228278 -0.514258 0.826697
t 0.772665 -0.599672 -0.208285
bt -0.362674 -0.8422 0.398958
t 0.861365 -0.491286 -0.129184
bt -0.380547 -0.814114 0.438637
t 0.758008 -0.596081 -0.264787
bt -0.374448 -0.793082 0.480427
t 0.0610772 -0.17834 0.982072
bt -0.776486 0.618026 0.122936
t 0.0776199 -0.171532 0.982116
bt -0.945728 0.311966 0.0909716
t 0.0561062 -0.182203 0.981659
bt -0.950678 0.296691 0.0904752
t 0.0502975 -0.189205 0.980649
bt -0.779668 0.611261 0.135937
t 0.0825315 -0.156532 0.984219
bt -0.779561 0.619003 0.095502
t 0.0590215 -0.162431 0.984953
bt -0.961723 0.259664 0.0875367
t 0.0751295 -0.159065 0.984405
bt -0.997249 -0.0486513 0.0559318
t 0.0657133 -0.174271 0.982503
bt -0.997871 -0.0527888 0.0382916
t 0.0958717 -0.166288 0.981406
bt -0.993468 -0.0760585 0.0850642
t 0.997882 -0.0407625 -0.0507002
bt 0.0408391 0.0770941 0.996187
t 0.998238 -0.0269299 -0.0528721
bt 0.0148262 -0.458905 0.888361
t 0.997242 -0.0551455 -0.0496643
bt 0.0179206 -0.495553 0.868393
t 0.996262 -0.0698736 -0.050799
bt 0.0540886 0.0653662 0.996394
t 0.998619 0.0156892 -0.0501473
bt 0.0140181 0.0705787 0.997408
t 0.999546 0.00687139 -0.0293374
bt 0.0489982 -0.520087 0.852706
t 0.998801 -0.0279137 -0.0402189
bt -0.00783471 -0.884133 0.46717
t 0.998312 -0.0298763 -0.0498004
bt -0.0218139 -0.882143 0.470477
t 0.997838 0.0451061 -0.047804
bt -0.0242201 -0.898019 0.439288
t -0.412296 -0.396989 -0.820007
bt 0.893838 -0.224184 -0.388324
t -0.42994 -0.476597 -0.766816
bt 0.834665 0.278096 -0.475392
t -0.445177 -0.161374 -0.880781
bt 0.843566 0.201599 -0.497749
t -0.451287 -0.164465 -0.877092
bt 0.881247 -0.250303 -0.400939
t -0.468428 0.0518219 -0.88198
bt 0.849675 -0.229361 -0.474812
t -0.433822 0.159051 -0.886849
bt 0.819142 0.259345 -0.511612
t -0.407841 -0.22293 -0.88542
bt 0.758016 -0.605021 -0.243643
t -0.450256 -0.307757 -0.838186
bt 0.765537 -0.596478 -0.241181
t -0.505433 -0.0675032 -0.860221
bt 0.788281 -0.546396 -0.282956
t -0.159424 -0.171811 0.972145
bt -0.850388 0.524878 -0.0366484
t -0.180184 -0.271344 0.945466
bt -0.508775 0.860899 -0.000568675
t -0.0112686 0.00431826 0.999927
bt -0.561409 0.827238 0.0223238
t -0.00596326 -0.00523625 0.999969
bt -0.868673 0.494952 -0.0207216
t 0.123102 0.149766 0.981028
bt -0.845537 0.531168 0.054106
t 0.165907 0.253293 0.953057
bt -0.517675 0.854749 0.0376428
t -0.0650268 -0.0118587 0.997813
bt -0.989654 0.1302 -0.06027
t -0.0833122 -0.123348 0.98886
bt -0.987708 0.141233 -0.0669801
t 0.0912726 0.0314171 0.99533
bt -0.976283 0.211579 -0.0458816
t -0.926641 0.105709 -0.360779
bt 0.322547 0.493847 -0.807514
t -0.923775 0.00123503 -0.382933
bt 0.293684 0.837872 -0.46013
t -0.936426 0.282863 -0.207596
bt 0.275815 0.810102 -0.51736
t -0.940183 0.26835 -0.209867
bt 0.305182 0.476681 -0.824402
t -0.907973 0.413286 -0.0691405
bt 0.234402 0.53971 -0.808559
t -0.865106 0.501248 -0.0184872
bt 0.257306 0.840981 -0.475966
t -0.92727 0.26422 -0.265252
bt 0.291861 0.108895 -0.950242
t -0.945086 0.156572 -0.286877
bt 0.300295 0.118166 -0.946499
t -0.945886 0.305452 -0.109537
bt 0.293127 0.192325 -0.936529
t 0.735627 -0.455951 0.50096
bt -0.590659 0.0978936 0.800961
t 0.835123 -0.238255 0.495787
bt -0.607543 0.184896 0.772466
t 0.857983 -0.105978 0.502627
bt -0.516446 0.296197 0.803462
t 0.862152 -0.060821 0.502987
bt -0.520769 0.105838 0.847112
t 0.825484 0.21228 0.522985
bt -0.459936 0.107868 0.881376
t 0.805971 0.0562657 0.589275
bt -0.443686 0.135736 0.885844
t 0.817389 -0.187692 0.544653
bt -0.447008 -0.175639 0.877117
t 0.747923 -0.491747 0.445865
bt -0.408346 -0.24491 0.879359
t 0.888822 0.0476898 0.455765
bt -0.492323 0.0606003 0.868301
t -0.0234407 -0.169165 -0.985309
bt 0.990922 0.114312 0.0707626
t -0.0017987 -0.184773 -0.98278
bt 0.92882 0.348022 0.127174
t -0.0192721 0.321129 -0.94684
bt 0.929132 0.354483 0.105148
t -0.0376309 0.352918 -0.934897
bt 0.98667 0.156498 0.044623
t 0.0303567 0.757141 -0.652546
bt 0.982837 0.181829 -0.0311324
t 0.0551597 0.820235 -0.569361
bt 0.845661 0.521179 0.115024
t -0.0532792 0.292909 -0.954655
bt 0.988344 -0.14047 -0.0586955
t 1.10052e-06 -0.397328 -0.917677
bt 0.958946 -0.276106 -0.0647143
t -0.0543523 0.845343 -0.531452
bt 0.929797 -0.354805 -0.0979355
t -0.983787 -0.168585 -0.0611693
bt 0.15557 0.114233 -0.981198
t -0.979409 -0.184241 -0.0825424
bt 0.206541 0.347946 -0.914481
t -0.944849 0.321579 -0.0620335
bt 0.184644 0.354455 -0.916661
t -0.934483 0.353438 -0.042695
bt 0.12917 0.156447 -0.979203
t -0.647231 0.757404 -0.0862021
bt 0.0533146 0.181789 -0.981891
t -0.562173 0.820481 -0.103791
bt 0.187353 0.521099 -0.832679
t -0.955543 0.293441 -0.0288134
bt 0.0262382 -0.140454 -0.989739
t -0.914495 -0.396858 -0.0787495
bt 0.0177054 -0.276076 -0.960973
t -0.533734 0.845609 0.00857665
bt -0.0179677 -0.354755 -0.934787
t -0.50731 0.0671307 -0.859145
bt 0.841795 -0.186099 -0.506703
t -0.547871 0.230335 -0.804228
bt 0.887027 -0.00708515 -0.461663
t -0.535807 0.0126475 -0.844246
bt 0.845271 0.233809 -0.480469
t -0.522915 -0.0478726 -0.851039
bt 0.873823 -0.086779 -0.478438
t -0.500688 -0.0166863 -0.865467
bt 0.872249 0.267452 -0.409451
t -0.515467 -0.00240288 -0.856906
bt 0.89007 -0.11941 -0.439906
t -0.545346 -0.0616758 -0.835939
bt 0.743954 -0.497902 -0.445676
t -0.512963 0.047658 -0.857087
bt 0.778015 -0.465944 -0.421413
t -0.547822 -0.0903185 -0.831705
bt 0.794503 -0.426839 -0.431942
t -0.517991 -0.0797612 -0.851659
bt 0.741597 -0.498167 -0.449292
t 0.0866307 -0.665941 0.740957
bt -0.939567 -0.301341 -0.162505
t 0.060653 -0.241206 0.968577
bt -0.91518 -0.377239 -0.141902
t 0.0911579 -0.396436 0.913526
bt -0.99592 0.0135058 0.0892209
t 0.0988934 -0.524618 0.845574
bt -0.964086 -0.261118 0.0485369
t 0.224262 -0.292723 0.929527
bt -0.973453 0.205982 0.0997991
t 0.205542 -0.253798 0.945166
bt -0.997469 -0.0549169 0.0451567
t 0.164398 -0.734384 0.658523
bt -0.752605 -0.632475 -0.183198
t 0.207166 -0.823674 0.527867
bt -0.757281 -0.596281 -0.266411
t 0.048331 -0.448909 0.892269
bt -0.815363 -0.578093 0.0314808
t -0.17375 -0.886383 0.429111
bt -0.798046 -0.106669 -0.593081
t -0.298598 -0.599942 0.742233
bt -0.785558 -0.181542 -0.591559
t -0.241292 -0.719897 0.650789
bt -0.951185 0.104533 -0.29038
t -0.204458 -0.802713 0.560221
bt -0.901036 -0.147841 -0.407772
t -0.136195 -0.648334 0.749075
bt -0.939571 0.271911 -0.208015
t -0.160016 -0.617532 0.770096
bt -0.933222 0.0539088 -0.355232
t -0.0736579 -0.927657 0.366098
bt -0.618048 -0.42916 -0.658665
t 0.0153995 -0.969073 0.246293
bt -0.58994 -0.361187 -0.72216
t -0.270003 -0.742266 0.613303
bt -0.760613 -0.453775 -0.46428
t -0.173744 -0.886382 0.429115
bt -0.798045 -0.106668 -0.593082
t -0.298598 -0.599942 0.742233
bt -0.785563 -0.18155 -0.591549
t -0.241289 -0.719897 0.65079
bt -0.951185 0.104531 -0.290379
t -0.20446 -0.802713 0.560221
bt -0.901036 -0.147841 -0.407772
t -0.13621 -0.648332 0.749074
bt -0.939567 0.271919 -0.208025
t -0.16003 -0.617533 0.770093
bt -0.93322 0.0539142 -0.355238
t -0.0736527 -0.927655 0.366104
bt -0.618048 -0.429153 -0.658668
t 0.0154089 -0.96907 0.246305
bt -0.589942 -0.361176 -0.722164
t -0.270008 -0.742268 0.613298
bt -0.760613 -0.453776 -0.464279
t 0.086625 -0.665943 0.740956
bt -0.939567 -0.301337 -0.162509
t 0.060653 -0.241206 0.968577
bt -0.91518 -0.377239 -0.141902
t 0.0911627 -0.396436 0.913525
bt -0.99592 0.0135062 0.08922
t 0.0988931 -0.524618 0.845574
bt -0.964086 -0.261117 0.048535
t 0.22426 -0.292722 0.929527
bt -0.973453 0.205979 0.0998105
t 0.20554 -0.253798 0.945166
bt -0.997469 -0.0549191 0.0451645
t 0.164389 -0.734389 0.65852
bt -0.752609 -0.632468 -0.183206
t 0.207154 -0.823681 0.527861
bt -0.757285 -0.596273 -0.266418
t 0.0483305 -0.448909 0.892269
bt -0.815365 -0.578091 0.0314725
t -0.277362 -0.556633 0.78309
bt -0.799826 -0.312999 -0.512163
t -0.369621 -0.0934069 0.924476
bt -0.788548 -0.387143 -0.47782
t -0.328102 -0.257058 0.908994
bt -0.938436 0.0334342 -0.343832
t -0.301179 -0.399601 0.8658
bt -0.908106 -0.244085 -0.340244
t -0.207263 -0.152178 0.966377
bt -0.910017 0.227203 -0.346768
t -0.228631 -0.110541 0.967217
bt -0.925241 -0.0398949 -0.377277
t -0.174828 -0.63912 0.748973
bt -0.637706 -0.646965 -0.418052
t -0.0837065 -0.748637 0.657675
bt -0.604212 -0.622384 -0.49756
t -0.363052 -0.315966 0.876561
bt -0.78346 -0.562873 -0.263372
t 0.751404 0.0986346 -0.652429
bt 0.26126 0.815777 0.515995
t 0.756983 0.111864 -0.643788
bt 0.442123 0.567004 0.695006
t 0.862157 -0.012702 -0.506482
bt 0.386726 0.581247 0.715958
t 0.886823 -0.0550637 -0.458817
bt 0.188841 0.870757 0.454005
t 0.610853 0.201327 -0.76572
bt 0.236365 0.841806 0.485278
t 0.626306 0.129199 -0.768797
bt 0.470251 0.584022 0.661652
t 0.756958 0.0782109 -0.648766
bt 0.546488 0.235805 0.803584
t 0.822203 0.0254357 -0.568625
bt 0.543786 0.243171 0.803221
t 0.688557 0.0943627 -0.719017
bt 0.545349 0.292136 0.785653
t 0.720573 -0.689775 0.0706069
bt 0.203928 0.55481 0.806598
t 0.716246 -0.691911 0.090828
bt 0.238521 0.717789 0.654131
t 0.940199 -0.316926 -0.124831
bt 0.261362 0.713479 0.650106
t 0.939621 -0.298566 -0.167242
bt 0.240326 0.563831 0.790151
t 0.941905 0.202671 -0.267844
bt 0.304322 0.53065 0.791075
t 0.903443 0.318675 -0.286771
bt 0.301914 0.800643 0.517511
t 0.931605 -0.326166 -0.160398
bt 0.20319 0.295064 0.933622
t 0.574009 -0.800697 0.17146
bt 0.152108 0.182544 0.97136
t 0.859185 0.312688 -0.405004
bt 0.141073 0.0910129 0.985807
t -0.749709 0.0333082 -0.660929
bt 0.750249 0.0419602 -0.659822
t -0.728912 0.0268635 -0.68408
bt 0.810995 0.13738 -0.568696
t -0.680619 0.35645 -0.640078
bt 0.787342 0.131415 -0.602347
t -0.700721 0.345642 -0.624117
bt 0.752249 0.0869039 -0.653123
t -0.567044 0.637754 -0.521279
bt 0.802629 0.172142 -0.571099
t -0.607835 0.569813 -0.553037
bt 0.735866 0.0637773 -0.674117
t -0.719338 0.355742 -0.596658
bt 0.627207 -0.0825119 -0.774469
t -0.726141 -0.0703595 -0.683936
bt 0.588767 -0.11122 -0.800615
t -0.54284 0.752084 -0.373758
bt 0.542404 -0.144034 -0.827679
t -0.163024 -0.169114 -0.97202
bt 0.990939 0.114288 -0.070556
t -0.141227 -0.184774 -0.972581
bt 0.937479 0.34799 -0.00591512
t -0.153424 0.321098 -0.934536
bt 0.934638 0.354518 -0.0277394
t -0.169922 0.352994 -0.920066
bt 0.983018 0.156503 -0.0958282
t -0.062549 0.757133 -0.650259
bt 0.968475 0.18182 -0.17029
t -0.026189 0.820224 -0.571443
bt 0.853424 0.521181 -0.00612935
t -0.188189 0.29294 -0.937428
bt 0.970018 -0.140453 -0.19834
t -0.130205 -0.397275 -0.908416
bt 0.940069 -0.276082 -0.20012
t -0.129217 0.845334 -0.518377
bt 0.906493 -0.354799 -0.228883
t -0.366844 0.421165 -0.829485
bt 0.92956 -0.104103 -0.353668
t -0.374453 0.418327 -0.827519
bt 0.833144 -0.289341 -0.471331
t -0.512044 0.047429 -0.857649
bt 0.816991 -0.367788 -0.444137
t -0.419262 0.254448 -0.871479
bt 0.873225 -0.263351 -0.41003
t -0.23952 0.64588 -0.724893
bt 0.892582 -0.073744 -0.444813
t -0.264195 0.677779 -0.686161
bt 0.83105 -0.269531 -0.486528
t -0.422437 0.311229 -0.851284
bt 0.659375 -0.551366 -0.511097
t -0.564823 -0.0928826 -0.819968
bt 0.616537 -0.637422 -0.462142
t -0.312146 0.55205 -0.773179
bt 0.771175 -0.378281 -0.512048
t -0.979037 0.0802052 0.187227
bt -0.28828 0.0453473 -0.956472
t -0.985124 0.138568 -0.101631
bt -0.147564 -0.0194154 -0.988862
t -0.888274 0.301242 0.34673
bt -0.365189 0.31639 -0.87552
t -0.858038 0.367748 0.358514
bt -0.34098 0.372674 -0.863045
t -0.997943 0.0631845 0.0108691
bt -0.05954 0.0242877 -0.99793
t -0.997361 0.0716936 0.0114872
bt -0.060466 0.00474589 -0.998159
t -0.995084 -0.0660902 0.0737537
bt 0.00794973 0.142847 -0.989713
t 0.966984 -0.202238 0.155054
bt -0.283893 -0.139318 0.948681
t 0.902214 -0.24408 0.355577
bt -0.437916 -0.117985 0.89124
t 0.988095 0.0272269 0.151415
bt -0.29406 -0.00649971 0.955765
t 0.98637 0.0661474 0.150663
bt -0.293418 8.20169e-05 0.955984
t 0.988322 0.0569746 0.141326
bt -0.317107 0.0658849 0.946099
t 0.986376 0.0482758 0.157264
bt -0.0765754 0.0546471 0.995565
t 0.990206 0.0160069 0.138692
bt -0.349358 0.442427 0.825958
t 0.99668 -0.0652962 0.0486405
bt -0.121213 0.405235 0.906141
t 0.942693 -0.284406 -0.174482
bt -0.323534 0.0868298 0.942224
t 0.926922 -0.308622 -0.213469
bt -0.316635 -0.0769527 0.945421
t 0.501613 -0.0800885 -0.861377
bt 0.773173 0.180477 0.607973
t 0.494532 -0.0767215 -0.865767
bt 0.726034 0.265112 0.6345
t 0.529458 -0.279778 -0.800874
bt 0.801163 -0.000527698 0.598446
t 0.526107 -0.298295 -0.796386
bt 0.794103 -0.0374536 0.606629
t 0.888236 0.0958083 -0.449287
bt 0.642195 0.183617 0.744225
t 0.910323 0.108344 -0.399466
bt 0.408873 0.199489 0.890521
t 0.661891 0.0190279 -0.749359
bt 0.770047 0.0425211 0.636569
t 0.684138 0.00823843 -0.729306
bt 0.765556 0.0439525 0.641866
t 0.874374 -0.3618 0.323373
bt -0.570555 -0.179323 0.801443
t 0.98248 -0.160287 -0.0950802
bt 0.294938 -0.3232 0.899196
t 0.369436 0.776189 0.510928
bt -0.0868687 -0.697046 0.711745
t 0.645983 0.385813 0.658676
bt -0.182244 -0.502536 0.84513
t 0.696236 0.443774 0.564199
bt -0.237069 -0.429724 0.871284
t 0.33325 0.787756 0.518059
bt -0.0910669 -0.695619 0.712615
t 0.922808 0.378592 -0.0713679
bt 0.294261 0.3976 0.869094
t 0.860157 0.467575 0.203725
bt 0.0351644 0.409506 0.91163
t 0.884358 0.466808 0.00083163
bt 0.227199 0.280201 0.932667
t 0.920037 0.391679 0.0109029
bt 0.216705 0.294158 0.930865
t 0.920642 0.365082 0.138324
bt -0.0255575 0.054979 0.99816
t 0.830982 0.540512 0.131588
bt 0.0221636 -0.0244406 0.999456
t 0.760976 0.629343 0.157616
bt 0.0238341 -0.0242597 0.999422
t 0.593668 0.462312 0.658655
bt -0.347509 0.137112 0.927598
t -0.892614 0.393291 -0.220367
bt -0.35243 -0.0891644 0.931581
t -0.844351 0.467042 -0.262571
bt -0.373484 -0.0695039 0.925029
t -0.959557 0.0556439 -0.275959
bt -0.287491 -0.23677 0.928056
t -0.991843 0.0159019 -0.126473
bt -0.288041 -0.250359 0.924312
t -0.979026 -0.0313 0.201316
bt 0.473502 0.0578771 0.878889
t -0.432994 0.0198472 0.901178
bt 0.681466 0.0774634 0.727738
t -0.979183 0.0374068 0.199502
bt 0.289333 -0.133002 0.947944
t -0.981345 0.00825468 0.19208
bt 0.291223 -0.277262 0.915595
t -0.354321 0.0264039 0.934751
bt 0.903805 0.0556101 0.424316
t -0.352708 -0.00791947 0.9357
bt 0.891543 0.180343 0.415484
t 0.943199 -0.280012 -0.178798
bt 0.342113 -0.230909 0.910846
t 0.94074 0.0627412 -0.333275
bt 0.405384 -0.327605 0.853428
t 0.967541 -0.163513 -0.192688
bt 0.304062 -0.298336 0.904733
t 0.867259 -0.336216 -0.367178
bt 0.335315 -0.1323 0.93277
t 0.647351 0.527553 -0.550113
bt 0.513272 -0.0883961 0.853662
t 0.770072 0.175734 -0.613276
bt 0.461225 -0.147045 0.875014
t 0.853619 0.281183 -0.438487
bt 0.511375 -0.428615 0.744839
t 0.510243 0.533239 -0.674765
bt 0.45342 0.32061 0.831637
t 0.841539 0.0647503 -0.536301
bt 0.480829 -0.523991 0.70302

