g sponza_263
t 0.270217 0.00104461 -0.962799
bt 0.0468332 -0.800798 0.597101
t 0.270044 0.00173783 -0.962846
bt 0.0466766 -0.80056 0.597432
t 0.261992 0 -0.96507
bt -0.112893 -0.90241 0.415826
t 0.261992 0 -0.96507
bt -0.112893 -0.90241 0.415826
t 0.297434 0.00320397 -0.954737
bt 0.0238351 -0.508628 0.860656
t 0.297779 0.00254907 -0.954631
bt 0.0238611 -0.508662 0.860636
t 0.354006 0.00492755 -0.93523
bt 0.0100043 -0.366997 0.930168
t 0.354122 0.00479493 -0.935187
bt 0.00988266 -0.366892 0.930211
t 0.467757 0.00702392 -0.883829
bt 0.00433269 -0.301394 0.95349
t 0.467958 0.0068747 -0.883724
bt 0.00493517 -0.301709 0.953387
t 0.706862 0.00929543 -0.707291
bt 0.00156309 -0.270864 0.962616
t 0.706777 0.00934206 -0.707375
bt 0.000924965 -0.270706 0.962662
t 0.904218 0.111896 -0.412152
bt 0.000108051 -0.261992 0.96507
t 0.903468 0.112311 -0.413682
bt -3.62612e-05 -0.261992 0.96507
t 0.802129 0.0477125 0.595241
bt 0.000579694 -0.270332 0.962767
t 0.801929 0.0475804 0.595521
bt 0.000500331 -0.270352 0.962761
t 0.903971 -0.112033 0.412656
bt -3.62928e-05 -0.261992 0.96507
t 0.903971 -0.112033 0.412656
bt -3.62928e-05 -0.261992 0.96507
t 0.508628 0.0238351 0.860656
bt 0.00239106 -0.297862 0.954606
t 0.50866 0.0238597 0.860637
bt 0.00253864 -0.297784 0.95463
t 0.366937 0.00993462 0.930193
bt 0.00493641 -0.353998 0.935233
t 0.366832 0.00981349 0.930235
bt 0.00480971 -0.354109 0.935192
t 0.301087 0.00374816 0.953589
bt 0.00702098 -0.467761 0.883827
t 0.301031 0.00364146 0.953607
bt 0.00684168 -0.468003 0.8837
t 0.27056 0.000335711 0.962703
bt 0.00968908 -0.706141 0.708004
t 0.270414 -0.000250318 0.962744
bt 0.00976192 -0.706008 0.708137
t 0.261992 -0.00100156 0.96507
bt 0.11273 -0.902708 0.415222
t 0.261992 0 0.96507
bt 0.113231 -0.901794 0.417068
t 0.270318 0.000635743 0.962771
bt 0.0468311 -0.800794 -0.597106
t 0.270342 0.000541637 0.962764
bt 0.046675 -0.800558 -0.597435
t 0.261992 0 0.96507
bt -0.112895 -0.902408 -0.41583
t 0.261992 0 0.96507
bt -0.112895 -0.902408 -0.41583
t 0.297837 0.00243868 0.954614
bt 0.0238236 -0.508613 -0.860666
t 0.297743 0.00261747 0.954643
bt 0.0238438 -0.508639 -0.86065
t 0.354127 0.00478968 0.935185
bt 0.00991252 -0.366918 -0.9302
t 0.354219 0.00468465 0.935151
bt 0.00980656 -0.366826 -0.930238
t 0.467436 0.00726199 0.883997
bt 0.00380165 -0.301115 -0.95358
t 0.466527 0.00793544 0.884471
bt 0.00369321 -0.301059 -0.953599
t 0.704676 0.0104881 0.709451
bt 0.000804617 -0.270676 -0.96267
t 0.704567 0.0105477 0.709559
bt 0.000925726 -0.270706 -0.962662
t 0.901872 0.113188 0.416912
bt 0.000109979 -0.261992 -0.96507
t 0.903463 0.112314 0.41369
bt 0 -0.261992 -0.96507
t 0.800385 0.046561 -0.597676
bt 0.000621142 -0.270322 -0.96277
t 0.800803 0.0468365 -0.597094
bt 0.000509504 -0.27035 -0.962762
t 0.90241 -0.112894 -0.415826
bt 0 -0.261992 -0.96507
t 0.90241 -0.112894 -0.415826
bt 0 -0.261992 -0.96507
t 0.507232 0.0227623 -0.861509
bt 0.00235607 -0.297881 -0.9546
t 0.507268 0.02279 -0.861487
bt 0.00257884 -0.297763 -0.954636
t 0.366421 0.00933818 -0.930402
bt 0.00481243 -0.354107 -0.935193
t 0.366817 0.00979605 -0.930241
bt 0.00463228 -0.354264 -0.935134
t 0.301086 0.00374536 -0.95359
bt 0.0070237 -0.467757 -0.883829
t 0.301045 0.00366663 -0.953603
bt 0.00687134 -0.467963 -0.883721
t 0.270657 0.000726365 -0.962676
bt 0.00969816 -0.706125 -0.708021
t 0.270701 0.000906188 -0.962663
bt 0.00976026 -0.706011 -0.708134
t 0.261992 0.00015488 -0.96507
bt 0.112728 -0.902712 -0.415216
t 0.261992 0 -0.96507
bt 0.113232 -0.901792 -0.417073
t 0.713019 0.00836492 -0.701095
bt -0.0548226 -0.95121 0.303633
t 0.347421 -0.00716481 -0.937682
bt 0.00196761 -0.81133 0.584586
t 0.385382 -0.010533 -0.922697
bt 0.0311149 -0.614982 0.787927
t 0.744965 0.022602 -0.66672
bt -0.030889 -0.879958 0.474046
t 0.924444 0.00200429 -0.381312
bt 0.00639853 -0.973425 0.228915
t 0.908636 -0.00121099 -0.417587
bt -0.00814412 -0.992007 0.12592
t 0.903016 0 -0.429607
bt -0.00855925 -0.999955 0.00407278
t 0.701583 0 -0.712588
bt -0.00655299 -0.999956 0.0066552
t 0.80195 0.029503 -0.596663
bt -0.0398814 -0.798031 0.601295
t 0.467935 -0.0232936 -0.883456
bt 0.0116914 -0.458844 0.88844
t 0.588666 -0.00753034 -0.808342
bt 0.0160207 -0.388056 0.921497
t 0.869473 0.0559885 -0.490797
bt -0.0180391 -0.746194 0.665484
t 0.972189 0.00688984 -0.234098
bt 0.00133738 -0.924726 0.380631
t 0.948057 -0.00301039 -0.318085
bt -0.00308916 -0.947436 0.319931
t 0.964002 0.0127217 -0.265591
bt -0.0100587 -0.712784 0.701312
t 0.846427 -0.0308892 -0.531609
bt 0.00707228 -0.347399 0.937691
t 0.998675 0.0172604 -0.0484799
bt 0 -0.335391 0.942079
t 0.999317 0.0259205 -0.0263248
bt 0 -0.701587 0.712584
t 0.999962 0.00787348 -0.00374653
bt 0 -0.903016 0.429607
t 0.9929 -0.00779673 -0.118698
bt -0.00286681 -0.908442 0.418001
t 0.95166 -0.0536153 0.302437
bt 0.00951233 -0.71286 0.701242
t 0.809683 0.000686222 0.586866
bt -0.00716704 -0.347421 0.937682
t 0.613936 0.0301606 0.78878
bt -0.00913177 -0.384697 0.922998
t 0.879707 -0.0315167 0.47447
bt 0.0238896 -0.744615 0.667066
t 0.973367 0.00572305 0.22918
bt 6.58449e-05 -0.924609 0.380918
t 0.992129 -0.00625389 0.125066
bt -0.0012393 -0.908637 0.417585
t 0.797762 -0.0405809 0.601605
bt 0.0286691 -0.80226 0.596287
t 0.458282 0.0109789 0.888739
bt -0.023567 -0.468148 0.883336
t 0.38811 0.0161328 0.921472
bt -0.00795608 -0.589149 0.807985
t 0.746277 -0.0177302 0.6654
bt 0.0550585 -0.869878 0.490185
t 0.924751 0.00164725 0.380568
bt 0.00556874 -0.97232 0.233585
t 0.947374 -0.00368175 0.320109
bt -0.00368226 -0.948123 0.317881
t 0.712831 -0.00972584 0.701269
bt 0.0126567 -0.963984 0.265659
t 0.347101 0.00579558 0.93781
bt -0.0311287 -0.846701 0.531158
t 0.335391 0 0.942079
bt 0.016795 -0.998746 0.0471726
t 0.701587 0 0.712584
bt 0.0259133 -0.999318 0.0263174
t 0.903016 0 0.429607
bt 0.00788401 -0.999962 0.00375154
t 0.908595 0.000336795 0.417677
bt -0.00778534 -0.992899 0.118703
t 0.713017 0.00837272 0.701097
bt -0.0535992 -0.951666 -0.302422
t 0.347412 -0.00712955 0.937685
bt 0.000937576 -0.810007 -0.586419
t 0.385361 -0.0104907 0.922706
bt 0.0302748 -0.614061 -0.788678
t 0.744967 0.0225951 0.666718
bt -0.0308554 -0.879972 -0.474023
t 0.924458 0.00184769 0.38128
bt 0.00638741 -0.973424 -0.22892
t 0.908633 -0.00114761 0.417594
bt -0.00627668 -0.992127 -0.125077
t 0.8028 0.0272099 0.595627
bt -0.0406567 -0.797733 -0.601638
t 0.467913 -0.0232647 0.883468
bt 0.0107048 -0.458065 -0.888854
t 0.590198 -0.00888002 0.80721
bt 0.0149639 -0.387542 -0.921731
t 0.870294 0.0540989 0.489552
bt -0.0189033 -0.745963 -0.665719
t 0.972255 0.00622862 0.233841
bt 0.00385819 -0.924931 -0.380116
t 0.948191 -0.00437908 0.31767
bt -0.00438374 -0.947299 -0.32032
t 0.963933 0.0129818 0.265828
bt -0.0101101 -0.712777 -0.701318
t 0.846421 -0.0308845 0.531618
bt 0.00609237 -0.34717 -0.937782
t 0.998676 0.0172538 0.0484613
bt 0 -0.335391 -0.942079
t 0.999317 0.0259289 0.0263333
bt 0 -0.701587 -0.712584
t 0.999962 0.00790568 0.00376185
bt 0 -0.903016 -0.429607
t 0.992856 -0.00685576 0.119125
bt 0.000375314 -0.908597 -0.417673
t 0.951612 -0.053758 -0.302564
bt 0.0088189 -0.712955 -0.701154
t 0.809685 0.000687182 -0.586865
bt -0.00858357 -0.347751 -0.937548
t 0.614798 0.0309474 -0.788077
bt -0.010271 -0.385254 -0.922754
t 0.880139 -0.0304361 -0.473739
bt 0.0230278 -0.74485 -0.666835
t 0.973307 0.00503013 -0.229451
bt 0.00267767 -0.924386 -0.381448
t 0.992002 -0.00821308 -0.125952
bt 0.00171603 -0.908498 -0.417885
t 0.798275 -0.0392434 -0.601013
bt 0.0284425 -0.802344 -0.596184
t 0.458289 0.0109886 -0.888735
bt -0.0238476 -0.468367 -0.883212
t 0.388094 0.0161031 -0.921479
bt -0.00842242 -0.589595 -0.807655
t 0.746281 -0.0177126 -0.665395
bt 0.0550066 -0.8699 -0.490151
t 0.924764 0.0018041 -0.380536
bt 0.00553431 -0.972324 -0.233571
t 0.947441 -0.00303873 -0.319915
bt -0.00438674 -0.948192 -0.317667
t 0.712833 -0.00970251 -0.701266
bt 0.0149617 -0.963405 -0.26763
t 0.347069 0.00565836 -0.937823
bt -0.032648 -0.848433 -0.528294
t 0.335391 0 -0.942079
bt 0.0182005 -0.998527 -0.0511207
t 0.908582 4.76154e-05 -0.417707
bt -0.00808093 -0.992913 -0.118569
t 0.51151 0.0161251 -0.859126
bt -0.0936758 -0.841756 0.531668
t 0.542278 0.0359406 -0.83943
bt -0.0635976 -0.707569 0.703776
t 0.502297 -9.35242e-06 -0.864695
bt -0.115431 -0.973237 0.19871
t 0.602688 0.0504874 -0.796378
bt -0.0588325 -0.597237 0.799905
t 0.689488 0.0844843 -0.719353
bt -0.0338648 -0.543154 0.83895
t 0.881565 0.0458756 -0.469828
bt -0.0176367 -0.511198 0.859282
t 0.971976 0.118082 -0.203274
bt 8.99462e-05 -0.502297 0.864695
t 0.841357 -0.0941162 0.532223
bt 0.0156539 -0.511607 0.859077
t 0.615544 -0.161978 0.771277
bt 0.139922 -0.494585 0.857792
t 0.890189 -0.228845 0.393947
bt 0 -0.5023 0.864693
t 0.597235 -0.058835 0.799906
bt 0.0506189 -0.602603 0.796434
t 0.501783 -0.125241 0.855879
bt 0.254221 -0.512541 0.820167
t 0.51202 -0.254651 0.820359
bt 0.1237 -0.502529 0.855665
t 0.511461 -0.0163645 0.859151
bt 0.0443437 -0.882724 0.467794
t 0.502297 0.000131281 0.864695
bt 0.116479 -0.972742 0.200514
t 0.493917 -0.14127 0.857956
bt 0.162176 -0.615341 0.771398
t 0.5115 0.016172 0.859131
bt -0.0937669 -0.841674 -0.531783
t 0.493957 0.141189 0.857947
bt -0.163344 -0.614142 -0.772107
t 0.5023 0 0.864693
bt -0.228922 -0.89011 -0.39408
t 0.602694 0.0504782 0.796374
bt -0.0577319 -0.59796 -0.799444
t 0.689474 0.0844162 0.719375
bt -0.0318678 -0.544037 -0.838456
t 0.501872 0.125055 0.855853
bt -0.254021 -0.512784 -0.820077
t 0.881502 0.0459585 0.469938
bt -0.0172788 -0.511272 -0.859245
t 0.971927 0.118184 0.203448
bt 0.000126857 -0.502297 -0.864695
t 0.841125 -0.0943707 -0.532544
bt 0.0166661 -0.511398 -0.859182
t 0.706469 -0.0648943 -0.704763
bt 0.0368219 -0.541905 -0.839633
t 0.890156 -0.228877 -0.394002
bt 0 -0.5023 -0.864693
t 0.597224 -0.058852 -0.799913
bt 0.0502898 -0.602816 -0.796293
t 0.50178 -0.125246 -0.85588
bt 0.2527 -0.514382 -0.819484
t 0.51144 -0.0164669 -0.859161
bt 0.0452865 -0.882012 -0.469046
t 0.5023 0 -0.864693
bt 0.227583 -0.89147 -0.391775
t 0.493916 -0.14127 -0.857956
bt 0.161584 -0.615948 -0.771037
t 0.902634 -0.00424357 -0.430388
bt -0.00227092 -0.991775 0.127974
t 0.952703 -0.00960402 -0.303751
bt 0.00274017 -0.996423 0.0844585
t 0.961403 -0.00397712 -0.275114
bt 0.00559169 -0.986807 0.161808
t 0.920162 -0.00583491 -0.391495
bt 0.00336122 -0.97126 0.237996
t 0.896873 0.000255084 -0.442289
bt -0.00205412 -0.999997 0.00101267
t 0.949291 -4.43937e-05 -0.314398
bt -0.00123175 -0.999999 0.000407852
t 0.952691 -0.00885786 -0.303812
bt 0.016266 -0.99665 0.0801483
t 0.902601 0.00352211 -0.430464
bt -0.00148827 -0.992003 -0.126209
t 0.952559 0.00191598 -0.304348
bt -0.00432043 -0.996461 -0.0839499
t 0.920115 0.00528215 -0.391612
bt -0.00341653 -0.971266 -0.237973
t 0.961403 0.00396295 -0.275116
bt -0.00528148 -0.986794 -0.161895
t 0.944275 0.00242696 -0.329148
bt -0.00449915 -0.944493 -0.3285
t 0.973899 0.00434984 -0.226938
bt -0.00589498 -0.973972 -0.226593
t 0.970932 -1.38531e-05 -0.239356
bt -0.00508762 -0.920099 -0.391653
t 0.986704 0.00312025 -0.162499
bt -0.00568966 -0.96147 -0.27485
t 0.991776 -0.00225402 -0.127966
bt -0.00448616 -0.902645 -0.430362
t 0.996424 0.00277885 -0.0844462
bt -0.0117393 -0.952734 -0.303578
t 0.999997 -0.00205267 -0.00101196
bt -0.000517782 -0.896873 -0.442289
t 0.999999 -0.00121059 -0.000400843
bt -3.88469e-05 -0.949291 -0.314398
t 0.99665 0.0162702 -0.080147
bt -0.0107304 -0.95272 -0.303661
t 0.992002 -0.00147673 0.126214
bt 0.00366702 -0.902608 -0.430449
t 0.996665 -0.0180593 0.0795763
bt 0.00896964 -0.952693 -0.303803
t 0.971262 -0.00337827 0.237989
bt 0.00366364 -0.919978 -0.391952
t 0.986793 -0.00526256 0.1619
bt 0.00376198 -0.961395 -0.275147
t 0.996458 -0.0042184 0.0839889
bt 0.00984891 -0.952707 -0.303731
t 0.944541 -0.00496043 0.328356
bt 0.00472753 -0.944517 -0.328429
t 0.973983 -0.00615064 0.226536
bt 0.00420065 -0.973892 -0.226971
t 0.920237 -0.00674169 0.391304
bt -6.78967e-06 -0.970933 -0.239353
t 0.961433 -0.00473423 0.274997
bt 0.00336814 -0.986714 -0.16243
t 0.90259 -0.00328837 0.430489
bt -0.00230075 -0.991773 -0.127988
t 0.952708 -0.00994094 0.303724
bt 0.00342867 -0.99644 -0.0842398
t 0.896873 0.000479056 0.442289
bt -0.00184775 -0.999998 -0.000910901
t 0.949291 0 0.314398
bt -0.00177088 -0.999998 -0.000586409
t 0.952682 -0.00835194 0.303853
bt 0.0176949 -0.996662 -0.0796926
t 0.902609 0.00370123 0.430445
bt -0.00185733 -0.992024 0.126035
t 0.952693 0.0089874 0.303802
bt -0.0164054 -0.996652 0.0801039
t 0.920141 0.0055879 0.391547
bt -0.0029432 -0.97122 0.238164
t 0.961405 0.00401578 0.275108
bt -0.00585526 -0.986817 0.161734
t 0.952707 0.00985753 0.30373
bt -0.00188612 -0.996402 0.0847297
t 0.944337 0.00301266 0.328965
bt -0.0068928 -0.944739 0.32775
t 0.973912 0.00461833 0.226878
bt -0.00557167 -0.973957 0.226665
t 0.970886 -0.00047807 0.239543
bt -0.00529958 -0.920117 0.391608
t 0.986694 0.00288659 0.162565
bt -0.00459797 -0.961428 0.275018
t 0.991838 -0.00126018 0.127499
bt -0.00415604 -0.90263 0.430397
t 0.99644 0.00343193 0.0842388
bt -0.0095924 -0.952703 0.303752
t 0.999997 -0.0022885 0.00112824
bt 0.000273167 -0.896873 0.442289
t 0.999999 -0.00156409 0.000517922
bt 0 -0.949291 0.314398
t 0.996663 0.0177196 0.0796847
bt -0.00884962 -0.952691 0.303813
t 0.992027 -0.00191582 -0.126008
bt 0.00399323 -0.902623 0.430414
t 0.996663 -0.0177676 -0.0796694
bt 0.0104843 -0.952716 0.303681
t 0.9712 -0.00273508 -0.238248
bt 0.00434509 -0.920036 0.391809
t 0.986803 -0.00551622 -0.161829
bt 0.00406765 -0.961407 0.2751
t 0.996403 -0.00191195 -0.0847215
bt 0.0115997 -0.952732 0.303589
t 0.944589 -0.00542404 -0.328211
bt 0.00264757 -0.944299 0.329079
t 0.973997 -0.00644433 -0.22647
bt 0.00400744 -0.973883 0.227014
t 0.243215 0.000389679 0.969972
bt 0.0490196 -0.774043 -0.631232
t 0.243345 -0.000122543 0.96994
bt 0.0475966 -0.771613 -0.634309
t 0.235611 0 0.971847
bt -0.110135 -0.883998 -0.454332
t 0.235611 0 0.971847
bt -0.110135 -0.883998 -0.454332
t 0.265615 0.0073826 0.964051
bt 0.050022 -0.504574 -0.861918
t 0.264983 0.00855657 0.964215
bt 0.0501005 -0.504678 -0.861852
t 0.319788 0.00490711 0.947477
bt 0.00899904 -0.332216 -0.94316
t 0.319954 0.00472177 0.947421
bt 0.00895805 -0.33218 -0.943174
t 0.274338 -0.00891034 0.961592
bt -0.0347647 -0.386627 -0.921581
t 0.274338 -0.00891034 0.961592
bt -0.0347647 -0.386627 -0.921581
t 0.385427 0.0355899 0.922052
bt 0.00915079 -0.274466 -0.961553
t 0.385523 0.0355237 0.922014
bt 0.0098986 -0.274864 -0.961432
t 0.668922 0.00725744 0.743298
bt 0.00155559 -0.243705 -0.969848
t 0.669884 0.0067833 0.742435
bt 0.00130598 -0.243642 -0.969864
t 0.506501 -0.0514748 0.860702
bt -0.00702965 -0.265805 -0.964001
t 0.506501 -0.0514748 0.860702
bt -0.00702965 -0.265805 -0.964001
t 0.880414 0.111728 0.460856
bt 0.000443159 -0.235589 -0.971853
t 0.881349 0.111318 0.459165
bt 0 -0.235589 -0.971853
t 0.771862 0.0477422 -0.633995
bt 0.000879376 -0.243092 -0.970003
t 0.772344 0.0480238 -0.633387
bt 0.00140687 -0.242959 -0.970036
t 0.88059 -0.111651 -0.460538
bt 0 -0.235589 -0.971853
t 0.88059 -0.111651 -0.460538
bt 0 -0.235589 -0.971853
t 0.507065 0.0519003 -0.860344
bt 0.0086906 -0.264911 -0.964234
t 0.507249 0.0520395 -0.860227
bt 0.00816804 -0.265192 -0.964161
t 0.331564 0.00826574 -0.943397
bt 0.00486942 -0.319822 -0.947465
t 0.33156 0.00826077 -0.943398
bt 0.00480752 -0.319877 -0.947447
t 0.385454 -0.0355708 -0.922041
bt -0.00841778 -0.274075 -0.961671
t 0.385454 -0.0355708 -0.922041
bt -0.00841778 -0.274075 -0.961671
t 0.274454 0.00912839 -0.961557
bt 0.0349017 -0.386428 -0.921659
t 0.274379 0.00898874 -0.96158
bt 0.0346559 -0.386785 -0.921518
t 0.243494 0.000715682 -0.969902
bt 0.00726889 -0.668898 -0.743318
t 0.243632 0.00126699 -0.969867
bt 0.00678025 -0.66989 -0.742429
t 0.265132 -0.00827953 -0.964177
bt -0.0514515 -0.50647 -0.860721
t 0.265132 -0.00827953 -0.964177
bt -0.0514515 -0.50647 -0.860721
t 0.235611 0.000687083 -0.971847
bt 0.111718 -0.880413 -0.46086
t 0.235611 0 -0.971847
bt 0.111334 -0.881288 -0.459279
t 0.243207 0.000422499 -0.969974
bt 0.0477468 -0.77187 0.633985
t 0.243289 9.77491e-05 -0.969954
bt 0.0480016 -0.772306 0.633435
t 0.235611 0 -0.971847
bt -0.111641 -0.880589 0.460542
t 0.235611 0 -0.971847
bt -0.111641 -0.880589 0.460542
t 0.265579 0.00744938 -0.96406
bt 0.0519245 -0.507096 0.860324
t 0.264947 0.00862333 -0.964224
bt 0.0520676 -0.507286 0.860203
t 0.320023 0.0046447 -0.947398
bt 0.00882143 -0.332058 0.943218
t 0.320251 0.00439111 -0.947323
bt 0.00877277 -0.332015 0.943233
t 0.274295 -0.00882982 -0.961605
bt -0.0347554 -0.386641 0.921575
t 0.274295 -0.00882982 -0.961605
bt -0.0347554 -0.386641 0.921575
t 0.3864 0.034921 -0.92167
bt 0.00848772 -0.274113 0.96166
t 0.386794 0.0346501 -0.921515
bt 0.00843502 -0.274085 0.961669
t 0.667414 0.0079992 -0.744644
bt 0.000234803 -0.243372 0.969933
t 0.667988 0.00771657 -0.744132
bt -2.09986e-05 -0.243308 0.969949
t 0.504216 -0.0497525 -0.862143
bt -0.00831328 -0.265114 0.964181
t 0.504216 -0.0497525 -0.862143
bt -0.00831328 -0.265114 0.964181
t 0.880422 0.111725 -0.460841
bt -0.000724382 -0.235588 0.971853
t 0.881308 0.111336 -0.459239
bt 0 -0.235589 0.971853
t 0.771206 0.0473592 0.634821
bt 0.000414591 -0.243209 0.969974
t 0.771627 0.0476049 0.634292
bt 9.6455e-05 -0.243289 0.969954
t 0.880589 -0.111652 0.46054
bt 0 -0.235589 0.971853
t 0.880589 -0.111652 0.46054
bt 0 -0.235589 0.971853
t 0.504592 0.0500355 0.861907
bt 0.00746494 -0.265571 0.964063
t 0.5047 0.0501166 0.861839
bt 0.00692163 -0.265863 0.963986
t 0.33222 0.00900354 0.943159
bt 0.00382032 -0.320763 0.947152
t 0.332174 0.00895194 0.943175
bt 0.00479699 -0.319887 0.947444
t 0.386642 -0.0347544 0.921575
bt -0.0103156 -0.275085 0.961365
t 0.386642 -0.0347544 0.921575
bt -0.0103156 -0.275085 0.961365
t 0.274457 0.00913409 0.961556
bt 0.0349156 -0.386408 0.921667
t 0.274355 0.00894372 0.961587
bt 0.0346099 -0.386852 0.921492
t 0.243459 0.000579948 0.969911
bt 0.00691982 -0.669607 0.742684
t 0.243598 0.00112985 0.969876
bt 0.0066516 -0.670151 0.742195
t 0.265099 -0.00834195 0.964185
bt -0.0497906 -0.504267 0.862111
t 0.265099 -0.00834195 0.964185
bt -0.0497906 -0.504267 0.862111
t 0.235611 0.000424798 0.971847
bt 0.10973 -0.884905 0.452662
t 0.235611 0 0.971847
bt 0.111879 -0.880044 0.461525
t 0.997462 0 0.0711973
bt -0.000257212 -1 -1.81129e-05
t 0.997629 0.000438809 0.068817
bt -0.000175438 -0.99983 -0.0184553
t 1 -1.14553e-08 0
bt -3.13329e-06 -1 0
t 0.998091 0.000749697 0.0617632
bt -0.000253982 -0.999363 -0.0356824
t 0.998724 0.000579931 0.050491
bt 0.000159527 -0.998726 -0.0504541
t 0.999361 0.00105061 0.0357312
bt -0.000554324 -0.998091 -0.0617565
t 0.999831 -0.00112716 0.018365
bt 0.000325603 -0.99763 -0.068803
t 1 0.000235709 1.65854e-05
bt 0 -0.997462 -0.0711973
t 0.999831 0.000854399 -0.0183843
bt -0.000131081 -0.99763 -0.0688065
t 0.999365 0.000737487 -0.0356212
bt 0.000174208 -0.998092 -0.0617427
t 0.998722 -0.00129151 -0.0505272
bt 0.000715253 -0.998724 -0.0504978
t 0.998092 -5.97304e-05 -0.0617389
bt -0.000936527 -0.999365 -0.0356084
t 0.997628 -0.000833503 -0.0688243
bt -0.00110773 -0.999831 -0.0183663
t 0.997462 0 -0.0711973
bt 0.000259415 -1 -1.82702e-05
t 0.99763 0.000152192 -0.0688117
bt 0.000817581 -0.999831 0.0183868
t 0.998093 -9.32452e-05 -0.0617332
bt 0.00172945 -0.999366 0.0355598
t 0.998728 -0.000964341 -0.0504131
bt 0.000128729 -0.998726 0.0504556
t 0.999364 3.84634e-05 -0.0356687
bt -0.000616695 -0.998091 0.0617587
t 0.999828 0.000885902 -0.0185038
bt 0.000306541 -0.99763 0.0688034
t 1 0.00026358 -1.85729e-05
bt 0 -0.997462 0.0711973
t 0.99983 -0.000194049 0.0184566
bt -0.000140661 -0.99763 0.0688063
t 0.999363 -0.000246171 0.0356819
bt 0.000126641 -0.998092 0.061741
t 0.998728 0.000985707 0.0504124
bt 0.000656993 -0.998724 0.0504949
t 0.998094 0.000764977 0.0617096
bt 6.19085e-05 -0.999364 0.0356701
t 0.997629 -0.00026003 0.0688138
bt 0.000877081 -0.999828 0.0185032
t 0.917631 0.00244702 -0.397426
bt 0.000969464 -0.970336 0.241758
t 0.900762 -0.00205453 -0.434307
bt -0.00621849 -0.991335 0.131211
t 0.887561 -0.00274343 -0.460682
bt -0.0113942 -0.98956 0.143674
t 0.906432 0.0021054 -0.422346
bt 0.00342747 -0.966136 0.258009
t 0.894687 0 -0.446693
bt 0.00589949 -0.999978 -0.00294504
t 0.900561 -0.00192685 -0.434725
bt -0.00400774 -0.991976 -0.12636
t 0.887317 -0.00157089 -0.461156
bt -0.00798923 -0.990976 -0.1338
t 0.880837 0 -0.47342
bt 0.0104804 -0.999929 -0.00563486
t 0.91793 0.000818608 -0.396741
bt 0.0070792 -0.969465 -0.245128
t 0.942814 -0.000815873 -0.333319
bt -0.00115168 -0.943032 -0.332701
t 0.934336 -0.00285734 -0.356383
bt -0.000913039 -0.934816 -0.35513
t 0.906865 0.00210497 -0.421417
bt 0.0112976 -0.964352 -0.26438
t 0.970589 0.00378184 -0.240714
bt 0.00151053 -0.917718 -0.39723
t 0.991441 -0.00465719 -0.130472
bt 0.00138458 -0.900589 -0.434669
t 0.988177 -0.0260359 -0.151092
bt -0.00132234 -0.887525 -0.460758
t 0.966642 0.00802605 -0.256005
bt 0.00234597 -0.906407 -0.422399
t 0.999982 0.00540302 0.00269717
bt 0 -0.894687 -0.446693
t 0.992051 -0.00534718 0.125723
bt -0.00161779 -0.900577 -0.434693
t 0.991102 -0.0100654 0.132727
bt -0.00149852 -0.887385 -0.461028
t 0.99994 0.0096579 0.00518799
bt 0 -0.880859 -0.473378
t 0.969837 0.00386155 0.243723
bt 0.000386268 -0.917928 -0.396746
t 0.943291 -0.00354712 0.331947
bt -0.00424052 -0.942425 -0.334391
t 0.935601 -0.00723948 0.352986
bt -0.00476736 -0.934101 -0.356977
t 0.965036 0.0058949 0.26205
bt 0.00260849 -0.906915 -0.421305
t 0.917713 0.00156465 0.397241
bt 0.00397868 -0.970608 -0.240634
t 0.90059 0.00136506 0.434667
bt -0.00676358 -0.991297 -0.131469
t 0.887367 0.000712643 0.461063
bt -0.00882646 -0.989774 -0.14237
t 0.906399 0.00242194 0.422416
bt 0.00838822 -0.966681 -0.255847
t 0.894687 0 0.446693
bt 0.0062066 -0.999976 0.00309837
t 0.900731 0.00141664 0.434375
bt -0.00418176 -0.992 0.126168
t 0.887548 0.00136897 0.460713
bt -0.00796005 -0.990976 0.133803
t 0.880901 0 0.473301
bt 0.0104856 -0.999929 0.00563386
t 0.917872 0.000176507 0.396877
bt 0.00482649 -0.969709 0.244215
t 0.942482 -0.00374894 0.334237
bt -0.00109588 -0.943026 0.332718
t 0.934075 -0.00485423 0.357043
bt -0.00476744 -0.935292 0.353846
t 0.906828 0.00213499 0.421495
bt 0.00638356 -0.964976 0.26226
t 0.970629 0.00393659 0.240549
bt 0.00248531 -0.917627 0.397434
t 0.991439 -0.0046833 0.130484
bt 0.000775935 -0.900621 0.434605
t 0.989844 -0.00797178 0.141935
bt 0.000316676 -0.88739 0.461019
t 0.96668 0.00838315 0.255849
bt 0.00218077 -0.906424 0.422363
t 0.999982 0.0054153 -0.0027033
bt 0 -0.894687 0.446693
t 0.99204 -0.00515237 -0.125816
bt -0.00208876 -0.900553 0.434742
t 0.991101 -0.010081 -0.132731
bt -0.001489 -0.887322 0.461148
t 0.99994 0.00965697 -0.00518749
bt 0 -0.880859 0.473378
t 0.9698 0.00397319 -0.243869
bt 0.000366849 -0.917889 0.396836
t 0.943057 -0.00138475 -0.332628
bt -0.00550238 -0.942278 0.334785
t 0.935287 -0.00473272 -0.353857
bt -0.00479959 -0.934082 0.357025
t 0.96502 0.00602361 -0.262106
bt 0.00241807 -0.906896 0.421347
t 0.99532 0.0251782 -0.0933004
bt -0.00763212 -0.952284 0.305118
t 0.99653 0.00768539 0.0828851
bt 0.00731256 -0.952293 0.305097
t 0.952271 -0.00801774 0.305147
bt 0.0241843 -0.995374 0.0929873
t 0.952205 0.00998801 0.305297
bt 0.00657619 -0.996508 -0.0832379
t 0.995237 0.0266553 0.0937657
bt -0.00584579 -0.95234 -0.304983
t 0.99653 0.00773691 -0.0828687
bt 0.00999091 -0.952205 -0.305298
t 0.952215 0.00967735 -0.305274
bt 0.00769887 -0.99653 0.0828808
t 0.99529 -0.0257236 -0.0934722
bt 0.00600366 -0.952335 -0.304995
t 0.996534 -0.00793027 0.0828072
bt -0.00966131 -0.952216 -0.305273
t 0.952334 0.00602348 0.304996
bt -0.0254383 -0.995305 -0.0933824
t 0.952216 -0.0096582 0.305273
bt -0.00635026 -0.996503 0.0833097
t 0.995305 -0.025442 0.0933835
bt 0.00891099 -0.952242 0.305214
t 0.996533 -0.00786047 -0.0828294
bt -0.00965665 -0.952216 0.305273
t 0.952242 0.00892065 -0.305215
bt -0.0257112 -0.99529 0.0934683
t 0.991953 0.0282164 -0.123425
bt 0.00470084 -0.887171 -0.461417
t 0.861899 0.179409 0.474282
bt -0.0980539 -0.592838 0.79933
t 0.602416 0.127953 0.78786
bt -0.0882739 -0.816265 0.570893
t 0.815358 0.0867222 0.572425
bt -0.128426 -0.602562 0.787671
t 0.593443 0.0998864 0.798654
bt -0.176662 -0.860751 0.477387
t 0.592924 -0.0983132 0.799235
bt 0.176283 -0.860591 -0.477815
t 0.603327 -0.130906 0.786677
bt 0.0867671 -0.815385 -0.572381
t 0.602399 0.1279 -0.787881
bt -0.0861897 -0.815046 -0.57295
t 0.593448 0.0999034 -0.798648
bt -0.178049 -0.861332 -0.47582

