g sponza_110
t 0 0 1
bt -0.0972954 -0.995253 -0.00227915
t 0 0 1
bt -0.0972957 -0.995256 0
t 0 0 1
bt -0.164705 -0.986342 -0.00152295
t 0 0 1
bt -0.172904 -0.984938 -0.00144448
t -1 0 0
bt 0.00195171 -0.992869 -0.119196
t -1 0 0
bt 0.00172458 -0.97802 -0.208503
t -1 0 0
bt 0.00129702 -0.978021 -0.208503
t -1 0 0
bt 0.00195171 -0.992869 -0.119196
t -1 0 0
bt -0.000207678 -1 0
t -1 0 0
bt 0.000172958 -1 0
t -1 0 0
bt -0.000207678 -1 0
t -1 0 0
bt -0.000207678 -1 0
t 0 0 -1
bt 0 -1 -0.000342686
t 0 0 -1
bt 0 -1 0
t 0 0 -1
bt 0 -1 -0.000342686
t 0 0 -1
bt 0 -1 -0.000342686
t 0 0 1
bt -0.678484 -0.734058 0.028616
t 0 0 1
bt -0.674627 -0.729886 0.110204
t 0 0 1
bt -0.678484 -0.734058 0.028616
t 0 0 1
bt -0.678484 -0.734058 0.028616
t -1 0 0
bt 0.512674 -0.567517 -0.644274
t -1 0 0
bt -0.504357 -0.570764 -0.64796
t -1 0 0
bt 0.512674 -0.567517 -0.644274
t -1 0 0
bt 0.512674 -0.567517 -0.644274
t 0 0 1
bt 0.564881 -0.825172 0.00131175
t 0 0 1
bt 0.564881 -0.825172 0
t 0 0 1
bt 0.564881 -0.825172 0.00131175
t 0 0 1
bt 0.564881 -0.825172 0.00131175
t -1 0 0
bt -0.000464594 -0.765378 0.643581
t -1 0 0
bt 0.000509355 -0.765378 0.643581
t -1 0 0
bt -0.000464594 -0.765378 0.643581
t -1 0 0
bt -0.000464594 -0.765378 0.643581
t 0 0 1
bt -0.606773 -0.794865 0.00399921
t 0 0 1
bt -0.606778 -0.794871 0
t 0 0 1
bt -0.606773 -0.794865 0.00399921
t 0 0 1
bt -0.606773 -0.794865 0.00399921
t -1 0 0
bt -0.00297229 -0.729487 -0.683988
t -1 0 0
bt -0.0069028 -0.729473 -0.683975
t -1 0 0
bt -0.00297229 -0.729487 -0.683988
t -1 0 0
bt -0.00297229 -0.729487 -0.683988
t 0 0 1
bt 0.606776 -0.794869 -0.00234972
t 0 0 1
bt 0.606778 -0.794871 0
t 0 0 1
bt 0.606776 -0.794869 -0.00234972
t 0 0 1
bt 0.606776 -0.794869 -0.00234972
t -1 0 0
bt 0.00195993 -0.729489 0.68399
t -1 0 0
bt 0.00825257 -0.729466 0.683968
t -1 0 0
bt 0.00195993 -0.729489 0.68399
t -1 0 0
bt 0.00195993 -0.729489 0.68399
t 0 0 1
bt -0.313106 -0.949718 -1.1219e-05
t 0 0 1
bt -0.298895 -0.954286 7.94472e-05
t 0 0 1
bt -0.365089 -0.930973 -0.00013593
t 0 0 1
bt -0.365089 -0.930973 -0.00013593
t -1 0 0
bt 0.000287269 -0.928394 -0.371597
t -1 0 0
bt -0.000337133 -0.90095 -0.433924
t -1 0 0
bt 0.000415244 -0.900949 -0.433924
t -1 0 0
bt 0.000267979 -0.928394 -0.371597
t -0.593221 0.152307 0.790501
bt -0.0543603 -0.947141 -0.316179
t -0.658685 -0.206674 0.723478
bt -0.0990865 -0.956254 -0.275246
t -0.551878 0.339366 0.761749
bt -0.019278 -0.975859 -0.217548
t -0.551878 0.339366 0.761749
bt -0.019278 -0.975859 -0.217548
t -0.635916 0.321476 -0.701615
bt 0.176437 -0.983955 -0.0265145
t -0.57127 -0.217237 -0.791491
bt 0.273773 -0.959784 -0.0621613
t -0.652914 0.14325 -0.743762
bt 0.268831 -0.96141 -0.0584816
t -0.635916 0.321476 -0.701615
bt 0.176437 -0.983955 -0.0265145
t -0.610918 -0.246164 0.752451
bt -0.0100364 -0.999741 0.0204054
t -0.590714 -0.34702 0.728447
bt 0.00110884 -0.999977 0.00671626
t -0.610812 -0.246163 0.752537
bt -0.010034 -0.999741 0.0204073
t -0.610812 -0.246163 0.752537
bt -0.010034 -0.999741 0.0204073
t -0.612679 -0.24802 -0.750407
bt -0.0166574 -0.999785 -0.0123807
t -0.586941 -0.374563 -0.717776
bt -0.00549719 -0.999984 0.00132625
t -0.612545 -0.248021 -0.750516
bt -0.0167313 -0.999784 -0.0123205
t -0.612487 -0.248021 -0.750563
bt -0.0167304 -0.999784 -0.0123213
t -0.837785 0.404594 0.366633
bt 0.100164 -0.572301 0.813904
t -0.821309 0.564068 0.0853163
bt 0.0624711 -0.553969 0.83019
t -0.837785 0.404594 0.366633
bt 0.100164 -0.572301 0.813904
t -0.837785 0.404594 0.366633
bt 0.100164 -0.572301 0.813904
t -0.33942 0.291608 -0.894292
bt -0.758078 -0.641266 0.118729
t 0.0151416 0.529461 -0.848199
bt -0.762946 -0.63759 0.106732
t -0.33942 0.291608 -0.894292
bt -0.758078 -0.641266 0.118729
t -0.33942 0.291608 -0.894292
bt -0.758078 -0.641266 0.118729
t -0.648203 -0.0156365 0.761307
bt -0.501914 -0.568045 -0.652233
t -0.631335 -6.24433e-07 0.77551
bt -0.522262 -0.570861 -0.63353
t -0.648237 -0.0155744 0.761279
bt -0.501885 -0.568098 -0.652209
t -0.648237 -0.0155744 0.761279
bt -0.501885 -0.568098 -0.652209
t -0.631406 -2.96161e-05 -0.775453
bt 0.515093 -0.569969 -0.640168
t -0.631446 6.99381e-06 -0.77542
bt 0.522205 -0.57091 -0.633533
t -0.631406 -2.96161e-05 -0.775453
bt 0.515093 -0.569969 -0.640168
t -0.631406 -2.96161e-05 -0.775453
bt 0.515093 -0.569969 -0.640168
t -0.831334 -0.301401 0.466949
bt -0.101397 -0.526522 -0.844093
t -0.631269 -4.01663e-05 0.775564
bt -0.0317445 -0.493602 -0.869108
t -0.831376 -0.301338 0.466914
bt -0.101402 -0.526515 -0.844097
t -0.831376 -0.301338 0.466914
bt -0.101402 -0.526515 -0.844097
t -0.256591 -0.323811 -0.910663
bt 0.797614 -0.592857 -0.111053
t -0.631361 5.92685e-05 -0.775489
bt 0.809803 -0.581812 -0.0755934
t -0.256578 -0.323791 -0.910674
bt 0.797574 -0.592917 -0.111021
t -0.256591 -0.323811 -0.910663
bt 0.797614 -0.592857 -0.111053
t -0.631253 6.51558e-05 0.775577
bt 0.0331548 -0.487006 0.872769
t -0.865394 0.454551 0.210897
bt 0.0117503 -0.476438 0.87913
t -0.631253 6.51472e-05 0.775577
bt 0.0331304 -0.487043 0.872749
t -0.631253 6.51558e-05 0.775577
bt 0.0331548 -0.487006 0.872769
t -0.631385 -2.44238e-05 -0.77547
bt -0.826465 -0.561698 0.0380901
t -0.0192768 0.460535 -0.887432
bt -0.829831 -0.557421 0.0257391
t -0.631385 -2.44238e-05 -0.77547
bt -0.826465 -0.561698 0.0380901
t -0.631385 -2.44238e-05 -0.77547
bt -0.826465 -0.561698 0.0380901
t -0.742027 -0.35607 0.567988
bt -0.0621367 -0.755084 -0.652677
t -0.720188 -0.243831 0.64952
bt -0.0801052 -0.764472 -0.639661
t -0.715172 -0.363603 0.596927
bt -0.041884 -0.813937 -0.579442
t -0.708386 -0.320605 0.62881
bt -0.0376795 -0.819902 -0.571262
t -0.435362 -0.369151 -0.821089
bt 0.494076 -0.86699 -0.0649354
t -0.502094 -0.225683 -0.834846
bt 0.562789 -0.820455 -0.100611
t -0.404212 -0.357547 -0.841887
bt 0.570527 -0.816615 -0.087396
t -0.4732 -0.318601 -0.821325
bt 0.48547 -0.872159 -0.0604866
t -0.659564 -0.22268 0.717906
bt 0.0130317 -0.917713 -0.39703
t -1 0 0.000150924
bt -0.000471476 0 1
t -1 0 0
bt -0.0330648 0 0.999453
t -0.999977 0 -0.00673777
bt -0.000471476 0 1
t -0.999987 0 -0.00505329
bt -0.000353607 0 1
t -0.999786 0 -0.0206651
bt 0 0 1
t -1 0 0
bt 0 0 1
t 0 0 -1
bt 0.0972956 -0.995256 0
t 0 0 -1
bt 0.172904 -0.984936 0.00225006
t 0 0 -1
bt 0.164705 -0.986343 0
t 0 0 -1
bt 0.0972956 -0.995256 0
t 0 0 1
bt 0 -1 0
t 0 0 1
bt 0 -1 -0.000342686
t 0 0 1
bt 0 -1 0
t 0 0 1
bt 0 -1 0
t 0 0 -1
bt 0.579908 -0.6275 -0.519568
t 0 0 -1
bt 0.525964 -0.569129 -0.632024
t 0 0 -1
bt 0.579908 -0.6275 -0.519568
t 0 0 -1
bt 0.579908 -0.6275 -0.519568
t 0 0 -1
bt -0.564881 -0.825172 0
t 0 0 -1
bt -0.56488 -0.825171 -0.00184185
t 0 0 -1
bt -0.564881 -0.825172 0
t 0 0 -1
bt -0.564881 -0.825172 0
t 0 0 -1
bt 0.606778 -0.794871 0
t 0 0 -1
bt 0.606761 -0.794848 -0.00759713
t 0 0 -1
bt 0.606778 -0.794871 0
t 0 0 -1
bt 0.606778 -0.794871 0
t 0 0 -1
bt -0.606778 -0.794871 0
t 0 0 -1
bt -0.606753 -0.794838 0.00918052
t 0 0 -1
bt -0.606778 -0.794871 0
t 0 0 -1
bt -0.606778 -0.794871 0
t 0 0 -1
bt 0.313106 -0.949718 8.03328e-05
t 0 0 -1
bt 0.365089 -0.930973 -0.000135928
t 0 0 -1
bt 0.365089 -0.930973 0
t 0 0 -1
bt 0.298895 -0.954286 0
t 1 0 0
bt -0.00318434 0 -0.999995
t 1 0 0
bt -0.00890505 0 -0.99996
t 1 0 0
bt 0 0 -1
t 1 0 0
bt 0 0 -1
t 1 0 0
bt -0.026713 0 -0.999643
t 1 0 0
bt -0.026713 0 -0.999643

