g sponza_28
t 0.999979 0 -0.00654118
bt -0.000317215 0 1
t 1 0 0
bt 0 0 1
t 0.999999 0 0.00139903
bt 0.00850493 0 0.999964
t 0.999994 0 -0.00350707
bt 0.00637861 0 0.99998
t 1 0 0
bt 8.77822e-05 0 1
t 0.999984 0 0.00559515
bt 0.0264644 0 0.99965
t 0.999834 0 -0.0182248
bt 0 0 1
t -1 0 0
bt 4.67885e-05 -1 0
t -1 0 0
bt 0 -1 0
t -1 0 0
bt 4.67885e-05 -1 0
t -1 0 0
bt 4.67885e-05 -1 0
t 0 0 -1
bt 0 -1 0.00052994
t 0 0 -1
bt 0 -1 0.00011401
t 0 0 -1
bt 0 -1 0.00052994
t 0 0 -1
bt 0 -1 0.00052994
t 1 0 0
bt -0.0010886 -0.99287 -0.119196
t 1 0 0
bt -0.00126271 -0.977659 -0.210194
t 1 0 0
bt -0.000358272 -0.981803 -0.189901
t 1 0 0
bt -0.0010886 -0.99287 -0.119196
t 0 0 -1
bt -0.210201 -0.977655 0.00243188
t 4.38589e-07 2.04004e-06 -1
bt -0.210201 -0.977653 0.00320679
t 0 0 -1
bt -0.119196 -0.992868 0.00242153
t 0 0 -1
bt -0.119196 -0.992868 0.00242153
t -1 0 0
bt -0.000354526 -1 0
t -1 0 0
bt 0 -1 0
t -1 0 0
bt -0.000354526 -1 0
t -1 0 0
bt -0.000354526 -1 0
t 0 0 -1
bt 0 -1 -0.000306133
t 0 0 -1
bt 0 -1 0.000307346
t 0 0 -1
bt 0 -1 -0.000306133
t 0 0 -1
bt 0 -1 -0.000306133
t 1 0 0
bt -0.170145 -0.651355 -0.739451
t 1 0 0
bt -0.591779 -0.532827 -0.604891
t 1 0 0
bt -0.170145 -0.651355 -0.739451
t 1 0 0
bt -0.170145 -0.651355 -0.739451
t 0 0 -1
bt -0.602931 -0.53102 0.595392
t -0.000951469 -0.000837988 -0.999999
bt -0.604984 -0.532828 -0.591683
t 0 0 -1
bt -0.602931 -0.53102 0.595392
t 0 0 -1
bt -0.602931 -0.53102 0.595392
t 1 0 0
bt 0.0011999 -0.765377 0.643581
t 1 0 0
bt 0.0059009 -0.765364 0.64357
t 1 0 0
bt 0.0011999 -0.765377 0.643581
t 1 0 0
bt 0.0011999 -0.765377 0.643581
t 0 0 -1
bt 0.643689 -0.765287 -0.00060799
t 0 0 -1
bt 0.643689 -0.765287 0.00060481
t 0 0 -1
bt 0.643689 -0.765287 -0.00060799
t 0 0 -1
bt 0.643689 -0.765287 -0.00060799
t 1 0 0
bt -0.00916747 -0.72946 -0.683962
t 1 0 0
bt 0.00333611 -0.729486 -0.683987
t 1 0 0
bt -0.00916747 -0.72946 -0.683962
t 1 0 0
bt -0.00916747 -0.72946 -0.683962
t 0 0 -1
bt -0.683986 -0.729485 -0.00369412
t 0 0 -1
bt -0.683967 -0.729465 -0.0084252
t 0 0 -1
bt -0.683986 -0.729485 -0.00369412
t 0 0 -1
bt -0.683986 -0.729485 -0.00369412
t 1 0 0
bt -0.00176313 -0.729489 0.68399
t 1 0 0
bt 0.00930254 -0.729459 0.683961
t 1 0 0
bt -0.00176313 -0.729489 0.68399
t 1 0 0
bt -0.00176313 -0.729489 0.68399
t 0 0 -1
bt 0.683989 -0.729488 0.00235301
t 0 0 -1
bt 0.683956 -0.729453 0.0101122
t 0 0 -1
bt 0.683989 -0.729488 0.00235301
t 0 0 -1
bt 0.683989 -0.729488 0.00235301
t 1 0 0
bt 0.00116606 -0.927306 -0.374303
t 1 0 0
bt 5.09827e-05 -0.90095 -0.433924
t 1 0 0
bt 0.00164414 -0.900948 -0.433923
t 1 0 0
bt 0.00147018 -0.94013 -0.340814
t 0 0 -1
bt -0.434005 -0.90091 0.000470787
t 0 0 -1
bt -0.434005 -0.90091 -0.000439201
t 0 0 -1
bt -0.374388 -0.927272 0.000333935
t 2.47178e-07 6.12158e-07 -1
bt -0.374388 -0.927272 0.000297587
t 4.38904e-07 2.0415e-06 -1
bt -0.21022 -0.977654 -5.06981e-05
t 4.38904e-07 2.0415e-06 -1
bt -0.21022 -0.977654 -5.06981e-05
t -0.580141 0.213323 -0.786085
bt -0.634201 -0.765968 0.105273
t -0.558553 0.287738 -0.777962
bt -0.570627 -0.819418 0.054205
t -0.579517 0.255069 -0.774015
bt -0.558825 -0.826224 0.0711967
t -0.580141 0.213323 -0.786085
bt -0.634201 -0.765968 0.105273
t 0.707107 4.09095e-08 -0.707107
bt 6.82214e-05 -1 0.000497469
t 0.707107 3.27375e-08 -0.707107
bt 1.78724e-05 -1 0.000547818
t 0.707107 4.09095e-08 -0.707107
bt 6.82214e-05 -1 0.000497469
t 0.707107 4.09095e-08 -0.707107
bt 6.82214e-05 -1 0.000497469
t -0.707107 -2.45499e-08 -0.707107
bt 9.13206e-05 -1 -0.00047437
t -0.707107 -3.63718e-08 -0.707107
bt 0.000703176 -1 0.000137486
t -0.707107 -2.45499e-08 -0.707107
bt 9.13206e-05 -1 -0.00047437
t -0.707107 -2.45499e-08 -0.707107
bt 9.13206e-05 -1 -0.00047437
t 0.708953 0.314298 -0.631349
bt -0.217567 -0.975759 -0.0236442
t 0.653703 -0.191695 -0.732069
bt -0.319327 -0.945266 -0.0671013
t 0.728187 0.140135 -0.670899
bt -0.322505 -0.94443 -0.0635818
t 0.708953 0.314298 -0.631349
bt -0.217567 -0.975759 -0.0236442
t -0.690685 0.219898 -0.688912
bt 0.00571664 -0.999981 -0.0023443
t -0.662306 0.355655 -0.659439
bt 0.0140716 -0.999883 0.0060115
t -0.690685 0.219898 -0.688912
bt 0.00571664 -0.999981 -0.0023443
t -0.690685 0.219898 -0.688912
bt 0.00571664 -0.999981 -0.0023443
t 0.689521 -0.227252 -0.687689
bt 0.0203892 -0.999716 -0.0123304
t 0.664938 -0.345559 -0.662153
bt 0.0067245 -0.999977 0.0013364
t 0.689521 -0.227252 -0.687689
bt 0.0203892 -0.999716 -0.0123304
t 0.689521 -0.227252 -0.687689
bt 0.0203892 -0.999716 -0.0123304
t -0.314766 -0.34726 -0.883365
bt 0.798179 -0.582137 -0.155004
t -0.0838154 -0.481597 -0.872376
bt 0.834504 -0.547505 -0.0619735
t -0.314766 -0.34726 -0.883365
bt 0.798179 -0.582137 -0.155004
t -0.314766 -0.34726 -0.883365
bt 0.798179 -0.582137 -0.155004
t 0.405163 0.283407 -0.869209
bt 0.819138 -0.564019 0.104378
t -0.0186529 0.529395 -0.848171
bt 0.823198 -0.559971 0.0936913
t 0.405163 0.283407 -0.869209
bt 0.819138 -0.564019 0.104378
t 0.405163 0.283407 -0.869209
bt 0.819138 -0.564019 0.104378
t -0.707107 0 -0.707107
bt -0.58102 -0.534835 0.613488
t -0.707076 2.76982e-05 -0.707138
bt -0.595658 -0.534975 0.599161
t -0.707107 0 -0.707107
bt -0.58102 -0.534835 0.613488
t -0.707107 0 -0.707107
bt -0.58102 -0.534835 0.613488
t 0.707112 4.23629e-06 -0.707102
bt -0.600986 -0.534969 -0.593821
t 0.707065 -3.70314e-05 -0.707148
bt -0.593715 -0.534969 -0.601092
t 0.707112 4.23629e-06 -0.707102
bt -0.600986 -0.534969 -0.593821
t 0.707112 4.23629e-06 -0.707102
bt -0.600986 -0.534969 -0.593821
t -0.309711 0.318554 -0.895881
bt -0.838643 -0.528199 0.132979
t -0.707162 2.88896e-05 -0.707051
bt -0.834407 -0.531936 0.144254
t -0.309749 0.318625 -0.895842
bt -0.838638 -0.528209 0.132974
t -0.309711 0.318554 -0.895881
bt -0.838643 -0.528199 0.132979
t 0.373752 -0.277894 -0.884921
bt -0.841881 -0.525185 -0.124166
t 0.707191 2.90329e-06 -0.707022
bt -0.868914 -0.49343 -0.038923
t 0.373768 -0.277923 -0.884905
bt -0.841917 -0.525118 -0.124203
t 0.373713 -0.277823 -0.884959
bt -0.841886 -0.525175 -0.124172
t -0.707162 -2.94214e-05 -0.707051
bt 0.832399 -0.530063 -0.161695
t -0.16687 -0.393235 -0.904169
bt 0.889095 -0.456542 0.0328431
t -0.707162 -2.94214e-05 -0.707051
bt 0.832399 -0.530063 -0.161695
t -0.707162 -2.94214e-05 -0.707051
bt 0.832399 -0.530063 -0.161695
t 0.707192 -2.17789e-06 -0.707022
bt 0.874546 -0.483828 0.0328645
t 0.0237456 0.460557 -0.887312
bt 0.877218 -0.479577 0.0222221
t 0.707192 -2.17789e-06 -0.707022
bt 0.874546 -0.483828 0.0328645
t 0.707192 -2.17789e-06 -0.707022
bt 0.874546 -0.483828 0.0328645
t -0.65046 0.200756 -0.732529
bt -0.313349 -0.946774 0.0736964
t -0.711299 -0.292752 -0.639023
bt -0.207586 -0.977623 0.0340875
t -0.665391 0.208039 -0.716921
bt -0.208821 -0.977404 0.0327981
t -0.65046 0.200756 -0.732529
bt -0.313349 -0.946774 0.0736964
t 0.515886 -0.349277 -0.78222
bt -0.572681 -0.818178 -0.0512051
t 0.577625 -0.216848 -0.786973
bt -0.638663 -0.763202 -0.0981405
t 0.482481 -0.337475 -0.808284
bt -0.652067 -0.754326 -0.076167
t 0.54902 -0.302033 -0.779329
bt -0.570131 -0.819716 -0.0549287
t 0 0 -1
bt 0.659002 -0.657512 -0.365232
t 0 0 -1
bt 0.667697 -0.666188 0.332227
t 0 0 -1
bt 0.659002 -0.657512 -0.365232
t 0 0 -1
bt 0.659002 -0.657512 -0.365232
t 0.70701 1.08484e-05 -0.707204
bt 0.604577 -0.580654 0.545278
t 0.707186 6.63575e-06 -0.707027
bt 0.432231 -0.57081 0.698106
t 0.707068 0.000125956 -0.707145
bt 0.604579 -0.580649 0.545281
t 0.70701 1.08484e-05 -0.707204
bt 0.604577 -0.580654 0.545278
t 1 0 0
bt 0.334985 -0.665593 0.666912
t 0.999959 0.00638047 -0.00639312
bt 0.133937 -0.700042 0.701429
t 1 0 0
bt 0.334985 -0.665593 0.666912
t 1 0 0
bt 0.334985 -0.665593 0.666912
t -0.875842 0.227414 -0.425656
bt 0.569558 -0.581142 -0.581272
t -0.841359 0.164863 -0.514718
bt 0.734168 -0.562634 -0.380054
t -0.875896 0.227308 -0.425603
bt 0.569558 -0.581143 -0.581272
t -0.875842 0.227414 -0.425656
bt 0.569558 -0.581142 -0.581272
t 0 0 -1
bt 0 -1 0
t 0 0 -1
bt 0 -1 0
t 0 0 -1
bt 0 -1 0
t 0 0 -1
bt 0 -1 0
t 0.707107 0 -0.707107
bt 0 -1 0
t 0.707107 0 -0.707107
bt 0 -1 0
t 0.707107 0 -0.707107
bt 0 -1 0
t 0.707107 0 -0.707107
bt 0 -1 0
t 1 0 0
bt 0 -1 0
t 1 0 0
bt 0 -1 0
t 1 0 0
bt 0 -1 0
t 1 0 0
bt 0 -1 0
t -0.707107 0 -0.707107
bt 0 -1 0
t -0.707107 0 -0.707107
bt 0 -1 0
t -0.707107 0 -0.707107
bt 0 -1 0
t -0.707107 0 -0.707107
bt 0 -1 0
t 0 0 -1
bt -0.51996 -0.800996 0.296729
t -0.00207925 -0.00320308 -0.999993
bt -0.524214 -0.80755 -0.270301
t 0 0 -1
bt -0.51996 -0.800996 0.296729
t 0 0 -1
bt -0.51996 -0.800996 0.296729
t 0.999969 0.00658554 0.00427208
bt -0.049322 -0.837918 -0.543563
t 0.999969 0.00658983 0.00427487
bt -0.294911 -0.801627 -0.520021
t 0.999969 0.00658554 0.00427208
bt -0.049322 -0.837918 -0.543563
t 0.999969 0.00658554 0.00427208
bt -0.049322 -0.837918 -0.543563
t -0.578492 0.170806 -0.797604
bt -0.469015 -0.740853 0.480793
t -0.655702 0.0745936 -0.751326
bt -0.515485 -0.739639 0.432677
t -0.578461 0.170767 -0.797635
bt -0.468991 -0.740884 0.480769
t -0.578461 0.170767 -0.797635
bt -0.468991 -0.740884 0.480769
t 0.707061 -7.19688e-05 -0.707153
bt -0.500562 -0.74041 -0.448588
t 0.707117 1.62855e-05 -0.707096
bt -0.449544 -0.740445 -0.499651
t 0.707061 -7.19688e-05 -0.707153
bt -0.500562 -0.74041 -0.448588
t 0.706987 2.30027e-05 -0.707227
bt -0.500559 -0.740414 -0.448585
t 0 0 1
bt 0 1 0
t 0 0 1
bt 0 1 0
t 0 0 1
bt 0 1 0
t 0 0 1
bt 0 1 0
t -0.707157 0 0.707057
bt 0 1 0
t -0.707157 0 0.707057
bt 0 1 0
t -0.707157 0 0.707057
bt 0 1 0
t -0.707157 0 0.707057
bt 0 1 0
t 1 0 0
bt 0 1 0
t 1 0 0
bt 0 1 0
t 1 0 0
bt 0 1 0
t 1 0 0
bt 0 1 0
t 0.707157 0 0.707057
bt 0 1 0
t 0.707157 0 0.707057
bt 0 1 0
t 0.707157 0 0.707057
bt 0 1 0
t 0.707157 0 0.707057
bt 0 1 0
t -0.259681 -0.00586587 -0.965677
bt 0.632099 -0.444857 -0.634471
t 0.259711 0.00584811 -0.965669
bt 0.647555 -0.450312 0.614729
t 0.0877643 0.185487 -0.978719
bt 0.767969 -0.224203 -0.599963
t -0.291418 -0.083153 -0.952975
bt 0.626733 -0.444922 -0.639727
t 0.965667 -0.0058136 -0.259719
bt 0.634347 -0.444982 0.632135
t 1 0 0
bt 0.161797 -0.565767 0.808535
t 1 0 0
bt 0.632736 -0.443962 0.634463
t 0.952974 -0.0831516 -0.291421
bt 0.639599 -0.444946 0.626846
t -0.762385 -0.217573 -0.609451
bt 0.609648 -0.451651 -0.651415
t -0.871163 -0.0298281 -0.490087
bt 0.612137 -0.449726 -0.650411
t 0.651419 -0.135058 -0.746601
bt 0.651767 -0.449988 0.6105
t 0 0 -1
bt 0.942601 0 -0.33392
t 0 0 -1
bt 0.942866 0 0.333171
t -0.252725 0 -0.967538
bt 0.944788 0 -0.327682
t 0 0 -1
bt 0.942601 0 -0.33392
t 0.707183 0 -0.707031
bt 0.936067 0 0.351821
t 0.862866 0 -0.505433
bt 0.321169 0 0.947022
t 0.707183 0 -0.707031
bt 0.936067 0 0.351821
t 0.707183 0 -0.707031
bt 0.936067 0 0.351821
t 1 0 0
bt 0.333156 0 0.942872
t 1 0 0
bt 0.120571 0 0.992705
t 1 0 0
bt 0.333156 0 0.942872
t -0.866276 0 -0.499566
bt 0.584746 0 -0.811216
t -0.939188 0 -0.343405
bt 0.409705 0 -0.912218
t -0.866276 0 -0.499566
bt 0.584746 0 -0.811216
t 0 0 -1
bt -0.942601 0 -0.33392
t 0 0 -1
bt -0.942866 0 0.333171
t 0 0 -1
bt -0.942601 0 -0.33392
t 0 0 -1
bt -0.942601 0 -0.33392
t -0.707145 0 -0.707069
bt -0.940228 0 0.340544
t -0.862856 0 -0.505449
bt -0.503258 0 0.864136
t -0.707145 0 -0.707069
bt -0.940228 0 0.340544
t -0.707145 0 -0.707069
bt -0.940228 0 0.340544
t -1 0 0
bt -0.00830643 0 0.999966
t -1 0 0
bt 0.253198 0 0.967415
t -1 0 0
bt -0.00830643 0 0.999966
t -0.862856 0 -0.505449
bt -0.503258 0 0.864136
t 0.707183 0 -0.707031
bt -0.351816 0 -0.936069
t 0.707126 0 -0.707088
bt -0.949037 0 -0.315166
t 0.862894 0 -0.505385
bt -0.345611 0 -0.938378
t 0.862894 0 -0.505385
bt -0.276481 0 -0.961019
t -1 -9.04781e-07 1.8517e-07
bt 0 -0.979694 0.200499
t -1 -2.70178e-06 5.80918e-07
bt 0.00210976 -0.977657 0.210194
t -1 0 0
bt 0 -0.992871 0.119196
t -1 0 0
bt 0 -0.992871 0.119196
t -1 0 0
bt 0.340551 -0.621483 0.705538
t -0.999999 0.00109339 -0.00124127
bt -0.582967 -0.537054 0.60969
t -1 0 0
bt 0.340551 -0.621483 0.705538
t -1 0 0
bt 0.340551 -0.621483 0.705538
t -1 0 0
bt 0 -0.765378 -0.643581
t -1 0 0
bt 0.000503861 -0.765378 -0.643581
t -1 0 0
bt 0 -0.765378 -0.643581
t -1 0 0
bt 0 -0.765378 -0.643581
t -1 -9.29759e-07 8.71719e-07
bt 0 -0.72949 0.683991
t -1 0 0
bt 0.003515 -0.729486 0.683987
t -1 -9.29759e-07 8.71719e-07
bt 0 -0.72949 0.683991
t -1 -9.29759e-07 8.71719e-07
bt 0 -0.72949 0.683991
t -1 0 0
bt 0 -0.72949 -0.683991
t -1 0 0
bt -0.00195015 -0.729489 -0.68399
t -1 0 0
bt 0 -0.72949 -0.683991
t -1 0 0
bt 0 -0.72949 -0.683991
t -1 0 0
bt 0 -0.90095 0.433924
t -1 0 0
bt -0.000504124 -0.900949 0.433924
t -1 0 0
bt -2.72617e-07 -0.927306 0.374303
t -1 -8.21589e-07 3.15422e-07
bt 0 -0.933573 0.358388
t -1 -0.000676631 -0.000677972
bt -0.145917 -0.698846 -0.700231
t -0.999991 0.0029829 0.00298881
bt 0.388497 -0.650918 -0.652208
t -1 -0.000676631 -0.000677972
bt -0.145917 -0.698846 -0.700231
t -1 -0.000676631 -0.000677972
bt -0.145917 -0.698846 -0.700231
t -1 0 0
bt 0 -1 0
t -1 0 0
bt 0 -1 0
t -1 0 0
bt 0 -1 0
t -1 0 0
bt 0 -1 0
t -1 -0.000714761 0.000463755
bt 0.214462 -0.819374 0.531631
t -1 -0.000705699 0.000457876
bt -0.0613885 -0.837311 0.543269
t -1 -0.000714761 0.000463755
bt 0.214462 -0.819374 0.531631
t -1 -0.000714761 0.000463755
bt 0.214462 -0.819374 0.531631
t -0.991035 0.117095 -0.0643306
bt -0.376144 -0.401032 -0.835278
t -1 0 0
bt -0.391989 -0.527395 -0.75379
t -1 0 0
bt -0.391989 -0.527395 -0.75379
t -0.999994 0 0.00336145
bt -0.253198 0 -0.967415
t -0.939188 0 -0.343405
bt 0.409705 0 -0.912218
t -0.999994 0 0.00336145
bt -0.253198 0 -0.967415
t -0.999994 0 0.00336145
bt -0.253198 0 -0.967415
t 1 0 0
bt -0.0030509 -0.979689 0.200498
t 1 0 0
bt 0 -0.992871 0.119196
t 1 0 0
bt -0.00456083 -0.99286 0.119195
t 1 0 0
bt -0.00211639 -0.977678 0.210097
t 0.999999 0.000824103 -0.000935563
bt 0.509794 -0.56865 0.64556
t 1 0 0
bt -0.340581 -0.621476 0.70553
t 0.999999 0.000824103 -0.000935563
bt 0.509794 -0.56865 0.64556
t 0.999999 0.000824103 -0.000935563
bt 0.509794 -0.56865 0.64556
t 1 0 0
bt 0 -0.765378 -0.643581
t 1 0 0
bt 0.00866366 -0.765349 -0.643557
t 1 0 0
bt 0 -0.765378 -0.643581
t 1 0 0
bt 0 -0.765378 -0.643581
t 1 0 0
bt -0.00219876 -0.729489 0.683989
t 1 -1.0313e-06 9.66918e-07
bt 0 -0.72949 0.683991
t 1 0 0
bt -0.00219876 -0.729489 0.683989
t 1 0 0
bt -0.00219876 -0.729489 0.683989
t 1 0 0
bt 0 -0.72949 -0.683991
t 1 0 0
bt 0.00219873 -0.729489 -0.683989
t 1 0 0
bt 0 -0.72949 -0.683991
t 1 0 0
bt 0 -0.72949 -0.683991
t 1 0 0
bt -0.00138309 -0.900949 0.433923
t 1 0 0
bt 0.000937855 -0.933572 0.358388
t 1 0 0
bt 1.53061e-05 -0.927272 0.374388
t 1 0 0
bt -0.00138309 -0.900949 0.433923
t 0.999999 -0.00076454 -0.000766055
bt 0.145903 -0.698847 -0.700232
t 0.999989 0.00329765 0.00330418
bt -0.334312 -0.665762 -0.667081
t 0.999999 -0.00076454 -0.000766055
bt 0.145903 -0.698847 -0.700232
t 0.999999 -0.00076454 -0.000766055
bt 0.145903 -0.698847 -0.700232
t 1 0 0
bt 0 -1 0
t 1 0 0
bt 0 -1 0
t 1 0 0
bt 0 -1 0
t 1 0 0
bt 0 -1 0
t 1 0 0
bt 0.0469621 -0.837968 0.543695
t 1 -0.000807621 0.000524006
bt -0.214442 -0.819378 0.531634
t 1 0 0
bt 0.0469621 -0.837968 0.543695
t 1 0 0
bt 0.0469621 -0.837968 0.543695
t 1 0 0
bt 0.39197 -0.5274 -0.753796
t 1 0 0
bt -0.544274 -0.480924 -0.68737
t 1 0 0
bt 0.39197 -0.5274 -0.753796
t 1 0 0
bt 0.39197 -0.5274 -0.753796
t 0.999993 0 0.00371759
bt 0.253221 0 -0.967409
t 1 0 0
bt 0.0344326 0 -0.999407
t 0.999993 0 0.00371759
bt 0.253221 0 -0.967409
t 0.999993 0 0.00371759
bt 0.253221 0 -0.967409
t 1 0 0
bt 0 -1 0
t 1 0 0
bt 4.70484e-05 -1 0
t 1 0 0
bt 0 -1 0
t 1 0 0
bt 0 -1 0
t 1 0 0
bt 0 -1 0
t 1 0 0
bt -0.000366824 -1 0
t 1 0 0
bt 0 -1 0
t 1 0 0
bt 0 -1 0
t -1 0 0
bt 0 1 0
t -1 0 0
bt 0 1 0
t -1 0 0
bt 0 1 0
t -1 0 0
bt 0 1 0
t 1 0 0
bt -0.120571 0 -0.992705
t 1 0 0
bt -0.120571 0 -0.992705
t -1 0 0
bt 0 0 1
t -1 0 0
bt 0 0 1
t -1 0 0
bt 0 0 1
t 1 0 0
bt 0 -1 0
t 1 0 0
bt 0 -1 0
t 1 0 0
bt 0 -1 0
t 1 0 0
bt 0 -1 0
t 1 0 0
bt 0 -1 0
t 1 0 0
bt 0 -1 0
t 1 0 0
bt 0 -1 0
t 1 0 0
bt 0 -1 0
t -1 0 0
bt 0 1 0
t -1 0 0
bt 0 1 0
t -1 0 0
bt 0 1 0
t -1 0 0
bt 0 1 0
t 1 0 0
bt -0.0344326 0 0.999407
t 1 0 0
bt -0.253221 0 0.967409
t 1 0 0
bt -0.0344326 0 0.999407
t 1 0 0
bt -0.0344326 0 0.999407
t -0.00564642 0 0.999984
bt 1 0 -0.000309977
t 0 0 1
bt 0.999147 0 0.0412962
t 0.000417405 0 1
bt 1 0 -0.000304897
t -0.00423479 0 0.999991
bt 1 0 -0.000228673
t -0.00266641 0 0.999996
bt 1 0 0
t 0 0 1
bt 1 0 1.52398e-05
t -0.0181908 0 0.999835
bt 1 0 0
t 0 0 -1
bt 0 -1 4.66879e-05
t 0 0 -1
bt 0 -1 0
t 0 0 -1
bt 0 -1 4.66879e-05
t 0 0 -1
bt 0 -1 4.66879e-05
t -1 0 0
bt 0.000529618 -1 0
t -1 0 0
bt 0.000113779 -1 0
t -1 0 0
bt 0.000529618 -1 0
t -1 0 0
bt 0.000529618 -1 0
t 0 0 1
bt -0.119196 -0.992868 -0.00241499
t 0 0 1
bt -0.119196 -0.99287 -0.00105344
t 0 0 1
bt -0.1899 -0.981803 -0.00124976
t 0 0 1
bt -0.210194 -0.977658 -0.00154765
t -1 0 0
bt 0.0024019 -0.992868 -0.119196
t -1 2.03909e-06 4.38429e-07
bt 0.00213964 -0.977657 -0.210194
t -1 6.80013e-07 1.46211e-07
bt 0.00159809 -0.977658 -0.210194
t -1 0 0
bt 0.0024019 -0.992868 -0.119196
t 0 0 -1
bt 0 -1 -0.000308838
t 0 0 -1
bt 0 -1 0
t 0 0 -1
bt 0 -1 -0.000308838
t 0 0 -1
bt 0 -1 -0.000308838
t -1 0 0
bt -0.00035099 -1 0
t -1 0 0
bt 0.000286724 -1 0
t -1 0 0
bt -0.00035099 -1 0
t -1 0 0
bt -0.00035099 -1 0
t 0 0 1
bt -0.604904 -0.532838 -0.591755
t 0 0 1
bt -0.73946 -0.651364 -0.170069
t 0 0 1
bt -0.604904 -0.532838 -0.591755
t 0 0 1
bt -0.604904 -0.532838 -0.591755
t -1 0 0
bt 0.595398 -0.531017 -0.602928
t -0.999999 -0.000837974 -0.000951454
bt -0.591681 -0.532829 -0.604985
t -1 0 0
bt 0.595398 -0.531017 -0.602928
t -1 0 0
bt 0.595398 -0.531017 -0.602928
t 0 0 1
bt 0.64363 -0.765336 0.00114773
t 0 0 1
bt 0.64362 -0.765323 0.00580938
t 0 0 1
bt 0.64363 -0.765336 0.00114773
t 0 0 1
bt 0.64363 -0.765336 0.00114773
t -1 0 0
bt -0.000584849 -0.765287 0.643689
t -1 0 0
bt 0.000591238 -0.765287 0.643689
t -1 0 0
bt -0.000584849 -0.765287 0.643689
t -1 0 0
bt -0.000584849 -0.765287 0.643689
t 0 0 1
bt -0.683987 -0.729487 0.00327356
t 0 0 1
bt -0.683962 -0.72946 -0.00918801
t 0 0 1
bt -0.683987 -0.729487 0.00327356
t 0 0 1
bt -0.683987 -0.729487 0.00327356
t -1 0 0
bt -0.00367652 -0.729486 -0.683986
t -1 0 0
bt -0.00834868 -0.729465 -0.683967
t -1 0 0
bt -0.00367652 -0.729486 -0.683986
t -1 0 0
bt -0.00367652 -0.729486 -0.683986
t 0 0 1
bt 0.68399 -0.729489 -0.00174616
t 0 0 1
bt 0.683961 -0.729459 0.00931914
t 0 0 1
bt 0.68399 -0.729489 -0.00174616
t 0 0 1
bt 0.68399 -0.729489 -0.00174616
t -1 0 0
bt 0.00235392 -0.729488 0.683989
t -1 0 0
bt 0.0101164 -0.729453 0.683956
t -1 0 0
bt 0.00235392 -0.729488 0.683989
t -1 0 0
bt 0.00235392 -0.729488 0.683989
t 0 0 1
bt -0.374303 -0.927307 8.90103e-05
t 0 0 1
bt -0.340814 -0.94013 0.00116539
t 0 0 1
bt -0.433885 -0.900968 2.9382e-05
t 0 0 1
bt -0.433885 -0.900968 2.9382e-05
t -1 0 0
bt 0.000327095 -0.927272 -0.374388
t -1 0 0
bt -0.00045068 -0.90091 -0.434005
t -1 0 0
bt 0.000462018 -0.90091 -0.434005
t -1 6.11721e-07 2.47001e-07
bt 0.000298625 -0.927272 -0.374388
t -0.774021 0.255111 -0.579491
bt 0.0712132 -0.82623 -0.558813
t -0.777957 0.287688 -0.558586
bt 0.0542023 -0.819417 -0.570629
t -0.786142 0.213381 -0.580043
bt 0.105257 -0.766012 -0.634151
t -0.786142 0.213381 -0.580043
bt 0.105257 -0.766012 -0.634151
t -0.707107 -2.27062e-08 0.707107
bt 0.000497545 -1 6.81452e-05
t -0.707107 -3.27225e-08 0.707107
bt 0.000547654 -1 1.80358e-05
t -0.707107 -2.27062e-08 0.707107
bt 0.000497545 -1 6.81452e-05
t -0.707107 -2.27062e-08 0.707107
bt 0.000497545 -1 6.81452e-05
t -0.707107 1.63756e-08 -0.707107
bt -0.000474452 -1 9.12379e-05
t -0.707107 2.27228e-08 -0.707107
bt 0.000137416 -1 0.000703106
t -0.707107 1.63756e-08 -0.707107
bt -0.000474452 -1 9.12379e-05
t -0.707107 1.63756e-08 -0.707107
bt -0.000474452 -1 9.12379e-05
t -0.67098 0.140218 0.728096
bt -0.0635678 -0.944438 -0.322484
t -0.732161 -0.191625 0.653621
bt -0.0670346 -0.945261 -0.319355
t -0.63124 0.314319 0.709042
bt -0.0236965 -0.975763 -0.217544
t -0.63124 0.314319 0.709042
bt -0.0236965 -0.975763 -0.217544
t -0.689005 0.219928 -0.690582
bt -0.00235538 -0.999981 0.00570509
t -0.659539 0.355632 -0.662219
bt 0.00603602 -0.999883 0.0140933
t -0.689005 0.219928 -0.690582
bt -0.00235538 -0.999981 0.00570509
t -0.689005 0.219928 -0.690582
bt -0.00235538 -0.999981 0.00570509
t -0.687585 -0.227294 0.689612
bt -0.0123483 -0.999715 0.0204117
t -0.662044 -0.345616 0.665017
bt 0.00131539 -0.999976 0.00674628
t -0.687585 -0.227294 0.689612
bt -0.0123483 -0.999715 0.0204117
t -0.687585 -0.227294 0.689612
bt -0.0123483 -0.999715 0.0204117
t -0.883366 -0.347272 -0.314748
bt -0.155036 -0.582148 0.798165
t -0.872374 -0.481602 -0.0838062
bt -0.0619618 -0.547501 0.834508
t -0.883366 -0.347272 -0.314748
bt -0.155036 -0.582148 0.798165
t -0.883366 -0.347272 -0.314748
bt -0.155036 -0.582148 0.798165
t -0.869211 0.283414 0.405153
bt 0.104422 -0.564035 0.819121
t -0.848196 0.529358 -0.0185673
bt 0.0936936 -0.559972 0.823197
t -0.869211 0.283414 0.405153
bt 0.104422 -0.564035 0.819121
t -0.869211 0.283414 0.405153
bt 0.104422 -0.564035 0.819121
t -0.707112 4.20152e-06 -0.707102
bt 0.613481 -0.534835 -0.581027
t -0.707086 -1.84952e-05 -0.707128
bt 0.599171 -0.534975 -0.595648
t -0.707112 4.20152e-06 -0.707102
bt 0.613481 -0.534835 -0.581027
t -0.707112 4.20152e-06 -0.707102
bt 0.613481 -0.534835 -0.581027
t -0.707121 -1.26784e-05 0.707093
bt -0.593824 -0.534969 -0.600983
t -0.707065 3.69682e-05 0.707148
bt -0.601123 -0.534969 -0.593683
t -0.707121 -1.26784e-05 0.707093
bt -0.593824 -0.534969 -0.600983
t -0.707121 -1.26784e-05 0.707093
bt -0.593824 -0.534969 -0.600983
t -0.89583 0.318653 -0.309757
bt 0.132989 -0.528136 -0.838682
t -0.707047 2.43215e-05 -0.707166
bt 0.144293 -0.53195 -0.834391
t -0.895882 0.318558 -0.309705
bt 0.132958 -0.528192 -0.838651
t -0.895882 0.318558 -0.309705
bt 0.132958 -0.528192 -0.838651
t -0.8849 -0.277909 0.373788
bt -0.124297 -0.525151 -0.841883
t -0.707047 -2.43167e-05 0.707166
bt -0.0389468 -0.493439 -0.868908
t -0.8849 -0.277909 0.373788
bt -0.124297 -0.525151 -0.841883
t -0.8849 -0.277909 0.373788
bt -0.124297 -0.525151 -0.841883
t -0.707077 3.1561e-05 -0.707136
bt -0.161756 -0.53016 0.832325
t -0.904211 -0.39319 -0.166745
bt 0.0329278 -0.456596 0.889065
t -0.707047 -2.48833e-05 -0.707166
bt -0.161792 -0.530094 0.832361
t -0.707047 -2.48833e-05 -0.707166
bt -0.161792 -0.530094 0.832361
t -0.707047 2.49143e-05 0.707166
bt 0.0329209 -0.48385 0.874532
t -0.8873 0.460585 0.0236817
bt 0.0222597 -0.479592 0.877209
t -0.707047 2.49143e-05 0.707166
bt 0.0329209 -0.48385 0.874532
t -0.707047 2.49143e-05 0.707166
bt 0.0329209 -0.48385 0.874532
t -0.716826 0.208026 -0.665497
bt 0.032807 -0.9774 -0.208837
t -0.638922 -0.292748 -0.711391
bt 0.0340933 -0.977619 -0.207604
t -0.732527 0.200709 -0.650477
bt 0.0736949 -0.946774 -0.31335
t -0.732527 0.200709 -0.650477
bt 0.0736949 -0.946774 -0.31335
t -0.808233 -0.337487 0.482558
bt -0.0761257 -0.754315 -0.652085
t -0.786945 -0.216965 0.57762
bt -0.0982008 -0.763234 -0.638617
t -0.782279 -0.349192 0.515854
bt -0.0510968 -0.818229 -0.572618
t -0.779391 -0.301949 0.548977
bt -0.0548039 -0.81976 -0.570079
t -1 0 0
bt -0.365244 -0.657509 0.658998
t -1 0 0
bt 0.332239 -0.666185 0.667694
t -1 0 0
bt -0.365244 -0.657509 0.658998
t -1 0 0
bt -0.365244 -0.657509 0.658998
t -0.707067 4.71931e-05 0.707146
bt 0.545289 -0.580649 0.604571
t -0.707019 -1.67263e-06 0.707195
bt 0.698088 -0.570813 0.432255
t -0.707097 -1.03607e-05 0.707117
bt 0.545264 -0.580698 0.604546
t -0.707097 -1.03607e-05 0.707117
bt 0.545264 -0.580698 0.604546
t -0.00639319 0.00638054 0.999959
bt 0.701428 -0.700041 0.133943
t 0 0 1
bt 0.666909 -0.66559 0.334998
t -0.00639319 0.00638054 0.999959
bt 0.701428 -0.700041 0.133943
t -0.00639319 0.00638054 0.999959
bt 0.701428 -0.700041 0.133943
t -0.425581 0.227322 -0.875903
bt -0.581262 -0.581143 0.569568
t -0.514669 0.164899 -0.841382
bt -0.380094 -0.562641 0.734141
t -0.425617 0.227393 -0.875867
bt -0.581239 -0.581189 0.569544
t -0.425617 0.227393 -0.875867
bt -0.581239 -0.581189 0.569544
t -1 0 0
bt 0 -1 0
t -1 0 0
bt 0 -1 0
t -1 0 0
bt 0 -1 0
t -1 0 0
bt 0 -1 0
t -0.707107 0 0.707107
bt 0 -1 0
t -0.707107 0 0.707107
bt 0 -1 0
t -0.707107 0 0.707107
bt 0 -1 0
t -0.707107 0 0.707107
bt 0 -1 0
t 0 0 1
bt 0 -1 0
t 0 0 1
bt 0 -1 0
t 0 0 1
bt 0 -1 0
t 0 0 1
bt 0 -1 0
t -0.707107 0 -0.707107
bt 0 -1 0
t -0.707107 0 -0.707107
bt 0 -1 0
t -0.707107 0 -0.707107
bt 0 -1 0
t -0.707107 0 -0.707107
bt 0 -1 0
t -1 0 0
bt 0.296872 -0.80103 -0.519825
t -0.999993 -0.00320297 -0.00207855
bt -0.270448 -0.807588 -0.52408
t -1 0 0
bt 0.296872 -0.80103 -0.519825
t -1 0 0
bt 0.296872 -0.80103 -0.519825
t 0.00427575 0.00658999 0.999969
bt -0.520098 -0.801599 -0.294851
t 0.00427299 0.00658573 0.999969
bt -0.543637 -0.837878 -0.0491933
t 0.00427575 0.00658999 0.999969
bt -0.520098 -0.801599 -0.294851
t 0.00427575 0.00658999 0.999969
bt -0.520098 -0.801599 -0.294851
t -0.797527 0.170773 -0.578609
bt 0.480732 -0.740885 -0.469026
t -0.751313 0.074571 -0.655719
bt 0.432842 -0.739649 -0.515332
t -0.797527 0.170773 -0.578609
bt 0.480732 -0.740885 -0.469026
t -0.797557 0.170734 -0.578578
bt 0.480708 -0.740917 -0.469002
t -0.7071 1.10658e-05 0.707114
bt -0.448745 -0.740416 -0.500412
t -0.707045 -9.46672e-06 0.707168
bt -0.499701 -0.740476 -0.449437
t -0.7071 1.10658e-05 0.707114
bt -0.448745 -0.740416 -0.500412
t -0.7071 1.10658e-05 0.707114
bt -0.448745 -0.740416 -0.500412
t 1 0 0
bt 0 1 0
t 1 0 0
bt 0 1 0
t 1 0 0
bt 0 1 0
t 1 0 0
bt 0 1 0
t 0.707057 0 -0.707157
bt 0 1 0
t 0.707057 0 -0.707157
bt 0 1 0
t 0.707057 0 -0.707157
bt 0 1 0
t 0.707057 0 -0.707157
bt 0 1 0
t 0 0 1
bt 0 1 0
t 0 0 1
bt 0 1 0
t 0 0 1
bt 0 1 0
t 0 0 1
bt 0 1 0
t 0.707057 0 0.707157
bt 0 1 0
t 0.707057 0 0.707157
bt 0 1 0
t 0.707057 0 0.707157
bt 0 1 0
t 0.707057 0 0.707157
bt 0 1 0
t -0.97872 0.185487 0.0877643
bt -0.600032 -0.224167 0.767927
t -0.965654 0.00592832 0.259763
bt 0.614799 -0.450344 0.647466
t -0.965655 -0.00593115 -0.259759
bt -0.634541 -0.44489 0.632005
t -0.952971 -0.0831459 -0.291431
bt -0.639784 -0.444911 0.626682
t 0 0 1
bt 0.634541 -0.443962 0.632658
t 0 0 1
bt 0.808577 -0.565728 0.161728
t -0.25968 -0.00583645 0.965677
bt 0.632199 -0.445005 0.634268
t -0.29141 -0.0831339 0.952979
bt 0.626892 -0.445016 0.639505
t -0.609372 -0.217594 -0.762443
bt -0.651374 -0.451751 0.609617
t -0.490062 -0.0298123 -0.871178
bt -0.650424 -0.449729 0.612122
t -0.746576 -0.135075 0.651444
bt 0.610581 -0.449975 0.6517
t -0.96754 0 -0.252719
bt -0.327633 0 0.944805
t -1 0 0
bt 0.333157 0 0.942872
t -1 0 0
bt -0.333869 0 0.94262
t -1 0 0
bt -0.333869 0 0.94262
t -0.707018 0 0.707195
bt 0.35181 0 0.936071
t -0.505449 0 0.862856
bt 0.947026 0 0.321156
t -0.707018 0 0.707195
bt 0.35181 0 0.936071
t -0.707018 0 0.707195
bt 0.35181 0 0.936071
t 0 0 1
bt 0.992727 0 0.120391
t 0 0 1
bt 0.992727 0 0.120391
t 0 0 1
bt 0.992727 0 0.120391
t -0.343334 0 -0.939213
bt -0.912233 0 0.409672
t -0.49947 0 -0.866331
bt -0.811259 0 0.584687
t -0.49947 0 -0.866331
bt -0.811259 0 0.584687
t -0.967538 0 0.252725
bt -0.327668 0 -0.944793
t -1 0 0
bt 0.33312 0 -0.942885
t -1 0 0
bt -0.333904 0 -0.942607
t -1 0 0
bt -0.333904 0 -0.942607
t -0.707044 0 -0.70717
bt 0.340504 0 -0.940243
t -0.707119 0 -0.707094
bt 0.712346 0 -0.701828
t -0.707044 0 -0.70717
bt 0.340504 0 -0.940243
t -0.707044 0 -0.70717
bt 0.340504 0 -0.940243
t 0 0 -1
bt 0.967423 0 0.253164
t 0 0 -1
bt 0.999965 0 -0.00834763
t 0 0 -1
bt 0.967423 0 0.253164
t 0 0 -1
bt 0.967423 0 0.253164
t -0.505375 0 0.8629
bt -0.938383 0 -0.345597
t -0.707018 0 0.707195
bt -0.936074 0 -0.351803
t -0.505375 0 0.8629
bt -0.961039 0 -0.276414
t 5.55245e-07 -2.71305e-06 -1
bt 0.200499 -0.979692 0.00212165
t 0 0 -1
bt 0.119196 -0.992871 0
t 3.34469e-07 -2.78586e-06 -1
bt 0.119196 -0.992866 0.00317168
t 3.87187e-07 -1.80076e-06 -1
bt 0.210194 -0.977657 0.00212499
t -0.00124128 0.0010934 -0.999999
bt 0.609685 -0.537049 -0.582978
t 0 0 -1
bt 0.705539 -0.621484 0.340548
t -0.00124128 0.0010934 -0.999999
bt 0.609685 -0.537049 -0.582978
t -0.00124128 0.0010934 -0.999999
bt 0.609685 -0.537049 -0.582978
t 0 0 -1
bt -0.643631 -0.765336 0
t 0 0 -1
bt -0.643631 -0.765336 0.000492935
t 0 0 -1
bt -0.643631 -0.765336 0
t 0 0 -1
bt -0.643631 -0.765336 0
t 0 0 -1
bt 0.683934 -0.729536 0.00345343
t 0 0 -1
bt 0.683938 -0.72954 0
t 0 0 -1
bt 0.683934 -0.729536 0.00345343
t 0 0 -1
bt 0.683934 -0.729536 0.00345343
t 0 0 -1
bt -0.683938 -0.72954 0
t 0 0 -1
bt -0.683937 -0.729539 -0.00193431
t 0 0 -1
bt -0.683938 -0.72954 0
t 0 0 -1
bt -0.683938 -0.72954 0
t 0 0 -1
bt 0.433924 -0.900949 -0.000525942
t 0 0 -1
bt 0.358388 -0.933573 1.49705e-06
t 0 0 -1
bt 0.374303 -0.927306 -0.000349875
t 0 0 -1
bt 0.433924 -0.900949 -0.000525942
t -0.00067797 -0.000676629 -1
bt -0.700231 -0.698846 -0.145917
t 0.0029888 0.00298289 -0.999991
bt -0.652204 -0.650914 0.38851
t -0.00067797 -0.000676629 -1
bt -0.700231 -0.698846 -0.145917
t -0.00067797 -0.000676629 -1
bt -0.700231 -0.698846 -0.145917
t 0 0 -1
bt 0 -1 0
t 0 0 -1
bt 0 -1 0
t 0 0 -1
bt 0 -1 0
t 0 0 -1
bt 0 -1 0
t 0.00045787 -0.00070569 -1
bt 0.543267 -0.837309 -0.0614384
t 0.00046375 -0.000714752 -1
bt 0.531631 -0.819374 0.214465
t 0.00045787 -0.00070569 -1
bt 0.543267 -0.837309 -0.0614384
t 0.00045787 -0.00070569 -1
bt 0.543267 -0.837309 -0.0614384
t 0 0 -1
bt -0.753788 -0.527394 -0.391994
t -0.0643441 0.117081 -0.991036
bt -0.835214 -0.401151 -0.376159
t 0 0 -1
bt -0.753788 -0.527394 -0.391994
t 0.00336188 0 -0.999994
bt -0.967423 0 -0.253167
t -0.343334 0 -0.939213
bt -0.912233 0 0.409672
t 0.00336188 0 -0.999994
bt -0.967423 0 -0.253167
t 0.00336188 0 -0.999994
bt -0.967423 0 -0.253167
t 0 0 1
bt 0.200499 -0.979694 0
t 0 0 1
bt 0.210096 -0.977676 -0.00304462
t 0 0 1
bt 0.119196 -0.992871 0
t 0 0 1
bt 0.119196 -0.992871 0
t 0 0 1
bt 0.70553 -0.621476 -0.340579
t -0.000935568 0.000824108 0.999999
bt 0.645564 -0.568654 0.509784
t 0 0 1
bt 0.70553 -0.621476 -0.340579
t 0 0 1
bt 0.70553 -0.621476 -0.340579
t 0 0 1
bt -0.643631 -0.765336 0
t 0 0 1
bt -0.643606 -0.765308 0.00866471
t 0 0 1
bt -0.643631 -0.765336 0
t 0 0 1
bt -0.643631 -0.765336 0
t 0 0 1
bt 0.683938 -0.72954 0
t 0 0 1
bt 0.683936 -0.729539 -0.00212193
t 0 0 1
bt 0.683938 -0.72954 0
t 0 0 1
bt 0.683938 -0.72954 0
t 0 0 1
bt -0.683938 -0.72954 0
t 0 0 1
bt -0.683936 -0.729539 0.00212182
t 0 0 1
bt -0.683938 -0.72954 0
t 0 0 1
bt -0.683938 -0.72954 0
t 0 0 1
bt 0.433924 -0.90095 0
t 0 0 1
bt 0.433923 -0.900949 -0.00137949
t 0 0 1
bt 0.374388 -0.927272 0.000932761
t 0 0 1
bt 0.358388 -0.933573 0
t -0.000766046 -0.00076453 0.999999
bt -0.700232 -0.698847 0.145904
t 0.00330414 0.00329761 0.999989
bt -0.667079 -0.665759 -0.334321
t -0.000766046 -0.00076453 0.999999
bt -0.700232 -0.698847 0.145904
t -0.000766046 -0.00076453 0.999999
bt -0.700232 -0.698847 0.145904
t 0 0 1
bt 0 -1 0
t 0 0 1
bt 0 -1 0
t 0 0 1
bt 0 -1 0
t 0 0 1
bt 0 -1 0
t 0.000523995 -0.000807605 1
bt 0.531633 -0.819377 -0.214447
t 0 0 1
bt 0.543694 -0.837967 0.0469905
t 0.000523995 -0.000807605 1
bt 0.531633 -0.819377 -0.214447
t 0.000523995 -0.000807605 1
bt 0.531633 -0.819377 -0.214447
t 0 0 1
bt -0.753794 -0.527398 0.391977
t 0 0 1
bt -0.687359 -0.480917 -0.544294
t 0 0 1
bt -0.753794 -0.527398 0.391977
t 0 0 1
bt -0.753794 -0.527398 0.391977
t 0.00371804 0 0.999993
bt -0.967416 0 0.253193
t 0 0 1
bt -0.999403 0 0.0345559
t 0.00371804 0 0.999993
bt -0.967416 0 0.253193
t 0.00371804 0 0.999993
bt -0.967416 0 0.253193
t 0 0 1
bt 0 -1 0
t 0 0 1
bt 0 -1 4.69384e-05
t 0 0 1
bt 0 -1 0
t 0 0 1
bt 0 -1 0
t 0 0 1
bt 0 -1 0
t 0 0 1
bt 0 -1 -0.000321395
t 0 0 1
bt 0 -1 0
t 0 0 1
bt 0 -1 0
t 0 0 -1
bt 0 1 0
t 0 0 -1
bt 0 1 0
t 0 0 -1
bt 0 1 0
t 0 0 -1
bt 0 1 0
t 0 0 1
bt -0.992727 0 -0.120391
t 0 0 1
bt -0.992727 0 -0.120391
t 0 0 -1
bt 1 0 0
t 0 0 -1
bt 1 0 0
t 0 0 -1
bt 1 0 0
t 0 0 1
bt 0 -1 0
t 0 0 1
bt 0 -1 0
t 0 0 1
bt 0 -1 0
t 0 0 1
bt 0 -1 0
t 0 0 1
bt 0 -1 0
t 0 0 1
bt 0 -1 0
t 0 0 1
bt 0 -1 0
t 0 0 1
bt 0 -1 0
t 0 0 -1
bt 0 1 0
t 0 0 -1
bt 0 1 0
t 0 0 -1
bt 0 1 0
t 0 0 -1
bt 0 1 0
t 0 0 1
bt 0.999403 0 -0.0345559
t 0 0 1
bt 0.967416 0 -0.253193
t 0 0 1
bt 0.999403 0 -0.0345559
t 0 0 1
bt 0.999403 0 -0.0345559

