g sponza_14
t 1 0 0
bt 0 0 -1
t 1 0 0
bt 0 0 -1
t 1 0 0
bt 0 0 -1
t 1 0 0
bt 0 0 -1
t 0 -1 0
bt 0.707102 0 0.707111
t 0 -1 0
bt -0.707102 0.000390154 0.707111
t 0.208293 -0.955466 0.209042
bt -0.693669 -0.0558203 0.718128
t 0.209079 -0.955466 -0.208256
bt 0.693668 0.0558222 0.718128
t 0 -1 0
bt -0.707111 0 -0.707102
t -0.208583 -0.955466 0.208752
bt -0.718001 -0.0556823 -0.693811
t 0 -1 0
bt 0.707102 -0.000395093 -0.707111
t -0.209001 -0.955466 -0.208333
bt 0.69344 -0.0566941 -0.718281
t 0 -1 0
bt 0.707102 0 0.707111
t 0.209079 -0.955466 -0.208256
bt 0.693668 0.0558222 0.718128
t 0.136553 -0.576332 -0.805726
bt 0.886666 -0.394791 0.240758
t -0.136136 -0.576185 -0.805902
bt 0.886666 0.394461 -0.241297
t -0.806169 -0.575887 -0.135816
bt 0.24134 -0.394786 -0.886509
t -0.80572 -0.576263 0.13688
bt -0.24134 0.394786 -0.886509
t -0.137324 -0.576605 0.8054
bt -0.886666 -0.394125 -0.241846
t 0.13657 -0.576338 0.805719
bt -0.886666 0.394461 0.241297
t 0.804312 -0.577431 0.140196
bt -0.24134 -0.394786 0.886509
t 0.804655 -0.577149 -0.139392
bt 0.24134 0.394787 0.886509
t 0.0652569 -0.235367 -0.969713
bt 0.976328 -0.210911 0.0479645
t -0.0632224 -0.236236 -0.969637
bt 0.976171 0.211538 -0.048394
t -0.971547 -0.232211 -0.0466287
bt 0.0437268 -0.213317 -0.976004
t -0.971105 -0.233686 0.0484346
bt -0.0439784 0.213874 -0.975871
t -0.0708832 -0.238539 0.968543
bt -0.97595 -0.212472 -0.0487622
t 0.0693315 -0.23687 0.969064
bt -0.976126 0.211764 0.0483073
t 0.972181 -0.230877 0.0395005
bt -0.043292 -0.212803 0.976136
t 0.972446 -0.229835 -0.0390576
bt 0.0430645 0.212227 0.976271
t 0.923879 0 0.382684
bt 0 -1 0
t 0.707107 0 0.707107
bt 0 -1 0
t 0.707107 0 0.707107
bt 0 -1 0
t 0.923879 0 0.382684
bt 0 -1 0
t 0 0 1
bt 0 -1 0
t -0.382697 0 0.923874
bt 0 -1 0
t -0.382697 0 0.923874
bt 0 -1 0
t 0 0 1
bt 0 -1 0
t -0.382697 0 0.923874
bt 0 -1 0
t -0.707107 0 0.707107
bt 0 -1 0
t -0.707107 0 0.707107
bt 0 -1 0
t -0.382697 0 0.923874
bt 0 -1 0
t -1 0 0
bt 0 -1 0
t -1 0 0
bt 0 -1 0
t -1 0 0
bt 0 -1 0
t -1 0 0
bt 0 -1 0
t -0.707107 0 -0.707107
bt 0 -1 0
t -0.382684 0 -0.923879
bt 0 -1 0
t -0.382684 0 -0.923879
bt 0 -1 0
t -0.707107 0 -0.707107
bt 0 -1 0
t 0.382697 0 -0.923874
bt 0 -1 0
t 0.382697 0 -0.923874
bt 0 -1 0
t 0.923879 0 -0.382684
bt 0 -1 0
t 0.923879 0 -0.382684
bt 0 -1 0
t 0.884601 -0.0658438 0.461677
bt -0.306489 -0.598776 0.739954
t 0.461678 0.0658441 0.884601
bt -0.739956 -0.598776 0.306486
t 0.461678 0.0658445 0.8846
bt -0.526833 -0.549415 0.64853
t 0.884601 -0.0658437 0.461677
bt -0.116742 -0.586836 0.801246
t -0.299012 0.065778 0.95198
bt -0.739951 -0.598776 -0.306498
t -0.299012 0.065778 0.95198
bt -0.831089 -0.549441 0.0860552
t -0.884601 0.0658441 0.461678
bt -0.306507 -0.598776 -0.739947
t -0.8846 0.0658453 0.461679
bt -0.64853 -0.549414 -0.526832
t -0.951979 0.0657775 -0.299013
bt 0.306464 -0.598776 -0.739965
t -0.951958 0.0658594 -0.299064
bt -0.0860624 -0.549428 -0.831097
t -0.461678 0.0658441 -0.884601
bt 0.739935 -0.598776 -0.306536
t -0.461678 0.0658443 -0.884601
bt 0.526818 -0.549409 -0.648546
t 0.299014 0.0657766 -0.951979
bt 0.73994 -0.598776 0.306524
t 0.299014 0.0657766 -0.951979
bt 0.831089 -0.549439 -0.0860634
t 0.884601 0.0658441 -0.461678
bt 0.306447 -0.598776 0.739972
t 0.884602 0.0658424 -0.461675
bt 0.648489 -0.549428 0.526869
t 0.884601 -0.0658438 0.461677
bt -0.306489 -0.598776 0.739954
t 0.884601 -0.0658437 0.461677
bt -0.116742 -0.586836 0.801246
t 0.906168 -0.155045 0.393473
bt -0.260639 -0.651819 0.712179
t 0.393 0.155318 0.906326
bt -0.711437 -0.652743 0.260354
t 0.388442 0.0219944 0.921211
bt -0.191499 -0.948907 0.250807
t 0.921211 -0.0219945 0.388442
bt -0.0327367 -0.958063 0.284681
t -0.246035 -0.0191358 0.969072
bt -0.711473 -0.652734 -0.260277
t -0.376756 0.0220067 0.926051
bt -0.312765 -0.948904 0.0419412
t -0.944271 0.0713747 0.321337
bt -0.180592 -0.625639 -0.758922
t -0.921211 0.021995 0.388442
bt -0.250793 -0.948909 -0.191506
t -0.967928 -0.0125447 -0.250914
bt 0.269151 -0.623198 -0.734291
t -0.926051 0.0220058 -0.376757
bt -0.0419308 -0.948906 -0.312761
t -0.410232 0.14444 -0.900471
bt 0.739314 -0.616287 -0.271302
t -0.388442 0.0219943 -0.921211
bt 0.191507 -0.94891 -0.250791
t 0.252229 -0.0105738 -0.96761
bt 0.739204 -0.616387 0.271376
t 0.376757 0.0220062 -0.926051
bt 0.312756 -0.948908 -0.0419172
t 0.946969 0.0785276 -0.31158
bt 0.172375 -0.654673 0.735996
t 0.921211 0.0219945 -0.388442
bt 0.250815 -0.948905 0.191495
t 0.906168 -0.155045 0.393473
bt -0.260639 -0.651819 0.712179
t 0.921211 -0.0219945 0.388442
bt -0.0327367 -0.958063 0.284681
t -0.766588 -0.640917 0.0395976
bt 0.0807452 -0.124603 -0.988916
t -0.766857 -0.64039 -0.0427957
bt -0.0806498 0.12507 -0.988865
t -0.987372 -0.15013 -0.0505642
bt -0.102389 0.629711 -0.770052
t 0.00710596 -0.644048 0.764952
bt -0.989048 -0.112806 -0.0951818
t -0.00724821 -0.644093 0.764913
bt -0.989107 0.112494 0.094933
t 0.946969 0.0785276 -0.31158
bt 0.172375 -0.654673 0.735996
t 0.798674 -0.598019 -0.0670339
bt -0.0612019 -0.139386 0.988345
t 0.797291 -0.602318 0.0392531
bt 0.0756548 0.12806 0.988877
t 0.987669 -0.148794 0.0486921
bt 0.0932677 0.601009 0.793782
t -0.00716118 -0.613872 -0.789374
bt 0.989062 -0.116337 0.0906718
t 0.00213766 -0.614413 -0.788981
bt 0.989003 0.11666 -0.0909082
t -0.944271 0.0713747 0.321337
bt -0.180592 -0.625639 -0.758922
t 0.888201 -0.067739 0.454435
bt -0.619071 -0.598494 0.508484
t 0.8882 -0.0677405 0.454436
bt -0.292046 -0.646284 0.705001
t 0.454435 0.0677397 0.8882
bt -0.705013 -0.646284 0.292018
t 0.454435 0.0677397 0.8882
bt -0.764549 -0.634679 0.11246
t -0.306691 0.0677001 0.949399
bt -0.70501 -0.646284 -0.292025
t -0.306691 0.0676997 0.949398
bt -0.620151 -0.634673 -0.461088
t -0.8882 0.0677406 0.454436
bt -0.292048 -0.646284 -0.705
t -0.8882 0.0677406 0.454436
bt -0.112481 -0.634681 -0.764544
t -0.949398 0.0676991 -0.306692
bt 0.292025 -0.646284 -0.70501
t -0.949398 0.0676992 -0.306692
bt 0.461092 -0.634673 -0.620149
t -0.454435 0.0677395 -0.8882
bt 0.705009 -0.646284 -0.292027
t -0.454435 0.0677395 -0.8882
bt 0.764547 -0.63468 -0.112469
t 0.306692 0.0676987 -0.949398
bt 0.705012 -0.646284 0.29202
t 0.306693 0.0676983 -0.949398
bt 0.62015 -0.634673 0.461091
t 0.888202 0.0677375 -0.454433
bt 0.292024 -0.646284 0.70501
t 0.888202 0.0677375 -0.454433
bt 0.112456 -0.634678 0.76455
t 0.8882 -0.0677405 0.454436
bt -0.292046 -0.646284 0.705001
t 0.888201 -0.067739 0.454435
bt -0.619071 -0.598494 0.508484
t 0.8882 0.0677405 0.454436
bt 0.619076 -0.598493 -0.50848
t 0.888201 0.067739 0.454435
bt 0.292046 -0.646284 -0.705001
t 0.454434 -0.0677382 0.888201
bt 0.705013 -0.646284 -0.292018
t 0.454434 -0.0677382 0.888201
bt 0.76455 -0.634678 -0.112457
t -0.306691 -0.0676997 0.949398
bt 0.70501 -0.646284 0.292025
t -0.306691 -0.0677001 0.949399
bt 0.62015 -0.634673 0.461091
t -0.888199 -0.0677415 0.454437
bt 0.292047 -0.646284 0.705
t -0.888199 -0.0677415 0.454437
bt 0.112477 -0.634681 0.764545
t -0.949398 -0.0676992 -0.306692
bt -0.292025 -0.646284 0.70501
t -0.949398 -0.0676991 -0.306692
bt -0.461095 -0.634672 0.620147
t -0.454435 -0.0677393 -0.8882
bt -0.705009 -0.646284 0.292027
t -0.454435 -0.0677393 -0.8882
bt -0.764548 -0.634679 0.112465
t 0.306693 -0.0676983 -0.949398
bt -0.705012 -0.646284 -0.292019
t 0.306692 -0.0676987 -0.949398
bt -0.620148 -0.634672 -0.461093
t 0.888201 -0.0677384 -0.454434
bt -0.292024 -0.646284 -0.70501
t 0.888201 -0.0677384 -0.454434
bt -0.112453 -0.634678 -0.764551
t 0.888201 0.067739 0.454435
bt 0.292046 -0.646284 -0.705001
t 0.8882 0.0677405 0.454436
bt 0.619076 -0.598493 -0.50848
t 0.918624 0.0296569 0.394018
bt 0.1651 -0.921263 -0.35216
t 0.394018 -0.0296557 0.918624
bt 0.362405 -0.921372 -0.140483
t -0.320735 -0.146426 0.935782
bt 0.358983 -0.921413 0.148757
t -0.434937 0.146409 0.888479
bt 0.341649 -0.920505 0.189596
t -0.918624 -0.0296562 0.394018
bt 0.140487 -0.921372 0.362404
t -0.928191 -0.0296405 -0.370922
bt -0.156907 -0.921372 0.355603
t -0.394018 -0.0296569 -0.918624
bt -0.362395 -0.921372 0.14051
t 0.370922 -0.0296397 -0.928191
bt -0.355601 -0.921372 -0.156912
t 0.918624 -0.0296561 -0.394018
bt -0.140484 -0.921372 -0.362405
t 0.918624 0.0296569 0.394018
bt 0.1651 -0.921263 -0.35216
t 0.899637 0.0672289 0.431433
bt 0.512142 -0.740485 -0.435194
t 0.431433 -0.0672395 0.899636
bt 0.632356 -0.768705 -0.0960088
t -0.320735 -0.146426 0.935782
bt 0.359082 -0.921383 0.148707
t -0.331076 -0.0672455 0.941205
bt 0.515022 -0.768704 0.379271
t -0.434937 0.146409 0.888479
bt 0.359082 -0.921383 0.148706
t -0.899637 -0.0672289 0.431433
bt 0.0959527 -0.768753 0.632306
t -0.941206 -0.0672349 -0.331076
bt -0.379228 -0.768758 0.514972
t -0.431433 -0.0672289 -0.899637
bt -0.632305 -0.768754 0.0959571
t 0.331076 -0.0672349 -0.941206
bt -0.514939 -0.76875 -0.379291
t 0.899637 -0.0672289 -0.431433
bt -0.0959531 -0.768753 -0.632306
t 0.899637 0.0672289 0.431433
bt 0.512142 -0.740485 -0.435194
t 0 -1 0
bt 0 0 1
t 0 -1 0
bt 0 0 1
t 0 -1 0
bt 0 0 1
t 0 -1 0
bt 0 0 1
t 0 -1 0
bt -1 0 0
t 0 -1 0
bt -1 0 0
t 0 -1 0
bt -1 0 0
t 0 -1 0
bt -1 0 0
t 0 -1 0
bt 0 0 -1
t 0 -1 0
bt 0 0 -1
t 0 -1 0
bt 0 0 -1
t 0 -1 0
bt 0 0 -1
t 0 -1 0
bt 1 0 0
t 0 -1 0
bt 1 0 0
t 0 -1 0
bt 1 0 0
t 0 -1 0
bt 1 0 0
t 0 -1 0
bt 0 0 1
t 0 -1 0
bt 0 0 1
t 0 -1 0
bt 0 0 1
t 0 -1 0
bt 0 0 1
t 0 -1 0
bt -1 0 0
t 0 -1 0
bt -1 0 0
t 0 -1 0
bt -1 0 0
t 0 -1 0
bt -1 0 0
t 0 -1 0
bt 0 0 -1
t 0 -1 0
bt 0 0 -1
t 0 -1 0
bt 0 0 -1
t 0 -1 0
bt 0 0 -1
t 0 -1 0
bt 1 0 0
t 0 -1 0
bt 1 0 0
t 0 -1 0
bt 1 0 0
t 0 -1 0
bt 1 0 0
t -0.999986 0 0.00527962
bt 0 0 1
t -0.707096 0 -0.707117
bt 0 0 1
t -0.999986 0 0.00527962
bt 0 0 1
t -0.999986 0 0.00527962
bt 0 0 1
t -0.707095 0 -0.707118
bt -1 0 0
t 0.707101 0 -0.707113
bt -1 0 0
t -0.707095 0 -0.707118
bt -1 0 0
t -0.707095 0 -0.707118
bt -1 0 0
t 0.707101 0 -0.707113
bt 0 0 -1
t 0.707148 0 0.707066
bt 0 0 -1
t 0.707101 0 -0.707113
bt 0 0 -1
t 0.707101 0 -0.707113
bt 0 0 -1
t 0.707147 0 0.707066
bt 1 0 0
t 0.0162164 0 0.999869
bt 1 0 0
t 0.707147 0 0.707066
bt 1 0 0
t 0.707147 0 0.707066
bt 1 0 0
t 0.999868 0 -0.0162406
bt 0 0 1
t 0.999846 0 -0.0175355
bt 0 0 1
t 0.999868 0 -0.0162406
bt 0 0 1
t 0.999868 0 -0.0162406
bt 0 0 1
t -0.0162519 0 -0.999868
bt 1 0 0
t -0.0176542 0 -0.999844
bt 1 0 0
t -0.0162519 0 -0.999868
bt 1 0 0
t -0.0162519 0 -0.999868
bt 1 0 0
t -0.999866 0 0.0163616
bt 0 0 -1
t -0.999844 0 0.0176559
bt 0 0 -1
t -0.999866 0 0.0163616
bt 0 0 -1
t -0.999866 0 0.0163616
bt 0 0 -1
t 0.0162333 0 0.999868
bt -1 0 0
t 0.0176346 0 0.999845
bt -1 0 0
t 0.0162333 0 0.999868
bt -1 0 0
t 0.0162333 0 0.999868
bt -1 0 0

