g sponza_145
t 0.972764 0.216523 0.0827562
bt -0.117143 0.327937 -0.937409
t 0.899852 0.392185 -0.190938
bt -0.340552 0.108227 -0.933976
t 0.903828 0.415951 -0.100397
bt -0.0848335 0.0509309 -0.995093
t 0.99495 -0.0499024 -0.0870893
bt -0.0120912 0.41143 -0.911361
t 0.922258 0.375484 0.0919334
bt 0.225614 -0.15903 -0.961149
t 0.921679 0.381784 -0.0689032
bt 0 0 -1
t 0.92176 0.381814 0.0676471
bt 0.000106984 4.43126e-05 -1
t 0.907756 0.414508 0.0645177
bt 0.126225 -0.0319709 -0.991486
t 0.989161 0.0233214 -0.144973
bt -0.0287592 -0.412531 -0.910489
t 0.972297 0.205405 -0.11157
bt -0.0578591 -0.36886 -0.927682
t 0.972758 -0.215314 0.0859174
bt -0.0835993 -0.33668 -0.937901
t 1 0 0
bt -0.096463 -0.380925 -0.91956
t 1 0 0
bt 0.0307212 -0.382529 -0.923433
t 0.996682 -0.0742226 0.0334198
bt -0.00559413 -0.410137 -0.912007
t 0.910765 -0.412227 -0.0239835
bt -0.0950683 -0.0462602 -0.994395
t 0.9378 -0.332435 0.100092
bt -0.133103 -0.196941 -0.971338
t 0.937892 -0.334965 -0.0903109
bt 0.0279475 0.23702 -0.971103
t 0.918607 -0.38053 -0.106571
bt 0 0 -1
t 0.92377 -0.382669 0.0145931
bt 0 0 -1
t 0.912347 -0.408835 -0.021835
bt 0.0334198 0.0742226 -0.996682
t 0.972297 -0.205407 -0.111565
bt -0.158714 0.387165 -0.908247
t 1 0 0
bt 0.988665 0.0574596 -0.138709
t 1 -7.4319e-05 0.000179408
bt -0.083485 0.381374 -0.920643
t 0.972764 0.216558 0.0826629
bt 0.960531 0.270211 -0.066071
t 0.996682 -0.0742226 -0.0334198
bt 0.985719 -0.0126803 -0.167921
t 0.996682 0.0742226 0.0334198
bt -0.156078 0.393872 -0.905817
t 0.937756 -0.340457 0.0685769
bt 0.0821779 0.216743 0.972764
t 0.972463 -0.207627 0.105861
bt 0.222121 0.297741 0.928447
t 0.996675 -0.0757396 0.0300492
bt 0.0358409 0.407625 0.912446
t 0.912445 -0.407445 -0.0378485
bt -0.0487776 -0.067295 0.99654
t 0.972763 0.217073 -0.0813147
bt -0.00531152 0.355423 0.934691
t 1 0 0
bt -0.0983954 0.380853 0.919385
t 1 0 0
bt 0.170115 0.377131 0.910402
t 0.996682 0.0742226 -0.0334198
bt 0.135941 0.416847 0.898754
t 1 0 0
bt 0.875423 0.184986 0.446559
t 0.912446 0.407566 -0.0365051
bt 0.75861 0.388423 0.523104
t 0.996682 -0.0742226 0.0334198
bt 0.878444 0.128543 0.460231
t 0.896668 0.393838 0.202183
bt -0.31127 0.121581 0.942512
t 0.909565 0.413365 0.0426749
bt -0.0836743 0.0514592 0.995164
t 0.913426 0.38346 -0.136424
bt 0.267178 -0.141151 0.953253
t 0.919462 0.380862 0.0976385
bt 0 0 1
t 0.920233 0.381181 -0.0887204
bt -0.00018138 -7.5127e-05 1
t 0.904323 0.415819 -0.0964121
bt 0.114115 -0.0375376 0.992758
t 0.610143 0.25275 0.750894
bt 0 0 1
t 0.95197 -0.0506964 0.301965
bt -0.0163089 -0.41172 0.911165
t 0.585011 0.329771 0.740955
bt -0.0334198 0.0742226 0.996682
t 0.972463 0.20763 0.105853
bt 0.222395 -0.297656 0.928408
t 0.972763 -0.217057 -0.081356
bt -0.0082493 -0.354761 0.93492
t 1 0 0
bt -0.0561858 -0.382105 0.922409
t 1 0 0
bt 0.00528946 -0.382704 0.923856
t 0.996682 -0.0742226 -0.0334198
bt -0.0311905 -0.408036 0.912433
t 0.937885 -0.337646 -0.0797887
bt 0.182025 -0.307683 0.933915
t 0.478101 -0.198052 0.855684
bt 0 0 1
t 0.923181 -0.382425 -0.0385777
bt 0 0 1
t 0.549069 0.00358607 0.835769
bt 0.0826629 0.216558 0.972764
t 0.447659 -0.277694 0.849993
bt -0.0334198 -0.0742226 0.996682
t 0.91162 -0.410991 -0.00588911
bt 0.0334198 0.0742226 0.996682
t 0 1 0
bt -0.999999 0.00154726 0
t 0 1 0
bt -0.980783 0.00081214 -0.195099
t 0.0999527 0.928266 -0.358234
bt -0.982226 -0.022156 -0.186387
t 0 1 0
bt -1 0.000928358 0
t 0 1 0
bt 0 0.0026204 0.999997
t 0 1 0
bt -0.195101 0.000559891 0.980783
t -0.356621 0.928033 -0.10759
bt -0.191872 -0.00827709 0.981385
t 0 1 0
bt 0 0.00157224 0.999999
t 0.344271 0.92663 0.151113
bt -0.555575 -1.58643e-05 0.831466
t 0.263554 0.926373 0.269021
bt -0.828461 0.0131712 0.559892
t -0.153883 0.926825 -0.342513
bt -0.831363 -0.000480928 0.555729
t -0.280401 0.927475 -0.247315
bt -0.560067 0.0137147 0.828334
t -0.285148 0.927831 0.240461
bt -0.555567 -8.19802e-06 -0.831472
t 0.333105 0.927694 -0.168598
bt -0.560062 -0.0136994 -0.828337
t 0.263531 0.926375 -0.269038
bt -0.828203 0.014268 -0.560246
t -0.153895 0.926826 0.342506
bt -0.831568 0.000442205 -0.555423
t 0.174878 0.927981 -0.329042
bt 0.83157 0.000452685 0.555419
t 0.275749 0.927069 -0.253979
bt 0.555418 -0.000456312 0.831571
t -0.349248 0.926019 0.143232
bt 0.560063 -0.0137001 0.828337
t -0.247334 0.927474 0.280388
bt 0.828333 0.0137167 0.560068
t 0.106399 0.928074 0.356873
bt -0.980779 4.03675e-06 0.195124
t 0 1 0
bt -0.980783 -0.00146538 0.195097
t -0.0440108 0.928246 -0.369355
bt -0.980752 -0.000340586 0.195255
t -0.0444021 0.928256 0.369281
bt -0.980778 -1.10295e-05 -0.195126
t 0 1 0
bt 0.195097 -0.000150631 0.980784
t -0.369308 0.928252 0.0442576
bt 0.195176 -0.000138178 0.980768
t 0.366616 0.928539 0.0583746
bt -0.195126 -8.97747e-06 0.980778
t 0 1 0
bt -0.195098 -0.000154322 -0.980784
t 0.362467 0.928609 -0.079395
bt -0.199293 -0.0109436 -0.979879
t -0.355369 0.927814 0.113463
bt -0.195023 1.28274e-05 -0.980799
t 0 1 0
bt 0.980784 0.000133905 0.195097
t -0.0931232 0.928426 0.359658
bt 0.980755 0.000307605 0.195243
t -0.90491 0.415649 0.0915043
bt 0.141157 0.025085 0.989669
t -0.382498 0.923413 0.0316715
bt 0 0 1
t -0.922142 0.381949 0.0613844
bt 0 0 1
t -0.0928979 0.4157 -0.904745
bt -0.98967 0.0250884 0.14115
t -0.0332481 0.923366 -0.382479
bt -1 0 0
t -0.0640358 0.381886 -0.921989
bt -1 0 0
t -0.0913674 0.415644 0.904926
bt -0.989669 0.0250835 -0.14116
t -0.029957 0.923462 0.382519
bt -1 0 0
t -0.0609195 0.38196 0.922169
bt -1 0 0
t 0.909565 0.413365 0.0426749
bt -0.0836743 0.0514592 0.995164
t 0.381659 0.921386 0.0733797
bt 0 0 1
t 0.919462 0.380862 0.0976385
bt 0 0 1
t 0.899852 0.392185 -0.190938
bt -0.340552 0.108227 -0.933976
t 0.504941 0.417224 -0.755618
bt -0.799527 0.0251377 -0.600104
t -0.505032 0.417224 -0.755557
bt -0.788514 -0.033295 0.614115
t -0.779753 0.416806 -0.467182
bt -0.599984 0.0250688 0.799619
t -0.755588 0.417224 0.504986
bt 0.577581 -0.0122776 0.816241
t -0.467191 0.416806 0.779747
bt 0.841214 -0.00819291 0.540641
t -0.504941 0.417224 0.755618
bt -0.799617 -0.0250703 -0.599987
t -0.779738 0.416806 0.467205
bt -0.646328 0.0525461 -0.761248
t 0.896668 0.393838 0.202183
bt -0.31127 0.121581 0.942512
t 0.505032 0.417224 0.755557
bt -0.829389 0.00170451 0.558668
t 0.462087 0.416687 -0.782846
bt 0.761949 -0.0520667 0.645541
t 0.913426 0.38346 -0.136424
bt 0.267178 -0.141151 0.953253
t 0.0764177 0.415051 -0.906583
bt -0.97704 0.0083443 -0.212891
t 0.234331 0.416511 -0.878412
bt 0.968353 -0.0250763 0.248322
t 0.108348 0.92801 -0.356452
bt 0.979606 -0.0136815 0.20046
t 0.903828 0.415951 -0.100397
bt -0.0848335 0.0509309 -0.995093
t -0.891617 0.417224 -0.175907
bt -0.280961 0.0406226 0.958859
t -0.211583 0.416968 0.883952
bt 0.977029 0.00836771 0.212941
t -0.87402 0.416028 0.251016
bt -0.218299 0.0108888 -0.975821
t 0.0965192 0.415827 0.904307
bt -0.958894 0.0405689 0.280848
t 0.904323 0.415819 -0.0964121
bt 0.114115 -0.0375376 0.992758
t 0.338288 0.922145 -0.187643
bt 0.200475 0.0137178 0.979603
t 0 1 0
bt 0.999999 0.00150409 0
t 0 1 0
bt 0.980784 0.000133905 0.195097
t -0.0931232 0.928426 0.359658
bt 0.980755 0.000307605 0.195243
t 0 1 0
bt 1 0.000902452 0
t 0 1 0
bt 0 0.00172113 -0.999999
t 0 1 0
bt 0.195101 0.000367745 -0.980783
t 0.356627 0.928032 0.107584
bt 0.191638 -0.00860559 -0.981428
t 0 1 0
bt 0 0.00103268 -0.999999
t -0.344266 0.92663 -0.15112
bt 0.555563 2.03232e-05 -0.831475
t -0.263512 0.926376 -0.269051
bt 0.828464 0.0131593 -0.559888
t 0.153883 0.926825 0.342514
bt 0.831367 -0.000465097 -0.555724
t 0.280369 0.927473 0.247362
bt 0.560058 0.0136848 -0.828341
t -0.106757 0.928062 -0.356797
bt 0.98078 -1.42979e-05 -0.195116
t 0 1 0
bt 0.980783 -0.00125461 -0.195097
t 0.0444432 0.928257 0.369273
bt 0.980768 -0.000141293 -0.195177
t -0.366618 0.928539 -0.0583747
bt 0.195023 -1.28324e-05 -0.980799
t 0.903828 0.415951 -0.100397
bt -0.0848335 0.0509309 -0.995093
t 0.362467 0.928609 -0.079395
bt -0.199293 -0.0109436 -0.979879
t 0.382521 0.923469 -0.0297226
bt 0 0 -1
t 0.921679 0.381784 -0.0689032
bt 0 0 -1
t 0.0925447 0.415687 0.904787
bt 0.989674 0.0251013 -0.141122
t 0.0315571 0.923416 0.3825
bt 1 0 0
t 0.0626408 0.38192 0.92207
bt 1 0 0
t 0.234331 0.416511 -0.878412
bt 0.968353 -0.0250763 0.248322
t 0.108348 0.92801 -0.356452
bt 0.979606 -0.0136815 0.20046
t 0.0304728 0.923448 -0.382513
bt 1 0 0
t 0.0608095 0.381963 -0.922175
bt 1 0 0
t -0.894774 0.417154 -0.159258
bt 0.141106 0.0251087 -0.989676
t -0.381708 0.921504 -0.0716169
bt 0 0 -1
t -0.914208 0.378663 -0.144351
bt 0 0 -1
t 0.504851 0.417224 0.755678
bt 0.788529 -0.0332844 -0.614097
t 0.922258 0.375484 0.0919334
bt 0.225614 -0.15903 -0.961149
t -0.781898 0.416725 -0.463655
bt 0.600003 -0.0250797 -0.799605
t -0.504851 0.417224 -0.755678
bt 0.829401 0.00169469 -0.558651
t 0.907756 0.414508 0.0645177
bt 0.126225 -0.0319709 -0.991486
t -0.108675 0.416214 -0.902749
bt 0.958913 0.0405409 -0.28079
t 0 1 0
bt -1 0 0
t 0.382687 0.923851 0.00706343
bt 0 0 1
t 0 1 0
bt 0 0 1
t 0 1 0
bt 1 0 0
t 0 1 0
bt -0.195098 -0.000154322 -0.980784
t -0.355369 0.927814 0.113463
bt -0.195023 1.28274e-05 -0.980799
t 0 1 0
bt 0 0 -1
t -0.00900301 0.923837 -0.382681
bt -1 0 0
t -0.000941988 1 0
bt -1 0 0
t 0.0188881 0.382603 -0.92372
bt -1 6.15418e-05 -0.000148581
t -0.0155691 0.923765 0.382644
bt -1 0 0
t 0.0242941 0.382558 0.923612
bt -1 0 0
t 0 1 0
bt -1 0 0
t 0.00226546 0.999997 0
bt -1 0 0
t 0.09323 0.984138 -0.150931
bt -0.855859 -0.107202 -0.505978
t -0.193155 0.598007 -0.777868
bt -0.241006 0 -0.970524
t 0 1 0
bt -0.439241 0 -0.898369
t 0 1 0
bt -0.999999 -0.00132196 0
t 0 1 0
bt 0 -0.00050759 1
t -0.382689 0.923873 -0.00286468
bt 0 0 1
t -0.913916 0.378542 -0.146504
bt -0.000282198 0.000116886 1
t 0.920233 0.381181 -0.0887204
bt -0.00018138 -7.5127e-05 1
t -0.251604 0.967829 -0.00139895
bt 0 0 1
t -0.106308 0.992893 -0.0534897
bt -0.442362 -0.0593473 0.894871
t -0.668214 0.72198 0.179544
bt -0.96574 0 0.259511
t 0 1 0
bt -0.910642 0 0.413197
t 0.251605 0.96783 8.37236e-05
bt 0 0 1
t 0 1 0
bt 0 0 1
t 0 1 0
bt 1 -0.000611264 0
t 0.017986 0.923727 0.382628
bt 1 0 0
t -0.0189142 0.382602 0.923719
bt 1 0.000124344 0.000300203
t -0.0106885 0.923824 -0.382668
bt 1 0 0
t -0.0626699 0.381919 -0.922069
bt 1 0 0
t -0.000416065 1 0
bt 1 0 0
t -0.0591064 0.991461 0.11624
bt 0.893323 -0.0655986 0.444602
t 0.192343 0.717663 0.669301
bt 0.2762 0 0.9611
t 0 1 0
bt 0.441232 0 0.897393
t -0.000105532 1 0
bt 1 0 0
t -0.211583 0.416968 0.883952
bt 0.977029 0.00836771 0.212941
t 0 1 0
bt 1 0 0
t 0 1 0
bt 0 -0.000433357 -1
t 0.382687 0.923867 0.00446773
bt 0 0 -1
t 0.92176 0.381814 0.0676471
bt 0.000106984 4.43126e-05 -1
t -0.382575 0.923597 0.0245816
bt 0 0 -1
t -0.87402 0.416028 0.251016
bt -0.218299 0.0108888 -0.975821
t -0.914349 0.378721 0.143308
bt 0.00024449 -0.000101267 -1
t 0 0.999999 -0.00106878
bt 0 0 -1
t 0.142956 0.986226 0.0832008
bt 0.48703 -0.0945035 -0.868257
t 0.743732 0.638295 -0.198598
bt 0.966142 0 -0.258011
t 0 1 0
bt 0.893674 0 -0.448717
t 0 0.999999 -0.00140519
bt 0 0 -1
t 0 1 0
bt 0 0 -1
t 0.0672799 0.991774 0.108889
bt -0.853379 -0.0781918 0.515394
t -0.141062 0.592504 0.793121
bt -0.175091 0 0.984552
t 0 1 0
bt -0.323852 0 0.946108
t 0.145571 0.986677 -0.0726537
bt 0.433289 -0.0798551 0.897711
t 0.638244 0.73227 0.237538
bt 0.937198 0 0.348799
t 0 1 0
bt 0.839314 0 0.543646
t -0.0648851 0.989664 -0.127886
bt 0.894126 -0.0718169 -0.44202
t 0.209618 0.720535 -0.660976
bt 0.302304 0 -0.953212
t 0 1 0
bt 0.479898 0 -0.877324
t -0.110743 0.991749 0.0645816
bt -0.494091 -0.0739377 -0.866261
t -0.758207 0.633102 -0.155896
bt -0.979509 0 -0.201402
t 0 1 0
bt -0.934863 0 -0.355009
t 0.780478 0.625183 0
bt 0 0 -1
t 0.780478 0.625183 0
bt 0 0 -1
t 0.780478 0.625183 0
bt 0 0 -1
t 0.780478 0.625183 0
bt 0 0 -1
t -0.743723 0.638307 0.198595
bt 0.966142 0 -0.258011
t -0.142956 0.986226 -0.0832008
bt 0.48703 0.0945036 -0.868257
t -0.780478 0.625183 0
bt 0 0 -1
t -0.780478 0.625183 0
bt 0 0 -1
t -0.780478 0.625183 0
bt 0 0 -1
t -0.780478 0.625183 0
bt 0 0 -1
t 0.758216 0.633091 0.155898
bt -0.979509 0 -0.201402
t 0.110743 0.991749 -0.0645816
bt -0.494091 0.0739377 -0.866261
t 0 0.703699 0.710499
bt 1 0 0
t 0 0.703699 0.710499
bt 1 0 0
t 0 0.703699 0.710499
bt 1 0 0
t 0 0.703699 0.710499
bt 1 0 0
t -0.19234 0.717674 -0.669291
bt 0.2762 0 0.9611
t 0.0591064 0.991461 -0.11624
bt 0.893323 0.0655986 0.444602
t 0 0.703699 -0.710499
bt 1 0 0
t 0 0.703699 -0.710499
bt 1 0 0
t 0 0.703699 -0.710499
bt 1 0 0
t 0 0.703699 -0.710499
bt 1 0 0
t -0.209621 0.720525 0.660986
bt 0.302304 0 -0.953212
t 0.0648851 0.989664 0.127886
bt 0.894126 0.0718169 -0.44202
t 0 1 0
bt 0 0 1
t 0 1 0
bt 0 0 1
t -0.251617 0.967827 -0.000101395
bt 0 0 1
t 0.668203 0.72199 -0.179541
bt -0.96574 0 0.259511
t 0.106308 0.992894 0.0534778
bt -0.442243 0.0593314 0.894931
t 0.251617 0.967826 0.00138211
bt 0 0 1
t -0.638255 0.73226 -0.237542
bt 0.937198 0 0.348799
t -0.145571 0.986676 0.0726538
bt 0.433289 0.0798551 0.897711
t 0 0.586523 -0.809932
bt -1 0 0
t 0 0.586523 -0.809932
bt -1 0 0
t 0 0.586523 -0.809932
bt -1 0 0
t 0 0.586523 -0.809932
bt -1 0 0
t 0.193152 0.598019 0.777859
bt -0.241006 0 -0.970524
t -0.0932121 0.98414 0.150931
bt -0.855935 0.107176 -0.505854
t 0 0.586523 0.809932
bt -1 0 0
t 0 0.586523 0.809932
bt -1 0 0
t 0 0.586523 0.809932
bt -1 0 0
t 0 0.586523 0.809932
bt -1 0 0
t 0.141063 0.592492 -0.79313
bt -0.175092 0 0.984552
t -0.0672799 0.991774 -0.108889
bt -0.853379 0.0781918 0.515394
t 0 1 0
bt -1 -0.000769537 0
t 0.00191114 0.999998 0
bt -1 0 0
t -0.00224384 0.999997 0
bt -1 0 0
t 0 1 0
bt 0 -0.000295473 1
t 0.000818434 1 0
bt 1 0 0
t 9.98142e-05 1 0
bt 1 0 0
t 0 1 0
bt 1 -0.000355823 0
t 0 0.999998 0.00207304
bt 0 0 -1
t 0 0.999999 0.00138642
bt 0 0 -1
t 0 1 0
bt 0 -0.000252262 -1

