g sponza_84
t 0 0 -1
bt -0.0972956 -0.995256 0
t 0 0 -1
bt -0.172904 -0.984937 0.00154754
t 0 0 -1
bt -0.164705 -0.986343 0
t 0 0 -1
bt -0.0972956 -0.995256 0
t -1 0 0
bt 0.001309 -0.978021 0.208503
t -1 0 0
bt 0.00171823 -0.97802 0.208503
t -1 0 0
bt 0.00197989 -0.992869 0.119196
t -1 0 0
bt 0.00197989 -0.992869 0.119196
t -1 0 0
bt -0.000207562 -1 0
t -1 0 0
bt 0.000242889 -1 0
t -1 0 0
bt -0.000207562 -1 0
t -1 0 0
bt -0.000207562 -1 0
t 0 0 1
bt 0 -1 0.000328683
t 0 0 1
bt 0 -1 0
t 0 0 1
bt 0 -1 0.000328683
t 0 0 1
bt 0 -1 0.000328683
t 0 0 -1
bt -0.674627 -0.729886 -0.110204
t 0 0 -1
bt -0.678484 -0.734058 -0.0286261
t 0 0 -1
bt -0.674627 -0.729886 -0.110204
t 0 0 -1
bt -0.674627 -0.729886 -0.110204
t -1 0 0
bt 0.512665 -0.567521 0.644278
t -1 0 0
bt -0.504347 -0.570768 0.647964
t -1 0 0
bt 0.512665 -0.567521 0.644278
t -1 0 0
bt 0.512665 -0.567521 0.644278
t 0 0 -1
bt 0.564881 -0.825172 -0.0013221
t 0 0 -1
bt 0.564881 -0.825172 0
t 0 0 -1
bt 0.564881 -0.825172 -0.0013221
t 0 0 -1
bt 0.564881 -0.825172 -0.0013221
t -1 0 0
bt -0.000464007 -0.765378 -0.643581
t -1 0 0
bt 0.000509007 -0.765378 -0.643581
t -1 0 0
bt -0.000464007 -0.765378 -0.643581
t -1 0 0
bt -0.000464007 -0.765378 -0.643581
t 0 0 -1
bt -0.606778 -0.794871 0
t 0 0 -1
bt -0.606773 -0.794865 -0.00399624
t 0 0 -1
bt -0.606778 -0.794871 0
t 0 0 -1
bt -0.606778 -0.794871 0
t -1 0 0
bt -0.00307639 -0.729487 0.683988
t -1 0 0
bt -0.00680267 -0.729474 0.683975
t -1 0 0
bt -0.00307639 -0.729487 0.683988
t -1 0 0
bt -0.00307639 -0.729487 0.683988
t 0 0 -1
bt 0.606776 -0.794869 0.00236867
t 0 0 -1
bt 0.606778 -0.794871 0
t 0 0 -1
bt 0.606776 -0.794869 0.00236867
t 0 0 -1
bt 0.606776 -0.794869 0.00236867
t -1 0 0
bt 0.00195819 -0.729489 -0.68399
t -1 0 0
bt 0.00814966 -0.729466 -0.683968
t -1 0 0
bt 0.00195819 -0.729489 -0.68399
t -1 0 0
bt 0.00195819 -0.729489 -0.68399
t 0 0 -1
bt -0.313106 -0.949718 -8.39535e-05
t 0 0 -1
bt -0.365089 -0.930973 0.000135932
t 0 0 -1
bt -0.365089 -0.930973 0
t 0 0 -1
bt -0.298895 -0.954286 0
t -1 0 0
bt 0.000415133 -0.900949 0.433924
t -1 0 0
bt -0.000336846 -0.90095 0.433924
t -1 0 0
bt 0.000287001 -0.928394 0.371597
t -1 0 0
bt 0.000261011 -0.928394 0.371597
t -0.551885 0.339345 -0.761753
bt -0.0192529 -0.975853 0.217578
t -0.658687 -0.206716 -0.723464
bt -0.099095 -0.956256 0.275236
t -0.593229 0.152283 -0.7905
bt -0.0543511 -0.947138 0.316189
t -0.551885 0.339345 -0.761753
bt -0.0192529 -0.975853 0.217578
t -0.587404 -0.225511 0.77724
bt 0.176681 -0.983919 0.0262057
t -0.63592 0.32144 0.701628
bt 0.176427 -0.983956 0.0265273
t -0.572176 -0.217665 0.790719
bt 0.26897 -0.961384 0.0582678
t -0.549065 -0.276018 0.788886
bt 0.275147 -0.959498 0.0604813
t -0.610812 -0.246162 -0.752537
bt -0.0100409 -0.999741 -0.0204157
t -0.590717 -0.347005 -0.728451
bt 0.00110857 -0.999977 -0.00671659
t -0.610918 -0.246163 -0.752451
bt -0.0100432 -0.999741 -0.0204138
t -0.610812 -0.246162 -0.752537
bt -0.0100409 -0.999741 -0.0204157
t -0.612468 -0.248024 0.750578
bt -0.016625 -0.999786 0.0123502
t -0.586827 -0.374614 0.717843
bt -0.00548918 -0.999984 -0.00133544
t -0.612573 -0.248023 0.750492
bt -0.0166272 -0.999786 0.0123484
t -0.612468 -0.248024 0.750578
bt -0.016625 -0.999786 0.0123502
t -0.821323 0.564037 -0.0853848
bt 0.0624538 -0.553961 -0.830197
t -0.837777 0.40454 -0.366711
bt 0.100144 -0.572291 -0.813913
t -0.821323 0.564037 -0.0853848
bt 0.0624538 -0.553961 -0.830197
t -0.821323 0.564037 -0.0853848
bt 0.0624538 -0.553961 -0.830197
t -0.339414 0.291613 0.894293
bt -0.7581 -0.64125 -0.118676
t 0.015125 0.529452 0.848205
bt -0.762967 -0.637574 -0.10668
t -0.339414 0.291613 0.894293
bt -0.7581 -0.64125 -0.118676
t -0.339414 0.291613 0.894293
bt -0.7581 -0.64125 -0.118676
t -0.648136 -0.0156536 -0.761364
bt -0.501873 -0.568083 0.652231
t -0.631327 -7.10369e-05 -0.775516
bt -0.522247 -0.570905 0.633503
t -0.648136 -0.0156536 -0.761364
bt -0.501873 -0.568083 0.652231
t -0.648136 -0.0156536 -0.761364
bt -0.501873 -0.568083 0.652231
t -0.631467 2.59185e-05 0.775403
bt 0.522213 -0.570911 0.633525
t -0.631305 5.06525e-05 0.775535
bt 0.51508 -0.569957 0.640189
t -0.631467 2.59185e-05 0.775403
bt 0.522213 -0.570911 0.633525
t -0.631467 2.59185e-05 0.775403
bt 0.522213 -0.570911 0.633525
t -0.831365 -0.301311 -0.466951
bt -0.101394 -0.526511 0.8441
t -0.631424 -2.70152e-05 -0.775437
bt -0.0315316 -0.493581 0.869128
t -0.831389 -0.301276 -0.466932
bt -0.101351 -0.526575 0.844065
t -0.831365 -0.301311 -0.466951
bt -0.101394 -0.526511 0.8441
t -0.631345 4.10949e-05 0.775502
bt 0.809805 -0.58181 0.0755873
t -0.256356 -0.323844 0.910718
bt 0.79757 -0.592916 0.11105
t -0.631384 -1.76662e-05 0.77547
bt 0.809801 -0.581816 0.0755842
t -0.631384 -1.76662e-05 0.77547
bt 0.809801 -0.581816 0.0755842
t -0.865448 0.454467 -0.210855
bt 0.0117173 -0.476509 -0.879092
t -0.631409 5.07786e-05 -0.77545
bt 0.0329207 -0.487026 -0.872767
t -0.865448 0.454467 -0.210855
bt 0.0117173 -0.476509 -0.879092
t -0.865394 0.454549 -0.210899
bt 0.0117607 -0.476443 -0.879127
t -0.631368 -6.2842e-06 0.775483
bt -0.826472 -0.56169 -0.0380664
t -0.0192668 0.460541 0.88743
bt -0.829832 -0.557419 -0.0257331
t -0.631368 -6.2842e-06 0.775483
bt -0.826472 -0.56169 -0.0380664
t -0.631368 -6.2842e-06 0.775483
bt -0.826472 -0.56169 -0.0380664
t -0.715176 -0.36366 -0.596888
bt -0.0419023 -0.813946 0.579427
t -0.720188 -0.24383 -0.64952
bt -0.0800958 -0.764467 0.639668
t -0.742034 -0.356127 -0.567942
bt -0.0621522 -0.755093 0.652666
t -0.708391 -0.32066 -0.628775
bt -0.0376979 -0.819912 0.571247
t -0.495113 -0.277576 0.823295
bt 0.48858 -0.869406 0.0736358
t -0.438841 -0.371033 0.818384
bt 0.486644 -0.871625 0.058719
t -0.502096 -0.22568 0.834846
bt 0.562785 -0.820457 0.100618
t -0.502096 -0.22568 0.834846
bt 0.562785 -0.820457 0.100618
t -0.659566 -0.222725 -0.71789
bt 0.0130081 -0.917724 0.397005
t -1 0 -0.000150921
bt -0.000471362 0 -1
t -0.999786 0 0.0206646
bt 0 0 -1
t -1 0 -0.000150921
bt -0.0114941 0 -0.999934
t -1 0 -0.000113191
bt -0.00862041 0 -0.999963
t -1 0 0
bt -0.0330641 0 -0.999453
t -1 0 0
bt 0 0 -1
t 0 0 1
bt 0.164705 -0.986343 0
t 0 0 1
bt 0.172904 -0.984936 -0.00222647
t 0 0 1
bt 0.0972956 -0.995256 0
t 0 0 1
bt 0.0972956 -0.995256 0
t 0 0 -1
bt 0 -1 0
t 0 0 -1
bt 0 -1 0.000328683
t 0 0 -1
bt 0 -1 0
t 0 0 -1
bt 0 -1 0
t 0 0 1
bt 0.579908 -0.6275 0.519567
t 0 0 1
bt 0.525968 -0.569133 0.632017
t 0 0 1
bt 0.579908 -0.6275 0.519567
t 0 0 1
bt 0.579908 -0.6275 0.519567
t 0 0 1
bt -0.56488 -0.825171 0.00183147
t 0 0 1
bt -0.564881 -0.825172 0
t 0 0 1
bt -0.56488 -0.825171 0.00183147
t 0 0 1
bt -0.56488 -0.825171 0.00183147
t 0 0 1
bt 0.606778 -0.794871 0
t 0 0 1
bt 0.606761 -0.794848 0.00760053
t 0 0 1
bt 0.606778 -0.794871 0
t 0 0 1
bt 0.606778 -0.794871 0
t 0 0 1
bt -0.606753 -0.794838 -0.00916088
t 0 0 1
bt -0.606778 -0.794871 0
t 0 0 1
bt -0.606753 -0.794838 -0.00916088
t 0 0 1
bt -0.606753 -0.794838 -0.00916088
t 2.5603e-06 -6.53163e-06 1
bt 0.365089 -0.930973 0
t 0 0 1
bt 0.365089 -0.930973 0.000135846
t 1.88426e-06 -5.71314e-06 1
bt 0.313106 -0.949718 -8.47568e-05
t 1.14413e-06 -3.65409e-06 1
bt 0.298895 -0.954286 0
t 1 0 0
bt 0 0 1
t 1 0 0
bt -0.00890483 0 0.99996
t 1 0 0
bt -0.00318472 0 0.999995
t 1 0 0
bt 0 0 1
t 1 0 0
bt -0.0267124 0 0.999643
t 1 0 0
bt -0.0267124 0 0.999643

