g sponza_347
t -0.0357286 -0.0505667 0.998081
bt 0.999591 -0.00146867 0.0285541
t -0.0187338 5.61105e-05 0.999825
bt 0.480831 -0.876807 -0.00339218
t 0.0442917 -0.00595496 0.999001
bt 0.500032 -0.865971 0.00787594
t 0.0690455 0.0400045 0.996811
bt 0.99975 -0.000891155 -0.0223294
t 0.0600065 0.00395442 0.99819
bt -0.515327 -0.856946 0.0090447
t 0.0298113 3.81909e-05 0.999556
bt -0.500008 -0.865998 0.00628754
t 0.104503 -0.0807556 0.99124
bt -0.99906 -0.0035183 0.0432165
t 0.0364961 -0.0209864 0.999113
bt -0.999916 -0.000247654 0.0129206
t -0.104453 -0.080756 0.991246
bt 0.998931 -0.00375157 0.0460799
t -0.0520545 -0.00929282 0.998601
bt 0.516773 -0.855567 -0.0308386
t -0.030747 0.00166011 0.999526
bt 0.500149 -0.865931 -0.00390389
t -0.0366865 -0.0209863 0.999106
bt 0.999917 -0.0002476 0.0129183
t -0.0493326 -0.0138218 0.998687
bt 0.513852 -0.857199 0.0341365
t 0.0206919 0.00362783 0.999779
bt -0.480739 -0.876861 0.00235327
t -0.0407465 1.01675e-06 0.99917
bt -0.499636 -0.866218 -0.00546355
t 0.0357845 -0.0505666 0.998079
bt -0.999672 -0.00131681 0.0255571
t -0.0691769 0.0400041 0.996802
bt -0.99975 -0.000891231 -0.0223318
t -0.253205 -0.150526 0.95563
bt 0.996151 -0.0136611 0.0865783
t -0.105592 0.0302214 0.99395
bt 0.492799 -0.870064 -0.0117366
t 0.0936624 0.00599226 0.995586
bt -0.49788 -0.867164 0.0119664
t 0.253207 -0.150526 0.95563
bt -0.996037 -0.0138622 0.0878554
t -0.253436 -0.150517 0.95557
bt 0.996033 -0.0138696 0.0879017
t -0.105757 0.027259 0.994018
bt 0.49914 -0.866499 -0.00618793
t -0.105739 0.0805852 0.991123
bt 0.516771 -0.85557 -0.0307791
t 0.0929662 0.00760887 0.99564
bt -0.491607 -0.870793 0.0065398
t -0.0432859 -0.0238722 0.998778
bt 0.51385 -0.857199 0.0341828
t 0.250413 -0.15064 0.956348
bt -0.996166 -0.0136345 0.0864095
t -0.316341 -0.187554 0.92992
bt 0.993445 -0.0225579 0.112067
t -0.127787 0.0302425 0.99134
bt 0.486638 -0.873517 -0.0123121
t 0.119021 0.00628475 0.992872
bt -0.498178 -0.866998 0.0115262
t 0.312791 -0.187787 0.931073
bt -0.993086 -0.0231659 0.115081
t -0.312309 -0.187818 0.931229
bt 0.992993 -0.0233211 0.115851
t -0.132679 0.0304274 0.990692
bt 0.500133 -0.865882 -0.0107587
t 0.115767 0.00822352 0.993242
bt -0.484857 -0.874551 0.00863511
t 0.317542 -0.187475 0.929527
bt -0.993076 -0.0231822 0.115162
t -0.415972 -0.244442 0.875908
bt 0.987112 -0.0430119 0.154142
t -0.17358 0.0468466 0.983705
bt 0.477239 -0.878582 -0.0183637
t 0.161917 0.00785939 0.986773
bt -0.494294 -0.86916 0.0152996
t 0.415538 -0.244495 0.8761
bt -0.987128 -0.0429853 0.154047
t -0.415329 -0.244521 0.876191
bt 0.987077 -0.0430692 0.154348
t -0.17974 0.0401283 0.982895
bt 0.49793 -0.867089 -0.0149096
t 0.15548 0.0121791 0.987764
bt -0.47388 -0.880519 0.0110913
t 0.414215 -0.244657 0.87668
bt -0.987101 -0.0430296 0.154206
t -0.546833 -0.308515 0.778326
bt 0.975147 -0.0816733 0.205956
t -0.224242 0.0492441 0.973288
bt 0.462515 -0.886147 -0.0286957
t 0.218437 0.00538826 0.975836
bt -0.482575 -0.875565 0.0225102
t 0.541142 -0.309875 0.781756
bt -0.974839 -0.0821709 0.207211
t -0.540729 -0.309973 0.782003
bt 0.974802 -0.0822312 0.207363
t -0.240166 0.0468975 0.969598
bt 0.489644 -0.871708 -0.019311
t 0.205341 0.0104488 0.978635
bt -0.456089 -0.889852 0.0120866
t 0.545315 -0.30888 0.779246
bt -0.976112 -0.080092 0.201966
t -0.678115 -0.361509 0.6399
bt 0.952416 -0.149982 0.265349
t -0.28704 0.0609056 0.95598
bt 0.439102 -0.897597 -0.0388521
t 0.283667 -0.00257296 0.958919
bt -0.459391 -0.887854 0.0259922
t 0.675186 -0.362833 0.642243
bt -0.951726 -0.151038 0.267218
t -0.677604 -0.36174 0.64031
bt 0.951188 -0.151856 0.268665
t -0.308811 0.0503922 0.949787
bt 0.472143 -0.881045 -0.0290045
t 0.264744 0.00951091 0.964272
bt -0.428277 -0.903569 0.0118961
t 0.678247 -0.361449 0.639794
bt -0.951335 -0.151632 0.26827
t -0.799752 -0.376209 0.467828
bt 0.911113 -0.258349 0.321137
t -0.343847 0.0570146 0.937293
bt 0.405769 -0.912291 -0.0554664
t 0.350162 -0.0141778 0.936582
bt -0.420895 -0.906822 0.0228188
t 0.800743 -0.37541 0.466774
bt -0.911036 -0.258372 0.321335
t -0.798264 -0.377478 0.469345
bt 0.91028 -0.259417 0.322635
t -0.375105 0.0471806 0.925781
bt 0.441202 -0.896352 -0.0435198
t 0.323607 0.00209095 0.946189
bt -0.388476 -0.921435 0.00667207
t 0.79832 -0.377402 0.469311
bt -0.912073 -0.257015 0.319478
t -0.866742 -0.355371 0.349957
bt 0.864588 -0.357997 0.352598
t -0.42627 0.169869 0.888503
bt 0.427986 -0.883644 -0.189741
t -0.32717 -0.127639 0.936305
bt 0.321956 -0.938274 0.126439
t 0.381717 -0.0128058 0.92419
bt -0.376212 -0.926426 0.0141399
t 0.866554 -0.355604 0.350186
bt -0.86612 -0.356113 0.350742
t -0.866544 -0.355616 0.350198
bt 0.86611 -0.356125 0.350754
t -0.402805 0.0486665 0.913991
bt 0.399059 -0.915496 -0.0511819
t 0.32717 -0.127639 0.936305
bt -0.321956 -0.938274 0.126439
t 0.426268 0.169861 0.888506
bt -0.427984 -0.883647 -0.189732
t 0.866732 -0.355383 0.349969
bt -0.864578 -0.358009 0.35261
t -0.86424 -0.352744 0.358694
bt 0.865402 -0.351406 0.357202
t -0.402151 0.0516057 0.914118
bt 0.406383 -0.912383 -0.0490797
t -0.429376 0.181541 0.884692
bt 0.423289 -0.889439 -0.172407
t -0.32606 -0.130434 0.936308
bt 0.319417 -0.938273 0.13273
t 0.363549 -0.00661477 0.931552
bt -0.368824 -0.929475 0.00667743
t 0.863463 -0.353678 0.359644
bt -0.865183 -0.351671 0.357472
t -0.863654 -0.353448 0.35941
bt 0.865235 -0.351607 0.357407
t -0.384846 0.0568357 0.921229
bt 0.388537 -0.919895 -0.0532128
t 0.378996 -0.014106 0.925291
bt -0.385218 -0.922743 0.0123113
t 0.32606 -0.130434 0.936308
bt -0.319417 -0.938273 0.13273
t 0.864401 -0.35255 0.358497
bt -0.865408 -0.351399 0.357195
t 0.429374 0.181532 0.884695
bt -0.423286 -0.889442 -0.172398
t -0.812111 -0.361667 0.457901
bt 0.905777 -0.262608 0.332573
t -0.422399 0.198252 0.884463
bt 0.466241 -0.871976 -0.149254
t -0.28851 -0.135821 0.947794
bt 0.377291 -0.914852 0.143865
t 0.324787 0.0012785 0.945786
bt -0.396092 -0.918182 0.00733655
t 0.813346 -0.360598 0.456548
bt -0.906556 -0.261574 0.331263
t -0.81249 -0.361339 0.457486
bt 0.906726 -0.261347 0.330976
t -0.349089 0.0660199 0.934761
bt 0.411489 -0.91016 -0.0478134
t 0.28851 -0.135821 0.947794
bt -0.37729 -0.914852 0.143865
t 0.421885 0.196691 0.885057
bt -0.466275 -0.871933 -0.149399
t 0.813221 -0.360707 0.456686
bt -0.905749 -0.262646 0.33262
t -0.719063 -0.346289 0.602521
bt 0.946978 -0.160107 0.278563
t -0.320668 0.0667635 0.944836
bt 0.471982 -0.881146 -0.0285383
t -0.410498 0.16296 0.897182
bt 0.470883 -0.865736 -0.169617
t -0.288836 -0.135128 0.947794
bt 0.377247 -0.914852 0.143981
t 0.266634 0.00964358 0.96375
bt -0.425127 -0.905058 0.0116782
t 0.717112 -0.347293 0.604267
bt -0.946481 -0.160835 0.279831
t -0.717507 -0.34709 0.603914
bt 0.946325 -0.161063 0.280227
t -0.293168 0.0717034 0.953368
bt 0.435546 -0.899427 -0.0364932
t 0.288458 -0.00174311 0.957491
bt -0.459924 -0.887669 0.0226567
t 0.288837 -0.135128 0.947794
bt -0.377247 -0.914852 0.143981
t 0.719423 -0.346104 0.602198
bt -0.946748 -0.160444 0.279151
t 0.411281 0.165236 0.896407
bt -0.470926 -0.865676 -0.169806
t -0.551232 -0.279185 0.786257
bt 0.97899 -0.0681847 0.192171
t -0.23176 0.0574655 0.971074
bt 0.50178 -0.864835 -0.0166591
t 0.183629 0.0120306 0.982922
bt -0.452383 -0.891792 0.00753982
t 0.547261 -0.279965 0.788749
bt -0.979461 -0.0674425 0.190022
t -0.550206 -0.279318 0.786927
bt 0.978908 -0.068335 0.192537
t -0.209976 0.0664425 0.975446
bt 0.457291 -0.888886 -0.0276999
t 0.201573 0.00212336 0.979471
bt -0.495718 -0.868196 0.022323
t 0.549208 -0.279631 0.787513
bt -0.97955 -0.0672786 0.189619
t -0.280793 -0.133213 0.950478
bt 0.996775 -0.0111614 0.079464
t -0.107975 0.0384293 0.993411
bt 0.519671 -0.854352 -0.00499495
t 0.0778333 0.00653668 0.996945
bt -0.469418 -0.882961 0.00505156
t 0.289721 -0.132746 0.947861
bt -0.996643 -0.0113957 0.0810781
t -0.284585 -0.13296 0.949386
bt 0.99686 -0.0110227 0.0784147
t -0.0954899 0.0400439 0.994625
bt 0.470251 -0.882482 -0.00946212
t 0.0866526 0.00294875 0.996234
bt -0.518641 -0.854919 0.0111844
t 0.281038 -0.133203 0.950408
bt -0.996605 -0.0114504 0.0815258
t 0.0512872 0.0650157 0.996565
bt 0.999261 -0.00247783 -0.038359
t 0.0374597 0.00389561 0.999291
bt 0.52145 -0.853281 0.00133056
t -0.0362676 -0.00221104 0.99934
bt -0.473586 -0.880746 -0.00152985
t -0.0553088 0.0650018 0.996351
bt -0.999398 -0.00223344 -0.0346129
t 0.0549689 0.065003 0.99637
bt 0.999337 -0.00234633 -0.0363434
t 0.0334102 0.00310843 0.999437
bt 0.473806 -0.880602 0.00688271
t -0.0406639 -0.00135525 0.999172
bt -0.52124 -0.853393 -0.00542647
t -0.0513129 0.0650156 0.996564
bt -0.999178 -0.00261372 -0.0404426
t 0.351029 0.224084 0.909156
bt 0.989774 -0.034075 -0.138516
t 0.159447 -0.0286914 0.98679
bt 0.507235 -0.861735 0.0112062
t -0.136322 -0.0120135 0.990592
bt -0.469167 -0.883071 -0.00817349
t -0.353717 0.223842 0.908173
bt -0.990796 -0.0323325 -0.131446
t 0.352743 0.22393 0.908531
bt 0.990767 -0.0323834 -0.131653
t 0.148164 -0.0348032 0.98835
bt 0.471869 -0.881465 0.0189392
t -0.14547 -0.00423218 0.989354
bt -0.504212 -0.863419 -0.0166772
t -0.350307 0.224148 0.909419
bt -0.989777 -0.0340695 -0.138494
t 0.562415 0.323142 0.761097
bt 0.971596 -0.0924554 -0.217836
t 0.254716 -0.0459887 0.965922
bt 0.491424 -0.870653 0.0215868
t -0.214256 -0.0121488 0.976702
bt -0.447069 -0.894448 -0.00957695
t -0.56042 0.323671 0.762343
bt -0.97155 -0.0925295 -0.21801
t 0.559157 0.324005 0.763128
bt 0.972363 -0.0912164 -0.214917
t 0.233632 -0.0532186 0.970868
bt 0.453697 -0.890633 0.0305354
t -0.232014 -0.00247116 0.972709
bt -0.483349 -0.875127 -0.022951
t -0.563467 0.322862 0.760438
bt -0.971719 -0.0922588 -0.217373
t 0.740683 0.380732 0.553563
bt 0.931123 -0.206701 -0.300476
t 0.350338 -0.0446321 0.935559
bt 0.463036 -0.885661 0.0346641
t -0.291837 -0.00791147 0.956435
bt -0.399859 -0.916557 -0.00594337
t -0.741652 0.380126 0.552682
bt -0.931179 -0.20662 -0.300358
t 0.741637 0.380136 0.552695
bt 0.931173 -0.206628 -0.30037
t 0.311848 -0.0592077 0.948285
bt 0.413396 -0.909194 0.0497097
t -0.325289 0.0114411 0.945546
bt -0.445989 -0.894629 -0.0270623
t -0.740668 0.380742 0.553576
bt -0.931117 -0.206709 -0.300487
t 0.896381 0.346987 0.275864
bt 0.816047 -0.452494 -0.359607
t 0.458741 -0.0270246 0.888159
bt 0.372998 -0.925907 0.0597331
t -0.292432 0.119237 0.948824
bt -0.326922 -0.937835 -0.116567
t -0.392641 -0.177715 0.902358
bt -0.414126 -0.892994 0.176243
t -0.860477 0.357364 0.36314
bt -0.866144 -0.350531 -0.356261
t 0.860466 0.357377 0.363152
bt 0.866135 -0.350542 -0.356273
t 0.392639 -0.177706 0.902361
bt 0.414124 -0.892997 0.176234
t 0.292432 0.119237 0.948824
bt 0.326922 -0.937835 -0.116567
t -0.44252 0.0279708 0.896322
bt -0.339724 -0.940376 -0.0167618
t -0.896373 0.347 0.275874
bt -0.816035 -0.452507 -0.359617
t 0.941675 0.27939 0.187588
bt 0.726572 -0.580961 -0.366847
t 0.471743 -0.0210602 0.881485
bt 0.438905 -0.898015 0.0305095
t -0.506241 -0.00699544 0.862364
bt 0.0952873 -0.995448 0.00190089
t -0.287004 0.132889 0.948667
bt -0.333643 -0.937636 -0.0975743
t -0.999231 0.03915 0.00201957
bt -0.783441 -0.620676 -0.0313203
t -0.400736 -0.207315 0.89243
bt -0.404673 -0.904032 0.137716
t 0.999231 0.0391519 0.00201966
bt 0.783427 -0.620694 -0.0313212
t 0.507171 0.00587825 0.861825
bt 0.11742 -0.92834 0.3527
t 0.400734 -0.207305 0.892433
bt 0.404672 -0.904034 0.137708
t 0.287004 0.132889 0.948667
bt 0.333643 -0.937636 -0.0975743
t -0.433931 0.0486857 0.89963
bt -0.419077 -0.907645 -0.0235687
t -0.939373 0.292174 0.179477
bt -0.736506 -0.56622 -0.370073
t 0.967731 0.230237 0.102408
bt 0.625189 -0.719686 -0.301979
t 0.482514 -0.029679 0.875385
bt 0.380287 -0.922589 0.0648931
t -0.529812 -0.00719663 0.848085
bt 0.222524 -0.974128 -0.0394585
t -0.998507 -0.0541324 0.00731536
bt 0.815199 -0.573973 0.0774936
t -0.99981 0.0194499 0.00100491
bt 0.812289 -0.582514 -0.0293957
t 0.998507 -0.054135 0.00731567
bt -0.815186 -0.573992 0.0774961
t 0.534023 0.0225984 0.845168
bt -0.224923 -0.973404 -0.0435237
t 0.508849 0.0329068 0.860227
bt -0.297799 -0.883733 -0.361015
t 0.99981 0.0194509 0.00100496
bt -0.812276 -0.582533 -0.0293967
t -0.45826 0.0404099 0.887899
bt -0.350809 -0.936304 0.0163784
t -0.970624 0.223232 0.0897551
bt -0.648965 -0.699301 -0.299703
t 0.997983 -0.0630416 0.00741142
bt 0.301041 -0.947828 0.104861
t 0.540557 0.0792786 0.837564
bt -0.036389 -0.972957 0.2281
t 0.51582 -0.09923 0.850931
bt -0.123427 -0.987899 0.0939197
t -0.457922 0.0183673 0.888803
bt -0.276764 -0.960898 -0.00877812
t -0.984264 0.168252 0.0539905
bt -0.387362 -0.877884 -0.28155
t -0.996796 -0.0792592 0.0107108
bt -0.221507 -0.966391 0.130475
t 0.984265 0.168249 0.0539896
bt 0.387326 -0.877898 -0.281555
t 0.470469 -0.0372535 0.88163
bt 0.287036 -0.957836 0.0126479
t 0.996797 -0.0792563 0.0107104
bt 0.221515 -0.966389 0.130475
t -0.521735 -0.0638489 0.850715
bt 0.209518 -0.97674 -0.0456219
t -0.997935 -0.0638982 0.00650229
bt -0.301898 -0.947592 0.104532
t 0.915483 -0.251067 0.314415
bt -0.849605 -0.329137 0.412116
t 0.345466 -0.122241 0.930435
bt -0.830381 -0.555937 -0.0374258
t 0.53959 0.0687307 0.839118
bt -0.35079 -0.887956 -0.297457
t 0.99708 -0.0758487 0.00882967
bt -0.694785 -0.714907 0.0786311
t -0.191302 0.261992 0.94592
bt -0.824555 -0.562794 -0.0580777
t 0.517917 -0.0878518 0.850908
bt -0.238102 -0.966591 -0.0949144
t -0.740528 -0.225075 0.633214
bt -0.816492 -0.570374 -0.0895278
t -0.83199 0.335703 0.441696
bt -0.783482 -0.376074 -0.494696
t 0.832015 0.335681 0.441666
bt 0.783512 -0.376052 -0.494666
t 0.609825 -0.0759006 0.788894
bt 0.835534 -0.549387 -0.00756186
t 0.182791 0.267573 0.94604
bt 0.7932 -0.586178 -0.165012
t -0.289227 -0.165661 0.942817
bt 0.81516 -0.577459 0.045345
t -0.533082 -0.260481 0.804968
bt 0.935941 -0.342722 0.0809713
t -0.914643 -0.252255 0.315904
bt 0.872952 -0.304417 0.381162
t -0.997077 -0.076002 0.00784336
bt 0.694716 -0.714897 0.079329
t -0.914225 -0.252844 0.316643
bt -0.999184 0.0252046 -0.0315643
t -0.188209 -0.416115 0.889621
bt -0.961877 0.255638 0.09717
t -0.058115 0.604055 0.794821
bt -0.999529 -0.0185649 -0.0244279
t 0.101793 0.601935 0.792031
bt 0.999513 -0.0188782 -0.0248401

