g sponza_268
t 0.261992 0 0.96507
bt -0.112893 -0.902411 -0.415825
t 0.270045 0.00173611 0.962846
bt 0.0466766 -0.80056 -0.597432
t 0.270217 0.00104188 0.962799
bt 0.0468334 -0.800798 -0.597101
t 0.261992 0 0.96507
bt -0.112893 -0.902411 -0.415825
t 0.297772 0.00256181 0.954633
bt 0.0238667 -0.508669 -0.860631
t 0.297433 0.00320558 0.954737
bt 0.0238382 -0.508632 -0.860654
t 0.354124 0.0047932 0.935186
bt 0.00988548 -0.366895 -0.93021
t 0.353997 0.00493737 0.935233
bt 0.0100143 -0.367006 -0.930165
t 0.467985 0.00685507 0.88371
bt 0.00490571 -0.301694 -0.953392
t 0.467764 0.00701889 0.883826
bt 0.00431995 -0.301387 -0.953492
t 0.706758 0.00935208 0.707393
bt 0.000957311 -0.270714 -0.962659
t 0.70688 0.0092854 0.707272
bt 0.00155152 -0.270861 -0.962617
t 0.903466 0.112313 0.413686
bt 0 -0.261992 -0.96507
t 0.904216 0.111897 0.412156
bt 0.00014431 -0.261992 -0.96507
t 0.903975 -0.112031 -0.412648
bt 0 -0.261992 -0.96507
t 0.801936 0.0475846 -0.595512
bt 0.000492375 -0.270354 -0.962761
t 0.802133 0.0477149 -0.595236
bt 0.000599993 -0.270327 -0.962768
t 0.903975 -0.112031 -0.412648
bt 0 -0.261992 -0.96507
t 0.50866 0.0238596 -0.860637
bt 0.00253292 -0.297787 -0.954629
t 0.508628 0.0238351 -0.860656
bt 0.00238554 -0.297865 -0.954605
t 0.366833 0.00981406 -0.930235
bt 0.00480915 -0.35411 -0.935192
t 0.366937 0.009934 -0.930193
bt 0.00493324 -0.354001 -0.935232
t 0.301032 0.00364227 -0.953607
bt 0.00684054 -0.468004 -0.8837
t 0.301088 0.00374893 -0.953589
bt 0.00701977 -0.467763 -0.883826
t 0.270414 -0.000249918 -0.962744
bt 0.00976098 -0.70601 -0.708135
t 0.27056 0.000336113 -0.962703
bt 0.00968813 -0.706143 -0.708003
t 0.261992 0 -0.96507
bt 0.11323 -0.901795 -0.417066
t 0.261992 -0.00100156 -0.96507
bt 0.112729 -0.902709 -0.41522
t 0.261992 0 -0.96507
bt -0.112894 -0.902409 0.415828
t 0.270342 0.000541239 -0.962764
bt 0.0466758 -0.800559 0.597434
t 0.270319 0.000635354 -0.962771
bt 0.046832 -0.800796 0.597104
t 0.261992 0 -0.96507
bt -0.112894 -0.902409 0.415828
t 0.297752 0.00260098 -0.95464
bt 0.0238389 -0.508633 0.860653
t 0.29784 0.00243334 -0.954613
bt 0.0238212 -0.50861 0.860667
t 0.354237 0.00466394 -0.935144
bt 0.00978644 -0.366809 0.930245
t 0.354143 0.00477115 -0.935179
bt 0.0098937 -0.366902 0.930207
t 0.466519 0.00794117 -0.884476
bt 0.00370066 -0.301062 0.953597
t 0.467455 0.00724816 -0.883987
bt 0.00378661 -0.301107 0.953583
t 0.704555 0.0105542 -0.709571
bt 0.000959581 -0.270715 0.962659
t 0.704675 0.0104887 -0.709452
bt 0.000825659 -0.270681 0.962669
t 0.903477 0.112306 -0.413663
bt -4.83484e-05 -0.261992 0.96507
t 0.901864 0.113192 -0.416927
bt 0.000143944 -0.261992 0.96507
t 0.902407 -0.112895 0.415833
bt -4.83483e-05 -0.261992 0.96507
t 0.800799 0.046834 0.597099
bt 0.000468747 -0.27036 0.962759
t 0.800381 0.0465587 0.597681
bt 0.000576328 -0.270333 0.962767
t 0.902407 -0.112895 0.415833
bt -4.83483e-05 -0.261992 0.96507
t 0.50728 0.022799 0.86148
bt 0.00261473 -0.297744 0.954642
t 0.507235 0.0227643 0.861507
bt 0.00234459 -0.297887 0.954598
t 0.366818 0.00979661 0.930241
bt 0.00463172 -0.354265 0.935134
t 0.366428 0.00934664 0.930399
bt 0.00482883 -0.354092 0.935198
t 0.301038 0.00365469 0.953605
bt 0.00685734 -0.467982 0.883712
t 0.301084 0.00374134 0.95359
bt 0.00701919 -0.467763 0.883826
t 0.270702 0.000907584 0.962663
bt 0.00976167 -0.706008 0.708136
t 0.270656 0.00072179 0.962676
bt 0.00969441 -0.706132 0.708014
t 0.261992 0 0.96507
bt 0.113232 -0.901792 0.417073
t 0.261992 0.000154911 0.96507
bt 0.112728 -0.902712 0.415214
t 0.385386 -0.0105416 0.922695
bt 0.0311256 -0.614994 -0.787918
t 0.347425 -0.00718231 0.93768
bt 0.00197881 -0.811344 -0.584566
t 0.713019 0.00836284 0.701095
bt -0.0547973 -0.951219 -0.303611
t 0.744968 0.0225917 0.666717
bt -0.0308744 -0.879964 -0.474036
t 0.908636 -0.00121104 0.417587
bt -0.00814035 -0.992007 -0.125919
t 0.924444 0.00200307 0.381311
bt 0.00639516 -0.973425 -0.228916
t 0.903016 0 0.429607
bt -0.00854405 -0.999955 -0.00406555
t 0.701583 0 0.712588
bt -0.00654742 -0.999956 -0.00664955
t 0.588682 -0.00754511 0.808329
bt 0.0160065 -0.388049 -0.9215
t 0.467964 -0.0233301 0.88344
bt 0.0116752 -0.458831 -0.888447
t 0.801955 0.0294889 0.596656
bt -0.0398691 -0.798036 -0.60129
t 0.869478 0.0559772 0.49079
bt -0.0180432 -0.746193 -0.665485
t 0.948057 -0.00301094 0.318085
bt -0.00308332 -0.947437 -0.319929
t 0.972189 0.00689033 0.234098
bt 0.00131522 -0.924724 -0.380636
t 0.998676 0.0172544 0.048463
bt 0 -0.335391 -0.942079
t 0.846432 -0.0308938 0.5316
bt 0.00709892 -0.347405 -0.937688
t 0.964004 0.0127127 0.265583
bt -0.0100667 -0.712783 -0.701313
t 0.999318 0.0259125 0.0263166
bt 0 -0.701587 -0.712584
t 0.9929 -0.00779691 0.118698
bt -0.00293854 -0.908438 -0.418009
t 0.999962 0.00787197 0.00374581
bt 0 -0.903016 -0.429607
t 0.613946 0.03017 -0.788771
bt -0.0091552 -0.384708 -0.922993
t 0.809697 0.000696809 -0.586848
bt -0.00713197 -0.347413 -0.937685
t 0.951667 -0.0535962 -0.30242
bt 0.00949997 -0.712861 -0.701241
t 0.879717 -0.0314929 -0.474454
bt 0.0238762 -0.744619 -0.667063
t 0.992129 -0.00625554 -0.125067
bt -0.00132104 -0.908641 -0.417576
t 0.973368 0.00572553 -0.229179
bt 4.51615e-05 -0.92461 -0.380914
t 0.388113 0.0161384 -0.92147
bt -0.00796718 -0.589162 -0.807976
t 0.458287 0.0109857 -0.888736
bt -0.023582 -0.46816 -0.883329
t 0.797767 -0.0405686 -0.601599
bt 0.0286509 -0.802266 -0.596278
t 0.746279 -0.0177229 -0.665398
bt 0.0550363 -0.869888 -0.49017
t 0.947374 -0.00368109 -0.320109
bt -0.00368829 -0.948124 -0.317879
t 0.924751 0.00164751 -0.380568
bt 0.0055631 -0.972321 -0.233583
t 0.335391 0 -0.942079
bt 0.0167999 -0.998745 -0.0471865
t 0.347099 0.00578709 -0.937811
bt -0.0311532 -0.846729 -0.531112
t 0.712831 -0.00972071 -0.701268
bt 0.012676 -0.963979 -0.265677
t 0.701587 0 -0.712584
bt 0.0259222 -0.999317 -0.0263265
t 0.908595 0.0003374 -0.417677
bt -0.00777863 -0.992899 -0.118706
t 0.903016 0 -0.429607
bt 0.00790041 -0.999962 -0.00375934
t 0.385359 -0.010487 -0.922707
bt 0.0302763 -0.614063 0.788676
t 0.34741 -0.00712164 -0.937686
bt 0.000951079 -0.810024 0.586396
t 0.713017 0.00837235 -0.701097
bt -0.0536129 -0.951661 0.302435
t 0.744967 0.0225975 -0.666719
bt -0.0308494 -0.879974 0.474019
t 0.908633 -0.00114816 -0.417594
bt -0.00628821 -0.992126 0.125082
t 0.924458 0.00184752 -0.38128
bt 0.00639025 -0.973425 0.228918
t 0.590209 -0.00888957 -0.807202
bt 0.0149874 -0.387553 0.921725
t 0.467922 -0.0232762 -0.883463
bt 0.010717 -0.458075 0.888849
t 0.802804 0.0271999 -0.595623
bt -0.0406481 -0.797737 0.601634
t 0.870304 0.054077 -0.489538
bt -0.0188926 -0.745966 0.665716
t 0.948191 -0.00437938 -0.317669
bt -0.00438075 -0.9473 0.320319
t 0.972255 0.00622731 -0.233841
bt 0.00386853 -0.924932 0.380114
t 0.998675 0.0172574 -0.0484715
bt 0 -0.335391 0.942079
t 0.846428 -0.0308903 -0.531607
bt 0.00605831 -0.347162 0.937786
t 0.963936 0.012971 -0.265818
bt -0.0100982 -0.712778 0.701317
t 0.999317 0.0259323 -0.0263367
bt 0 -0.701587 0.712584
t 0.992856 -0.00685473 -0.119125
bt 0.000458682 -0.908601 0.417665
t 0.999962 0.00790728 -0.0037626
bt 0 -0.903016 0.429607
t 0.614816 0.030964 0.788062
bt -0.0102578 -0.385247 0.922756
t 0.809687 0.000689338 0.586861
bt -0.00857162 -0.347748 0.937549
t 0.951614 -0.053751 0.302558
bt 0.0088303 -0.712954 0.701155
t 0.880142 -0.0304282 0.473734
bt 0.0230352 -0.744848 0.666837
t 0.992002 -0.00821291 0.125951
bt 0.00178874 -0.908495 0.417892
t 0.973307 0.00502805 0.229452
bt 0.00271059 -0.924384 0.381455
t 0.388095 0.0161045 0.921479
bt -0.00842416 -0.589597 0.807654
t 0.458307 0.0110107 0.888726
bt -0.0238076 -0.468335 0.88323
t 0.798278 -0.0392377 0.60101
bt 0.0284379 -0.802345 0.596182
t 0.746282 -0.0177114 0.665395
bt 0.0550056 -0.869901 0.49015
t 0.947441 -0.00303839 0.319915
bt -0.00438968 -0.948192 0.317666
t 0.924764 0.00180529 0.380536
bt 0.0055358 -0.972324 0.233572
t 0.335391 0 0.942079
bt 0.018201 -0.998527 0.051122
t 0.347072 0.00567557 0.937821
bt -0.0326545 -0.848441 0.528282
t 0.712833 -0.00970683 0.701267
bt 0.0149365 -0.963412 0.267607
t 0.908582 4.75291e-05 0.417707
bt -0.00807701 -0.992913 0.118571
t 0.511509 0.0161267 0.859126
bt -0.0936845 -0.841748 -0.531679
t 0.542277 0.035944 0.839431
bt -0.0636007 -0.707566 -0.703779
t 0.502297 -9.34633e-06 0.864695
bt -0.115428 -0.973239 -0.198703
t 0.602684 0.0504946 0.796381
bt -0.0588554 -0.597222 -0.799914
t 0.689488 0.0844834 0.719353
bt -0.0338888 -0.543144 -0.838956
t 0.881565 0.0458761 0.469829
bt -0.0175976 -0.511207 -0.859278
t 0.971976 0.118081 0.203271
bt 0.000120849 -0.502297 -0.864695
t 0.841341 -0.0941336 -0.532245
bt 0.0156514 -0.511607 -0.859077
t 0.615513 -0.162008 -0.771296
bt 0.139882 -0.494605 -0.857787
t 0.89018 -0.228854 -0.393962
bt 0 -0.5023 -0.864693
t 0.597236 -0.0588336 -0.799905
bt 0.0506357 -0.602592 -0.796441
t 0.50178 -0.125247 -0.85588
bt 0.254232 -0.512529 -0.820171
t 0.511978 -0.254685 -0.820374
bt 0.123662 -0.502547 -0.85566
t 0.511461 -0.0163651 -0.859151
bt 0.0443428 -0.882725 -0.467793
t 0.502297 0.000131301 -0.864695
bt 0.116474 -0.972745 -0.200504
t 0.493913 -0.141277 -0.857957
bt 0.162198 -0.615318 -0.771411
t 0.5115 0.016174 -0.859131
bt -0.0937702 -0.841671 0.531787
t 0.493955 0.141192 -0.857947
bt -0.163355 -0.614131 0.772113
t 0.5023 0 -0.864693
bt -0.228891 -0.890142 0.394026
t 0.602689 0.0504869 -0.796378
bt -0.0577204 -0.597967 0.799439
t 0.68946 0.0844318 -0.719386
bt -0.0318536 -0.544043 0.838452
t 0.501872 0.125056 -0.855854
bt -0.254017 -0.512788 0.820075
t 0.881495 0.0459673 -0.46995
bt -0.0173146 -0.511265 0.859249
t 0.971924 0.118189 -0.203457
bt 0.000122125 -0.502297 0.864695
t 0.841129 -0.0943662 0.532538
bt 0.0166669 -0.511398 0.859182
t 0.70647 -0.0648925 0.704762
bt 0.0368198 -0.541906 0.839632
t 0.890161 -0.228872 0.393993
bt 0 -0.5023 0.864693
t 0.597212 -0.0588695 0.79992
bt 0.0502746 -0.602826 0.796287
t 0.50178 -0.125246 0.85588
bt 0.2527 -0.514382 0.819484
t 0.511439 -0.0164692 0.859162
bt 0.0452945 -0.882006 0.469057
t 0.5023 0 0.864693
bt 0.227593 -0.89146 0.391792
t 0.493919 -0.141266 0.857956
bt 0.161577 -0.615955 0.771033
t 0.961403 -0.00397981 0.275114
bt 0.00560425 -0.986807 -0.161804
t 0.952703 -0.0096039 0.303751
bt 0.00276072 -0.996424 -0.084452
t 0.902634 -0.00424399 0.430388
bt -0.0022663 -0.991775 -0.127971
t 0.920162 -0.00583578 0.391495
bt 0.00338541 -0.971263 -0.237986
t 0.952691 -0.00885749 0.303812
bt 0.0162256 -0.99665 -0.0801612
t 0.949291 -4.44023e-05 0.314398
bt -0.00120593 -0.999999 -0.000399298
t 0.896873 0.000255087 0.442289
bt -0.0020606 -0.999997 -0.00101587
t 0.952559 0.00191654 0.304348
bt -0.00431521 -0.99646 0.0839515
t 0.902601 0.00352277 0.430464
bt -0.00147466 -0.992002 0.126215
t 0.961403 0.00396513 0.275116
bt -0.00527889 -0.986794 0.161895
t 0.920115 0.005283 0.391611
bt -0.00343977 -0.971268 0.237964
t 0.973899 0.00435121 0.226938
bt -0.00588576 -0.973971 0.226595
t 0.944275 0.00242691 0.329148
bt -0.00450088 -0.944493 0.3285
t 0.986704 0.00312106 0.162499
bt -0.00565113 -0.961469 0.274856
t 0.970931 -2.20616e-05 0.239359
bt -0.00512782 -0.920103 0.391644
t 0.996424 0.0027807 0.0844456
bt -0.0117406 -0.952734 0.303578
t 0.991776 -0.00225541 0.127966
bt -0.00450764 -0.902646 0.43036
t 0.99665 0.0162706 0.0801469
bt -0.0107197 -0.95272 0.303662
t 0.999999 -0.00121105 0.000400995
bt 0 -0.949291 0.314398
t 0.999997 -0.00205218 0.00101171
bt -0.000499729 -0.896873 0.442289
t 0.996665 -0.0180601 -0.0795761
bt 0.00897777 -0.952693 0.303803
t 0.992002 -0.00147658 -0.126214
bt 0.003684 -0.902608 0.430447
t 0.996458 -0.0042195 -0.0839885
bt 0.00984098 -0.952707 0.303732
t 0.986793 -0.00526194 -0.1619
bt 0.00378063 -0.961396 0.275144
t 0.971262 -0.00338146 -0.237988
bt 0.00360756 -0.919974 0.391964
t 0.973983 -0.00615104 -0.226536
bt 0.00421076 -0.973893 0.226969
t 0.944541 -0.00495984 -0.328356
bt 0.00474929 -0.944519 0.328422
t 0.961433 -0.00473268 -0.274998
bt 0.00337231 -0.986714 0.162429
t 0.920237 -0.00674229 -0.391304
bt -3.03343e-05 -0.97093 0.239363
t 0.952708 -0.00994225 -0.303724
bt 0.00341348 -0.996439 0.0842446
t 0.90259 -0.00328874 -0.430489
bt -0.00231441 -0.991772 0.127994
t 0.952682 -0.00835368 -0.303853
bt 0.0177293 -0.996663 0.0796816
t 0.949291 0 -0.314398
bt -0.00178472 -0.999998 0.000590991
t 0.896873 0.000479015 -0.442289
bt -0.00184035 -0.999998 0.000907249
t 0.952693 0.0089889 -0.303802
bt -0.0164064 -0.996652 -0.0801036
t 0.902609 0.00370205 -0.430445
bt -0.00185623 -0.992024 -0.126036
t 0.952707 0.00985866 -0.30373
bt -0.00181549 -0.9964 -0.0847522
t 0.961405 0.00401655 -0.275108
bt -0.00586131 -0.986817 -0.161732
t 0.920141 0.0055897 -0.391547
bt -0.0029062 -0.971217 -0.238179
t 0.973912 0.00461927 -0.226878
bt -0.00556897 -0.973957 -0.226666
t 0.944337 0.00300945 -0.328966
bt -0.00690891 -0.944741 -0.327745
t 0.986694 0.00288724 -0.162564
bt -0.00459155 -0.961428 -0.275019
t 0.970886 -0.000471043 -0.23954
bt -0.00525653 -0.920113 -0.391617
t 0.99644 0.00343292 -0.0842385
bt -0.00958261 -0.952703 -0.303753
t 0.991838 -0.00125838 -0.127498
bt -0.0041031 -0.902628 -0.430403
t 0.996663 0.0177201 -0.0796845
bt -0.00884349 -0.952691 -0.303813
t 0.999999 -0.0015637 -0.000517791
bt -3.32633e-05 -0.949291 -0.314398
t 0.999997 -0.00228887 -0.00112842
bt 0.000264603 -0.896873 -0.442289
t 0.996663 -0.0177677 0.0796694
bt 0.0104648 -0.952716 -0.303683
t 0.992027 -0.0019144 0.126008
bt 0.00401624 -0.902624 -0.430412
t 0.996403 -0.00191326 0.0847211
bt 0.0115941 -0.952732 -0.30359
t 0.986803 -0.00551657 0.161829
bt 0.0040752 -0.961407 -0.275099
t 0.9712 -0.00272977 0.23825
bt 0.00439208 -0.92004 -0.391799
t 0.973997 -0.00644513 0.22647
bt 0.00401396 -0.973883 -0.227013
t 0.944589 -0.00542214 0.328211
bt 0.00264375 -0.944298 -0.32908
t 0.235611 0 -0.971847
bt -0.110131 -0.884007 0.454315
t 0.243345 -0.000123364 -0.96994
bt 0.0476197 -0.771652 0.634259
t 0.243214 0.00039558 -0.969973
bt 0.0490246 -0.774052 0.631221
t 0.235611 0 -0.971847
bt -0.110131 -0.884007 0.454315
t 0.264982 0.00855935 -0.964216
bt 0.0501023 -0.504681 0.861851
t 0.265615 0.00738219 -0.964051
bt 0.0500242 -0.504577 0.861916
t 0.274336 -0.0089076 -0.961593
bt -0.0347628 -0.38663 0.92158
t 0.319963 0.00471179 -0.947418
bt 0.00896368 -0.332185 0.943172
t 0.319789 0.00490629 -0.947476
bt 0.00900383 -0.332221 0.943159
t 0.274336 -0.0089076 -0.961593
bt -0.0347628 -0.38663 0.92158
t 0.38546 0.0355668 -0.922039
bt 0.00992843 -0.274879 0.961428
t 0.385438 0.0355818 -0.922047
bt 0.00915806 -0.27447 0.961552
t 0.50647 -0.0514514 -0.860721
bt -0.00699087 -0.265826 0.963996
t 0.669899 0.00677582 -0.742421
bt 0.00134081 -0.243651 0.969862
t 0.668901 0.00726774 -0.743316
bt 0.00159875 -0.243716 0.969845
t 0.50647 -0.0514514 -0.860721
bt -0.00699087 -0.265826 0.963996
t 0.88133 0.111327 -0.4592
bt 0 -0.235589 0.971853
t 0.880418 0.111726 -0.460848
bt 0.000477355 -0.235589 0.971853
t 0.88059 -0.111651 0.460538
bt 0 -0.235589 0.971853
t 0.772319 0.0480097 0.633417
bt 0.00144643 -0.242949 0.970038
t 0.771871 0.0477473 0.633984
bt 0.000891309 -0.243089 0.970004
t 0.88059 -0.111651 0.460538
bt 0 -0.235589 0.971853
t 0.507283 0.0520653 0.860205
bt 0.00819377 -0.265178 0.964165
t 0.507094 0.0519227 0.860325
bt 0.00871748 -0.264896 0.964238
t 0.385475 -0.0355569 0.922033
bt -0.00839207 -0.274062 0.961675
t 0.331568 0.00826978 0.943395
bt 0.00478779 -0.319895 0.947441
t 0.331574 0.00827726 0.943393
bt 0.00487704 -0.319815 0.947468
t 0.385475 -0.0355569 0.922033
bt -0.00839207 -0.274062 0.961675
t 0.274379 0.00898881 0.96158
bt 0.0346578 -0.386783 0.921519
t 0.274456 0.00913186 0.961556
bt 0.0348922 -0.386442 0.921654
t 0.26513 -0.00828308 0.964177
bt -0.0514512 -0.50647 0.860721
t 0.243632 0.00126664 0.969867
bt 0.00678162 -0.669887 0.742432
t 0.243493 0.000714328 0.969902
bt 0.00726895 -0.668898 0.743318
t 0.26513 -0.00828308 0.964177
bt -0.0514512 -0.50647 0.860721
t 0.235611 0 0.971847
bt 0.111319 -0.881323 0.459215
t 0.235611 0.000687089 0.971847
bt 0.111718 -0.880413 0.46086
t 0.235611 0 0.971847
bt -0.111638 -0.880596 -0.46053
t 0.243289 9.62158e-05 0.969954
bt 0.0480018 -0.772306 -0.633434
t 0.243209 0.000414775 0.969974
bt 0.0477511 -0.771877 -0.633976
t 0.235611 0 0.971847
bt -0.111638 -0.880596 -0.46053
t 0.264947 0.00862349 0.964224
bt 0.0520735 -0.507294 -0.860198
t 0.265581 0.0074454 0.96406
bt 0.0519309 -0.507105 -0.860318
t 0.274296 -0.00883292 0.961605
bt -0.0347456 -0.386655 -0.92157
t 0.320247 0.00439518 0.947324
bt 0.00878096 -0.332022 -0.943231
t 0.320025 0.00464328 0.947398
bt 0.00883134 -0.332067 -0.943214
t 0.274296 -0.00883292 0.961605
bt -0.0347456 -0.386655 -0.92157
t 0.386851 0.0346109 0.921493
bt 0.00842359 -0.274079 -0.96167
t 0.386396 0.0349238 0.921672
bt 0.00849288 -0.274115 -0.961659
t 0.504243 -0.0497726 0.862126
bt -0.00833492 -0.265102 -0.964184
t 0.66802 0.00770121 0.744104
bt -5.62241e-05 -0.243299 -0.969951
t 0.667439 0.00798655 0.744621
bt 0.000203176 -0.243364 -0.969935
t 0.504243 -0.0497726 0.862126
bt -0.00833492 -0.265102 -0.964184
t 0.881296 0.111342 0.45926
bt 0 -0.235589 -0.971853
t 0.880435 0.111719 0.460818
bt -0.000765435 -0.235589 -0.971853
t 0.880597 -0.111648 -0.460525
bt 0 -0.235589 -0.971853
t 0.77164 0.0476126 -0.634275
bt 5.94022e-05 -0.243299 -0.969951
t 0.771209 0.0473612 -0.634817
bt 0.000402145 -0.243212 -0.969973
t 0.880597 -0.111648 -0.460525
bt 0 -0.235589 -0.971853
t 0.504691 0.0501099 -0.861845
bt 0.00687399 -0.265888 -0.963979
t 0.504581 0.0500269 -0.861914
bt 0.00743599 -0.265586 -0.964058
t 0.386622 -0.0347681 -0.921583
bt -0.0103633 -0.275111 -0.961357
t 0.332169 0.00894568 -0.943178
bt 0.00480744 -0.319877 -0.947447
t 0.332211 0.0089935 -0.943162
bt 0.00379671 -0.320785 -0.947145
t 0.386622 -0.0347681 -0.921583
bt -0.0103633 -0.275111 -0.961357
t 0.274355 0.00894199 -0.961587
bt 0.0346064 -0.386857 -0.92149
t 0.274457 0.00913408 -0.961556
bt 0.0349156 -0.386408 -0.921667
t 0.265098 -0.008344 -0.964186
bt -0.0497943 -0.504272 -0.862108
t 0.243598 0.00113198 -0.969876
bt 0.00663991 -0.670174 -0.742174
t 0.243459 0.000579884 -0.969911
bt 0.00691742 -0.669612 -0.742679
t 0.265098 -0.008344 -0.964186
bt -0.0497943 -0.504272 -0.862108
t 0.235611 0 -0.971847
bt 0.111871 -0.880064 -0.46149
t 0.235611 0.000424815 -0.971847
bt 0.109727 -0.884912 -0.452649
t 0.997462 0 -0.0711973
bt -0.000220125 -1 1.54708e-05
t 1 1.05519e-08 0
bt 7.62326e-07 -1 0
t 0.997629 0.000438638 -0.0688169
bt -0.000105943 -0.99983 0.0184505
t 0.998091 0.000748274 -0.0617631
bt -0.000250197 -0.999363 0.0356822
t 0.998724 0.000578848 -0.0504909
bt 0.00014156 -0.998726 0.050455
t 0.999361 0.00105181 -0.0357313
bt -0.000611212 -0.998091 0.0617585
t 0.999831 -0.00112941 -0.0183649
bt 0.00031484 -0.99763 0.0688032
t 1 0.000237952 -1.6743e-05
bt 0 -0.997462 0.0711973
t 0.999831 0.000852125 0.0183844
bt -0.000140785 -0.99763 0.0688063
t 0.999365 0.000740158 0.035621
bt 0.000132383 -0.998092 0.0617412
t 0.998722 -0.00129246 0.0505272
bt 0.000665995 -0.998724 0.0504953
t 0.998092 -5.77492e-05 0.0617388
bt -0.000929149 -0.999365 0.0356089
t 0.997628 -0.000833231 0.0688243
bt -0.001062 -0.999831 0.0183695
t 0.997462 0 0.0711973
bt 0.000281554 -1 1.98557e-05
t 0.99763 0.000152215 0.0688117
bt 0.000752934 -0.999831 -0.0183913
t 0.998093 -9.2634e-05 0.0617332
bt 0.00171275 -0.999366 -0.0355609
t 0.998728 -0.000964167 0.0504132
bt 0.000159447 -0.998726 -0.0504541
t 0.999364 3.47733e-05 0.0356684
bt -0.000563312 -0.998091 -0.0617568
t 0.999828 0.000885916 0.0185038
bt 0.00032563 -0.99763 -0.068803
t 1 0.000263655 1.85782e-05
bt 0 -0.997462 -0.0711973
t 0.99983 -0.000193983 -0.0184566
bt -0.00013536 -0.99763 -0.0688064
t 0.999363 -0.000244392 -0.0356818
bt 0.000164308 -0.998092 -0.0617424
t 0.998728 0.000988904 -0.0504123
bt 0.000706459 -0.998724 -0.0504973
t 0.998094 0.000765168 -0.0617096
bt 4.95816e-05 -0.999364 -0.0356694
t 0.997629 -0.000260336 -0.0688138
bt 0.000840301 -0.999829 -0.0185007
t 0.887561 -0.00274053 0.460682
bt -0.0114004 -0.989559 -0.143677
t 0.900762 -0.0020503 0.434308
bt -0.0062105 -0.991335 -0.131208
t 0.917631 0.00244733 0.397426
bt 0.000970355 -0.970336 -0.241758
t 0.906432 0.00210996 0.422347
bt 0.00343896 -0.966138 -0.258004
t 0.887317 -0.00158541 0.461158
bt -0.00801021 -0.990977 0.13379
t 0.900561 -0.00192861 0.434725
bt -0.00401761 -0.991977 0.126355
t 0.894687 0 0.446693
bt 0.00591298 -0.999978 0.00295178
t 0.880837 0 0.47342
bt 0.0104793 -0.999929 0.00563427
t 0.934335 -0.00285932 0.356384
bt -0.00094711 -0.934821 0.355119
t 0.942814 -0.000818756 0.33332
bt -0.00119959 -0.943037 0.332686
t 0.91793 0.000818161 0.396741
bt 0.00707909 -0.969465 0.245128
t 0.906864 0.00210137 0.421417
bt 0.0112683 -0.964356 0.264368
t 0.988176 -0.0260476 0.151098
bt -0.00155241 -0.887537 0.460733
t 0.991441 -0.00465185 0.130469
bt 0.00149171 -0.900584 0.43468
t 0.970588 0.00377284 0.240718
bt 0.00138831 -0.917729 0.397204
t 0.96664 0.00801055 0.256012
bt 0.00213609 -0.906429 0.422353
t 0.991102 -0.010067 -0.132726
bt -0.0015118 -0.887384 0.461029
t 0.992051 -0.0053488 -0.125723
bt -0.00167523 -0.900574 0.434699
t 0.999982 0.00540163 -0.00269647
bt 0 -0.894687 0.446693
t 0.99994 0.00965644 -0.00518721
bt 0 -0.880859 0.473378
t 0.935601 -0.00724187 -0.352985
bt -0.00487908 -0.934086 0.357014
t 0.943291 -0.0035416 -0.331948
bt -0.00416537 -0.942434 0.334367
t 0.969838 0.00385413 -0.24372
bt 0.000242586 -0.917915 0.396776
t 0.965038 0.0058791 -0.262043
bt 0.00233819 -0.906888 0.421365
t 0.887368 0.000708849 -0.461062
bt -0.00882984 -0.989774 0.142371
t 0.900591 0.00136249 -0.434666
bt -0.0067582 -0.991298 0.131467
t 0.917713 0.00156239 -0.397241
bt 0.00396686 -0.970607 0.240639
t 0.9064 0.00241345 -0.422414
bt 0.008357 -0.966677 0.255861
t 0.887549 0.00137915 -0.460712
bt -0.00793879 -0.990975 -0.133814
t 0.900731 0.00141664 -0.434375
bt -0.00416292 -0.991999 -0.126177
t 0.894687 0 -0.446693
bt 0.00619984 -0.999976 -0.003095
t 0.880901 0 -0.473301
bt 0.0104863 -0.999929 -0.00563425
t 0.934075 -0.00485324 -0.357043
bt -0.00475535 -0.93529 -0.35385
t 0.942482 -0.00374715 -0.334237
bt -0.00108388 -0.943024 -0.332722
t 0.917872 0.000176906 -0.396877
bt 0.00482857 -0.969709 -0.244216
t 0.906828 0.00213511 -0.421495
bt 0.00638358 -0.964976 -0.26226
t 0.989844 -0.00797074 -0.141935
bt 0.000398076 -0.887385 -0.461028
t 0.99144 -0.00467836 -0.130482
bt 0.000853573 -0.900617 -0.434613
t 0.970629 0.00393648 -0.240549
bt 0.00249074 -0.917627 -0.397436
t 0.96668 0.00838309 -0.255849
bt 0.00218052 -0.906424 -0.422363
t 0.991101 -0.0100835 0.13273
bt -0.00158794 -0.887316 -0.461158
t 0.99204 -0.00515228 0.125816
bt -0.00222131 -0.900546 -0.434756
t 0.999982 0.00541558 0.00270344
bt 0 -0.894687 -0.446693
t 0.99994 0.00965703 0.00518752
bt 0 -0.880859 -0.473378
t 0.935288 -0.00473743 0.353856
bt -0.00482235 -0.934079 -0.357033
t 0.943058 -0.00138732 0.332627
bt -0.00550301 -0.942278 -0.334785
t 0.9698 0.00397146 0.243868
bt 0.0003478 -0.917887 -0.396841
t 0.965021 0.00602052 0.262104
bt 0.00238275 -0.906893 -0.421355
t 0.99532 0.0251788 0.0933006
bt -0.00762314 -0.952284 -0.305117
t 0.99653 0.00768612 -0.0828849
bt 0.00721907 -0.952296 -0.30509
t 0.952271 -0.00801739 -0.305147
bt 0.0241886 -0.995373 -0.0929886
t 0.952205 0.0099875 -0.305297
bt 0.00658097 -0.996508 0.0832364
t 0.995237 0.0266561 -0.0937659
bt -0.00582605 -0.95234 0.304982
t 0.99653 0.00773605 0.082869
bt 0.00999134 -0.952205 0.305298
t 0.952215 0.00967736 0.305274
bt 0.00769885 -0.99653 -0.0828808
t 0.99529 -0.0257218 0.0934717
bt 0.00599764 -0.952335 0.304995
t 0.996534 -0.00793137 -0.0828068
bt -0.00966131 -0.952216 0.305273
t 0.952334 0.00602561 -0.304997
bt -0.0254082 -0.995307 0.0933729
t 0.952216 -0.00966053 -0.305273
bt -0.006366 -0.996504 -0.0833047
t 0.995305 -0.025442 -0.0933836
bt 0.00892497 -0.952242 -0.305215
t 0.996533 -0.00785973 0.0828296
bt -0.00965665 -0.952216 -0.305273
t 0.952242 0.00891851 0.305215
bt -0.025737 -0.995289 -0.0934765
t 0.991953 0.0282175 0.123424
bt 0.0050057 -0.887152 0.46145
t 0.861902 0.179415 -0.474274
bt -0.097947 -0.592803 -0.799369
t 0.602411 0.127937 -0.787866
bt -0.0882744 -0.816266 -0.570892
t 0.815378 0.0867555 -0.572392
bt -0.128353 -0.60254 -0.7877
t 0.593442 0.0998846 -0.798655
bt -0.17663 -0.860737 -0.477424
t 0.592923 -0.0983096 -0.799236
bt 0.176252 -0.860578 0.47785
t 0.603327 -0.130906 -0.786676
bt 0.0867432 -0.815371 0.572404
t 0.602398 0.127894 0.787883
bt -0.0861839 -0.815043 0.572956
t 0.593448 0.0999032 0.798648
bt -0.178062 -0.861338 0.475806

