g sponza_75
t 0.0002 0 1
bt 0 1 0
t 0.0002 0 1
bt 0 1 0
t 0.0002 0 1
bt 0 1 0
t 0.0002 0 1
bt 0 1 0
t 0 0 -1
bt 0 1 0
t 0 0 -1
bt 0 0.999995 0.00306086
t 0 0 -1
bt 0 1 0
t 0 0 -1
bt 0 1 0
t 1 0 0
bt 0 1 0
t 1 0 0
bt 0 1 0
t 1 0 0
bt 0 1 0
t 1 0 0
bt 0 1 0
t 0.179677 0.363193 0.914225
bt -0.866016 0.486049 0.117358
t 0.179679 0.363192 0.914225
bt -0.864489 0.48761 0.122044
t -0.179397 -0.363108 0.914313
bt -0.862926 0.489234 -0.126526
t -0.179458 -0.36332 0.914217
bt -0.862942 0.489183 -0.126617
t -1.15752e-07 -1.14453e-07 -1
bt 0.711093 0.703093 -0.00243836
t -2.33646e-07 -2.31024e-07 -1
bt 0.711092 0.703093 -0.00292243
t 0.179589 -0.363255 -0.914217
bt 0.865186 0.486927 0.119812
t 0.179589 -0.363255 -0.914217
bt 0.865186 0.486927 0.119812
t 0.914217 0.363255 -0.179589
bt 0.123219 0.48806 0.864069
t 0.914217 0.363255 -0.179589
bt 0.120595 0.487188 0.864931
t 0.914269 -0.363151 0.179537
bt -0.120552 0.487185 0.864938
t 0.914269 -0.363151 0.179537
bt -0.120552 0.487185 0.864938
t 0.0001 0 1
bt 0 -1 0
t 0.0001 0 1
bt 0 -1 0
t 0.0001 0 1
bt 0 -1 0
t 0.0001 0 1
bt 0 -1 0
t 0 0 -1
bt 0 -1 0
t 0 0 -1
bt 0 -1 -2.20291e-05
t 0 0 -1
bt 0 -1 0
t 0 0 -1
bt 0 -1 0
t -1 0 0
bt 0 -1 0
t -1 0 0
bt 0 -1 0
t -1 0 0
bt 0 -1 0
t -1 0 0
bt 0 -1 0
t 1 0 0
bt 0 -1 0
t 1 0 0
bt 0 -1 0
t 1 0 0
bt 0 -1 0
t 1 0 0
bt 0 -1 0
t 0.0001 0 1
bt 0 -1 0
t 0.0001 0 1
bt 0 -1 0
t 0 0 -1
bt 0 -1 0
t 0 0 -1
bt 0 -1 0
t -1 0 0
bt 0 -1 0
t -1 0 0
bt 0 -1 0
t 1 0 0
bt 0 -1 0
t 1 0 0
bt 0 -1 0
t 0.000151208 0 1
bt 0.999971 0 0.00767931
t 0.000149274 0 1
bt 1 0 -0.00019614
t 0.000151208 0 1
bt 0.999971 0 0.00767931
t 0.000151208 0 1
bt 0.999971 0 0.00767931
t 2.28914e-07 0 -1
bt -0.999994 0 0.00341709
t -4.62126e-07 0 -1
bt -1 0 -0.00015011
t 2.28914e-07 0 -1
bt -0.999994 0 0.00341709
t 2.28914e-07 0 -1
bt -0.999994 0 0.00341709
t 1 0 1.79199e-07
bt -0.00211882 0 -0.999998
t 1 0 1.56301e-07
bt 0.00213924 0 -0.999998
t 1 0 1.79199e-07
bt -0.00211882 0 -0.999998
t 1 0 1.79199e-07
bt -0.00211882 0 -0.999998
t -1 0 0
bt 0 1 0
t -1 0 0
bt 0 1 0
t -1 0 0
bt 0 1 0
t -1 0 0
bt 0 1 0
t -0.91418 0.363055 0.180183
bt -0.0472879 0.461198 -0.886036
t -0.914269 -0.363462 -0.178907
bt 0.12212 0.487707 -0.864424
t -0.914225 -0.363569 -0.178917
bt 0.194173 0.510127 -0.837894
t -0.914217 0.362944 0.180217
bt -0.0471869 0.461301 -0.885988
t -1 0 0.000863517
bt -0.120422 0 0.992723
t -0.999999 0 0.00110281
bt -0.000403288 0 1
t -1 0 0.000863517
bt -0.120422 0 0.992723
t -1 0 0.000863517
bt -0.120422 0 0.992723
t 0 0 -1
bt 0 1 0
t 0 0 -1
bt 0 1 0
t 0 0 -1
bt 0 1 0
t 0 0 -1
bt 0 1 0
t -4.68695e-07 -4.63434e-07 -1
bt 0.711092 0.703092 -0.00293365
t -0.179537 0.363151 -0.914269
bt 0.864071 0.488062 -0.123192
t -0.179547 0.363258 -0.914225
bt 0.863699 0.488404 -0.12444
t -4.68695e-07 -4.63434e-07 -1
bt 0.711092 0.703092 -0.00293365
t -9.26704e-07 0 -1
bt -0.999991 0 0.00414844
t 0 0 -1
bt -0.999998 0 0.00221394
t -9.26704e-07 0 -1
bt -0.999991 0 0.00414844
t -9.26704e-07 0 -1
bt -0.999991 0 0.00414844
t 0 0 -1
bt 0 -0.999998 -0.00200624
t 0 0 -1
bt 0 -1 0
t 0 0 -1
bt 0 -0.999995 -0.00300936
t 0 0 -1
bt 0 -1 -0.000588348
t 0 0 -1
bt 0 -0.999991 0.00425368
t 0 0 -1
bt 0 -0.999991 0.00425368

