g sponza_51
t -0.98579 0.138091 0.0956534
bt 0.261712 0.793419 0.549538
t -0.983863 0.156973 0.0858628
bt 0 0.877319 0.479907
t -0.965204 0.247015 -0.0858229
bt 0.34872 0.80508 0.479834
t -0.928213 0.371545 -0.0193701
bt 0.397434 0.720991 0.567642
t 0.0519008 0.998581 -0.01196
bt 0.316043 -0.0644443 0.946554
t 0.0561985 0.99842 0
bt 0 0 1
t -0.337697 0.941255 0
bt 0 0 1
t -0.333656 0.942611 0.01256
bt 0.317436 0.0625801 0.946213
t 0.0831417 0.996362 0.0187307
bt 0.80186 -0.197309 0.563995
t 0.0866803 0.996092 0.0169652
bt 0.875805 -0.0565561 0.479339
t 0.400056 0.916351 -0.0159757
bt 0.794026 -0.374681 0.478682
t 0.403466 0.914821 -0.0178408
bt 0.709053 -0.414564 0.570421
t -0.307504 0.951387 0.0174623
bt 0.82577 0.296289 0.479914
t -0.20837 0.973165 0.0976279
bt 0.826082 -0.0438607 0.561841
t 0.0134815 0.9994 -0.0319135
bt 0.793334 -0.150979 0.589768
t 0.0561985 0.99842 0
bt 0 0 -1
t -0.337697 0.941255 0
bt 0 0 -1
t -0.337697 0.941255 0
bt 0 0 -1
t 0.0561985 0.99842 0
bt 0 0 -1
t 0.998159 0.0193417 -0.0574798
bt 0 -0.318802 0.947821
t 1 0 0
bt 0 0 1
t 0.929904 0.367801 0
bt 0 0 1
t 0.931266 0.364158 0.0115148
bt 0.0755512 -0.312603 0.946874
t 0.986289 0.144891 -0.0790007
bt 0 -0.877984 0.47869
t 0.940184 0.340291 0.0160259
bt 0.322901 -0.816422 0.478738
t 0.943825 0.329056 0.0302697
bt 0.104623 -0.807031 0.581167
t 0.988432 0.122111 -0.0899504
bt 0 -0.805119 0.593114
t 1 0 0
bt 0 0 -1
t 0.929904 0.367801 0
bt 0 0 -1
t 0.929904 0.367801 0
bt 0 0 -1
t 1 0 0
bt 0 0 -1
t 0.928215 0.37154 -0.0193737
bt -0.178386 0.807462 0.562302
t 0.965205 0.247009 -0.0858262
bt -0.348738 0.805072 0.479834
t 0.983864 0.156969 0.0858607
bt -0.109497 0.872044 0.477022
t 0.98579 0.138091 0.095653
bt 0 0.822071 0.569385
t 0.333655 0.942612 0.0125614
bt -0.284805 0.153533 0.94621
t 0.337697 0.941255 0
bt 0 0 1
t -0.0561985 0.99842 0
bt 0 0 1
t -0.0519009 0.998581 -0.0119635
bt -0.321347 0.028474 0.946533
t -0.403504 0.914805 -0.0178119
bt -0.796046 -0.214817 0.565831
t -0.399963 0.916391 -0.0160309
bt -0.766771 -0.428676 0.477807
t -0.0867283 0.996087 0.0169915
bt -0.876703 -0.0403506 0.479337
t -0.0831293 0.996363 0.0187353
bt -0.819474 -0.0528736 0.570672
t 0.20837 0.973165 0.0976273
bt -0.826082 -0.0438606 0.561841
t 0.307502 0.951387 0.0174632
bt -0.79742 0.367638 0.478502
t -0.0134792 0.9994 -0.0319152
bt -0.803484 -0.0517068 0.593076
t 0.337697 0.941255 0
bt 0 0 -1
t 0.337697 0.941255 0
bt 0 0 -1
t -0.0561985 0.99842 0
bt 0 0 -1
t -0.0561985 0.99842 0
bt 0 0 -1
t -0.931266 0.364158 0.011515
bt -0.158726 -0.279706 0.946874
t -0.929904 0.367801 0
bt 0 0 1
t -1 0 0
bt 0 0 1
t -0.998159 0.0193411 -0.057478
bt -0.0746593 -0.317912 0.945176
t -0.943825 0.329056 0.0302702
bt -0.104622 -0.807031 0.581167
t -0.940184 0.340289 0.0160268
bt -0.388032 -0.788285 0.477534
t -0.986289 0.144889 -0.0789999
bt -0.118664 -0.871781 0.475307
t -0.988432 0.122109 -0.0899486
bt 0 -0.805119 0.593114
t -0.929904 0.367801 0
bt 0 0 -1
t -0.929904 0.367801 0
bt 0 0 -1
t -1 0 0
bt 0 0 -1
t -1 0 0
bt 0 0 -1
t -0.663224 0.748169 0.0194328
bt 0.699791 0.440616 0.562272
t -0.660288 0.750811 0.0173806
bt 0.639975 0.600113 0.479892
t -0.363817 0.93127 -0.0193247
bt 0.79781 0.203263 0.567612
t -0.687087 0.726467 -0.0125672
bt 0.266443 0.183575 0.946208
t -0.68399 0.729492 0
bt 0 0 1
t -0.917602 0.397501 0
bt 1.16117e-05 -5.0301e-06 1
t -0.915858 0.401305 0.0125966
bt 0.171522 0.274353 0.946209
t 0.74664 0.664989 0.0178615
bt 0.449029 -0.691517 0.565843
t 0.749121 0.662239 0.016042
bt 0.600551 -0.640435 0.478729
t 0.920032 0.391435 -0.0178971
bt 0.233672 -0.787431 0.570395
t -0.840422 0.535089 0.0858542
bt 0.348735 0.805055 0.479864
t -0.852418 0.513664 0.0976375
bt 0.597068 0.572584 0.561835
t -0.715605 0.697729 -0.0329138
bt 0.657779 0.468692 0.589622
t -0.68399 0.729492 0
bt 0 0 -1
t -0.917602 0.397501 0
bt 0 0 -1
t -0.917602 0.397501 0
bt 0 0 -1
t -0.68399 0.729492 0
bt 0 0 -1
t 0.726771 0.686783 -0.0115251
bt 0.18522 -0.262917 0.946873
t 0.729492 0.68399 0
bt 0 0 1
t 0.426697 0.904395 0
bt 0 0 1
t 0.430225 0.902648 0.0115111
bt 0.26893 -0.176367 0.946874
t 0.463377 0.885643 0.0303048
bt 0.628333 -0.517116 0.581196
t 0.70036 0.713148 -0.030268
bt 0.475218 -0.652615 0.590136
t 0.729492 0.68399 0
bt 0 0 -1
t 0.426697 0.904395 0
bt 0 0 -1
t 0.426697 0.904395 0
bt 0 0 -1
t 0.729492 0.68399 0
bt 0 0 -1
t 0.663224 0.748169 0.0194328
bt -0.599677 0.562328 0.569363
t 0.363893 0.931239 -0.0193813
bt -0.77379 0.277644 0.569353
t 0.660319 0.750783 0.017445
bt -0.632259 0.608216 0.479918
t 0.687087 0.726466 -0.0125712
bt -0.200305 0.254102 0.946208
t 0.915859 0.401304 0.0125929
bt -0.082801 0.312779 0.94621
t 0.917602 0.397501 0
bt 0 0 1
t 0.68399 0.729492 0
bt 0 0 1
t -0.746642 0.664986 0.0178637
bt -0.561113 -0.598377 0.571925
t -0.920032 0.391433 -0.0178957
bt -0.301715 -0.76283 0.57189
t -0.749121 0.662239 0.0160417
bt -0.608096 -0.633295 0.478703
t 0.71561 0.697724 -0.0329193
bt -0.587314 0.550726 0.593096
t 0.852416 0.513667 0.09764
bt -0.320024 0.738809 0.593081
t 0.840419 0.535093 0.0858568
bt -0.627632 0.632503 0.453892
t 0.68399 0.729492 0
bt 0 0 -1
t 0.917602 0.397501 0
bt 0 0 -1
t 0.917602 0.397501 0
bt 0 0 -1
t 0.68399 0.729492 0
bt 0 0 -1
t -0.726772 0.686783 -0.0115243
bt -0.250477 -0.201729 0.946872
t -0.430226 0.902648 0.0115131
bt -0.307121 -0.0954332 0.946873
t -0.426697 0.904395 0
bt 0 0 1
t -0.729492 0.68399 0
bt 0 0 1
t -0.70036 0.713148 -0.0302678
bt -0.550732 -0.587309 0.593096
t -0.46338 0.885641 0.0303066
bt -0.728114 -0.343591 0.593123
t -0.729492 0.68399 0
bt 0 0 -1
t -0.426774 0.904358 0
bt 0 0 -1
t -0.426774 0.904358 0
bt 0 0 -1
t -0.729492 0.68399 0
bt 0 0 -1
t -0.840422 0.535089 0.0858542
bt 0.34872 0.80508 0.479834
t -0.337737 0.941241 0
bt 0 0 1
t -0.457883 0.883638 -0.0976089
bt 0.757841 0.271906 0.593081
t -0.337737 0.941241 0
bt 0 0 -1
t -0.337737 0.941241 0
bt 0 0 -1
t 0.840419 0.535093 0.0858568
bt -0.348738 0.805072 0.479834
t 0.337737 0.941241 0
bt 0 0 1
t 0.457882 0.883639 -0.0976074
bt -0.75784 0.271908 0.593081
t 0.337737 0.941241 0
bt 0 0 -1
t 0.337737 0.941241 0
bt 0 0 -1
t -1 0 0
bt 0 0 1
t -0.997803 0.0212252 0.0627558
bt 0.0807038 0.319256 0.944226
t 0.988 0.126703 -0.0883303
bt 0 -0.820317 0.571909
t -0.965205 0.247009 -0.0858262
bt 0.348735 0.805055 0.479864
t -0.986359 0.132533 0.0976269
bt 0.32029 0.762704 0.56187
t -0.957783 0.27042 -0.0975953
bt 0.320039 0.738803 0.593081
t -1 0 0
bt 0 0 -1
t -1 0 0
bt 0 0 -1
t 0.997803 0.0212267 0.06276
bt 0 0.320301 0.947316
t 1 0 0
bt 0 0 1
t -0.988001 0.126698 -0.0883267
bt 0 -0.820317 0.571909
t 0.957783 0.27042 -0.0975953
bt -0.320024 0.738809 0.593081
t 0.98636 0.13253 0.0976252
bt 0 0.805119 0.593114
t 0.965205 0.247009 -0.0858262
bt -0.34872 0.805062 0.479864
t 1 0 0
bt 0 0 -1
t 1 0 0
bt 0 0 -1

