g sponza_103
t 0 0 -1
bt -0.0972956 -0.995256 0
t 0 0 -1
bt -0.172904 -0.984937 0.00154755
t 0 0 -1
bt -0.164705 -0.986343 0
t 0 0 -1
bt -0.0972956 -0.995256 0
t -1 0 0
bt 0.00131329 -0.978021 0.208503
t -1 0 0
bt 0.00171984 -0.97802 0.208503
t -1 0 0
bt 0.00198107 -0.992869 0.119196
t -1 0 0
bt 0.00198107 -0.992869 0.119196
t -1 0 0
bt -0.00023887 -1 0
t -1 0 0
bt 0.000284858 -1 0
t -1 0 0
bt -0.00023887 -1 0
t -1 0 0
bt -0.00023887 -1 0
t 0 0 1
bt 0 -1 0.000328683
t 0 0 1
bt 0 -1 0
t 0 0 1
bt 0 -1 0.000328683
t 0 0 1
bt 0 -1 0.000328683
t 0 0 -1
bt -0.674628 -0.729886 -0.1102
t 0 0 -1
bt -0.678484 -0.734058 -0.028625
t 0 0 -1
bt -0.674628 -0.729886 -0.1102
t 0 0 -1
bt -0.674628 -0.729886 -0.1102
t -1 0 0
bt 0.512618 -0.56754 0.644299
t -1 0 0
bt -0.504345 -0.570769 0.647965
t -1 0 0
bt 0.512618 -0.56754 0.644299
t -1 0 0
bt 0.512618 -0.56754 0.644299
t 0 0 -1
bt 0.564881 -0.825172 -0.00132209
t 0 0 -1
bt 0.564881 -0.825172 0
t 0 0 -1
bt 0.564881 -0.825172 -0.00132209
t 0 0 -1
bt 0.564881 -0.825172 -0.00132209
t -1 0 0
bt -0.000469864 -0.765378 -0.643581
t -1 0 0
bt 0.000509005 -0.765378 -0.643581
t -1 0 0
bt -0.000469864 -0.765378 -0.643581
t -1 0 0
bt -0.000469864 -0.765378 -0.643581
t 0 0 -1
bt -0.606826 -0.794834 0
t 0 0 -1
bt -0.606821 -0.794828 -0.00399602
t 0 0 -1
bt -0.606826 -0.794834 0
t 0 0 -1
bt -0.606826 -0.794834 0
t -1 0 0
bt -0.00306888 -0.729487 0.683988
t -1 0 0
bt -0.00679789 -0.729474 0.683975
t -1 0 0
bt -0.00306888 -0.729487 0.683988
t -1 0 0
bt -0.00306888 -0.729487 0.683988
t 0 0 -1
bt 0.606825 -0.794832 0.0023686
t 0 0 -1
bt 0.606826 -0.794834 0
t 0 0 -1
bt 0.606825 -0.794832 0.0023686
t 0 0 -1
bt 0.606825 -0.794832 0.0023686
t -1 0 0
bt 0.00189212 -0.729489 -0.68399
t -1 0 0
bt 0.00815833 -0.729466 -0.683968
t -1 0 0
bt 0.00189212 -0.729489 -0.68399
t -1 0 0
bt 0.00189212 -0.729489 -0.68399
t 0 0 -1
bt -0.313106 -0.949718 -8.39545e-05
t 0 0 -1
bt -0.365089 -0.930973 0.00013593
t 0 0 -1
bt -0.365089 -0.930973 0
t 0 0 -1
bt -0.298895 -0.954286 0
t -1 0 0
bt 0.000378848 -0.90095 0.433924
t -1 0 0
bt -0.000367223 -0.90095 0.433924
t -1 0 0
bt 0.000275158 -0.928394 0.371597
t -1 0 0
bt 0.00024027 -0.928394 0.371597
t -0.551886 0.339344 -0.761753
bt -0.0192508 -0.975853 0.21758
t -0.658687 -0.206712 -0.723465
bt -0.0990985 -0.956257 0.275232
t -0.593228 0.152283 -0.7905
bt -0.0543507 -0.947138 0.31619
t -0.551886 0.339344 -0.761753
bt -0.0192508 -0.975853 0.21758
t -0.587411 -0.225484 0.777242
bt 0.176687 -0.983918 0.0261986
t -0.63592 0.321437 0.701629
bt 0.176433 -0.983955 0.0265195
t -0.572188 -0.217631 0.79072
bt 0.268977 -0.961383 0.0582579
t -0.549074 -0.275995 0.788888
bt 0.275153 -0.959497 0.0604744
t -0.610813 -0.246157 -0.752538
bt -0.0100411 -0.999741 -0.020416
t -0.590713 -0.347024 -0.728445
bt 0.00109642 -0.999977 -0.00673152
t -0.610919 -0.246158 -0.752452
bt -0.0100435 -0.999741 -0.020414
t -0.610813 -0.246157 -0.752538
bt -0.0100411 -0.999741 -0.020416
t -0.612577 -0.247997 0.750497
bt -0.0166118 -0.999786 0.0123293
t -0.586827 -0.374615 0.717842
bt -0.00548915 -0.999984 -0.00133547
t -0.612577 -0.247997 0.750497
bt -0.0166118 -0.999786 0.0123293
t -0.612636 -0.247997 0.75045
bt -0.0166127 -0.999786 0.0123286
t -0.821322 0.564039 -0.0853814
bt 0.0624602 -0.553964 -0.830194
t -0.837777 0.404541 -0.36671
bt 0.100142 -0.57229 -0.813914
t -0.821322 0.564039 -0.0853814
bt 0.0624602 -0.553964 -0.830194
t -0.821322 0.564039 -0.0853814
bt 0.0624602 -0.553964 -0.830194
t -0.339427 0.291602 0.894291
bt -0.7581 -0.64125 -0.118676
t 0.0151348 0.529458 0.848201
bt -0.762966 -0.637575 -0.106682
t -0.339427 0.291602 0.894291
bt -0.7581 -0.64125 -0.118676
t -0.339427 0.291602 0.894291
bt -0.7581 -0.64125 -0.118676
t -0.648131 -0.0156485 -0.761368
bt -0.501874 -0.568083 0.65223
t -0.63127 -1.87694e-05 -0.775563
bt -0.522267 -0.570908 0.633484
t -0.648131 -0.0156485 -0.761368
bt -0.501874 -0.568083 0.65223
t -0.648131 -0.0156485 -0.761368
bt -0.501874 -0.568083 0.65223
t -0.631229 -1.89775e-05 0.775597
bt 0.522226 -0.570952 0.633477
t -0.631334 -1.78637e-05 0.775511
bt 0.514994 -0.570051 0.640174
t -0.631229 -1.89798e-05 0.775597
bt 0.522252 -0.570906 0.633498
t -0.631229 -1.89798e-05 0.775597
bt 0.522252 -0.570906 0.633498
t -0.831361 -0.301301 -0.466965
bt -0.101478 -0.526549 0.844067
t -0.631551 1.82359e-05 -0.775335
bt -0.0314231 -0.493612 0.869115
t -0.831427 -0.301203 -0.466911
bt -0.10144 -0.526605 0.844036
t -0.831361 -0.301301 -0.466965
bt -0.101478 -0.526549 0.844067
t -0.631243 1.08324e-05 0.775585
bt 0.809754 -0.581881 0.0755845
t -0.256358 -0.323814 0.910728
bt 0.797524 -0.592981 0.111032
t -0.631243 1.08324e-05 0.775585
bt 0.809754 -0.581881 0.0755845
t -0.631243 1.08324e-05 0.775585
bt 0.809754 -0.581881 0.0755845
t -0.865524 0.454346 -0.210801
bt 0.0117631 -0.476572 -0.879057
t -0.631536 4.47279e-06 -0.775347
bt 0.0328095 -0.487056 -0.872754
t -0.865471 0.454429 -0.210845
bt 0.0118065 -0.476505 -0.879092
t -0.86546 0.454445 -0.210853
bt 0.0118505 -0.476438 -0.879128
t -0.631297 7.15813e-05 0.775541
bt -0.826469 -0.561694 -0.0380778
t -0.0194191 0.460554 0.887419
bt -0.829878 -0.557351 -0.0257463
t -0.631297 7.15813e-05 0.775541
bt -0.826469 -0.561694 -0.0380778
t -0.631226 -3.59067e-05 0.775599
bt -0.826429 -0.561754 -0.0380457
t -0.715309 -0.363591 -0.59677
bt -0.0417625 -0.813964 0.579412
t -0.72019 -0.24384 -0.649514
bt -0.0801062 -0.764472 0.63966
t -0.742038 -0.356156 -0.567919
bt -0.0620839 -0.755056 0.652714
t -0.708486 -0.320608 -0.628695
bt -0.0376236 -0.819915 0.571248
t -0.495203 -0.27756 0.823247
bt 0.488581 -0.869407 0.0736171
t -0.43884 -0.371034 0.818384
bt 0.486641 -0.871626 0.0587227
t -0.502242 -0.225665 0.834763
bt 0.562823 -0.820429 0.10063
t -0.502242 -0.225665 0.834763
bt 0.562823 -0.820429 0.10063
t -0.659566 -0.22272 -0.717892
bt 0.0130049 -0.917726 0.397002
t -1 0 -0.000150921
bt -0.000467629 0 -1
t -0.999786 0 0.020667
bt 0 0 -1
t -1 0 -0.000150921
bt -0.0114196 0 -0.999935
t -1 0 -0.000113191
bt -0.00856458 0 -0.999963
t -1 0 0
bt -0.0328521 0 -0.99946
t -1 0 0
bt 0 0 -1
t 0 0 1
bt 0.164705 -0.986343 0
t 0 0 1
bt 0.172904 -0.984936 -0.00222648
t 0 0 1
bt 0.0972956 -0.995256 0
t 0 0 1
bt 0.0972956 -0.995256 0
t 0 0 -1
bt 0 -1 0
t 0 0 -1
bt 0 -1 0.000328683
t 0 0 -1
bt 0 -1 0
t 0 0 -1
bt 0 -1 0
t -1.65389e-05 1.7898e-05 1
bt 0.579966 -0.62747 0.51954
t -1.8376e-05 1.9886e-05 1
bt 0.526022 -0.569108 0.631994
t -1.65389e-05 1.7898e-05 1
bt 0.579966 -0.62747 0.51954
t -1.65389e-05 1.7898e-05 1
bt 0.579966 -0.62747 0.51954
t -1.27336e-05 -1.85964e-05 1
bt -0.564995 -0.825092 0.00183145
t 0 0 1
bt -0.564996 -0.825094 0
t -1.27336e-05 -1.85931e-05 1
bt -0.564927 -0.825139 0.00183145
t -1.2727e-05 -1.85953e-05 1
bt -0.56488 -0.825171 0.00183145
t 0 0 1
bt 0.606715 -0.79492 0
t 0 0 1
bt 0.606697 -0.794897 0.00760087
t 0 0 1
bt 0.606715 -0.79492 0
t 0 0 1
bt 0.606715 -0.79492 0
t 0 0 1
bt -0.606689 -0.794886 -0.0091615
t 0 0 1
bt -0.606715 -0.79492 0
t 0 0 1
bt -0.606689 -0.794886 -0.0091615
t 0 0 1
bt -0.606689 -0.794886 -0.0091615
t 4.15839e-06 -1.06085e-05 1
bt 0.365089 -0.930973 0
t 0 0 1
bt 0.365089 -0.930973 0.000135845
t 3.0609e-06 -9.28073e-06 1
bt 0.313106 -0.949718 -8.4758e-05
t 1.85828e-06 -5.9349e-06 1
bt 0.298895 -0.954286 0
t 1 0 0
bt 0 0 1
t 1 0 0
bt -0.00874126 0 0.999962
t 1 0 0
bt -0.00324408 0 0.999995
t 1 0 0
bt 0 0 1
t 1 0 0
bt -0.02615 0 0.999658
t 1 0 0
bt -0.02615 0 0.999658

