g sponza_23
t -0.999982 0 -0.00597072
bt 0.000309373 0 1
t -1 0 0
bt -0.0402125 0 0.999191
t -1 0 0.000210621
bt 0.000254379 0 1
t -0.999994 0 -0.0035401
bt 0.00301244 0 0.999995
t -0.999834 0 -0.0182234
bt 0 0 1
t -1 0 0.000140976
bt 0.0046564 0 0.999989
t -1 0 0
bt 0.0142988 0 0.999898
t -0.999832 0 -0.0183319
bt 0 0 1
t 1 0 0
bt -4.41948e-05 -1 0
t 1 0 0
bt 4.64793e-05 -1 0
t 1 0 0
bt -4.41948e-05 -1 0
t 1 0 0
bt -4.41948e-05 -1 0
t 0 0 1
bt 0 -1 -0.000529183
t 0 0 1
bt 0 -1 4.66383e-05
t 0 0 1
bt 0 -1 -0.000529183
t 0 0 1
bt 0 -1 -0.000529183
t -1 0 0
bt 4.6559e-05 -1 0
t -1 0 0
bt -4.45124e-05 -1 0
t -1 0 0
bt 4.6559e-05 -1 0
t -1 0 0
bt 4.6559e-05 -1 0
t 0 0 -1
bt 0 -1 0.000529292
t 0 0 -1
bt 0 -1 0.000114654
t 0 0 -1
bt 0 -1 0.000529292
t 0 0 -1
bt 0 -1 0.000529292
t 1 0 0
bt -0.00242224 -0.992868 0.119196
t 1 -2.03879e-06 4.38366e-07
bt -0.00212796 -0.977657 0.210194
t 1 -6.79915e-07 1.4619e-07
bt -0.00160474 -0.977658 0.210194
t 1 0 0
bt -0.00242224 -0.992868 0.119196
t 0 0 1
bt -0.119196 -0.992868 -0.00240485
t 0 0 1
bt -0.210194 -0.977657 -0.00212208
t 0 0 1
bt -0.210194 -0.977658 -0.00159375
t 0 0 1
bt -0.119196 -0.992868 -0.00240485
t -1 0 0
bt 0.00241354 -0.992868 -0.119196
t -1 0 0
bt 0.00211569 -0.977657 -0.210194
t -1 0 0
bt 0.00159455 -0.977658 -0.210194
t -1 0 0
bt 0.00241354 -0.992868 -0.119196
t 0 0 -1
bt 0.119196 -0.992868 0.00242121
t -4.38281e-07 2.0386e-06 -1
bt 0.210201 -0.977653 0.00322244
t 0 0 -1
bt 0.210201 -0.977655 0.00243155
t 0 0 -1
bt 0.119196 -0.992868 0.00242121
t 1 0 0
bt 0.000285984 -1 0
t 1 0 0
bt -0.000343604 -1 0
t 1 0 0
bt 0.000285984 -1 0
t 1 0 0
bt 0.000285984 -1 0
t 0 0 1
bt 0 -1 0.000307034
t 0 0 1
bt 0 -1 -0.000306458
t 0 0 1
bt 0 -1 0.000307034
t 0 0 1
bt 0 -1 0.000307034
t -1 0 0
bt -0.000343194 -1 0
t -1 0 0
bt 0.000287885 -1 0
t -1 0 0
bt -0.000343194 -1 0
t -1 0 0
bt -0.000343194 -1 0
t 0 0 -1
bt 0 -1 -0.000305525
t 0 0 -1
bt 0 -1 0.000307619
t 0 0 -1
bt 0 -1 -0.000305525
t 0 0 -1
bt 0 -1 -0.000305525
t 1 0 0
bt -0.587384 -0.534947 0.607298
t 0.999999 0.000818578 -0.00092929
bt 0.582958 -0.537059 0.609695
t 1 0 0
bt -0.587384 -0.534947 0.607298
t 1 0 0
bt -0.587384 -0.534947 0.607298
t 0 0 1
bt -0.75044 -0.660935 -0.00206799
t 0.000312309 0.00027506 1
bt -0.602767 -0.530875 0.595688
t 0 0 1
bt -0.75044 -0.660935 -0.00206799
t 0 0 1
bt -0.75044 -0.660935 -0.00206799
t -1 0 0
bt 0.591444 -0.532989 -0.605076
t -1 0 0
bt -0.582956 -0.537059 -0.609697
t -1 0 0
bt 0.591444 -0.532989 -0.605076
t -1 0 0
bt 0.591444 -0.532989 -0.605076
t 0 0 -1
bt 0.602935 -0.531023 0.595385
t 0.000951454 -0.000837974 -0.999999
bt 0.604981 -0.532825 -0.591689
t 0 0 -1
bt 0.602935 -0.531023 0.595385
t 0 0 -1
bt 0.602935 -0.531023 0.595385
t 1 0 0
bt 0.000589609 -0.765336 -0.64363
t 1 0 0
bt -0.000624146 -0.765336 -0.64363
t 1 0 0
bt 0.000589609 -0.765336 -0.64363
t 1 0 0
bt 0.000589609 -0.765336 -0.64363
t 0 0 1
bt 0.643631 -0.765336 0.000570726
t 0 0 1
bt 0.64363 -0.765336 -0.000603438
t 0 0 1
bt 0.643631 -0.765336 0.000570726
t 0 0 1
bt 0.643631 -0.765336 0.000570726
t -1 0 0
bt -0.000584879 -0.765336 0.64363
t -1 0 0
bt 0.000626387 -0.765336 0.64363
t -1 0 0
bt -0.000584879 -0.765336 0.64363
t -1 0 0
bt -0.000584879 -0.765336 0.64363
t 0 0 -1
bt -0.643689 -0.765287 -0.00057304
t 0 0 -1
bt -0.643689 -0.765287 0.000603275
t 0 0 -1
bt -0.643689 -0.765287 -0.00057304
t 0 0 -1
bt -0.643689 -0.765287 -0.00057304
t 1 0 0
bt 0.00376992 -0.729485 0.683986
t 1 0 0
bt -0.00348534 -0.729486 0.683987
t 1 0 0
bt 0.00376992 -0.729485 0.683986
t 1 0 0
bt 0.00376992 -0.729485 0.683986
t 0 0 1
bt -0.683986 -0.729485 0.00370026
t 0 0 1
bt -0.683967 -0.729465 0.00842627
t 0 0 1
bt -0.683986 -0.729485 0.00370026
t 0 0 1
bt -0.683986 -0.729485 0.00370026
t -1 0 0
bt -0.00368863 -0.729485 -0.683986
t -1 0 0
bt -0.00835271 -0.729465 -0.683967
t -1 0 0
bt -0.00368863 -0.729485 -0.683986
t -1 0 0
bt -0.00368863 -0.729485 -0.683986
t 0 0 -1
bt 0.683986 -0.729485 -0.00369523
t 0 0 -1
bt 0.683967 -0.729465 -0.00842489
t 0 0 -1
bt 0.683986 -0.729485 -0.00369523
t 0 0 -1
bt 0.683986 -0.729485 -0.00369523
t 1 0 0
bt -0.00200693 -0.729489 -0.68399
t 1 0 0
bt 0.00206164 -0.729489 -0.68399
t 1 0 0
bt -0.00200693 -0.729489 -0.68399
t 1 0 0
bt -0.00200693 -0.729489 -0.68399
t 0 0 1
bt 0.683989 -0.729488 -0.0023299
t 0 0 1
bt 0.683956 -0.729453 -0.0101168
t 0 0 1
bt 0.683989 -0.729488 -0.0023299
t 0 0 1
bt 0.683989 -0.729488 -0.0023299
t -1 0 0
bt 0.00228678 -0.729488 0.683989
t -1 0 0
bt 0.0101266 -0.729453 0.683956
t -1 0 0
bt 0.00228678 -0.729488 0.683989
t -1 0 0
bt 0.00228678 -0.729488 0.683989
t 0 0 -1
bt -0.683989 -0.729488 0.00235397
t 0 0 -1
bt -0.683956 -0.729453 0.0101476
t 0 0 -1
bt -0.683989 -0.729488 0.00235397
t 0 0 -1
bt -0.683989 -0.729488 0.00235397
t 1 0 0
bt -0.000335949 -0.927306 0.374303
t 1 0 0
bt 0.000451515 -0.900949 0.433924
t 1 0 0
bt -0.000472994 -0.900949 0.433924
t 1 -6.11686e-07 2.469e-07
bt -0.000298974 -0.927306 0.374303
t 0 0 1
bt -0.374388 -0.927272 -0.000342941
t 0 0 1
bt -0.434005 -0.90091 0.000435859
t 0 0 1
bt -0.434005 -0.90091 -0.000485409
t 0 0 1
bt -0.374388 -0.927272 -0.000307922
t -1 0 0
bt 0.00034705 -0.927306 -0.374303
t -1 0 0
bt -0.00042617 -0.900949 -0.433924
t -1 0 0
bt 0.000496388 -0.900949 -0.433924
t -1 0 0
bt 0.000310237 -0.927306 -0.374303
t 0 0 -1
bt 0.374388 -0.927272 0.000337955
t 0 0 -1
bt 0.434005 -0.90091 -0.000438749
t 0 0 -1
bt 0.434005 -0.90091 0.000482485
t -2.47001e-07 6.11719e-07 -1
bt 0.374388 -0.927272 0.000302039
t -4.38589e-07 2.04004e-06 -1
bt 0.21022 -0.977654 -6.07642e-05
t -4.38589e-07 2.04004e-06 -1
bt 0.21022 -0.977654 -6.07642e-05
t 0.707107 2.27228e-08 0.707107
bt 6.79817e-05 -1 -0.000497708
t 0.707107 4.10184e-09 0.707107
bt 1.82537e-05 -1 -0.000547436
t 0.707107 2.27228e-08 0.707107
bt 6.79817e-05 -1 -0.000497708
t 0.707107 2.27228e-08 0.707107
bt 6.79817e-05 -1 -0.000497708
t 0.579649 0.255094 -0.773909
bt 0.558813 -0.826234 0.0711673
t 0.558712 0.287686 -0.777867
bt 0.570686 -0.819378 0.0541985
t 0.580194 0.213357 -0.786037
bt 0.634188 -0.765978 0.105278
t 0.580148 0.213313 -0.786083
bt 0.634194 -0.765972 0.105284
t -0.707107 -1.81851e-08 0.707107
bt 1.81993e-05 -1 0.000547491
t -0.707107 -4.10184e-09 0.707107
bt 6.34447e-05 -1 0.000502245
t -0.707107 -1.81851e-08 0.707107
bt 1.81993e-05 -1 0.000547491
t -0.707107 -1.81851e-08 0.707107
bt 1.81993e-05 -1 0.000547491
t -0.707107 -7.26739e-08 -0.707107
bt -6.67885e-05 -1 0.000498902
t -0.707107 4.10184e-09 -0.707107
bt -1.81993e-05 -1 0.000547491
t -0.707207 -1.61036e-08 -0.707007
bt -6.67552e-05 -1 0.000498874
t -0.707207 -1.61036e-08 -0.707007
bt -6.67552e-05 -1 0.000498874
t 0.675046 -0.126654 0.726823
bt -0.0673346 -0.94532 0.319116
t 0.732527 0.200706 0.650478
bt -0.0664352 -0.945109 0.319929
t 0.639084 -0.292713 0.71126
bt -0.0268392 -0.97635 0.214523
t 0.639134 -0.292725 0.71121
bt -0.0268242 -0.976354 0.214508
t 0.707207 -6.06743e-08 -0.707007
bt -9.00061e-05 -1 -0.000475629
t 0.707207 1.15665e-08 -0.707007
bt -0.000703754 -1 0.000137945
t 0.707107 -4.10184e-09 -0.707107
bt -9.00361e-05 -1 -0.000475654
t 0.707107 -4.10184e-09 -0.707107
bt -9.00361e-05 -1 -0.000475654
t -0.670512 0.141369 0.728305
bt -0.063593 -0.944433 -0.322495
t -0.732084 -0.191971 0.653605
bt -0.0670947 -0.945264 -0.319333
t -0.630863 0.315759 0.708737
bt -0.0236612 -0.975761 -0.217554
t -0.630912 0.315771 0.708688
bt -0.0236461 -0.975765 -0.217539
t -0.728192 0.14018 -0.670885
bt 0.322493 -0.944433 -0.0635945
t -0.653722 -0.191643 -0.732066
bt 0.319365 -0.945256 -0.0670594
t -0.708997 0.314332 -0.631283
bt 0.217546 -0.975762 -0.0236975
t -0.708997 0.314332 -0.631283
bt 0.217546 -0.975762 -0.0236975
t 0.69078 0.219911 -0.688812
bt -0.0057165 -0.999981 -0.00234492
t 0.662413 0.355604 -0.659359
bt -0.0141089 -0.999882 0.00604591
t 0.69078 0.219911 -0.688812
bt -0.0057165 -0.999981 -0.00234492
t 0.690731 0.219912 -0.688861
bt -0.00571666 -0.999981 -0.00234509
t 0.68891 0.21991 0.690683
bt 0.00188625 -0.999979 -0.00617467
t 0.659438 0.355658 0.662305
bt -0.0134958 -0.999677 -0.0215543
t 0.68891 0.21991 0.690683
bt 0.00188625 -0.999979 -0.00617467
t 0.688959 0.21991 0.690634
bt 0.00188639 -0.999979 -0.00617481
t -0.687963 -0.225631 0.689781
bt -0.0123568 -0.999715 0.0204156
t -0.668689 -0.319774 0.671267
bt 0.00131636 -0.999976 0.00674454
t -0.688011 -0.225631 0.689733
bt -0.0123577 -0.999715 0.0204148
t -0.68806 -0.225632 0.689684
bt -0.0123591 -0.999715 0.0204133
t -0.689619 -0.227249 -0.687593
bt -0.0204265 -0.999715 -0.0123631
t -0.665048 -0.345496 -0.662075
bt -0.00672628 -0.999977 0.00133539
t -0.689619 -0.227249 -0.687593
bt -0.0204265 -0.999715 -0.0123631
t -0.689619 -0.227249 -0.687593
bt -0.0204265 -0.999715 -0.0123631
t 0.883365 -0.347261 0.314764
bt 0.107352 -0.565131 -0.817986
t 0.872386 -0.481569 0.083871
bt 0.0620304 -0.547528 -0.834485
t 0.88342 -0.34717 0.314709
bt 0.107319 -0.565185 -0.817954
t 0.88342 -0.34717 0.314709
bt 0.107319 -0.565185 -0.817954
t 0.314673 -0.347322 -0.883373
bt -0.798175 -0.582141 -0.155014
t 0.0837872 -0.481611 -0.872371
bt -0.834512 -0.547496 -0.0619495
t 0.314673 -0.347322 -0.883373
bt -0.798175 -0.582141 -0.155014
t 0.314673 -0.347322 -0.883373
bt -0.798175 -0.582141 -0.155014
t -0.868068 0.279635 0.410197
bt 0.104404 -0.564029 0.819129
t -0.843401 0.536175 -0.0345248
bt 0.0937313 -0.559986 0.823183
t -0.868108 0.27957 0.410157
bt 0.104409 -0.564021 0.819133
t -0.868127 0.279539 0.410138
bt 0.104371 -0.564083 0.819096
t -0.405063 0.283481 -0.869231
bt -0.81912 -0.564037 0.104427
t 0.0186341 0.529386 -0.848176
bt -0.823188 -0.559981 0.093717
t -0.405063 0.283481 -0.869231
bt -0.81912 -0.564037 0.104427
t -0.405063 0.283481 -0.869231
bt -0.81912 -0.564037 0.104427
t 0.675051 -0.0278471 0.737245
bt -0.594516 -0.534972 0.600296
t 0.707102 -4.61542e-06 0.707112
bt -0.587391 -0.534923 0.607313
t 0.675051 -0.0278471 0.737245
bt -0.594516 -0.534972 0.600296
t 0.675051 -0.0278471 0.737245
bt -0.594516 -0.534972 0.600296
t 0.707111 -4.11721e-06 -0.707102
bt 0.581014 -0.534835 0.613494
t 0.707102 4.60889e-06 -0.707112
bt 0.59566 -0.534975 0.599159
t 0.707111 -4.11721e-06 -0.707102
bt 0.581014 -0.534835 0.613494
t 0.707111 -4.11721e-06 -0.707102
bt 0.581014 -0.534835 0.613494
t -0.722679 -0.0141665 0.691039
bt -0.580429 -0.534825 -0.614056
t -0.707102 4.60703e-06 0.707112
bt -0.60119 -0.534969 -0.593616
t -0.722679 -0.0141665 0.691039
bt -0.580429 -0.534825 -0.614056
t -0.722679 -0.0141665 0.691039
bt -0.580429 -0.534825 -0.614056
t -0.707111 4.19306e-06 -0.707102
bt 0.600977 -0.534969 -0.59383
t -0.707102 -4.61542e-06 -0.707112
bt 0.593691 -0.534969 -0.601115
t -0.707111 4.19306e-06 -0.707102
bt 0.600977 -0.534969 -0.59383
t -0.707111 4.19306e-06 -0.707102
bt 0.600977 -0.534969 -0.59383
t 0.309964 0.318526 -0.895803
bt 0.838674 -0.528143 0.13301
t 0.707158 3.34082e-05 -0.707056
bt 0.834396 -0.531946 0.144281
t 0.309964 0.318526 -0.895803
bt 0.838674 -0.528143 0.13301
t 0.309964 0.318526 -0.895803
bt 0.838674 -0.528143 0.13301
t 0.895866 0.318482 0.309828
bt -0.0891463 -0.512688 0.853935
t 0.707175 -1.52689e-05 0.707039
bt -0.0573201 -0.500708 0.863716
t 0.895827 0.318553 0.309866
bt -0.0891424 -0.512695 0.853931
t 0.895827 0.318553 0.309866
bt -0.0891424 -0.512695 0.853931
t -0.878403 -0.259108 0.401586
bt -0.124221 -0.525192 -0.841869
t -0.707175 1.52371e-05 0.707039
bt -0.0388785 -0.493492 -0.868881
t -0.878365 -0.259177 0.401624
bt -0.124215 -0.525202 -0.841863
t -0.878365 -0.259177 0.401624
bt -0.124215 -0.525202 -0.841863
t -0.373916 -0.277825 -0.884873
bt 0.841941 -0.525095 -0.124137
t -0.707158 -3.34022e-05 -0.707055
bt 0.868909 -0.493437 -0.0389425
t -0.373916 -0.277825 -0.884873
bt 0.841941 -0.525095 -0.124137
t -0.373916 -0.277825 -0.884873
bt 0.841941 -0.525095 -0.124137
t 0.707158 -3.39471e-05 -0.707056
bt -0.832375 -0.530082 -0.161755
t 0.166967 -0.393202 -0.904165
bt -0.889131 -0.456476 0.0327941
t 0.707158 -3.39471e-05 -0.707056
bt -0.832375 -0.530082 -0.161755
t 0.707158 -3.39471e-05 -0.707056
bt -0.832375 -0.530082 -0.161755
t 0.707175 1.58133e-05 0.707039
bt 0.0328654 -0.483909 -0.874501
t 0.904213 -0.393162 0.166798
bt 0.0328261 -0.483894 -0.874511
t 0.707175 1.58133e-05 0.707039
bt 0.0328654 -0.483909 -0.874501
t 0.707175 1.58133e-05 0.707039
bt 0.0328654 -0.483909 -0.874501
t -0.707175 -1.58379e-05 0.707039
bt 0.0328417 -0.4839 0.874507
t -0.890631 0.452847 0.041306
bt 0.0221641 -0.479636 0.877187
t -0.707175 -1.58379e-05 0.707039
bt 0.0328417 -0.4839 0.874507
t -0.707175 -1.58379e-05 0.707039
bt 0.0328417 -0.4839 0.874507
t -0.707158 3.3845e-05 -0.707056
bt -0.874546 -0.483828 0.0328665
t -0.0238917 0.460495 -0.887341
bt -0.87723 -0.479558 0.0221751
t -0.707158 3.3845e-05 -0.707056
bt -0.874546 -0.483828 0.0328665
t -0.707158 3.3845e-05 -0.707056
bt -0.874546 -0.483828 0.0328665
t 0.665451 0.208001 -0.716876
bt 0.208834 -0.9774 0.0328149
t 0.711347 -0.292754 -0.638968
bt 0.207603 -0.977619 0.0340994
t 0.650482 0.200695 -0.732527
bt 0.313355 -0.946773 0.0736896
t 0.650482 0.200695 -0.732527
bt 0.313355 -0.946773 0.0736896
t 0.808863 0.343563 0.477183
bt -0.0925882 -0.76101 0.642099
t 0.785901 0.212431 0.580718
bt -0.0965409 -0.762625 0.639596
t 0.782408 0.355467 0.511352
bt -0.0655513 -0.824005 0.562778
t 0.779594 0.305329 0.546816
bt -0.0671829 -0.824708 0.561555
t -0.805701 -0.314684 0.501816
bt -0.0761873 -0.754387 -0.651994
t -0.787019 -0.216865 0.577556
bt -0.0981443 -0.763254 -0.6386
t -0.781057 -0.325084 0.53317
bt -0.0512594 -0.8182 -0.572644
t -0.7777 -0.285232 0.560201
bt -0.0549672 -0.819732 -0.570104
t -0.482645 -0.337386 -0.808223
bt 0.652076 -0.75432 -0.0761398
t -0.577672 -0.216891 -0.786926
bt 0.638656 -0.763209 -0.0981375
t -0.516061 -0.349209 -0.782135
bt 0.572731 -0.818142 -0.0512125
t -0.549174 -0.30199 -0.779237
bt 0.570186 -0.819677 -0.0549263
t 0 0 -1
bt -0.659001 -0.657512 -0.365235
t 0 0 -1
bt -0.667694 -0.666185 0.332239
t 0 0 -1
bt -0.659001 -0.657512 -0.365235
t 0 0 -1
bt -0.659001 -0.657512 -0.365235
t -0.707034 7.34398e-05 -0.707179
bt -0.604545 -0.580698 0.545265
t -0.70709 1.69425e-05 -0.707124
bt -0.432239 -0.570849 0.698069
t -0.707005 1.58784e-05 -0.707209
bt -0.604568 -0.580654 0.545288
t -0.707005 1.58784e-05 -0.707209
bt -0.604568 -0.580654 0.545288
t -0.999959 0.00643712 -0.00644988
bt -0.365406 -0.657557 0.65886
t -1 0 0
bt 0.334779 -0.665644 0.666964
t -0.999959 0.00643712 -0.00644988
bt -0.365406 -0.657557 0.65886
t -0.999959 0.00643712 -0.00644988
bt -0.365406 -0.657557 0.65886
t -0.707188 -4.92594e-06 0.707026
bt 0.545564 -0.580663 0.60431
t -0.707153 -4.06379e-05 0.707061
bt 0.696551 -0.571078 0.434381
t -0.707188 -4.92594e-06 0.707026
bt 0.545564 -0.580663 0.60431
t -0.707188 -4.92594e-06 0.707026
bt 0.545564 -0.580663 0.60431
t 0.00101516 -0.00101286 0.999999
bt 0.658998 -0.657508 0.365246
t 0 0 1
bt 0.667102 -0.665594 -0.334605
t 0.00101516 -0.00101286 0.999999
bt 0.658998 -0.657508 0.365246
t 0.00101516 -0.00101286 0.999999
bt 0.658998 -0.657508 0.365246
t 0.707224 -3.18587e-05 0.706989
bt 0.604379 -0.580656 -0.545494
t 0.707153 4.0636e-05 0.707061
bt 0.434443 -0.571109 -0.696487
t 0.707224 -3.18587e-05 0.706989
bt 0.604379 -0.580656 -0.545494
t 0.707224 -3.18587e-05 0.706989
bt 0.604379 -0.580656 -0.545494
t 1 -0.00051097 -0.000511983
bt 0.365967 -0.657401 -0.658704
t 0.999991 0.00296793 0.00297381
bt -0.388448 -0.650933 -0.652223
t 1 -0.00051097 -0.000511983
bt 0.365967 -0.657401 -0.658704
t 1 -0.00051097 -0.000511983
bt 0.365967 -0.657401 -0.658704
t 0.875864 0.227458 -0.425589
bt -0.569563 -0.581142 -0.581268
t 0.841298 0.164965 -0.514785
bt -0.734128 -0.56267 -0.380078
t 0.875864 0.227458 -0.425589
bt -0.569563 -0.581142 -0.581268
t 0.875864 0.227458 -0.425589
bt -0.569563 -0.581142 -0.581268
t 0 0 -1
bt 0 -1 0
t 0 0 -1
bt 0 -1 0
t 0 0 -1
bt 0 -1 0
t 0 0 -1
bt 0 -1 0
t -0.707107 0 -0.707107
bt 0 -1 0
t -0.707107 0 -0.707107
bt 0 -1 0
t -0.707107 0 -0.707107
bt 0 -1 0
t -0.707107 0 -0.707107
bt 0 -1 0
t -1 0 0
bt 0 -1 0
t -1 0 0
bt 0 -1 0
t -1 0 0
bt 0 -1 0
t -1 0 0
bt 0 -1 0
t -0.707107 0 0.707107
bt 0 -1 0
t -0.707107 0 0.707107
bt 0 -1 0
t -0.707107 0 0.707107
bt 0 -1 0
t -0.707107 0 0.707107
bt 0 -1 0
t 0 0 1
bt 0 -1 0
t 0 0 1
bt 0 -1 0
t 0 0 1
bt 0 -1 0
t 0 0 1
bt 0 -1 0
t 0.707107 0 0.707107
bt 0 -1 0
t 0.707107 0 0.707107
bt 0 -1 0
t 0.707107 0 0.707107
bt 0 -1 0
t 0.707107 0 0.707107
bt 0 -1 0
t 1 0 0
bt 0 -1 0
t 1 0 0
bt 0 -1 0
t 1 0 0
bt 0 -1 0
t 1 0 0
bt 0 -1 0
t 0.707107 0 -0.707107
bt 0 -1 0
t 0.707107 0 -0.707107
bt 0 -1 0
t 0.707107 0 -0.707107
bt 0 -1 0
t 0.707107 0 -0.707107
bt 0 -1 0
t 0 0 -1
bt 0.519774 -0.8011 0.296773
t 0.00207832 -0.0032032 -0.999993
bt 0.524028 -0.807657 -0.270342
t 0 0 -1
bt 0.519774 -0.8011 0.296773
t 0 0 -1
bt 0.519774 -0.8011 0.296773
t -0.99997 0.00650602 0.00422127
bt 0.29705 -0.801027 -0.519727
t -0.99997 0.00644408 0.00418109
bt -0.294938 -0.801577 -0.520084
t -0.99997 0.00650602 0.00422127
bt 0.29705 -0.801027 -0.519727
t -0.99997 0.00650602 0.00422127
bt 0.29705 -0.801027 -0.519727
t -0.000706898 -0.0010895 0.999999
bt -0.523688 -0.807133 -0.272557
t -0.000693728 -0.0010692 0.999999
bt -0.52009 -0.801587 0.294898
t -0.000706898 -0.0010895 0.999999
bt -0.523688 -0.807133 -0.272557
t -0.000706898 -0.0010895 0.999999
bt -0.523688 -0.807133 -0.272557
t 1 -0.000544713 0.000353424
bt -0.297381 -0.800941 0.519671
t 1 -0.000534425 0.000346749
bt 0.0615084 -0.837305 0.543265
t 1 -0.000544713 0.000353424
bt -0.297381 -0.800941 0.519671
t 1 -0.000544713 0.000353424
bt -0.297381 -0.800941 0.519671
t 0.578465 0.170763 -0.797633
bt 0.46907 -0.740885 0.48069
t 0.655548 0.0746087 -0.751459
bt 0.515383 -0.739651 0.432777
t 0.578465 0.170763 -0.797633
bt 0.46907 -0.740885 0.48069
t 0.578465 0.170763 -0.797633
bt 0.46907 -0.740885 0.48069
t 0.707167 9.40713e-05 0.707047
bt -0.49823 -0.740498 0.451032
t 0.707103 -5.43395e-06 0.70711
bt -0.449597 -0.740447 0.499601
t 0.707167 9.40713e-05 0.707047
bt -0.49823 -0.740498 0.451032
t 0.707167 9.40713e-05 0.707047
bt -0.49823 -0.740498 0.451032
t -0.706983 1.74844e-05 -0.707231
bt 0.50047 -0.740417 -0.448678
t -0.706939 -5.17891e-05 -0.707275
bt 0.449597 -0.740444 -0.499605
t -0.706983 1.74844e-05 -0.707231
bt 0.50047 -0.740417 -0.448678
t -0.706983 1.74844e-05 -0.707231
bt 0.50047 -0.740417 -0.448678
t -0.707142 -5.53369e-05 0.707071
bt -0.451011 -0.740497 -0.49825
t -0.707045 -9.46672e-06 0.707168
bt -0.501957 -0.740386 -0.447066
t -0.707142 -5.53369e-05 0.707071
bt -0.451011 -0.740497 -0.49825
t -0.707142 -5.53369e-05 0.707071
bt -0.451011 -0.740497 -0.49825
t 0 0 1
bt 0 1 0
t 0 0 1
bt 0 1 0
t 0 0 1
bt 0 1 0
t 0 0 1
bt 0 1 0
t 0.707107 0 0.707107
bt 0 1 0
t 0.707107 0 0.707107
bt 0 1 0
t 0.707107 0 0.707107
bt 0 1 0
t 0.707107 0 0.707107
bt 0 1 0
t 1 0 0
bt 0 1 0
t 1 0 0
bt 0 1 0
t 1 0 0
bt 0 1 0
t 1 0 0
bt 0 1 0
t 0.707207 0 -0.707007
bt 0 1 0
t 0.707207 0 -0.707007
bt 0 1 0
t 0.707207 0 -0.707007
bt 0 1 0
t 0.707207 0 -0.707007
bt 0 1 0
t 0 0 -1
bt 0 1 0
t 0 0 -1
bt 0 1 0
t 0 0 -1
bt 0 1 0
t 0 0 -1
bt 0 1 0
t -0.707207 0 -0.707007
bt 0 1 0
t -0.707207 0 -0.707007
bt 0 1 0
t -0.707207 0 -0.707007
bt 0 1 0
t -0.707207 0 -0.707007
bt 0 1 0
t -1 0 0
bt 0 1 0
t -1 0 0
bt 0 1 0
t -1 0 0
bt 0 1 0
t -1 0 0
bt 0 1 0
t -0.707107 0 0.707107
bt 0 1 0
t -0.707107 0 0.707107
bt 0 1 0
t -0.707107 0 0.707107
bt 0 1 0
t -0.707107 0 0.707107
bt 0 1 0
t -0.0877854 0.185467 -0.978721
bt -0.767856 -0.224261 -0.600087
t -0.259631 0.00589519 -0.96569
bt -0.647481 -0.450286 0.614826
t 0.259786 -0.00591483 -0.965648
bt -0.631963 -0.444874 -0.634594
t 0.291372 -0.0831538 -0.952989
bt -0.626662 -0.444968 -0.639765
t -0.978719 0.185487 0.0877643
bt -0.600262 -0.224045 0.767782
t -0.965666 0.0058418 0.259721
bt 0.634142 -0.444951 0.632363
t -0.965685 -0.00585539 -0.259649
bt -0.634447 -0.444916 0.632081
t -0.952953 -0.0831089 -0.291501
bt -0.639619 -0.444942 0.626829
t 0.291426 0.0831487 0.952973
bt 0.851841 -0.460812 -0.249037
t 0.2597 0.00585439 0.965672
bt 0.64749 -0.450289 -0.614814
t -0.259692 -0.00585932 0.965674
bt 0.841225 -0.495455 0.216484
t -0.29141 -0.0831573 0.952977
bt 0.857583 -0.459411 0.231286
t 0.978719 0.185487 -0.0877643
bt 0.600112 -0.224124 -0.767876
t 0.965659 0.0057953 -0.25975
bt -0.614695 -0.450412 -0.647517
t 0.965667 -0.00584464 0.259716
bt 0.634315 -0.444902 -0.632224
t 0.952971 -0.0831459 0.291431
bt 0.639539 -0.444957 -0.6269
t 0.746488 -0.135137 -0.651532
bt -0.609804 -0.450099 -0.652342
t -0.651194 -0.134975 -0.746812
bt -0.651636 -0.450069 0.61058
t -0.29141 -0.0831573 0.952977
bt 0.857583 -0.459411 0.231286
t -0.259692 -0.00585932 0.965674
bt 0.841225 -0.495455 0.216484
t -0.746576 -0.135075 0.651444
bt 0.638051 -0.445235 0.628217
t 0.252717 0 -0.96754
bt -0.944805 0 -0.327634
t -0.252714 0 -0.967541
bt -0.940681 0 0.339293
t -0.252714 0 -0.967541
bt -0.993785 0 -0.111315
t 0 0 -1
bt -0.94262 0 -0.333868
t -0.862867 0 -0.505431
bt -0.321349 0 0.946961
t -0.707081 0 -0.707132
bt -0.936107 0 0.351714
t -0.967541 0 0.252714
bt 0.339632 0 0.940558
t -0.967541 0 0.252714
bt -0.111073 0 0.993812
t -1 0 0
bt -0.333836 0 0.942631
t -0.505433 0 0.862866
bt 0.946681 0 0.322171
t -0.707132 0 0.707081
bt 0.35237 0 0.935861
t 0 0 1
bt 0.942878 0 -0.333138
t 0 0 1
bt 0.942614 0 0.333884
t 0 0 1
bt 0.942614 0 0.333884
t 0.707132 0 0.707081
bt 0.935892 0 -0.352287
t 0.86229 0 0.506415
bt 0.322114 0 -0.946701
t 0.707132 0 0.707081
bt 0.935892 0 -0.352287
t 0.707132 0 0.707081
bt 0.935892 0 -0.352287
t 0.985148 0 -0.17171
bt -0.20933 0 -0.977845
t 0.999994 0 0.00350913
bt 0.333582 0 -0.942721
t 0.999994 0 0.00350913
bt 0.333582 0 -0.942721
t 0.985148 0 -0.17171
bt -0.20933 0 -0.977845
t 0.866265 0 -0.499585
bt -0.584786 0 -0.811188
t 0.866265 0 -0.499585
bt -0.584786 0 -0.811188
t 0 0 -1
bt 0.942642 0 -0.333807
t 0.252714 0 -0.967541
bt 0.94201 0 0.335586
t 0.252714 0 -0.967541
bt 0.993365 0 -0.115002
t 0 0 -1
bt 0.942642 0 -0.333807
t 0.707088 0 -0.707126
bt 0.701905 0 0.71227
t 0.707081 0 -0.707132
bt 0.940244 0 0.340502
t 1 0 0
bt 0.0115616 0 0.999933
t 0.967541 0 0.252713
bt -0.339594 0 0.940572
t 0.967541 0 0.252714
bt -0.111446 0 0.99377
t 1 0 0
bt 0.0115616 0 0.999933
t 0.505417 0 0.862875
bt -0.946682 0 0.32217
t 0.707132 0 0.707081
bt -0.35235 0 0.935869
t 0 0 1
bt -0.942878 0 -0.333138
t 0 0 1
bt -0.942614 0 0.333884
t 0 0 1
bt -0.942614 0 0.333884
t -0.707132 0 0.707081
bt -0.935892 0 -0.352287
t -0.707088 0 0.707126
bt -0.316383 0 -0.948632
t -0.707132 0 0.707081
bt -0.935892 0 -0.352287
t -0.707132 0 0.707081
bt -0.935892 0 -0.352287
t -1 0 0
bt -0.333986 0 -0.942578
t -1 0 0
bt 0.333092 0 -0.942894
t -1 0 0
bt -0.333986 0 -0.942578
t -1 0 0
bt -0.333986 0 -0.942578
t -0.707081 0 -0.707132
bt 0.351755 0 -0.936092
t -0.707129 0 -0.707085
bt 0.949073 0 -0.315057
t -0.707081 0 -0.707132
bt 0.351755 0 -0.936092
t -0.707081 0 -0.707132
bt 0.351755 0 -0.936092

