g sponza_124
t -0.162797 0.98666 0
bt -0.997865 -0.0653098 0
t -0.162803 0.986659 0
bt -0.980785 -0.195091 0
t -0.0980056 0.995186 0
bt -1 0 0
t -0.0980056 0.995186 0
bt -1 0 0
t -0.195098 0.980784 0
bt 0 0 1
t -0.192846 0.981209 -0.00628223
bt -0.332782 -0.0661928 0.940678
t -0.0980572 0.995181 -1.48933e-05
bt -0.338218 -0.0115346 0.940997
t -0.0979987 0.995187 0
bt 0 0 1
t -0.187878 0.981829 -0.02671
bt -0.895174 -0.130944 0.426048
t -0.0980285 0.995184 -2.41999e-05
bt -0.91228 -0.00765394 0.409494
t -0.812792 0.582554 0
bt -0.659418 -0.751777 0
t -0.812794 0.582552 0
bt -0.555566 -0.831472 0
t -0.729927 0.683525 0
bt -0.70711 -0.707103 0
t -0.729929 0.683524 0
bt -0.75178 -0.659414 0
t -0.831467 0.555574 0
bt -6.65254e-06 4.4457e-06 1
t -0.830213 0.55741 -0.00630108
bt -0.209913 -0.26767 0.940366
t -0.708693 0.705489 0.00628777
bt -0.258086 -0.221582 0.940368
t -0.707107 0.707106 0
bt -4.75934e-06 4.75916e-06 1
t -0.822222 0.569119 -0.00734075
bt -0.506914 -0.758631 0.409289
t -0.718587 0.695398 0.0073552
bt -0.645165 -0.645176 0.40928
t -0.555574 0.831467 0
bt 0 0 1
t -0.555574 0.831467 0
bt 0 0 1
t -0.707106 0.707107 0
bt 0 0 1
t -0.707106 0.707107 0
bt 0 0 1
t -0.582554 0.812792 0
bt 0.751776 0.659419 0
t -0.582555 0.812791 0
bt 0.831467 0.555574 0
t -0.683523 0.729929 0
bt 0.707105 0.707109 0
t -0.683524 0.729928 0
bt 0.659415 0.751779 0
t -0.582556 0.812791 0
bt -0.751784 -0.659409 0
t -0.569119 0.822222 0.00734085
bt -0.75864 -0.506902 0.409287
t -0.683526 0.729927 0
bt -0.659424 -0.751771 0
t -0.555574 0.831467 0
bt 2.20948e-07 -3.30756e-07 -1
t -0.555574 0.831467 2.59611e-06
bt 6.61856e-07 -9.90789e-07 -1
t -0.707106 0.707107 0
bt 0 0 -1
t -0.707106 0.707107 0
bt 6.27196e-07 -6.27199e-07 -1
t -0.527986 0.849253 0
bt -0.896914 -0.442204 0
t -0.527991 0.84925 0
bt -0.831468 -0.555572 0
t -0.41279 0.910826 0
bt -0.92388 -0.382682 0
t -0.412791 0.910826 0
bt -0.9469 -0.321527 0
t -0.555579 0.831464 0
bt -8.80747e-06 1.31847e-05 1
t -0.553642 0.832731 -0.00627271
bt -0.296367 -0.166962 0.940367
t -0.384775 0.922989 0.00628544
bt -0.323245 -0.105941 0.940366
t -0.382689 0.923877 0
bt -2.78482e-06 6.72533e-06 1
t -0.381498 0.924341 0.00725884
bt -0.852239 -0.320974 0.413115
t -0.831464 0.555579 0
bt 0 0 1
t -0.831464 0.555579 0
bt 0 0 1
t -0.923877 0.382689 0
bt 0 0 1
t -0.923877 0.382689 0
bt 0 0 1
t -0.849251 0.527989 0
bt 0.442202 0.896916 0
t -0.849253 0.527985 0
bt 0.555569 0.83147 0
t -0.910825 0.412793 0
bt 0.36591 0.93065 0
t -0.910824 0.412796 0
bt 0.382679 0.923881 0
t -0.849252 0.527987 0
bt -0.442199 -0.896917 0
t -0.917458 0.397765 -0.00736581
bt -0.349161 -0.84297 0.409253
t -0.910826 0.412791 0
bt -0.345329 -0.938482 0
t -0.831464 0.555579 0
bt 7.0163e-07 -4.68791e-07 -1
t -0.831464 0.555579 0
bt 2.10242e-06 -1.40473e-06 -1
t -0.923877 0.382689 0
bt 0 0 -1
t -0.923877 0.382689 1.99295e-06
bt 4.63286e-07 -1.91915e-07 -1
t -0.956938 0.290293 0
bt -0.382678 -0.923882 0
t -0.956942 0.290281 0
bt -0.331922 -0.943307 0
t -0.935937 0.352169 0
bt -0.382678 -0.923882 0
t -0.935937 0.352168 0
bt -0.4422 -0.896917 0
t -1 0 0
bt 0 0 1
t -0.993966 0.0398927 -0.102177
bt -0.0833904 -0.362532 0.928233
t -0.924724 0.380586 0.00628994
bt -0.153654 -0.303481 0.940367
t -0.923876 0.382692 0
bt -8.21371e-06 3.4025e-06 1
t -0.962026 0.255303 -0.0965704
bt -0.234926 -0.909138 0.343915
t -0.195096 0.980784 0
bt 1.41303e-07 -7.10962e-07 1
t -0.195096 0.980784 0
bt 1.05944e-07 -5.33053e-07 1
t -0.382692 0.923876 0
bt 6.12084e-07 -1.47818e-06 1
t -0.382692 0.923876 0
bt 4.081e-07 -9.8556e-07 1
t -0.196905 0.980423 0
bt 0.980785 0.195093 0
t -0.290287 0.95694 0
bt 0.978673 0.205424 0
t -0.327106 0.944988 0
bt 0.95694 0.290286 0
t -0.220544 0.975377 0
bt 0.97006 0.242867 0
t -0.352164 0.935938 0
bt 0.896913 0.442207 0
t -0.291027 0.954623 -0.0632378
bt -0.959827 -0.279979 0.018549
t -0.221729 0.970566 -0.0940064
bt -0.980957 -0.193322 0.0187227
t -0.352147 0.935852 0.0132148
bt -0.896922 -0.442189 -0.00082046
t -0.29031 0.956933 0
bt 1.35184e-07 -4.45238e-07 -1
t -0.290209 0.9566 0.026361
bt 0 0 -1
t -0.381901 0.924203 0
bt 2.33993e-07 -5.66239e-07 -1
t -0.382692 0.923876 0
bt 2.61264e-07 -6.30951e-07 -1
t -0.0979987 0.995187 0
bt 2.66632e-08 -2.7153e-07 1
t -0.0979987 0.995187 4.44356e-06
bt 2.66863e-08 -2.71766e-07 1
t -0.0980056 0.995186 0
bt 1 0 0
t -0.0460118 0.998941 0
bt 0.980785 0.195093 0
t -1 0 0
bt 0 0 1
t -1 0 0
bt 0 0 1
t -0.956941 0.290284 0
bt 0.332011 0.943276 0
t -0.956941 0.290284 0
bt 0.332011 0.943276 0
t -0.95694 0.290285 0
bt -0.268981 -0.963145 0
t -1 0 6.21778e-06
bt 1.62834e-06 0 -1
t -1 0 6.21778e-06
bt 1.62834e-06 0 -1
t 0.0980186 0.995185 0
bt 1 0 0
t 0.205886 0.978576 0.000293573
bt 0.97273 -0.23194 -6.95819e-05
t 0.162803 0.986659 0
bt 0.998177 -0.0603537 0
t 0.0980186 0.995185 0
bt 1 0 0
t 0.729925 0.683528 0
bt 0.707117 -0.707097 0
t 0.812792 0.582554 0
bt 0.555574 -0.831467 0
t 0.81279 0.582557 0
bt 0.659424 -0.751771 0
t 0.729926 0.683526 0
bt 0.751784 -0.659409 0
t 0.708693 0.705489 0.00628693
bt 0.258075 -0.221594 0.940369
t 0.830213 0.55741 -0.0063017
bt 0.209901 -0.267679 0.940367
t 0.831467 0.555574 0
bt -1.74451e-05 -1.16581e-05 1
t 0.707107 0.707106 0
bt -1.26177e-05 -1.26172e-05 1
t 0.718585 0.6954 0.00735395
bt 0.645168 -0.645173 0.40928
t 0.822223 0.569118 -0.00734042
bt 0.506911 -0.758633 0.409289
t 0.707106 0.707107 0
bt -1.0467e-06 -1.04666e-06 1
t 0.555574 0.831467 0
bt 0 0 1
t 0.555574 0.831467 0
bt -4.29966e-07 -6.43654e-07 1
t 0.707106 0.707107 0
bt -6.96636e-07 -6.96609e-07 1
t 0.683522 0.72993 0
bt -0.707107 0.707107 0
t 0.539461 0.84201 0
bt -0.860295 0.509796 0
t 0.582553 0.812793 0
bt -0.751778 0.659417 0
t 0.683523 0.729929 0
bt -0.659417 0.751778 0
t 0.589303 0.807798 0.0136189
bt 0.757851 -0.506001 0.411857
t 0.603315 0.797503 0
bt 0.751784 -0.65941 0
t 0.683524 0.729928 0
bt 0.659425 -0.75177 0
t 0.707106 0.707107 0
bt 0 0 -1
t 0.587398 0.809298 2.64271e-06
bt 0 0 -1
t 0.587398 0.809298 0
bt 0 0 -1
t 0.707106 0.707107 0
bt -3.57169e-07 -3.57183e-07 -1
t 0.418631 0.908157 -4.18631e-05
bt 0.92388 -0.382682 -9.2388e-05
t 0.527991 0.84925 0
bt 0.83147 -0.555569 0
t 0.527989 0.849251 0
bt 0.896915 -0.442203 0
t 0.387146 0.922019 0
bt 0.942748 -0.333505 0
t 0.41153 0.911386 0.00422339
bt 0.335147 -0.122213 0.934206
t 0.557305 0.830294 -0.00475378
bt 0.300791 -0.164961 0.939315
t 0.555579 0.831464 0
bt 0 0 1
t 0.408891 0.912583 -7.31324e-05
bt 0 0 1
t 0.484538 0.799306 -0.355433
bt 0.704977 -0.661773 0.255078
t 0.515506 0.850538 -0.104108
bt 0.923041 -0.383354 0.0321568
t 0.923877 0.382689 0
bt 0 0 1
t 0.831464 0.555579 0
bt 0 0 1
t 0.831464 0.555579 0
bt 0 0 1
t 0.923877 0.382689 0
bt 0 0 1
t 0.910822 0.412799 0
bt -0.382682 0.92388 0
t 0.849253 0.527986 0
bt -0.555572 0.831469 0
t 0.849251 0.52799 0
bt -0.442204 0.896914 0
t 0.910822 0.412799 0
bt -0.382682 0.92388 0
t 0.917458 0.397766 -0.00736623
bt 0.349174 -0.842965 0.409253
t 0.849252 0.527988 0
bt 0.442211 -0.896911 0
t 0.910825 0.412792 0
bt 0.345339 -0.938478 0
t 0.923877 0.382689 0
bt 0 0 -1
t 0.831464 0.555579 0
bt -9.92091e-07 -6.62726e-07 -1
t 0.831464 0.555579 0
bt -3.30017e-07 -2.20454e-07 -1
t 0.923877 0.382689 1.95184e-06
bt 4.57295e-07 1.89433e-07 -1
t 0.935935 0.352173 0
bt 0.382678 -0.923882 0
t 0.95694 0.290285 0
bt 0.331918 -0.943308 0
t 0.956935 0.290302 0
bt 0.382678 -0.923882 0
t 0.935935 0.352174 0
bt 0.442202 -0.896915 0
t 0.924724 0.380586 0.00628971
bt 0.153638 -0.303488 0.940367
t 0.993966 0.0398929 -0.102178
bt 0.0833521 -0.362533 0.928236
t 1 0 0
bt -2.83893e-05 0 1
t 0.923876 0.382692 0
bt -1.61543e-05 -6.69187e-06 1
t 0.962026 0.255303 -0.0965702
bt 0.234927 -0.909138 0.343915
t 0.382692 0.923876 0
bt 0 0 1
t 0.195096 0.980784 0
bt 0 0 1
t 0.195096 0.980784 0
bt 0 0 1
t 0.382692 0.923876 0
bt 0 0 1
t 0.364758 0.931103 0
bt -0.945875 0.32453 0
t 0.339275 0.940687 0
bt -0.931603 0.363478 0
t 0.210206 0.977657 0
bt -0.983593 0.180401 0
t 0.227167 0.973856 0
bt -0.992688 0.120708 0
t 0.344501 0.93878 0.00347697
bt -0.986633 0.16296 -0.000547655
t 0.538321 0.84274 0
bt -0.945927 0.324381 0
t 0.538321 0.84274 0
bt 0.831474 -0.555563 0
t 0.538324 0.842738 0
bt 0 0 -1
t 0.538324 0.842738 0
bt 0 0 -1
t 0.0979987 0.995187 4.35586e-06
bt -2.00044e-08 -2.03718e-07 1
t 0.0979987 0.995187 0
bt 0 0 1
t 0.0980229 0.995184 0
bt -1 0 0
t 0.0980229 0.995184 0
bt -1 0 0
t 1 0 0
bt 0 0 1
t 1 0 0
bt 0 0 1
t 0.956935 0.290302 0
bt -0.382682 0.92388 0
t 0.95694 0.290285 0
bt -0.332009 0.943276 0
t 0.956941 0.290284 0
bt 0.268983 -0.963145 0
t 1 0 6.08953e-06
bt 1.60729e-06 0 -1
t 1 0 6.08953e-06
bt 1.60729e-06 0 -1
t 0.999589 -0.0286539 0
bt -3.77795e-05 1.08094e-06 1
t 0.613263 0.33783 -0.713989
bt 0.212162 -0.439073 0.873042
t 0.0980106 0.995185 0
bt 1 0 0
t 0.162799 0.986659 0
bt 0.980785 -0.195091 0
t 0.162799 0.986659 0
bt 0.997865 -0.0653099 0
t 0.0980106 0.995185 0
bt 1 0 0
t 0.098057 0.995181 -1.52809e-05
bt 0.338218 -0.0115346 0.940997
t 0.192846 0.981209 -0.00628054
bt 0.332689 -0.0661792 0.940711
t 0.195098 0.980784 0
bt -4.19879e-07 -2.11261e-06 1
t 0.0979987 0.995187 0
bt 0 0 1
t 0.124606 0.990548 -0.0573445
bt 0.904915 -0.0516581 0.422444
t 0.0980316 0.995183 -2.27739e-05
bt 0.91228 -0.00765394 0.409494
t 0.72993 0.683522 0
bt 0.707105 -0.707109 0
t 0.812793 0.582552 0
bt 0.555566 -0.831472 0
t 0.812794 0.582551 0
bt 0.659414 -0.75178 0
t 0.729927 0.683525 0
bt 0.751778 -0.659416 0
t 0.708693 0.705489 0.00628709
bt 0.258091 -0.221578 0.940368
t 0.830213 0.55741 -0.00630075
bt 0.209904 -0.267676 0.940367
t 0.831467 0.555574 0
bt 0 0 1
t 0.707107 0.707106 0
bt -4.73165e-06 -4.73146e-06 1
t 0.718587 0.695398 0.00735516
bt 0.645162 -0.645178 0.40928
t 0.822224 0.569117 -0.00733967
bt 0.5069 -0.75864 0.409289
t 0.707106 0.707107 0
bt 1.21666e-06 1.21661e-06 1
t 0.555574 0.831467 0
bt 0 0 1
t 0.555574 0.831467 0
bt 5.01628e-07 7.50929e-07 1
t 0.707106 0.707107 0
bt 8.12742e-07 8.12711e-07 1
t 0.683519 0.729933 0
bt -0.707104 0.70711 0
t 0.582557 0.81279 0
bt -0.831469 0.555571 0
t 0.582551 0.812794 0
bt -0.751776 0.659419 0
t 0.683519 0.729933 0
bt -0.659412 0.751781 0
t 0.569116 0.822224 0.00733918
bt 0.758631 -0.506916 0.409287
t 0.582552 0.812793 0
bt 0.751765 -0.659431 0
t 0.683525 0.729927 0
bt 0.659399 -0.751793 0
t 0.707106 0.707107 0
bt 0 0 -1
t 0.555574 0.831467 2.65081e-06
bt 0 0 -1
t 0.555574 0.831467 0
bt 0 0 -1
t 0.707106 0.707107 0
bt -3.57169e-07 -3.57183e-07 -1
t 0.412799 0.910822 0
bt 0.92388 -0.382682 0
t 0.527989 0.849251 0
bt 0.831473 -0.555565 0
t 0.527991 0.84925 0
bt 0.896916 -0.442202 0
t 0.4128 0.910822 0
bt 0.9469 -0.321528 0
t 0.384775 0.922989 0.00628415
bt 0.323153 -0.105919 0.940401
t 0.553642 0.832731 -0.00627207
bt 0.296356 -0.166978 0.940368
t 0.555579 0.831464 0
bt -8.76117e-06 -1.31153e-05 1
t 0.382689 0.923877 0
bt -4.38736e-06 -1.05955e-05 1
t 0.381527 0.92433 0.00712891
bt 0.852416 -0.320566 0.413066
t 0.923877 0.382689 0
bt 0 0 1
t 0.831464 0.555579 0
bt 0 0 1
t 0.831464 0.555579 0
bt 0 0 1
t 0.923877 0.382689 0
bt 0 0 1
t 0.910823 0.412798 0
bt -0.382681 0.92388 0
t 0.849253 0.527986 0
bt -0.555565 0.831473 0
t 0.849253 0.527986 0
bt -0.442201 0.896916 0
t 0.910823 0.412798 0
bt -0.382681 0.92388 0
t 0.917457 0.397766 -0.00736663
bt 0.349162 -0.842969 0.409253
t 0.849252 0.527987 0
bt 0.442184 -0.896924 0
t 0.910824 0.412794 0
bt 0.345326 -0.938483 0
t 0.923877 0.382689 0
bt 0 0 -1
t 0.831464 0.555579 0
bt -9.92091e-07 -6.62726e-07 -1
t 0.831464 0.555579 0
bt -3.30017e-07 -2.20454e-07 -1
t 0.923877 0.382689 0
bt 0 0 -1
t 0.935934 0.352177 0
bt 0.382678 -0.923882 0
t 0.95694 0.290287 0
bt 0.331915 -0.943309 0
t 0.956934 0.290307 0
bt 0.382678 -0.923882 0
t 0.935934 0.352176 0
bt 0.4422 -0.896917 0
t 0.924724 0.380587 0.00628901
bt 0.153657 -0.30348 0.940367
t 0.993966 0.0398933 -0.102179
bt 0.0833724 -0.362533 0.928235
t 1 0 0
bt 0 0 1
t 0.923876 0.382692 0
bt 0 0 1
t 0.962026 0.255305 -0.096571
bt 0.234925 -0.909138 0.343916
t 0.382692 0.923876 0
bt 0 0 1
t 0.195096 0.980784 0
bt 7.9498e-08 3.99992e-07 1
t 0.195096 0.980784 0
bt 2.64936e-08 1.33302e-07 1
t 0.382692 0.923876 0
bt 0 0 1
t 0.32805 0.94466 0
bt -0.956939 0.290288 0
t 0.290282 0.956941 0
bt -0.978695 0.205322 0
t 0.19823 0.980156 0
bt -0.980785 0.195094 0
t 0.234108 0.972211 0
bt -0.980785 0.195093 0
t 0.352163 0.935939 0
bt -0.896913 0.442206 0
t 0.281791 0.959296 0.0185918
bt 0.882388 -0.194385 0.428493
t 0.220791 0.969764 -0.10397
bt 0.980994 -0.192931 0.0206842
t 0.29119 0.954056 -0.0706042
bt 0.960196 -0.278566 0.0206107
t 0.352146 0.935854 0.013086
bt 0.896915 -0.442203 -0.000866144
t 0.381901 0.924203 0
bt 2.53886e-07 6.14376e-07 -1
t 0.290212 0.95661 0.0259799
bt 0 0 -1
t 0.29031 0.956933 0
bt 1.46859e-07 4.83693e-07 -1
t 0.382692 0.923876 0
bt 1.69954e-07 4.10438e-07 -1
t 0.281787 0.959297 0.0185896
bt 0.884108 -0.186447 0.428475
t 0.0979987 0.995187 4.35587e-06
bt 0 0 1
t 0.0979987 0.995187 0
bt 2.00147e-08 2.03824e-07 1
t 0.098015 0.995185 0
bt -1 0 0
t 0.098015 0.995185 0
bt -1 0 0
t 1 0 0
bt 0 0 1
t 1 0 0
bt 0 0 1
t 0.956934 0.290307 0
bt -0.382681 0.92388 0
t 0.95694 0.290287 0
bt -0.332007 0.943277 0
t 0.95694 0.290287 0
bt 0.26898 -0.963146 0
t 1 0 0
bt 0 0 -1
t 1 0 0
bt 0 0 -1
t -0.162793 0.98666 0
bt -0.997865 -0.0653086 0
t -0.188397 0.982093 0.000294628
bt -0.970061 -0.242863 -7.2859e-05
t -0.0980042 0.995186 0
bt -1 0 0
t -0.0980042 0.995186 0
bt -1 0 0
t -0.812794 0.582551 0
bt -0.659418 -0.751777 0
t -0.812792 0.582554 0
bt -0.555574 -0.831467 0
t -0.729929 0.683523 0
bt -0.707108 -0.707106 0
t -0.729928 0.683524 0
bt -0.751779 -0.659415 0
t -0.831467 0.555574 0
bt -1.30048e-05 8.69072e-06 1
t -0.830213 0.55741 -0.00630078
bt -0.209902 -0.267678 0.940367
t -0.708693 0.705489 0.00628679
bt -0.258098 -0.221571 0.940368
t -0.707107 0.707106 0
bt -9.4061e-06 9.40574e-06 1
t -0.822223 0.569118 -0.00734003
bt -0.506903 -0.758638 0.409289
t -0.718588 0.695397 0.00735543
bt -0.645159 -0.645182 0.40928
t -0.555574 0.831467 0
bt 4.32483e-07 -6.47421e-07 1
t -0.555574 0.831467 0
bt 0 0 1
t -0.707106 0.707107 0
bt 1.04903e-06 -1.04899e-06 1
t -0.707106 0.707107 0
bt 1.04693e-06 -1.04689e-06 1
t -0.582551 0.812794 0
bt 0.751773 0.659422 0
t -0.528473 0.84895 0
bt 0.857666 0.514207 0
t -0.683517 0.729934 0
bt 0.7071 0.707113 0
t -0.683519 0.729932 0
bt 0.659411 0.751783 0
t -0.582556 0.812791 0
bt -0.751766 -0.65943 0
t -0.569598 0.821826 0.0126795
bt -0.759548 -0.507868 0.406396
t -0.683526 0.729926 0
bt -0.659402 -0.751791 0
t -0.555574 0.831467 0
bt 5.56453e-07 -8.33001e-07 -1
t -0.555574 0.831467 2.59611e-06
bt 6.61088e-07 -9.89639e-07 -1
t -0.707106 0.707107 0
bt 8.12719e-07 -8.12688e-07 -1
t -0.707106 0.707107 0
bt 9.0576e-07 -9.05753e-07 -1
t -0.527993 0.849249 0
bt -0.896915 -0.442204 0
t -0.527991 0.84925 0
bt -0.831471 -0.555567 0
t -0.402231 0.915538 -4.02231e-05
bt -0.923879 -0.382684 -9.23879e-05
t -0.374621 0.927178 0
bt -0.941504 -0.337001 0
t -0.555579 0.831464 0
bt 0 0 1
t -0.550807 0.834621 -0.00439316
bt -0.290925 -0.170055 0.941511
t -0.384497 0.923107 0.00597656
bt -0.295089 -0.122226 0.94762
t -0.382689 0.923877 -7.47239e-05
bt 0 0 1
t -0.474721 0.875074 -0.094262
bt -0.906607 -0.417762 0.0594926
t -0.469445 0.819022 -0.329885
bt -0.696663 -0.651431 0.300496
t -0.831464 0.555579 0
bt 4.78671e-07 -3.19882e-07 1
t -0.831464 0.555579 0
bt 1.44183e-06 -9.63536e-07 1
t -0.923877 0.382689 0
bt 0 0 1
t -0.923877 0.382689 0
bt 0 0 1
t -0.849253 0.527985 0
bt 0.442202 0.896915 0
t -0.849254 0.527984 0
bt 0.555567 0.831472 0
t -0.910826 0.412791 0
bt 0.36591 0.93065 0
t -0.910823 0.412796 0
bt 0.382681 0.92388 0
t -0.849252 0.527987 0
bt -0.44218 -0.896927 0
t -0.917458 0.397765 -0.00736586
bt -0.349152 -0.842974 0.409253
t -0.910825 0.412792 0
bt -0.345317 -0.938486 0
t -0.831464 0.555579 0
bt 3.3349e-07 -2.22774e-07 -1
t -0.831464 0.555579 0
bt 9.93524e-07 -6.63683e-07 -1
t -0.923877 0.382689 0
bt 0 0 -1
t -0.923877 0.382689 0
bt 0 0 -1
t -0.956935 0.290302 0
bt -0.382683 -0.92388 0
t -0.956941 0.290282 0
bt -0.331921 -0.943307 0
t -0.935935 0.352174 0
bt -0.382683 -0.92388 0
t -0.935935 0.352173 0
bt -0.442206 -0.896914 0
t -1 0 0
bt 0 0 1
t -0.993966 0.0398926 -0.102177
bt -0.083372 -0.362533 0.928235
t -0.924724 0.380586 0.00628992
bt -0.153655 -0.303481 0.940367
t -0.923876 0.382692 0
bt 0 0 1
t -0.962026 0.255302 -0.09657
bt -0.234927 -0.909138 0.343915
t -0.195096 0.980784 0
bt 0 0 1
t -0.195096 0.980784 0
bt 0 0 1
t -0.382692 0.923876 0
bt 0 0 1
t -0.382692 0.923876 0
bt 0 0 1
t -0.352873 0.935671 0
bt 0.904039 0.42745 0
t -0.209054 0.977904 0
bt 0.980786 0.195086 0
t -0.209576 0.977793 0
bt 0.9469 0.321529 0
t -0.312015 0.950077 0
bt 0.923878 0.382686 0
t -0.290284 0.956936 0.00283862
bt 0.980617 0.195927 0.00172511
t -0.471404 0.881918 0
bt 0.925314 0.379201 0
t -0.471397 0.881921 0
bt -0.831464 -0.555579 0
t -0.471408 0.881915 0
bt 4.75706e-07 -8.89818e-07 -1
t -0.471408 0.881915 0
bt 0 0 -1
t -0.0979987 0.995187 0
bt 0 0 1
t -0.0979987 0.995187 4.44356e-06
bt 2.66863e-08 -2.71766e-07 1
t -0.09801 0.995185 0
bt 1 0 0
t -0.0421701 0.99911 0
bt 0.980786 0.195086 0
t -1 0 0
bt 0 0 1
t -1 0 0
bt 0 0 1
t -0.95694 0.290286 0
bt 0.332009 0.943276 0
t -0.95694 0.290286 0
bt 0.332009 0.943276 0
t -0.95694 0.290286 0
bt -0.268981 -0.963145 0
t -1 0 0
bt 0 0 -1
t -1 0 0
bt 0 0 -1
t -0.999592 0.0285456 0
bt -3.77618e-05 1.08044e-06 1
t -0.589668 0.371603 -0.717079
bt -0.201734 -0.431154 0.879437
t 0.124056 0.990602 -0.0576035
bt 0.888352 -0.166342 0.427972
t 0.0973525 0.99525 0
bt 0.980782 -0.195106 0
t -0.162803 0.986659 0
bt -0.997865 -0.0653099 0
t -0.162812 0.986657 0
bt -0.980785 -0.195091 0
t -0.0980146 0.995185 0
bt -1 0 0
t -0.0980146 0.995185 0
bt -1 0 0
t -0.195098 0.980784 0
bt -3.89848e-07 1.96151e-06 1
t -0.192847 0.981209 -0.00628032
bt -0.332783 -0.066189 0.940678
t -0.0980581 0.995181 -1.22193e-05
bt -0.338218 -0.0115351 0.940997
t -0.0979987 0.995187 0
bt 0 0 1
t -0.124602 0.990548 -0.0573461
bt -0.904915 -0.0516597 0.422445
t -0.0980282 0.995184 -2.43054e-05
bt -0.91228 -0.00765436 0.409495
t -0.812792 0.582554 0
bt -0.659421 -0.751774 0
t -0.812791 0.582556 0
bt -0.555578 -0.831464 0
t -0.729928 0.683524 0
bt -0.707111 -0.707103 0
t -0.729928 0.683524 0
bt -0.751781 -0.659413 0
t -0.831467 0.555574 0
bt -2.12472e-05 1.41989e-05 1
t -0.830213 0.55741 -0.00630215
bt -0.209913 -0.26767 0.940367
t -0.708693 0.705489 0.00628639
bt -0.258098 -0.221571 0.940368
t -0.707107 0.707106 0
bt -1.02422e-05 1.02418e-05 1
t -0.822224 0.569117 -0.00733987
bt -0.506915 -0.75863 0.409289
t -0.718585 0.6954 0.00735393
bt -0.645167 -0.645174 0.40928
t -0.555574 0.831467 0
bt -2.32678e-07 3.48316e-07 1
t -0.555574 0.831467 0
bt -6.98475e-07 1.04561e-06 1
t -0.707106 0.707107 0
bt 0 0 1
t -0.707106 0.707107 0
bt 3.92375e-07 -3.9236e-07 1
t -0.582553 0.812792 0
bt 0.751779 0.659416 0
t -0.582552 0.812793 0
bt 0.831468 0.555572 0
t -0.683523 0.729929 0
bt 0.707108 0.707105 0
t -0.683522 0.72993 0
bt 0.659418 0.751777 0
t -0.582554 0.812792 0
bt -0.751776 -0.659419 0
t -0.569119 0.822222 0.00734072
bt -0.758635 -0.506909 0.409287
t -0.683523 0.729929 0
bt -0.659426 -0.751769 0
t -0.555574 0.831467 0
bt 1.80775e-07 -2.70618e-07 -1
t -0.555574 0.831467 2.59612e-06
bt 5.39013e-07 -8.06895e-07 -1
t -0.707106 0.707107 0
bt 0 0 -1
t -0.707106 0.707107 0
bt 6.62698e-07 -6.627e-07 -1
t -0.527984 0.849254 0
bt -0.896915 -0.442203 0
t -0.527986 0.849253 0
bt -0.831472 -0.555567 0
t -0.412787 0.910828 0
bt -0.92388 -0.382682 0
t -0.412789 0.910827 0
bt -0.9469 -0.321528 0
t -0.555579 0.831464 0
bt -6.32152e-06 9.46323e-06 1
t -0.553641 0.832732 -0.00627337
bt -0.296362 -0.166969 0.940367
t -0.384774 0.922989 0.00628394
bt -0.323246 -0.105939 0.940366
t -0.382689 0.923877 0
bt -4.49983e-06 1.08671e-05 1
t -0.381524 0.924332 0.00712746
bt -0.852419 -0.320558 0.413066
t -0.831464 0.555579 0
bt 1.58582e-06 -1.05976e-06 1
t -0.831464 0.555579 0
bt 1.62605e-06 -1.08664e-06 1
t -0.923877 0.382689 0
bt 1.93231e-06 -8.00454e-07 1
t -0.923877 0.382689 0
bt 1.93334e-06 -8.00881e-07 1
t -0.849252 0.527988 0
bt 0.442204 0.896915 0
t -0.849254 0.527985 0
bt 0.555572 0.831469 0
t -0.910826 0.412791 0
bt 0.36591 0.93065 0
t -0.910823 0.412796 0
bt 0.382681 0.92388 0
t -0.849253 0.527987 0
bt -0.442219 -0.896907 0
t -0.917458 0.397764 -0.00736566
bt -0.349168 -0.842967 0.409253
t -0.910826 0.41279 0
bt -0.345339 -0.938478 0
t -0.831464 0.555579 0
bt 1.58587e-06 -1.05971e-06 -1
t -0.831464 0.555579 0
bt 2.2441e-06 -1.49941e-06 -1
t -0.923877 0.382689 0
bt 1.54561e-06 -6.40263e-07 -1
t -0.923877 0.382689 0
bt 1.53241e-06 -6.34796e-07 -1
t -0.956935 0.290302 0
bt -0.382693 -0.923876 0
t -0.956942 0.290278 0
bt -0.331925 -0.943306 0
t -0.935935 0.352174 0
bt -0.382693 -0.923876 0
t -0.935935 0.352173 0
bt -0.442214 -0.89691 0
t -1 0 0
bt 0 0 1
t -0.993966 0.0398926 -0.102177
bt -0.0834115 -0.362531 0.928231
t -0.924724 0.380586 0.00629077
bt -0.153648 -0.303484 0.940367
t -0.923876 0.382692 0
bt -8.74939e-06 3.62441e-06 1
t -0.962026 0.255305 -0.0965708
bt -0.234925 -0.909138 0.343916
t -0.195096 0.980784 0
bt 5.7397e-08 -2.88792e-07 1
t -0.195096 0.980784 0
bt 0 0 1
t -0.382692 0.923876 0
bt 3.31451e-07 -8.00454e-07 1
t -0.382692 0.923876 0
bt 1.10574e-07 -2.67035e-07 1
t -0.198235 0.980154 0
bt 0.980785 0.195091 0
t -0.290289 0.956939 0
bt 0.978696 0.205315 0
t -0.328055 0.944659 0
bt 0.95694 0.290284 0
t -0.221537 0.975152 0
bt 0.97006 0.242865 0
t -0.352162 0.935939 0
bt 0.896914 0.442205 0
t -0.291186 0.954058 -0.0706043
bt -0.960197 -0.278561 0.0206103
t -0.2208 0.969762 -0.103969
bt -0.980996 -0.192922 0.0206833
t -0.281786 0.959297 0.018589
bt -0.88239 -0.194377 0.428493
t -0.352148 0.935853 0.013086
bt -0.896918 -0.442196 -0.000866049
t -0.29031 0.956933 0
bt 1.46812e-07 -4.83536e-07 -1
t -0.290212 0.95661 0.0259799
bt 0 0 -1
t -0.381901 0.924203 0
bt 2.53911e-07 -6.14438e-07 -1
t -0.382692 0.923876 0
bt 2.55662e-07 -6.17423e-07 -1
t -0.28179 0.959296 0.0185912
bt -0.884108 -0.186445 0.428475
t -0.0979987 0.995187 0
bt 0 0 1
t -0.0979987 0.995187 4.44355e-06
bt 2.16827e-08 -2.2081e-07 1
t -0.0980193 0.995185 0
bt 1 0 0
t -0.0460615 0.998939 0
bt 0.980785 0.195091 0
t -1 0 0
bt 2.26765e-06 0 1
t -1 0 0
bt 2.26765e-06 0 1
t -0.95694 0.290286 0
bt 0.332009 0.943276 0
t -0.95694 0.290286 0
bt 0.332009 0.943276 0
t -0.95694 0.290286 0
bt -0.268981 -0.963145 0
t -1 0 0
bt 1.76182e-06 0 -1
t -1 0 0
bt 1.76182e-06 0 -1
t 0.0980148 0.995185 0
bt 1 0 0
t 0.189409 0.981882 0.00559691
bt 0.97006 -0.24286 -0.00138435
t 0.162803 0.986659 0
bt 0.997865 -0.0653108 0
t 0.0980148 0.995185 0
bt 1 0 0
t 0.729927 0.683525 0
bt 0.707111 -0.707103 0
t 0.812793 0.582553 0
bt 0.55557 -0.83147 0
t 0.812792 0.582554 0
bt 0.659419 -0.751776 0
t 0.729927 0.683525 0
bt 0.751781 -0.659413 0
t 0.708693 0.705489 0.00628682
bt 0.258079 -0.22159 0.940369
t 0.830213 0.55741 -0.00630175
bt 0.209902 -0.267678 0.940367
t 0.831467 0.555574 0
bt -1.41742e-05 -9.47219e-06 1
t 0.707107 0.707106 0
bt -2.05038e-05 -2.0503e-05 1
t 0.718585 0.6954 0.00735373
bt 0.645166 -0.645174 0.40928
t 0.822223 0.569117 -0.00733988
bt 0.506904 -0.758637 0.409289
t 0.707106 0.707107 0
bt 0 0 1
t 0.555574 0.831467 0
bt 7.12634e-07 1.0668e-06 1
t 0.555574 0.831467 0
bt 2.37377e-07 3.5535e-07 1
t 0.707106 0.707107 0
bt 0 0 1
t 0.683521 0.729931 0
bt -0.707105 0.707108 0
t 0.527573 0.84951 0
bt -0.857667 0.514205 0
t 0.582551 0.812794 0
bt -0.751776 0.659418 0
t 0.683521 0.729931 0
bt -0.659415 0.751779 0
t 0.569793 0.821686 0.0129653
bt 0.759573 -0.507908 0.406298
t 0.582552 0.812793 0
bt 0.751771 -0.659424 0
t 0.683522 0.72993 0
bt 0.659414 -0.75178 0
t 0.707106 0.707107 0
bt 0 0 -1
t 0.555574 0.831467 2.65082e-06
bt 1.07464e-06 1.60873e-06 -1
t 0.555574 0.831467 0
bt 3.58238e-07 5.36277e-07 -1
t 0.707106 0.707107 0
bt -6.1377e-08 -6.14021e-08 -1
t 0.40208 0.915604 -0.000335216
bt 0.923877 -0.382682 -0.00226215
t 0.527987 0.849253 0
bt 0.831472 -0.555567 0
t 0.527986 0.849253 0
bt 0.896915 -0.442203 0
t 0.374508 0.927224 0
bt 0.941504 -0.337001 0
t 0.39169 0.919619 0.029672
bt 0.293681 -0.121657 0.94813
t 0.550779 0.834642 -0.00392357
bt 0.290687 -0.170027 0.94159
t 0.555579 0.831464 0
bt -1.28984e-05 -1.93087e-05 1
t 0.382481 0.923961 -0.00221256
bt -4.54714e-06 -1.09906e-05 1
t 0.465202 0.805096 -0.367979
bt 0.672352 -0.67324 0.307717
t 0.476682 0.866522 -0.148034
bt 0.896571 -0.436574 0.0745935
t 0.39169 0.919619 0.029673
bt 0.293753 -0.12167 0.948106
t 0.923877 0.382689 0
bt 0 0 1
t 0.831464 0.555579 0
bt 0 0 1
t 0.831464 0.555579 0
bt 0 0 1
t 0.923877 0.382689 0
bt 6.44146e-07 2.66835e-07 1
t 0.910823 0.412796 0
bt -0.382681 0.92388 0
t 0.849254 0.527985 0
bt -0.555569 0.83147 0
t 0.849252 0.527987 0
bt -0.442203 0.896915 0
t 0.910823 0.412796 0
bt -0.382681 0.92388 0
t 0.917458 0.397765 -0.00736573
bt 0.349167 -0.842967 0.409253
t 0.849252 0.527987 0
bt 0.442205 -0.896914 0
t 0.910825 0.412792 0
bt 0.345339 -0.938478 0
t 0.923877 0.382689 0
bt 0 0 -1
t 0.831464 0.555579 0
bt 2.35651e-07 1.57738e-07 -1
t 0.831464 0.555579 0
bt 7.8942e-08 5.2841e-08 -1
t 0.923877 0.382689 0
bt 5.04931e-07 2.09166e-07 -1
t 0.935934 0.352177 0
bt 0.382683 -0.92388 0
t 0.95694 0.290285 0
bt 0.331918 -0.943308 0
t 0.956934 0.290307 0
bt 0.382683 -0.92388 0
t 0.935934 0.352176 0
bt 0.442204 -0.896914 0
t 0.924724 0.380586 0.00628977
bt 0.153651 -0.303483 0.940367
t 0.993966 0.0398923 -0.102176
bt 0.0833226 -0.362534 0.928238
t 1 0 0
bt 0 0 1
t 0.923876 0.382692 0
bt 0 0 1
t 0.962026 0.255303 -0.0965702
bt 0.234927 -0.909138 0.343915
t 0.382692 0.923876 0
bt 0 0 1
t 0.195096 0.980784 0
bt 0 0 1
t 0.195096 0.980784 0
bt 0 0 1
t 0.382692 0.923876 0
bt 1.12616e-07 2.71967e-07 1
t 0.3515 0.936188 0
bt -0.941664 0.336554 0
t 0.310112 0.9507 0
bt -0.923881 0.382679 0
t 0.208712 0.977977 0
bt -0.980785 0.195094 0
t 0.22717 0.973855 0
bt -0.991432 0.130621 0
t 0.291001 0.954586 0.0639117
bt -0.974855 0.222343 0.0148693
t 0.471395 0.881922 0
bt -0.924403 0.381417 0
t 0.4714 0.881919 0
bt 0.831457 -0.555588 0
t 0.471408 0.881915 0
bt 3.86408e-07 7.22785e-07 -1
t 0.471408 0.881915 0
bt 7.73984e-07 1.44775e-06 -1
t 0.0979987 0.995187 4.35587e-06
bt 0 0 1
t 0.0979987 0.995187 0
bt 0 0 1
t 0.0980148 0.995185 0
bt -1 0 0
t 0.0980148 0.995185 0
bt -1 0 0
t 1 0 0
bt 2.26402e-06 0 1
t 1 0 0
bt 2.26402e-06 0 1
t 0.956935 0.290302 0
bt -0.382681 0.92388 0
t 0.95694 0.290286 0
bt -0.332009 0.943276 0
t 0.956941 0.290284 0
bt 0.268983 -0.963145 0
t 1 0 0
bt 1.77472e-06 0 -1
t 1 0 0
bt 1.77472e-06 0 -1
t -0.097357 0.99525 0
bt -0.980784 -0.195098 0
t -0.12406 0.990601 -0.0576017
bt -0.888354 -0.166332 0.427972
t -0.0974371 0.995242 0
bt -0.980783 -0.195101 0
t 0.0980128 0.995185 0
bt 1 0 0
t 0.162802 0.986659 0
bt 0.980785 -0.195091 0
t 0.162799 0.986659 0
bt 0.997865 -0.0653097 0
t 0.0980128 0.995185 0
bt 1 0 0
t 0.0980571 0.995181 -1.51242e-05
bt 0.338218 -0.0115349 0.940997
t 0.192847 0.981209 -0.00628104
bt 0.332781 -0.0661955 0.940678
t 0.195098 0.980784 0
bt -3.59896e-07 -1.8108e-06 1
t 0.0979987 0.995187 0
bt 0 0 1
t 0.187877 0.981829 -0.0267106
bt 0.895174 -0.130946 0.426049
t 0.0980246 0.995184 -2.5951e-05
bt 0.91228 -0.00765419 0.409495
t 0.729927 0.683526 0
bt 0.707114 -0.7071 0
t 0.812795 0.58255 0
bt 0.555565 -0.831473 0
t 0.812792 0.582555 0
bt 0.65942 -0.751775 0
t 0.729928 0.683524 0
bt 0.751783 -0.659411 0
t 0.708693 0.705489 0.00628812
bt 0.258084 -0.221585 0.940368
t 0.830214 0.55741 -0.00630043
bt 0.209898 -0.267681 0.940367
t 0.831467 0.555574 0
bt 0 0 1
t 0.707107 0.707106 0
bt 0 0 1
t 0.718588 0.695397 0.00735575
bt 0.645164 -0.645177 0.40928
t 0.822222 0.569119 -0.00734085
bt 0.506915 -0.75863 0.409289
t 0.707106 0.707107 0
bt 0 0 1
t 0.555574 0.831467 0
bt 8.61705e-07 1.28996e-06 1
t 0.555574 0.831467 0
bt 2.86644e-07 4.29102e-07 1
t 0.707106 0.707107 0
bt 0 0 1
t 0.683522 0.72993 0
bt -0.707105 0.707109 0
t 0.582553 0.812793 0
bt -0.831467 0.555573 0
t 0.582552 0.812793 0
bt -0.751776 0.659419 0
t 0.683522 0.72993 0
bt -0.659414 0.75178 0
t 0.56912 0.822222 0.00734138
bt 0.758634 -0.506911 0.409287
t 0.582554 0.812792 0
bt 0.751789 -0.659404 0
t 0.683524 0.729928 0
bt 0.659435 -0.751762 0
t 0.707106 0.707107 0
bt 0 0 -1
t 0.555574 0.831467 2.65081e-06
bt 0 0 -1
t 0.555574 0.831467 0
bt 0 0 -1
t 0.707106 0.707107 0
bt -3.57169e-07 -3.57183e-07 -1
t 0.412789 0.910827 0
bt 0.923879 -0.382684 0
t 0.527988 0.849252 0
bt 0.83147 -0.55557 0
t 0.527986 0.849253 0
bt 0.896914 -0.442205 0
t 0.412789 0.910827 0
bt 0.9469 -0.321529 0
t 0.384774 0.922989 0.00628419
bt 0.323241 -0.105952 0.940367
t 0.553641 0.832732 -0.00627477
bt 0.296362 -0.16697 0.940367
t 0.555579 0.831464 0
bt -5.84078e-06 -8.74356e-06 1
t 0.382689 0.923877 0
bt -4.15645e-06 -1.00378e-05 1
t 0.381496 0.924342 0.00725746
bt 0.852239 -0.320973 0.413115
t 0.923877 0.382689 0
bt 0 0 1
t 0.831464 0.555579 0
bt 0 0 1
t 0.831464 0.555579 0
bt 0 0 1
t 0.923877 0.382689 0
bt 7.92795e-07 3.28413e-07 1
t 0.910824 0.412795 0
bt -0.382678 0.923882 0
t 0.849253 0.527985 0
bt -0.555569 0.831471 0
t 0.849252 0.527989 0
bt -0.442201 0.896916 0
t 0.910824 0.412795 0
bt -0.382678 0.923882 0
t 0.917458 0.397764 -0.00736567
bt 0.34917 -0.842966 0.409253
t 0.849252 0.527987 0
bt 0.442215 -0.896909 0
t 0.910826 0.412791 0
bt 0.345343 -0.938477 0
t 0.923877 0.382689 0
bt 0 0 -1
t 0.831464 0.555579 0
bt -9.92091e-07 -6.62726e-07 -1
t 0.831464 0.555579 0
bt -3.30017e-07 -2.20454e-07 -1
t 0.923877 0.382689 1.95183e-06
bt 0 0 -1
t 0.935935 0.352172 0
bt 0.382681 -0.923881 0
t 0.956941 0.290281 0
bt 0.331922 -0.943307 0
t 0.956936 0.290298 0
bt 0.382681 -0.923881 0
t 0.935936 0.352171 0
bt 0.442201 -0.896916 0
t 0.924724 0.380586 0.00628987
bt 0.153641 -0.303487 0.940367
t 0.993966 0.0398923 -0.102176
bt 0.0833391 -0.362534 0.928237
t 1 0 0
bt -1.89262e-05 0 1
t 0.923876 0.382692 0
bt -1.07695e-05 -4.46124e-06 1
t 0.962026 0.255303 -0.0965703
bt 0.234926 -0.909138 0.343915
t 0.382692 0.923876 0
bt 2.04699e-07 4.94347e-07 1
t 0.195096 0.980784 0
bt 0 0 1
t 0.195096 0.980784 0
bt 3.53247e-08 1.77735e-07 1
t 0.382692 0.923876 0
bt 2.71978e-07 6.56825e-07 1
t 0.327104 0.944988 0
bt -0.95694 0.290285 0
t 0.290283 0.956941 0
bt -0.978672 0.205427 0
t 0.196902 0.980423 0
bt -0.980785 0.195092 0
t 0.233133 0.972445 0
bt -0.980785 0.195091 0
t 0.352162 0.935939 0
bt -0.896914 0.442205 0
t 0.221724 0.970567 -0.0940065
bt 0.980956 -0.193326 0.018723
t 0.291027 0.954623 -0.0632378
bt 0.959826 -0.279984 0.0185493
t 0.352147 0.935851 0.0132148
bt 0.896918 -0.442196 -0.000820576
t 0.381901 0.924203 0
bt 0 0 -1
t 0.290209 0.9566 0.026361
bt 0 0 -1
t 0.29031 0.956933 0
bt 0 0 -1
t 0.382692 0.923876 0
bt 0 0 -1
t 0.0979987 0.995187 4.35587e-06
bt 0 0 1
t 0.0979987 0.995187 0
bt 0 0 1
t 0.0980128 0.995185 0
bt -1 0 0
t 0.0980128 0.995185 0
bt -1 0 0
t 1 0 0
bt 2.78649e-06 0 1
t 1 0 0
bt 2.78649e-06 0 1
t 0.956938 0.290292 0
bt -0.382678 0.923882 0
t 0.956941 0.290284 0
bt -0.332011 0.943276 0
t 0.956941 0.290284 0
bt 0.268983 -0.963145 0
t 1 0 6.08949e-06
bt 0 0 -1
t 1 0 6.08949e-06
bt 0 0 -1
t -0.162806 0.986658 0
bt -0.998177 -0.0603551 0
t -0.206566 0.978427 0.00332669
bt -0.97273 -0.23194 -0.000788606
t -0.0980244 0.995184 0
bt -1 0 0
t -0.0980244 0.995184 0
bt -1 0 0
t -0.812791 0.582555 0
bt -0.659426 -0.751769 0
t -0.812792 0.582554 0
bt -0.555577 -0.831465 0
t -0.729926 0.683526 0
bt -0.707117 -0.707096 0
t -0.729927 0.683525 0
bt -0.751786 -0.659407 0
t -0.831467 0.555574 0
bt -1.73397e-05 1.15876e-05 1
t -0.830213 0.55741 -0.00630066
bt -0.2099 -0.267679 0.940367
t -0.708693 0.705489 0.00628684
bt -0.258099 -0.22157 0.940368
t -0.707107 0.707106 0
bt -1.25415e-05 1.2541e-05 1
t -0.822223 0.569117 -0.00733993
bt -0.506906 -0.758636 0.409289
t -0.718588 0.695397 0.00735543
bt -0.645159 -0.645182 0.40928
t -0.555574 0.831467 0
bt 0 0 1
t -0.555574 0.831467 0
bt 0 0 1
t -0.707106 0.707107 0
bt 0 0 1
t -0.707106 0.707107 0
bt 0 0 1
t -0.582555 0.812791 0
bt 0.75178 0.659414 0
t -0.53613 0.844135 0
bt 0.860297 0.509794 0
t -0.683523 0.729929 0
bt 0.707109 0.707105 0
t -0.683523 0.729929 0
bt 0.659418 0.751776 0
t -0.603317 0.797501 0
bt -0.751775 -0.65942 0
t -0.589125 0.807904 0.0149143
bt -0.75809 -0.506265 0.41109
t -0.683527 0.729925 0
bt -0.659409 -0.751784 0
t -0.587398 0.809298 0
bt 1.23107e-07 -1.69615e-07 -1
t -0.587398 0.809298 2.58817e-06
bt 3.69581e-07 -5.09205e-07 -1
t -0.707106 0.707107 0
bt 0 0 -1
t -0.707106 0.707107 0
bt 3.60927e-07 -3.60941e-07 -1
t -0.527991 0.84925 0
bt -0.896916 -0.442202 0
t -0.527988 0.849252 0
bt -0.831474 -0.555563 0
t -0.418971 0.908 -0.000209349
bt -0.923878 -0.382682 -0.0018926
t -0.387406 0.921909 0
bt -0.942748 -0.333507 0
t -0.555579 0.831464 0
bt -7.80515e-06 1.16842e-05 1
t -0.556809 0.830634 -0.00341226
bt -0.299953 -0.164898 0.939594
t -0.411477 0.911411 0.00418201
bt -0.330825 -0.120614 0.935953
t -0.408809 0.912618 -0.00188604
bt -6.33821e-06 1.41456e-05 1
t -0.523331 0.831465 -0.186523
bt -0.904116 -0.416918 0.0935601
t -0.498651 0.790167 -0.356346
bt -0.706958 -0.644733 0.290738
t -0.831464 0.555579 0
bt 2.57637e-06 -1.72171e-06 1
t -0.831464 0.555579 0
bt 0 0 1
t -0.923877 0.382689 0
bt 4.76657e-06 -1.97454e-06 1
t -0.923877 0.382689 0
bt 3.97252e-06 -1.6456e-06 1
t -0.84925 0.527991 0
bt 0.442203 0.896915 0
t -0.849252 0.527987 0
bt 0.555572 0.831469 0
t -0.910824 0.412795 0
bt 0.365909 0.930651 0
t -0.910822 0.4128 0
bt 0.38268 0.923881 0
t -0.849252 0.527988 0
bt -0.44219 -0.896921 0
t -0.917457 0.397766 -0.00736648
bt -0.349157 -0.842971 0.409253
t -0.910825 0.412793 0
bt -0.345322 -0.938484 0
t -0.831464 0.555579 0
bt 3.3349e-07 -2.22774e-07 -1
t -0.831464 0.555579 0
bt 9.93524e-07 -6.63683e-07 -1
t -0.923877 0.382689 0
bt 0 0 -1
t -0.923877 0.382689 1.99296e-06
bt 0 0 -1
t -0.956934 0.290307 0
bt -0.38269 -0.923877 0
t -0.956941 0.290281 0
bt -0.331922 -0.943307 0
t -0.935934 0.352177 0
bt -0.38269 -0.923877 0
t -0.935934 0.352176 0
bt -0.442211 -0.896911 0
t -1 0 0
bt 0 0 1
t -0.993966 0.0398928 -0.102178
bt -0.0833995 -0.362532 0.928232
t -0.924724 0.380586 0.00628991
bt -0.153654 -0.303482 0.940367
t -0.923876 0.382692 0
bt 0 0 1
t -0.962026 0.255303 -0.0965703
bt -0.234926 -0.909138 0.343915
t -0.195096 0.980784 0
bt 1.76654e-08 -8.88828e-08 1
t -0.195096 0.980784 0
bt 5.29901e-08 -2.66618e-07 1
t -0.382692 0.923876 0
bt 0 0 1
t -0.382692 0.923876 0
bt 0 0 1
t -0.367349 0.930083 0
bt 0.910584 0.413323 0
t -0.209659 0.977775 0
bt 0.983593 0.180404 0
t -0.218504 0.975836 0
bt 0.952775 0.303678 0
t -0.33156 0.943434 0
bt 0.931603 0.363478 0
t -0.344752 0.938119 0.0328549
bt -0.982556 -0.185851 -0.0065059
t -0.538323 0.842739 0
bt 0.94306 0.332622 0
t -0.53832 0.84274 0
bt -0.83148 -0.555555 0
t -0.538324 0.842738 0
bt 3.10259e-07 -4.85555e-07 -1
t -0.538324 0.842738 0
bt 0 0 -1
t -0.0979987 0.995187 0
bt 1.33454e-08 -1.35906e-07 1
t -0.0979987 0.995187 4.44355e-06
bt 1.33431e-08 -1.35883e-07 1
t -0.0980243 0.995184 0
bt 1 0 0
t -0.0440327 0.99903 0
bt 0.983593 0.180404 0
t -1 0 0
bt 2.78207e-06 0 1
t -1 0 0
bt 2.78207e-06 0 1
t -0.95694 0.290286 0
bt 0.332009 0.943276 0
t -0.95694 0.290286 0
bt 0.332009 0.943276 0
t -0.95694 0.290286 0
bt -0.268981 -0.963146 0
t -1 0 6.21782e-06
bt 0 0 -1
t -1 0 6.21782e-06
bt 0 0 -1
t 0.0974349 0.995242 0
bt 0.980782 -0.195105 0
t 0.561358 0.366615 -0.741938
bt 0.192053 -0.434858 0.87978
t 0.373286 0.927242 -0.0296674
bt 0.293681 -0.121657 0.94813
t 0.999741 0 -0.0227511
bt -2.94152e-05 0 1
t 0.373286 0.927242 -0.0296674
bt 0.293753 -0.12167 0.948106
t 0.0980071 0.995186 0
bt 1 0 0
t 0.162807 0.986658 0
bt 0.980785 -0.195092 0
t 0.162796 0.98666 0
bt 0.997865 -0.0653102 0
t 0.0980071 0.995186 0
bt 1 0 0
t 0.0980579 0.995181 -1.27972e-05
bt 0.338217 -0.0115417 0.940997
t 0.192847 0.981209 -0.00627878
bt 0.332688 -0.0661867 0.940711
t 0.195098 0.980784 3.28345e-06
bt -0.000101679 1.40195e-06 1
t 0.0979987 0.995187 -2.51357e-09
bt -0.000100426 5.70666e-07 1
t 0.187878 0.981829 -0.0267099
bt 0.895175 -0.130939 0.426048
t 0.0980304 0.995183 -2.33211e-05
bt 0.91228 -0.00765444 0.409494
t 0.729926 0.683526 0
bt 0.70711 -0.707103 0
t 0.812791 0.582556 0
bt 0.555572 -0.831468 0
t 0.812791 0.582556 0
bt 0.659419 -0.751775 0
t 0.729929 0.683523 0
bt 0.751778 -0.659416 0
t 0.708693 0.705489 0.00628508
bt 0.258003 -0.221534 0.940403
t 0.830214 0.55741 -0.00629881
bt 0.209814 -0.267624 0.940402
t 0.831467 0.555574 0
bt -4.36129e-05 -2.91452e-05 1
t 0.707107 0.707106 -3.28265e-06
bt -8.96366e-05 5.17841e-05 1
t 0.718587 0.695398 0.00735504
bt 0.645163 -0.645178 0.40928
t 0.822225 0.569115 -0.00733881
bt 0.506899 -0.758641 0.409289
t 0.707106 0.707107 0
bt 0 0 1
t 0.555574 0.831467 0
bt 0 0 1
t 0.555574 0.831467 0
bt 0 0 1
t 0.707106 0.707107 0
bt 0 0 1
t 0.683527 0.729925 0
bt -0.707104 0.70711 0
t 0.582556 0.812791 0
bt -0.831466 0.555575 0
t 0.582556 0.81279 0
bt -0.751775 0.65942 0
t 0.683526 0.729926 0
bt -0.659411 0.751782 0
t 0.569118 0.822223 0.00734041
bt 0.758641 -0.5069 0.409287
t 0.582555 0.812791 0
bt 0.751778 -0.659416 0
t 0.683527 0.729925 0
bt 0.659413 -0.751781 0
t 0.707106 0.707107 0
bt 1.07531e-06 1.07527e-06 -1
t 0.555574 0.831467 2.6508e-06
bt 6.5907e-07 9.86618e-07 -1
t 0.555574 0.831467 0
bt 6.61363e-07 9.90051e-07 -1
t 0.707106 0.707107 0
bt 5.35788e-07 5.3574e-07 -1
t 0.412791 0.910826 0
bt 0.923879 -0.382685 0
t 0.527996 0.849247 0
bt 0.831464 -0.555578 0
t 0.527989 0.849251 0
bt 0.896912 -0.442208 0
t 0.412792 0.910825 0
bt 0.946899 -0.32153 0
t 0.384775 0.922989 0.00628409
bt 0.323148 -0.105931 0.940401
t 0.553641 0.832732 -0.00627383
bt 0.296362 -0.166969 0.940367
t 0.555579 0.831464 0
bt -1.94693e-05 -2.91452e-05 1
t 0.382689 0.923877 -3.283e-06
bt -0.000106245 4.81066e-06 1
t 0.381496 0.924342 0.00725775
bt 0.85224 -0.320972 0.413115
t 0.923877 0.382689 0
bt 3.56718e-06 1.47769e-06 1
t 0.831464 0.555579 0
bt 0 0 1
t 0.831464 0.555579 0
bt 1.92633e-06 1.28731e-06 1
t 0.923877 0.382689 0
bt 2.37838e-06 9.85238e-07 1
t 0.910824 0.412795 0
bt -0.382678 0.923882 0
t 0.849251 0.527989 0
bt -0.55556 0.831476 0
t 0.849252 0.527989 0
bt -0.442198 0.896918 0
t 0.910824 0.412795 0
bt -0.382678 0.923882 0
t 0.917457 0.397767 -0.00736678
bt 0.349198 -0.842955 0.409253
t 0.849251 0.52799 0
bt 0.442235 -0.896899 0
t 0.910824 0.412794 0
bt 0.345371 -0.938466 0
t 0.923877 0.382689 0
bt 0 0 -1
t 0.831464 0.555579 0
bt -2.53903e-07 -1.69416e-07 -1
t 0.831464 0.555579 0
bt -8.30984e-08 -5.54459e-08 -1
t 0.923877 0.382689 1.95183e-06
bt 1.52432e-06 6.31444e-07 -1
t 0.93594 0.352159 0
bt 0.382654 -0.923892 0
t 0.95694 0.290287 0
bt 0.331916 -0.943309 0
t 0.956941 0.290283 0
bt 0.382654 -0.923892 0
t 0.935939 0.352162 0
bt 0.442186 -0.896923 0
t 0.924724 0.380586 0.00628976
bt 0.153649 -0.303484 0.940367
t 0.993966 0.0398923 -0.102176
bt 0.0833 -0.362535 0.92824
t 1 0 0
bt 0 0 1
t 0.923876 0.382692 0
bt -2.15391e-05 -8.92249e-06 1
t 0.962027 0.255301 -0.0965695
bt 0.234929 -0.909137 0.343915
t 0.382692 0.923876 0
bt 0 0 1
t 0.195096 0.980784 0
bt 0 0 1
t 0.195096 0.980784 0
bt 0 0 1
t 0.382692 0.923876 0
bt 0 0 1
t 0.327103 0.944989 0
bt -0.95694 0.290286 0
t 0.290278 0.956942 0
bt -0.978672 0.205431 0
t 0.1969 0.980424 0
bt -0.980785 0.195093 0
t 0.233129 0.972446 0
bt -0.980785 0.195091 0
t 0.352161 0.935939 0
bt -0.896914 0.442206 0
t 0.221734 0.970565 -0.0940062
bt 0.980959 -0.193308 0.0187213
t 0.291023 0.954624 -0.0632379
bt 0.959828 -0.279974 0.0185487
t 0.352152 0.935849 0.0132148
bt 0.896919 -0.442195 -0.00082055
t 0.381901 0.924203 0
bt 9.37557e-07 2.26879e-06 -1
t 0.290209 0.9566 0.0263609
bt 0 0 -1
t 0.29031 0.956933 0
bt 5.4225e-07 1.78594e-06 -1
t 0.382692 0.923876 0
bt 7.3211e-07 1.76804e-06 -1
t 0.0979987 0.995187 4.35587e-06
bt 0 0 1
t 0.0979987 0.995187 0
bt 0 0 1
t 0.0980071 0.995186 0
bt -1 0 0
t 0.0980071 0.995186 0
bt -1 0 0
t 1 0 0
bt 0 0 1
t 1 0 0
bt 0 0 1
t 0.956938 0.290292 0
bt -0.382678 0.923882 0
t 0.956941 0.290284 0
bt -0.332011 0.943276 0
t 0.956942 0.290279 0
bt 0.268987 -0.963144 0
t 1 0 6.08949e-06
bt 5.35763e-06 0 -1
t 1 0 6.08949e-06
bt 5.35763e-06 0 -1
t -0.162804 0.986658 0
bt -0.998177 -0.060355 0
t -0.205886 0.978576 -0.000293573
bt -0.97273 -0.231942 6.95826e-05
t -0.0980143 0.995185 0
bt -1 0 0
t -0.0980143 0.995185 0
bt -1 0 0
t -0.812792 0.582554 0
bt -0.659419 -0.751776 0
t -0.812792 0.582554 0
bt -0.55557 -0.83147 0
t -0.729927 0.683525 0
bt -0.70711 -0.707103 0
t -0.729928 0.683524 0
bt -0.75178 -0.659414 0
t -0.831467 0.555574 0
bt -6.53314e-05 4.3659e-05 1
t -0.830214 0.55741 -0.00630048
bt -0.20994 -0.267652 0.940366
t -0.708693 0.705489 0.00628614
bt -0.258118 -0.22155 0.940367
t -0.707107 0.707106 3.28302e-06
bt -0.000102273 -3.91485e-05 1
t -0.822224 0.569117 -0.00733984
bt -0.506901 -0.75864 0.409289
t -0.718587 0.695398 0.00735519
bt -0.645157 -0.645184 0.40928
t -0.555574 0.831467 0
bt 8.60214e-07 -1.28773e-06 1
t -0.555574 0.831467 0
bt 0 0 1
t -0.707106 0.707107 0
bt 2.09036e-06 -2.09028e-06 1
t -0.707106 0.707107 0
bt 1.39373e-06 -1.39367e-06 1
t -0.582549 0.812795 0
bt 0.751776 0.659419 0
t -0.53946 0.842011 0
bt 0.860296 0.509795 0
t -0.683523 0.729929 0
bt 0.707104 0.70711 0
t -0.683523 0.729929 0
bt 0.659412 0.751781 0
t -0.603313 0.797504 0
bt -0.75177 -0.659425 0
t -0.589299 0.8078 0.0136168
bt -0.757849 -0.506002 0.411857
t -0.683527 0.729926 0
bt -0.659408 -0.751785 0
t -0.587398 0.809298 0
bt 0 0 -1
t -0.587398 0.809298 2.58817e-06
bt 0 0 -1
t -0.707106 0.707107 0
bt 0 0 -1
t -0.707106 0.707107 0
bt 1.2544e-06 -1.25438e-06 -1
t -0.527984 0.849254 0
bt -0.896915 -0.442202 0
t -0.52799 0.84925 0
bt -0.83147 -0.55557 0
t -0.418624 0.90816 4.18624e-05
bt -0.923881 -0.38268 9.23881e-05
t -0.387143 0.92202 0
bt -0.942748 -0.333505 0
t -0.555579 0.831464 0
bt 0 0 1
t -0.557304 0.830295 -0.00475481
bt -0.300793 -0.164959 0.939315
t -0.41153 0.911386 0.00422246
bt -0.335148 -0.122211 0.934206
t -0.408891 0.912583 7.61954e-05
bt 0 0 1
t -0.515495 0.850545 -0.104109
bt -0.923038 -0.383363 0.0321579
t -0.484532 0.79931 -0.355434
bt -0.70498 -0.661769 0.255076
t -0.831464 0.555579 0
bt 0 0 1
t -0.831464 0.555579 0
bt 0 0 1
t -0.923877 0.382689 0
bt 0 0 1
t -0.923877 0.382689 0
bt 0 0 1
t -0.849253 0.527987 0
bt 0.442205 0.896914 0
t -0.849252 0.527988 0
bt 0.555565 0.831473 0
t -0.910826 0.412791 0
bt 0.365915 0.930648 0
t -0.910823 0.412798 0
bt 0.382687 0.923878 0
t -0.849251 0.527989 0
bt -0.442192 -0.896921 0
t -0.917457 0.397768 -0.00736735
bt -0.349167 -0.842967 0.409253
t -0.910824 0.412794 0
bt -0.345324 -0.938483 0
t -0.831464 0.555579 0
bt 1.5688e-06 -1.0483e-06 -1
t -0.831464 0.555579 0
bt 4.69802e-06 -3.13929e-06 -1
t -0.923877 0.382689 0
bt 0 0 -1
t -0.923877 0.382689 1.99294e-06
bt 1.52657e-06 -6.32375e-07 -1
t -0.956935 0.290304 0
bt -0.382664 -0.923887 0
t -0.956938 0.290291 0
bt -0.331911 -0.943311 0
t -0.935935 0.352173 0
bt -0.382664 -0.923887 0
t -0.935934 0.352174 0
bt -0.442192 -0.89692 0
t -1 0 0
bt -8.51651e-05 0 1
t -0.993966 0.039894 -0.102181
bt -0.0834457 -0.36253 0.928229
t -0.924724 0.380587 0.00628885
bt -0.153702 -0.303461 0.940365
t -0.923876 0.382692 0
bt -7.52451e-05 3.117e-05 1
t -0.962026 0.255305 -0.0965711
bt -0.234924 -0.909138 0.343916
t -0.195096 0.980784 0
bt 0 0 1
t -0.195096 0.980784 0
bt 0 0 1
t -0.382692 0.923876 0
bt 0 0 1
t -0.382692 0.923876 0
bt 0 0 1
t -0.373062 0.927806 0
bt 0.910584 0.413324 0
t -0.210214 0.977655 0
bt 0.983593 0.180404 0
t -0.221882 0.975074 0
bt 0.952775 0.303678 0
t -0.339272 0.940688 0
bt 0.931603 0.363478 0
t -0.344493 0.938783 -0.00347697
bt 0.986632 0.162965 0.000547639
t -0.538309 0.842748 0
bt 0.945923 0.32439 0
t -0.538309 0.842748 0
bt -0.831469 -0.555571 0
t -0.538324 0.842738 0
bt 0 0 -1
t -0.538324 0.842738 0
bt 0 0 -1
t -0.0979987 0.995187 0
bt 0 0 1
t -0.0979987 0.995187 4.44356e-06
bt -4.67009e-08 4.7559e-07 1
t -0.0980042 0.995186 0
bt 1 0 0
t -0.0457256 0.998954 0
bt 0.983593 0.180404 0
t -1 0 0
bt 0 0 1
t -1 0 0
bt 0 0 1
t -0.956941 0.290283 0
bt 0.332012 0.943275 0
t -0.956941 0.290283 0
bt 0.332012 0.943275 0
t -0.956939 0.290288 0
bt -0.268979 -0.963146 0
t -1 0 6.21776e-06
bt 5.36553e-06 0 -1
t -1 0 6.21776e-06
bt 5.36553e-06 0 -1
t -0.999589 -0.0286538 0
bt 0 0 1
t -0.613258 0.337832 -0.713992
bt -0.212188 -0.439071 0.873036
t -0.162802 0.986659 0
bt -0.997865 -0.0653095 0
t -0.162804 0.986658 0
bt -0.980785 -0.19509 0
t -0.0980157 0.995185 0
bt -1 0 0
t -0.0980157 0.995185 0
bt -1 0 0
t -0.195098 0.980784 0
bt -9.59883e-07 4.82963e-06 1
t -0.192847 0.981209 -0.00628078
bt -0.332782 -0.0661922 0.940678
t -0.0980574 0.995181 -1.41634e-05
bt -0.338218 -0.0115323 0.940997
t -0.0979987 0.995187 0
bt -3.62575e-07 3.69236e-06 1
t -0.124602 0.990548 -0.0573462
bt -0.904915 -0.051659 0.422445
t -0.098028 0.995184 -2.44179e-05
bt -0.91228 -0.00765419 0.409494
t -0.812792 0.582554 0
bt -0.659422 -0.751773 0
t -0.812792 0.582554 0
bt -0.555575 -0.831466 0
t -0.729923 0.683529 0
bt -0.707113 -0.707101 0
t -0.729926 0.683527 0
bt -0.751781 -0.659413 0
t -0.831467 0.555574 0
bt 0 0 1
t -0.830213 0.55741 -0.00630105
bt -0.209903 -0.267677 0.940367
t -0.708693 0.705489 0.00628686
bt -0.258088 -0.22158 0.940368
t -0.707107 0.707106 0
bt -2.52611e-05 2.52602e-05 1
t -0.822224 0.569117 -0.00733966
bt -0.506907 -0.758635 0.409289
t -0.718585 0.6954 0.00735383
bt -0.645167 -0.645174 0.40928
t -0.555574 0.831467 0
bt 7.17029e-07 -1.07338e-06 1
t -0.555574 0.831467 0
bt 2.15025e-06 -3.21889e-06 1
t -0.707106 0.707107 0
bt 0 0 1
t -0.707106 0.707107 0
bt 0 0 1
t -0.582553 0.812793 0
bt 0.751778 0.659417 0
t -0.582548 0.812796 0
bt 0.831466 0.555575 0
t -0.683526 0.729926 0
bt 0.707108 0.707105 0
t -0.683525 0.729927 0
bt 0.659416 0.751778 0
t -0.582551 0.812794 0
bt -0.751773 -0.659422 0
t -0.569118 0.822223 0.0073401
bt -0.758631 -0.506916 0.409287
t -0.683522 0.72993 0
bt -0.659414 -0.75178 0
t -0.555574 0.831467 0
bt 0 0 -1
t -0.555574 0.831467 2.59613e-06
bt 0 0 -1
t -0.707106 0.707107 0
bt 0 0 -1
t -0.707106 0.707107 0
bt 1.16565e-06 -1.16563e-06 -1
t -0.527988 0.849252 0
bt -0.896914 -0.442204 0
t -0.527997 0.849246 0
bt -0.831466 -0.555575 0
t -0.412794 0.910824 0
bt -0.923881 -0.38268 0
t -0.412795 0.910824 0
bt -0.946901 -0.321526 0
t -0.555579 0.831464 -3.28325e-06
bt -9.87413e-05 -3.22201e-05 1
t -0.553682 0.832704 -0.0062926
bt -0.296402 -0.166937 0.94036
t -0.384775 0.922989 0.00628706
bt -0.323243 -0.105946 0.940367
t -0.382689 0.923877 0
bt 0 0 1
t -0.381526 0.924331 0.00712846
bt -0.852417 -0.320564 0.413066
t -0.831464 0.555579 0
bt 0 0 1
t -0.831464 0.555579 0
bt 0 0 1
t -0.923877 0.382689 0
bt 0 0 1
t -0.923877 0.382689 0
bt 0 0 1
t -0.849252 0.527988 0
bt 0.442202 0.896916 0
t -0.849252 0.527988 0
bt 0.555565 0.831473 0
t -0.910825 0.412792 0
bt 0.365911 0.93065 0
t -0.910823 0.412797 0
bt 0.382682 0.92388 0
t -0.849252 0.527988 0
bt -0.442218 -0.896908 0
t -0.917457 0.397766 -0.0073664
bt -0.349187 -0.842959 0.409253
t -0.910825 0.412793 0
bt -0.345354 -0.938473 0
t -0.831464 0.555579 0
bt 3.16553e-06 -2.11535e-06 -1
t -0.831464 0.555579 0
bt 4.32839e-06 -2.89228e-06 -1
t -0.923877 0.382689 0
bt 3.18998e-06 -1.32144e-06 -1
t -0.923877 0.382689 0
bt 2.12295e-06 -8.79426e-07 -1
t -0.956935 0.290302 0
bt -0.382678 -0.923882 0
t -0.95694 0.290285 0
bt -0.331918 -0.943308 0
t -0.935935 0.352173 0
bt -0.382678 -0.923882 0
t -0.935935 0.352173 0
bt -0.442203 -0.896915 0
t -1 0 0
bt 0 0 1
t -0.993966 0.0398929 -0.102178
bt -0.0833724 -0.362533 0.928235
t -0.924724 0.380586 0.00628979
bt -0.153655 -0.303481 0.940367
t -0.923876 0.382692 0
bt 0 0 1
t -0.962027 0.255302 -0.09657
bt -0.234927 -0.909138 0.343915
t -0.195096 0.980784 0
bt 0 0 1
t -0.195096 0.980784 0
bt 0 0 1
t -0.382692 0.923876 0
bt 0 0 1
t -0.382692 0.923876 0
bt 3.40171e-07 -8.2151e-07 1
t -0.198228 0.980156 0
bt 0.980785 0.195093 0
t -0.290278 0.956942 0
bt 0.978694 0.205323 0
t -0.32805 0.94466 0
bt 0.95694 0.290285 0
t -0.221532 0.975153 0
bt 0.97006 0.242867 0
t -0.35216 0.93594 0
bt 0.896914 0.442206 0
t -0.291188 0.954057 -0.0706043
bt -0.960195 -0.278569 0.0206109
t -0.22079 0.969764 -0.10397
bt -0.980994 -0.192931 0.0206843
t -0.281789 0.959296 0.0185904
bt -0.882388 -0.194386 0.428493
t -0.352148 0.935853 0.013086
bt -0.896914 -0.442205 -0.000866177
t -0.29031 0.956933 0
bt 0 0 -1
t -0.290212 0.95661 0.0259799
bt 2.90561e-07 -9.56984e-07 -1
t -0.381901 0.924203 0
bt 0 0 -1
t -0.382692 0.923876 0
bt 0 0 -1
t -0.281787 0.959297 0.0185898
bt -0.884109 -0.186444 0.428475
t -0.0979987 0.995187 0
bt 0 0 1
t -0.0979987 0.995187 4.44355e-06
bt 4.00295e-08 -4.07649e-07 1
t -0.0980243 0.995184 0
bt 1 0 0
t -0.0460611 0.998939 0
bt 0.980785 0.195093 0
t -1 0 0
bt 0 0 1
t -1 0 0
bt 0 0 1
t -0.95694 0.290285 0
bt 0.332009 0.943276 0
t -0.95694 0.290285 0
bt 0.332009 0.943276 0
t -0.956941 0.290282 0
bt -0.268984 -0.963145 0
t -1 0 0
bt 0 0 -1
t -1 0 0
bt 0 0 -1
t 0.0980013 0.995186 0
bt 1 0 0
t 0.188403 0.982092 -0.000294628
bt 0.970061 -0.242861 7.28584e-05
t 0.162796 0.98666 0
bt 0.997865 -0.0653082 0
t 0.0980013 0.995186 0
bt 1 0 0
t 0.729931 0.683521 0
bt 0.707105 -0.707109 0
t 0.812792 0.582554 0
bt 0.555574 -0.831467 0
t 0.812795 0.58255 0
bt 0.659416 -0.751778 0
t 0.729928 0.683524 0
bt 0.751778 -0.659416 0
t 0.708693 0.705489 0.00628603
bt 0.258002 -0.221534 0.940403
t 0.830213 0.55741 -0.00629961
bt 0.209821 -0.26762 0.940401
t 0.831467 0.555574 0
bt -4.57935e-05 -3.06025e-05 1
t 0.707107 0.707106 -3.28292e-06
bt -9.2791e-05 4.86298e-05 1
t 0.718587 0.695398 0.00735514
bt 0.645167 -0.645174 0.40928
t 0.822223 0.569118 -0.0073401
bt 0.506925 -0.758623 0.409289
t 0.707106 0.707107 0
bt 0 0 1
t 0.555574 0.831467 0
bt 0 0 1
t 0.555574 0.831467 0
bt 0 0 1
t 0.707106 0.707107 0
bt 8.12742e-07 8.12711e-07 1
t 0.683515 0.729937 0
bt -0.7071 0.707113 0
t 0.528472 0.848951 0
bt -0.857669 0.514202 0
t 0.582546 0.812797 0
bt -0.751775 0.65942 0
t 0.683519 0.729932 0
bt -0.659414 0.75178 0
t 0.569603 0.821822 0.012682
bt 0.759539 -0.507881 0.406395
t 0.582557 0.81279 0
bt 0.75177 -0.659426 0
t 0.683522 0.72993 0
bt 0.65943 -0.751766 0
t 0.707106 0.707107 0
bt 0 0 -1
t 0.555574 0.831467 2.65082e-06
bt 2.14929e-06 3.21745e-06 -1
t 0.555574 0.831467 0
bt 7.16476e-07 1.07255e-06 -1
t 0.707106 0.707107 0
bt -3.57169e-07 -3.57183e-07 -1
t 0.402229 0.915539 4.02229e-05
bt 0.923881 -0.38268 9.23881e-05
t 0.527986 0.849253 0
bt 0.831474 -0.555564 0
t 0.527986 0.849253 0
bt 0.896916 -0.4422 0
t 0.374622 0.927178 0
bt 0.941505 -0.336998 0
t 0.384498 0.923107 0.00597701
bt 0.295084 -0.122237 0.94762
t 0.550807 0.834621 -0.0043948
bt 0.290926 -0.170054 0.941511
t 0.555579 0.831464 0
bt -1.75223e-05 -2.62307e-05 1
t 0.382689 0.923877 7.45713e-05
bt -0.000104859 8.1566e-06 1
t 0.469446 0.819021 -0.329885
bt 0.69667 -0.651425 0.300494
t 0.474724 0.875072 -0.0942618
bt 0.906608 -0.417759 0.0594923
t 0.923877 0.382689 0
bt 0 0 1
t 0.831464 0.555579 0
bt 3.38068e-06 2.25921e-06 1
t 0.831464 0.555579 0
bt 1.12369e-06 7.50929e-07 1
t 0.923877 0.382689 0
bt 0 0 1
t 0.910822 0.412799 0
bt -0.382678 0.923882 0
t 0.849256 0.527981 0
bt -0.555576 0.831466 0
t 0.849252 0.527988 0
bt -0.442204 0.896915 0
t 0.910822 0.412799 0
bt -0.382678 0.923882 0
t 0.917458 0.397764 -0.00736537
bt 0.349155 -0.842972 0.409253
t 0.849253 0.527986 0
bt 0.442214 -0.89691 0
t 0.910826 0.41279 0
bt 0.345328 -0.938482 0
t 0.923877 0.382689 0
bt 2.74816e-06 1.13842e-06 -1
t 0.831464 0.555579 0
bt -9.92091e-07 -6.62726e-07 -1
t 0.831464 0.555579 0
bt 1.1515e-06 7.69597e-07 -1
t 0.923877 0.382689 0
bt 1.82918e-06 7.57734e-07 -1
t 0.935937 0.352168 0
bt 0.382678 -0.923882 0
t 0.956942 0.290281 0
bt 0.331922 -0.943307 0
t 0.956938 0.290293 0
bt 0.382678 -0.923882 0
t 0.935937 0.352168 0
bt 0.442202 -0.896915 0
t 0.924724 0.380586 0.00628976
bt 0.153649 -0.303484 0.940367
t 0.993966 0.0398924 -0.102176
bt 0.0833645 -0.362533 0.928235
t 1 0 0
bt 0 0 1
t 0.923876 0.382692 0
bt -1.88467e-05 -7.80718e-06 1
t 0.962026 0.255305 -0.096571
bt 0.234925 -0.909138 0.343916
t 0.382692 0.923876 0
bt 0 0 1
t 0.195096 0.980784 0
bt 0 0 1
t 0.195096 0.980784 0
bt 0 0 1
t 0.382692 0.923876 0
bt 0 0 1
t 0.352502 0.935811 0
bt -0.941666 0.33655 0
t 0.312015 0.950077 0
bt -0.92388 0.382682 0
t 0.209062 0.977902 0
bt -0.980786 0.195086 0
t 0.227168 0.973855 0
bt -0.991433 0.130616 0
t 0.290292 0.956934 -0.0028386
bt -0.980618 0.195922 -0.00172509
t 0.471391 0.881924 0
bt -0.92531 0.379212 0
t 0.471411 0.881914 0
bt 0.831453 -0.555595 0
t 0.471408 0.881915 0
bt 0 0 -1
t 0.471408 0.881915 0
bt 1.54797e-06 2.89551e-06 -1
t 0.0979987 0.995187 4.35587e-06
bt 0 0 1
t 0.0979987 0.995187 0
bt 0 0 1
t 0.0980013 0.995186 0
bt -1 0 0
t 0.0980013 0.995186 0
bt -1 0 0
t 1 0 0
bt 0 0 1
t 1 0 0
bt 0 0 1
t 0.956938 0.290293 0
bt -0.382678 0.923882 0
t 0.95694 0.290284 0
bt -0.332011 0.943276 0
t 0.95694 0.290287 0
bt 0.26898 -0.963146 0
t 1 0 0
bt 0 0 -1
t 1 0 0
bt 0 0 -1
t 0.999592 0.0285457 0
bt 0 0 1
t 0.589688 0.371597 -0.717066
bt 0.201714 -0.431156 0.879441
t -0.0973523 0.99525 0
bt -0.980782 -0.195107 0
t -0.124056 0.990602 -0.0576035
bt -0.888352 -0.166343 0.427972
t 0.0980193 0.995185 0
bt 1 0 0
t 0.162796 0.98666 0
bt 0.980786 -0.195088 0
t 0.162802 0.986659 0
bt 0.997865 -0.0653088 0
t 0.0980193 0.995185 0
bt 1 0 0
t 0.0980572 0.995181 -1.48781e-05
bt 0.338218 -0.0115367 0.940997
t 0.192846 0.981209 -0.00628061
bt 0.332689 -0.0661798 0.940711
t 0.195098 0.980784 0
bt -1.25963e-06 -6.33782e-06 1
t 0.0979987 0.995187 0
bt -3.17198e-07 -3.23027e-06 1
t 0.18808 0.981779 -0.027108
bt 0.894827 -0.130368 0.426954
t 0.0980347 0.995183 -2.13504e-05
bt 0.912281 -0.00765372 0.409494
t 0.729927 0.683525 0
bt 0.707113 -0.7071 0
t 0.812793 0.582553 0
bt 0.555574 -0.831467 0
t 0.812792 0.582554 0
bt 0.659422 -0.751773 0
t 0.729927 0.683525 0
bt 0.751783 -0.659411 0
t 0.708693 0.705489 0.00628696
bt 0.258079 -0.22159 0.940369
t 0.830213 0.55741 -0.00630095
bt 0.209888 -0.267687 0.940367
t 0.831467 0.555574 0
bt -2.07161e-05 -1.3844e-05 1
t 0.707107 0.707106 0
bt -1.41949e-05 -1.41944e-05 1
t 0.718586 0.695399 0.00735436
bt 0.645158 -0.645183 0.40928
t 0.822223 0.569118 -0.00734009
bt 0.506909 -0.758634 0.409289
t 0.707106 0.707107 0
bt 0 0 1
t 0.555574 0.831467 0
bt 6.47467e-07 9.69248e-07 1
t 0.555574 0.831467 0
bt 2.14983e-07 3.21827e-07 1
t 0.707106 0.707107 0
bt 0 0 1
t 0.68352 0.729932 0
bt -0.707103 0.70711 0
t 0.582557 0.81279 0
bt -0.831467 0.555574 0
t 0.582555 0.812791 0
bt -0.751775 0.65942 0
t 0.683521 0.729931 0
bt -0.659414 0.75178 0
t 0.569117 0.822224 0.00733949
bt 0.758631 -0.506914 0.409287
t 0.582554 0.812792 0
bt 0.751762 -0.659435 0
t 0.683523 0.729929 0
bt 0.659401 -0.751791 0
t 0.707106 0.707107 0
bt 0 0 -1
t 0.555574 0.831467 2.65081e-06
bt 0 0 -1
t 0.555574 0.831467 0
bt 0 0 -1
t 0.707106 0.707107 0
bt -8.92819e-08 -8.9306e-08 -1
t 0.412796 0.910824 0
bt 0.923879 -0.382684 0
t 0.527989 0.849251 0
bt 0.831472 -0.555567 0
t 0.52799 0.84925 0
bt 0.896915 -0.442204 0
t 0.412793 0.910825 0
bt 0.9469 -0.321528 0
t 0.384775 0.922989 0.00628537
bt 0.323242 -0.105949 0.940367
t 0.553642 0.832731 -0.00627077
bt 0.296277 -0.166927 0.940401
t 0.555579 0.831464 0
bt -2.92039e-06 -4.37178e-06 1
t 0.382689 0.923877 0
bt -1.6164e-06 -3.90359e-06 1
t 0.381526 0.92433 0.00712888
bt 0.852418 -0.320563 0.413066
t 0.923877 0.382689 0
bt 0 0 1
t 0.831464 0.555579 0
bt 0 0 1
t 0.831464 0.555579 0
bt 0 0 1
t 0.923877 0.382689 0
bt 0 0 1
t 0.910823 0.412798 0
bt -0.382684 0.923879 0
t 0.849254 0.527984 0
bt -0.555572 0.831469 0
t 0.849253 0.527986 0
bt -0.442206 0.896914 0
t 0.910823 0.412798 0
bt -0.382684 0.923879 0
t 0.917458 0.397765 -0.00736581
bt 0.349162 -0.842969 0.409253
t 0.849252 0.527988 0
bt 0.442194 -0.896919 0
t 0.910826 0.412791 0
bt 0.345327 -0.938482 0
t 0.923877 0.382689 0
bt 0 0 -1
t 0.831464 0.555579 0
bt 1.15191e-07 7.72388e-08 -1
t 0.831464 0.555579 0
bt 4.03609e-08 2.70585e-08 -1
t 0.923877 0.382689 0
bt 4.57296e-07 1.89433e-07 -1
t 0.935933 0.352179 0
bt 0.382688 -0.923878 0
t 0.95694 0.290285 0
bt 0.331918 -0.943308 0
t 0.956932 0.290312 0
bt 0.382688 -0.923878 0
t 0.935933 0.352178 0
bt 0.442209 -0.896912 0
t 0.924724 0.380586 0.00628971
bt 0.15364 -0.303488 0.940367
t 0.993966 0.0398929 -0.102178
bt 0.0833521 -0.362533 0.928236
t 1 0 0
bt -2.83893e-05 0 1
t 0.923876 0.382692 0
bt -2.55776e-05 -1.05955e-05 1
t 0.962026 0.255303 -0.0965704
bt 0.234926 -0.909138 0.343915
t 0.382692 0.923876 0
bt -3.56252e-07 -8.60347e-07 1
t 0.195096 0.980784 0
bt 0 0 1
t 0.195096 0.980784 0
bt -6.18184e-08 -3.11037e-07 1
t 0.382692 0.923876 0
bt -1.35989e-07 -3.28413e-07 1
t 0.328053 0.944659 0
bt -0.95694 0.290287 0
t 0.290293 0.956938 0
bt -0.978696 0.205313 0
t 0.198238 0.980154 0
bt -0.980785 0.195091 0
t 0.234112 0.97221 0
bt -0.980785 0.195092 0
t 0.352158 0.935941 0
bt -0.896912 0.442208 0
t 0.220795 0.969763 -0.103969
bt 0.980995 -0.192926 0.0206838
t 0.291191 0.954056 -0.0706042
bt 0.960197 -0.278561 0.0206103
t 0.352148 0.935853 0.013086
bt 0.896919 -0.442195 -0.000866027
t 0.381901 0.924203 0
bt 0 0 -1
t 0.290212 0.95661 0.0259799
bt 2.90467e-07 9.56674e-07 -1
t 0.29031 0.956933 0
bt 0 0 -1
t 0.382692 0.923876 0
bt 0 0 -1
t 0.0979987 0.995187 4.35587e-06
bt 0 0 1
t 0.0979987 0.995187 0
bt 0 0 1
t 0.0980193 0.995185 0
bt -1 0 0
t 0.0980193 0.995185 0
bt -1 0 0
t 1 0 0
bt 0 0 1
t 1 0 0
bt 0 0 1
t 0.956932 0.290312 0
bt -0.382684 0.923879 0
t 0.95694 0.290287 0
bt -0.332008 0.943277 0
t 0.95694 0.290286 0
bt 0.268981 -0.963145 0
t 1 0 0
bt 1.60729e-06 0 -1
t 1 0 0
bt 1.60729e-06 0 -1
t -0.162803 0.986659 0
bt -0.997865 -0.0653108 0
t -0.189409 0.981882 0.00559691
bt -0.97006 -0.24286 -0.00138435
t -0.098015 0.995185 0
bt -1 0 0
t -0.098015 0.995185 0
bt -1 0 0
t -0.812792 0.582554 0
bt -0.659417 -0.751777 0
t -0.812792 0.582555 0
bt -0.55557 -0.83147 0
t -0.729927 0.683525 0
bt -0.707108 -0.707106 0
t -0.729928 0.683524 0
bt -0.751778 -0.659416 0
t -0.831467 0.555574 0
bt -2.12472e-05 1.41989e-05 1
t -0.830213 0.55741 -0.00630225
bt -0.209918 -0.267667 0.940366
t -0.708693 0.705489 0.0062869
bt -0.258099 -0.221569 0.940368
t -0.707107 0.707106 0
bt -1.57861e-05 1.57854e-05 1
t -0.822223 0.569118 -0.00734035
bt -0.506908 -0.758634 0.409289
t -0.718586 0.695399 0.00735414
bt -0.645165 -0.645176 0.40928
t -0.555574 0.831467 0
bt 0 0 1
t -0.555574 0.831467 0
bt 0 0 1
t -0.707106 0.707107 0
bt 0 0 1
t -0.707106 0.707107 0
bt 0 0 1
t -0.582553 0.812793 0
bt 0.751777 0.659418 0
t -0.52757 0.849512 0
bt 0.857666 0.514207 0
t -0.683524 0.729928 0
bt 0.707107 0.707107 0
t -0.683525 0.729927 0
bt 0.659417 0.751778 0
t -0.582553 0.812793 0
bt -0.751768 -0.659428 0
t -0.569793 0.821686 0.0129651
bt -0.759577 -0.507903 0.406298
t -0.683524 0.729928 0
bt -0.659407 -0.751786 0
t -0.555574 0.831467 0
bt 1.78849e-07 -2.67734e-07 -1
t -0.555574 0.831467 2.59612e-06
bt 5.37087e-07 -8.04011e-07 -1
t -0.707106 0.707107 0
bt 0 0 -1
t -0.707106 0.707107 0
bt 3.60927e-07 -3.60941e-07 -1
t -0.527984 0.849254 0
bt -0.896914 -0.442205 0
t -0.52799 0.849251 0
bt -0.831468 -0.555573 0
t -0.402078 0.915605 -0.000335209
bt -0.923877 -0.382682 -0.00226215
t -0.374506 0.927224 0
bt -0.941504 -0.337001 0
t -0.555579 0.831464 0
bt -9.74321e-06 1.45854e-05 1
t -0.55078 0.834641 -0.00392643
bt -0.290777 -0.170053 0.941558
t -0.384509 0.923102 0.00594155
bt -0.293802 -0.121685 0.948089
t -0.382481 0.923961 -0.00221256
bt -4.43129e-06 1.07106e-05 1
t -0.476682 0.866522 -0.148034
bt -0.896571 -0.436574 0.0745935
t -0.465202 0.805096 -0.367979
bt -0.672352 -0.673241 0.307717
t -0.831464 0.555579 0
bt 0 0 1
t -0.831464 0.555579 0
bt 0 0 1
t -0.923877 0.382689 0
bt 0 0 1
t -0.923877 0.382689 0
bt 0 0 1
t -0.849252 0.527987 0
bt 0.442204 0.896915 0
t -0.849254 0.527984 0
bt 0.555572 0.831469 0
t -0.910826 0.412791 0
bt 0.36591 0.93065 0
t -0.910823 0.412796 0
bt 0.382681 0.92388 0
t -0.849252 0.527988 0
bt -0.442205 -0.896914 0
t -0.917458 0.397764 -0.00736556
bt -0.349165 -0.842968 0.409253
t -0.910825 0.412792 0
bt -0.345339 -0.938478 0
t -0.831464 0.555579 0
bt 1.9383e-06 -1.29522e-06 -1
t -0.831464 0.555579 0
bt 9.93524e-07 -6.63683e-07 -1
t -0.923877 0.382689 0
bt 2.97223e-06 -1.23124e-06 -1
t -0.923877 0.382689 0
bt 2.43711e-06 -1.00957e-06 -1
t -0.956935 0.290302 0
bt -0.382692 -0.923876 0
t -0.956942 0.290278 0
bt -0.331925 -0.943306 0
t -0.935934 0.352175 0
bt -0.382692 -0.923876 0
t -0.935935 0.352173 0
bt -0.44221 -0.896911 0
t -1 0 0
bt -3.29184e-05 0 1
t -0.993966 0.039892 -0.102175
bt -0.0833848 -0.362532 0.928234
t -0.924724 0.380586 0.00629028
bt -0.153669 -0.303475 0.940366
t -0.923876 0.382692 0
bt -2.74809e-05 1.13839e-05 1
t -0.962026 0.255303 -0.0965702
bt -0.234927 -0.909138 0.343915
t -0.195096 0.980784 0
bt -2.87108e-08 1.44458e-07 1
t -0.195096 0.980784 0
bt -8.61135e-08 4.33278e-07 1
t -0.382692 0.923876 0
bt 0 0 1
t -0.382692 0.923876 0
bt 0 0 1
t -0.351459 0.936203 0
bt 0.904041 0.427446 0
t -0.208709 0.977978 0
bt 0.980785 0.195093 0
t -0.208658 0.977989 0
bt 0.946901 0.321526 0
t -0.310112 0.9507 0
bt 0.923881 0.382679 0
t -0.291001 0.954586 0.0639117
bt 0.974855 0.222343 0.0148694
t -0.471395 0.881922 0
bt 0.924403 0.381416 0
t -0.471395 0.881922 0
bt -0.831463 -0.55558 0
t -0.471408 0.881915 0
bt 3.86408e-07 -7.22785e-07 -1
t -0.471408 0.881915 0
bt 3.86992e-07 -7.23877e-07 -1
t -0.0979987 0.995187 0
bt -2.16897e-08 2.20882e-07 1
t -0.0979987 0.995187 4.44355e-06
bt 0 0 1
t -0.0980197 0.995185 0
bt 1 0 0
t -0.041098 0.999155 0
bt 0.980785 0.195093 0
t -1 0 0
bt 0 0 1
t -1 0 0
bt 0 0 1
t -0.95694 0.290286 0
bt 0.332009 0.943276 0
t -0.95694 0.290286 0
bt 0.332009 0.943276 0
t -0.956941 0.290284 0
bt -0.268983 -0.963145 0
t -1 0 0
bt 1.60165e-06 0 -1
t -1 0 0
bt 1.60165e-06 0 -1
t 0.0973548 0.99525 0
bt 0.980783 -0.195102 0
t 0.0974442 0.995241 0
bt 0.980786 -0.195087 0
t -0.162792 0.98666 0
bt -0.997865 -0.0653106 0
t -0.162807 0.986658 0
bt -0.980785 -0.195093 0
t -0.0980013 0.995186 0
bt -1 0 0
t -0.0980013 0.995186 0
bt -1 0 0
t -0.195098 0.980784 -3.28354e-06
bt -9.8798e-05 -1.58972e-05 1
t -0.192846 0.981209 -0.00628192
bt -0.332784 -0.066183 0.940678
t -0.0980575 0.995181 -1.40375e-05
bt -0.338218 -0.0115342 0.940997
t -0.0979987 0.995187 0
bt 0 0 1
t -0.187875 0.98183 -0.0267113
bt -0.895173 -0.130951 0.426049
t -0.0980207 0.995184 -2.7705e-05
bt -0.912281 -0.00765356 0.409494
t -0.812795 0.582549 0
bt -0.659415 -0.751779 0
t -0.812792 0.582554 0
bt -0.555575 -0.831466 0
t -0.729933 0.683519 0
bt -0.707103 -0.70711 0
t -0.72993 0.683522 0
bt -0.751777 -0.659417 0
t -0.831467 0.555574 0
bt -3.49684e-05 2.33684e-05 1
t -0.830213 0.55741 -0.00630066
bt -0.209904 -0.267677 0.940367
t -0.708693 0.705489 0.00628824
bt -0.258112 -0.221557 0.940368
t -0.707107 0.707106 3.28304e-06
bt -0.000111797 -2.96249e-05 1
t -0.822222 0.569119 -0.00734102
bt -0.506924 -0.758624 0.409289
t -0.718588 0.695397 0.00735579
bt -0.645172 -0.645169 0.40928
t -0.555574 0.831467 0
bt 0 0 1
t -0.555574 0.831467 0
bt 0 0 1
t -0.707106 0.707107 0
bt 0 0 1
t -0.707106 0.707107 0
bt 0 0 1
t -0.58255 0.812795 0
bt 0.751775 0.65942 0
t -0.582554 0.812792 0
bt 0.831467 0.555573 0
t -0.683518 0.729934 0
bt 0.707103 0.707111 0
t -0.683521 0.729931 0
bt 0.659415 0.751779 0
t -0.582554 0.812792 0
bt -0.751783 -0.659411 0
t -0.569122 0.82222 0.00734269
bt -0.758626 -0.506922 0.409287
t -0.683523 0.729929 0
bt -0.659435 -0.751762 0
t -0.555574 0.831467 0
bt 1.65531e-06 -2.47797e-06 -1
t -0.555574 0.831467 2.59612e-06
bt 1.65373e-06 -2.47561e-06 -1
t -0.707106 0.707107 0
bt 2.68143e-06 -2.68133e-06 -1
t -0.707106 0.707107 0
bt 2.68194e-06 -2.68186e-06 -1
t -0.527988 0.849252 0
bt -0.896914 -0.442205 0
t -0.527983 0.849255 0
bt -0.831473 -0.555565 0
t -0.412794 0.910825 0
bt -0.923878 -0.382686 0
t -0.412795 0.910824 0
bt -0.946899 -0.321531 0
t -0.555579 0.831464 -3.28414e-06
bt -9.28986e-05 -4.09665e-05 1
t -0.553681 0.832705 -0.00629402
bt -0.296393 -0.166951 0.940361
t -0.384774 0.922989 0.00628357
bt -0.323245 -0.105942 0.940367
t -0.382689 0.923877 0
bt -2.76422e-06 6.67557e-06 1
t -0.381492 0.924344 0.0072556
bt -0.852241 -0.320969 0.413115
t -0.831464 0.555579 0
bt 0 0 1
t -0.831464 0.555579 0
bt 0 0 1
t -0.923877 0.382689 0
bt 0 0 1
t -0.923877 0.382689 0
bt 0 0 1
t -0.849254 0.527985 0
bt 0.442206 0.896914 0
t -0.849257 0.52798 0
bt 0.555576 0.831466 0
t -0.910825 0.412793 0
bt 0.36591 0.93065 0
t -0.910822 0.412799 0
bt 0.382682 0.92388 0
t -0.849252 0.527987 0
bt -0.442202 -0.896915 0
t -0.917457 0.397766 -0.00736626
bt -0.349168 -0.842967 0.409253
t -0.910825 0.412792 0
bt -0.345329 -0.938482 0
t -0.831464 0.555579 0
bt 4.54141e-06 -3.0348e-06 -1
t -0.831464 0.555579 0
bt 3.21132e-06 -2.14577e-06 -1
t -0.923877 0.382689 0
bt 6.42039e-06 -2.65963e-06 -1
t -0.923877 0.382689 1.99297e-06
bt 5.81291e-06 -2.40798e-06 -1
t -0.956933 0.29031 0
bt -0.382693 -0.923876 0
t -0.956941 0.290281 0
bt -0.331922 -0.943307 0
t -0.935933 0.352179 0
bt -0.382693 -0.923876 0
t -0.935933 0.352178 0
bt -0.442212 -0.89691 0
t -1 0 0
bt 0 0 1
t -0.993966 0.039893 -0.102178
bt -0.0834162 -0.362531 0.928231
t -0.924724 0.380586 0.00628951
bt -0.15366 -0.303479 0.940367
t -0.923876 0.382692 0
bt 0 0 1
t -0.962026 0.255304 -0.0965705
bt -0.234933 -0.909136 0.343915
t -0.195096 0.980784 0
bt 0 0 1
t -0.195096 0.980784 0
bt 0 0 1
t -0.382692 0.923876 0
bt 0 0 1
t -0.382692 0.923876 0
bt 0 0 1
t -0.196902 0.980423 0
bt 0.980785 0.195092 0
t -0.290283 0.956941 0
bt 0.978673 0.205427 0
t -0.327104 0.944988 0
bt 0.95694 0.290286 0
t -0.220541 0.975378 0
bt 0.97006 0.242867 0
t -0.352163 0.935939 0
bt 0.896914 0.442206 0
t -0.291027 0.954623 -0.0632378
bt -0.959823 -0.279991 0.0185498
t -0.221718 0.970569 -0.0940066
bt -0.980953 -0.193341 0.0187245
t -0.352139 0.935854 0.0132148
bt -0.896917 -0.442198 -0.000820592
t -0.29031 0.956933 0
bt 5.42457e-07 -1.78662e-06 -1
t -0.290209 0.9566 0.0263611
bt 0 0 -1
t -0.381901 0.924203 0
bt 9.37958e-07 -2.26976e-06 -1
t -0.382692 0.923876 0
bt 8.89383e-07 -2.14785e-06 -1
t -0.0979987 0.995187 0
bt 0 0 1
t -0.0979987 0.995187 4.44356e-06
bt 0 0 1
t -0.0980013 0.995186 0
bt 1 0 0
t -0.0460119 0.998941 0
bt 0.980785 0.195092 0
t -1 0 0
bt 0 0 1
t -1 0 0
bt 0 0 1
t -0.956939 0.290288 0
bt 0.332007 0.943277 0
t -0.956939 0.290288 0
bt 0.332007 0.943277 0
t -0.95694 0.290286 0
bt -0.268981 -0.963146 0
t -1 0 6.21787e-06
bt 5.36553e-06 0 -1
t -1 0 6.21787e-06
bt 5.36553e-06 0 -1
t 0.0980244 0.995184 0
bt 1 0 0
t 0.205764 0.978569 0.0080248
bt 0.972732 -0.231925 -0.00190191
t 0.162805 0.986658 0
bt 0.998177 -0.0603536 0
t 0.0980244 0.995184 0
bt 1 0 0
t 0.729925 0.683527 0
bt 0.707119 -0.707094 0
t 0.812792 0.582554 0
bt 0.555582 -0.831462 0
t 0.812792 0.582555 0
bt 0.659429 -0.751767 0
t 0.729928 0.683524 0
bt 0.751786 -0.659407 0
t 0.708693 0.705489 0.00628553
bt 0.25799 -0.221547 0.940403
t 0.830213 0.55741 -0.00629904
bt 0.209807 -0.267629 0.940402
t 0.831467 0.555574 0
bt -6.54193e-05 -4.37178e-05 1
t 0.707107 0.707106 -3.28269e-06
bt -0.000102254 3.91669e-05 1
t 0.718586 0.6954 0.00735406
bt 0.645161 -0.64518 0.40928
t 0.822225 0.569115 -0.00733838
bt 0.506899 -0.758641 0.409289
t 0.707106 0.707107 0
bt 2.08955e-06 2.08946e-06 1
t 0.555574 0.831467 0
bt 2.15189e-06 3.22134e-06 1
t 0.555574 0.831467 0
bt 1.57654e-06 2.36006e-06 1
t 0.707106 0.707107 0
bt 1.39327e-06 1.39322e-06 1
t 0.683525 0.729928 0
bt -0.707112 0.707102 0
t 0.538572 0.842579 0
bt -0.860298 0.509792 0
t 0.582556 0.812791 0
bt -0.751782 0.659411 0
t 0.683521 0.729931 0
bt -0.659418 0.751776 0
t 0.589479 0.80766 0.0141382
bt 0.757893 -0.506059 0.411708
t 0.603318 0.7975 0
bt 0.751772 -0.659423 0
t 0.683525 0.729928 0
bt 0.659405 -0.751788 0
t 0.707106 0.707107 0
bt 2.1447e-06 2.14461e-06 -1
t 0.587398 0.809298 2.64271e-06
bt 2.21876e-06 3.05698e-06 -1
t 0.587398 0.809298 0
bt 1.72533e-06 2.37713e-06 -1
t 0.707106 0.707107 0
bt 1.25015e-06 1.25008e-06 -1
t 0.418427 0.90825 -0.000235783
bt 0.923877 -0.382683 -0.00243108
t 0.52799 0.84925 0
bt 0.83147 -0.55557 0
t 0.527989 0.849251 0
bt 0.896914 -0.442205 0
t 0.386989 0.922084 0
bt 0.942748 -0.333506 0
t 0.4115 0.9114 0.00422058
bt 0.334001 -0.121798 0.93467
t 0.557255 0.830331 -0.00411213
bt 0.30056 -0.164945 0.939392
t 0.555579 0.831464 0
bt -1.16816e-05 -1.74871e-05 1
t 0.408809 0.912617 -0.00247545
bt -9.75874e-05 2.67584e-05 1
t 0.495585 0.799154 -0.340217
bt 0.716185 -0.642147 0.273361
t 0.518827 0.844128 -0.135153
bt 0.918465 -0.390526 0.0625385
t 0.923877 0.382689 0
bt -5.9473e-06 -2.46365e-06 1
t 0.831464 0.555579 0
bt 0 0 1
t 0.831464 0.555579 0
bt -3.21054e-06 -2.14551e-06 1
t 0.923877 0.382689 0
bt -3.96397e-06 -1.64206e-06 1
t 0.910823 0.412797 0
bt -0.382678 0.923882 0
t 0.849249 0.527992 0
bt -0.555565 0.831473 0
t 0.849248 0.527994 0
bt -0.442199 0.896917 0
t 0.910823 0.412797 0
bt -0.382678 0.923882 0
t 0.917458 0.397765 -0.00736599
bt 0.349171 -0.842966 0.409253
t 0.849253 0.527987 0
bt 0.442216 -0.896909 0
t 0.910825 0.412793 0
bt 0.345349 -0.938474 0
t 0.923877 0.382689 0
bt 6.40225e-06 2.65211e-06 -1
t 0.831464 0.555579 0
bt -2.53903e-07 -1.69416e-07 -1
t 0.831464 0.555579 0
bt 3.37376e-06 2.25467e-06 -1
t 0.923877 0.382689 1.95182e-06
bt 5.79241e-06 2.39949e-06 -1
t 0.935936 0.352171 0
bt 0.382678 -0.923882 0
t 0.956941 0.290284 0
bt 0.331919 -0.943308 0
t 0.956936 0.290301 0
bt 0.382678 -0.923882 0
t 0.935935 0.352173 0
bt 0.442205 -0.896914 0
t 0.924724 0.380586 0.00628982
bt 0.153645 -0.303485 0.940367
t 0.993966 0.0398923 -0.102176
bt 0.0833207 -0.362534 0.928238
t 1 0 0
bt 0 0 1
t 0.923876 0.382692 0
bt -2.69238e-05 -1.11531e-05 1
t 0.962026 0.255304 -0.0965706
bt 0.234919 -0.90914 0.343916
t 0.382692 0.923876 0
bt 0 0 1
t 0.195096 0.980784 0
bt 0 0 1
t 0.195096 0.980784 0
bt 0 0 1
t 0.382692 0.923876 0
bt 3.39972e-07 8.21032e-07 1
t 0.363764 0.931491 0
bt -0.945876 0.324528 0
t 0.33739 0.941365 0
bt -0.931603 0.363479 0
t 0.209832 0.977737 0
bt -0.983593 0.180399 0
t 0.227165 0.973856 0
bt -0.992688 0.120707 0
t 0.345659 0.93539 0.0745965
bt -0.980523 0.195779 0.0156307
t 0.538322 0.842739 0
bt -0.945016 0.327025 0
t 0.538336 0.84273 0
bt 0.831483 -0.55555 0
t 0.538324 0.842738 0
bt 3.09882e-07 4.84966e-07 -1
t 0.538324 0.842738 0
bt 1.86353e-06 2.91643e-06 -1
t 0.0979987 0.995187 4.35586e-06
bt 0 0 1
t 0.0979987 0.995187 0
bt 0 0 1
t 0.0980243 0.995184 0
bt -1 0 0
t 0.0980243 0.995184 0
bt -1 0 0
t 1 0 0
bt 0 0 1
t 1 0 0
bt 0 0 1
t 0.95694 0.290286 0
bt -0.382678 0.923882 0
t 0.956941 0.290282 0
bt -0.332013 0.943275 0
t 0.956941 0.290284 0
bt 0.268983 -0.963145 0
t 1 0 6.08945e-06
bt 5.35763e-06 0 -1
t 1 0 6.08945e-06
bt 5.35763e-06 0 -1
t -0.0974271 0.995243 0
bt -0.980779 -0.195121 0
t -0.561357 0.366615 -0.741938
bt -0.192097 -0.434855 0.879773
t -0.999741 0 -0.0227511
bt -2.94624e-05 0 1
t -1 0 0
bt 0 0 1
t -0.637498 0.341623 -0.690572
bt -0.218511 -0.432789 0.874612
t -0.162797 0.98666 0
bt -0.997865 -0.0653099 0
t -0.162804 0.986658 0
bt -0.980785 -0.195091 0
t -0.09801 0.995185 0
bt -1 0 0
t -0.09801 0.995185 0
bt -1 0 0
t -0.195098 0.980784 0
bt 2.40672e-07 -1.21093e-06 1
t -0.192847 0.981209 -0.00628032
bt -0.332782 -0.0661938 0.940678
t -0.0980575 0.995181 -1.40699e-05
bt -0.338218 -0.0115349 0.940997
t -0.0979987 0.995187 0
bt 0 0 1
t -0.187877 0.981829 -0.0267103
bt -0.895174 -0.130946 0.426048
t -0.0980246 0.995184 -2.5951e-05
bt -0.91228 -0.00765419 0.409495
t -0.812791 0.582555 0
bt -0.65942 -0.751775 0
t -0.812794 0.582551 0
bt -0.555565 -0.831473 0
t -0.729926 0.683526 0
bt -0.707114 -0.7071 0
t -0.729928 0.683524 0
bt -0.751783 -0.659411 0
t -0.831467 0.555574 0
bt 0 0 1
t -0.830213 0.55741 -0.00630051
bt -0.209897 -0.267681 0.940367
t -0.708693 0.705489 0.00628806
bt -0.258084 -0.221585 0.940368
t -0.707107 0.707106 0
bt 0 0 1
t -0.822223 0.569118 -0.00734032
bt -0.506918 -0.758628 0.409289
t -0.718588 0.695397 0.00735573
bt -0.645165 -0.645176 0.40928
t -0.555574 0.831467 0
bt -2.87286e-07 4.30063e-07 1
t -0.555574 0.831467 0
bt -8.60575e-07 1.28827e-06 1
t -0.707106 0.707107 0
bt 0 0 1
t -0.707106 0.707107 0
bt 0 0 1
t -0.582552 0.812793 0
bt 0.751777 0.659418 0
t -0.582552 0.812793 0
bt 0.831467 0.555573 0
t -0.683523 0.729929 0
bt 0.707106 0.707108 0
t -0.683523 0.729929 0
bt 0.659415 0.751779 0
t -0.582554 0.812792 0
bt -0.751789 -0.659404 0
t -0.56912 0.822222 0.00734115
bt -0.758634 -0.506911 0.409287
t -0.683524 0.729928 0
bt -0.659439 -0.751758 0
t -0.555574 0.831467 0
bt 0 0 -1
t -0.555574 0.831467 2.59612e-06
bt 0 0 -1
t -0.707106 0.707107 0
bt 0 0 -1
t -0.707106 0.707107 0
bt 3.60927e-07 -3.60941e-07 -1
t -0.527986 0.849253 0
bt -0.896913 -0.442206 0
t -0.527986 0.849253 0
bt -0.83147 -0.55557 0
t -0.412789 0.910827 0
bt -0.923878 -0.382686 0
t -0.412788 0.910827 0
bt -0.946899 -0.321531 0
t -0.555579 0.831464 0
bt 3.87032e-06 -5.79381e-06 1
t -0.553641 0.832732 -0.00627516
bt -0.296362 -0.16697 0.940367
t -0.384774 0.922989 0.00628341
bt -0.323242 -0.105949 0.940367
t -0.382689 0.923877 0
bt 2.76266e-06 -6.6718e-06 1
t -0.381495 0.924342 0.00725734
bt -0.85224 -0.320972 0.413115
t -0.831464 0.555579 0
bt 0 0 1
t -0.831464 0.555579 0
bt 0 0 1
t -0.923877 0.382689 0
bt 0 0 1
t -0.923877 0.382689 0
bt -3.97262e-07 1.64565e-07 1
t -0.849252 0.527988 0
bt 0.442201 0.896916 0
t -0.849253 0.527985 0
bt 0.555569 0.831471 0
t -0.910826 0.412792 0
bt 0.365909 0.930651 0
t -0.910824 0.412795 0
bt 0.382678 0.923882 0
t -0.849253 0.527987 0
bt -0.442227 -0.896903 0
t -0.917458 0.397765 -0.00736579
bt -0.349174 -0.842964 0.409253
t -0.910826 0.412791 0
bt -0.345349 -0.938474 0
t -0.831464 0.555579 0
bt 3.3349e-07 -2.22774e-07 -1
t -0.831464 0.555579 0
bt 9.93524e-07 -6.63683e-07 -1
t -0.923877 0.382689 0
bt 0 0 -1
t -0.923877 0.382689 1.99295e-06
bt 0 0 -1
t -0.956936 0.290298 0
bt -0.382678 -0.923882 0
t -0.956941 0.290283 0
bt -0.33192 -0.943308 0
t -0.935936 0.352171 0
bt -0.382678 -0.923882 0
t -0.935936 0.35217 0
bt -0.442199 -0.896917 0
t -1 0 0
bt 0 0 1
t -0.993966 0.0398924 -0.102177
bt -0.0833509 -0.362533 0.928236
t -0.924724 0.380586 0.00628975
bt -0.153649 -0.303484 0.940367
t -0.923876 0.382692 0
bt 0 0 1
t -0.962026 0.255305 -0.0965709
bt -0.234925 -0.909138 0.343916
t -0.195096 0.980784 0
bt -7.0575e-08 3.55096e-07 1
t -0.195096 0.980784 0
bt 0 0 1
t -0.382692 0.923876 0
bt -4.0768e-07 9.84545e-07 1
t -0.382692 0.923876 0
bt -4.07985e-07 9.85281e-07 1
t -0.196903 0.980423 0
bt 0.980785 0.195092 0
t -0.290283 0.956941 0
bt 0.978673 0.205427 0
t -0.327104 0.944988 0
bt 0.95694 0.290285 0
t -0.220542 0.975377 0
bt 0.97006 0.242866 0
t -0.352161 0.935939 0
bt 0.896914 0.442205 0
t -0.294174 0.954752 -0.0437007
bt -0.957781 -0.275541 0.0820475
t -0.22203 0.970077 -0.0982485
bt -0.980782 -0.195109 -2.26348e-05
t -0.352147 0.935852 0.0132148
bt -0.89692 -0.442192 -0.000820517
t -0.29031 0.956933 0
bt 0 0 -1
t -0.290209 0.9566 0.026361
bt 0 0 -1
t -0.381901 0.924203 0
bt 0 0 -1
t -0.382692 0.923876 0
bt 0 0 -1
t -0.0979987 0.995187 0
bt 0 0 1
t -0.0979987 0.995187 4.44355e-06
bt 2.66863e-08 -2.71766e-07 1
t -0.0980157 0.995185 0
bt 1 0 0
t -0.046012 0.998941 0
bt 0.980785 0.195092 0
t -1 0 0
bt -1.39629e-06 0 1
t -1 0 0
bt -1.39629e-06 0 1
t -0.95694 0.290285 0
bt 0.33201 0.943276 0
t -0.95694 0.290285 0
bt 0.33201 0.943276 0
t -0.95694 0.290285 0
bt -0.268981 -0.963145 0
t -1 0 6.2178e-06
bt 0 0 -1
t -1 0 6.2178e-06
bt 0 0 -1
t 0.0980244 0.995184 0
bt 1 0 0
t 0.206566 0.978427 0.00332669
bt 0.97273 -0.231939 -0.000788603
t 0.162806 0.986658 0
bt 0.998177 -0.0603549 0
t 0.0980244 0.995184 0
bt 1 0 0
t 0.729927 0.683525 0
bt 0.707116 -0.707098 0
t 0.812792 0.582554 0
bt 0.555577 -0.831465 0
t 0.812791 0.582555 0
bt 0.659425 -0.751771 0
t 0.729927 0.683525 0
bt 0.751786 -0.659407 0
t 0.708693 0.705489 0.0062868
bt 0.25811 -0.221558 0.940368
t 0.830214 0.55741 -0.00630005
bt 0.209901 -0.267679 0.940367
t 0.831467 0.555574 0
bt 3.48903e-05 2.33162e-05 1
t 0.707107 0.707106 0
bt 2.52354e-05 2.52345e-05 1
t 0.718588 0.695397 0.00735588
bt 0.645154 -0.645187 0.40928
t 0.822224 0.569117 -0.00733983
bt 0.506912 -0.758632 0.409289
t 0.707106 0.707107 0
bt -6.9908e-07 -6.99053e-07 1
t 0.555574 0.831467 0
bt 0 0 1
t 0.555574 0.831467 0
bt -2.86644e-07 -4.29102e-07 1
t 0.707106 0.707107 0
bt -4.64424e-07 -4.64406e-07 1
t 0.683521 0.729931 0
bt -0.707107 0.707107 0
t 0.536132 0.844135 0
bt -0.860298 0.509792 0
t 0.582553 0.812793 0
bt -0.751779 0.659415 0
t 0.683522 0.72993 0
bt -0.659418 0.751777 0
t 0.589124 0.807905 0.0149137
bt 0.758091 -0.506263 0.41109
t 0.603318 0.797501 0
bt 0.751769 -0.659427 0
t 0.683527 0.729925 0
bt 0.659403 -0.751789 0
t 0.707106 0.707107 0
bt 0 0 -1
t 0.587398 0.809298 2.64269e-06
bt 0 0 -1
t 0.587398 0.809298 0
bt 0 0 -1
t 0.707106 0.707107 0
bt -3.57169e-07 -3.57183e-07 -1
t 0.418971 0.908 -0.000209349
bt 0.923879 -0.382681 -0.0018926
t 0.527988 0.849252 0
bt 0.831475 -0.555562 0
t 0.52799 0.84925 0
bt 0.896916 -0.4422 0
t 0.387406 0.921909 0
bt 0.942748 -0.333505 0
t 0.411477 0.91141 0.00418222
bt 0.330824 -0.120616 0.935953
t 0.556809 0.830634 -0.00341254
bt 0.299953 -0.164899 0.939594
t 0.555579 0.831464 0
bt 3.89385e-06 5.82904e-06 1
t 0.408809 0.912618 -0.00188604
bt 3.16373e-06 7.06082e-06 1
t 0.498652 0.790167 -0.356346
bt 0.706958 -0.644734 0.290738
t 0.523333 0.831464 -0.186522
bt 0.904117 -0.416916 0.0935597
t 0.923877 0.382689 0
bt -2.37713e-06 -9.84717e-07 1
t 0.831464 0.555579 0
bt 0 0 1
t 0.831464 0.555579 0
bt -1.28422e-06 -8.58205e-07 1
t 0.923877 0.382689 0
bt -1.98199e-06 -8.21032e-07 1
t 0.910822 0.4128 0
bt -0.382684 0.92388 0
t 0.849253 0.527986 0
bt -0.555574 0.831467 0
t 0.84925 0.52799 0
bt -0.442206 0.896913 0
t 0.910822 0.4128 0
bt -0.382684 0.92388 0
t 0.917457 0.397766 -0.00736638
bt 0.349171 -0.842966 0.409253
t 0.849251 0.527989 0
bt 0.442206 -0.896914 0
t 0.910825 0.412792 0
bt 0.345336 -0.938479 0
t 0.923877 0.382689 0
bt 0 0 -1
t 0.831464 0.555579 0
bt -9.92091e-07 -6.62726e-07 -1
t 0.831464 0.555579 0
bt -3.30017e-07 -2.20454e-07 -1
t 0.923877 0.382689 1.95183e-06
bt 0 0 -1
t 0.935934 0.352175 0
bt 0.382684 -0.923879 0
t 0.956941 0.290283 0
bt 0.33192 -0.943308 0
t 0.956935 0.290303 0
bt 0.382684 -0.923879 0
t 0.935934 0.352175 0
bt 0.442207 -0.896913 0
t 0.924724 0.380586 0.00628973
bt 0.153655 -0.303481 0.940367
t 0.993966 0.0398928 -0.102178
bt 0.083386 -0.362532 0.928233
t 1 0 0
bt 0 0 1
t 0.923876 0.382692 0
bt 0 0 1
t 0.962026 0.255303 -0.0965701
bt 0.234927 -0.909138 0.343915
t 0.382692 0.923876 0
bt 0 0 1
t 0.195096 0.980784 0
bt -1.059e-07 -5.32832e-07 1
t 0.195096 0.980784 0
bt -3.53247e-08 -1.77735e-07 1
t 0.382692 0.923876 0
bt 0 0 1
t 0.361045 0.932548 0
bt -0.945875 0.32453 0
t 0.33156 0.943434 0
bt -0.931603 0.363478 0
t 0.20966 0.977774 0
bt -0.983593 0.180404 0
t 0.227171 0.973855 0
bt -0.992688 0.120711 0
t 0.344752 0.938119 0.0328549
bt 0.982556 -0.185851 -0.00650589
t 0.53832 0.84274 0
bt -0.943059 0.332624 0
t 0.53832 0.84274 0
bt 0.831483 -0.55555 0
t 0.538324 0.842738 0
bt 0 0 -1
t 0.538324 0.842738 0
bt 0 0 -1
t 0.0979987 0.995187 4.35586e-06
bt -2.66632e-08 -2.7153e-07 1
t 0.0979987 0.995187 0
bt -2.66862e-08 -2.71765e-07 1
t 0.0980243 0.995184 0
bt -1 0 0
t 0.0980243 0.995184 0
bt -1 0 0
t 1 0 0
bt -1.39325e-06 0 1
t 1 0 0
bt -1.39325e-06 0 1
t 0.956936 0.290301 0
bt -0.382684 0.92388 0
t 0.956941 0.290284 0
bt -0.332011 0.943276 0
t 0.956941 0.290284 0
bt 0.268983 -0.963145 0
t 1 0 6.08949e-06
bt 0 0 -1
t 1 0 6.08949e-06
bt 0 0 -1
t -0.0974342 0.995242 0
bt -0.980782 -0.195107 0
t 1 0 0
bt 0 0 1
t 0.637502 0.341622 -0.690569
bt 0.218512 -0.432789 0.874612
t 0.632338 0.344606 -0.693827
bt 0.220421 -0.433963 0.873551
t 0.999769 0 -0.0214799
bt 0 0 1
t 0.0980013 0.995186 0
bt 1 0 0
t 0.162808 0.986658 0
bt 0.980785 -0.195093 0
t 0.162793 0.98666 0
bt 0.997865 -0.0653106 0
t 0.0980013 0.995186 0
bt 1 0 0
t 0.0980238 0.995184 -1.03959e-06
bt 0.331414 -0.0112864 0.943418
t 0.192956 0.981188 -0.0061806
bt 0.32611 -0.0648565 0.943104
t 0.195098 0.980784 -3.28362e-06
bt 9.90397e-05 -1.46812e-05 1
t 0.0979987 0.995187 0
bt 0 0 1
t 0.178697 0.983893 -0.0046374
bt 0.900764 -0.129357 0.414597
t 0.0980264 0.995184 -2.42868e-05
bt 0.909499 -0.00790469 0.41563
t 0.729933 0.683519 0
bt 0.707105 -0.707109 0
t 0.812792 0.582555 0
bt 0.555575 -0.831467 0
t 0.812795 0.58255 0
bt 0.659416 -0.751778 0
t 0.72993 0.683522 0
bt 0.751779 -0.659415 0
t 0.708693 0.705489 0.00628869
bt 0.258103 -0.221565 0.940368
t 0.830213 0.55741 -0.00630081
bt 0.209899 -0.26768 0.940367
t 0.831467 0.555574 0
bt 2.61677e-05 1.74871e-05 1
t 0.707107 0.707106 3.28321e-06
bt 0.000102254 -3.91669e-05 1
t 0.718589 0.695396 0.00735612
bt 0.645166 -0.645175 0.40928
t 0.822222 0.569119 -0.00734071
bt 0.506923 -0.758624 0.409289
t 0.707106 0.707107 0
bt 0 0 1
t 0.555574 0.831467 0
bt 0 0 1
t 0.555574 0.831467 0
bt 0 0 1
t 0.707106 0.707107 0
bt 0 0 1
t 0.683518 0.729934 0
bt -0.707104 0.70711 0
t 0.582553 0.812792 0
bt -0.831468 0.555573 0
t 0.58255 0.812795 0
bt -0.751775 0.659419 0
t 0.683521 0.72993 0
bt -0.659417 0.751778 0
t 0.569122 0.82222 0.00734267
bt 0.758622 -0.506928 0.409287
t 0.582554 0.812792 0
bt 0.751778 -0.659416 0
t 0.683523 0.729929 0
bt 0.659438 -0.751759 0
t 0.707106 0.707107 0
bt -5.40612e-07 -5.40591e-07 -1
t 0.555574 0.831467 2.65081e-06
bt -6.5907e-07 -9.86618e-07 -1
t 0.555574 0.831467 0
bt -4.40908e-07 -6.60034e-07 -1
t 0.707106 0.707107 0
bt -5.3576e-07 -5.35767e-07 -1
t 0.412793 0.910825 0
bt 0.923879 -0.382684 0
t 0.527983 0.849255 0
bt 0.831475 -0.555562 0
t 0.527989 0.849251 0
bt 0.896916 -0.442202 0
t 0.412796 0.910824 0
bt 0.9469 -0.32153 0
t 0.383535 0.923502 0.00674931
bt 0.322143 -0.105947 0.940744
t 0.553682 0.832704 -0.00629207
bt 0.296386 -0.166962 0.940361
t 0.555579 0.831464 -3.28407e-06
bt 0.000102619 -2.64148e-05 1
t 0.382689 0.923877 3.2818e-06
bt 0.000101627 -1.59638e-05 1
t 0.382578 0.923903 0.00600324
bt 0.853994 -0.320365 0.409951
t 0.923877 0.382689 0
bt 0 0 1
t 0.831464 0.555579 0
bt 0 0 1
t 0.831464 0.555579 0
bt 0 0 1
t 0.923877 0.382689 0
bt 0 0 1
t 0.910822 0.412799 0
bt -0.382678 0.923882 0
t 0.849257 0.52798 0
bt -0.555578 0.831464 0
t 0.849252 0.527988 0
bt -0.442204 0.896914 0
t 0.910822 0.412799 0
bt -0.382678 0.923882 0
t 0.917458 0.397765 -0.00736584
bt 0.349147 -0.842976 0.409253
t 0.849253 0.527986 0
bt 0.442198 -0.896917 0
t 0.910826 0.412791 0
bt 0.345314 -0.938487 0
t 0.923877 0.382689 0
bt -9.13523e-07 -3.78424e-07 -1
t 0.831464 0.555579 0
bt -2.37527e-07 -1.58473e-07 -1
t 0.831464 0.555579 0
bt -5.76936e-07 -3.85463e-07 -1
t 0.923877 0.382689 1.95185e-06
bt -1.21946e-06 -5.05155e-07 -1
t 0.935935 0.352174 0
bt 0.382687 -0.923878 0
t 0.956942 0.29028 0
bt 0.331923 -0.943306 0
t 0.956936 0.290301 0
bt 0.382687 -0.923878 0
t 0.935935 0.352174 0
bt 0.442208 -0.896912 0
t 0.924724 0.380586 0.00628963
bt 0.153652 -0.303482 0.940367
t 0.993966 0.0398928 -0.102178
bt 0.0834099 -0.362531 0.928231
t 1 0 0
bt 0 0 1
t 0.923876 0.382692 0
bt 0 0 1
t 0.962026 0.255304 -0.0965707
bt 0.234922 -0.909139 0.343916
t 0.382692 0.923876 0
bt 0 0 1
t 0.195096 0.980784 0
bt 0 0 1
t 0.195096 0.980784 0
bt 0 0 1
t 0.382692 0.923876 0
bt 0 0 1
t 0.327104 0.944988 0
bt -0.95694 0.290285 0
t 0.290278 0.956942 0
bt -0.978672 0.205431 0
t 0.1969 0.980424 0
bt -0.980785 0.195093 0
t 0.233128 0.972446 0
bt -0.980785 0.195091 0
t 0.352164 0.935938 0
bt -0.896914 0.442205 0
t 0.223866 0.97462 0
bt 0.98078 -0.195118 0
t 0.290289 0.956904 0.00820216
bt 0.961074 -0.276257 0.00442366
t 0.352155 0.935921 0.00617985
bt 0.896913 -0.442207 -0.000368003
t 0.382311 0.924034 0
bt -1.57232e-07 -3.79839e-07 -1
t 0.290288 0.956861 0.0122538
bt 0 0 -1
t 0.29031 0.956933 0
bt -9.0375e-08 -2.97657e-07 -1
t 0.382692 0.923876 0
bt -2.09174e-07 -5.05155e-07 -1
t 0.0979987 0.995187 4.35587e-06
bt 0 0 1
t 0.0979987 0.995187 0
bt 0 0 1
t 0.0980013 0.995186 0
bt -1 0 0
t 0.0980013 0.995186 0
bt -1 0 0
t 1 0 0
bt 0 0 1
t 1 0 0
bt 0 0 1
t 0.956936 0.290301 0
bt -0.382678 0.923882 0
t 0.95694 0.290287 0
bt -0.332008 0.943277 0
t 0.956939 0.290288 0
bt 0.268979 -0.963146 0
t 1 0 6.08956e-06
bt -2.14305e-06 0 -1
t 1 0 6.08956e-06
bt -2.14305e-06 0 -1
t -0.162804 0.986658 0
bt -0.998177 -0.0603544 0
t -0.20576 0.97857 0.00802481
bt -0.972731 -0.231927 -0.00190193
t -0.0980243 0.995184 0
bt -1 0 0
t -0.0980243 0.995184 0
bt -1 0 0
t -0.812792 0.582554 0
bt -0.659429 -0.751767 0
t -0.812792 0.582554 0
bt -0.555582 -0.831462 0
t -0.729924 0.683528 0
bt -0.707119 -0.707094 0
t -0.729928 0.683524 0
bt -0.751785 -0.659408 0
t -0.831467 0.555574 0
bt 6.5476e-05 -4.37557e-05 1
t -0.830214 0.55741 -0.00629889
bt -0.209812 -0.267626 0.940402
t -0.708693 0.705489 0.00628503
bt -0.257993 -0.221544 0.940403
t -0.707107 0.707106 -3.28256e-06
bt 0.000102273 3.91485e-05 1
t -0.822224 0.569116 -0.00733928
bt -0.506903 -0.758638 0.409289
t -0.718586 0.695399 0.00735425
bt -0.645159 -0.645182 0.40928
t -0.555574 0.831467 0
bt -2.14993e-06 3.21841e-06 1
t -0.555574 0.831467 0
bt -2.14788e-06 3.21534e-06 1
t -0.707106 0.707107 0
bt -3.48651e-06 3.48637e-06 1
t -0.707106 0.707107 0
bt -2.32545e-06 2.32536e-06 1
t -0.582558 0.812789 0
bt 0.751782 0.659411 0
t -0.538571 0.84258 0
bt 0.860297 0.509793 0
t -0.683526 0.729926 0
bt 0.707112 0.707102 0
t -0.683522 0.72993 0
bt 0.659418 0.751776 0
t -0.603316 0.797502 0
bt -0.751765 -0.659431 0
t -0.589474 0.807663 0.0141356
bt -0.757896 -0.506054 0.411708
t -0.683526 0.729926 0
bt -0.659392 -0.7518 0
t -0.587398 0.809298 0
bt -8.61122e-07 1.18644e-06 -1
t -0.587398 0.809298 2.58817e-06
bt -1.11016e-06 1.52956e-06 -1
t -0.707106 0.707107 0
bt -1.06783e-06 1.06779e-06 -1
t -0.707106 0.707107 0
bt 1.12176e-08 -1.12449e-08 -1
t -0.527989 0.849251 0
bt -0.896914 -0.442206 0
t -0.527993 0.849249 0
bt -0.831468 -0.555573 0
t -0.418423 0.908252 -0.000235773
bt -0.923877 -0.382683 -0.00243108
t -0.386986 0.922086 0
bt -0.942748 -0.333507 0
t -0.555579 0.831464 0
bt 1.94806e-05 -2.91622e-05 1
t -0.557254 0.830332 -0.00411328
bt -0.300562 -0.164942 0.939392
t -0.4115 0.9114 0.00422016
bt -0.333996 -0.121809 0.934671
t -0.408809 0.912617 -0.00247546
bt 0.000101812 1.73302e-05 1
t -0.518816 0.844134 -0.135154
bt -0.918472 -0.39051 0.062536
t -0.495577 0.799159 -0.340219
bt -0.716189 -0.642143 0.273359
t -0.831464 0.555579 0
bt 0 0 1
t -0.831464 0.555579 0
bt 0 0 1
t -0.923877 0.382689 0
bt 0 0 1
t -0.923877 0.382689 0
bt 0 0 1
t -0.84925 0.52799 0
bt 0.4422 0.896916 0
t -0.849251 0.52799 0
bt 0.555565 0.831473 0
t -0.910825 0.412792 0
bt 0.365909 0.930651 0
t -0.910823 0.412798 0
bt 0.38268 0.923881 0
t -0.849251 0.527989 0
bt -0.44221 -0.896911 0
t -0.917458 0.397766 -0.00736626
bt -0.349182 -0.842961 0.409253
t -0.910825 0.412793 0
bt -0.34535 -0.938474 0
t -0.831464 0.555579 0
bt 2.30633e-06 -1.54117e-06 -1
t -0.831464 0.555579 0
bt 2.48023e-06 -1.65721e-06 -1
t -0.923877 0.382689 0
bt 2.73427e-06 -1.13266e-06 -1
t -0.923877 0.382689 1.99297e-06
bt 1.21209e-06 -5.02103e-07 -1
t -0.956935 0.290304 0
bt -0.382678 -0.923882 0
t -0.95694 0.290285 0
bt -0.331917 -0.943309 0
t -0.935935 0.352172 0
bt -0.382678 -0.923882 0
t -0.935934 0.352174 0
bt -0.442205 -0.896914 0
t -1 0 0
bt 0 0 1
t -0.993966 0.0398924 -0.102177
bt -0.0833302 -0.362534 0.928238
t -0.924724 0.380586 0.0062897
bt -0.153655 -0.303481 0.940367
t -0.923876 0.382692 0
bt 2.69624e-05 -1.11691e-05 1
t -0.962027 0.255302 -0.0965699
bt -0.234931 -0.909137 0.343915
t -0.195096 0.980784 0
bt 0 0 1
t -0.195096 0.980784 0
bt 0 0 1
t -0.382692 0.923876 0
bt 0 0 1
t -0.382692 0.923876 0
bt -3.39044e-07 8.1879e-07 1
t -0.371667 0.928366 0
bt 0.910583 0.413326 0
t -0.20983 0.977738 0
bt 0.983593 0.180402 0
t -0.220937 0.975288 0
bt 0.952774 0.30368 0
t -0.337384 0.941367 0
bt 0.931601 0.363483 0
t -0.345647 0.935395 0.0745969
bt 0.980522 0.195787 0.0156313
t -0.538308 0.842748 0
bt 0.945012 0.327036 0
t -0.538319 0.842741 0
bt -0.831483 -0.55555 0
t -0.538324 0.842738 0
bt -9.34343e-07 1.46225e-06 -1
t -0.538324 0.842738 0
bt 3.10589e-07 -4.86071e-07 -1
t -0.0979987 0.995187 0
bt 0 0 1
t -0.0979987 0.995187 4.44355e-06
bt 0 0 1
t -0.0980243 0.995184 0
bt 1 0 0
t -0.0445794 0.999006 0
bt 0.983593 0.180402 0
t -1 0 0
bt 0 0 1
t -1 0 0
bt 0 0 1
t -0.95694 0.290287 0
bt 0.332008 0.943277 0
t -0.95694 0.290287 0
bt 0.332008 0.943277 0
t -0.956941 0.290282 0
bt -0.268984 -0.963145 0
t -1 0 6.21785e-06
bt -2.13553e-06 0 -1
t -1 0 6.21785e-06
bt -2.13553e-06 0 -1
t 0.0974285 0.995243 0
bt 0.98078 -0.195118 0
t -0.632325 0.34461 -0.693836
bt -0.220417 -0.433963 0.873552
t -0.999769 0 -0.0214807
bt 0 0 1

