g sponza_122
t 0 -1.62592e-07 -1
bt 0 -1 0
t 0 0 -1
bt 0 -1 1.99253e-05
t 0 -1.62592e-07 -1
bt 0 -1 0
t 0 -1.62592e-07 -1
bt 0 -1 0
t -1 0 0
bt 0 -1 0
t -1 0 0
bt 2.65671e-05 -1 0
t -1 0 0
bt 0 -1 0
t -1 0 0
bt 0 -1 0
t 0 1.99486e-05 1
bt 0 -1 -1.99253e-05
t 0 1.62592e-07 1
bt 0 -1 0
t 0 1.99486e-05 1
bt 0 -1 -1.99253e-05
t 0 1.99486e-05 1
bt 0 -1 -1.99253e-05
t 1 0 0
bt 2.65677e-05 -1 0
t 1 5.68788e-06 0
bt 0 -1 0
t 1 0 0
bt 2.65677e-05 -1 0
t 1 0 0
bt 2.65677e-05 -1 0
t -0.0621736 -0.237498 -0.969396
bt 0.962372 -0.266207 -0.0545367
t -0.0621736 -0.237498 -0.969396
bt 0.962329 -0.266288 -0.0548887
t 0.0621723 0.237498 -0.969396
bt 0.962329 -0.266288 0.0548893
t 0.0621723 0.237498 -0.969396
bt 0.962329 -0.266288 0.0548893
t -0.969396 -0.237498 0.062173
bt -0.0545318 -0.266206 -0.962372
t -0.969396 -0.237498 0.0621729
bt -0.0548926 -0.266289 -0.962329
t -0.969396 0.237498 -0.0621729
bt 0.0548951 -0.26629 -0.962329
t -0.969396 0.237498 -0.0621729
bt 0.0548951 -0.26629 -0.962329
t 0.0621948 -0.237492 0.969396
bt -0.962373 -0.266206 0.0545301
t 0.0621729 -0.237498 0.969396
bt -0.962329 -0.266288 0.0548894
t -0.062151 0.237504 0.969396
bt -0.962329 -0.266289 -0.0548941
t -0.062151 0.237504 0.969396
bt -0.962329 -0.266289 -0.0548941
t 0.969396 -0.237498 -0.0621731
bt 0.0545056 -0.2662 0.962376
t 0.969396 -0.237498 -0.0621731
bt 0.0548834 -0.266287 0.96233
t 0.969396 0.237498 0.0621727
bt -0.0549208 -0.266295 0.962326
t 0.969396 0.237498 0.0621727
bt -0.0549208 -0.266295 0.962326

