g sponza_29
t -0.999982 0 0.00598053
bt 0.000320403 0 -1
t -1 0 0
bt 0.0142918 0 -0.999898
t -1 0 -0.000211254
bt 0.000262951 0 -1
t -0.999994 0 0.00354622
bt -0.00803651 0 -0.999968
t -0.999834 0 0.0182308
bt 0 0 -1
t -1 0 -0.000140201
bt -0.0137728 0 -0.999905
t -1 0 0
bt -0.040966 0 -0.999161
t -0.999831 0 0.0183644
bt 0 0 -1
t 1 0 0
bt -4.4195e-05 -1 0
t 1 0 0
bt 4.64869e-05 -1 0
t 1 0 0
bt -4.4195e-05 -1 0
t 1 0 0
bt -4.4195e-05 -1 0
t 0 0 -1
bt 0 -1 0.00052994
t 0 0 -1
bt 0 -1 -4.71756e-05
t 0 0 -1
bt 0 -1 0.00052994
t 0 0 -1
bt 0 -1 0.00052994
t -1 0 0
bt 4.657e-05 -1 0
t -1 0 0
bt -4.45076e-05 -1 0
t -1 0 0
bt 4.657e-05 -1 0
t -1 0 0
bt 4.657e-05 -1 0
t 0 0 1
bt 0 -1 -0.000529827
t 0 0 1
bt 0 -1 -0.000113901
t 0 0 1
bt 0 -1 -0.000529827
t 0 0 1
bt 0 -1 -0.000529827
t 1 -6.80404e-07 -1.46295e-07
bt -0.00160505 -0.977658 -0.210194
t 1 -2.04023e-06 -4.38676e-07
bt -0.0021284 -0.977657 -0.210194
t 1 0 0
bt -0.00242266 -0.992868 -0.119196
t 1 0 0
bt -0.00242266 -0.992868 -0.119196
t 0 0 -1
bt -0.210194 -0.977658 0.00160443
t 0 0 -1
bt -0.210194 -0.977657 0.00212163
t 0 0 -1
bt -0.119196 -0.992868 0.0024216
t 0 0 -1
bt -0.119196 -0.992868 0.0024216
t -1 0 0
bt 0.00159441 -0.977658 0.210194
t -1 0 0
bt 0.0021159 -0.977657 0.210194
t -1 0 0
bt 0.0024133 -0.992868 0.119196
t -1 0 0
bt 0.0024133 -0.992868 0.119196
t 0 0 1
bt 0.210201 -0.977655 -0.00243187
t -4.38589e-07 2.04004e-06 1
bt 0.210201 -0.977653 -0.00320677
t 0 0 1
bt 0.119196 -0.992868 -0.00242152
t 0 0 1
bt 0.119196 -0.992868 -0.00242152
t 1 0 0
bt 0.00028526 -1 0
t 1 0 0
bt -0.000343528 -1 0
t 1 0 0
bt 0.00028526 -1 0
t 1 0 0
bt 0.00028526 -1 0
t 0 0 -1
bt 0 -1 -0.000310771
t 0 0 -1
bt 0 -1 0.00030234
t 0 0 -1
bt 0 -1 -0.000310771
t 0 0 -1
bt 0 -1 -0.000310771
t -1 0 0
bt -0.00034324 -1 0
t -1 0 0
bt 0.000287572 -1 0
t -1 0 0
bt -0.00034324 -1 0
t -1 0 0
bt -0.00034324 -1 0
t 0 0 1
bt 0 -1 0.000302654
t 0 0 1
bt 0 -1 -0.000310843
t 0 0 1
bt 0 -1 0.000302654
t 0 0 1
bt 0 -1 0.000302654
t 1 0 0
bt -0.587394 -0.534942 -0.607293
t 0.999999 0.000818556 0.000929266
bt 0.582968 -0.537053 -0.60969
t 1 0 0
bt -0.587394 -0.534942 -0.607293
t 1 0 0
bt -0.587394 -0.534942 -0.607293
t 0 0 -1
bt -0.75044 -0.660935 0.00209482
t 0.000312308 0.000275059 -1
bt -0.602767 -0.530875 -0.595688
t 0 0 -1
bt -0.75044 -0.660935 0.00209482
t 0 0 -1
bt -0.75044 -0.660935 0.00209482
t -1 0 0
bt 0.591442 -0.53299 0.605077
t -1 0 0
bt -0.582954 -0.53706 0.609697
t -1 0 0
bt 0.591442 -0.53299 0.605077
t -1 0 0
bt 0.591442 -0.53299 0.605077
t 0 0 1
bt 0.602935 -0.531024 -0.595385
t 0.000951454 -0.000837975 0.999999
bt 0.604974 -0.532819 0.591702
t 0 0 1
bt 0.602935 -0.531024 -0.595385
t 0 0 1
bt 0.602935 -0.531024 -0.595385
t 1 0 0
bt 0.000589278 -0.765378 0.643581
t 1 0 0
bt -0.000624768 -0.765378 0.643581
t 1 0 0
bt 0.000589278 -0.765378 0.643581
t 1 0 0
bt 0.000589278 -0.765378 0.643581
t 0 0 -1
bt 0.643631 -0.765336 -0.000608129
t 0 0 -1
bt 0.64363 -0.765336 0.000604838
t 0 0 -1
bt 0.643631 -0.765336 -0.000608129
t 0 0 -1
bt 0.643631 -0.765336 -0.000608129
t -1 0 0
bt -0.000585061 -0.765378 -0.643581
t -1 0 0
bt 0.000624751 -0.765378 -0.643581
t -1 0 0
bt -0.000585061 -0.765378 -0.643581
t -1 0 0
bt -0.000585061 -0.765378 -0.643581
t 0 0 1
bt -0.643689 -0.765287 0.000571751
t 0 0 1
bt -0.643689 -0.765287 -0.000639635
t 0 0 1
bt -0.643689 -0.765287 0.000571751
t 0 0 1
bt -0.643689 -0.765287 0.000571751
t 1 0 0
bt 0.00376918 -0.729485 -0.683986
t 1 0 0
bt -0.00348534 -0.729486 -0.683987
t 1 0 0
bt 0.00376918 -0.729485 -0.683986
t 1 0 0
bt 0.00376918 -0.729485 -0.683986
t 0 0 -1
bt -0.683986 -0.729485 -0.00369418
t 0 0 -1
bt -0.683967 -0.729465 -0.00842212
t 0 0 -1
bt -0.683986 -0.729485 -0.00369418
t 0 0 -1
bt -0.683986 -0.729485 -0.00369418
t -1 0 0
bt -0.00368766 -0.729485 0.683986
t -1 0 0
bt -0.00835369 -0.729465 0.683967
t -1 0 0
bt -0.00368766 -0.729485 0.683986
t -1 0 0
bt -0.00368766 -0.729485 0.683986
t 0 0 1
bt 0.684089 -0.729389 0.0036991
t 0 0 1
bt 0.68407 -0.729368 0.00842966
t 0 0 1
bt 0.684089 -0.729389 0.0036991
t 0 0 1
bt 0.684089 -0.729389 0.0036991
t 1 0 0
bt -0.00200698 -0.729489 0.68399
t 1 0 0
bt 0.00216729 -0.729489 0.683989
t 1 0 0
bt -0.00200698 -0.729489 0.68399
t 1 0 0
bt -0.00200698 -0.729489 0.68399
t 0 0 -1
bt 0.683989 -0.729488 0.0023602
t 0 0 -1
bt 0.683956 -0.729453 0.0101124
t 0 0 -1
bt 0.683989 -0.729488 0.0023602
t 0 0 -1
bt 0.683989 -0.729488 0.0023602
t -1 0 0
bt 0.00238888 -0.729488 -0.683989
t -1 0 0
bt 0.0101231 -0.729453 -0.683956
t -1 0 0
bt 0.00238888 -0.729488 -0.683989
t -1 0 0
bt 0.00238888 -0.729488 -0.683989
t 0 0 1
bt -0.684092 -0.729392 -0.00235802
t 0 0 1
bt -0.684059 -0.729356 -0.0101169
t 0 0 1
bt -0.684092 -0.729392 -0.00235802
t 0 0 1
bt -0.684092 -0.729392 -0.00235802
t 1 0 0
bt -0.000473088 -0.900949 -0.433924
t 1 0 0
bt 0.000451105 -0.900949 -0.433924
t 1 0 0
bt -0.000336074 -0.927306 -0.374303
t 1 -6.12125e-07 -2.47077e-07
bt -0.000299064 -0.927306 -0.374303
t 0 0 -1
bt -0.434005 -0.90091 0.000473621
t 0 0 -1
bt -0.434005 -0.90091 -0.000436561
t 0 0 -1
bt -0.374388 -0.927272 0.000335028
t 0 0 -1
bt -0.374388 -0.927272 0.000299515
t -1 0 0
bt 0.000496891 -0.900949 0.433924
t -1 0 0
bt -0.000426005 -0.900949 0.433924
t -1 0 0
bt 0.000347374 -0.927306 0.374303
t -1 0 0
bt 0.000310586 -0.927306 0.374303
t 0 0 1
bt 0.434005 -0.90091 -0.000482768
t 0 0 1
bt 0.434005 -0.90091 0.000427322
t 0 0 1
bt 0.374303 -0.927306 -0.000338739
t -2.47112e-07 6.12212e-07 1
bt 0.374303 -0.927306 -0.000302325
t -4.38904e-07 2.0415e-06 1
bt 0.21022 -0.977654 6.04783e-05
t -4.38904e-07 2.0415e-06 1
bt 0.21022 -0.977654 6.04783e-05
t 0.707107 2.27228e-08 -0.707107
bt 6.79817e-05 -1 0.000497708
t 0.707107 3.27375e-08 -0.707107
bt 1.78724e-05 -1 0.000547818
t 0.707107 2.27228e-08 -0.707107
bt 6.79817e-05 -1 0.000497708
t 0.707107 2.27228e-08 -0.707107
bt 6.79817e-05 -1 0.000497708
t 0.579973 0.21337 0.786196
bt 0.634138 -0.766017 -0.105293
t 0.558732 0.287695 0.77785
bt 0.570644 -0.819411 -0.0541387
t 0.579595 0.25518 0.77392
bt 0.558797 -0.826243 -0.0711903
t 0.579973 0.21337 0.786196
bt 0.634138 -0.766017 -0.105293
t -0.707107 -1.81851e-08 -0.707107
bt 1.79269e-05 -1 -0.000547763
t -0.707107 -2.45499e-08 -0.707107
bt 6.34198e-05 -1 -0.00050227
t -0.707107 -1.81851e-08 -0.707107
bt 1.79269e-05 -1 -0.000547763
t -0.707107 -1.81851e-08 -0.707107
bt 1.79269e-05 -1 -0.000547763
t -0.707207 -1.61036e-08 0.707007
bt -6.67553e-05 -1 -0.000498874
t -0.707107 2.45499e-08 0.707107
bt -1.79268e-05 -1 -0.000547763
t -0.707107 -7.26739e-08 0.707107
bt -6.67885e-05 -1 -0.000498901
t -0.707207 -1.61036e-08 0.707007
bt -6.67553e-05 -1 -0.000498874
t 0.63904 -0.292702 -0.711304
bt -0.0268373 -0.976351 -0.214521
t 0.732527 0.200706 -0.650478
bt -0.0664335 -0.945109 -0.319931
t 0.675046 -0.126654 -0.726823
bt -0.067333 -0.94532 -0.319118
t 0.63904 -0.292702 -0.711304
bt -0.0268373 -0.976351 -0.214521
t 0.707107 -3.27225e-08 0.707107
bt -9.00031e-05 -1 0.000475687
t 0.707207 1.15832e-08 0.707007
bt -0.000703373 -1 -0.000137564
t 0.707207 -8.92909e-08 0.707007
bt -8.99732e-05 -1 0.000475662
t 0.707107 -3.27225e-08 0.707107
bt -9.00031e-05 -1 0.000475687
t -0.630822 0.315739 -0.708782
bt -0.0236459 -0.975759 0.217566
t -0.732086 -0.192 -0.653595
bt -0.0671069 -0.945267 0.319322
t -0.670516 0.141357 -0.728304
bt -0.0635879 -0.944431 0.322499
t -0.630822 0.315739 -0.708782
bt -0.0236459 -0.975759 0.217566
t -0.708951 0.314317 0.631343
bt 0.217542 -0.975764 0.0236704
t -0.653723 -0.191639 0.732066
bt 0.31935 -0.94526 0.0670757
t -0.72819 0.140158 0.670892
bt 0.322496 -0.944432 0.0635922
t -0.708951 0.314317 0.631343
bt 0.217542 -0.975764 0.0236704
t 0.690578 0.219957 0.689
bt -0.00571651 -0.999981 0.00234395
t 0.662302 0.355672 0.659435
bt -0.0141062 -0.999882 -0.00604602
t 0.690676 0.219956 0.688902
bt -0.00571675 -0.999981 0.00234419
t 0.690578 0.219957 0.689
bt -0.00571651 -0.999981 0.00234395
t 0.68891 0.21991 -0.690683
bt 0.00188625 -0.999979 0.00617467
t 0.659438 0.355661 -0.662305
bt -0.0134939 -0.999677 0.0215524
t 0.68891 0.21991 -0.690683
bt 0.00188625 -0.999979 0.00617467
t 0.68891 0.21991 -0.690683
bt 0.00188625 -0.999979 0.00617467
t -0.687965 -0.225617 -0.689784
bt -0.0123594 -0.999715 -0.0204182
t -0.668694 -0.319753 -0.671272
bt 0.00131588 -0.999976 -0.00674503
t -0.687965 -0.225617 -0.689784
bt -0.0123594 -0.999715 -0.0204182
t -0.687965 -0.225617 -0.689784
bt -0.0123594 -0.999715 -0.0204182
t -0.689419 -0.227281 0.687782
bt -0.02042 -0.999715 0.0123658
t -0.664944 -0.345537 0.662158
bt -0.00672324 -0.999977 -0.00133766
t -0.689517 -0.227281 0.687685
bt -0.0204223 -0.999715 0.0123635
t -0.689419 -0.227281 0.687782
bt -0.02042 -0.999715 0.0123658
t 0.883365 -0.347261 -0.314764
bt 0.107352 -0.565131 0.817986
t 0.872386 -0.481569 -0.0838709
bt 0.0620305 -0.547528 0.834485
t 0.883365 -0.347261 -0.314764
bt 0.107352 -0.565131 0.817986
t 0.88342 -0.34717 -0.314709
bt 0.107319 -0.565185 0.817954
t 0.314673 -0.347322 0.883373
bt -0.798175 -0.582141 0.155014
t 0.0837872 -0.481611 0.872371
bt -0.834512 -0.547496 0.0619494
t 0.314673 -0.347322 0.883373
bt -0.798175 -0.582141 0.155014
t 0.314673 -0.347322 0.883373
bt -0.798175 -0.582141 0.155014
t -0.868097 0.279533 -0.410205
bt 0.104395 -0.564015 -0.819139
t -0.843396 0.536181 0.034539
bt 0.0937215 -0.559983 -0.823186
t -0.868057 0.279599 -0.410246
bt 0.10439 -0.564023 -0.819134
t -0.868097 0.279533 -0.410205
bt 0.104395 -0.564015 -0.819139
t -0.40505 0.283491 0.869234
bt -0.819125 -0.564032 -0.104414
t 0.0186314 0.529385 0.848177
bt -0.823189 -0.55998 -0.093715
t -0.40505 0.283491 0.869234
bt -0.819125 -0.564032 -0.104414
t -0.40505 0.283491 0.869234
bt -0.819125 -0.564032 -0.104414
t 0.675051 -0.0278471 -0.737245
bt -0.594516 -0.534972 -0.600296
t 0.707065 -3.69681e-05 -0.707148
bt -0.587406 -0.534923 -0.607298
t 0.675051 -0.0278471 -0.737245
bt -0.594516 -0.534972 -0.600296
t 0.675051 -0.0278471 -0.737245
bt -0.594516 -0.534972 -0.600296
t 0.707112 -4.22962e-06 0.707102
bt 0.581028 -0.534835 -0.61348
t 0.707065 3.70381e-05 0.707148
bt 0.595659 -0.534975 -0.59916
t 0.707112 -4.22962e-06 0.707102
bt 0.581028 -0.534835 -0.61348
t 0.707112 -4.22962e-06 0.707102
bt 0.581028 -0.534835 -0.61348
t -0.722674 -0.0141621 -0.691044
bt -0.580426 -0.534825 0.614058
t -0.707076 2.77364e-05 -0.707138
bt -0.601179 -0.534969 0.593626
t -0.722674 -0.0141621 -0.691044
bt -0.580426 -0.534825 0.614058
t -0.722674 -0.0141621 -0.691044
bt -0.580426 -0.534825 0.614058
t -0.707107 0 0.707107
bt 0.600967 -0.534969 0.593841
t -0.707076 -2.77385e-05 0.707138
bt 0.593689 -0.534969 0.601117
t -0.707107 0 0.707107
bt 0.600967 -0.534969 0.593841
t -0.707107 0 0.707107
bt 0.600967 -0.534969 0.593841
t 0.3097 0.318561 0.895882
bt 0.838634 -0.528207 -0.133003
t 0.707158 3.33882e-05 0.707056
bt 0.834396 -0.531946 -0.144281
t 0.309752 0.318656 0.89583
bt 0.838665 -0.528151 -0.133033
t 0.3097 0.318561 0.895882
bt 0.838634 -0.528207 -0.133003
t 0.895828 0.318559 -0.309857
bt -0.0891444 -0.512696 -0.85393
t 0.707175 -1.52488e-05 -0.707039
bt -0.057321 -0.500708 -0.863716
t 0.895867 0.318488 -0.309819
bt -0.0891483 -0.512689 -0.853934
t 0.895815 0.318584 -0.309871
bt -0.0891812 -0.512628 -0.853967
t -0.878333 -0.259169 -0.4017
bt -0.124235 -0.525129 0.841906
t -0.707146 4.69411e-05 -0.707068
bt -0.0388659 -0.493487 0.868884
t -0.87835 -0.259137 -0.401683
bt -0.124199 -0.525196 0.841869
t -0.878333 -0.259169 -0.4017
bt -0.124235 -0.525129 0.841906
t -0.373674 -0.27785 0.884968
bt 0.841909 -0.525154 0.124111
t -0.707129 -6.51005e-05 0.707085
bt 0.868924 -0.493415 0.0388867
t -0.373728 -0.277949 0.884913
bt 0.84194 -0.525097 0.124141
t -0.373674 -0.27785 0.884968
bt 0.841909 -0.525154 0.124111
t 0.707128 2.25377e-05 0.707086
bt -0.832393 -0.530061 0.161736
t 0.16664 -0.393244 0.904207
bt -0.889041 -0.456651 -0.0328019
t 0.707098 7.8999e-05 0.707116
bt -0.832357 -0.530127 0.1617
t 0.707158 -3.39002e-05 0.707056
bt -0.832386 -0.530074 0.161729
t 0.707175 1.58367e-05 -0.707039
bt 0.0328654 -0.483909 0.874501
t 0.904213 -0.393165 -0.166793
bt 0.0328285 -0.483895 0.87451
t 0.707175 1.58367e-05 -0.707039
bt 0.0328654 -0.483909 0.874501
t 0.707175 1.58367e-05 -0.707039
bt 0.0328654 -0.483909 0.874501
t -0.707145 -4.74247e-05 -0.707068
bt 0.0328344 -0.483897 -0.874509
t -0.89063 0.452849 -0.0413034
bt 0.0221634 -0.479636 -0.877188
t -0.707145 -4.74247e-05 -0.707068
bt 0.0328344 -0.483897 -0.874509
t -0.707145 -4.74247e-05 -0.707068
bt 0.0328344 -0.483897 -0.874509
t -0.707128 6.54735e-05 0.707085
bt -0.874553 -0.483817 -0.0328382
t -0.0235175 0.460566 0.887314
bt -0.877185 -0.47964 -0.0221731
t -0.707068 -4.74207e-05 0.707145
bt -0.874517 -0.483884 -0.0328024
t -0.707128 6.54735e-05 0.707085
bt -0.874553 -0.483817 -0.0328382
t 0.650482 0.200695 0.732527
bt 0.313355 -0.946773 -0.0736896
t 0.711298 -0.292766 0.639018
bt 0.207589 -0.977622 -0.0340849
t 0.665404 0.20799 0.716922
bt 0.208819 -0.977404 -0.0328004
t 0.650482 0.200695 0.732527
bt 0.313355 -0.946773 -0.0736896
t 0.782406 0.35542 -0.511388
bt -0.0655389 -0.824 -0.562787
t 0.785867 0.212464 -0.580752
bt -0.0965782 -0.762589 -0.639633
t 0.808859 0.343513 -0.477227
bt -0.0925764 -0.761005 -0.642106
t 0.779609 0.305284 -0.54682
bt -0.0672239 -0.824667 -0.56161
t -0.781057 -0.325083 -0.533171
bt -0.0512608 -0.818201 0.572643
t -0.786975 -0.216857 -0.577619
bt -0.0981673 -0.763213 0.638647
t -0.805672 -0.31471 -0.501847
bt -0.0762292 -0.754351 0.65203
t -0.777701 -0.285243 -0.560195
bt -0.054974 -0.819734 0.570099
t -0.516061 -0.349209 0.782135
bt 0.572731 -0.818142 0.0512122
t -0.577443 -0.216915 0.787088
bt 0.63861 -0.763246 0.0981434
t -0.48257 -0.337313 0.808298
bt 0.652043 -0.754353 0.0761062
t -0.549177 -0.301985 0.779237
bt 0.570182 -0.81968 0.054933
t 0 0 1
bt -0.659001 -0.657512 0.365233
t 0 0 1
bt -0.667696 -0.666187 -0.332231
t 0 0 1
bt -0.659001 -0.657512 0.365233
t 0 0 1
bt -0.659001 -0.657512 0.365233
t -0.707005 1.60796e-05 0.707209
bt -0.604572 -0.580654 -0.545284
t -0.70709 1.68615e-05 0.707123
bt -0.432243 -0.570849 -0.698067
t -0.707034 7.36578e-05 0.70718
bt -0.604549 -0.580698 -0.545261
t -0.707005 1.60796e-05 0.707209
bt -0.604572 -0.580654 -0.545284
t -0.999959 0.00643708 0.00644984
bt -0.365408 -0.657557 -0.65886
t -1 0 0
bt 0.334781 -0.665644 -0.666963
t -0.999959 0.00643708 0.00644984
bt -0.365408 -0.657557 -0.65886
t -0.999959 0.00643708 0.00644984
bt -0.365408 -0.657557 -0.65886
t -0.707188 -4.95783e-06 -0.707026
bt 0.545568 -0.580663 -0.604306
t -0.707153 -4.05096e-05 -0.707061
bt 0.696554 -0.571077 -0.434376
t -0.707188 -4.95783e-06 -0.707026
bt 0.545568 -0.580663 -0.604306
t -0.707188 -4.95783e-06 -0.707026
bt 0.545568 -0.580663 -0.604306
t 0.00101516 -0.00101287 -0.999999
bt 0.659 -0.657511 -0.365238
t 0 0 -1
bt 0.667102 -0.665594 0.334604
t 0.00101516 -0.00101287 -0.999999
bt 0.659 -0.657511 -0.365238
t 0.00101516 -0.00101287 -0.999999
bt 0.659 -0.657511 -0.365238
t 0.707193 -3.05386e-07 -0.70702
bt 0.604382 -0.580656 0.545492
t 0.707153 4.07136e-05 -0.707061
bt 0.434447 -0.57111 0.696484
t 0.707193 -3.05386e-07 -0.70702
bt 0.604382 -0.580656 0.545492
t 0.707193 -3.05386e-07 -0.70702
bt 0.604382 -0.580656 0.545492
t 1 -0.000510971 0.000511984
bt 0.36597 -0.657401 0.658704
t 0.999991 0.00296791 -0.00297379
bt -0.38845 -0.650932 0.652222
t 1 -0.000510971 0.000511984
bt 0.36597 -0.657401 0.658704
t 1 -0.000510971 0.000511984
bt 0.36597 -0.657401 0.658704
t 0.875845 0.227419 0.425648
bt -0.569568 -0.581142 0.581263
t 0.841299 0.164965 0.514785
bt -0.734128 -0.56267 0.380077
t 0.875845 0.227419 0.425648
bt -0.569568 -0.581142 0.581263
t 0.875845 0.227419 0.425648
bt -0.569568 -0.581142 0.581263
t 0 0 1
bt 0 -1 0
t 0 0 1
bt 0 -1 0
t 0 0 1
bt 0 -1 0
t 0 0 1
bt 0 -1 0
t -0.707107 0 0.707107
bt 0 -1 0
t -0.707107 0 0.707107
bt 0 -1 0
t -0.707107 0 0.707107
bt 0 -1 0
t -0.707107 0 0.707107
bt 0 -1 0
t -1 0 0
bt 0 -1 0
t -1 0 0
bt 0 -1 0
t -1 0 0
bt 0 -1 0
t -1 0 0
bt 0 -1 0
t -0.707107 0 -0.707107
bt 0 -1 0
t -0.707107 0 -0.707107
bt 0 -1 0
t -0.707107 0 -0.707107
bt 0 -1 0
t -0.707107 0 -0.707107
bt 0 -1 0
t 0 0 -1
bt 0 -1 0
t 0 0 -1
bt 0 -1 0
t 0 0 -1
bt 0 -1 0
t 0 0 -1
bt 0 -1 0
t 0.707107 0 -0.707107
bt 0 -1 0
t 0.707107 0 -0.707107
bt 0 -1 0
t 0.707107 0 -0.707107
bt 0 -1 0
t 0.707107 0 -0.707107
bt 0 -1 0
t 1 0 0
bt 0 -1 0
t 1 0 0
bt 0 -1 0
t 1 0 0
bt 0 -1 0
t 1 0 0
bt 0 -1 0
t 0.707107 0 0.707107
bt 0 -1 0
t 0.707107 0 0.707107
bt 0 -1 0
t 0.707107 0 0.707107
bt 0 -1 0
t 0.707107 0 0.707107
bt 0 -1 0
t 0 0 1
bt 0.519777 -0.801104 -0.296757
t 0.00207832 -0.00320321 0.999993
bt 0.524031 -0.80766 0.270327
t 0 0 1
bt 0.519777 -0.801104 -0.296757
t 0 0 1
bt 0.519777 -0.801104 -0.296757
t -0.99997 0.00650602 -0.00422127
bt 0.297049 -0.801028 0.519727
t -0.99997 0.00644408 -0.00418109
bt -0.294937 -0.801577 0.520084
t -0.99997 0.00650602 -0.00422127
bt 0.297049 -0.801028 0.519727
t -0.99997 0.00650602 -0.00422127
bt 0.297049 -0.801028 0.519727
t -0.000706898 -0.0010895 -0.999999
bt -0.523691 -0.807136 0.272544
t -0.000693728 -0.0010692 -0.999999
bt -0.520092 -0.80159 -0.294887
t -0.000706898 -0.0010895 -0.999999
bt -0.523691 -0.807136 0.272544
t -0.000706898 -0.0010895 -0.999999
bt -0.523691 -0.807136 0.272544
t 1 -0.00054468 -0.000353403
bt -0.297398 -0.800937 -0.519668
t 1 -0.000534392 -0.000346728
bt 0.0615121 -0.837305 -0.543265
t 1 -0.00054468 -0.000353403
bt -0.297398 -0.800937 -0.519668
t 1 -0.00054468 -0.000353403
bt -0.297398 -0.800937 -0.519668
t 0.578452 0.170778 0.797639
bt 0.469121 -0.740885 -0.48064
t 0.655548 0.0746083 0.751459
bt 0.51539 -0.739651 -0.43277
t 0.578452 0.170778 0.797639
bt 0.469121 -0.740885 -0.48064
t 0.578452 0.170778 0.797639
bt 0.469121 -0.740885 -0.48064
t 0.707146 6.08711e-05 -0.707068
bt -0.498238 -0.740498 -0.451023
t 0.707103 -5.43395e-06 -0.70711
bt -0.449647 -0.740449 -0.499553
t 0.707146 6.08711e-05 -0.707068
bt -0.498238 -0.740498 -0.451023
t 0.707146 6.08711e-05 -0.707068
bt -0.498238 -0.740498 -0.451023
t -0.706983 1.74999e-05 0.707231
bt 0.500478 -0.740417 0.448671
t -0.706935 -5.72231e-05 0.707278
bt 0.449597 -0.740444 0.499605
t -0.706983 1.74999e-05 0.707231
bt 0.500478 -0.740417 0.448671
t -0.706983 1.74999e-05 0.707231
bt 0.500478 -0.740417 0.448671
t -0.707142 -5.53524e-05 -0.707071
bt -0.451011 -0.740497 0.49825
t -0.707042 -4.01798e-06 -0.707172
bt -0.501965 -0.740386 0.447058
t -0.707142 -5.53524e-05 -0.707071
bt -0.451011 -0.740497 0.49825
t -0.707142 -5.53524e-05 -0.707071
bt -0.451011 -0.740497 0.49825
t 0 0 -1
bt 0 1 0
t 0 0 -1
bt 0 1 0
t 0 0 -1
bt 0 1 0
t 0 0 -1
bt 0 1 0
t 0.707107 0 -0.707107
bt 0 1 0
t 0.707107 0 -0.707107
bt 0 1 0
t 0.707107 0 -0.707107
bt 0 1 0
t 0.707107 0 -0.707107
bt 0 1 0
t 1 0 0
bt 0 1 0
t 1 0 0
bt 0 1 0
t 1 0 0
bt 0 1 0
t 1 0 0
bt 0 1 0
t 0.707207 0 0.707007
bt 0 1 0
t 0.707207 0 0.707007
bt 0 1 0
t 0.707207 0 0.707007
bt 0 1 0
t 0.707207 0 0.707007
bt 0 1 0
t 0 0 1
bt 0 1 0
t 0 0 1
bt 0 1 0
t 0 0 1
bt 0 1 0
t 0 0 1
bt 0 1 0
t -0.707157 0 0.707057
bt 0 1 0
t -0.707157 0 0.707057
bt 0 1 0
t -0.707157 0 0.707057
bt 0 1 0
t -0.707157 0 0.707057
bt 0 1 0
t -1 0 0
bt 0 1 0
t -1 0 0
bt 0 1 0
t -1 0 0
bt 0 1 0
t -1 0 0
bt 0 1 0
t -0.707057 0 -0.707157
bt 0 1 0
t -0.707057 0 -0.707157
bt 0 1 0
t -0.707057 0 -0.707157
bt 0 1 0
t -0.707057 0 -0.707157
bt 0 1 0
t 0.259786 -0.00591483 0.965648
bt -0.631991 -0.444884 0.634559
t -0.259628 0.00589678 0.965691
bt -0.64748 -0.450286 -0.614826
t -0.0877854 0.185467 0.978721
bt -0.767879 -0.22428 0.60005
t 0.291372 -0.0831538 0.952989
bt -0.626691 -0.444974 0.639732
t -0.965685 -0.00585538 0.259649
bt -0.634443 -0.444918 -0.632084
t -0.965665 0.00584025 -0.259724
bt 0.634137 -0.444953 -0.632366
t -0.978719 0.185487 -0.0877643
bt -0.600258 -0.224047 -0.767784
t -0.952953 -0.0831075 0.291503
bt -0.639616 -0.444943 -0.626831
t -0.259692 -0.00585933 -0.965674
bt 0.841225 -0.495455 -0.216484
t 0.2597 0.00585437 -0.965672
bt 0.647518 -0.450299 0.614778
t 0.291426 0.0831487 -0.952973
bt 0.851846 -0.460811 0.249023
t -0.291407 -0.0831587 -0.952978
bt 0.857582 -0.459411 -0.231288
t 0.965667 -0.00584464 -0.259717
bt 0.634343 -0.444894 0.632201
t 0.965659 0.0057953 0.25975
bt -0.614724 -0.450405 0.647495
t 0.978719 0.185487 0.0877643
bt 0.600136 -0.224112 0.767861
t 0.952971 -0.0831459 -0.291431
bt 0.639568 -0.444952 0.626874
t 0.746488 -0.135137 0.651532
bt -0.609834 -0.450094 0.652318
t -0.651187 -0.134971 0.746818
bt -0.651636 -0.450069 -0.61058
t -0.259692 -0.00585933 -0.965674
bt 0.841225 -0.495455 -0.216484
t -0.291407 -0.0831587 -0.952978
bt 0.857582 -0.459411 -0.231288
t -0.74657 -0.13508 -0.65145
bt 0.638047 -0.445236 -0.628221
t -0.252714 0 0.967541
bt -0.99378 0 0.111363
t -0.252714 0 0.967541
bt -0.940684 0 -0.339285
t 0 0 1
bt -0.942598 0 0.33393
t 0 0 1
bt -0.942598 0 0.33393
t -0.707081 0 0.707132
bt -0.936111 0 -0.351706
t -0.862856 0 0.505449
bt -0.32133 0 -0.946967
t -0.967541 0 -0.252714
bt -0.111065 0 -0.993813
t -0.967541 0 -0.252714
bt 0.339613 0 -0.940565
t -1 0 0
bt -0.333815 0 -0.942639
t -0.707132 0 -0.707081
bt 0.352351 0 -0.935868
t -0.505433 0 -0.862866
bt 0.946664 0 -0.322222
t 0 0 -1
bt 0.942596 0 -0.333936
t 0 0 -1
bt 0.942878 0 0.333138
t 0 0 -1
bt 0.942596 0 -0.333936
t 0.707132 0 -0.707081
bt 0.935892 0 0.352287
t 0.862299 0 -0.506399
bt 0.322132 0 0.946695
t 0.707132 0 -0.707081
bt 0.935892 0 0.352287
t 0.707132 0 -0.707081
bt 0.935892 0 0.352287
t 0.999994 0 -0.00350891
bt 0.333601 0 0.942714
t 0.985148 0 0.171709
bt -0.209329 0 0.977845
t 0.999994 0 -0.00350891
bt 0.333601 0 0.942714
t 0.866265 0 0.499585
bt -0.584786 0 0.811188
t 0.70711 0 0.707104
bt -0.94903 0 0.315185
t 0.985148 0 0.171709
bt -0.209329 0 0.977845
t 0.866265 0 0.499585
bt -0.584786 0 0.811188
t 0.252714 0 0.967541
bt 0.993368 0 0.114975
t 0.252714 0 0.967541
bt 0.941989 0 -0.335645
t -0.252725 0 0.967538
bt 0.94483 0 0.327561
t 0 0 1
bt 0.942645 0 0.333797
t 0.707081 0 0.707132
bt 0.940222 0 -0.340561
t 0.862858 0 0.505447
bt 0.504155 0 -0.863613
t 0.967541 0 -0.252714
bt -0.111451 0 -0.99377
t 0.967541 0 -0.252714
bt -0.339615 0 -0.940564
t 0.862858 0 0.505447
bt 0.504155 0 -0.863613
t 1 0 0
bt 0.0115636 0 -0.999933
t 0.707132 0 -0.707081
bt -0.352368 0 -0.935861
t 0.505433 0 -0.862866
bt -0.946681 0 -0.322172
t 0 0 -1
bt -0.942614 0 -0.333885
t 0 0 -1
bt -0.94286 0 0.33319
t 0 0 -1
bt -0.942614 0 -0.333885
t -0.707132 0 -0.707081
bt -0.935873 0 0.352337
t -0.707088 0 -0.707126
bt -0.316366 0 0.948637
t -0.707132 0 -0.707081
bt -0.935873 0 0.352337
t -0.707132 0 -0.707081
bt -0.935873 0 0.352337
t -1 0 0
bt -0.333967 0 0.942585
t -1 0 0
bt 0.33307 0 0.942902
t -1 0 0
bt -0.333967 0 0.942585
t -1 0 0
bt -0.333967 0 0.942585
t -0.707081 0 0.707132
bt 0.351736 0 0.936099
t -0.707081 0 0.707132
bt 0.351736 0 0.936099
t -0.707081 0 0.707132
bt 0.351736 0 0.936099

