g sponza_240
t -1 0 0
bt 0 0 1
t -1 0 0
bt -7.90052e-06 0 1
t -1 0 0
bt 0 0 1
t -1 0 0
bt 0 0 1
t -1 0 0
bt 0 0 -1
t -1 0 0
bt 6.06864e-06 0 -1
t -1 0 0
bt 0 0 -1
t -1 0 0
bt 0 0 -1
t 0 0 -1
bt 0 -0.999987 0.00506565
t 0 0.00136759 -0.999999
bt 0 -0.999997 0.00246816
t 0 -0.000175932 -1
bt 0 -0.999994 0.00337711
t -1 0 0
bt 0 -0.664233 0.747525
t -1 0 0
bt 0 -0.664233 0.747525
t -1 0 0
bt 0 -0.8527 0.5224
t -1 0 0
bt 0 -0.8527 0.5224
t 0 0 1
bt 0 -0.999987 0.00506853
t 0 0.000175892 1
bt 0 -0.999994 0.00337903
t 0 -0.00123582 0.999999
bt 0 -0.999997 0.00253427
t 0 0 -1
bt 0 -1 -0.000258685
t 0 0.00182346 -0.999998
bt 0 -1 -0.000172457
t -1 0 0
bt 0 -1 0
t -1 0 0
bt 0 -1 0
t -1 0 0
bt 0 -1 0
t -1 0 0
bt 0 -1 0
t 0 0.000527677 1
bt 0 -1 0
t 0 -0.00182366 0.999998
bt 0 -1 -0.000172695
t 0 0.00547036 -0.999985
bt 0 -1 0
t -1 0 0
bt 0 -0.418506 0.908214
t -1 0 0
bt 0 -0.418506 0.908214
t 0 -0.00547096 0.999985
bt 0 -1 0

