g sponza_150
t 0 0 1
bt -1 0 0
t 0 0 1
bt -1 0 0
t 0 0 1
bt -1 0 0
t 0 0 1
bt -1 0 0
t 0 0 1
bt 1 0 0
t 0 0 1
bt 1 0 0
t 0 0 1
bt 1 0 0
t 0 0 1
bt 1 0 0
t 0.00367843 0.999993 0
bt -1 0 0
t 0.00245229 0.999997 0
bt -1 0.000198623 0
t 0.00184852 0.999998 0
bt -1 -0.000689819 0
t 0 0 1
bt -0.5224 0.8527 0
t 0 0 1
bt -0.747525 0.664233 0
t 0 0 1
bt -0.747525 0.664233 0
t 0 0 1
bt -0.5224 0.8527 0
t 0.00512146 -0.999987 0
bt -1 0 0
t 0.00249532 -0.999997 0
bt -1 -0.000410203 0
t 0.00341432 -0.999994 0
bt -1 0.000262331 0
t 3.71943e-05 1 0
bt -1 0 0
t 2.47962e-05 1 0
bt -1 -0.000919759 0
t 0 0 1
bt 0 1 0
t 0 0 1
bt 0 1 0
t 0 0 1
bt 0 1 0
t 0 0 1
bt 0 1 0
t -0.000261664 -1 0
bt -0.999999 0.00111841 0
t -0.000174443 -1 0
bt -1 -0.000174133 0
t 0 1 0
bt -0.999996 -0.00275928 0
t 0 0 1
bt -0.908214 0.418506 0
t 0 0 1
bt -0.908214 0.418506 0
t 0 -1 0
bt -0.999996 -0.00275922 0

