g sponza_201
t -0.333742 -0.942469 -0.0192111
bt 0.310314 -0.111715 -0.944047
t -0.413493 -0.908105 -0.0660992
bt 0.300899 -0.145643 -0.942469
t -0.424769 -0.904689 0.0333012
bt -0.288208 0.171568 -0.942073
t -0.346751 -0.937735 -0.0204334
bt -0.27396 0.207167 -0.939163
t -0.61053 -0.780061 0.136963
bt -0.628555 0.573542 -0.525327
t -0.587773 -0.805725 0.0730017
bt -0.633475 0.621891 -0.460393
t -0.858422 -0.512918 0.00517268
bt -0.0189541 0.200381 -0.979535
t -0.895698 -0.444496 -0.0121824
bt -0.407948 0.0204926 -0.912775
t -0.962297 -0.265657 0.0584052
bt -0.101228 0.424518 -0.899743
t -0.961607 -0.26006 0.0876418
bt -0.0780752 0.498036 -0.863635
t -0.826452 -0.529576 0.191117
bt -0.301132 0.630581 -0.715323
t -0.798736 -0.58885 0.123602
bt -0.481382 0.608248 -0.631114
t -0.58626 -0.80992 0.0181314
bt -0.183476 0.249599 -0.950809
t -0.681995 -0.7304 0.0373823
bt -0.106501 0.269362 -0.957132
t -0.742011 -0.668134 0.0549247
bt -0.031129 0.286139 -0.957682
t -0.808029 -0.589128 0.00421453
bt 0.00105493 0.259124 -0.965843
t -0.910482 -0.373169 0.178235
bt -0.0540473 0.577934 -0.814292
t -0.870295 -0.453373 0.192458
bt -0.112131 0.633816 -0.765313
t -0.71035 -0.669623 0.216812
bt -0.577489 0.53637 -0.615478
t -0.756654 -0.653119 0.0301727
bt 0.0218058 -0.29364 -0.955667
t -0.802715 -0.594968 -0.0407718
bt 0.124366 -0.170933 -0.977402
t -0.602981 -0.796088 0.0515564
bt 0.150893 -0.290925 -0.944772
t -0.936352 -0.247046 0.249426
bt -0.0198499 -0.902972 -0.429241
t -0.509769 -0.462568 0.725373
bt -0.162374 -0.802698 -0.573856
t -0.458428 -0.680779 0.571301
bt -0.124291 -0.8571 -0.499931
t -0.911956 -0.351493 0.211636
bt 0.00569489 -0.939641 -0.342113
t -0.962297 -0.265657 -0.0584053
bt 0.0135378 -0.444129 -0.89586
t -0.899342 -0.416971 0.131602
bt -0.0224407 -0.249135 -0.968209
t -0.858511 -0.512778 -0.00427944
bt -0.0134583 -0.218869 -0.975662
t -0.976164 -0.216804 -0.0100059
bt -0.0045821 -0.512824 -0.858481
t -0.602981 -0.796088 0.0515564
bt 0.150893 -0.290925 -0.944772
t -0.943739 -0.296489 0.146463
bt 0.0195134 -0.802928 -0.595756
t -0.957358 -0.268008 0.107877
bt -0.038719 -0.730614 -0.681692
t -0.710439 -0.689775 0.139596
bt -0.0360996 -0.402142 -0.914865
t -0.967713 -0.251874 0.00955147
bt -0.0357948 -0.594148 -0.803559
t -0.816477 -0.570825 0.08674
bt -0.176443 -0.372154 -0.911246
t -0.756654 -0.653119 0.0301727
bt 0.0218058 -0.29364 -0.955667
t -0.959006 -0.280885 0.0375721
bt -0.0431942 -0.666317 -0.744417
t -0.814104 -0.578389 0.0519703
bt -0.105424 -0.327853 -0.938828
t -0.93338 -0.341857 0.109252
bt -0.108422 -0.821396 -0.559958
t -0.635533 -0.642439 0.428217
bt -0.273437 -0.712922 -0.645735
t -0.976683 0.192063 -0.0959325
bt 0.0329997 -0.453097 -0.89085
t -0.976683 -0.192063 0.0959325
bt -0.0332785 -0.453148 -0.890814
t -0.979529 0.200434 -0.0186643
bt 0.0102827 -0.513712 -0.857901
t -0.961229 0.239686 -0.136342
bt 0.0427864 -0.731256 -0.68076
t -0.954945 -0.175388 0.239414
bt -0.00976577 -0.808455 -0.588477
t -0.954945 0.175388 -0.239414
bt 0.0332704 -0.812324 -0.582256
t -0.966004 0.245732 -0.0803214
bt 0.0422949 -0.666174 -0.744596
t -0.972724 0.227608 -0.0447577
bt 0.0374039 -0.59439 -0.803306
t -0.954945 0.175388 -0.239414
bt 0.0551352 -0.815495 -0.576131
t -0.954945 -0.175388 0.239414
bt -0.0553874 -0.815529 -0.576059
t -0.938901 0.223301 -0.261917
bt -0.0172296 -0.897291 -0.441103
t -0.457382 0.695489 -0.554163
bt 0.118732 -0.851989 -0.509919
t -0.519342 0.522136 -0.676504
bt 0.144586 -0.787024 -0.599739
t -0.908145 0.364803 -0.205404
bt -0.0135879 -0.938623 -0.344677
t -0.86005 0.510055 -0.0125661
bt 0.0845968 -0.258401 -0.962327
t -0.846572 0.318065 -0.426791
bt 0.0680181 -0.270003 -0.960454
t -0.962299 0.265651 0.0583919
bt -0.0135898 -0.444119 -0.895865
t -0.943737 0.296496 -0.146457
bt -0.0195999 -0.802911 -0.595777
t -0.637212 0.665826 -0.388121
bt 0.134312 -0.59868 -0.789647
t -0.716095 0.649468 -0.255732
bt 0.18596 -0.525633 -0.830138
t -0.7666 0.628351 -0.132284
bt 0.17707 -0.442737 -0.878994
t -0.813975 0.578642 -0.0511689
bt 0.152841 -0.357653 -0.921262
t -0.945085 0.289117 -0.152399
bt -0.101692 -0.783424 -0.613111
t -0.858511 -0.512778 -0.00427944
bt -0.0134583 -0.218869 -0.975662
t -0.899342 -0.416971 0.131602
bt -0.0224407 -0.249135 -0.968209
t -0.710439 -0.689775 0.139596
bt -0.0360996 -0.402142 -0.914865
t -0.807017 -0.590405 -0.0120598
bt 0.124366 -0.170933 -0.977402
t -0.0357491 -0.995627 -0.0863093
bt -0.381457 0.0800202 -0.920917
t 0 -1 0
bt -0.373429 0.218603 -0.901534
t -0.106835 -0.98852 -0.106835
bt -0.70275 0.110834 -0.70275
t -0.106835 -0.98852 -0.106835
bt -0.70275 0.110834 -0.70275
t 0 -1 0
bt 0.38271 0 -0.923869
t 0 -1 0
bt 0.38271 0 -0.923869
t -1 0 0
bt 0 -1 0
t -1 0 0
bt 0 -1 0
t -1 0 0
bt 0 -1 0
t -1 0 0
bt 0 -1 0
t -0.640816 -0.422741 0.640816
bt 0.0568811 -0.996759 -0.0568811
t -0.655923 -0.373538 0.655923
bt 0 -1 0
t -0.3416 -0.450707 0.824726
bt 0.0284536 -0.997232 -0.0686958
t -0.3416 -0.450707 0.824726
bt 0.0284536 -0.997232 -0.0686958
t -0.362821 0.317889 -0.875961
bt 0 -1 0
t -0.352842 0.387067 -0.851869
bt -0.018271 -0.99886 -0.0441117
t -0.675445 0.295885 -0.675445
bt 0 -1 0
t -0.675445 0.295885 -0.675445
bt 0 -1 0
t -0.997147 0 0.0754873
bt -0.211478 0 -0.977383
t -0.999911 0 0.0133392
bt -0.00235149 0 -0.999997
t -0.993814 0 0.111054
bt -0.31364 0 -0.949542
t -0.993814 0 0.111054
bt -0.31364 0 -0.949542
t -0.995763 0 0.091961
bt -0.0385504 0 -0.999257
t -0.995721 0 0.0924148
bt -0.0385504 0 -0.999257
t -0.995192 0 -0.0979441
bt 0.0220876 0 -0.999756
t -0.995192 0 -0.0979441
bt 0.027316 0 -0.999627
t -0.994147 0 0.10804
bt -0.0329867 0 -0.999456
t -0.996009 0 0.0892517
bt -0.0412514 0 -0.999149
t -0.995721 0 0.0924148
bt -0.0385504 0 -0.999257
t -0.995763 0 0.091961
bt -0.0385504 0 -0.999257
t -0.956725 0 -0.290993
bt 0.0743211 0 -0.997234
t -0.946311 0 -0.323257
bt 0.0147397 0 -0.999891
t 0 -1 0
bt -0.382684 0 -0.923879
t 0 -1 0
bt -0.707107 0 -0.707107
t 0 -1 0
bt -0.707107 0 -0.707107
t 0 -1 0
bt -0.382684 0 -0.923879
t 0 -1 0
bt 0 0 -1
t 0 -1 0
bt 0 0 -1
t -1 0 0
bt 0 -1 0
t -0.917164 -0.1203 0.379918
bt 0 -1 0
t -0.917164 -0.1203 0.379918
bt 0 -1 0
t -1 0 0
bt 0 -1 0
t -0.707107 0 0.707107
bt -0.0279179 -0.99922 0.0279179
t -0.66709 -0.331636 0.66709
bt 0 -1 0
t -0.360423 0.336001 -0.870172
bt 0 -1 0
t -0.707057 0 -0.707157
bt 0 -1 0
t -0.67152 0.31304 -0.671615
bt 0 -1 0
t -0.360423 0.336001 -0.870172
bt 0 -1 0
t 0.333736 -0.94247 0.0192294
bt -0.310314 -0.111715 0.944047
t 0.413488 -0.908106 0.0661124
bt -0.300899 -0.145643 0.942469
t 0.419646 -0.906397 -0.0483877
bt 0.300759 0.145933 0.942469
t 0.32789 -0.944012 -0.0364653
bt 0.309982 0.112634 0.944047
t 0.756654 -0.653119 -0.0301735
bt -0.021798 -0.293646 0.955666
t 0.80969 -0.586788 -0.00905594
bt -0.0185226 -0.245763 0.969153
t 0.802991 -0.594724 -0.0388422
bt 0.124387 0.170933 0.9774
t 0.746191 -0.664861 -0.0340505
bt 0.1575 0.179775 0.971017
t 0.602979 -0.79609 -0.0515488
bt -0.150901 -0.290915 0.944774
t 0.579623 -0.813765 -0.0426989
bt 0.239444 0.175387 0.954938
t 0.936354 -0.247031 -0.249435
bt 0.0198504 -0.902972 0.42924
t 0.509766 -0.462553 -0.725385
bt 0.162371 -0.802696 0.57386
t 0.458428 -0.680775 -0.571305
bt 0.124295 -0.857104 0.499923
t 0.911922 -0.351505 -0.211761
bt -0.00570031 -0.939675 0.342022
t 0.962297 -0.265657 0.0584053
bt -0.0135378 -0.444129 0.89586
t 0.899342 -0.416972 -0.131596
bt 0.0224128 -0.249122 0.968213
t 0.858511 -0.512778 0.00427879
bt 0.0134583 -0.218869 0.975662
t 0.976147 -0.216881 0.0099484
bt 0.00458725 -0.512826 0.85848
t 0.602979 -0.79609 -0.0515488
bt -0.150901 -0.290915 0.944774
t 0.943737 -0.296496 -0.146457
bt -0.019599 -0.802911 0.595777
t 0.957358 -0.26801 -0.107875
bt 0.0386872 -0.730609 0.681699
t 0.710439 -0.689776 -0.139594
bt 0.0360931 -0.402137 0.914868
t 0.967712 -0.251877 -0.0095463
bt 0.0357593 -0.594142 0.803565
t 0.80969 -0.586788 -0.00905594
bt -0.0185226 -0.245763 0.969153
t 0.756654 -0.653119 -0.0301735
bt -0.021798 -0.293646 0.955666
t 0.959003 -0.280897 -0.0375577
bt 0.0431914 -0.666317 0.744417
t 0.93338 -0.341857 -0.109252
bt 0.108422 -0.821396 0.559958
t 0.635533 -0.642439 -0.428217
bt 0.273437 -0.712922 0.645735
t 0.976683 0.192063 0.0959325
bt -0.0329705 -0.453092 0.890854
t 0.976683 -0.192063 -0.0959325
bt 0.0332785 -0.453148 0.890814
t 0.983206 0.156662 0.0936126
bt -0.021269 -0.515372 0.856703
t 0.964276 0.182767 0.19175
bt -0.050975 -0.732509 0.678846
t 0.954945 -0.175388 -0.239414
bt 0.00965667 -0.808436 0.588505
t 0.954945 0.175388 0.239414
bt -0.0333793 -0.812341 0.582227
t 0.971017 0.179544 0.157764
bt -0.0392019 -0.665682 0.745205
t 0.977398 0.170644 0.124792
bt -0.0440148 -0.595376 0.802241
t 0.954945 0.175388 0.239414
bt -0.0552075 -0.815505 0.576111
t 0.954945 -0.175388 -0.239414
bt 0.0553187 -0.81552 0.576079
t 0.942469 0.145643 0.300899
bt -0.0265599 -0.903853 0.427018
t 0.944019 0.112213 0.310221
bt -0.0362705 -0.943989 0.327977
t 0.858511 -0.512778 0.00427879
bt 0.0134583 -0.218869 0.975662
t 0.899342 -0.416972 -0.131596
bt 0.0224128 -0.249122 0.968213
t 0.890779 -0.453216 -0.0332864
bt 0.0959542 0.192062 0.976681
t 0.856161 -0.516058 -0.0259367
bt 0.0934583 0.156754 0.983206
t 0.710439 -0.689776 -0.139594
bt 0.0360931 -0.402137 0.914868
t 0.680453 -0.731462 -0.0441134
bt 0.19175 0.182767 0.964276
t 0 -1 0
bt -0.38271 0 0.923869
t 0 -1 0
bt 0.38271 0 0.923869
t 0 -1 0
bt 0.38271 0 0.923869
t 0 -1 0
bt -0.38271 0 0.923869
t 1 0 0
bt 0 -1 0
t 1 0 0
bt 0 -1 0
t 0.915326 -0.135711 -0.379157
bt 0 -1 0
t 0.912861 -0.153942 -0.378136
bt -0.0229145 -0.999692 0.00949112
t 0.341603 -0.45069 -0.824734
bt -0.0284549 -0.997232 0.0686989
t 0.341603 -0.45069 -0.824734
bt -0.0284549 -0.997232 0.0686989
t 0.995763 0 -0.0919538
bt 0.0385221 0 0.999258
t 0.995721 0 -0.0924075
bt 0.0385228 0 0.999258
t 0.999992 0 -0.00406464
bt 0 0 1
t 0.999992 0 -0.00406464
bt 0 0 1
t 1 0 0
bt 0.00408207 0 0.999992
t 1 0 0
bt -0.00376002 0 0.999993
t 0.994146 0 -0.108042
bt 0.0330343 0 0.999454
t 0.99601 0 -0.0892444
bt 0.0412432 0 0.999149
t 0.995721 0 -0.0924075
bt 0.0385228 0 0.999258
t 0.995763 0 -0.0919538
bt 0.0385221 0 0.999258
t 0 -1 0
bt 0 0 1
t 0 -1 0
bt 0.38271 0 0.923869
t 0 -1 0
bt 0.38271 0 0.923869
t 0 -1 0
bt 0 0 1
t 1 0 0
bt 0 -1 0
t 0.917163 -0.120312 -0.379917
bt 0 -1 0
t 0.917163 -0.120312 -0.379917
bt 0 -1 0
t 1 0 0
bt 0 -1 0
t 0.707107 0 -0.707107
bt 0.0279153 -0.99922 -0.0279154
t 0.667083 -0.331663 -0.667083
bt 0 -1 0
t -0.99979 0 0.020511
bt 0 0 -1
t -0.999949 0 -0.0101108
bt 5.14334e-05 0 -1
t -0.999909 0 0.0135293
bt -0.0218392 0 -0.999761
t -0.99979 0 0.020511
bt 0 0 -1
t -0.999769 0 0.0214956
bt -0.0435332 0 -0.999052
t -1 0 -0.000436078
bt -0.0654864 0 -0.997853
t -0.997864 0 0.065328
bt 0.000436223 0 -1
t -0.997864 0 0.065328
bt 0.000436223 0 -1

