g sponza_220
t 0 0 1
bt 1 0 0
t -1.07531e-05 0 1
bt 1 0 0
t 0 0 1
bt 1 0 0
t 0 0 1
bt 1 0 0
t 0 0 1
bt -1 0 0
t 0 0 1
bt -1 0 0
t 0 0 1
bt -1 0 0
t 0 0 1
bt -1 0 0
t -0.0036786 0.999993 0
bt 1 0 0
t -0.00184835 0.999998 0
bt 1 -0.000689815 0
t -0.00245241 0.999997 0
bt 1 0.000198623 0
t -4.00443e-06 -3.55766e-06 1
bt 0.747525 0.664233 0
t 0 0 1
bt 0.747525 0.664233 0
t -2.93328e-06 -4.7879e-06 1
bt 0.5224 0.8527 0
t -2.93328e-06 -4.7879e-06 1
bt 0.5224 0.8527 0
t -0.00506395 -0.999987 0
bt 1 0 0
t -0.00337598 -0.999994 0
bt 1 0.000262331 0
t -0.00253198 -0.999997 0
bt 1 -0.000493053 0
t -3.61826e-05 1 0
bt 1 0 0
t -2.41217e-05 1 0
bt 1 -0.000919753 0
t 0 0 1
bt 0 1 0
t 0 0 1
bt 0 1 0
t 0 0 1
bt 0 1 0
t 0 0 1
bt 0 1 0
t 0 -1 0
bt 1 0.000786992 0
t 0.000173728 -1 0
bt 1 -0.000174128 0
t 0 1 0
bt 0.999996 -0.00275926 0
t 0 0 1
bt 0.908214 0.418506 0
t 0 0 1
bt 0.908214 0.418506 0
t 0 -1 0
bt 0.999996 -0.0027592 0

