g sponza_304
t -0.874634 0.407873 0.262022
bt -0.00450356 -0.9936 -0.11287
t -0.871901 0.408508 0.270018
bt 0.203118 -0.978041 0.0466727
t -0.872151 0.407861 0.27019
bt 0.202728 -0.978115 0.0468254
t -0.874634 0.407873 0.262022
bt -0.00450356 -0.9936 -0.11287
t -0.864112 0.405737 0.297805
bt 0.565041 -0.824717 0.0238636
t -0.863923 0.406403 0.297445
bt 0.565076 -0.824695 0.0238367
t -0.843553 0.414675 0.341267
bt 0.677963 -0.73469 0.0244237
t -0.843526 0.414857 0.341111
bt 0.677832 -0.734805 0.0246096
t -0.848595 0.368828 0.379279
bt 0.707377 -0.706577 -0.0191453
t -0.797986 0.379684 0.468037
bt 0.736542 -0.676374 0.00484018
t -0.798025 0.379902 0.467793
bt 0.736759 -0.676142 0.00426281
t -0.848595 0.368828 0.379279
bt 0.707377 -0.706577 -0.0191453
t -0.637187 0.307426 0.70674
bt 0.758079 -0.652163 0.000971876
t -0.637085 0.307287 0.706893
bt 0.757982 -0.652273 0.00153945
t -0.32749 0.276639 0.90345
bt 0.763917 -0.645314 0
t -0.326271 0.275609 0.904205
bt 0.763917 -0.645314 0.000141979
t 0.326661 -0.275938 0.903964
bt 0.763917 -0.645314 0
t 0.559851 -0.208547 0.801919
bt 0.758323 -0.651878 0.000482891
t 0.559655 -0.208311 0.802118
bt 0.75834 -0.651859 0.000581166
t 0.326661 -0.275938 0.903964
bt 0.763917 -0.645314 0
t 0.790063 -0.342135 0.508669
bt 0.739292 -0.67338 0.0025391
t 0.79007 -0.342164 0.508638
bt 0.739241 -0.673437 0.00239909
t 0.848601 -0.368747 0.379344
bt 0.707497 -0.706452 0.0193312
t 0.848615 -0.368568 0.379487
bt 0.707599 -0.706345 0.0194896
t 0.843546 -0.414726 0.341224
bt 0.678009 -0.73465 -0.0243581
t 0.865795 -0.399711 0.301048
bt 0.603127 -0.797616 0.006843
t 0.865821 -0.399618 0.301098
bt 0.603338 -0.797455 0.0070175
t 0.843546 -0.414726 0.341224
bt 0.678009 -0.73465 -0.0243581
t 0.872437 -0.407118 0.270387
bt 0.343447 -0.939121 0.0097738
t 0.872651 -0.406559 0.270536
bt 0.343259 -0.939191 0.00969624
t 0.874624 -0.407868 0.262061
bt -0.00317285 -0.993556 0.113298
t 0.874202 -0.408773 0.262061
bt -0.00516886 -0.993603 0.112813
t 0.874624 -0.407868 0.262061
bt -0.758255 -0.64211 -0.112892
t 0.87279 -0.406404 0.270319
bt -0.879791 -0.473069 0.0466257
t 0.872822 -0.406324 0.270339
bt -0.879602 -0.4734 0.0468265
t 0.874624 -0.407868 0.262061
bt -0.758255 -0.64211 -0.112892
t 0.866306 -0.401078 0.297742
bt -0.994974 -0.0972412 0.0238921
t 0.866203 -0.401229 0.297837
bt -0.994978 -0.0972019 0.0238661
t 0.859906 -0.379641 0.341224
bt -0.998591 0.0470931 0.0244544
t 0.849588 -0.390912 0.354102
bt -0.998111 0.0606191 0.00996516
t 0.827726 -0.41327 0.379577
bt -0.99594 0.0879124 -0.0193444
t 0.804952 -0.366629 0.466515
bt -0.991485 0.130168 0.00373553
t 0.804242 -0.367036 0.467418
bt -0.991491 0.130115 0.00383211
t 0.647586 -0.290321 0.704519
bt -0.986874 0.161488 0.000970562
t 0.647431 -0.290332 0.704656
bt -0.986869 0.161521 0.000841899
t 0.422388 -0.0730354 0.903468
bt -0.985376 0.170396 0
t 0.425747 -0.0736163 0.901843
bt -0.985376 0.170396 0.000155251
t -0.424584 0.0734152 0.902407
bt -0.985376 0.170396 0
t -0.521348 0.294798 0.800806
bt -0.986812 0.161869 0.000523436
t -0.521997 0.294794 0.800385
bt -0.986808 0.161895 0.000627704
t -0.424584 0.0734152 0.902407
bt -0.985376 0.170396 0
t -0.771128 0.384701 0.507313
bt -0.991041 0.133534 0.00263317
t -0.771162 0.384684 0.507275
bt -0.991058 0.133414 0.00241287
t -0.838938 0.402047 0.366798
bt -0.997233 0.0741933 0.00460615
t -0.839271 0.401707 0.36641
bt -0.99722 0.0743659 0.00479157
t -0.862704 0.406341 0.301047
bt -0.998693 -0.0506502 0.00681464
t -0.862656 0.40641 0.301091
bt -0.998706 -0.0503822 0.00699091
t -0.872083 0.407657 0.270716
bt -0.940168 -0.34057 0.00977065
t -0.872168 0.407503 0.270673
bt -0.940102 -0.340755 0.00969424
t -0.874634 0.407873 0.262022
bt -0.759097 -0.641044 0.113285
t -0.87458 0.407989 0.262022
bt -0.757799 -0.642667 0.112779
t -0.840723 0.3804 0.385332
bt 0.454192 -0.890356 0.0312201
t -0.852868 0.389793 0.347387
bt 0.186893 -0.982378 0.00203921
t -0.631896 0.303854 0.713008
bt -0.126902 -0.990397 -0.0548587
t -0.59473 0.302216 0.744957
bt 0.0577272 -0.997855 -0.0308702
t -0.379013 0.175271 0.908641
bt -0.305126 -0.952277 -0.00812335
t -0.344745 0.16287 0.924459
bt -0.203946 -0.978962 0.00634828
t -0.389373 0.181531 0.903014
bt -0.418901 -0.907992 -0.00852081
t -0.645827 0.30112 0.701594
bt -0.416568 -0.909081 -0.00652167
t -0.735775 0.334775 0.588695
bt 0.671167 -0.741134 0.0159729
t -0.810547 0.352249 0.467905
bt 0.611307 -0.791307 0.0117154
t -0.528219 0.278858 0.802012
bt 0.207636 -0.977392 -0.0398959
t -0.421133 0.258136 0.86949
bt 0.287793 -0.957523 -0.018051
t -0.289534 0.131701 0.948064
bt -0.110514 -0.99387 -0.00300971
t -0.209253 0.105179 0.972189
bt -0.0458774 -0.998946 0.00141579
t -0.036615 0.0361016 0.998677
bt 0.71209 -0.702089 0
t -0.494851 0.196703 0.846422
bt 0.702983 -0.711171 0.00707432
t -0.235431 0.123782 0.963976
bt 0.334365 -0.94239 -0.0100686
t -0.012907 0.034621 0.999317
bt 0.349304 -0.937009 0
t -0.11087 0.0430665 0.992901
bt -0.00501791 -0.999983 -0.00281691
t -6.62035e-05 0.00874579 0.999962
bt 0.00769977 -0.99997 0
t 0.727615 -0.306019 0.613946
bt 0.673944 -0.738726 -0.00909156
t 0.532156 -0.247419 0.809687
bt 0.702973 -0.711181 -0.00713328
t 0.251448 -0.176431 0.951654
bt 0.334274 -0.942428 0.00953707
t 0.416681 -0.229062 0.87972
bt 0.289895 -0.95676 0.0239079
t 0.110694 -0.0585365 0.992129
bt -0.00558232 -0.999983 -0.00133048
t 0.210124 -0.0916933 0.973365
bt -0.0455679 -0.998961 -1.41909e-05
t 0.841977 -0.374814 0.388058
bt 0.483287 -0.875425 -0.00806257
t 0.810131 -0.365642 0.458251
bt 0.602744 -0.797585 -0.0235956
t 0.528018 -0.291003 0.797818
bt 0.201289 -0.979113 0.0286529
t 0.595537 -0.29725 0.746309
bt 0.0765814 -0.995544 0.0550269
t 0.288534 -0.138639 0.947379
bt -0.112645 -0.993628 -0.00371614
t 0.345613 -0.159254 0.924764
bt -0.199262 -0.97993 0.00558703
t 0.853845 -0.398136 0.335315
bt -0.379323 -0.925112 0.0167838
t 0.852398 -0.391109 0.347062
bt 0.123483 -0.991856 -0.031217
t 0.63148 -0.305152 0.712822
bt -0.166712 -0.985924 0.0127066
t 0.645817 -0.301123 0.701602
bt -0.398476 -0.916813 0.0258869
t 0.378694 -0.176086 0.908617
bt -0.312015 -0.950045 -0.00782023
t 0.389373 -0.181531 0.903014
bt -0.419187 -0.907866 0.0078624
t 0.831809 -0.399496 0.385354
bt -0.974305 -0.22319 0.0302753
t 0.846835 -0.402736 0.347382
bt -0.873805 -0.486275 0.00100184
t 0.638958 -0.288724 0.713002
bt -0.676311 -0.734666 -0.0535583
t 0.613792 -0.2613 0.744971
bt -0.801499 -0.597198 -0.0308904
t 0.378069 -0.177375 0.908626
bt -0.532664 -0.846304 -0.00622931
t 0.346396 -0.159336 0.924458
bt -0.618822 -0.785505 0.00637274
t 0.727803 -0.349178 0.590235
bt -0.999155 0.0382774 0.0149388
t 0.790858 -0.394477 0.467901
bt -0.999163 -0.0394722 0.0107276
t 0.551267 -0.227017 0.80285
bt -0.882392 -0.468752 -0.0406982
t 0.466476 -0.157886 0.870329
bt -0.918597 -0.394742 -0.0189377
t 0.28604 -0.13823 0.948195
bt -0.690629 -0.723196 -0.00435883
t 0.21454 -0.0931932 0.972259
bt -0.735388 -0.677634 0.00393303
t 0.0512398 -0.00484638 0.998675
bt -0.995553 0.0941982 0
t 0.468734 -0.252654 0.846436
bt -0.99664 0.0816781 0.00610676
t 0.246411 -0.100669 0.963923
bt -0.936837 -0.349621 -0.0101207
t 0.0348349 0.0123714 0.999317
bt -0.942323 -0.334706 0
t 0.105048 -0.0565709 0.992857
bt -0.762517 -0.646968 0.000448902
t 0.0067517 0.00557943 0.999962
bt -0.770968 -0.636874 0
t -0.701143 0.361088 0.614828
bt -0.999115 0.0407935 -0.0102273
t -0.531538 0.248635 0.809721
bt -0.996672 0.0810621 -0.00856107
t -0.296891 0.0791518 0.951625
bt -0.936765 -0.349847 0.00885176
t -0.442171 0.172635 0.88016
bt -0.919137 -0.393261 0.0230659
t -0.117554 0.0458392 0.992008
bt -0.762672 -0.646783 0.00170544
t -0.205826 0.101522 0.973308
bt -0.736367 -0.676578 0.00261338
t -0.828326 0.40406 0.388087
bt -0.981162 -0.193007 -0.00835894
t -0.800824 0.385573 0.458273
bt -0.998405 -0.0511794 -0.0238563
t -0.56127 0.218439 0.798286
bt -0.879398 -0.475233 0.028498
t -0.610524 0.265171 0.746287
bt -0.811866 -0.581241 0.0550584
t -0.29124 0.132422 0.947441
bt -0.688612 -0.725117 -0.0043686
t -0.344173 0.162343 0.924765
bt -0.622577 -0.782539 0.00557313
t -0.853845 0.398136 0.335315
bt -0.468327 -0.883368 0.0182052
t -0.847576 0.40147 0.347041
bt -0.83735 -0.545687 -0.0327251
t -0.63969 0.287564 0.712814
bt -0.649711 -0.760036 0.0148825
t -0.378584 0.176513 0.90858
bt -0.527096 -0.849767 -0.00813576
t -0.771818 0.377725 0.511489
bt 0.126113 -0.987584 -0.0936637
t -0.745545 0.387372 0.542315
bt 0.338806 -0.938709 -0.0635229
t -0.783681 0.365461 0.502277
bt -0.231277 -0.966017 -0.115423
t -0.700419 0.38231 0.602704
bt 0.472533 -0.879345 -0.0588699
t -0.616308 0.380546 0.689455
bt 0.53079 -0.846826 -0.0338872
t -0.406402 0.240095 0.881585
bt 0.562706 -0.826468 -0.017674
t -0.134296 0.1929 0.971985
bt 0.571386 -0.820681 0.000134173
t 0.442593 -0.310234 0.841348
bt 0.562338 -0.826759 0.0156396
t 0.611286 -0.356258 0.706689
bt 0.531502 -0.846304 0.03572
t 0.260352 -0.373964 0.890151
bt 0.571375 -0.820689 0
t 0.700087 -0.391398 0.597232
bt 0.46712 -0.882741 0.0506584
t 0.74616 -0.384463 0.543537
bt 0.360447 -0.928963 0.0842996
t 0.75245 -0.429522 0.499329
bt 0.0584519 -0.997073 0.04928
t 0.783736 -0.365343 0.502277
bt -0.229377 -0.96634 0.116502
t 0.75396 -0.425749 0.500283
bt 0.41045 -0.868071 0.279255
t 0.785436 -0.348401 0.511573
bt -0.837661 -0.538083 -0.0937552
t 0.837275 -0.234583 0.493904
bt -0.959322 -0.230307 -0.16328
t 0.783704 -0.365418 0.502273
bt -0.733284 -0.640264 -0.228818
t 0.743101 -0.290798 0.602692
bt -0.977245 -0.204109 -0.0577243
t 0.687671 -0.227459 0.689471
bt -0.989815 -0.138756 -0.0318309
t 0.828556 -0.248329 0.501825
bt -0.95997 -0.118205 -0.253938
t 0.445348 -0.156938 0.881496
bt -0.994809 -0.100269 -0.0173378
t 0.234348 0.0211399 0.971923
bt -0.99596 -0.0897975 0.000122132
t -0.522567 0.139514 0.841106
bt -0.994805 -0.100428 0.0166445
t -0.666196 0.239104 0.706408
bt -0.989989 -0.136275 0.0367673
t -0.453769 -0.0409333 0.890179
bt -0.995958 -0.0898213 0
t -0.749846 0.284704 0.597222
bt -0.976443 -0.209834 0.0502933
t -0.828665 0.24816 0.501728
bt -0.960106 -0.119882 0.252634
t -0.785585 0.348153 0.511513
bt -0.797865 -0.601132 0.0452891
t -0.783704 0.365418 0.502273
bt -0.73184 -0.642366 0.227542
t -0.837324 0.234506 0.493858
bt -0.95912 -0.232355 0.161554
t -0.25101 0.112696 0.961402
bt -0.270377 -0.962738 0.00560424
t -0.276645 0.126902 0.952556
bt -0.343933 -0.938994 0.000760752
t -0.391873 0.17808 0.90262
bt -0.303166 -0.952935 -0.00225706
t -0.357296 0.160147 0.920159
bt -0.194715 -0.980854 0.00336533
t -0.284944 0.132841 0.949295
bt -0.422245 -0.906481 -0.00121227
t -0.400725 0.187179 0.896874
bt -0.421648 -0.906757 -0.00204225
t -0.275027 0.130396 0.952553
bt -0.497235 -0.867605 -0.00431342
t -0.388625 0.185172 0.902597
bt -0.533622 -0.845722 -0.0014663
t -0.247678 0.119859 0.9614
bt -0.563731 -0.825942 -0.00526784
t -0.352665 0.170318 0.920119
bt -0.626207 -0.779649 -0.0034297
t -0.203837 0.0998344 0.973901
bt -0.616976 -0.78696 -0.00589853
t -0.297287 0.141304 0.944274
bt -0.696868 -0.717186 -0.00450354
t -0.145956 0.0715049 0.986703
bt -0.655386 -0.755274 -0.00560816
t -0.216922 0.101153 0.970934
bt -0.743825 -0.668355 -0.00511341
t -0.0767971 0.0366433 0.996373
bt -0.678334 -0.734744 -0.00366559
t -0.116916 0.052051 0.991777
bt -0.771533 -0.636173 -0.00452502
t -0.000874783 -0.000927491 0.999999
bt -0.686103 -0.727504 -3.66667e-05
t -0.00179429 -0.00143996 0.999997
bt -0.779902 -0.625902 -0.000528311
t 0.0742589 -0.0394009 0.99646
bt -0.678409 -0.73468 0.00246196
t 0.113759 -0.0546853 0.992002
bt -0.771597 -0.636101 0.00368589
t 0.144489 -0.0732144 0.986794
bt -0.655616 -0.755085 0.00374233
t 0.214222 -0.103676 0.971267
bt -0.744059 -0.668105 0.00360224
t 0.20271 -0.101299 0.973985
bt -0.617286 -0.786728 0.00419715
t 0.295492 -0.143294 0.944538
bt -0.696909 -0.717144 0.00477635
t 0.247244 -0.120509 0.96143
bt -0.56418 -0.825645 0.00336729
t 0.351789 -0.171506 0.920234
bt -0.627267 -0.778804 -4.31043e-05
t 0.274769 -0.130853 0.952565
bt -0.498116 -0.86711 0.00114006
t 0.388761 -0.184947 0.902585
bt -0.535132 -0.844765 -0.00230921
t 0.28494 -0.132848 0.949295
bt -0.423142 -0.906062 -0.00178102
t 0.401029 -0.186526 0.896874
bt -0.423398 -0.905942 -0.00187321
t 0.276696 -0.126765 0.95256
bt -0.34471 -0.938703 -0.00336596
t 0.391703 -0.178577 0.902596
bt -0.305019 -0.952344 -0.00184878
t 0.251022 -0.112653 0.961404
bt -0.270444 -0.962718 -0.00585199
t 0.35725 -0.160346 0.920142
bt -0.194536 -0.980891 -0.00292501
t 0.207567 -0.0917011 0.973913
bt -0.206175 -0.978499 -0.00561728
t 0.299428 -0.136269 0.944338
bt -0.102191 -0.994741 -0.00689313
t 0.148559 -0.0660828 0.986693
bt -0.157062 -0.987578 -0.00454906
t 0.216906 -0.101678 0.970883
bt -0.0339098 -0.999411 -0.00528765
t 0.0775148 -0.0346368 0.996389
bt -0.126707 -0.991937 -0.00237118
t 0.115023 -0.0550447 0.991837
bt 0.00868145 -0.999954 -0.00416974
t -0.00019098 -0.00163216 0.999999
bt -0.116303 -0.993214 -5.49992e-05
t 5.49252e-05 -0.00253566 0.999997
bt 0.0218019 -0.999762 0.000274101
t -0.077875 0.0318575 0.996454
bt -0.126761 -0.991929 0.0030483
t -0.115014 0.0515187 0.992027
bt 0.0086925 -0.999954 0.00407216
t -0.148994 0.0634088 0.986803
bt -0.157082 -0.987577 0.00404843
t -0.21709 0.0982296 0.971197
bt -0.0336874 -0.999423 0.00430721
t -0.207967 0.0898853 0.973997
bt -0.205816 -0.978583 0.00400121
t -0.299758 0.133796 0.944586
bt -0.100819 -0.994901 0.0027048
t 0.8808 -0.41071 0.235602
bt -0.785322 -0.609222 -0.11008
t 0.879068 -0.409936 0.243292
bt -0.900953 -0.431291 0.0476771
t 0.879283 -0.409542 0.243179
bt -0.899187 -0.434801 0.0491034
t 0.8808 -0.41071 0.235602
bt -0.785322 -0.609222 -0.11008
t 0.874332 -0.404594 0.268041
bt -0.998545 -0.0492881 0.0218879
t 0.873898 -0.405217 0.268516
bt -0.99855 -0.0491963 0.0218355
t 0.869494 -0.385961 0.308245
bt -0.996136 0.0849373 0.0223351
t 0.869758 -0.38565 0.307888
bt -0.99614 0.0848633 0.0224134
t 0.84207 -0.416182 0.343091
bt -0.992284 0.122706 -0.0177854
t 0.822222 -0.376214 0.427099
bt -0.987049 0.16036 0.00424816
t 0.82227 -0.376185 0.427033
bt -0.987008 0.16063 0.0037579
t 0.84207 -0.416182 0.343091
bt -0.992284 0.122706 -0.0177854
t 0.675678 -0.307695 0.669913
bt -0.981963 0.189067 0.00128488
t 0.67669 -0.307565 0.66895
bt -0.981975 0.189006 0.0015236
t 0.463279 -0.0931766 0.881301
bt -0.980365 0.197193 0
t 0.464795 -0.0934816 0.88047
bt -0.980365 0.197193 0.000441722
t -0.464542 0.0934306 0.880609
bt -0.980365 0.197193 0
t -0.553788 0.311285 0.772283
bt -0.98183 0.189759 0.00142355
t -0.554389 0.311211 0.771881
bt -0.981857 0.189619 0.000877182
t -0.464542 0.0934306 0.880609
bt -0.980365 0.197193 0
t -0.790951 0.394127 0.468039
bt -0.986433 0.164144 0.00264985
t -0.791057 0.39407 0.467907
bt -0.9864 0.164334 0.0029953
t -0.851513 0.406181 0.331575
bt -0.993864 0.110504 0.00480302
t -0.851509 0.406186 0.33158
bt -0.993855 0.11058 0.00488454
t -0.870986 0.409644 0.271247
bt -0.999965 -0.00591306 0.00594913
t -0.870911 0.409718 0.271375
bt -0.999965 -0.00559196 0.00615465
t -0.878511 0.410956 0.243584
bt -0.955962 -0.293413 0.00670148
t -0.878779 0.410466 0.243444
bt -0.956353 -0.292123 0.00719598
t -0.8808 0.41071 0.235602
bt -0.788682 -0.604646 0.111287
t -0.880546 0.411254 0.235602
bt -0.789733 -0.603201 0.111666
t -0.8808 0.41071 0.235602
bt 0.0452272 -0.992716 -0.111668
t -0.879079 0.409938 0.243252
bt 0.247691 -0.967644 0.0481027
t -0.878946 0.410276 0.24316
bt 0.248404 -0.967475 0.0478365
t -0.8808 0.41071 0.235602
bt 0.0452272 -0.992716 -0.111668
t -0.871964 0.409634 0.268103
bt 0.602489 -0.797791 0.0231751
t -0.872179 0.408886 0.268545
bt 0.602608 -0.797704 0.0230783
t -0.856733 0.404341 0.320183
bt 0.714573 -0.699506 0.00880111
t -0.856703 0.404545 0.320006
bt 0.714544 -0.699535 0.00884507
t -0.816709 0.388018 0.427117
bt 0.757799 -0.652482 0.00285226
t -0.816744 0.388258 0.426832
bt 0.757783 -0.6525 0.00289568
t -0.671229 0.321389 0.667953
bt 0.776282 -0.630386 -3.39654e-06
t -0.671521 0.321895 0.667415
bt 0.776242 -0.630434 0.000236634
t -0.369155 0.29495 0.881322
bt 0.781239 -0.624232 0
t -0.370487 0.296014 0.880406
bt 0.781239 -0.624231 -0.000724387
t 0.370211 -0.295794 0.880596
bt 0.781239 -0.624232 0
t 0.595035 -0.2248 0.771621
bt 0.776295 -0.63037 7.93107e-05
t 0.595375 -0.225322 0.771206
bt 0.776347 -0.630306 0.000396975
t 0.370211 -0.295794 0.880596
bt 0.781239 -0.624232 0
t 0.810593 -0.353817 0.46664
bt 0.759272 -0.650772 0.00120445
t 0.810607 -0.353882 0.466567
bt 0.759393 -0.65063 0.00153926
t 0.858617 -0.390467 0.332132
bt 0.723516 -0.690291 0.00476907
t 0.858624 -0.39041 0.332181
bt 0.722892 -0.690951 0.00380942
t 0.873672 -0.403854 0.271293
bt 0.638944 -0.769226 0.00653692
t 0.87369 -0.40376 0.271374
bt 0.639168 -0.769037 0.00672406
t 0.879505 -0.408848 0.243546
bt 0.389442 -0.921028 0.00655413
t 0.879313 -0.40934 0.243413
bt 0.390153 -0.920725 0.00683772
t 0.8808 -0.41071 0.235602
bt 0.0462654 -0.992643 0.111888
t 0.880983 -0.410317 0.235601
bt 0.0362474 -0.993298 0.109755
t 0.0645265 -0.0300933 0.997462
bt -0.42268 -0.906279 -0.00021809
t -7.778e-09 -2.15724e-07 1
bt -0.422606 -0.906313 6.13166e-07
t 0.0625519 -0.0286969 0.997629
bt -0.439342 -0.89832 -7.25389e-05
t 0.0562644 -0.0254804 0.998091
bt -0.454664 -0.890663 -0.000220873
t 0.0459658 -0.0208942 0.998724
bt -0.467795 -0.883837 0.000122234
t 0.0336909 -0.0125695 0.999353
bt -0.477759 -0.878491 -0.000940041
t 0.0310642 -0.0173969 0.999366
bt -0.477722 -0.878511 0.000255689
t 0.0161616 -0.00879784 0.999831
bt -0.48399 -0.875074 0.000298017
t 0.000143845 0.000258564 1
bt -0.486101 -0.873902 0
t -0.0163407 0.0084734 0.999831
bt -0.483993 -0.875072 -0.000124462
t -0.0310642 0.0173969 0.999366
bt -0.477723 -0.878511 -0.000247583
t -0.0336911 0.0125692 0.999353
bt -0.47776 -0.87849 0.000997707
t -0.046322 0.0202207 0.998722
bt -0.467831 -0.883817 0.000700101
t -0.055934 0.0261285 0.998093
bt -0.454602 -0.890694 -0.000908699
t -0.0627244 0.0283505 0.997628
bt -0.439184 -0.898397 -0.00118238
t -0.0645292 0.0300945 0.997462
bt -0.4226 -0.906316 0.000252512
t -0.0622981 0.029233 0.997629
bt -0.405821 -0.913952 0.000864934
t -0.0559715 0.0260435 0.998093
bt -0.390122 -0.920762 0.00176584
t -0.0460756 0.0204897 0.998728
bt -0.376379 -0.926466 9.69125e-05
t -0.0323106 0.0151127 0.999364
bt -0.36581 -0.93069 -0.000577885
t -0.0164268 0.00854362 0.999829
bt -0.359259 -0.933238 0.000291936
t 9.13664e-05 0.000239135 1
bt -0.357002 -0.934104 0
t 0.0166654 -0.00792462 0.99983
bt -0.359256 -0.933239 -0.000126627
t 0.0322562 -0.0152513 0.999363
bt -0.365824 -0.930684 0.000139734
t 0.046084 -0.0204692 0.998728
bt -0.376344 -0.92648 0.000653936
t 0.0562311 -0.0254318 0.998094
bt -0.390018 -0.920807 7.80255e-05
t 0.0622503 -0.0293406 0.997629
bt -0.405717 -0.913998 0.00078116
t -0.418569 0.192109 0.887634
bt -0.288044 -0.957548 -0.0114724
t -0.394478 0.181637 0.900775
bt -0.300094 -0.953889 -0.00627303
t -0.359078 0.170086 0.917678
bt -0.19091 -0.981607 0.000938787
t -0.381913 0.180248 0.906451
bt -0.174471 -0.984657 0.00333472
t -0.418753 0.193223 0.887305
bt -0.540049 -0.841596 -0.00797946
t -0.394921 0.181948 0.900518
bt -0.533725 -0.845649 -0.0039834
t -0.404916 0.188606 0.894691
bt -0.425258 -0.905053 0.00591503
t -0.429101 0.199767 0.880889
bt -0.427721 -0.90385 0.0104459
t -0.324158 0.148052 0.934346
bt -0.71688 -0.697196 -0.000956211
t -0.302389 0.140031 0.942843
bt -0.700006 -0.714136 -0.00113218
t -0.359188 0.168515 0.917925
bt -0.631853 -0.775056 0.00707893
t -0.381012 0.180204 0.906839
bt -0.647147 -0.762283 0.01121
t -0.131976 0.0527745 0.989847
bt -0.792831 -0.609441 0.000613132
t -0.120169 0.0508214 0.991452
bt -0.77457 -0.632486 0.00145884
t -0.216541 0.105176 0.970591
bt -0.747795 -0.663928 0.00142855
t -0.228599 0.115499 0.966645
bt -0.76588 -0.64298 0.00212535
t 0.116022 -0.0652355 0.991102
bt -0.792904 -0.609345 -0.00158982
t 0.111638 -0.057889 0.992061
bt -0.774553 -0.632507 -0.00176548
t 0.00472347 0.00375234 0.999982
bt -0.782923 -0.622118 -3.64742e-05
t 0.00877088 0.00655005 0.99994
bt -0.801282 -0.598287 0
t 0.316923 -0.155696 0.935585
bt -0.718321 -0.695694 -0.00489898
t 0.299297 -0.143542 0.943301
bt -0.701287 -0.712866 -0.00428364
t 0.222612 -0.0994137 0.969825
bt -0.747535 -0.664222 0.000289008
t 0.240163 -0.105259 0.965009
bt -0.765168 -0.643826 0.00241542
t 0.417994 -0.1941 0.887472
bt -0.547287 -0.836897 -0.00891534
t 0.394428 -0.182386 0.900645
bt -0.53804 -0.842891 -0.00684728
t 0.360612 -0.16642 0.917749
bt -0.628232 -0.778016 0.0039031
t 0.383869 -0.176339 0.906394
bt -0.640445 -0.767959 0.00833192
t 0.418094 -0.193511 0.887554
bt -0.297594 -0.95466 -0.00793492
t 0.394262 -0.182266 0.900742
bt -0.30487 -0.952385 -0.00419536
t 0.404832 -0.188786 0.894691
bt -0.419779 -0.907605 0.00619645
t 0.428967 -0.200055 0.880889
bt -0.417515 -0.90861 0.0105037
t 0.321527 -0.155147 0.934104
bt -0.0745894 -0.997203 -0.00475572
t 0.301333 -0.144731 0.942471
bt -0.0970046 -0.995283 -0.00105631
t 0.359823 -0.167417 0.917878
bt -0.188554 -0.982051 0.00482418
t 0.383021 -0.17588 0.906841
bt -0.170104 -0.985406 0.00632403
t 0.125255 -0.0672174 0.989845
bt 0.0427427 -0.999086 0.000178635
t 0.116278 -0.0593814 0.99144
bt 0.0132693 -0.999912 0.000693101
t 0.219668 -0.098098 0.97063
bt -0.0276593 -0.999615 0.00241328
t 0.235324 -0.100545 0.966702
bt -0.000330483 -0.999998 0.00202359
t -0.124543 0.0469385 0.991103
bt 0.042804 -0.999082 -0.00149842
t -0.116205 0.0484915 0.992041
bt 0.0134292 -0.999908 -0.00206682
t -0.000162514 0.00604227 0.999982
bt 0.0267015 -0.999643 -5.47099e-05
t -0.000621136 0.0109437 0.99994
bt 0.0566995 -0.998391 0
t -0.32269 0.145151 0.935309
bt -0.0712546 -0.997447 -0.00466072
t -0.302061 0.139271 0.943061
bt -0.0948081 -0.99548 -0.00556277
t -0.219361 0.106608 0.969802
bt -0.0283311 -0.999599 0.000509558
t -0.235015 0.116133 0.965029
bt -0.001378 -0.999995 0.0027005
t 0.794196 -0.305114 0.525508
bt -0.220378 -0.966119 -0.134341
t 0.796827 -0.295286 0.527136
bt -0.0606335 -0.997739 -0.028991
t 0.68275 -0.426943 0.592935
bt -0.796765 -0.577996 0.176314
t 0.657598 -0.451168 0.603335
bt -0.863406 -0.496998 0.0867333
t -0.660003 0.448912 0.602391
bt -0.86376 -0.496479 -0.0861862
t -0.681546 0.428137 0.593459
bt -0.795279 -0.579502 -0.178069

