g sponza_85
t 0 0 -1
bt -0.141099 -0.989995 0
t 0 0 -1
bt -0.246602 -0.969115 0.00154381
t 0 0 -1
bt -0.2354 -0.971899 0
t 0 0 -1
bt -0.141099 -0.989995 0
t -1 0 0
bt 0.00189714 -0.97729 0.211898
t -1 0 0
bt 0.00252294 -0.977289 0.211898
t -1 0 0
bt 0.00285537 -0.992867 0.119196
t -1 0 0
bt 0.00285537 -0.992867 0.119196
t -1 0 0
bt -0.000361783 -1 0
t -1 0 0
bt 0.000375495 -1 0
t -1 0 0
bt -0.000361783 -1 0
t -1 0 0
bt -0.000361783 -1 0
t 0 0 1
bt 0 -1 0.000328683
t 0 0 1
bt 0 -1 0
t 0 0 1
bt 0 -1 0.000328683
t 0 0 1
bt 0 -1 0.000328683
t 0 0 -1
bt -0.799843 -0.593483 -0.0896042
t 0 0 -1
bt -0.802857 -0.595719 -0.0232301
t 0 0 -1
bt -0.799843 -0.593483 -0.0896042
t 0 0 -1
bt -0.799843 -0.593483 -0.0896042
t -1 0 0
bt 0.656664 -0.49851 0.565933
t -1 0 0
bt -0.648426 -0.503199 0.571257
t -1 0 0
bt 0.656664 -0.49851 0.565933
t -1 0 0
bt 0.656664 -0.49851 0.565933
t 0 0 -1
bt 0.706506 -0.707706 -0.00113394
t 0 0 -1
bt 0.706506 -0.707707 0
t 0 0 -1
bt 0.706506 -0.707706 -0.00113394
t 0 0 -1
bt 0.706506 -0.707706 -0.00113394
t -1 0 0
bt -0.000672353 -0.765378 -0.643581
t -1 0 0
bt 0.00071933 -0.765378 -0.643581
t -1 0 0
bt -0.000672353 -0.765378 -0.643581
t -1 0 0
bt -0.000672353 -0.765378 -0.643581
t 0 0 -1
bt -0.743896 -0.668296 0
t 0 0 -1
bt -0.743891 -0.668292 -0.00335974
t 0 0 -1
bt -0.743896 -0.668296 0
t 0 0 -1
bt -0.743896 -0.668296 0
t -1 0 0
bt -0.00441082 -0.729483 0.683984
t -1 0 0
bt -0.00999942 -0.729454 0.683957
t -1 0 0
bt -0.00441082 -0.729483 0.683984
t -1 0 0
bt -0.00441082 -0.729483 0.683984
t 0 0 -1
bt 0.743894 -0.668295 0.00199141
t 0 0 -1
bt 0.743896 -0.668296 0
t 0 0 -1
bt 0.743894 -0.668295 0.00199141
t 0 0 -1
bt 0.743894 -0.668295 0.00199141
t -1 0 0
bt 0.00276109 -0.729488 -0.683988
t -1 0 0
bt 0.011961 -0.729438 -0.683942
t -1 0 0
bt 0.00276109 -0.729488 -0.683988
t -1 0 0
bt 0.00276109 -0.729488 -0.683988
t 0 0 -1
bt -0.4309 -0.9024 -8.17478e-05
t 0 0 -1
bt -0.496397 -0.868095 0.000126753
t 0 0 -1
bt -0.496397 -0.868095 0
t 0 0 -1
bt -0.413786 -0.910374 0
t -1 0 0
bt 0.000566442 -0.900949 0.433924
t -1 0 0
bt -0.000466301 -0.900949 0.433924
t -1 0 0
bt 0.000396379 -0.926261 0.376883
t -1 0 0
bt 0.000363434 -0.926261 0.376883
t -0.773493 -0.190061 -0.604637
bt -0.0308919 -0.97606 0.215295
t -0.701684 0.272217 -0.658435
bt -0.0312735 -0.976116 0.214987
t -0.786798 -0.18264 -0.589568
bt -0.068298 -0.9441 0.322507
t -0.788932 -0.225133 -0.571753
bt -0.0708951 -0.941505 0.329458
t -0.766483 0.286241 0.574952
bt 0.255784 -0.966449 0.0234586
t -0.715829 -0.176208 0.675677
bt 0.36829 -0.92685 0.0728746
t -0.783062 0.124945 0.609264
bt 0.367362 -0.927872 0.0640152
t -0.766483 0.286241 0.574952
bt 0.255784 -0.966449 0.0234586
t -0.747377 -0.206556 -0.631477
bt -0.0146288 -0.999684 -0.0204327
t -0.72976 -0.294039 -0.617245
bt 0.00161238 -0.999976 -0.00674904
t -0.747425 -0.206557 -0.631419
bt -0.0146298 -0.999684 -0.0204315
t -0.747377 -0.206556 -0.631477
bt -0.0146288 -0.999684 -0.0204327
t -0.748902 -0.20791 0.629221
bt -0.0242508 -0.99963 0.0123262
t -0.726413 -0.317949 0.609289
bt -0.00801798 -0.999967 -0.00135278
t -0.74895 -0.20791 0.629164
bt -0.0242523 -0.99963 0.0123243
t -0.748902 -0.20791 0.629221
bt -0.0242508 -0.99963 0.0123262
t -0.900888 0.244419 -0.358693
bt 0.123718 -0.562773 -0.817301
t -0.881139 0.471879 0.0304039
bt 0.111108 -0.558976 -0.821706
t -0.900888 0.244419 -0.358693
bt 0.123718 -0.562773 -0.817301
t -0.900888 0.244419 -0.358693
bt 0.123718 -0.562773 -0.817301
t -0.099335 0.480896 0.871133
bt -0.869756 -0.488813 -0.0677211
t -0.366262 0.340437 0.865999
bt -0.855293 -0.506558 -0.108963
t -0.099335 0.480896 0.871133
bt -0.869756 -0.488813 -0.0677211
t -0.099335 0.480896 0.871133
bt -0.869756 -0.488813 -0.0677211
t -0.764831 -2.47535e-05 -0.644231
bt -0.646553 -0.501321 0.575018
t -0.778782 -0.0129302 -0.627161
bt -0.665503 -0.499383 0.554727
t -0.764831 -2.47535e-05 -0.644231
bt -0.646553 -0.501321 0.575018
t -0.764831 -2.47535e-05 -0.644231
bt -0.646553 -0.501321 0.575018
t -0.764776 -2.49303e-05 0.644296
bt 0.665859 -0.499343 0.554336
t -0.764831 2.47535e-05 0.644231
bt 0.658846 -0.500114 0.561967
t -0.764776 -2.49303e-05 0.644296
bt 0.665859 -0.499343 0.554336
t -0.764776 -2.49303e-05 0.644296
bt 0.665859 -0.499343 0.554336
t -0.764771 -7.70157e-05 -0.644303
bt -0.0777342 -0.503326 0.860593
t -0.91821 -0.256469 -0.301852
bt -0.114501 -0.514353 0.8499
t -0.764823 3.78313e-05 -0.64424
bt -0.0777049 -0.50339 0.860558
t -0.764823 3.78313e-05 -0.64424
bt -0.0777049 -0.50339 0.860558
t -0.431655 -0.270207 0.860617
bt 0.879949 -0.462319 0.109319
t -0.764781 9.79511e-06 0.64429
bt 0.901551 -0.43134 0.0339351
t -0.431639 -0.270172 0.860636
bt 0.879916 -0.462391 0.10928
t -0.431655 -0.270207 0.860617
bt 0.879949 -0.462319 0.109319
t -0.764794 2.56578e-05 -0.644275
bt 0.0390157 -0.483742 -0.87434
t -0.918573 0.393617 -0.0358985
bt 0.0265039 -0.479592 -0.877091
t -0.764794 2.56578e-05 -0.644275
bt 0.0390157 -0.483742 -0.87434
t -0.764823 -3.70702e-05 -0.644241
bt 0.0390171 -0.483739 -0.874342
t -0.197027 0.390906 0.899096
bt -0.909615 -0.415266 -0.0124583
t -0.764781 -1.10305e-05 0.644291
bt -0.904418 -0.425174 -0.0354181
t -0.197027 0.390906 0.899096
bt -0.909615 -0.415266 -0.0124583
t -0.19706 0.39098 0.899056
bt -0.909615 -0.415267 -0.0124577
t -0.824076 -0.22821 -0.518477
bt -0.0825323 -0.821443 0.564287
t -0.828257 -0.296258 -0.475627
bt -0.0664905 -0.824096 0.562535
t -0.833607 -0.190616 -0.518425
bt -0.110748 -0.760025 0.640389
t -0.833607 -0.190616 -0.518425
bt -0.110748 -0.760025 0.640389
t -0.579264 -0.33228 0.744341
bt 0.641811 -0.765248 0.049729
t -0.64321 -0.203409 0.738177
bt 0.701859 -0.706501 0.0908304
t -0.547316 -0.322445 0.772317
bt 0.714395 -0.6962 0.0703267
t -0.614154 -0.289068 0.734339
bt 0.633393 -0.772455 0.0461129
t -1 0 -0.000103501
bt -0.0006772 0 -1
t -0.9999 0 0.0141762
bt 0 0 -1
t -1 0 -0.000103501
bt -0.0166112 0 -0.999862
t -1 0 -7.76254e-05
bt -0.0124579 0 -0.999922
t -1 0 0
bt -0.0477898 0 -0.998857
t -1 0 0
bt 0 0 -1
t 0 0 1
bt 0.235496 -0.971875 0
t 0 0 1
bt 0.246602 -0.969114 -0.00222109
t 0 0 1
bt 0.141099 -0.989995 0
t 0 0 1
bt 0.141099 -0.989995 0
t 0 0 -1
bt 0 -1 0
t 0 0 -1
bt 0 -1 0.000328683
t 0 0 -1
bt 0 -1 0
t 0 0 -1
bt 0 -1 0
t -2.84957e-05 2.1146e-05 1
bt 0.720184 -0.534376 0.442468
t -2.57257e-05 1.90905e-05 1
bt 0.66972 -0.496932 0.551846
t -2.84957e-05 2.1146e-05 1
bt 0.720184 -0.534376 0.442468
t -2.84957e-05 2.1146e-05 1
bt 0.720184 -0.534376 0.442468
t -1.99119e-05 -1.9945e-05 1
bt -0.706506 -0.707706 0.00157079
t 0 0 1
bt -0.706506 -0.707707 0
t -1.99119e-05 -1.9945e-05 1
bt -0.706506 -0.707706 0.00157079
t -1.99119e-05 -1.9945e-05 1
bt -0.706506 -0.707706 0.00157079
t 0 0 1
bt 0.743896 -0.668296 0
t 0 0 1
bt 0.74388 -0.668282 0.00639054
t 0 0 1
bt 0.743896 -0.668296 0
t 0 0 1
bt 0.743896 -0.668296 0
t 0 0 1
bt -0.743873 -0.668276 -0.00770256
t 0 0 1
bt -0.743896 -0.668296 0
t 0 0 1
bt -0.743873 -0.668276 -0.00770256
t 0 0 1
bt -0.743873 -0.668276 -0.00770256
t 1.57976e-06 -2.76279e-06 1
bt 0.496397 -0.868095 0
t 0 0 1
bt 0.496397 -0.868095 0.00012667
t 1.18989e-06 -2.4919e-06 1
bt 0.4309 -0.9024 -8.25297e-05
t 7.31622e-07 -1.61019e-06 1
bt 0.413786 -0.910374 0
t 1 0 0
bt 0 0 1
t 1 0 0
bt -0.0129138 0 0.999917
t 1 0 0
bt -0.00462215 0 0.999989
t 1 0 0
bt 0 0 1
t 1 0 0
bt -0.0386465 0 0.999253
t 1 0 0
bt -0.0386465 0 0.999253

