g sponza_305
t 0.872149 0.407866 0.270188
bt -0.202728 -0.978115 0.0468252
t 0.871897 0.40852 0.270014
bt -0.203125 -0.97804 0.0466699
t 0.874632 0.407878 0.262022
bt 0.00449843 -0.993599 -0.112871
t 0.874632 0.407878 0.262022
bt 0.00449843 -0.993599 -0.112871
t 0.863922 0.406405 0.297444
bt -0.565076 -0.824694 0.0238364
t 0.864115 0.405725 0.297812
bt -0.565051 -0.824711 0.0238557
t 0.843527 0.414853 0.341115
bt -0.67784 -0.734798 0.0245984
t 0.843553 0.414672 0.34127
bt -0.677964 -0.734689 0.0244216
t 0.798025 0.3799 0.467796
bt -0.73676 -0.67614 0.00425949
t 0.797986 0.379684 0.468037
bt -0.736542 -0.676374 0.00483948
t 0.848595 0.368825 0.379281
bt -0.707379 -0.706575 -0.0191494
t 0.848595 0.368825 0.379281
bt -0.707379 -0.706575 -0.0191494
t 0.637082 0.307283 0.706897
bt -0.757982 -0.652273 0.00154158
t 0.637186 0.307425 0.706742
bt -0.758078 -0.652164 0.000977289
t 0.326259 0.275598 0.904213
bt -0.763917 -0.645314 0.000147647
t 0.327498 0.276645 0.903445
bt -0.763917 -0.645314 0
t -0.559661 -0.208318 0.802111
bt -0.758341 -0.651858 0.000584973
t -0.559857 -0.208554 0.801913
bt -0.758323 -0.651878 0.000482652
t -0.326669 -0.275945 0.903959
bt -0.763917 -0.645314 0
t -0.326669 -0.275945 0.903959
bt -0.763917 -0.645314 0
t -0.790071 -0.34217 0.508632
bt -0.739243 -0.673434 0.00240537
t -0.790064 -0.342141 0.508663
bt -0.739295 -0.673377 0.00254538
t -0.848615 -0.36857 0.379485
bt -0.707607 -0.706337 0.0195013
t -0.848601 -0.368748 0.379343
bt -0.707498 -0.706451 0.0193329
t -0.865821 -0.399618 0.301098
bt -0.603337 -0.797455 0.00701677
t -0.865795 -0.399711 0.301048
bt -0.603126 -0.797617 0.00684222
t -0.843545 -0.414726 0.341224
bt -0.678009 -0.73465 -0.024358
t -0.843545 -0.414726 0.341224
bt -0.678009 -0.73465 -0.024358
t -0.87265 -0.406562 0.270535
bt -0.343244 -0.939196 0.00968995
t -0.872433 -0.407128 0.270385
bt -0.343406 -0.939136 0.00975715
t -0.874205 -0.408791 0.262021
bt 0.00518897 -0.993615 0.112703
t -0.874635 -0.407845 0.262061
bt 0.00309638 -0.993554 0.113317
t -0.872831 -0.406307 0.270334
bt 0.8796 -0.473403 0.0468281
t -0.87279 -0.406405 0.27032
bt 0.879793 -0.473065 0.0466241
t -0.874635 -0.407845 0.262061
bt 0.75825 -0.642116 -0.112889
t -0.874645 -0.407849 0.262022
bt 0.758241 -0.642116 -0.112951
t -0.866211 -0.401218 0.29783
bt 0.994979 -0.0972005 0.0238652
t -0.866331 -0.401042 0.297719
bt 0.994974 -0.0972372 0.0238894
t -0.849606 -0.390893 0.35408
bt 0.998111 0.0606175 0.00996693
t -0.859899 -0.379649 0.341233
bt 0.998591 0.0470901 0.0244577
t -0.804245 -0.367034 0.467414
bt 0.991492 0.130113 0.0038352
t -0.804958 -0.366625 0.466506
bt 0.991485 0.130166 0.00373917
t -0.827728 -0.413268 0.379574
bt 0.995941 0.0879111 -0.019343
t -0.647411 -0.290394 0.704649
bt 0.986853 0.161615 0.000867595
t -0.647542 -0.290385 0.704532
bt 0.986858 0.161584 0.000988684
t -0.425699 -0.073608 0.901866
bt 0.985376 0.170396 0.000149579
t -0.422445 -0.0730453 0.90344
bt 0.985376 0.170396 0
t 0.521997 0.294794 0.800385
bt 0.986808 0.161895 0.000624215
t 0.52136 0.294798 0.800798
bt 0.986812 0.161868 0.000517833
t 0.424575 0.0734137 0.902411
bt 0.985376 0.170396 0
t 0.424575 0.0734137 0.902411
bt 0.985376 0.170396 0
t 0.771174 0.384678 0.507261
bt 0.991058 0.133411 0.00240887
t 0.771143 0.384693 0.507296
bt 0.991041 0.133532 0.00263044
t 0.839273 0.401705 0.366407
bt 0.99722 0.0743639 0.00478948
t 0.838928 0.402057 0.36681
bt 0.997233 0.074195 0.00460801
t 0.862653 0.406414 0.301093
bt 0.998706 -0.0503789 0.00699306
t 0.862714 0.406326 0.301038
bt 0.998693 -0.0506482 0.00681599
t 0.872174 0.407493 0.27067
bt 0.940104 -0.34075 0.00969648
t 0.87208 0.407662 0.270718
bt 0.940168 -0.340572 0.00976956
t 0.874578 0.407994 0.262022
bt 0.757797 -0.64267 0.112779
t 0.874632 0.407878 0.262022
bt 0.759096 -0.641045 0.113284
t 0.631896 0.303853 0.713009
bt 0.126903 -0.990397 -0.0548576
t 0.852874 0.389776 0.347392
bt -0.186929 -0.982371 0.00202277
t 0.840721 0.380409 0.385328
bt -0.454188 -0.890359 0.0312235
t 0.59473 0.302217 0.744957
bt -0.0577325 -0.997855 -0.030877
t 0.344743 0.162877 0.924458
bt 0.203946 -0.978962 0.0063486
t 0.379016 0.175264 0.908642
bt 0.305117 -0.95228 -0.00814515
t 0.389373 0.181531 0.903014
bt 0.418898 -0.907993 -0.00852709
t 0.645824 0.301125 0.701594
bt 0.416562 -0.909084 -0.00652842
t 0.528282 0.278845 0.801975
bt -0.207636 -0.977392 -0.0399039
t 0.810547 0.352255 0.4679
bt -0.611284 -0.791324 0.011747
t 0.735772 0.334764 0.588704
bt -0.671157 -0.741143 0.0159984
t 0.421133 0.258134 0.869491
bt -0.28779 -0.957523 -0.0180433
t 0.209253 0.105176 0.972189
bt 0.0458723 -0.998946 0.00139275
t 0.289536 0.131688 0.948065
bt 0.110473 -0.993874 -0.0031415
t 0.235436 0.123797 0.963973
bt -0.334365 -0.94239 -0.0100666
t 0.494842 0.196691 0.84643
bt -0.702978 -0.711176 0.00710552
t 0.0366358 0.0361221 0.998676
bt -0.71209 -0.702089 0
t 0.012909 0.0346263 0.999317
bt -0.349304 -0.937009 0
t 6.6207e-05 0.00874569 0.999962
bt -0.00769978 -0.99997 0
t 0.110866 0.0430681 0.992902
bt 0.00511422 -0.999983 -0.00285558
t -0.251535 -0.176405 0.951636
bt -0.334272 -0.942428 0.00952958
t -0.532146 -0.247406 0.809698
bt -0.702972 -0.711182 -0.00713736
t -0.727612 -0.306007 0.613955
bt -0.673934 -0.738735 -0.00911619
t -0.416681 -0.229062 0.87972
bt -0.289889 -0.956762 0.0238902
t -0.210124 -0.0916917 0.973365
bt 0.0455684 -0.998961 -1.64265e-05
t -0.110694 -0.0585419 0.992129
bt 0.00559231 -0.999983 -0.00141974
t -0.528079 -0.290987 0.797784
bt -0.201294 -0.979111 0.0286673
t -0.810131 -0.365634 0.458256
bt -0.602729 -0.797596 -0.0236167
t -0.841978 -0.37481 0.38806
bt -0.483305 -0.875415 -0.00804772
t -0.595537 -0.297251 0.746309
bt -0.07659 -0.995542 0.0550379
t -0.345609 -0.159272 0.924763
bt 0.199274 -0.979928 0.0055544
t -0.288536 -0.138625 0.94738
bt 0.112649 -0.993628 -0.00373018
t -0.63148 -0.305155 0.712821
bt 0.166712 -0.985924 0.0127068
t -0.852403 -0.391095 0.347066
bt -0.123542 -0.991849 -0.0311902
t -0.853844 -0.398138 0.335315
bt 0.379319 -0.925114 0.0167852
t -0.645814 -0.30113 0.701602
bt 0.39847 -0.916816 0.0258931
t -0.389373 -0.181531 0.903014
bt 0.419185 -0.907867 0.00786751
t -0.378696 -0.176078 0.908617
bt 0.312005 -0.950048 -0.00779805
t -0.638953 -0.288731 0.713003
bt 0.676311 -0.734666 -0.0535584
t -0.846837 -0.402732 0.347381
bt 0.873808 -0.486269 0.000999123
t -0.831803 -0.399504 0.385358
bt 0.974305 -0.223189 0.0302742
t -0.613791 -0.261301 0.744971
bt 0.801496 -0.597202 -0.0308843
t -0.346408 -0.15932 0.924456
bt 0.618812 -0.785513 0.00640359
t -0.37807 -0.177374 0.908626
bt 0.532678 -0.846295 -0.00626383
t -0.551268 -0.227016 0.80285
bt 0.882389 -0.468758 -0.0406874
t -0.790862 -0.394473 0.467897
bt 0.999163 -0.0394679 0.0107228
t -0.727804 -0.349177 0.590234
bt 0.999155 0.0382773 0.0149389
t -0.466477 -0.157886 0.870328
bt 0.918596 -0.394745 -0.01893
t -0.214536 -0.0931975 0.97226
bt 0.735386 -0.677637 0.003949
t -0.286027 -0.138244 0.948197
bt 0.690623 -0.723202 -0.00433073
t -0.246393 -0.100676 0.963927
bt 0.936836 -0.349621 -0.0101176
t -0.468741 -0.252654 0.846432
bt 0.99664 0.0816804 0.00609762
t -0.051229 -0.00484536 0.998675
bt 0.995553 0.0941982 0
t -0.0348281 0.0123689 0.999317
bt 0.942323 -0.334706 0
t -0.00674342 0.00557259 0.999962
bt 0.770968 -0.636874 0
t -0.105053 -0.0565669 0.992857
bt 0.762508 -0.646978 0.000572168
t 0.296874 0.0791591 0.95163
bt 0.936765 -0.349847 0.00885131
t 0.53155 0.248634 0.809713
bt 0.996673 0.0810575 -0.00857932
t 0.701144 0.361088 0.614827
bt 0.999115 0.0407928 -0.0102286
t 0.442155 0.172644 0.880167
bt 0.919136 -0.393264 0.0230574
t 0.205796 0.101551 0.973312
bt 0.736365 -0.676579 0.00260663
t 0.11759 0.0458076 0.992005
bt 0.762672 -0.646783 0.00171373
t 0.561261 0.218447 0.79829
bt 0.879395 -0.475239 0.0284866
t 0.800832 0.385566 0.458265
bt 0.998404 -0.0511809 -0.0238579
t 0.82833 0.404055 0.388083
bt 0.981159 -0.193021 -0.00836865
t 0.610525 0.26517 0.746287
bt 0.811865 -0.581244 0.0550544
t 0.344183 0.162329 0.924763
bt 0.622578 -0.782538 0.00557597
t 0.291205 0.132461 0.947446
bt 0.688624 -0.725106 -0.0043183
t 0.639687 0.287569 0.712814
bt 0.649711 -0.760036 0.0148819
t 0.847578 0.401466 0.34704
bt 0.837353 -0.545682 -0.0327223
t 0.853844 0.398138 0.335315
bt 0.468305 -0.88338 0.0181962
t 0.378584 0.176513 0.90858
bt 0.527098 -0.849765 -0.00812915
t 0.753746 0.426285 0.500148
bt -0.408315 -0.869522 -0.277867
t 0.745544 0.387378 0.542313
bt -0.338802 -0.938711 -0.0635199
t 0.783687 0.365448 0.502277
bt 0.231223 -0.966026 -0.115454
t 0.752559 0.429251 0.499398
bt -0.064018 -0.996544 -0.0529333
t 0.700419 0.382299 0.602711
bt -0.472539 -0.87934 -0.0588801
t 0.616307 0.380538 0.689462
bt -0.530783 -0.846831 -0.0338687
t 0.406411 0.240112 0.881576
bt -0.562708 -0.826467 -0.0176829
t 0.134309 0.192919 0.971979
bt -0.571386 -0.820681 9.28532e-05
t -0.442595 -0.310237 0.841346
bt -0.562338 -0.82676 0.0156351
t -0.611285 -0.356255 0.706691
bt -0.531496 -0.846308 0.0357047
t -0.260342 -0.37395 0.890159
bt -0.571375 -0.820689 0
t -0.700087 -0.391394 0.597234
bt -0.467118 -0.882743 0.0506557
t -0.746159 -0.384468 0.543535
bt -0.360438 -0.928967 0.0842916
t -0.752454 -0.429513 0.499331
bt -0.0584491 -0.997073 0.0492781
t -0.783746 -0.365322 0.502277
bt 0.229384 -0.966339 0.116498
t -0.753949 -0.425775 0.500276
bt -0.41042 -0.868092 0.279235
t -0.785443 -0.34839 0.51157
bt 0.837663 -0.53808 -0.0937574
t -0.837279 -0.234577 0.4939
bt 0.959322 -0.230304 -0.163282
t -0.78371 -0.365406 0.502273
bt 0.73329 -0.640255 -0.228823
t -0.743104 -0.290795 0.60269
bt 0.977245 -0.204111 -0.0577224
t -0.687674 -0.227457 0.68947
bt 0.989815 -0.138756 -0.0318315
t -0.828559 -0.248324 0.501822
bt 0.959971 -0.118206 -0.253937
t -0.445339 -0.15694 0.8815
bt 0.994809 -0.100269 -0.0173353
t -0.23434 0.0211392 0.971925
bt 0.99596 -0.0897975 0.000126862
t 0.52255 0.139519 0.841116
bt 0.994805 -0.100426 0.0166552
t 0.666173 0.23905 0.706448
bt 0.989975 -0.136354 0.0368328
t 0.453769 -0.0409333 0.890179
bt 0.995958 -0.0898213 0
t 0.74986 0.284646 0.597232
bt 0.976443 -0.209835 0.0502845
t 0.828683 0.248132 0.501712
bt 0.960108 -0.119898 0.252622
t 0.785583 0.348156 0.511514
bt 0.797865 -0.601132 0.0452894
t 0.78371 0.365406 0.502273
bt 0.731845 -0.642359 0.227546
t 0.837339 0.234481 0.493844
bt 0.959118 -0.232381 0.161533
t 0.391876 0.178072 0.90262
bt 0.303173 -0.952933 -0.00224013
t 0.276645 0.126902 0.952556
bt 0.343934 -0.938993 0.000764758
t 0.251011 0.112693 0.961402
bt 0.270378 -0.962738 0.00560649
t 0.357297 0.160144 0.920159
bt 0.194699 -0.980857 0.00332832
t 0.400732 0.187165 0.896874
bt 0.421648 -0.906757 -0.00204351
t 0.284937 0.132855 0.949295
bt 0.422244 -0.906481 -0.00121416
t 0.388613 0.185193 0.902598
bt 0.533618 -0.845724 -0.00147481
t 0.275027 0.130396 0.952553
bt 0.497235 -0.867605 -0.00431084
t 0.352674 0.170329 0.920114
bt 0.626157 -0.77969 -0.00337895
t 0.247678 0.11986 0.9614
bt 0.563732 -0.825941 -0.00526482
t 0.297304 0.141285 0.944272
bt 0.69687 -0.717184 -0.00449522
t 0.203839 0.0998317 0.973901
bt 0.616976 -0.78696 -0.00590025
t 0.216923 0.101152 0.970934
bt 0.743825 -0.668355 -0.00511157
t 0.145959 0.071502 0.986703
bt 0.655386 -0.755273 -0.00560609
t 0.116913 0.052053 0.991777
bt 0.771537 -0.636168 -0.00447128
t 0.0768009 0.0366391 0.996373
bt 0.678334 -0.734745 -0.00367096
t 0.00179147 -0.00143769 0.999997
bt 0.779902 -0.625902 -0.000533081
t 0.000867657 -0.000919935 0.999999
bt 0.686103 -0.727504 -3.2088e-05
t -0.113757 -0.0546872 0.992002
bt 0.771598 -0.6361 0.00367883
t -0.0742558 -0.0394042 0.99646
bt 0.67841 -0.734679 0.00243975
t -0.214224 -0.103673 0.971267
bt 0.744062 -0.6681 0.00357752
t -0.144496 -0.0732061 0.986794
bt 0.655617 -0.755085 0.00373564
t -0.252764 -0.18915 0.948859
bt 0.683921 -0.727511 0.0545931
t -0.20271 -0.1013 0.973985
bt 0.617285 -0.786728 0.00420309
t -0.351791 -0.171504 0.920234
bt 0.627267 -0.778804 -4.30161e-05
t -0.247246 -0.120505 0.96143
bt 0.564181 -0.825645 0.00336606
t -0.259394 -0.182157 0.948438
bt 0.680567 -0.729669 0.0664232
t -0.388763 -0.184943 0.902585
bt 0.53513 -0.844767 -0.00230337
t -0.274764 -0.130862 0.952565
bt 0.498117 -0.867109 0.00113711
t -0.401036 -0.186511 0.896874
bt 0.423398 -0.905942 -0.00187239
t -0.284932 -0.132865 0.949295
bt 0.423143 -0.906061 -0.00178541
t -0.391702 -0.17858 0.902596
bt 0.305025 -0.952342 -0.0018624
t -0.276695 -0.126768 0.95256
bt 0.34471 -0.938703 -0.00336563
t -0.357249 -0.16035 0.920142
bt 0.194537 -0.980891 -0.00292737
t -0.251023 -0.112652 0.961404
bt 0.270444 -0.962718 -0.00584971
t -0.299426 -0.13628 0.944337
bt 0.102195 -0.994741 -0.00690348
t -0.207567 -0.0917006 0.973913
bt 0.206176 -0.978499 -0.00561974
t -0.216907 -0.101675 0.970883
bt 0.0339101 -0.999411 -0.00528935
t -0.148559 -0.0660825 0.986693
bt 0.157064 -0.987578 -0.00455817
t -0.115023 -0.0550456 0.991836
bt -0.0086801 -0.999954 -0.00418147
t -0.0775147 -0.0346377 0.996389
bt 0.126706 -0.991937 -0.00236785
t -5.49357e-05 -0.00253622 0.999997
bt -0.0218018 -0.999762 0.000278839
t 0.000190893 -0.00163142 0.999999
bt 0.116303 -0.993214 -5.95762e-05
t 0.115014 0.0515169 0.992027
bt -0.00869853 -0.999954 0.00401999
t 0.0778751 0.0318562 0.996454
bt 0.126761 -0.991929 0.00304892
t 0.21709 0.0982277 0.971197
bt 0.0336884 -0.999423 0.00431159
t 0.148999 0.0634089 0.986802
bt 0.156987 -0.987592 0.00406963
t 0.299757 0.133804 0.944586
bt 0.100824 -0.994901 0.00272133
t 0.207967 0.0898846 0.973997
bt 0.205816 -0.978583 0.00400096
t -0.879281 -0.409546 0.24318
bt 0.899188 -0.434798 0.049102
t -0.879069 -0.409935 0.243292
bt 0.900959 -0.431277 0.0476716
t -0.8808 -0.41071 0.235602
bt 0.785324 -0.60922 -0.110081
t -0.8808 -0.41071 0.235602
bt 0.785324 -0.60922 -0.110081
t -0.873895 -0.405222 0.268519
bt 0.99855 -0.0491995 0.0218376
t -0.874326 -0.404604 0.268047
bt 0.998545 -0.0492916 0.0218901
t -0.869746 -0.385664 0.307904
bt 0.996141 0.0848482 0.0224294
t -0.869517 -0.385934 0.308213
bt 0.996137 0.0849133 0.0223605
t -0.822292 -0.376171 0.427003
bt 0.987009 0.160621 0.00377404
t -0.822208 -0.376223 0.427118
bt 0.987049 0.16036 0.00424793
t -0.842107 -0.416143 0.343047
bt 0.992286 0.12269 -0.0177684
t -0.842107 -0.416143 0.343047
bt 0.992286 0.12269 -0.0177684
t -0.676679 -0.307628 0.668933
bt 0.981975 0.189006 0.00152542
t -0.675699 -0.307693 0.669892
bt 0.981964 0.189066 0.00129052
t -0.464871 -0.0934968 0.880428
bt 0.980365 0.197193 0.000448564
t -0.46328 -0.0931768 0.8813
bt 0.980365 0.197193 0
t 0.554402 0.311211 0.771872
bt 0.981856 0.189624 0.000895333
t 0.553791 0.311285 0.772281
bt 0.981827 0.189771 0.00147034
t 0.464567 0.0934356 0.880595
bt 0.980365 0.197193 0
t 0.464567 0.0934356 0.880595
bt 0.980365 0.197193 0
t 0.791048 0.394075 0.467918
bt 0.986398 0.16435 0.00302514
t 0.790941 0.394132 0.468051
bt 0.986432 0.164149 0.0026581
t 0.851506 0.406189 0.331584
bt 0.993855 0.110582 0.0048864
t 0.851512 0.406182 0.331576
bt 0.993864 0.110503 0.00480235
t 0.870906 0.409725 0.27138
bt 0.999965 -0.00558747 0.00615752
t 0.870977 0.409658 0.271256
bt 0.999965 -0.00589524 0.00596056
t 0.878776 0.410473 0.243445
bt 0.956357 -0.292112 0.00720032
t 0.878511 0.410956 0.243584
bt 0.955962 -0.293413 0.00670149
t 0.880546 0.411254 0.235602
bt 0.789733 -0.603201 0.111666
t 0.8808 0.41071 0.235602
bt 0.788684 -0.604643 0.111288
t 0.878947 0.410274 0.243161
bt -0.248412 -0.967473 0.0478338
t 0.87908 0.409934 0.243253
bt -0.247688 -0.967645 0.0481039
t 0.8808 0.41071 0.235602
bt -0.0452278 -0.992716 -0.111668
t 0.8808 0.41071 0.235602
bt -0.0452278 -0.992716 -0.111668
t 0.872182 0.408875 0.268551
bt -0.602628 -0.797689 0.0230622
t 0.871972 0.409605 0.268119
bt -0.602504 -0.79778 0.0231636
t 0.856706 0.404526 0.320022
bt -0.714553 -0.699526 0.00883162
t 0.856733 0.404339 0.320184
bt -0.714577 -0.699502 0.00879541
t 0.816744 0.388261 0.426828
bt -0.757785 -0.652498 0.00289102
t 0.816709 0.388022 0.427113
bt -0.757801 -0.65248 0.00284761
t 0.671521 0.321894 0.667416
bt -0.776246 -0.63043 0.000212643
t 0.671214 0.321368 0.667978
bt -0.776289 -0.630377 -4.67534e-05
t 0.370439 0.295976 0.880439
bt -0.781239 -0.624231 -0.000766099
t 0.369141 0.294939 0.881332
bt -0.781239 -0.624232 0
t -0.595368 -0.225312 0.771214
bt -0.776346 -0.630307 0.000395254
t -0.595025 -0.224788 0.771632
bt -0.776293 -0.630372 7.28969e-05
t -0.370199 -0.295784 0.880604
bt -0.781239 -0.624232 0
t -0.370199 -0.295784 0.880604
bt -0.781239 -0.624232 0
t -0.810607 -0.353885 0.466564
bt -0.759391 -0.650633 0.00153299
t -0.810594 -0.353821 0.466635
bt -0.759266 -0.650779 0.00118827
t -0.858622 -0.390427 0.332166
bt -0.722872 -0.690972 0.00377887
t -0.858615 -0.390488 0.332114
bt -0.72349 -0.690319 0.00472887
t -0.873689 -0.403764 0.271371
bt -0.639152 -0.769051 0.00671072
t -0.873675 -0.403843 0.271299
bt -0.63898 -0.769195 0.00656746
t -0.879318 -0.409327 0.243416
bt -0.390179 -0.920713 0.00684819
t -0.879507 -0.408842 0.243547
bt -0.389425 -0.921035 0.00654744
t -0.880986 -0.410312 0.235602
bt -0.0362538 -0.993297 0.109756
t -0.8808 -0.41071 0.235602
bt -0.0462557 -0.992644 0.111886
t -0.0645327 -0.03008 0.997462
bt 0.422682 -0.906278 -0.000245854
t -0.0625585 -0.0286835 0.997629
bt 0.439346 -0.898318 -0.000126887
t -2.39962e-07 3.15067e-07 1
bt 0.422606 -0.906313 -2.63769e-06
t -0.056272 -0.0254656 0.998091
bt 0.454665 -0.890663 -0.000226054
t -0.0459734 -0.0208797 0.998724
bt 0.467795 -0.883837 0.00011525
t -0.0336945 -0.0125628 0.999353
bt 0.477758 -0.878491 -0.000932358
t -0.0310598 -0.0174049 0.999366
bt 0.477723 -0.878511 0.00024602
t -0.0161615 -0.00879803 0.999831
bt 0.48399 -0.875074 0.000291837
t -0.000146766 0.000263816 1
bt 0.486101 -0.873902 0
t 0.016345 0.00846562 0.999831
bt 0.483993 -0.875072 -0.000122507
t 0.0310598 0.0174049 0.999366
bt 0.477723 -0.878511 -0.000241938
t 0.0336947 0.0125624 0.999353
bt 0.47776 -0.87849 0.000994897
t 0.0463276 0.0202101 0.998722
bt 0.467831 -0.883818 0.000693456
t 0.0559424 0.026112 0.998092
bt 0.454601 -0.890695 -0.000918403
t 0.0627283 0.0283362 0.997628
bt 0.439264 -0.898357 -0.00118252
t 0.0645354 0.0300812 0.997462
bt 0.4226 -0.906316 0.000258728
t 0.0623047 0.0292182 0.997629
bt 0.40582 -0.913952 0.000857182
t 0.0559732 0.0260395 0.998093
bt 0.390122 -0.920761 0.00177172
t 0.0460703 0.0205029 0.998728
bt 0.376379 -0.926466 0.000103726
t 0.0323144 0.015103 0.999364
bt 0.36581 -0.93069 -0.000577795
t 0.0164292 0.00853739 0.999829
bt 0.359259 -0.933238 0.000288667
t -9.25982e-05 0.00024236 1
bt 0.357002 -0.934104 0
t -0.0166647 -0.00792635 0.99983
bt 0.359256 -0.933239 -0.000123338
t -0.032261 -0.0152392 0.999363
bt 0.365824 -0.930684 0.0001432
t -0.0460829 -0.0204721 0.998728
bt 0.376344 -0.92648 0.00065588
t -0.0562268 -0.0254419 0.998094
bt 0.390017 -0.920807 9.04447e-05
t -0.0622577 -0.0293239 0.997629
bt 0.405716 -0.913999 0.000803804
t 0.359077 0.17009 0.917678
bt 0.190911 -0.981607 0.000941468
t 0.394495 0.181588 0.900777
bt 0.300078 -0.953894 -0.0063085
t 0.41858 0.192076 0.887636
bt 0.288041 -0.957549 -0.0114777
t 0.381911 0.180257 0.90645
bt 0.174475 -0.984656 0.00334258
t 0.404917 0.188602 0.894691
bt 0.425261 -0.905052 0.00592073
t 0.394854 0.181903 0.900556
bt 0.533725 -0.845649 -0.00398105
t 0.41876 0.193211 0.887304
bt 0.540054 -0.841593 -0.00796839
t 0.429101 0.199766 0.880889
bt 0.427724 -0.903849 0.0104524
t 0.359161 0.168551 0.917929
bt 0.631852 -0.775057 0.00707331
t 0.302425 0.139992 0.942837
bt 0.700008 -0.714134 -0.00112445
t 0.32416 0.148049 0.934346
bt 0.716882 -0.697194 -0.00094689
t 0.380978 0.180248 0.906844
bt 0.647145 -0.762284 0.0112055
t 0.216531 0.105186 0.970593
bt 0.747791 -0.663933 0.00139908
t 0.120142 0.0508434 0.991454
bt 0.77457 -0.632486 0.00145576
t 0.131962 0.052786 0.989848
bt 0.792829 -0.609444 0.000581215
t 0.228576 0.115519 0.966648
bt 0.765872 -0.642989 0.00207757
t -0.00473385 0.00376269 0.999982
bt 0.782962 -0.62207 -3.19194e-05
t -0.11162 -0.0578986 0.992063
bt 0.774592 -0.632459 -0.00176035
t -0.116017 -0.0652392 0.991102
bt 0.792902 -0.609347 -0.00156792
t -0.00878547 0.00656095 0.99994
bt 0.801282 -0.598287 0
t -0.222601 -0.0994242 0.969827
bt 0.74754 -0.664217 0.000255059
t -0.299292 -0.143547 0.943302
bt 0.701285 -0.712868 -0.00427618
t -0.316939 -0.155679 0.935582
bt 0.718333 -0.695681 -0.00494925
t -0.240145 -0.105275 0.965012
bt 0.765178 -0.643815 0.00235388
t -0.360521 -0.166543 0.917763
bt 0.628214 -0.778031 0.00395888
t -0.394522 -0.182457 0.90059
bt 0.538082 -0.842865 -0.00682279
t -0.417924 -0.194215 0.88748
bt 0.547261 -0.836915 -0.00885352
t -0.383702 -0.176497 0.906433
bt 0.64037 -0.768021 0.00839854
t -0.404822 -0.188807 0.894691
bt 0.419776 -0.907607 0.0062027
t -0.394277 -0.18222 0.900745
bt 0.304867 -0.952386 -0.00418936
t -0.418102 -0.193486 0.887555
bt 0.297581 -0.954664 -0.00790859
t -0.428917 -0.200073 0.880909
bt 0.417479 -0.908626 0.0104956
t -0.35982 -0.167427 0.917877
bt 0.188558 -0.98205 0.0048149
t -0.301334 -0.144727 0.942471
bt 0.0970001 -0.995284 -0.00104258
t -0.321527 -0.155153 0.934103
bt 0.074593 -0.997203 -0.0047659
t -0.383017 -0.175897 0.90684
bt 0.170112 -0.985405 0.00630613
t -0.219668 -0.0980928 0.970631
bt 0.0276455 -0.999615 0.00247316
t -0.116278 -0.0593812 0.99144
bt -0.0132715 -0.999912 0.000712197
t -0.125255 -0.0672166 0.989845
bt -0.0427533 -0.999086 0.000264208
t -0.235419 -0.100537 0.96668
bt 0.000303512 -0.999998 0.00213526
t 0.000162514 0.00604231 0.999982
bt -0.0267015 -0.999643 -5.92628e-05
t 0.116205 0.0484914 0.992041
bt -0.013431 -0.999908 -0.0020822
t 0.124548 0.046937 0.991103
bt -0.0429043 -0.999078 -0.00149669
t 0.000621147 0.010944 0.99994
bt -0.0566995 -0.998391 0
t 0.219361 0.106605 0.969802
bt 0.0283236 -0.999599 0.00047694
t 0.30206 0.139272 0.94306
bt 0.094812 -0.99548 -0.00555126
t 0.322691 0.145148 0.935309
bt 0.0712439 -0.997448 -0.00469079
t 0.235015 0.11613 0.96503
bt 0.00136405 -0.999996 0.0026432
t 0.796355 0.297075 0.526845
bt 0.0621255 -0.997618 0.0299733
t 0.794066 0.305592 0.525427
bt 0.218446 -0.966734 0.133064
t -0.794199 -0.305103 0.525509
bt 0.220386 -0.966116 -0.134346
t -0.796824 -0.2953 0.527134
bt 0.0606355 -0.997739 -0.0289923
t -0.682734 -0.426959 0.592942
bt 0.796763 -0.577998 0.176317
t -0.341545 -0.091776 0.935374
bt 0.71694 -0.690656 -0.0948252
t -0.367013 -0.0622484 0.928131
bt 0.710238 -0.701644 -0.0570875
t -0.657605 -0.451161 0.603332
bt 0.8634 -0.497007 0.0867434
t 0.660033 0.448884 0.602379
bt 0.863774 -0.496458 -0.0861636
t 0.681511 0.428171 0.593475
bt 0.795282 -0.579499 -0.178066

