g sponza_352
t 0.996969 0.00136484 0.0777877
bt 0.137217 0.0660691 -0.988335
t 0.996447 -0.00134568 -0.084212
bt -0.105153 0.0660615 -0.992259
t 0.995221 0.00971941 -0.0971683
bt 0.0584449 -0.79719 -0.600893
t 0.995822 -0.00975154 0.0907914
bt 0.114912 -0.801762 -0.586491
t 0.99533 0.00540915 0.0963824
bt -0.0319453 -0.960828 0.275299
t 0.994684 -0.00541906 -0.102831
bt 0.0417131 -0.960762 0.274218
t 0.99668 -0.0495138 -0.0646344
bt -0.0242552 -0.776981 0.629057
t 0.995891 0.00990999 0.0900136
bt -0.0791364 -0.78002 0.62073
t 0.99668 -0.0495138 -0.0646344
bt 0.0652798 -0.78009 0.622253
t 0.99612 -0.0077158 -0.0876713
bt 0.0695152 -0.418769 0.905428
t 0.999155 0.0384794 0.0144444
bt -0.0889504 -0.418866 0.903681
t 0.999155 0.0384861 0.0144298
bt -0.0889578 -0.41881 0.903706
t 0.996453 -0.000458846 -0.0841483
bt 0.0642146 -0.0206977 0.997721
t 0.996976 0.000393213 0.0777101
bt -0.137907 -0.020678 0.990229
t 0.995945 -0.0100272 0.0894076
bt -0.114315 0.75972 0.640123
t 0.995346 0.0100403 -0.0958426
bt 0.014465 0.759624 0.650201
t 0.994982 0.00858567 -0.0996888
bt 0.0961021 0.875673 0.473246
t 0.995602 -0.00859569 0.09329
bt -0.0450659 0.87661 0.479087
t 0.997306 0.00846613 -0.0728653
bt -0.0214729 0.255395 0.966598
t 0.997756 -0.00842305 0.0664197
bt -0.155223 0.256791 0.95392
t 0.996797 -0.00609523 0.0797373
bt 0.120686 -0.317707 -0.940477
t 0.99626 0.00615219 -0.0861829
bt -0.1178 -0.317788 -0.940815
t 0.995304 -0.00507141 0.0966602
bt 0.022609 -0.966272 -0.256528
t 0.994661 0.00507275 -0.103075
bt -0.0519965 -0.965971 -0.253372
t 0.995476 0.00751869 0.0947128
bt -0.0683702 -0.914815 0.398044
t 0.994852 -0.00749289 -0.101064
bt 0.0157258 -0.914879 0.403421
t 0.995508 0.00779679 0.0943544
bt -0.041383 -0.906327 0.420547
t 0.99488 -0.00779056 -0.100759
bt 0.0727787 -0.905947 0.417089
t 0.99607 -0.0101577 0.0879853
bt 0.103201 -0.712221 -0.694328
t 0.99548 0.0101755 -0.0944217
bt -0.0610103 -0.712627 -0.698885
t 0.994623 0.00422976 -0.103471
bt 0.0300443 -0.975771 -0.21672
t 0.995273 -0.00422325 0.0970265
bt 0.0498513 -0.9767 -0.208738
t 0.996656 -0.00781726 0.0813314
bt 0.127722 -0.421906 -0.897598
t 0.996112 0.00780271 -0.0877527
bt -0.0897418 -0.422283 -0.902011
t 0.99689 -0.00439 0.0786853
bt 0.135183 -0.222701 -0.965469
t 0.99636 0.00445349 -0.0851312
bt -0.100643 -0.222929 -0.969625
t 0.995625 -0.00867326 0.0930347
bt 0.0193077 -0.870915 -0.491054
t 0.995004 0.0086971 -0.0994539
bt -0.141841 -0.867623 -0.476563
t 0.995224 0.00284441 0.0975785
bt -0.00755966 -0.989961 0.14114
t 0.994579 -0.00283831 -0.103941
bt 0.0386839 -0.989695 0.137869
t 0.996388 -0.00955766 0.0843831
bt 0.0801951 -0.574881 -0.814298
t 0.998195 0.0476727 -0.036522
bt -0.0854046 -0.574815 -0.813815
t 0.995538 0.0101802 -0.0938143
bt -0.0297773 -0.689661 -0.72352
t 0.996127 -0.0101338 0.087334
bt 0.123348 -0.689455 -0.713749
t 0.99569 0.00910285 0.092301
bt -0.0914736 -0.848878 0.520614
t 0.995079 -0.0090967 -0.0986683
bt 0.0163388 -0.84891 0.528284
t 0.99649 0.0486139 -0.0681568
bt -0.0668474 -0.802257 -0.593225
t 0.995824 -0.00970973 0.090776
bt 0.103388 -0.801425 -0.589091
t 0.995999 0.0101347 0.0887909
bt -0.0841353 -0.738665 0.668801
t 0.995411 -0.0101289 -0.0951559
bt 0.0889344 -0.738699 0.668143
t 0.995544 -0.00811413 0.0939505
bt 0.109657 -0.893157 -0.436172
t 0.994922 0.00810299 -0.10032
bt 0.0475015 -0.891143 -0.451229
t 0.997867 -0.0052463 0.0650653
bt 0.0967441 -0.155753 -0.983047
t 0.997429 0.00525164 -0.0714691
bt -0.168959 -0.155413 -0.973293
t -0.999647 0.00155294 0.0265074
bt 0.00323304 0.0660005 0.997814
t -0.982803 -0.00134237 0.18465
bt 0.165121 0.0659438 0.984066
t -0.980275 0.00970827 0.1974
bt 0.00917894 -0.797802 0.60285
t -0.999877 -0.0108647 0.0112972
bt 0.00192636 -0.803086 0.59586
t -0.925508 -0.0013003 0.378726
bt 0.359915 0.0659713 0.93065
t -0.92047 0.00970338 0.390694
bt 0.130477 -0.797845 0.588574
t -0.83033 -0.00132405 0.55727
bt 0.53984 0.0660037 0.839176
t -0.822972 0.00971883 0.567999
bt 0.24639 -0.797804 0.550273
t -0.701158 -0.0013594 0.713005
bt 0.697724 0.0659484 0.713325
t -0.691781 0.00973023 0.722042
bt 0.352043 -0.797841 0.489404
t -0.543278 -0.00134836 0.839552
bt 0.827061 0.0659127 0.558234
t -0.532305 0.00970313 0.846497
bt 0.443414 -0.797838 0.408459
t -0.363166 -0.00136916 0.931723
bt 0.922512 0.0659725 0.380288
t -0.350952 0.00975506 0.936343
bt 0.51659 -0.797824 0.310826
t -0.168182 -0.00132473 0.985755
bt 0.980169 0.0659804 0.186854
t -0.155319 0.00974043 0.987816
bt 0.568584 -0.797828 0.200455
t 0.0336855 -0.0013777 0.999431
bt 0.997714 0.0660452 -0.0143058
t 0.0467007 0.00973594 0.998861
bt 0.597293 -0.797825 0.0819556
t 0.234175 -0.00137206 0.972194
bt 0.974421 0.0660188 -0.214816
t 0.24678 0.00971498 0.969023
bt 0.601538 -0.797843 -0.0399828
t 0.425081 -0.00135917 0.905154
bt 0.911219 0.0660019 -0.406601
t 0.436816 0.00973434 0.899498
bt 0.581219 -0.797804 -0.160289
t 0.598581 -0.00133988 0.801061
bt 0.810741 0.0659998 -0.581673
t 0.608936 0.00973787 0.79316
bt 0.537049 -0.797802 -0.274026
t 0.747573 -0.00134025 0.664179
bt 0.677113 0.0660581 -0.732909
t 0.756122 0.0097284 0.654358
bt 0.470955 -0.797805 -0.376442
t 0.865963 -0.00133486 0.500107
bt 0.515744 0.0660546 -0.854193
t 0.872379 0.00975638 0.488732
bt 0.38562 -0.797788 -0.463499
t 0.948908 -0.00131553 0.315551
bt 0.333321 0.066023 -0.940499
t 0.952899 0.00974541 0.303132
bt 0.284446 -0.797799 -0.531608
t -0.999877 -0.0108647 0.0112972
bt 0.00192636 -0.803086 0.59586
t -0.981691 -0.0110623 -0.190161
bt -0.124684 -0.803087 0.58267
t -0.984604 0.00159251 -0.174795
bt -0.11699 0.0657909 0.990951
t -0.999647 0.00155294 0.0265074
bt 0.00323304 0.0660005 0.997814
t -0.922947 -0.00974177 -0.384804
bt -0.239515 -0.803064 0.545638
t -0.92793 0.00131741 -0.372752
bt -0.314217 0.0657375 0.947073
t -0.826609 -0.00973079 -0.562693
bt -0.344322 -0.803065 0.486343
t -0.833908 0.00130615 -0.551901
bt -0.498446 0.0657735 0.864422
t -0.696416 -0.00974308 -0.717572
bt -0.435343 -0.803033 0.406959
t -0.705744 0.00136092 -0.708465
bt -0.6622 0.065768 0.746435
t -0.537745 -0.00972059 -0.843052
bt -0.508406 -0.803075 0.310796
t -0.548682 0.00132953 -0.83603
bt -0.798977 0.0657876 0.597752
t -0.357012 -0.00972727 -0.934049
bt -0.560581 -0.803051 0.202136
t -0.369173 0.00138658 -0.92936
bt -0.902987 0.065847 0.424592
t -0.161672 -0.00974743 -0.986796
bt -0.589797 -0.803033 0.08531
t -0.174533 0.00135653 -0.98465
bt -0.969965 0.0658713 0.234154
t 0.0402368 -0.00971741 -0.999143
bt -0.594851 -0.803067 -0.0351482
t 0.027235 0.00130417 -0.999628
bt -0.997243 0.0658561 0.0341944
t 0.240539 -0.00971838 -0.970591
bt -0.575572 -0.80306 -0.154309
t 0.227904 0.00138552 -0.973682
bt -0.983716 0.0658445 -0.167236
t 0.431029 -0.00976235 -0.902285
bt -0.532848 -0.803043 -0.266823
t 0.419228 0.00133847 -0.90788
bt -0.929903 0.0658381 -0.361864
t 0.603796 -0.0097227 -0.79708
bt -0.468246 -0.803028 -0.368635
t 0.593393 0.00134708 -0.804912
bt -0.838084 0.0658843 -0.541548
t 0.73171 -0.0485671 -0.679883
bt -0.38951 -0.802974 -0.451127
t 0.743282 0.00134196 -0.668977
bt -0.711933 0.0658572 -0.699152
t 0.778852 0.0485693 -0.625324
bt -0.389509 -0.802974 -0.451127
t 0.869188 -0.00972348 -0.494386
bt -0.284844 -0.803048 -0.523429
t 0.862723 0.0013143 -0.505674
bt -0.556654 0.0659072 -0.828126
t 0.950906 -0.0097037 -0.309327
bt -0.173838 -0.803016 -0.57004
t 0.946851 0.00133106 -0.32167
bt -0.378512 0.0658792 -0.923249
t -0.999987 0.00294916 0.0040784
bt -0.000899022 -0.960838 -0.277111
t -0.979167 -0.00541485 0.202982
bt -0.0519402 -0.960827 -0.272239
t -0.980419 -0.00990534 0.196672
bt -0.0926555 -0.779618 -0.619364
t -0.999923 0.00788743 0.00953106
bt -0.00201325 -0.78013 -0.625614
t -0.918264 -0.00541086 0.395932
bt -0.105705 -0.960828 -0.256197
t -0.920744 -0.00991124 0.390041
bt -0.215421 -0.779636 -0.588014
t -0.819754 -0.00541735 0.57269
bt -0.155084 -0.960829 -0.229687
t -0.823361 -0.00995225 0.56743
bt -0.329391 -0.77963 -0.532614
t -0.687699 -0.00541718 0.725976
bt -0.198154 -0.960831 -0.193747
t -0.692299 -0.00993224 0.721542
bt -0.429861 -0.779629 -0.455409
t -0.527504 -0.00541128 0.849535
bt -0.233088 -0.960833 -0.149898
t -0.532911 -0.0099159 0.846113
bt -0.512734 -0.779637 -0.359543
t -0.345655 -0.00542344 0.938346
bt -0.258504 -0.960826 -0.0999415
t -0.380825 -0.049545 0.923319
bt -0.554099 -0.776979 -0.298794
t -0.149751 -0.00541236 0.988709
bt -0.27333 -0.960827 -0.0458484
t -0.156045 -0.00992568 0.9877
bt -0.612977 -0.779628 -0.128217
t -0.306213 0.0495146 0.950675
bt -0.58738 -0.780131 -0.215361
t 0.0523508 -0.00541764 0.998614
bt -0.27697 -0.960826 0.0100926
t 0.0459929 -0.00994996 0.998892
bt -0.62623 -0.779636 -0.00221371
t 0.252317 -0.00542062 0.967629
bt -0.269242 -0.960833 0.0656453
t 0.24608 -0.00992507 0.969199
bt -0.613857 -0.779639 0.123865
t 0.441852 -0.00539757 0.897072
bt -0.250518 -0.960831 0.118512
t 0.436114 -0.00989364 0.899837
bt -0.576414 -0.779582 0.244946
t 0.613428 -0.00541037 0.789732
bt -0.221531 -0.96083 0.166522
t 0.582098 -0.0495407 0.811608
bt -0.546686 -0.776979 0.31215
t 0.759852 -0.00542051 0.650074
bt -0.183491 -0.960832 0.207685
t 0.755662 -0.00995119 0.654887
bt -0.433096 -0.779581 0.452417
t 0.64478 0.0495197 0.762763
bt -0.493453 -0.780132 0.384575
t 0.875133 -0.00540691 0.483852
bt -0.13793 -0.96083 0.240378
t 0.871995 -0.0099088 0.489415
bt -0.333183 -0.779577 0.530329
t 0.954618 -0.0054075 0.297786
bt -0.0867025 -0.960831 0.263225
t 0.952675 -0.00994119 0.303829
bt -0.219576 -0.779629 0.586485
t -0.999923 0.00788743 0.00953106
bt -0.00201325 -0.78013 -0.625614
t -0.985621 0.0442432 -0.163078
bt 0.123988 -0.780132 -0.613205
t -0.980263 0.00165166 -0.19769
bt 0.0201671 -0.96024 -0.278447
t -0.999987 0.00294916 0.0040784
bt -0.000899022 -0.960838 -0.277111
t -0.97031 -0.0495384 -0.236738
bt 0.123988 -0.780132 -0.613205
t -0.923226 0.0099502 -0.384129
bt 0.214417 -0.779639 -0.588378
t -0.920808 0.00540358 -0.389979
bt 0.075786 -0.96024 -0.268693
t -0.827035 0.00990455 -0.562063
bt 0.328414 -0.779704 -0.533109
t -0.823425 0.00542186 -0.567399
bt 0.128325 -0.960232 -0.247965
t -0.696973 0.00989354 -0.717029
bt 0.429 -0.779715 -0.456074
t -0.692386 0.00540931 -0.721507
bt 0.175609 -0.960238 -0.217038
t -0.564209 0.0495369 -0.824145
bt 0.529887 -0.780131 -0.33259
t -0.532942 0.00542372 -0.846134
bt 0.215809 -0.960211 -0.17726
t -0.496909 -0.0495108 -0.866389
bt 0.529887 -0.780131 -0.33259
t -0.357736 0.0099073 -0.93377
bt 0.574072 -0.779717 -0.249966
t -0.351756 0.00540971 -0.936076
bt 0.247048 -0.960217 -0.130196
t -0.193522 0.0495043 -0.979846
bt 0.618092 -0.780133 -0.0967169
t -0.156093 0.00542038 -0.987727
bt 0.26812 -0.960238 -0.0778146
t -0.115029 -0.0495359 -0.992126
bt 0.618092 -0.780133 -0.0967169
t 0.0394932 0.00990348 -0.999171
bt 0.626215 -0.779643 -0.00331882
t 0.0396349 0.0270621 -0.998848
bt 0.279935 -0.957061 -0.0753037
t 0.208557 0.0495137 -0.976756
bt 0.606137 -0.780133 0.154888
t 0.246081 0.00542347 -0.969234
bt 0.277089 -0.960235 0.0342186
t 0.0552515 -0.0270671 -0.998106
bt 0.276822 -0.960831 0.0131382
t 0.285541 -0.0495377 -0.957085
bt 0.606137 -0.780133 0.154888
t 0.430311 0.00991406 -0.902626
bt 0.576707 -0.77971 0.243846
t 0.436118 0.00541628 -0.899873
bt 0.264518 -0.960238 0.0892916
t 0.603202 0.00991585 -0.797527
bt 0.515871 -0.779643 0.355012
t 0.608318 0.00541145 -0.793675
bt 0.241143 -0.960238 0.140691
t 0.751423 0.00994648 -0.659746
bt 0.433837 -0.77965 0.451587
t 0.755617 0.00540842 -0.654991
bt 0.207892 -0.960234 0.186362
t 0.868827 0.00992283 -0.495016
bt 0.334054 -0.779668 0.529647
t 0.872003 0.00541406 -0.48947
bt 0.166083 -0.960238 0.224409
t 0.950695 0.00994763 -0.309967
bt 0.22059 -0.779658 0.586066
t 0.952676 0.00540585 -0.303939
bt 0.117532 -0.960234 0.253253
t 0.988387 0.0495282 -0.143658
bt 0.0652795 -0.78013 0.622203
t -0.982123 -0.00776881 0.188081
bt -0.120693 -0.417967 -0.900409
t -0.999827 0.00649964 0.0174311
bt -0.00293571 -0.418916 -0.90802
t -0.924153 -0.00776675 0.381943
bt -0.299496 -0.418007 -0.857655
t -0.828363 -0.00772087 0.560138
bt -0.466014 -0.417968 -0.779829
t -0.744381 -0.0384715 0.666646
bt -0.538297 -0.413194 -0.734511
t -0.540345 -0.0077356 0.841408
bt -0.735763 -0.417979 -0.532865
t -0.622987 0.0385382 0.781282
bt -0.660188 -0.41889 -0.623444
t -0.380825 -0.049545 0.923319
bt -0.587427 -0.780094 -0.215366
t -0.359904 -0.00772941 0.932957
bt -0.82797 -0.417958 -0.373866
t -0.306219 0.0495066 0.950673
bt -0.587427 -0.780094 -0.215366
t -0.230156 -0.03848 0.972393
bt -0.861414 -0.41318 -0.295377
t 0.0371596 -0.00775267 0.999279
bt -0.908283 -0.418008 -0.0170462
t -0.0650141 0.0385337 0.99714
bt -0.898018 -0.418878 -0.134558
t 0.237535 -0.00771432 0.971348
bt -0.893121 -0.418012 0.166134
t 0.428212 -0.00772342 0.903645
bt -0.841404 -0.418009 0.342502
t 0.582098 -0.0495407 0.811608
bt -0.493516 -0.780099 0.384561
t 0.601358 -0.00775148 0.798942
bt -0.755236 -0.417993 0.504877
t 0.644774 0.0495097 0.762768
bt -0.493516 -0.780099 0.384561
t 0.74985 -0.00774238 0.661563
bt -0.638164 -0.41797 0.646566
t 0.867673 -0.0077309 0.497075
bt -0.494944 -0.417985 0.761787
t 0.949975 -0.00774266 0.312229
bt -0.331466 -0.418004 0.845815
t 0.982798 -0.038527 0.180621
bt -0.251374 -0.413162 0.875276
t -0.999827 0.00649964 0.0174311
bt -0.00293571 -0.418916 -0.90802
t -0.982599 0.00586965 -0.185645
bt 0.13983 -0.41857 -0.897355
t -0.985634 0.0444001 -0.162953
bt -0.0392655 -0.769429 -0.637525
t -0.948971 0.0385424 -0.313
bt 0.355483 -0.418886 -0.835563
t -0.970309 -0.0495406 -0.23674
bt 0.124039 -0.780099 -0.613237
t -0.883608 -0.0384678 -0.466645
bt 0.355483 -0.418886 -0.835563
t -0.866552 0.0385304 -0.497597
bt 0.516416 -0.418879 -0.746897
t -0.771584 -0.0384893 -0.634962
bt 0.516416 -0.418879 -0.746897
t -0.703247 0.0077817 -0.710903
bt 0.627405 -0.418526 -0.656658
t -0.545748 0.0077397 -0.837913
bt 0.746724 -0.418566 -0.51692
t -0.564209 0.0495369 -0.824145
bt 0.43504 -0.769422 -0.467686
t -0.426995 0.0385148 -0.903434
bt 0.850517 -0.418879 -0.318058
t -0.496918 -0.0494986 -0.866385
bt 0.529889 -0.780093 -0.332674
t -0.270579 -0.0385042 -0.961928
bt 0.850517 -0.418879 -0.318058
t -0.236385 0.0385396 -0.970895
bt 0.897132 -0.418877 -0.140344
t -0.193522 0.0495043 -0.979846
bt 0.584208 -0.769441 -0.258189
t -0.0713999 -0.0384763 -0.996705
bt 0.897132 -0.418876 -0.140344
t 0.0307224 0.00774786 -0.999498
bt 0.908194 -0.418543 0.0023291
t -0.115022 -0.0495449 -0.992127
bt 0.618134 -0.780102 -0.0966971
t 0.165622 0.0385197 -0.985437
bt 0.879778 -0.418885 0.224782
t 0.208557 0.0495137 -0.976756
bt 0.638681 -0.76944 -0.00688237
t 0.327404 -0.0384943 -0.9441
bt 0.879778 -0.418885 0.224782
t 0.422377 0.00774331 -0.906387
bt 0.833662 -0.418589 0.360267
t 0.285536 -0.0495313 -0.957087
bt 0.60618 -0.780102 0.154875
t 0.540798 0.0385135 -0.84027
bt 0.719844 -0.418865 0.553514
t 0.673193 -0.0385072 -0.738464
bt 0.719844 -0.418865 0.553514
t 0.745562 0.00767592 -0.666393
bt 0.624042 -0.418539 0.659846
t 0.864443 0.00770649 -0.502671
bt 0.478446 -0.418573 0.771937
t 0.923882 0.0384688 -0.380738
bt 0.274624 -0.418874 0.865521
t 0.974383 -0.0385452 -0.221568
bt 0.274624 -0.418874 0.865521
t 0.988387 0.0495282 -0.143658
bt 0.22831 -0.769423 0.596543
t -0.582391 0.0887625 -0.808048
bt 0.812485 0.239404 -0.531559
t -0.624343 0.123849 -0.77127
bt 0.771595 0.226052 -0.594593
t -0.46183 0.20108 -0.863875
bt 0.89811 0.154822 -0.411617
t -0.443114 0.248541 -0.861323
bt 0.900646 0.0630076 -0.429962
t -0.448076 0.230365 -0.863806
bt 0.899129 0.111917 -0.423133
t -0.43925 0.25678 -0.860886
bt 0.896868 0.013163 -0.442103
t -0.416608 0.253995 -0.872883
bt 0.892698 -0.0385429 -0.449005
t -0.403521 0.215942 -0.889123
bt 0.875651 -0.13322 -0.464207
t -0.405357 0.239646 -0.882188
bt 0.888369 -0.0896122 -0.450299
t -0.306174 -0.0933853 -0.947384
bt 0.909408 0.23755 -0.34139
t -0.406575 0.183654 -0.894968
bt 0.873348 -0.17663 -0.453944
t -0.409933 0.143476 -0.90076
bt 0.86254 -0.208993 -0.460811
t -0.418318 0.0982169 -0.902975
bt 0.85849 -0.234778 -0.455931
t -0.29491 -0.0382535 -0.954759
bt 0.910452 0.252986 -0.327225
t -0.402938 -0.0151676 -0.915102
bt 0.880074 0.256736 -0.399446
t -0.49409 0.0116545 -0.869333
bt 0.848633 0.256834 -0.462447
t -0.584131 0.0368116 -0.810824
bt 0.801882 0.253794 -0.540901
t -0.46206 -0.0986748 -0.881342
bt 0.882836 -0.234835 -0.40676
t -0.468756 -0.14302 -0.871673
bt 0.889645 -0.208909 -0.406065
t -0.465337 -0.183462 -0.865912
bt 0.897462 -0.173834 -0.405394
t -0.443159 -9.49435e-05 -0.896443
bt 0.863533 -0.257271 -0.433731
t -0.460837 -0.216009 -0.860796
bt 0.900302 -0.133244 -0.414369
t -0.445777 -0.240719 -0.86217
bt 0.902097 -0.0868258 -0.422709
t -0.421739 -0.256824 -0.869585
bt 0.89445 0.0124093 -0.446996
t -0.424889 -0.254619 -0.868699
bt 0.899532 -0.0380043 -0.435198
t -0.428273 -0.249528 -0.868515
bt 0.887577 0.0625336 -0.456395
t -0.40276 -0.228773 -0.886255
bt 0.878022 0.109661 -0.465889
t -0.322821 -0.144934 -0.935297
bt 0.90804 0.210384 -0.362219
t -0.423721 -0.231485 -0.875714
bt 0.875514 0.10832 -0.470894
t -0.420901 -0.203733 -0.883932
bt 0.867337 0.152385 -0.47382
t -0.306174 -0.0933853 -0.947384
bt 0.909408 0.23755 -0.34139
t -0.427701 0.0491238 -0.902584
bt 0.854896 -0.250781 -0.45416
t -0.457768 -0.0491165 -0.887714
bt 0.861946 -0.25286 -0.439443
t -0.466008 -0.0975959 -0.879381
bt 0.870564 -0.237602 -0.430887
t -0.982818 -0.00038102 0.184576
bt -0.124877 -0.0206646 -0.991957
t -0.999811 0.000301984 0.0194155
bt -0.0032316 -0.0206992 -0.999781
t -0.925536 -0.000394942 0.37866
bt -0.322036 -0.0206277 -0.946503
t -0.830372 -0.000408965 0.557209
bt -0.505964 -0.0206836 -0.862307
t -0.744381 -0.0384715 0.666646
bt -0.660199 -0.418847 -0.623462
t -0.701217 -0.000464638 0.712947
bt -0.669182 -0.020656 -0.742811
t -0.622982 0.0385415 0.781286
bt -0.660199 -0.418847 -0.623462
t -0.543354 -0.000412525 0.839504
bt -0.805001 -0.0206342 -0.592914
t -0.363242 -0.000468303 0.931695
bt -0.907881 -0.02068 -0.418717
t -0.230156 -0.03848 0.972393
bt -0.898041 -0.418827 -0.134561
t -0.168258 -0.000393579 0.985743
bt -0.973579 -0.0206667 -0.227414
t -0.0649944 0.0385427 0.997141
bt -0.898041 -0.418827 -0.134561
t 0.0336074 -0.000403798 0.999435
bt -0.999428 -0.0206621 -0.0267764
t 0.234088 -0.00044767 0.972215
bt -0.984358 -0.0207162 0.174958
t 0.425008 -0.000422698 0.90519
bt -0.928994 -0.0206822 0.369517
t 0.598508 -0.000358745 0.801117
bt -0.835601 -0.0206789 0.548948
t 0.747524 -0.000403436 0.664235
bt -0.707986 -0.0207147 0.705922
t 0.865919 -0.00044426 0.500184
bt -0.551393 -0.0206959 0.833989
t 0.948886 -0.000461162 0.315619
bt -0.372247 -0.0206466 0.927904
t 0.982798 -0.038527 0.180621
bt -0.0889579 -0.41881 0.903706
t -0.999811 0.000301984 0.0194155
bt -0.0032316 -0.0206992 -0.999781
t -0.982857 0.000287058 -0.184371
bt 0.158246 -0.0206921 -0.987183
t -0.927961 0.000398439 -0.372677
bt 0.353748 -0.0207294 -0.935111
t -0.948971 0.0385424 -0.313
bt 0.160933 -0.410083 -0.897737
t -0.833955 0.000404419 -0.551833
bt 0.534735 -0.0207587 -0.844765
t -0.866552 0.0385305 -0.497597
bt 0.338377 -0.410078 -0.846958
t -0.883606 -0.0384696 -0.466648
bt 0.355458 -0.418841 -0.835597
t -0.705792 0.000456605 -0.708419
bt 0.69384 -0.0207046 -0.719831
t -0.771609 -0.0384716 -0.634933
bt 0.516388 -0.418829 -0.746944
t -0.548752 0.000462318 -0.835985
bt 0.82454 -0.0207349 -0.565423
t -0.369237 0.000379128 -0.929335
bt 0.921471 -0.0207116 -0.387895
t -0.426995 0.0385148 -0.903434
bt 0.761568 -0.410083 -0.501843
t -0.174618 0.000428927 -0.984636
bt 0.980693 -0.0207299 -0.194452
t -0.236385 0.0385396 -0.970895
bt 0.846989 -0.410071 -0.338306
t -0.270583 -0.0385024 -0.961927
bt 0.85053 -0.41883 -0.318089
t 0.027155 0.000437623 -0.999631
bt 0.999762 -0.0207054 0.00692
t -0.0714025 -0.0384751 -0.996705
bt 0.897156 -0.418826 -0.140342
t 0.227832 0.00038654 -0.9737
bt 0.977902 -0.0207202 0.208035
t 0.165622 0.0385197 -0.985437
bt 0.911752 -0.41009 0.0231338
t 0.419152 0.000465923 -0.907916
bt 0.916005 -0.0206869 0.400633
t 0.327418 -0.0385009 -0.944095
bt 0.87979 -0.418839 0.22482
t 0.593342 0.000411669 -0.804951
bt 0.816621 -0.0206638 0.576804
t 0.540798 0.0385135 -0.84027
bt 0.828738 -0.410064 0.380843
t 0.743219 0.000396377 -0.669048
bt 0.683799 -0.0207542 0.729376
t 0.673188 -0.0385044 -0.738468
bt 0.71986 -0.418808 0.553535
t 0.862683 0.000440989 -0.505745
bt 0.522979 -0.0207084 0.852094
t 0.946827 0.000405618 -0.321744
bt 0.340763 -0.0207606 0.93992
t 0.923882 0.0384688 -0.380738
bt 0.46265 -0.410085 0.785993
t 0.974379 -0.0385364 -0.221587
bt 0.274613 -0.418822 0.86555
t -0.999922 -0.00767326 0.00983371
bt -0.00209846 0.760703 -0.649096
t -0.980526 0.0100598 0.196132
bt -0.0825962 0.759706 -0.644999
t -0.979777 0.00859035 0.199908
bt -0.102555 0.876606 -0.470153
t -0.999967 -0.00530317 0.00610538
bt -0.00156944 0.87661 -0.481199
t -0.920977 0.0100297 0.389488
bt -0.210727 0.759718 -0.615161
t -0.91946 0.00860083 0.393089
bt -0.195004 0.876603 -0.439932
t -0.823728 0.0100428 0.566897
bt -0.330272 0.759705 -0.56015
t -0.821537 0.00858556 0.570091
bt -0.279563 0.876615 -0.391651
t -0.692743 0.0100431 0.721114
bt -0.436247 0.759716 -0.482203
t -0.689963 0.00858923 0.723794
bt -0.352702 0.876613 -0.32734
t -0.533429 0.010026 0.845786
bt -0.524374 0.759717 -0.384528
t -0.530163 0.00857175 0.847852
bt -0.411389 0.876613 -0.249616
t -0.352276 0.0100118 0.935842
bt -0.591048 0.759712 -0.271109
t -0.348645 0.00856185 0.937216
bt -0.453204 0.876614 -0.161722
t -0.156631 0.0100605 0.987606
bt -0.633532 0.759708 -0.14656
t -0.152824 0.00858478 0.988216
bt -0.476474 0.876613 -0.0672482
t 0.0453485 0.0100279 0.998921
bt -0.650062 0.759712 -0.0160394
t 0.049238 0.00860349 0.99875
bt -0.480254 0.876613 0.0300919
t 0.245511 0.0100655 0.969342
bt -0.639984 0.759712 0.115142
t 0.249248 0.00858618 0.968402
bt -0.464377 0.876603 0.126183
t 0.435566 0.0100173 0.900101
bt -0.603708 0.759715 0.241599
t 0.439049 0.00856776 0.898422
bt -0.429468 0.876607 0.217065
t 0.607881 0.0100583 0.793964
bt -0.542717 0.759708 0.358194
t 0.610893 0.00855764 0.791667
bt -0.377079 0.876606 0.298953
t 0.755248 0.0100637 0.655361
bt -0.459512 0.759708 0.460101
t 0.757799 0.00859266 0.652431
bt -0.309069 0.876601 0.368845
t 0.871708 0.0100428 0.489923
bt -0.357502 0.759707 0.543174
t 0.873605 0.00858655 0.48656
bt -0.228488 0.876596 0.423524
t 0.952479 0.0100393 0.304437
bt -0.240829 0.759721 0.604008
t 0.95367 0.00859611 0.300732
bt -0.13854 0.876609 0.460829
t -0.999967 -0.00530317 0.00610538
bt -0.00156944 0.87661 -0.481199
t -0.980546 -0.00352596 -0.196256
bt 0.0540227 0.87583 -0.479586
t -0.981229 -0.00657282 -0.192734
bt 0.13341 0.760693 -0.635254
t -0.999922 -0.00767326 0.00983371
bt -0.00209846 0.760703 -0.649096
t -0.921986 -0.00858392 -0.387129
bt 0.149484 0.875843 -0.458862
t -0.923467 -0.0100535 -0.383547
bt 0.258548 0.760696 -0.595394
t -0.825213 -0.00856794 -0.564757
bt 0.238837 0.87584 -0.419357
t -0.827351 -0.0100459 -0.561596
bt 0.373093 0.760691 -0.531179
t -0.694618 -0.00858152 -0.719328
bt 0.318376 0.875846 -0.36267
t -0.697406 -0.0100162 -0.716607
bt 0.472368 0.760703 -0.445195
t -0.535621 -0.00855974 -0.844415
bt 0.384834 0.875845 -0.291201
t -0.538844 -0.0100637 -0.842346
bt 0.552332 0.760693 -0.340992
t -0.354701 -0.00857369 -0.934941
bt 0.435567 0.875841 -0.20781
t -0.358305 -0.0100152 -0.933551
bt 0.609661 0.760695 -0.222837
t -0.159212 -0.00857716 -0.987207
bt 0.468492 0.875839 -0.115848
t -0.163036 -0.0100415 -0.986569
bt 0.642029 0.760702 -0.0955532
t 0.0427582 -0.00856327 -0.999049
bt 0.482233 0.875834 -0.0191395
t 0.038905 -0.0100265 -0.999193
bt 0.648119 0.760705 0.0356438
t 0.242976 -0.00857908 -0.969994
bt 0.476212 0.875834 0.0783373
t 0.239228 -0.0100309 -0.970912
bt 0.627699 0.760689 0.165368
t 0.433225 -0.00855497 -0.901245
bt 0.45072 0.875839 0.172504
t 0.429772 -0.0100352 -0.902882
bt 0.581558 0.760687 0.28835
t 0.605838 -0.00860459 -0.795541
bt 0.406798 0.875834 0.259674
t 0.60274 -0.0100474 -0.797875
bt 0.511603 0.760689 0.399518
t 0.753566 -0.00858031 -0.657317
bt 0.346211 0.875829 0.336245
t 0.750976 -0.010025 -0.660253
bt 0.420706 0.760701 0.494308
t 0.870438 -0.00857403 -0.492204
bt 0.271398 0.875837 0.399065
t 0.868526 -0.0100228 -0.495542
bt 0.312612 0.760689 0.568882
t 0.951709 -0.00858904 -0.306881
bt 0.1855 0.875839 0.445529
t 0.950489 -0.0100232 -0.310596
bt 0.191693 0.7607 0.620152
t -0.984808 0.00841089 0.173442
bt -0.0765925 0.255344 -0.963812
t -0.999519 -0.00720738 0.0301776
bt -0.00315083 0.257323 -0.96632
t -0.929737 0.00838591 0.368129
bt -0.269075 0.255377 -0.928645
t -0.836597 0.00843763 0.547753
bt -0.45039 0.255401 -0.855522
t -0.752001 0.0251454 0.658682
bt -0.5654 0.252924 -0.785081
t -0.552795 0.008409 0.833275
bt -0.751332 0.255403 -0.608498
t -0.614558 -0.0251669 0.78847
bt -0.702618 0.257247 -0.663439
t -0.373784 0.00837586 0.927478
bt -0.858459 0.255354 -0.444795
t -0.179383 0.00845709 0.983743
bt -0.930389 0.25542 -0.262941
t 0.0222914 0.00845362 0.999716
bt -0.964281 0.255369 -0.0703464
t 0.223087 0.00843109 0.974762
bt -0.958702 0.255334 0.12528
t 0.41474 0.00846523 0.9099
bt -0.913833 0.255378 0.315738
t 0.537182 0.0251433 0.843092
bt -0.861622 0.25294 0.440033
t 0.695873 0.0251627 0.717724
bt -0.755619 0.252907 0.604216
t 0.686244 -0.0251555 0.726936
bt -0.762386 0.257259 0.593789
t 0.82613 0.0251475 0.562918
bt -0.618277 0.252934 0.744149
t 0.818556 -0.0251543 0.573876
bt -0.627018 0.257244 0.735305
t 0.945216 0.00843936 0.326338
bt -0.400732 0.255352 0.879892
t 0.917304 -0.0251498 0.397392
bt -0.466116 0.257254 0.846496
t -0.999519 -0.00720738 0.0301776
bt -0.00315083 0.257323 -0.96632
t -0.984713 -0.00654268 -0.174059
bt 0.191477 0.257326 -0.947164
t -0.952787 -0.0251668 -0.302596
bt 0.378371 0.257265 -0.889185
t -0.624343 0.123849 -0.77127
bt 0.771595 0.226052 -0.594593
t -0.582391 0.0887625 -0.808048
bt 0.812485 0.239404 -0.531559
t -0.584131 0.0368116 -0.810824
bt 0.801882 0.253794 -0.540901
t -0.49409 0.0116545 -0.869333
bt 0.848633 0.256834 -0.462447
t -0.402938 -0.0151676 -0.915102
bt 0.880074 0.256736 -0.399446
t -0.29491 -0.0382535 -0.954759
bt 0.910452 0.252986 -0.327225
t -0.306174 -0.0933853 -0.947384
bt 0.909408 0.23755 -0.34139
t -0.322821 -0.144934 -0.935297
bt 0.90804 0.210384 -0.362219
t 0.337922 0.0251591 -0.940838
bt 0.936221 0.257329 0.239315
t 0.408865 -0.00846776 -0.912555
bt 0.868994 0.257282 0.422676
t 0.531712 -0.0251688 -0.846551
bt 0.766127 0.257255 0.588957
t 0.681584 0.0251509 -0.731307
bt 0.766127 0.257255 0.588957
t 0.735585 -0.00844434 -0.677379
bt 0.631916 0.257315 0.731075
t 0.856871 -0.00838017 -0.515463
bt 0.471641 0.257278 0.843423
t 0.943089 -0.00842333 -0.332433
bt 0.292325 0.257278 0.921061
t -0.999702 -0.00679612 0.0234298
bt 0.00307437 -0.3177 0.948186
t -0.98242 0.00614818 0.186584
bt 0.16641 -0.317593 0.933511
t -0.924744 0.00614879 0.38054
bt 0.350926 -0.317647 0.880881
t -0.829215 0.00614283 0.558896
bt 0.521035 -0.317634 0.792232
t -0.69975 0.00608385 0.714362
bt 0.669854 -0.317634 0.671122
t -0.541626 0.00611651 0.840598
bt 0.791188 -0.317619 0.522627
t -0.361345 0.00609933 0.932412
bt 0.880201 -0.317601 0.352669
t -0.166239 0.00612303 0.986066
bt 0.933152 -0.317678 0.168248
t 0.0356302 0.00609968 0.999346
bt 0.947935 -0.317632 -0.0230163
t 0.23611 0.0061561 0.971707
bt 0.923878 -0.317683 -0.21337
t 0.426849 0.00612433 0.904302
bt 0.861993 -0.317719 -0.394998
t 0.600122 0.00608244 0.799885
bt 0.764837 -0.317664 -0.560459
t 0.748862 0.00614382 0.662698
bt 0.636371 -0.317652 -0.702943
t 0.866942 0.00616374 0.498371
bt 0.481856 -0.317698 -0.816629
t 0.949506 0.00610888 0.313688
bt 0.307574 -0.317758 -0.896899
t -0.984271 -0.00742931 -0.176509
bt -0.0948383 -0.316294 0.943909
t -0.999702 -0.00679612 0.0234298
bt 0.00307437 -0.3177 0.948186
t -0.927176 -0.00613314 -0.374575
bt -0.282803 -0.316344 0.90551
t -0.832809 -0.00611387 -0.553527
bt -0.459321 -0.316361 0.830024
t -0.704332 -0.00615172 -0.709844
bt -0.617022 -0.316295 0.720584
t -0.547038 -0.00614251 -0.837085
bt -0.749416 -0.316297 0.581662
t -0.367332 -0.00611856 -0.93007
bt -0.85117 -0.316317 0.418871
t -0.172594 -0.0061516 -0.984974
bt -0.918024 -0.316392 0.239013
t 0.0292058 -0.00614185 -0.999555
bt -0.947364 -0.31634 0.0492981
t 0.229817 -0.00615026 -0.973214
bt -0.93788 -0.316378 -0.142427
t 0.420994 -0.00607416 -0.907043
bt -0.890034 -0.316393 -0.328231
t 0.594966 -0.00612786 -0.803727
bt -0.805735 -0.316345 -0.500717
t 0.744573 -0.0061325 -0.667513
bt -0.688446 -0.31643 -0.652621
t 0.86371 -0.00615405 -0.503951
bt -0.542914 -0.316394 -0.777907
t 0.921258 -0.0304967 -0.387754
bt -0.501667 -0.30891 -0.808025
t 0.97629 0.0304846 -0.214312
bt -0.286811 -0.317718 -0.903767
t -0.999967 -0.0064962 0.00494209
bt 0.000843497 -0.966247 0.257615
t -0.979128 0.00506047 0.203183
bt 0.0551892 -0.966246 0.251642
t -0.918169 0.00506604 0.396157
bt 0.104575 -0.966251 0.23542
t -0.819627 0.00506948 0.572874
bt 0.149961 -0.966245 0.20948
t -0.687556 0.00506285 0.726113
bt 0.18896 -0.966247 0.175102
t -0.527293 0.00506753 0.849669
bt 0.220322 -0.96625 0.13349
t -0.345481 0.00506287 0.938412
bt 0.242709 -0.966248 0.0863503
t -0.149531 0.00506244 0.988744
bt 0.255098 -0.966251 0.0358431
t 0.0525706 0.00506188 0.998604
bt 0.257074 -0.966254 -0.0163135
t 0.252463 0.00505046 0.967593
bt 0.248453 -0.966271 -0.0677652
t 0.442141 0.00507373 0.896931
bt 0.229699 -0.966273 -0.116422
t 0.613565 0.00504955 0.789628
bt 0.201563 -0.966274 -0.160272
t 0.75999 0.00505893 0.649915
bt 0.165228 -0.966273 -0.197525
t 0.875256 0.00506546 0.483634
bt 0.12207 -0.966277 -0.226731
t 0.954686 0.00505638 0.297571
bt 0.073795 -0.966276 -0.246709
t -0.980489 -0.00657513 -0.196463
bt -0.00631979 -0.965249 0.261257
t -0.999967 -0.0064962 0.00494209
bt 0.000843497 -0.966247 0.257615
t -0.920687 -0.0050781 -0.390268
bt -0.0588118 -0.965246 0.25464
t -0.82331 -0.00506321 -0.56757
bt -0.108766 -0.965244 0.237643
t -0.69222 -0.00506363 -0.721669
bt -0.154399 -0.965241 0.210882
t -0.532771 -0.00506442 -0.846244
bt -0.193668 -0.965244 0.175487
t -0.351586 -0.0050478 -0.936142
bt -0.225038 -0.965243 0.132906
t -0.155858 -0.00507341 -0.987766
bt -0.247204 -0.96524 0.0848613
t 0.0461527 -0.0050676 -0.998922
bt -0.259198 -0.965245 0.0334433
t 0.246239 -0.00506167 -0.969196
bt -0.260623 -0.965245 -0.0194391
t 0.436325 -0.0050619 -0.899775
bt -0.251261 -0.965274 -0.0715111
t 0.608484 -0.00505522 -0.79355
bt -0.231773 -0.965268 -0.120577
t 0.755731 -0.00504465 -0.654863
bt -0.202734 -0.96527 -0.16478
t 0.872144 -0.0050782 -0.489222
bt -0.165386 -0.965273 -0.202228
t 0.921258 -0.0304967 -0.387754
bt -0.286721 -0.317892 -0.903734
t 0.952757 -0.005063 -0.303692
bt -0.121223 -0.965271 -0.231422
t 0.976291 0.0304873 -0.214304
bt -0.286722 -0.317892 -0.903734
t -0.999995 -8.74444e-05 0.00323929
bt -0.0101518 -0.915165 -0.402952
t -0.979502 -0.00750939 0.201293
bt -0.0539652 -0.914819 -0.400243
t -0.918925 -0.00751153 0.394362
bt -0.133446 -0.914811 -0.381199
t -0.820733 -0.00750772 0.571263
bt -0.20746 -0.914812 -0.346525
t -0.688978 -0.0074897 0.724743
bt -0.272914 -0.914816 -0.297706
t -0.52898 -0.00749425 0.848602
bt -0.32727 -0.91482 -0.236641
t -0.347275 -0.00751464 0.937733
bt -0.368205 -0.914815 -0.165949
t -0.151431 -0.00751326 0.988439
bt -0.394078 -0.914814 -0.0884211
t 0.0505725 -0.00748956 0.998692
bt -0.403802 -0.914818 -0.0072643
t 0.250625 -0.0075073 0.968055
bt -0.397022 -0.91481 0.0741299
t 0.440308 -0.00748409 0.897816
bt -0.373946 -0.914818 0.152555
t 0.612017 -0.00747917 0.790809
bt -0.335593 -0.914812 0.224713
t 0.75867 -0.00748764 0.651432
bt -0.283504 -0.914812 0.287653
t 0.874266 -0.00747559 0.48539
bt -0.219783 -0.914814 0.338838
t 0.954079 -0.00747914 0.299462
bt -0.147093 -0.914815 0.376135
t -0.980344 0.00211373 -0.197285
bt 0.0748541 -0.915194 -0.396002
t -0.999995 -8.74444e-05 0.00323929
bt -0.0101518 -0.915165 -0.402952
t -0.92145 0.00750864 -0.388425
bt 0.153061 -0.915193 -0.372819
t -0.824389 0.00751885 -0.565974
bt 0.224964 -0.91519 -0.334393
t -0.693617 0.0074994 -0.720305
bt 0.287702 -0.915183 -0.282254
t -0.534426 0.00750273 -0.845182
bt 0.338599 -0.915195 -0.218561
t -0.353384 0.00748322 -0.935448
bt 0.37568 -0.915187 -0.145933
t -0.157861 0.00748382 -0.987433
bt 0.397363 -0.915189 -0.0673216
t 0.0441282 0.00748278 -0.998998
bt 0.402776 -0.915191 0.0140286
t 0.244382 0.00751509 -0.96965
bt 0.391713 -0.915188 0.0948272
t 0.434506 0.00748789 -0.900638
bt 0.364604 -0.915191 0.171723
t 0.60695 0.00750432 -0.794705
bt 0.322603 -0.915188 0.241573
t 0.754464 0.00748631 -0.656299
bt 0.267351 -0.915191 0.301578
t 0.871154 0.00751546 -0.490952
bt 0.20117 -0.91519 0.349226
t 0.952133 0.00748894 -0.305594
bt 0.126784 -0.915184 0.382575
t -0.999995 -0.00265662 0.00196146
bt -0.00293324 -0.906312 -0.422598
t -0.979792 -0.01052 0.19974
bt -0.0864133 -0.906328 -0.413646
t -0.918314 -0.00369371 0.395836
bt -0.16791 -0.906324 -0.387792
t -0.820941 -0.00778226 0.570959
bt -0.242546 -0.906324 -0.346047
t -0.689188 -0.00779723 0.724541
bt -0.307236 -0.906333 -0.290115
t -0.52926 -0.00777842 0.848424
bt -0.359359 -0.906317 -0.222377
t -0.347651 -0.00777702 0.937592
bt -0.396784 -0.906312 -0.14547
t -0.151774 -0.00779607 0.988384
bt -0.417937 -0.906314 -0.0626404
t 0.0503192 -0.00780362 0.998703
bt -0.421984 -0.906317 0.022768
t 0.250248 -0.00777051 0.968151
bt -0.408735 -0.906328 0.10726
t 0.440052 -0.00779372 0.897938
bt -0.37879 -0.90632 0.187356
t 0.611785 -0.00779398 0.790986
bt -0.333341 -0.906321 0.259743
t 0.758495 -0.00779533 0.651632
bt -0.274247 -0.906316 0.321526
t 0.874128 -0.00778375 0.485633
bt -0.203879 -0.906329 0.370136
t 0.953994 -0.00779528 0.299726
bt -0.125211 -0.906309 0.40364
t -0.979053 -0.0112824 -0.203295
bt 0.00991 -0.903771 -0.427901
t -0.999995 -0.00265662 0.00196146
bt -0.00293324 -0.906312 -0.422598
t -0.92158 0.00779451 -0.388109
bt 0.111981 -0.904806 -0.410837
t -0.824596 0.00778706 -0.565669
bt 0.192385 -0.904801 -0.379898
t -0.693863 0.00778485 -0.720065
bt 0.264925 -0.904801 -0.333392
t -0.534686 0.00779861 -0.845015
bt 0.32663 -0.904793 -0.273244
t -0.353695 0.00777489 -0.935328
bt 0.37492 -0.904807 -0.20189
t -0.158166 0.00778169 -0.987382
bt 0.407903 -0.904798 -0.122297
t 0.0438194 0.00777995 -0.999009
bt 0.424157 -0.904805 -0.0376693
t 0.244062 0.00779973 -0.969728
bt 0.423066 -0.904802 0.0484623
t 0.434204 0.00777206 -0.900781
bt 0.404636 -0.904807 0.132638
t 0.606677 0.00779103 -0.794911
bt 0.369648 -0.904813 0.211359
t 0.754251 0.00777813 -0.65654
bt 0.319527 -0.904815 0.281448
t 0.870967 0.00777594 -0.49128
bt 0.256355 -0.904802 0.340024
t 0.952039 0.00779285 -0.305876
bt 0.182656 -0.904808 0.384655
t -0.999606 -0.0183181 0.0212609
bt 0.00225826 -0.712639 0.701527
t -0.981065 0.0115036 0.193336
bt 0.109406 -0.712234 0.693364
t -0.978974 0.00235532 0.203972
bt -0.00798617 -0.975771 0.218649
t -0.999846 -0.0162054 0.00680267
bt 0.00215076 -0.977116 0.212698
t -0.921538 0.0101598 0.388154
bt 0.246769 -0.712248 0.657122
t -0.918408 0.0093476 0.395525
bt 0.036215 -0.975765 0.215804
t -0.824557 0.0101324 0.565688
bt 0.373979 -0.712232 0.594024
t -0.821335 0.0211273 0.570055
bt 0.0259155 -0.970459 0.23987
t -0.6938 0.0101407 0.720096
bt 0.485907 -0.712223 0.506589
t -0.687267 0.00422032 0.726393
bt 0.118374 -0.97577 0.18401
t -0.816043 -0.0211279 0.577604
bt 0.122096 -0.977107 0.174225
t -0.53465 0.0101462 0.845013
bt 0.577927 -0.712229 0.39841
t -0.526937 0.00423161 0.849894
bt 0.152999 -0.975766 0.156435
t -0.353581 0.0101775 0.935349
bt 0.646298 -0.71223 0.273912
t -0.345131 0.00421742 0.938545
bt 0.181341 -0.975771 0.122421
t -0.158067 0.010176 0.987376
bt 0.688193 -0.712238 0.138229
t -0.149105 0.00422437 0.988812
bt 0.202289 -0.975767 0.0834135
t 0.0438982 0.010153 0.998984
bt 0.701944 -0.712225 -0.00314186
t 0.0530141 0.00423001 0.998585
bt 0.214929 -0.975769 0.0409977
t 0.244121 0.0101841 0.969691
bt 0.686942 -0.712227 -0.14437
t 0.25292 0.00422854 0.967478
bt 0.218786 -0.975768 -0.00311995
t 0.434276 0.010153 0.900723
bt 0.643815 -0.712228 -0.279703
t 0.442493 0.00422968 0.896762
bt 0.213658 -0.975773 -0.0470831
t 0.606752 0.0102037 0.794826
bt 0.574333 -0.712236 -0.403561
t 0.613951 0.00423177 0.789333
bt 0.199822 -0.975767 -0.0891562
t 0.726545 0.0507166 0.685245
bt 0.455255 -0.712649 -0.533736
t 0.760263 0.00422613 0.649602
bt 0.177771 -0.975774 -0.127524
t 0.791343 -0.0506982 0.609267
bt 0.455255 -0.712649 -0.533736
t 0.871001 0.0101789 0.491176
bt 0.36865 -0.712216 -0.597365
t 0.87548 0.00423403 0.483236
bt 0.14848 -0.97577 -0.160709
t 0.952052 0.0102009 0.305765
bt 0.240861 -0.712244 -0.659313
t 0.954815 0.00422293 0.29717
bt 0.113079 -0.975767 -0.187329
t -0.999846 -0.0162054 0.00680267
bt 0.00215076 -0.977116 0.212698
t -0.98067 -0.0144691 -0.195131
bt -0.0406853 -0.977114 0.208787
t -0.9834 -0.0181714 -0.180541
bt -0.0949481 -0.711935 0.695797
t -0.999606 -0.0183181 0.0212609
bt 0.00225826 -0.712639 0.701527
t -0.920542 -0.00422918 -0.39062
bt -0.0886375 -0.977098 0.19345
t -0.924013 -0.0101734 -0.382225
bt -0.233051 -0.711957 0.662423
t -0.823048 -0.00423789 -0.567956
bt -0.125745 -0.9771 0.171649
t -0.82816 -0.0101879 -0.5604
bt -0.361629 -0.711952 0.601954
t -0.691883 -0.00423703 -0.721997
bt -0.157735 -0.9771 0.14281
t -0.698397 -0.0101931 -0.715638
bt -0.475393 -0.711945 0.516852
t -0.532427 -0.0042249 -0.846465
bt -0.183245 -0.977103 0.108128
t -0.540077 -0.0101576 -0.841554
bt -0.569699 -0.711953 0.410568
t -0.351172 -0.00421701 -0.936301
bt -0.201262 -0.977101 0.0690466
t -0.359599 -0.0101817 -0.933051
bt -0.640702 -0.711939 0.28748
t -0.155441 -0.00423463 -0.987836
bt -0.211035 -0.977103 0.0271071
t -0.164464 -0.0101284 -0.986331
bt -0.685436 -0.711954 0.152639
t 0.0465666 -0.00422949 -0.998906
bt -0.212185 -0.9771 -0.0159348
t 0.0374432 -0.0101513 -0.999247
bt -0.702163 -0.711923 0.0115277
t 0.246671 -0.00422777 -0.96909
bt -0.204632 -0.977101 -0.0583049
t 0.237818 -0.0101447 -0.971257
bt -0.690077 -0.711957 -0.130042
t 0.436694 -0.00422503 -0.8996
bt -0.188721 -0.977098 -0.098301
t 0.428483 -0.0101723 -0.903492
bt -0.649791 -0.711935 -0.266307
t 0.608818 -0.00422379 -0.793299
bt -0.165071 -0.9771 -0.134262
t 0.601587 -0.0101722 -0.798742
bt -0.582896 -0.711926 -0.391655
t 0.756098 -0.00423953 -0.654445
bt -0.134648 -0.977102 -0.164748
t 0.750045 -0.010165 -0.661309
bt -0.49214 -0.711921 -0.500966
t 0.872339 -0.00423258 -0.488883
bt -0.0987492 -0.977099 -0.188485
t 0.867798 -0.0101372 -0.496813
bt -0.381203 -0.71196 -0.589743
t 0.952891 -0.00423129 -0.303283
bt -0.0587424 -0.977104 -0.204494
t 0.950054 -0.0101923 -0.311919
bt -0.254699 -0.711948 -0.654414
t -0.999693 -0.00917988 0.0230179
bt 0.00292556 -0.422284 0.906459
t -0.982109 0.007824 0.188149
bt 0.146913 -0.421903 0.894659
t -0.924134 0.00777609 0.38199
bt 0.323973 -0.421934 0.846766
t -0.828321 0.00779793 0.560199
bt 0.487808 -0.421955 0.764197
t -0.698618 0.00779494 0.715453
bt 0.63165 -0.421913 0.650391
t -0.540303 0.0077843 0.841435
bt 0.749633 -0.421946 0.509913
t -0.359862 0.007757 0.932973
bt 0.836916 -0.421973 0.348583
t -0.164711 0.00776697 0.986311
bt 0.889973 -0.421931 0.172979
t 0.0372435 0.00781213 0.999276
bt 0.906596 -0.421889 -0.0097165
t 0.237624 0.00781125 0.971326
bt 0.886078 -0.421904 -0.191997
t 0.428255 0.00779282 0.903624
bt 0.829285 -0.421927 -0.36642
t 0.60139 0.00780648 0.798917
bt 0.738531 -0.421967 -0.525847
t 0.749905 0.00779509 0.661499
bt 0.617576 -0.421931 -0.663758
t 0.726545 0.0507166 0.685245
bt 0.580034 -0.701867 -0.413452
t 0.867711 0.00782173 0.497007
bt 0.471341 -0.421939 -0.774471
t 0.791338 -0.0506898 0.609274
bt 0.455234 -0.712618 -0.533796
t 0.949991 0.00778743 0.312181
bt 0.30578 -0.421923 -0.85351
t -0.984762 -0.0117009 -0.173516
bt -0.111934 -0.421267 0.900003
t -0.999693 -0.00917988 0.0230179
bt 0.00292556 -0.422284 0.906459
t -0.926578 -0.0077685 -0.376021
bt -0.290844 -0.421283 0.859029
t -0.831928 -0.00778154 -0.554829
bt -0.45781 -0.421217 0.782934
t -0.703218 -0.00775631 -0.710932
bt -0.606027 -0.421243 0.674749
t -0.545719 -0.00775892 -0.837932
bt -0.72945 -0.42123 0.538951
t -0.365863 -0.00778619 -0.930636
bt -0.823001 -0.421244 0.381082
t -0.171069 -0.00776069 -0.985228
bt -0.882854 -0.421271 0.207605
t 0.0307652 -0.00773709 -0.999497
bt -0.906574 -0.421267 0.0256562
t 0.2313 -0.00776447 -0.972852
bt -0.893195 -0.421236 -0.157364
t 0.422447 -0.00782311 -0.906354
bt -0.843221 -0.421269 -0.333932
t 0.596237 -0.00780214 -0.80277
bt -0.758749 -0.421229 -0.496857
t 0.745602 -0.00776324 -0.666346
bt -0.643197 -0.421263 -0.639402
t 0.864478 -0.0077697 -0.502611
bt -0.501334 -0.421222 -0.755802
t 0.947956 -0.00779324 -0.318306
bt -0.338941 -0.421262 -0.841224
t -0.999736 -0.00443987 0.0225579
bt 0.0031402 -0.222911 0.974834
t -0.982622 0.00442907 0.185563
bt 0.1601 -0.222744 0.961641
t -0.92515 0.00445672 0.379577
bt 0.350409 -0.2227 0.909735
t -0.870075 0.0219654 0.49243
bt 0.559521 -0.222873 0.798288
t -0.759698 -0.021994 0.649904
bt 0.559521 -0.222873 0.798288
t -0.753136 0.0219617 0.657498
bt 0.708778 -0.222848 0.669308
t -0.61333 -0.0219888 0.789521
bt 0.708778 -0.222848 0.669308
t -0.542515 0.0043805 0.840035
bt 0.8073 -0.222702 0.546508
t -0.432869 0.0219864 0.901189
bt 0.915274 -0.222837 0.335585
t -0.252282 -0.0219737 0.967404
bt 0.915274 -0.222837 0.335585
t -0.167254 0.00443934 0.985904
bt 0.957394 -0.22269 0.183864
t -0.0423868 0.0219684 0.99886
bt 0.973436 -0.222843 -0.0525655
t 0.149698 -0.0219976 0.988487
bt 0.973436 -0.222843 -0.0525655
t 0.235073 0.00444312 0.971967
bt 0.952305 -0.222736 -0.208577
t 0.42589 0.0044086 0.904764
bt 0.890832 -0.222726 -0.395993
t 0.599319 0.00441883 0.800498
bt 0.792893 -0.222711 -0.567205
t 0.748178 0.00445196 0.663483
bt 0.662492 -0.222707 -0.715197
t 0.825248 0.0219974 0.564342
bt 0.470332 -0.222861 -0.853886
t 0.918045 -0.021968 0.395866
bt 0.470332 -0.222861 -0.853886
t 0.949192 0.00445745 0.314665
bt 0.326761 -0.222726 -0.918488
t -0.99444 -0.0220167 -0.102976
bt 0.000303843 -0.21862 0.97581
t -0.999736 -0.00443987 0.0225579
bt 0.0031402 -0.222911 0.974834
t -0.927591 -0.00437646 -0.373571
bt -0.30885 -0.222207 0.92479
t -0.956323 0.021942 -0.291488
bt -0.193232 -0.222847 0.955511
t -0.873228 -0.0219553 -0.486817
bt -0.384603 -0.218632 0.896817
t -0.705105 -0.00436072 -0.709089
bt -0.648512 -0.222204 0.728051
t -0.763886 0.0219916 -0.644977
bt -0.55438 -0.222846 0.801874
t -0.547904 -0.00442672 -0.83653
bt -0.781782 -0.22224 0.582603
t -0.438634 -0.0219281 -0.898398
bt -0.827979 -0.218645 0.516377
t -0.17364 -0.00447077 -0.984799
bt -0.948182 -0.222203 0.227104
t -0.258527 0.0220233 -0.965753
bt -0.913089 -0.222853 0.341475
t -0.0488099 -0.022002 -0.998566
bt -0.964512 -0.218648 0.148022
t 0.153192 -0.022013 -0.987951
bt -0.974568 -0.218638 -0.0491455
t 0.143302 0.0219621 -0.989435
bt -0.97375 -0.222869 -0.0462718
t 0.420054 -0.004412 -0.907488
bt -0.907978 -0.222196 -0.355253
t 0.339528 0.021948 -0.94034
bt -0.944503 -0.222863 -0.241344
t 0.594145 -0.00443678 -0.804346
bt -0.817875 -0.222248 -0.530742
t 0.690106 -0.0219636 -0.723375
bt -0.771822 -0.218637 -0.597066
t 0.863178 -0.00439586 -0.504881
bt -0.542305 -0.2222 -0.810267
t 0.815849 0.0219963 -0.577846
bt -0.637364 -0.222851 -0.737635
t 0.919433 -0.0219769 -0.392633
bt -0.473819 -0.21864 -0.853049
t 0.977606 0.0219887 -0.209292
bt -0.294832 -0.222856 -0.929198
t -0.998671 -0.0434548 0.0277024
bt 0.00160214 -0.871183 0.490956
t -0.979815 0.00873148 0.199714
bt 0.128651 -0.870886 0.474348
t -0.919557 0.00867329 0.392861
bt 0.22151 -0.870893 0.438724
t -0.821624 0.00872325 0.569963
bt 0.305262 -0.870891 0.38518
t -0.870075 0.0219653 0.49243
bt 0.385243 -0.218399 0.896599
t -0.690134 0.00866671 0.72363
bt 0.376565 -0.870889 0.315833
t -0.753136 0.0219617 0.657498
bt 0.557836 -0.218374 0.800707
t -0.759673 -0.0220027 0.649933
bt 0.559533 -0.22286 0.798283
t -0.530295 0.00871604 0.847768
bt 0.432414 -0.870896 0.233575
t -0.613318 -0.0219921 0.78953
bt 0.70877 -0.222835 0.66932
t -0.348809 0.00870602 0.937153
bt 0.470585 -0.870896 0.14174
t -0.432869 0.0219864 0.901189
bt 0.828387 -0.218359 0.515843
t -0.153031 0.00871245 0.988183
bt 0.489563 -0.870852 0.0440992
t -0.252238 -0.0219838 0.967415
bt 0.91528 -0.222823 0.335579
t 0.049062 0.00867471 0.998758
bt 0.488325 -0.870907 -0.0553108
t -0.0423868 0.0219684 0.99886
bt 0.964673 -0.218367 0.147381
t 0.249018 0.00871784 0.96846
bt 0.467286 -0.870854 -0.152501
t 0.149687 -0.0219952 0.988489
bt 0.97344 -0.222829 -0.0525477
t 0.43886 0.00867167 0.898513
bt 0.426932 -0.870906 -0.243417
t 0.594591 0.0434312 0.802855
bt 0.387249 -0.871188 -0.301778
t 0.633206 -0.0434264 0.772764
bt 0.387249 -0.871188 -0.301778
t 0.757638 0.00866394 0.652618
bt 0.29631 -0.870906 -0.392076
t 0.873479 0.00866687 0.486785
bt 0.211297 -0.870891 -0.443737
t 0.825248 0.0219974 0.564342
bt 0.635364 -0.218381 -0.740691
t 0.946665 0.0434528 0.319277
bt 0.145479 -0.87119 -0.468897
t 0.91804 -0.021965 0.395879
bt 0.470334 -0.222849 -0.853888
t 0.961173 -0.0434272 0.272509
bt 0.145479 -0.87119 -0.468897
t -0.99444 -0.0220167 -0.102976
bt -0.193229 -0.222833 0.955515
t -0.981082 -0.00870814 -0.193395
bt 0.0260549 -0.864439 0.502063
t -0.99883 0.0434321 -0.0212697
bt 0.00160214 -0.871183 0.490956
t -0.956318 0.0219457 -0.291504
bt -0.193229 -0.222833 0.955515
t -0.922053 -0.00872506 -0.386964
bt -0.0756274 -0.864429 0.497034
t -0.873228 -0.0219553 -0.486817
bt -0.554374 -0.222832 0.801883
t -0.825306 -0.00871644 -0.564619
bt -0.174052 -0.864448 0.471631
t -0.763847 0.0220051 -0.645022
bt -0.554374 -0.222832 0.801883
t -0.694766 -0.00868347 -0.719183
bt -0.265424 -0.864445 0.426949
t -0.535784 -0.00869967 -0.84431
bt -0.345979 -0.864422 0.364792
t -0.438634 -0.0219281 -0.898398
bt -0.913093 -0.22284 0.341473
t -0.354853 -0.00870176 -0.934882
bt -0.412294 -0.864449 0.287648
t -0.25841 0.0220508 -0.965784
bt -0.913093 -0.22284 0.341473
t -0.159416 -0.00866543 -0.987174
bt -0.46175 -0.86443 0.198863
t -0.0488098 -0.022002 -0.998566
bt -0.973752 -0.222857 -0.0462731
t 0.0426016 -0.00873072 -0.999054
bt -0.49233 -0.86443 0.101845
t 0.143238 0.0219474 -0.989445
bt -0.973752 -0.222857 -0.0462731
t 0.153192 -0.022013 -0.987951
bt -0.94451 -0.22285 -0.241327
t 0.242809 -0.00871989 -0.970035
bt -0.502775 -0.864417 0.000565498
t 0.339531 0.0219489 -0.940339
bt -0.94451 -0.22285 -0.241327
t 0.43311 -0.00871137 -0.901299
bt -0.492631 -0.864407 -0.100574
t 0.605656 -0.00867739 -0.795679
bt -0.462242 -0.864437 -0.197689
t 0.690106 -0.0219636 -0.723375
bt -0.637365 -0.222838 -0.737638
t 0.739725 -0.0433981 -0.671508
bt -0.539002 -0.828586 -0.151403
t 0.815825 0.0219866 -0.577881
bt -0.637365 -0.222838 -0.737638
t 0.870329 -0.00868994 -0.492394
bt -0.346766 -0.864438 -0.364007
t 0.771717 0.0434139 -0.634483
bt -0.320992 -0.871177 -0.371505
t 0.919433 -0.0219769 -0.392633
bt -0.294829 -0.222842 -0.929202
t 0.951646 -0.00869374 -0.307074
bt -0.266427 -0.864447 -0.42632
t 0.977612 0.0219954 -0.209263
bt -0.294829 -0.222842 -0.929202
t -0.999995 0.000307242 0.00327526
bt -0.000506842 -0.989982 -0.141193
t -0.978937 -0.00284793 0.204143
bt -0.0350251 -0.989963 -0.136915
t -0.998674 -0.0434077 0.0276759
bt 0.00146702 -0.871337 0.490683
t -0.917817 -0.00283923 0.396995
bt -0.0618584 -0.989963 -0.12707
t -0.819124 -0.00284441 0.573609
bt -0.0861892 -0.989962 -0.112012
t -0.686855 -0.00284102 0.726789
bt -0.106943 -0.989963 -0.0923978
t -0.526495 -0.00284888 0.850173
bt -0.123377 -0.989963 -0.0689327
t -0.344618 -0.00283892 0.938739
bt -0.134718 -0.989963 -0.04272
t -0.148575 -0.00283891 0.988897
bt -0.140547 -0.989964 -0.0147727
t 0.0519048 -0.0142025 0.998551
bt -0.140932 -0.98999 0.00765655
t 0.0559663 0.0141816 0.998332
bt -0.140932 -0.98999 0.00765659
t 0.25344 -0.00284966 0.967347
bt -0.134967 -0.989963 0.041912
t 0.442966 -0.00284658 0.896534
bt -0.123797 -0.989963 0.0681751
t 0.614332 -0.0028373 0.789043
bt -0.107454 -0.989976 0.0916603
t 0.594591 0.0434312 0.802855
bt 0.294216 -0.862195 -0.412379
t 0.760584 -0.00284291 0.649233
bt -0.0869424 -0.989961 0.111438
t 0.633218 -0.0434563 0.772753
bt 0.387075 -0.871333 -0.301581
t 0.875719 -0.00284825 0.482813
bt -0.0626685 -0.98996 0.126696
t 0.954977 -0.0028378 0.296665
bt -0.0358517 -0.98996 0.136723
t 0.946665 0.0434528 0.319277
bt 0.00579781 -0.862182 -0.506566
t 0.961174 -0.0434375 0.272504
bt 0.145358 -0.871332 -0.468669
t -0.999438 0.0304737 -0.0139704
bt 0.00146702 -0.871337 0.490683
t -0.979819 -0.0103052 -0.199623
bt -0.00699415 -0.989349 -0.145392
t -0.999995 0.000307242 0.00327526
bt -0.000506842 -0.989982 -0.141193
t -0.920367 0.00283044 -0.391046
bt 0.0224761 -0.989354 -0.143783
t -0.822773 0.00284704 -0.568364
bt 0.0508369 -0.989364 -0.136289
t -0.691516 0.00285389 -0.722355
bt 0.077339 -0.989352 -0.123291
t -0.531965 0.00284524 -0.846762
bt 0.100563 -0.989352 -0.105213
t -0.350669 0.00284101 -0.936495
bt 0.119672 -0.989354 -0.0828127
t -0.154946 0.00284505 -0.987919
bt 0.133803 -0.989365 -0.0570376
t 0.0470694 0.00284655 -0.998888
bt 0.142535 -0.989369 -0.0288442
t 0.247179 0.00283735 -0.968966
bt 0.145531 -0.989354 0.000402427
t 0.437206 0.00284776 -0.899357
bt 0.14248 -0.989353 0.0296799
t 0.609265 0.00284642 -0.792961
bt 0.133541 -0.989356 0.0578134
t 0.739725 -0.0433982 -0.671508
bt -0.320808 -0.871342 -0.371276
t 0.756382 0.00283412 -0.654124
bt 0.119208 -0.989354 0.0834713
t 0.771716 0.0434114 -0.634484
bt -0.320808 -0.871342 -0.371276
t 0.872579 0.00284635 -0.488465
bt 0.0999914 -0.98935 0.10577
t 0.953043 0.00284449 -0.302823
bt 0.076676 -0.98935 0.12372
t -0.999934 -0.00496254 0.010368
bt 0.00271052 -0.574911 0.818212
t -0.981507 0.0095857 0.191187
bt 0.167384 -0.574876 0.800937
t -0.980931 0.0101447 0.194093
bt 0.0433582 -0.686513 0.725823
t -0.999942 -0.0056547 0.00911195
bt 0.00232546 -0.69041 0.723414
t -0.922935 0.00959542 0.384837
bt 0.325166 -0.57495 0.750799
t -0.921778 0.0102315 0.387582
bt 0.188622 -0.686498 0.702241
t -0.826595 0.00959373 0.562716
bt 0.469587 -0.574936 0.670027
t -0.824898 0.0101586 0.565191
bt 0.326092 -0.686563 0.649843
t -0.696336 0.00954623 0.717652
bt 0.594856 -0.57491 0.561806
t -0.694211 0.0101682 0.7197
bt 0.45023 -0.686531 0.570936
t -0.582144 0.0476774 0.811687
bt 0.695888 -0.574804 0.430511
t -0.535178 0.0101339 0.844679
bt 0.55595 -0.686534 0.468605
t -0.466704 -0.047683 0.883127
bt 0.695888 -0.574804 0.430511
t -0.40676 0.0476409 0.912292
bt 0.768264 -0.574814 0.281707
t -0.35421 0.0101224 0.935111
bt 0.6389 -0.686531 0.347106
t -0.279279 -0.0477357 0.959023
bt 0.768264 -0.574814 0.281707
t -0.161562 0.0095181 0.986817
bt 0.809157 -0.574944 0.121257
t -0.158651 0.0101294 0.987283
bt 0.695679 -0.686532 0.211435
t -0.0140768 0.0477086 0.998762
bt 0.817099 -0.57481 -0.0440679
t 0.0432521 0.0101531 0.999013
bt 0.72401 -0.686525 0.0670294
t 0.121407 -0.0475991 0.991461
bt 0.817099 -0.57481 -0.0440679
t 0.187347 0.0476363 0.981138
bt 0.79151 -0.574795 -0.207661
t 0.243436 0.0101649 0.969864
bt 0.722694 -0.686519 -0.0800315
t 0.318598 -0.0476793 0.94669
bt 0.79151 -0.574795 -0.207661
t 0.431081 0.00959415 0.902262
bt 0.733439 -0.574907 -0.362697
t 0.433742 0.0101575 0.90098
bt 0.691754 -0.68656 -0.223857
t 0.603753 0.00955441 0.797114
bt 0.645432 -0.574891 -0.50291
t 0.606198 0.010186 0.795249
bt 0.632547 -0.686544 -0.358527
t 0.714289 0.0476283 0.698228
bt 0.531041 -0.574822 -0.622555
t 0.753875 0.0101656 0.65694
bt 0.547455 -0.686513 -0.478533
t 0.802276 -0.0476268 0.59505
bt 0.531041 -0.574822 -0.622555
t 0.8692 0.00953078 0.494369
bt 0.39481 -0.574877 -0.716688
t 0.870675 0.0101468 0.491753
bt 0.439945 -0.686499 -0.578936
t 0.950936 0.0096031 0.309237
bt 0.242456 -0.57491 -0.781469
t 0.951835 0.0101237 0.306444
bt 0.314337 -0.686533 -0.65564
t -0.999651 0.020489 -0.016686
bt 0.00226698 -0.717487 0.696569
t -0.98132 -0.00621417 -0.192284
bt -0.138104 -0.717444 0.68279
t -0.980203 -0.000279983 -0.197997
bt -0.026715 -0.798757 0.601061
t -0.999798 0.0175418 -0.00981602
bt 0.00213957 -0.802224 0.597019
t -0.923947 -0.0101733 -0.382385
bt -0.272634 -0.717468 0.641023
t -0.922982 -0.00974049 -0.38472
bt -0.14739 -0.798772 0.5833
t -0.828111 -0.0101637 -0.560471
bt -0.396095 -0.717482 0.573
t -0.826627 -0.00972187 -0.562666
bt -0.261791 -0.798787 0.541669
t -0.698295 -0.0101366 -0.715738
bt -0.503303 -0.717506 0.48153
t -0.696423 -0.00975811 -0.717565
bt -0.365315 -0.798749 0.478064
t -0.539894 -0.0101646 -0.841671
bt -0.589976 -0.717467 0.370364
t -0.537677 -0.00966828 -0.843095
bt -0.455592 -0.798976 0.392522
t -0.359513 -0.0102046 -0.933084
bt -0.652466 -0.717454 0.244023
t -0.357051 -0.00975551 -0.934034
bt -0.524268 -0.798771 0.295141
t -0.164312 -0.0101854 -0.986356
bt -0.688183 -0.717498 0.107707
t -0.16175 -0.00975543 -0.986784
bt -0.573033 -0.79869 0.183651
t 0.0376902 -0.0101385 -0.999238
bt -0.695785 -0.717491 -0.0330285
t 0.0402393 -0.00975317 -0.999142
bt -0.598182 -0.79876 0.0645002
t 0.237919 -0.0102109 -0.971231
bt -0.674929 -0.717442 -0.172476
t 0.240565 -0.00969886 -0.970585
bt -0.598996 -0.798704 -0.0572267
t 0.428626 -0.0101017 -0.903426
bt -0.626354 -0.717488 -0.304781
t 0.43092 -0.00980911 -0.902337
bt -0.57517 -0.798744 -0.176602
t 0.601689 -0.0101888 -0.798666
bt -0.552175 -0.717504 -0.424607
t 0.60381 -0.00972116 -0.797069
bt -0.527889 -0.798706 -0.288795
t 0.750121 -0.0101867 -0.661222
bt -0.455452 -0.71748 -0.527055
t 0.751869 -0.00972011 -0.659241
bt -0.456881 -0.798971 -0.391031
t 0.867898 -0.0101312 -0.496639
bt -0.340037 -0.717467 -0.60796
t 0.869183 -0.00972255 -0.494395
bt -0.371123 -0.798792 -0.473497
t 0.950074 -0.0102118 -0.311857
bt -0.210732 -0.717485 -0.663933
t 0.950926 -0.00971604 -0.309265
bt -0.2681 -0.798796 -0.53856
t 0.993411 -0.0101308 -0.114157
bt -0.0583561 -0.717422 -0.694191
t 0.988924 -0.0487005 -0.140205
bt -0.289743 -0.7806 -0.553816
t -0.999928 0.00848852 0.0084509
bt -0.00131286 -0.849547 -0.527511
t -0.979976 -0.00911982 0.198907
bt -0.0687909 -0.84888 -0.52409
t -0.980272 0.00977198 0.197414
bt 0.0786242 -0.801457 0.592861
t -0.999798 0.0175418 -0.00981602
bt 0.00213957 -0.802224 0.597019
t -0.919863 -0.00917297 0.392133
bt -0.172851 -0.84888 -0.499526
t -0.920468 0.00973926 0.390697
bt 0.196119 -0.801449 0.564994
t -0.822096 -0.00911596 0.569276
bt -0.269913 -0.848882 -0.454473
t -0.822943 0.00974691 0.568041
bt 0.305889 -0.801444 0.513925
t -0.690649 -0.00912037 0.723133
bt -0.355842 -0.848884 -0.390862
t -0.691799 0.00977551 0.722024
bt 0.403071 -0.801449 0.441829
t -0.530958 -0.00909481 0.847349
bt -0.42923 -0.848991 -0.308181
t -0.532299 0.0097589 0.8465
bt 0.483044 -0.801396 0.35275
t -0.349447 -0.00910323 0.936912
bt -0.481062 -0.848878 -0.219055
t -0.350933 0.00970994 0.93635
bt 0.54378 -0.801284 0.249493
t -0.153818 -0.00914637 0.988057
bt -0.515442 -0.848814 -0.117623
t -0.155332 0.00969766 0.987815
bt 0.583253 -0.801456 0.132229
t 0.0482838 -0.009071 0.998793
bt -0.528473 -0.848872 -0.0115288
t 0.0466268 0.00971333 0.998865
bt 0.59793 -0.801456 0.0121559
t 0.24832 -0.00908519 0.968636
bt -0.519956 -0.848873 0.0951872
t 0.218284 0.0486875 0.97467
bt 0.576231 -0.802261 -0.155999
t 0.438178 -0.00915734 0.898842
bt -0.490169 -0.848874 0.197856
t 0.436825 0.00976471 0.899493
bt 0.554309 -0.80145 -0.22454
t 0.288405 -0.0486893 0.95627
bt 0.577405 -0.802269 -0.151549
t 0.610187 -0.00910501 0.792205
bt -0.440286 -0.848876 0.292501
t 0.608858 0.00979974 0.793219
bt 0.49773 -0.80145 -0.331576
t 0.757128 -0.00914804 0.653202
bt -0.369461 -0.849007 0.377738
t 0.756097 0.00973893 0.654387
bt 0.421901 -0.801399 -0.423981
t 0.873115 -0.0091114 0.48743
bt -0.289338 -0.848872 0.442379
t 0.872378 0.00975548 0.488735
bt 0.32914 -0.801279 -0.499619
t 0.953369 -0.00912017 0.301669
bt -0.19442 -0.848871 0.491547
t 0.952881 0.00971872 0.303188
bt 0.219052 -0.80145 -0.556502
t -0.980676 0.00432035 -0.195589
bt 0.103387 -0.849555 -0.517269
t -0.999928 0.00848852 0.0084509
bt -0.00131286 -0.849547 -0.527511
t -0.922337 0.00912558 -0.386279
bt 0.2053 -0.849548 -0.485921
t -0.825738 0.00910732 -0.56398
bt 0.298728 -0.849551 -0.43477
t -0.695264 0.00910528 -0.718697
bt 0.380131 -0.849548 -0.365744
t -0.536326 0.00911374 -0.843962
bt 0.445399 -0.849554 -0.282626
t -0.355459 0.00906004 -0.934648
bt 0.492722 -0.849539 -0.188435
t -0.160142 0.00914588 -0.987052
bt 0.520926 -0.849562 -0.0829462
t 0.0418783 0.00914709 -0.999081
bt 0.526967 -0.849555 0.0236931
t 0.242149 0.00913191 -0.970196
bt 0.511406 -0.849556 0.129299
t 0.432428 0.00910149 -0.901623
bt 0.474927 -0.849551 0.229581
t 0.605053 0.00912867 -0.796133
bt 0.418956 -0.849561 0.320502
t 0.752983 0.00911375 -0.657977
bt 0.346884 -0.849556 0.397399
t 0.869968 0.009104 -0.493024
bt 0.260984 -0.849553 0.458418
t 0.951417 0.00912729 -0.307771
bt 0.161 -0.849557 0.502327
t 0.988924 -0.0487005 -0.140205
bt -0.0618641 -0.802265 -0.593754
t -0.99998 0.00268131 0.0056949
bt -0.0021776 -0.738813 -0.673907
t -0.980665 -0.0101563 0.195429
bt -0.120032 -0.738697 -0.663263
t -0.933815 -0.0505563 0.354167
bt -0.267808 -0.738764 -0.618471
t -0.897201 0.050438 0.438732
bt -0.267808 -0.738765 -0.618471
t -0.824115 -0.0100791 0.566333
bt -0.371831 -0.73868 -0.562222
t -0.718503 -0.0505428 0.693685
bt -0.489966 -0.738753 -0.462793
t -0.651495 0.0504652 0.756972
bt -0.489966 -0.738753 -0.462793
t -0.534014 -0.0100438 0.845416
bt -0.563413 -0.73868 -0.370023
t -0.386675 -0.0504844 0.920833
bt -0.632771 -0.738765 -0.232007
t -0.300263 0.0503876 0.952525
bt -0.632771 -0.738765 -0.232007
t -0.157334 -0.0101142 0.987494
bt -0.663686 -0.738667 -0.117863
t 0.0446703 -0.0100963 0.998951
bt -0.673818 -0.738674 0.0181461
t 0.244817 -0.0101455 0.969516
bt -0.656364 -0.738683 0.15341
t 0.434985 -0.0101292 0.900381
bt -0.612076 -0.738666 0.282375
t 0.607288 -0.0101165 0.794417
bt -0.542651 -0.738702 0.399811
t 0.754765 -0.0101728 0.655917
bt -0.451103 -0.738672 0.500869
t 0.871359 -0.0100756 0.490542
bt -0.340992 -0.738691 0.581429
t 0.95227 -0.0101183 0.30509
bt -0.217007 -0.738675 0.638175
t -0.981885 0.010149 -0.189208
bt 0.0606842 -0.736767 -0.673418
t -0.99998 0.00268131 0.0056949
bt -0.0021776 -0.738813 -0.673907
t -0.923721 0.0101229 -0.382933
bt 0.195068 -0.736723 -0.647447
t -0.827711 0.0101592 -0.561063
bt 0.321368 -0.736801 -0.594851
t -0.697811 0.0100795 -0.716211
bt 0.434519 -0.7368 -0.517995
t -0.569353 0.0504618 -0.820543
bt 0.463167 -0.726104 -0.508182
t -0.358843 0.0101837 -0.933342
bt 0.603594 -0.73677 -0.304705
t -0.49137 -0.0504334 -0.869489
bt 0.570826 -0.738746 -0.358347
t -0.163575 0.0101441 -0.986479
bt 0.652633 -0.736722 -0.17695
t 0.00132441 0.0505535 -0.998721
bt 0.670448 -0.726116 -0.152493
t 0.238601 0.0101148 -0.971065
bt 0.669463 -0.736785 0.0946979
t 0.0934102 -0.0504764 -0.994347
bt 0.673216 -0.738753 0.0320027
t 0.429241 0.0101457 -0.903133
bt 0.636692 -0.736781 0.227546
t 0.602272 0.0101343 -0.798226
bt 0.577884 -0.736768 0.35103
t 0.750569 0.0101107 -0.660715
bt 0.495344 -0.73677 0.460222
t 0.868213 0.0100904 -0.496089
bt 0.392585 -0.736778 0.550486
t 0.950294 0.0101519 -0.311187
bt 0.273753 -0.736778 0.618237
t -0.999159 -0.0353321 0.0208259
bt 0.0012969 -0.895183 0.445697
t -0.979644 0.00813357 0.200577
bt 0.0258587 -0.893199 0.448918
t -0.924739 0.0405432 0.378436
bt 0.17713 -0.895243 0.408859
t -0.933815 -0.0505563 0.354167
bt -0.183436 -0.735762 -0.651924
t -0.908683 -0.0405469 0.415513
bt 0.177131 -0.895243 0.408859
t -0.821156 0.00813364 0.570646
bt 0.200874 -0.893205 0.402287
t -0.897171 0.0505054 0.438786
bt -0.267769 -0.738811 -0.618432
t -0.689501 0.00809618 0.724239
bt 0.277738 -0.893206 0.353616
t -0.718503 -0.0505428 0.693685
bt -0.42564 -0.735761 -0.52677
t -0.529604 0.00814068 0.848206
bt 0.343215 -0.893203 0.290502
t -0.651469 0.0505016 0.756993
bt -0.489952 -0.738809 -0.462718
t -0.348069 0.00807449 0.937434
bt 0.394777 -0.89316 0.215444
t -0.386675 -0.0504844 0.920833
bt -0.598861 -0.735761 -0.316261
t -0.152223 0.00810933 0.988313
bt 0.429961 -0.893207 0.131581
t -0.300195 0.0504642 0.952542
bt -0.632711 -0.738811 -0.232023
t 0.0498092 0.00811007 0.998726
bt 0.447645 -0.893209 0.0423235
t 0.249884 0.00810218 0.968242
bt 0.447007 -0.893207 -0.0486366
t 0.439645 0.00809756 0.898135
bt 0.428175 -0.893155 -0.137623
t 0.61143 0.00812017 0.791257
bt 0.391709 -0.893155 -0.220993
t 0.758205 0.00810604 0.651965
bt 0.339238 -0.893153 -0.29529
t 0.873921 0.00813731 0.486
bt 0.272797 -0.893156 -0.357566
t 0.953869 0.00814952 0.300114
bt 0.195177 -0.893159 -0.405182
t -0.983464 -0.0472862 -0.174822
bt -0.1427 -0.893796 0.425165
t -0.999159 -0.0353321 0.0208259
bt 0.0012969 -0.895183 0.445697
t -0.921709 -0.0081431 -0.387798
bt -0.22538 -0.893798 0.387722
t -0.824798 -0.00812728 -0.56537
bt -0.298891 -0.893793 0.334364
t -0.694123 -0.00810056 -0.719811
bt -0.360083 -0.893751 0.267488
t -0.569353 0.0504618 -0.820543
bt 0.570783 -0.738808 -0.358288
t -0.535025 -0.00811426 -0.844797
bt -0.406457 -0.893799 0.189514
t -0.491315 -0.0505004 -0.869516
bt 0.570783 -0.738808 -0.358288
t -0.353979 -0.00812493 -0.935218
bt -0.436368 -0.893754 0.10386
t -0.1585 -0.00814355 -0.987325
bt -0.448257 -0.893797 0.0138473
t 0.00132445 0.0505535 -0.998721
bt 0.673154 -0.738809 0.0320104
t 0.0434414 -0.00810882 -0.999023
bt -0.441872 -0.893803 -0.0765875
t 0.0934723 -0.0505449 -0.994338
bt 0.673154 -0.738809 0.0320104
t 0.243645 -0.00807956 -0.969831
bt -0.417486 -0.893749 -0.16407
t 0.433937 -0.00809844 -0.900907
bt -0.375869 -0.893745 -0.244831
t 0.606369 -0.00814254 -0.795141
bt -0.318974 -0.893752 -0.315379
t 0.754054 -0.00811991 -0.656762
bt -0.248828 -0.893745 -0.373236
t 0.870798 -0.00811194 -0.491574
bt -0.168818 -0.893755 -0.415575
t 0.95191 -0.00813501 -0.30627
bt -0.0816195 -0.893747 -0.441083
t -0.99448 -0.0158557 0.103719
bt 0.00307373 -0.155799 0.987784
t -0.985074 0.00525013 0.172052
bt 0.20199 -0.155799 0.966916
t -0.930277 0.00522934 0.36682
bt 0.392549 -0.155731 0.906451
t -0.924739 0.0405432 0.378436
bt -0.134655 -0.845234 0.517154
t -0.837399 0.00518492 0.546567
bt 0.567003 -0.1558 0.808847
t -0.908692 -0.0405088 0.415496
bt 0.177216 -0.895086 0.409165
t -0.710231 0.00521031 0.70395
bt 0.718072 -0.155837 0.678297
t -0.554009 0.00520528 0.832495
bt 0.839996 -0.155819 0.519738
t -0.375157 0.0052655 0.926946
bt 0.927399 -0.155808 0.34008
t -0.18079 0.00520434 0.983508
bt 0.976875 -0.155819 0.146407
t 0.0208988 0.00521187 0.999768
bt 0.986365 -0.155727 -0.0532369
t 0.221677 0.00517324 0.975106
bt 0.955474 -0.155789 -0.250596
t 0.413458 0.00526157 0.910508
bt 0.885433 -0.155765 -0.437887
t 0.588249 0.00515631 0.808664
bt 0.779239 -0.155765 -0.607061
t 0.73898 0.0051868 0.673707
bt 0.641014 -0.155766 -0.751557
t 0.859423 0.00521923 0.511238
bt 0.476508 -0.155841 -0.865248
t 0.944779 0.00517132 0.327667
bt 0.292705 -0.155805 -0.943424
t -0.999188 -0.0265733 -0.0302938
bt -0.0635513 -0.154404 0.985962
t -0.99448 -0.0158557 0.103719
bt 0.00307373 -0.155799 0.987784
t -0.932604 -0.00524096 -0.360864
bt -0.260694 -0.154351 0.953003
t -0.840891 -0.00524194 -0.541179
bt -0.447264 -0.154364 0.88098
t -0.714743 -0.00522205 -0.699367
bt -0.615499 -0.154426 0.772861
t -0.559269 -0.00519228 -0.82897
bt -0.758431 -0.15435 0.633213
t -0.380994 -0.00516897 -0.924563
bt -0.870335 -0.154398 0.46763
t -0.187102 -0.00518417 -0.982327
bt -0.946653 -0.15439 0.282865
t 0.0144254 -0.00521827 -0.999882
bt -0.984218 -0.154388 0.0864848
t 0.215424 -0.00524971 -0.976506
bt -0.981489 -0.154366 -0.113358
t 0.407569 -0.00524112 -0.913159
bt -0.93855 -0.154426 -0.30867
t 0.583099 -0.00522765 -0.812384
bt -0.857203 -0.15442 -0.491282
t 0.734601 -0.00527466 -0.678479
bt -0.740797 -0.154374 -0.65375
t 0.856226 -0.00524511 -0.516575
bt -0.59397 -0.154402 -0.789532
t 0.942646 -0.00522771 -0.333754
bt -0.422964 -0.1544 -0.892895
t 0.0519048 -0.0142025 0.998551
bt -0.139112 -0.989513 0.0388871
t 0.0559679 0.0141928 0.998332
bt -0.14087 -0.989999 0.00762317
t -0.981043 -0.00428444 -0.193744
bt -0.0763 -0.688812 0.720913
t -0.999942 -0.0056547 0.00911195
bt 0.00232546 -0.69041 0.723414
t -0.924252 -0.0101803 -0.381647
bt -0.219825 -0.688816 0.690804
t -0.828521 -0.0101314 -0.559866
bt -0.354351 -0.68881 0.632437
t -0.69887 -0.0102059 -0.715176
bt -0.474461 -0.688804 0.54812
t -0.540636 -0.0100993 -0.841196
bt -0.575059 -0.688812 0.441412
t -0.360163 -0.0101721 -0.932834
bt -0.65214 -0.688822 0.316602
t -0.165064 -0.0101723 -0.98623
bt -0.702535 -0.688812 0.178834
t 0.0368479 -0.0101808 -0.999269
bt -0.72416 -0.688808 0.033701
t 0.237208 -0.0101525 -0.971406
bt -0.716132 -0.68881 -0.112679
t 0.427949 -0.010161 -0.903746
bt -0.678777 -0.688815 -0.254549
t 0.601066 -0.0101075 -0.799136
bt -0.613659 -0.688804 -0.385968
t 0.749605 -0.0101683 -0.661807
bt -0.523426 -0.688817 -0.501555
t 0.867483 -0.0101857 -0.497362
bt -0.411722 -0.688827 -0.59666
t 0.949851 -0.0101644 -0.312539
bt -0.283187 -0.688826 -0.667326
t 0.0396349 0.0270621 -0.998848
bt 0.276787 -0.960842 0.013117
t 0.0552515 -0.0270671 -0.998106
bt 0.276787 -0.960842 0.0131169
t 0.73171 -0.0485671 -0.679883
bt -0.364597 -0.802663 -0.472019
t 0.778851 0.0485659 -0.625326
bt -0.389472 -0.803093 -0.450947
t 0.998195 0.0476727 -0.036522
bt -0.0853809 -0.574935 -0.813732
t 0.996056 -0.0101781 0.0881408
bt 0.0826769 -0.717381 -0.691758
t -0.980787 0.0101379 0.194816
bt 0.114128 -0.71716 0.6875
t -0.999651 0.020489 -0.016686
bt 0.00226698 -0.717487 0.696569
t -0.92148 0.0101373 0.388294
bt 0.250115 -0.717166 0.650473
t -0.82445 0.0101567 0.565844
bt 0.375972 -0.717156 0.586799
t -0.69368 0.0102184 0.720211
bt 0.486321 -0.717179 0.499146
t -0.534508 0.0101591 0.845102
bt 0.576834 -0.717151 0.391098
t -0.582144 0.0476775 0.811687
bt 0.695672 -0.574935 0.430685
t -0.353477 0.010137 0.935388
bt 0.643764 -0.717158 0.266932
t -0.40676 0.0476409 0.912292
bt 0.768222 -0.574935 0.281574
t -0.466692 -0.0476924 0.883133
bt 0.695672 -0.574935 0.430685
t -0.157884 0.0101556 0.987405
bt 0.68431 -0.717182 0.131793
t -0.279342 -0.0476903 0.959007
bt 0.768222 -0.574935 0.281574
t 0.0440871 0.0101579 0.998976
bt 0.696864 -0.717152 -0.00859356
t -0.0140768 0.0477086 0.998762
bt 0.817004 -0.574935 -0.0442123
t 0.244207 0.010189 0.96967
bt 0.680833 -0.717173 -0.148758
t 0.187347 0.0476363 0.981138
bt 0.791404 -0.574935 -0.207677
t 0.121409 -0.0476011 0.991461
bt 0.817004 -0.574935 -0.0442123
t 0.434407 0.0102386 0.900658
bt 0.636972 -0.717163 -0.282744
t 0.318487 -0.0475967 0.946731
bt 0.791404 -0.574935 -0.207677
t 0.606858 0.0101364 0.794745
bt 0.567008 -0.717153 -0.405209
t 0.754368 0.0101644 0.656373
bt 0.473886 -0.717171 -0.510978
t 0.714289 0.0476283 0.698228
bt 0.530937 -0.574935 -0.62254
t 0.87109 0.0101513 0.491019
bt 0.361319 -0.717137 -0.595956
t 0.802309 -0.0476676 0.595002
bt 0.530936 -0.574935 -0.62254
t 0.952077 0.0101627 0.30569
bt 0.233996 -0.717183 -0.656426
t -0.980187 -3.4026e-05 -0.198075
bt -0.146259 -0.57483 0.805095
t -0.999934 -0.00496254 0.010368
bt 0.00271052 -0.574911 0.818212
t -0.925406 -0.00953224 -0.378858
bt -0.305397 -0.574805 0.759165
t -0.830237 -0.00958631 -0.557328
bt -0.451875 -0.574825 0.682192
t -0.700968 -0.00951287 -0.71313
bt -0.579988 -0.574816 0.577235
t -0.543072 -0.0095686 -0.839632
bt -0.684311 -0.574802 0.448689
t -0.36296 -0.00953097 -0.931756
bt -0.760593 -0.574856 0.301727
t -0.168088 -0.00958516 -0.985725
bt -0.805767 -0.574845 0.142454
t 0.0338164 -0.00961204 -0.999382
bt -0.817984 -0.574794 -0.0226614
t 0.234352 -0.00952821 -0.972105
bt -0.79668 -0.574825 -0.186757
t 0.374953 -0.047694 -0.925816
bt -0.735811 -0.574811 -0.358014
t 0.553758 -0.0475919 -0.831317
bt -0.648678 -0.574817 -0.498801
t 0.497069 0.0477014 -0.866399
bt -0.735811 -0.574811 -0.358014
t 0.747661 -0.00962208 -0.664011
bt -0.547148 -0.574793 -0.608475
t 0.661252 0.0476662 -0.748648
bt -0.648678 -0.574817 -0.498801
t 0.836648 -0.0476528 -0.545664
bt -0.399402 -0.574813 -0.714191
t 0.94891 -0.00956251 -0.315401
bt -0.262823 -0.574857 -0.774896
t 0.902896 0.0476866 -0.427206
bt -0.399402 -0.574813 -0.714191
t 0.984033 -0.0476561 -0.171489
bt -0.0854046 -0.574815 -0.813815
t 0.374953 -0.047694 -0.925816
bt -0.768712 -0.573052 -0.284067
t 0.553758 -0.0475919 -0.831317
bt -0.695848 -0.573048 -0.43291
t 0.497103 0.0477294 -0.866378
bt -0.735732 -0.574935 -0.357977
t 0.661243 0.0476573 -0.748656
bt -0.648576 -0.574935 -0.498797
t 0.836648 -0.0476528 -0.545664
bt -0.468702 -0.573051 -0.672258
t 0.902878 0.0476546 -0.427248
bt -0.399356 -0.574935 -0.714118
t 0.984033 -0.0476561 -0.171489
bt -0.165601 -0.57305 -0.802614
t 0.99649 0.0486139 -0.0681568
bt 0.168293 -0.780638 -0.601898
t 0.218284 0.0486875 0.97467
bt 0.62047 -0.780614 0.0752318
t 0.288405 -0.0486893 0.95627
bt 0.57754 -0.802166 -0.151581
t -0.816043 -0.0211279 0.577604
bt 0.0981126 -0.976707 0.190835
t -0.821335 0.0211273 0.570055
bt 0.122067 -0.977123 0.174155

