g sponza_259
t 1 -1.00917e-06 8.59861e-06
bt 0 -0.258808 -0.965929
t 0.86602 -0.482976 0.129399
bt 1.84769e-05 -0.258787 -0.965934
t 0.866021 -0.482965 0.129432
bt 1.81067e-05 -0.258787 -0.965935
t 1 -3.65508e-06 6.97015e-06
bt 0 -0.258808 -0.965929
t 0.500037 -0.836507 0.224098
bt 1.64971e-05 -0.25881 -0.965928
t 0.500037 -0.836494 0.224146
bt 1.58087e-05 -0.258809 -0.965928
t 0 -0.965916 0.258855
bt 0 -0.258818 -0.965926
t 0 -0.965935 0.258785
bt 0 -0.25882 -0.965926
t -0.500036 -0.836492 0.224154
bt -1.57449e-05 -0.258809 -0.965929
t -0.500035 -0.836489 0.224166
bt -1.57247e-05 -0.258809 -0.965928
t -0.866017 -0.482986 0.129379
bt -1.9305e-05 -0.258787 -0.965934
t -0.866017 -0.482968 0.12945
bt -1.86638e-05 -0.258787 -0.965935
t -1 -5.04904e-06 -6.47822e-06
bt 0 -0.258808 -0.965929
t -1 -3.65508e-06 6.97015e-06
bt 0 -0.258808 -0.965929
t -0.86602 0.482975 -0.1294
bt 1.91126e-05 -0.258787 -0.965934
t -0.866021 0.482965 -0.129432
bt 1.97325e-05 -0.258787 -0.965934
t -0.500037 0.836503 -0.224112
bt 1.54909e-05 -0.258809 -0.965929
t -0.500037 0.836487 -0.224172
bt 1.64273e-05 -0.25881 -0.965928
t 0 0.965921 -0.258836
bt 0 -0.258819 -0.965926
t 0 0.965927 -0.258813
bt 0 -0.258817 -0.965926
t 0.500036 0.83649 -0.224164
bt -1.65498e-05 -0.25881 -0.965928
t 0.500035 0.836502 -0.224118
bt -1.62728e-05 -0.25881 -0.965928
t 0.866017 0.482985 -0.12938
bt -1.82772e-05 -0.258787 -0.965935
t 0.866017 0.482967 -0.129452
bt -1.91844e-05 -0.258787 -0.965934
t 1 -1.00917e-06 8.59861e-06
bt 0 -0.258808 -0.965929
t 1 -3.65508e-06 6.97015e-06
bt 0 -0.258808 -0.965929
t 1 -3.94715e-06 -2.36782e-06
bt 0 -0.258808 -0.965929
t 0.86602 -0.482975 0.129401
bt 1.92195e-05 -0.258787 -0.965934
t 0.86602 -0.482976 0.129399
bt 1.84769e-05 -0.258787 -0.965934
t 1 -1.00917e-06 8.59861e-06
bt 0 -0.258808 -0.965929
t 0.500037 -0.836485 0.22418
bt 1.58424e-05 -0.258809 -0.965928
t 0.500037 -0.836507 0.224098
bt 1.64971e-05 -0.25881 -0.965928
t 0 -0.965927 0.258816
bt 0 -0.258819 -0.965926
t 0 -0.965916 0.258855
bt 0 -0.258818 -0.965926
t -0.500036 -0.836506 0.224103
bt -1.60232e-05 -0.25881 -0.965928
t -0.500036 -0.836492 0.224154
bt -1.57449e-05 -0.258809 -0.965929
t -0.866017 -0.482968 0.129443
bt -1.86136e-05 -0.258787 -0.965934
t -0.866017 -0.482986 0.129379
bt -1.9305e-05 -0.258787 -0.965934
t -1 -3.74313e-06 -1.60401e-06
bt 0 -0.258808 -0.965929
t -1 -5.04904e-06 -6.47822e-06
bt 0 -0.258808 -0.965929
t -0.86602 0.482975 -0.129403
bt 1.87342e-05 -0.258787 -0.965934
t -0.86602 0.482975 -0.1294
bt 1.91126e-05 -0.258787 -0.965934
t -0.500037 0.836488 -0.224167
bt 1.63963e-05 -0.25881 -0.965928
t -0.500037 0.836503 -0.224112
bt 1.54909e-05 -0.258809 -0.965929
t 0 0.965932 -0.258796
bt 0 -0.258819 -0.965926
t 0 0.965921 -0.258836
bt 0 -0.258819 -0.965926
t 0.500036 0.836495 -0.224143
bt -1.57104e-05 -0.258809 -0.965928
t 0.500036 0.83649 -0.224164
bt -1.65498e-05 -0.25881 -0.965928
t 0.866017 0.482968 -0.129445
bt -1.92163e-05 -0.258787 -0.965934
t 0.866017 0.482985 -0.12938
bt -1.82772e-05 -0.258787 -0.965935
t 1 -3.94715e-06 -2.36782e-06
bt 0 -0.258808 -0.965929
t 1 -1.00917e-06 8.59861e-06
bt 0 -0.258808 -0.965929
t 1 -6.02781e-06 -1.01362e-05
bt 0 -0.258808 -0.965929
t 0.86602 -0.482964 0.129441
bt 1.88996e-05 -0.258787 -0.965934
t 0.86602 -0.482975 0.129401
bt 1.92195e-05 -0.258787 -0.965934
t 1 -3.94715e-06 -2.36782e-06
bt 0 -0.258808 -0.965929
t 0.500037 -0.83649 0.224159
bt 1.6841e-05 -0.258811 -0.965928
t 0.500037 -0.836485 0.22418
bt 1.58424e-05 -0.258809 -0.965928
t 0 -0.965923 0.258828
bt 0 -0.258818 -0.965926
t 0 -0.965927 0.258816
bt 0 -0.258819 -0.965926
t -0.500036 -0.836504 0.224111
bt -1.62064e-05 -0.25881 -0.965928
t -0.500036 -0.836506 0.224103
bt -1.60232e-05 -0.25881 -0.965928
t -0.866017 -0.482973 0.129424
bt -1.96406e-05 -0.258787 -0.965934
t -0.866017 -0.482968 0.129443
bt -1.86136e-05 -0.258787 -0.965934
t -1 -9.07775e-07 8.98219e-06
bt 0 -0.258808 -0.965929
t -1 -3.74313e-06 -1.60401e-06
bt 0 -0.258808 -0.965929
t -0.86602 0.482966 -0.129434
bt 1.97427e-05 -0.258787 -0.965934
t -0.86602 0.482975 -0.129403
bt 1.87342e-05 -0.258787 -0.965934
t -0.500036 0.8365 -0.224122
bt 1.61059e-05 -0.25881 -0.965928
t -0.500037 0.836488 -0.224167
bt 1.63963e-05 -0.25881 -0.965928
t 0 0.965934 -0.258789
bt 0 -0.258818 -0.965926
t 0 0.965932 -0.258796
bt 0 -0.258819 -0.965926
t 0.500036 0.836483 -0.224189
bt -1.69457e-05 -0.258811 -0.965928
t 0.500036 0.836495 -0.224143
bt -1.57104e-05 -0.258809 -0.965928
t 0.866017 0.482972 -0.129428
bt -1.89023e-05 -0.258787 -0.965934
t 0.866017 0.482968 -0.129445
bt -1.92163e-05 -0.258787 -0.965934
t 1 -6.02781e-06 -1.01362e-05
bt 0 -0.258808 -0.965929
t 1 -3.94715e-06 -2.36782e-06
bt 0 -0.258808 -0.965929
t 0.866083 -0.482869 0.129378
bt -0.707124 0.682998 -0.183
t 0.866083 -0.482869 0.129378
bt -0.707124 0.682998 -0.183
t 0.939097 -0.331942 0.0889395
bt -0.765936 0.621012 -0.166392
t 0 0.965929 -0.258808
bt -1 0 0
t 0 0.965929 -0.258808
bt -1 0 0
t 0 0.965929 -0.258808
bt -1 0 0
t -0.964273 0.255885 -0.0685611
bt -0.252671 -0.934587 0.25041
t 2.94959e-09 0.965929 -0.258808
bt -0.259036 -0.932953 0.249999
t -0.866049 0.482926 -0.129393
bt 0 -0.965929 0.258808
t -0.866049 0.482926 -0.129393
bt 0 -0.965929 0.258808
t -1 0 0
bt 0.865973 -0.483053 0.129427
t -0.865973 0.483053 -0.129427
bt 0.70702 -0.683099 0.183027
t -1 0 0
bt 0.865973 -0.483053 0.129427
t -1 0 0
bt 0.865973 -0.483053 0.129427
t -0.86606 -0.482906 0.129388
bt 0.965941 0.249947 -0.0669701
t -0.86606 -0.482906 0.129388
bt 0.965941 0.249947 -0.0669701
t -0.86606 -0.482906 0.129388
bt 0.965941 0.249947 -0.0669701
t 0.258743 0.933042 -0.249969
bt -0.258765 0.933023 -0.250018
t 0.258743 0.933035 -0.249994
bt -0.258765 0.93303 -0.249993
t 0.258743 0.933035 -0.249994
bt -0.258765 0.93303 -0.249993
t -0.96596 -0.249878 0.0669515
bt -0.706979 -0.683138 0.183038
t -0.96596 -0.249878 0.0669515
bt -0.706979 -0.683138 0.183038
t 0.999981 0.000900086 0.0060705
bt 0.00100476 -0.1466 -0.989195
t 0.866358 -0.483949 0.123362
bt 0.0580937 -0.161844 -0.985105
t 0.866432 -0.483944 0.122855
bt 0.0199538 -0.129227 -0.991414
t 0.999978 0.000911224 0.00659737
bt -0.0242834 -0.13676 -0.990307
t 0.500607 -0.837733 0.218163
bt 0.0996268 -0.202673 -0.974165
t 0.500725 -0.837788 0.217683
bt 0.0831677 -0.155913 -0.984263
t 0.00069768 -0.967486 0.252925
bt 0.114402 -0.258104 -0.95932
t 0.000770722 -0.967616 0.252424
bt 0.124069 -0.20956 -0.969893
t -0.499417 -0.8384 0.21833
bt 0.0986101 -0.313213 -0.944549
t -0.499299 -0.8386 0.217831
bt 0.131745 -0.275788 -0.952147
t -0.865664 -0.485104 0.123691
bt 0.056336 -0.353333 -0.9338
t -0.865609 -0.485326 0.123209
bt 0.104131 -0.336828 -0.93579
t -0.999981 -0.00224862 -0.00570222
bt -0.00100293 -0.367678 -0.929953
t -0.999978 -0.00250973 -0.00617115
bt 0.0485953 -0.376353 -0.925201
t -0.866367 0.480777 -0.13514
bt -0.0580762 -0.352362 -0.93406
t -0.866435 0.480526 -0.135591
bt -0.0199473 -0.383772 -0.923212
t -0.500636 0.834565 -0.229923
bt -0.0996055 -0.311548 -0.944996
t -0.500732 0.834379 -0.230388
bt -0.0831438 -0.357093 -0.930361
t -0.000713174 0.964332 -0.264696
bt -0.114402 -0.256161 -0.959841
t -0.000776005 0.964197 -0.265186
bt -0.124094 -0.303458 -0.94473
t 0.499384 0.83526 -0.230122
bt -0.0986146 -0.20098 -0.974619
t 0.499292 0.835166 -0.230662
bt -0.131776 -0.237231 -0.962474
t 0.865651 0.481978 -0.135445
bt -0.0563576 -0.160876 -0.985364
t 0.865604 0.481908 -0.13599
bt -0.104128 -0.176167 -0.978837
t 0.999981 0.000900086 0.0060705
bt 0.00100476 -0.1466 -0.989195
t 0.999978 0.000911224 0.00659737
bt -0.0242834 -0.13676 -0.990307
t 0.999946 -0.00458737 -0.00933723
bt 0.0357633 -0.441004 -0.896792
t 0.867142 -0.478324 0.138817
bt -0.0764902 -0.430243 -0.899467
t 0.865596 -0.484084 0.12809
bt 0.0156056 -0.23549 -0.971751
t 0.999999 0.000373255 0.00157551
bt 0.00796638 -0.229589 -0.973255
t 0.502197 -0.832473 0.234066
bt -0.185565 -0.336477 -0.923227
t 0.498684 -0.837597 0.223039
bt 0.0118727 -0.230676 -0.972958
t 0.00288381 -0.963 0.269484
bt -0.21313 -0.197754 -0.956801
t -0.0017598 -0.966206 0.257764
bt 0.0194327 -0.238525 -0.970942
t -0.497309 -0.834949 0.235678
bt -0.184069 -0.129155 -0.974391
t -0.501279 -0.836007 0.223185
bt 0.0218596 -0.249562 -0.968112
t -0.864415 -0.482418 0.141634
bt -0.136532 -0.0713382 -0.988064
t -0.866458 -0.482384 0.128671
bt 0.0107624 -0.264306 -0.964379
t -0.999922 0.000332984 0.0124649
bt -0.0353208 -0.0269864 -0.999012
t -1 -0.0001202 -0.000438704
bt -0.0159172 -0.267363 -0.963464
t -0.867252 0.483881 -0.117188
bt 0.0752341 -0.0371368 -0.996474
t -0.866467 0.482075 -0.129764
bt -0.0245493 -0.256571 -0.966214
t -0.501928 0.838405 -0.212474
bt 0.166171 -0.0994099 -0.981073
t -0.501297 0.835605 -0.224647
bt -0.0258452 -0.242864 -0.969716
t -0.00198782 0.968783 -0.247903
bt 0.21313 -0.197754 -0.956801
t -0.00180249 0.965666 -0.25978
bt -0.0194431 -0.230788 -0.97281
t 0.498346 0.840158 -0.213977
bt 0.203199 -0.306163 -0.93004
t 0.498619 0.836949 -0.225601
bt -0.00790183 -0.22397 -0.974564
t 0.865065 0.487152 -0.119771
bt 0.138311 -0.395428 -0.908023
t 0.865558 0.483353 -0.131071
bt 0.00508642 -0.22387 -0.974606
t 0.999946 -0.00458737 -0.00933723
bt 0.0357633 -0.441004 -0.896792
t 0.999999 0.000373255 0.00157551
bt 0.00796638 -0.229589 -0.973255
t 0.999553 -0.0169611 -0.0246032
bt 0 -0.56742 -0.823429
t 0.87152 -0.465706 0.153527
bt -0.177486 -0.52093 -0.834944
t 0.527625 -0.79431 0.301137
bt -0.306583 -0.394394 -0.866291
t 0.472801 -0.86956 0.142562
bt -0.306583 -0.394394 -0.866291
t 0.0143 -0.958127 0.285987
bt -0.352736 -0.222596 -0.908861
t -0.487271 -0.835539 0.253852
bt -0.304432 -0.052022 -0.951113
t -0.858726 -0.486422 0.161194
bt -0.175312 0.0720751 -0.981871
t -0.999457 -0.00386593 0.0327351
bt 0 0.1173 -0.993097
t -0.870812 0.481997 -0.0967721
bt 0.175312 0.0720751 -0.981871
t -0.507491 0.83984 -0.192668
bt 0.304435 -0.0520271 -0.951111
t -0.0079236 0.973381 -0.229058
bt 0.352736 -0.222596 -0.908861
t 0.493023 0.847629 -0.196093
bt 0.306624 -0.394406 -0.866271
t 0.861376 0.497339 -0.103371
bt 0.177486 -0.52093 -0.834944
t 0.999553 -0.0169611 -0.0246032
bt 0 -0.56742 -0.823429
t 0.866121 -0.483556 0.126523
bt 0.00694763 -0.200811 -0.979605
t 0.999996 0.000603545 0.00288886
bt -0.0118849 -0.205189 -0.97865
t 0.500153 -0.837194 0.221254
bt 0.0358173 -0.211875 -0.97664
t 0.000204304 -0.966685 0.25597
bt 0.0550705 -0.235379 -0.970342
t -0.499878 -0.83734 0.221323
bt 0.0595516 -0.265056 -0.962392
t -0.865959 -0.483826 0.126596
bt 0.0481176 -0.292928 -0.954923
t -0.999996 -0.000921715 -0.00280635
bt 0.0237714 -0.311516 -0.949943
t -0.866123 0.482028 -0.13221
bt -0.00693618 -0.315892 -0.94877
t -0.500159 0.835659 -0.226968
bt -0.0357793 -0.304825 -0.951736
t -0.000117175 0.965158 -0.261668
bt -0.0550726 -0.281309 -0.958036
t 0.49987 0.835822 -0.227004
bt -0.0595924 -0.25165 -0.965982
t 0.865957 0.482311 -0.132269
bt -0.048121 -0.22377 -0.973453
t 0.999996 0.000603545 0.00288886
bt -0.0118849 -0.205189 -0.97865
t 0.86602 -0.482964 0.129441
bt 1.88996e-05 -0.258787 -0.965934
t 1 -6.02781e-06 -1.01362e-05
bt 0 -0.258808 -0.965929
t 0.500037 -0.83649 0.224159
bt 1.6841e-05 -0.258811 -0.965928
t 0 -0.965923 0.258828
bt 0 -0.258818 -0.965926
t -0.500036 -0.836504 0.224111
bt -1.62064e-05 -0.25881 -0.965928
t -0.866017 -0.482973 0.129424
bt -1.96406e-05 -0.258787 -0.965934
t -1 -9.07775e-07 8.98219e-06
bt 0 -0.258808 -0.965929
t -0.86602 0.482966 -0.129434
bt 1.97427e-05 -0.258787 -0.965934
t -0.500036 0.8365 -0.224122
bt 1.61059e-05 -0.25881 -0.965928
t 0 0.965934 -0.258789
bt 0 -0.258818 -0.965926
t 0.500036 0.836483 -0.224189
bt -1.69457e-05 -0.258811 -0.965928
t 0.866017 0.482972 -0.129428
bt -1.89023e-05 -0.258787 -0.965934
t 1 -6.02781e-06 -1.01362e-05
bt 0 -0.258808 -0.965929

