g sponza_16
t 0 0 -1
bt -1 0 0
t 0 0 -1
bt -1 0 0
t 0 0 -1
bt -1 0 0
t 0 0 -1
bt -1 0 0
t 0 -1 0
bt 0.707111 0 -0.707102
t 0 -1 0
bt 0.707111 0.000390153 0.707102
t 0.209044 -0.955466 -0.208291
bt 0.718128 -0.0558203 0.693669
t -0.208255 -0.955466 -0.209079
bt 0.718128 0.0558222 -0.693668
t 0 -1 0
bt -0.707102 0 0.707111
t 0.208746 -0.955466 0.208589
bt -0.693811 -0.0556823 0.718001
t 0 -1 0
bt -0.707111 -0.000395092 -0.707102
t -0.208333 -0.955466 0.209002
bt -0.718281 -0.0566941 -0.69344
t 0 -1 0
bt 0.707111 0 -0.707102
t -0.208255 -0.955466 -0.209079
bt 0.718128 0.0558222 -0.693668
t -0.805725 -0.576333 -0.136554
bt 0.240758 -0.394791 -0.886666
t -0.805896 -0.57619 0.136151
bt -0.241297 0.394461 -0.886666
t -0.135812 -0.575885 0.806171
bt -0.886509 -0.394786 -0.24134
t 0.136873 -0.576261 0.805723
bt -0.886509 0.394786 0.24134
t 0.805395 -0.576609 0.137336
bt -0.241846 -0.394125 0.886666
t 0.805716 -0.576341 -0.136577
bt 0.241297 0.394461 0.886666
t 0.140195 -0.577431 -0.804313
bt 0.886509 -0.394786 0.24134
t -0.139391 -0.577149 -0.804655
bt 0.886509 0.394786 -0.24134
t -0.969714 -0.235369 -0.0652356
bt 0.0479412 -0.210809 -0.976351
t -0.969637 -0.236236 0.0632225
bt -0.048394 0.211538 -0.976171
t -0.0466362 -0.232212 0.971546
bt -0.976004 -0.213317 -0.0437272
t 0.0484239 -0.233684 0.971106
bt -0.975871 0.213874 0.0439788
t 0.968543 -0.238539 0.0708832
bt -0.0487622 -0.212472 0.97595
t 0.969063 -0.236872 -0.0693391
bt 0.0483073 0.211764 0.976126
t 0.0394897 -0.230875 -0.972182
bt 0.976136 -0.212803 0.0432908
t -0.0390835 -0.229752 -0.972464
bt 0.976272 0.212228 -0.0430434
t 0.382684 0 -0.923879
bt 0 -1 0
t 0.707107 0 -0.707107
bt 0 -1 0
t 0.707107 0 -0.707107
bt 0 -1 0
t 0.382684 0 -0.923879
bt 0 -1 0
t 1 0 0
bt 0 -1 0
t 1 0 0
bt 0 -1 0
t 1 0 0
bt 0 -1 0
t 1 0 0
bt 0 -1 0
t 0.707107 0 0.707107
bt 0 -1 0
t 0.382684 0 0.923879
bt 0 -1 0
t 0.382684 0 0.923879
bt 0 -1 0
t 0.707107 0 0.707107
bt 0 -1 0
t -0.382697 0 0.923874
bt 0 -1 0
t -0.382697 0 0.923874
bt 0 -1 0
t -0.707107 0 0.707107
bt 0 -1 0
t -0.707107 0 0.707107
bt 0 -1 0
t -1 0 0
bt 0 -1 0
t -1 0 0
bt 0 -1 0
t -1 0 0
bt 0 -1 0
t -1 0 0
bt 0 -1 0
t -0.707107 0 -0.707107
bt 0 -1 0
t -0.382684 0 -0.923879
bt 0 -1 0
t -0.382684 0 -0.923879
bt 0 -1 0
t -0.707107 0 -0.707107
bt 0 -1 0
t 0.461678 -0.0658441 -0.884601
bt 0.739961 -0.598776 0.306473
t 0.884602 0.0658421 -0.461675
bt 0.306451 -0.598776 0.73997
t 0.884601 0.0658441 -0.461678
bt 0.648532 -0.549414 0.526831
t 0.461678 -0.0658441 -0.884601
bt 0.801251 -0.586833 0.116719
t 0.951979 0.0657765 0.299014
bt -0.306451 -0.598776 0.73997
t 0.951957 0.0658583 0.299065
bt 0.0860328 -0.549435 0.831095
t 0.461678 0.0658444 0.8846
bt -0.739963 -0.598776 0.306468
t 0.461675 0.065842 0.884602
bt -0.526824 -0.549411 0.64854
t -0.299011 0.0657784 0.95198
bt -0.739963 -0.598776 -0.306468
t -0.299011 0.0657784 0.95198
bt -0.831089 -0.54944 0.0860616
t -0.884601 0.0658439 0.461677
bt -0.306449 -0.598776 -0.739971
t -0.884584 0.0657728 0.46172
bt -0.648526 -0.54946 -0.52679
t -0.951979 0.0657774 -0.299013
bt 0.306449 -0.598776 -0.739971
t -0.951958 0.0658593 -0.299064
bt -0.0860331 -0.549435 -0.831095
t -0.46168 0.0658459 -0.8846
bt 0.739961 -0.598776 -0.306473
t -0.461678 0.0658441 -0.884601
bt 0.526821 -0.54941 -0.648543
t 0.461678 -0.0658441 -0.884601
bt 0.739961 -0.598776 0.306473
t 0.461678 -0.0658441 -0.884601
bt 0.801251 -0.586833 0.116719
t 0.393425 -0.155089 -0.906181
bt 0.712168 -0.651847 0.260601
t 0.906325 0.155319 -0.393002
bt 0.260361 -0.652742 0.711435
t 0.921211 0.0219944 -0.388442
bt 0.250781 -0.948911 0.191511
t 0.388442 -0.0219951 -0.921211
bt 0.284683 -0.958063 0.0327302
t 0.969072 -0.0191357 0.246035
bt -0.260268 -0.652735 0.711476
t 0.926051 0.0220067 0.376756
bt 0.0419418 -0.948904 0.312765
t 0.321337 0.0713751 0.944271
bt -0.75893 -0.625639 0.180559
t 0.388442 0.0219952 0.921211
bt -0.191506 -0.948909 0.250793
t -0.250929 -0.0125234 0.967925
bt -0.734387 -0.623084 -0.26915
t -0.376757 0.0220058 0.926051
bt -0.312759 -0.948907 0.0419255
t -0.900472 0.144437 0.410229
bt -0.271311 -0.616286 -0.739311
t -0.921211 0.021994 0.388442
bt -0.250803 -0.948907 -0.191501
t -0.96761 -0.0105734 -0.252229
bt 0.271401 -0.616386 -0.739196
t -0.926051 0.0220065 -0.376757
bt -0.0419367 -0.948905 -0.312763
t -0.311581 0.0785281 -0.946969
bt 0.735999 -0.654673 -0.172363
t -0.388442 0.0219947 -0.921211
bt 0.191507 -0.94891 -0.250789
t 0.393425 -0.155089 -0.906181
bt 0.712168 -0.651847 0.260601
t 0.388442 -0.0219951 -0.921211
bt 0.284683 -0.958063 0.0327302
t 0.0395696 -0.640921 0.766586
bt -0.988916 -0.124602 -0.0807456
t -0.0427863 -0.640391 0.766856
bt -0.988865 0.12507 0.0806501
t -0.0505723 -0.15013 0.987372
bt -0.769947 0.629836 0.102414
t 0.764895 -0.644117 -0.00705557
bt -0.0951966 -0.112806 0.989046
t 0.764913 -0.644093 0.00724821
bt 0.094933 0.112494 0.989107
t -0.311581 0.0785281 -0.946969
bt 0.735999 -0.654673 -0.172363
t -0.0670301 -0.598019 -0.798674
bt 0.988345 -0.139388 0.0611997
t 0.0392309 -0.602321 -0.79729
bt 0.988877 0.12806 -0.0756538
t 0.0486794 -0.148795 -0.987669
bt 0.793853 0.60092 -0.093235
t -0.789457 -0.613764 0.00714059
bt 0.0906568 -0.116352 -0.989062
t -0.788977 -0.61442 -0.00208244
bt -0.0909082 0.11666 -0.989003
t 0.321337 0.0713751 0.944271
bt -0.75893 -0.625639 0.180559
t 0.454435 -0.0677393 -0.8882
bt 0.5085 -0.598501 0.619051
t 0.454432 -0.0677364 -0.888202
bt 0.705009 -0.646284 0.292027
t 0.8882 0.0677393 -0.454435
bt 0.292062 -0.646284 0.704994
t 0.8882 0.0677393 -0.454435
bt 0.112492 -0.634683 0.764541
t 0.949398 0.0676991 0.306692
bt -0.292018 -0.646284 0.705013
t 0.949398 0.0676981 0.306693
bt -0.461101 -0.634671 0.620144
t 0.454433 0.0677372 0.888202
bt -0.70502 -0.646284 0.292
t 0.454433 0.0677372 0.888202
bt -0.764552 -0.634677 0.112448
t -0.306692 0.0676987 0.949398
bt -0.70502 -0.646284 -0.291999
t -0.306691 0.0677001 0.949399
bt -0.620158 -0.634675 -0.461077
t -0.888199 0.0677415 0.454437
bt -0.292026 -0.646284 -0.70501
t -0.888199 0.0677415 0.454437
bt -0.11245 -0.634678 -0.764552
t -0.949398 0.0676981 -0.306693
bt 0.29207 -0.646284 -0.704991
t -0.949398 0.0676991 -0.306692
bt 0.46112 -0.634669 -0.620132
t -0.454435 0.0677393 -0.8882
bt 0.705009 -0.646284 -0.292027
t -0.454435 0.0677393 -0.8882
bt 0.764548 -0.634679 -0.112466
t 0.454432 -0.0677364 -0.888202
bt 0.705009 -0.646284 0.292027
t 0.454435 -0.0677393 -0.8882
bt 0.5085 -0.598501 0.619051
t 0.454432 0.0677364 -0.888202
bt -0.508496 -0.598499 -0.619056
t 0.454435 0.0677394 -0.8882
bt -0.705009 -0.646284 -0.292027
t 0.888199 -0.0677423 -0.454438
bt -0.292062 -0.646284 -0.704994
t 0.888199 -0.0677423 -0.454438
bt -0.112488 -0.634682 -0.764542
t 0.949398 -0.0676981 0.306693
bt 0.292018 -0.646284 -0.705013
t 0.949398 -0.0676991 0.306692
bt 0.461104 -0.634671 -0.620142
t 0.454435 -0.0677393 0.8882
bt 0.70502 -0.646284 -0.292
t 0.454435 -0.0677393 0.8882
bt 0.764553 -0.634677 -0.112445
t -0.306691 -0.0677001 0.949399
bt 0.70502 -0.646284 0.292
t -0.306692 -0.0676988 0.949398
bt 0.620156 -0.634674 0.46108
t -0.888201 -0.0677385 0.454434
bt 0.292025 -0.646284 0.70501
t -0.888201 -0.0677385 0.454434
bt 0.112447 -0.634677 0.764553
t -0.949398 -0.0676991 -0.306692
bt -0.292069 -0.646284 0.704991
t -0.949398 -0.0676981 -0.306693
bt -0.461123 -0.634668 0.620131
t -0.454433 -0.0677372 -0.888202
bt -0.705009 -0.646284 0.292027
t -0.454433 -0.0677372 -0.888202
bt -0.764549 -0.634679 0.112463
t 0.454435 0.0677394 -0.8882
bt -0.705009 -0.646284 -0.292027
t 0.454432 0.0677364 -0.888202
bt -0.508496 -0.598499 -0.619056
t 0.434936 0.146407 -0.888479
bt -0.341654 -0.920506 -0.189584
t 0.918624 -0.0296562 -0.394018
bt -0.140452 -0.921372 -0.362418
t 0.928191 -0.0296403 0.370922
bt 0.156919 -0.921372 -0.355598
t 0.394018 -0.0296568 0.918624
bt 0.362405 -0.921372 -0.140485
t -0.370922 -0.0296394 0.928191
bt 0.355605 -0.921372 0.156901
t -0.918624 -0.0296558 0.394018
bt 0.140492 -0.921372 0.362402
t -0.928191 -0.0296393 -0.370922
bt -0.156869 -0.921373 0.355619
t -0.434936 -0.146407 -0.888479
bt -0.358996 -0.921413 0.148726
t -0.320735 0.146426 -0.935782
bt -0.375639 -0.920505 0.10754
t 0.320735 -0.146426 -0.935782
bt -0.358996 -0.921413 -0.148726
t 0.431434 0.0672416 -0.899635
bt -0.43522 -0.740415 -0.51222
t 0.434936 0.146407 -0.888479
bt -0.359091 -0.921383 -0.148686
t 0.899656 -0.0672611 -0.431388
bt -0.0958692 -0.76878 -0.632286
t 0.941206 -0.067235 0.331076
bt 0.379237 -0.768757 -0.514968
t 0.431433 -0.0672292 0.899637
bt 0.632303 -0.768755 -0.0959628
t -0.331076 -0.0672348 0.941206
bt 0.514959 -0.768755 0.379252
t -0.899637 -0.0672287 0.431433
bt 0.0959851 -0.768758 0.632296
t -0.94121 -0.0672175 -0.331068
bt -0.379179 -0.768791 0.514959
t -0.434937 -0.146411 -0.888478
bt -0.359091 -0.921383 0.148686
t -0.431434 -0.0672414 -0.899635
bt -0.632371 -0.768699 0.0959606
t -0.320735 0.146426 -0.935782
bt -0.359091 -0.921383 0.148686
t 0.320735 -0.146426 -0.935782
bt -0.359091 -0.921383 -0.148685
t 0.431434 0.0672416 -0.899635
bt -0.43522 -0.740415 -0.51222
t 0 -1 0
bt 1 0 0
t 0 -1 0
bt 1 0 0
t 0 -1 0
bt 1 0 0
t 0 -1 0
bt 1 0 0
t 0 -1 0
bt 0 0 1
t 0 -1 0
bt 0 0 1
t 0 -1 0
bt 0 0 1
t 0 -1 0
bt 0 0 1
t 0 -1 0
bt -1 0 0
t 0 -1 0
bt -1 0 0
t 0 -1 0
bt -1 0 0
t 0 -1 0
bt -1 0 0
t 0 -1 0
bt 0 0 -1
t 0 -1 0
bt 0 0 -1
t 0 -1 0
bt 0 0 -1
t 0 -1 0
bt 0 0 -1
t 0 -1 0
bt 1 0 0
t 0 -1 0
bt 1 0 0
t 0 -1 0
bt 1 0 0
t 0 -1 0
bt 1 0 0
t 0 -1 0
bt 0 0 1
t 0 -1 0
bt 0 0 1
t 0 -1 0
bt 0 0 1
t 0 -1 0
bt 0 0 1
t 0 -1 0
bt -1 0 0
t 0 -1 0
bt -1 0 0
t 0 -1 0
bt -1 0 0
t 0 -1 0
bt -1 0 0
t 0 -1 0
bt 0 0 -1
t 0 -1 0
bt 0 0 -1
t 0 -1 0
bt 0 0 -1
t 0 -1 0
bt 0 0 -1
t 0.00531236 0 0.999986
bt 1 0 0
t -0.707066 0 0.707148
bt 1 0 0
t 0.00531236 0 0.999986
bt 1 0 0
t 0.00531236 0 0.999986
bt 1 0 0
t -0.707066 0 0.707147
bt 0 0 1
t -0.707061 0 -0.707153
bt 0 0 1
t -0.707066 0 0.707147
bt 0 0 1
t -0.707066 0 0.707147
bt 0 0 1
t -0.70706 0 -0.707153
bt -1 0 0
t 0.707072 0 -0.707141
bt -1 0 0
t -0.70706 0 -0.707153
bt -1 0 0
t -0.70706 0 -0.707153
bt -1 0 0
t 0.707072 0 -0.707142
bt 0 0 -1
t 0.999869 0 -0.0161986
bt 0 0 -1
t 0.707072 0 -0.707142
bt 0 0 -1
t 0.707072 0 -0.707142
bt 0 0 -1
t -0.0163718 0 -0.999866
bt 1 0 0
t -0.0175611 0 -0.999846
bt 1 0 0
t -0.0163718 0 -0.999866
bt 1 0 0
t -0.0163718 0 -0.999866
bt 1 0 0
t -0.999868 0 0.0162379
bt 0 0 -1
t -0.999844 0 0.0176708
bt 0 0 -1
t -0.999868 0 0.0162379
bt 0 0 -1
t -0.999868 0 0.0162379
bt 0 0 -1
t 0.0163285 0 0.999867
bt -1 0 0
t 0.0175177 0 0.999847
bt -1 0 0
t 0.0163285 0 0.999867
bt -1 0 0
t 0.0163285 0 0.999867
bt -1 0 0
t 0.999868 0 -0.0162221
bt 0 0 1
t 0.999844 0 -0.0176542
bt 0 0 1
t 0.999868 0 -0.0162221
bt 0 0 1
t 0.999868 0 -0.0162221
bt 0 0 1

