g sponza_60
t 0 -1 0
bt -1 0 0
t 0 -1 0
bt -1 0 0
t 0 -1 0
bt -1 0 0
t 0 -1 0
bt -1 0 0
t 0 -1 0
bt 0 0 -1
t 0 -1 -1.14882e-06
bt 0 0.0643949 -0.997925
t 0 -1 0
bt 0 0 -1
t 0 -1 0
bt 0 0 -1
t 0 -1 0
bt 1 0 0
t 0 -1 0
bt 1 0 0
t 0 -1 0
bt 1 0 0
t 0 -1 0
bt 1 0 0
t 0 -1 1.59367e-06
bt 0 0 -1
t 0 -1 0
bt 0 -0.231132 -0.972922
t 0 -1 1.59367e-06
bt 0 0 -1
t 0 -1 1.59367e-06
bt 0 0 -1
t 0 -1 0
bt -0.773141 0 -0.634234
t 0 -1 0
bt -0.772251 0.0479782 -0.633503
t 0 -1 0
bt -0.773181 0 -0.634185
t 0 -1 0
bt -0.773181 0 -0.634185
t 0 0 -1
bt 0 -0.926908 -0.375289
t 0 0 -1
bt 0 -1 0
t 0 0 -1
bt 0 -0.926908 -0.375289
t 0 0 -1
bt 0 -0.926908 -0.375289
t 0 0 -1
bt -0.759283 -0.622865 0.188489
t 0 0 -1
bt -0.773141 -0.634234 0
t 0 0 -1
bt -0.759283 -0.622865 0.188489
t 0 0 -1
bt -0.759283 -0.622865 0.188489
t 0 0 -1
bt -1 0 0
t 0 0 -1
bt -1 0 0
t 0 0 -1
bt -1 0 0
t 0 0 -1
bt -1 0 0
t 0 0 -1
bt 0 -1 0
t 0 0 -1
bt 0 -0.966062 0.25831
t 0 0 -1
bt 0 -1 0
t 0 0 -1
bt 0 -1 0
t 0 0 -1
bt 1 0 0
t 0 0 -1
bt 1 0 0
t 0 0 -1
bt 1 0 0
t 0 0 -1
bt 1 0 0
t 0 -1 0
bt -1 0 0
t 0 -1 0
bt -1 0 0
t 0 -1 0
bt -1 0 0
t 0 -1 0
bt -1 0 0
t 0 -1 0
bt 0 0 1
t 0 -1 1.13861e-06
bt 0 0.0643932 0.997925
t 0 -1 0
bt 0 0 1
t 0 -1 0
bt 0 0 1
t 0 -1 0
bt 1 0 0
t 0 -1 0
bt 1 0 0
t 0 -1 0
bt 1 0 0
t 0 -1 0
bt 1 0 0
t 0 -1 0
bt 0 -0.266253 0.963903
t 0 -1 -1.5636e-06
bt 0 0 1
t 0 -1 0
bt 0 -0.266253 0.963903
t 0 -1 0
bt 0 -0.266253 0.963903
t 0 -1 0
bt -0.772251 0.0479782 0.633503
t 0 -1 0
bt -0.773182 0 0.634185
t 0 -1 0
bt -0.772291 0.0479782 0.633455
t 0 -1 0
bt -0.772251 0.0479782 0.633503
t 0 0 1
bt 0 -1 0
t 0 0 1
bt 0 -0.960474 0.278371
t 0 0 1
bt 0 -1 0
t 0 0 1
bt 0 -1 0
t 0 0 1
bt -0.773141 -0.634234 0
t 0 0 1
bt -0.765861 -0.628262 -0.13691
t 0 0 1
bt -0.773141 -0.634234 0
t 0 0 1
bt -0.773141 -0.634234 0
t 0 0 1
bt -1 0 0
t 0 0 1
bt -1 0 0
t 0 0 1
bt -1 0 0
t 0 0 1
bt -1 0 0
t 0 0 1
bt 0 -1 0
t 0 0 1
bt 0 -0.982339 -0.187112
t 0 0 1
bt 0 -1 0
t 0 0 1
bt 0 -1 0
t 0 0 1
bt 1 0 0
t 0 0 1
bt 1 0 0
t 0 0 1
bt 1 0 0
t 0 0 1
bt 1 0 0

