g sponza_76
t 0 0 1
bt 0.0972956 -0.995256 0
t 0 0 1
bt 0.172904 -0.984937 -0.001549
t 0 0 1
bt 0.164705 -0.986343 0
t 0 0 1
bt 0.0972956 -0.995256 0
t 0 0 1
bt 0.674677 -0.72984 0.110201
t 0 0 1
bt 0.678533 -0.734011 0.0286416
t 0 0 1
bt 0.674677 -0.72984 0.110201
t 0 0 1
bt 0.674677 -0.72984 0.110201
t 0 0 1
bt -0.564927 -0.82514 0.0013534
t 0 0 1
bt -0.564928 -0.82514 0
t 0 0 1
bt -0.564927 -0.82514 0.0013534
t 0 0 1
bt -0.564927 -0.82514 0.0013534
t 0 0 1
bt 0.606778 -0.794871 0
t 0 0 1
bt 0.606773 -0.794865 0.00397383
t 0 0 1
bt 0.606778 -0.794871 0
t 0 0 1
bt 0.606778 -0.794871 0
t 0 0 1
bt -0.606776 -0.794869 -0.00236857
t 0 0 1
bt -0.606778 -0.794871 0
t 0 0 1
bt -0.606776 -0.794869 -0.00236857
t 0 0 1
bt -0.606776 -0.794869 -0.00236857
t 0 0 1
bt 0.313106 -0.949718 8.11448e-05
t 0 0 1
bt 0.365089 -0.930973 -0.000144177
t 0 0 1
bt 0.365089 -0.930973 0
t 0 0 1
bt 0.298895 -0.954286 0
t 0.55501 0.330138 0.763527
bt 0.0175794 -0.97544 -0.219564
t 0.658192 -0.206793 0.723893
bt 0.103576 -0.958495 -0.265632
t 0.594906 0.14707 0.790226
bt 0.0550983 -0.947383 -0.315326
t 0.555111 0.330158 0.763444
bt 0.0175639 -0.975443 -0.219551
t 0.610141 -0.250565 0.751628
bt 0.00998984 -0.999743 0.0203498
t 0.590897 -0.346247 0.728666
bt 0.00210433 -0.999941 0.0106631
t 0.610294 -0.250566 0.751504
bt 0.00999296 -0.999743 0.0203472
t 0.610188 -0.250566 0.75159
bt 0.00999061 -0.999743 0.0203491
t 0.830558 -0.299289 0.46968
bt 0.10748 -0.529237 -0.841639
t 0.631399 -0.000101638 0.775458
bt 0.0316423 -0.493548 -0.869143
t 0.830624 -0.29919 0.469627
bt 0.107443 -0.529293 -0.841609
t 0.830624 -0.29919 0.469627
bt 0.107443 -0.529293 -0.841609
t 0.865335 0.45661 0.206648
bt -0.0259877 -0.483706 0.874844
t 0.631424 6.66566e-05 0.775438
bt -0.02569 -0.483471 0.874983
t 0.865324 0.456626 0.206657
bt -0.0260315 -0.48364 0.87488
t 0.865293 0.456673 0.206682
bt -0.0260981 -0.483538 0.874934
t 0.71328 -0.358668 0.602154
bt 0.0393698 -0.816697 -0.575722
t 0.72109 -0.247223 0.647232
bt 0.0807641 -0.764863 -0.639111
t 0.741303 -0.350078 0.572639
bt 0.0638132 -0.756029 -0.65142
t 0.707728 -0.315341 0.632203
bt 0.0409066 -0.821567 -0.568643
t 0.658865 -0.219298 0.719587
bt -0.00944844 -0.921105 -0.389201
t 0 0 1
bt 0 -1 0
t 0 0 1
bt 0 -1 -0.000314681
t 0 0 1
bt 0 -1 0
t 0 0 1
bt 0 -1 0
t -1 0 0.00098058
bt 0 0 -1
t -1 0 0.000133304
bt -0.001627 0 -0.999999
t -1 0 0.000980587
bt 0.00753325 0 -0.999972
t -1 0 0.000980587
bt 0.00753325 0 -0.999972
t 0.81951 0.567885 0.0768767
bt -0.0599209 -0.552609 0.831284
t 0.83625 0.395333 0.379997
bt -0.0932083 -0.568918 0.817095
t 0.81951 0.567885 0.0768767
bt -0.0599209 -0.552609 0.831284
t 0.81951 0.567885 0.0768767
bt -0.0599209 -0.552609 0.831284
t 0.652466 -0.0197375 0.757561
bt 0.498025 -0.567507 -0.655673
t 0.631322 -6.66125e-05 0.77552
bt 0.522478 -0.570935 -0.633286
t 0.652466 -0.0197375 0.757561
bt 0.498025 -0.567507 -0.655673
t 0.652466 -0.0197375 0.757561
bt 0.498025 -0.567507 -0.655673
t 1 0 -6.93837e-05
bt 0.00126016 0 0.999999
t 0.999965 0 -0.00839667
bt 0 0 1
t 1 0 -6.93837e-05
bt 0.00126016 0 0.999999
t 1 0 -6.93837e-05
bt 0.00126016 0 0.999999
t -1 0 0.0009806
bt 0.0225985 0 -0.999745
t -1 0 0
bt 0.00186837 -0.992869 -0.119196
t -1 1.45248e-06 1.73649e-07
bt 0 -0.992871 -0.119196
t -1 0 0
bt 0.00124982 -0.979693 -0.200499
t -1 -2.13783e-06 -4.56223e-07
bt 0.00118821 -0.978021 -0.208503
t -1 0 0
bt -0.0210362 -0.660741 -0.750319
t -1 0 0
bt -0.0809583 -0.658718 -0.748022
t -1 0 0
bt -0.0210362 -0.660741 -0.750319
t -1 0 0
bt -0.0210362 -0.660741 -0.750319
t -1 0 0
bt -0.000986887 -0.765287 0.643689
t -1 -6.04913e-06 5.08756e-06
bt 0 -0.765287 0.643689
t -1 0 0
bt -0.000986887 -0.765287 0.643689
t -1 0 0
bt -0.000986887 -0.765287 0.643689
t -1 0 0
bt -0.00293494 -0.72944 -0.684038
t -1 2.91503e-06 2.73389e-06
bt 0 -0.729394 -0.684094
t -1 0 0
bt -0.00293494 -0.729391 -0.684091
t -1 0 0
bt -0.00293494 -0.72944 -0.684038
t -1 0 0
bt 0.0017406 -0.729393 0.684093
t -1 0 0
bt 0 -0.729394 0.684094
t -1 0 0
bt 0.0017406 -0.729393 0.684093
t -1 0 0
bt 0.0017406 -0.729393 0.684093
t -1 -2.27584e-06 -9.10594e-07
bt 1.63974e-05 -0.92836 -0.371683
t -1 -1.05264e-05 -4.03913e-06
bt -6.2531e-05 -0.933573 -0.358388
t -1 2.28085e-06 1.09891e-06
bt 0.000118238 -0.90091 -0.434005
t -1 2.28085e-06 1.09891e-06
bt 0.000118238 -0.90091 -0.434005
t -0.636088 0.317647 -0.703202
bt 0.173928 -0.984312 -0.0296381
t -0.570929 -0.217371 -0.7917
bt 0.250939 -0.963646 -0.091744
t -0.660237 0.309875 -0.684152
bt 0.248605 -0.964426 -0.08988
t -0.636191 0.317627 -0.703118
bt 0.173939 -0.98431 -0.0296471
t -0.611932 -0.250738 -0.750113
bt -0.0165667 -0.999787 -0.0122832
t -0.593577 -0.346504 -0.726361
bt -0.0086735 -0.999959 -0.00257644
t -0.612095 -0.250737 -0.74998
bt -0.0165699 -0.999787 -0.0122806
t -0.612037 -0.250737 -0.750027
bt -0.016569 -0.999787 -0.0122813
t -0.302083 -0.291472 -0.907629
bt 0.793414 -0.59629 -0.122198
t -0.631144 4.1861e-06 -0.775665
bt 0.810184 -0.58145 -0.0742793
t -0.302145 -0.291563 -0.907579
bt 0.793448 -0.596239 -0.122226
t -0.302145 -0.291563 -0.907579
bt 0.793448 -0.596239 -0.122226
t -0.631237 0.000136788 -0.77559
bt -0.826837 -0.561238 0.0367719
t -0.0563536 0.440838 -0.895816
bt -0.826797 -0.561288 0.0369142
t -0.631237 0.000136788 -0.77559
bt -0.826837 -0.561238 0.0367719
t -0.631167 2.92988e-05 -0.775647
bt -0.826797 -0.561299 0.0367398
t -0.457041 -0.337654 -0.822863
bt 0.493174 -0.867385 -0.0665034
t -0.49883 -0.2305 -0.835487
bt 0.561616 -0.821013 -0.102592
t -0.428401 -0.327283 -0.842234
bt 0.569642 -0.81707 -0.0889063
t -0.485957 -0.295256 -0.822599
bt 0.487248 -0.870706 -0.066794
t -0.57363 -0.209665 -0.791827
bt 0.308442 -0.95111 -0.0159234
t -0.574161 -0.209777 -0.791412
bt 0.306188 -0.951868 -0.0140191
t -1 0 0
bt 0 -1 0
t -1 0 0
bt 0.000235238 -1 0
t -1 0 0
bt 0 -1 0
t -1 0 0
bt 0 -1 0
t -0.000108517 0 1
bt 0.999997 0 0.00240328
t -0.000798415 0 1
bt 0.999934 0 -0.0114519
t -0.000338492 0 1
bt 0.999952 0 -0.00984967
t -0.000108517 0 1
bt 0.999997 0 0.00240328
t -0.336627 0.293788 -0.894634
bt -0.759785 -0.639998 0.114584
t 0.0186814 0.531266 -0.846999
bt -0.766068 -0.635111 0.0988624
t -0.336609 0.293764 -0.894649
bt -0.759744 -0.640053 0.11455
t -0.336627 0.293788 -0.894634
bt -0.759785 -0.639998 0.114584
t -0.60945 -0.0196035 -0.792582
bt 0.515335 -0.569991 -0.639954
t -0.631274 2.24738e-05 -0.77556
bt 0.536289 -0.57262 -0.620081
t -0.60945 -0.0196035 -0.792582
bt 0.515335 -0.569991 -0.639954
t -0.60945 -0.0196035 -0.792582
bt 0.515335 -0.569991 -0.639954
t 5.20998e-05 0 -1
bt -0.999998 0 -0.00191967
t 0.00534966 0 -0.999986
bt -1 0 0
t 5.20998e-05 0 -1
bt -0.999998 0 -0.00191967
t 5.20998e-05 0 -1
bt -0.999998 0 -0.00191967
t -0.000798443 0 1
bt 0.99941 0 -0.0343511

