g sponza_98
t -1 0 0
bt 0 -0.989995 0.141099
t -1 0 0
bt 0.00155707 -0.969115 0.246602
t -1 0 0
bt 0 -0.971899 0.2354
t -1 0 0
bt 0 -0.989995 0.141099
t 0 0 1
bt 0.211898 -0.97729 -0.00189045
t 0 0 1
bt 0.211898 -0.977288 -0.00253615
t 0 0 1
bt 0.119196 -0.992867 -0.00284349
t 0 0 1
bt 0.119196 -0.992867 -0.00284349
t 0 0 1
bt 0 -1 0.00036875
t 0 0 1
bt 0 -1 -0.000372012
t 0 0 1
bt 0 -1 0.00036875
t 0 0 1
bt 0 -1 0.00036875
t 1 0 0
bt 0.000342703 -1 0
t 1 0 0
bt 0 -1 0
t 1 0 0
bt 0.000342703 -1 0
t 1 0 0
bt 0.000342703 -1 0
t -1 0 0
bt -0.0896 -0.593419 0.799891
t -1 0 0
bt -0.0232743 -0.595654 0.802904
t -1 0 0
bt -0.0896 -0.593419 0.799891
t -1 0 0
bt -0.0896 -0.593419 0.799891
t 0 0 1
bt 0.565953 -0.498527 -0.656634
t 0 0 1
bt 0.571295 -0.503233 0.648367
t 0 0 1
bt 0.565953 -0.498527 -0.656634
t 0 0 1
bt 0.565953 -0.498527 -0.656634
t -1 0 0
bt -0.00116516 -0.707706 -0.706506
t -1 0 0
bt 0 -0.707707 -0.706507
t -1 0 0
bt -0.00116516 -0.707706 -0.706506
t -1 0 0
bt -0.00116516 -0.707706 -0.706506
t 0 0 1
bt -0.64363 -0.765336 0.000673729
t 0 0 1
bt -0.64363 -0.765336 -0.000634681
t 0 0 1
bt -0.64363 -0.765336 0.000673729
t 0 0 1
bt -0.64363 -0.765336 0.000673729
t -1 0 0
bt 0 -0.668296 0.743896
t -1 0 0
bt -0.00337591 -0.668292 0.743891
t -1 0 0
bt 0 -0.668296 0.743896
t -1 0 0
bt 0 -0.668296 0.743896
t 0 0 1
bt 0.683984 -0.729483 0.00440585
t 0 0 1
bt 0.683957 -0.729454 0.00998638
t 0 0 1
bt 0.683984 -0.729483 0.00440585
t 0 0 1
bt 0.683984 -0.729483 0.00440585
t -1 0 0
bt 0.00197022 -0.668295 -0.743894
t -1 0 0
bt 0 -0.668296 -0.743896
t -1 0 0
bt 0.00197022 -0.668295 -0.743894
t -1 0 0
bt 0.00197022 -0.668295 -0.743894
t 0 0 1
bt -0.683988 -0.729488 -0.00282255
t 0 0 1
bt -0.683942 -0.729438 -0.0119799
t 0 0 1
bt -0.683988 -0.729488 -0.00282255
t 0 0 1
bt -0.683988 -0.729488 -0.00282255
t -1 0 0
bt -7.96037e-05 -0.9024 0.4309
t -1 0 0
bt 0.000121064 -0.868138 0.496322
t -1 0 0
bt 0 -0.868138 0.496322
t -1 0 0
bt 0 -0.910374 0.413786
t 0 0 1
bt 0.433924 -0.900949 -0.000566114
t 0 0 1
bt 0.433924 -0.900949 0.00050196
t 0 0 1
bt 0.376883 -0.926261 -0.000400964
t 0 0 1
bt 0.376883 -0.926261 -0.000364498
t -0.604638 -0.19006 0.773493
bt 0.215302 -0.976059 0.0308834
t -0.658381 0.272262 0.701718
bt 0.214999 -0.976114 0.0312646
t -0.589568 -0.182642 0.786798
bt 0.322517 -0.944098 0.068285
t -0.571809 -0.225159 0.788884
bt 0.329472 -0.941501 0.0708738
t 0.574886 0.286252 0.766528
bt 0.0235039 -0.966451 -0.255772
t 0.675673 -0.176177 0.71584
bt 0.0728636 -0.926847 -0.368301
t 0.609255 0.124973 0.783064
bt 0.0640277 -0.927876 -0.367349
t 0.574944 0.286266 0.76648
bt 0.0234846 -0.966456 -0.255756
t -0.631421 -0.206548 0.747426
bt -0.0204264 -0.999684 0.0146236
t -0.617245 -0.294041 0.72976
bt -0.00675231 -0.999976 -0.00160851
t -0.631421 -0.206548 0.747426
bt -0.0204264 -0.999684 0.0146236
t -0.631421 -0.206548 0.747426
bt -0.0204264 -0.999684 0.0146236
t 0.629164 -0.207909 0.74895
bt 0.0123262 -0.99963 0.0242546
t 0.609288 -0.317954 0.726412
bt -0.0013472 -0.999967 0.00802462
t 0.629164 -0.207909 0.74895
bt 0.0123262 -0.99963 0.0242546
t 0.629164 -0.207909 0.74895
bt 0.0123262 -0.99963 0.0242546
t -0.358651 0.244409 0.900907
bt -0.817264 -0.562835 -0.12368
t 0.0303713 0.471867 0.881146
bt -0.821692 -0.559018 -0.111002
t -0.358651 0.244409 0.900907
bt -0.817264 -0.562835 -0.12368
t -0.358651 0.244409 0.900907
bt -0.817264 -0.562835 -0.12368
t 0.871131 0.4809 0.0993251
bt -0.0677235 -0.488814 0.869755
t 0.866008 0.340468 0.366213
bt -0.10902 -0.506582 0.855271
t 0.871136 0.480892 0.0993211
bt -0.067682 -0.488882 0.86972
t 0.871136 0.480892 0.0993211
bt -0.067682 -0.488882 0.86972
t -0.644207 -4.33122e-05 0.764851
bt 0.575068 -0.501326 0.646505
t -0.627065 -0.0130015 0.778858
bt 0.554676 -0.499378 0.66555
t -0.644207 -4.33122e-05 0.764851
bt 0.575068 -0.501326 0.646505
t -0.644207 -4.33122e-05 0.764851
bt 0.575068 -0.501326 0.646505
t 0.644287 -1.8171e-05 0.764783
bt 0.554313 -0.49934 -0.66588
t 0.644148 1.36371e-05 0.764901
bt 0.561976 -0.500166 -0.6588
t 0.644287 -1.8171e-05 0.764783
bt 0.554313 -0.49934 -0.66588
t 0.644317 4.78213e-05 0.764759
bt 0.554287 -0.499398 -0.665859
t -0.644274 -2.45067e-05 0.764795
bt 0.860554 -0.503397 0.0777049
t -0.301802 -0.256466 0.918227
bt 0.84986 -0.514424 0.114476
t -0.64424 3.78313e-05 0.764823
bt 0.860558 -0.503391 0.0777078
t -0.64424 3.78313e-05 0.764823
bt 0.860558 -0.503391 0.0777078
t 0.860618 -0.27021 0.431651
bt 0.109347 -0.46233 -0.87994
t 0.644264 -5.98994e-05 0.764803
bt 0.0339744 -0.431267 -0.901585
t 0.860618 -0.27021 0.431651
bt 0.109347 -0.46233 -0.87994
t 0.860618 -0.27021 0.431651
bt 0.109347 -0.46233 -0.87994
t -0.644275 2.56578e-05 0.764794
bt -0.874344 -0.483738 -0.0390014
t -0.0359364 0.3936 0.918579
bt -0.8771 -0.479578 -0.0264621
t -0.644275 2.56578e-05 0.764794
bt -0.874344 -0.483738 -0.0390014
t -0.644213 -8.99151e-05 0.764846
bt -0.874307 -0.483806 -0.0389706
t 0.899058 0.391018 0.196977
bt -0.0124518 -0.415264 0.909616
t 0.64427 4.91227e-05 0.764798
bt -0.0354226 -0.425179 0.904416
t 0.899097 0.390944 0.196944
bt -0.0124523 -0.415263 0.909616
t 0.899097 0.390944 0.196944
bt -0.0124523 -0.415263 0.909616
t -0.518412 -0.228184 0.824124
bt 0.564307 -0.821431 0.0825169
t -0.469804 -0.304299 0.828665
bt 0.580255 -0.813631 0.03617
t -0.518421 -0.190621 0.833608
bt 0.640393 -0.760022 0.11074
t -0.518421 -0.190621 0.833608
bt 0.640393 -0.760022 0.11074
t 0.744336 -0.332245 0.57929
bt 0.0497337 -0.765251 -0.641808
t 0.738169 -0.203433 0.643211
bt 0.0907958 -0.706547 -0.701817
t 0.77229 -0.322429 0.547365
bt 0.0702918 -0.696245 -0.714354
t 0.734333 -0.289033 0.614178
bt 0.0461117 -0.772454 -0.633394
t -0.486891 -0.280067 0.827345
bt 0.524966 -0.84164 0.126701
t -0.000102979 0 1
bt -1 0 0.000681737
t 0.0141034 0 0.999901
bt -1 0 0
t -0.000102979 0 1
bt -0.99986 0 0.0167053
t -7.7234e-05 0 1
bt -0.999922 0 0.0125285
t 0 0 1
bt -0.998845 0 0.0480583
t 0 0 1
bt -1 0 0
t 1 0 0
bt 0 -0.971875 -0.235496
t 1 0 0
bt -0.00220777 -0.969114 -0.246602
t 1 0 0
bt 0 -0.989981 -0.141197
t 1 0 0
bt 0 -0.989981 -0.141197
t -1 0 0
bt 0 -1 0
t -1 0 0
bt 0.000342703 -1 0
t -1 0 0
bt 0 -1 0
t -1 0 0
bt 0 -1 0
t 1 9.24015e-06 1.24518e-05
bt 0.442463 -0.534377 -0.720185
t 1 1.33635e-05 1.80083e-05
bt 0.551812 -0.496945 -0.669738
t 1 9.24015e-06 1.24518e-05
bt 0.442463 -0.534377 -0.720185
t 1 9.24015e-06 1.24518e-05
bt 0.442463 -0.534377 -0.720185
t 1 -1.39617e-05 1.39386e-05
bt 0.00153929 -0.707706 0.706506
t 1 0 0
bt 0 -0.707707 0.706507
t 1 -1.39617e-05 1.39386e-05
bt 0.00153929 -0.707706 0.706506
t 1 -1.39617e-05 1.39386e-05
bt 0.00153929 -0.707706 0.706506
t 1 0 0
bt 0 -0.668296 -0.743896
t 1 0 0
bt 0.00637411 -0.668282 -0.74388
t 1 0 0
bt 0 -0.668296 -0.743896
t 1 0 0
bt 0 -0.668296 -0.743896
t 1 0 0
bt -0.00772445 -0.668276 0.743873
t 1 0 0
bt 0 -0.668296 0.743896
t 1 0 0
bt -0.00772445 -0.668276 0.743873
t 1 0 0
bt -0.00772445 -0.668276 0.743873
t 1 -4.12866e-06 -2.36076e-06
bt 0 -0.868095 -0.496397
t 1 0 0
bt 0.000121008 -0.868095 -0.496397
t 1 -3.72852e-06 -1.78038e-06
bt -8.03711e-05 -0.9024 -0.4309
t 1 -2.40624e-06 -1.09332e-06
bt 0 -0.910374 -0.413786
t 0 0 -1
bt 1 0 0
t 0 0 -1
bt 0.999917 0 0.0128501
t 0 0 -1
bt 0.999989 0 0.00471932
t 0 0 -1
bt 1 0 0
t 0 0 -1
bt 0.999258 0 0.0385052
t 0 0 -1
bt 0.999258 0 0.0385052

