g sponza_149
t 0 -0.857502 0.514481
bt 0 -0.515243 -0.857044
t 0 -0.853323 0.521383
bt 0 -0.498701 -0.866774
t 0 -0.858763 0.512374
bt 0 -0.513771 -0.857928
t 0 -0.858491 0.512829
bt 0 -0.513119 -0.858317
t 0 -0.861 0.508605
bt 0 -0.511628 -0.859207
t 0 -0.860697 0.509117
bt 0 -0.509679 -0.860365
t 0 -0.8607 0.509112
bt 0 -0.511779 -0.859117
t 0 -0.860667 0.509168
bt 0 -0.510473 -0.859894
t 0 -0.858214 0.513292
bt 0 -0.508265 -0.861201
t 0 -0.858214 0.513292
bt 0 -0.508265 -0.861201
t 0 -0.859693 0.51081
bt 0 -0.510478 -0.859891
t 0 -0.859634 0.510911
bt 0 -0.510776 -0.859714
t 0 -0.858686 0.512502
bt 0 -0.509536 -0.860449
t 0 -0.859873 0.510509
bt 0 -0.509583 -0.860422
t 0.999999 0.00111314 -0.000569078
bt -0.00188081 0.890389 -0.455196
t 0.999998 0.00182685 -0.000933943
bt -0.00483266 0.89038 -0.455192
t 0.999998 0.00188162 -8.92813e-05
bt 0 0.998876 -0.0473958
t 0.999998 0.00188162 -8.92813e-05
bt 0 0.998876 -0.0473958
t 1 0 0
bt -0.00548407 0.758291 -0.651893
t 1 0 0
bt -0.00548407 0.758291 -0.651893
t 1 0 0
bt 0 -0.654477 0.756082
t 0.999998 -0.00187949 0.00119582
bt 0 -0.843707 0.536804
t 1 0 0
bt 0 -0.843707 0.536804
t 1 0 0
bt -0.00236451 -0.654475 0.75608
t 1 0.000570979 0.000225267
bt 0 0.930217 0.36701
t 0.999998 0.0019463 0.000767899
bt 0 0.930217 0.36701
t 1 0 0
bt 0 0.621734 0.783229
t 1 0 0
bt 0 0.621734 0.783229
t 1 0 0
bt 0 0.885204 0.465202
t 0.999998 0.00187253 0.00098407
bt -0.00159488 0.885203 0.465202
t 1 0 0
bt 0 0.885204 0.465202
t 1 0 0
bt 0 0.885204 0.465202
t 0.999998 -0.00104129 0.00186688
bt -0.00393501 -0.487116 0.873329
t 1 0 0
bt 0 -0.48712 0.873335
t 0.999998 -0.00104129 0.00186688
bt -0.00393501 -0.487116 0.873329
t 0.999998 -0.00104129 0.00186688
bt -0.00393501 -0.487116 0.873329
t 0 0.143393 -0.989666
bt 0 -0.986919 -0.161217
t 0 0.139707 -0.990193
bt 0 -0.990607 -0.136737
t 0 0.14198 -0.989869
bt 0 -0.987882 -0.155205
t 0 0.143393 -0.989666
bt 0 -0.986919 -0.161217
t 0 0.138977 -0.990296
bt 0 -0.990415 -0.138123
t 0 0.138383 -0.990379
bt 0 -0.990549 -0.137162
t 0 0.138667 -0.990339
bt 0 -0.990364 -0.138486
t 0 0.139222 -0.990261
bt 0 -0.990508 -0.137455
t 0 0.139733 -0.990189
bt 0 -0.990585 -0.136899
t 0 0.139733 -0.990189
bt 0 -0.990585 -0.136899
t 0 0.138102 -0.990418
bt 0 -0.990069 -0.140585
t 0 0.138439 -0.990371
bt 0 -0.990394 -0.138271
t 0 0.13712 -0.990555
bt 0 -0.990266 -0.13919
t 0 0.13712 -0.990555
bt 0 -0.990266 -0.13919
t 0.999998 0.000360239 0.00186147
bt 0 0.189999 0.981784
t 1 0 0
bt -0.00231693 -0.209901 0.97772
t 0.999999 -0.000258064 0.0012021
bt -0.00231693 -0.209901 0.97772
t 0.999999 0.000234577 0.00121211
bt 0 0.189999 0.981784

