g sponza_161
t 0 0 -1
bt -1 0 0
t 0 0 -1
bt -1 0 0
t 0 0 -1
bt -1 0 0
t 0 0 -1
bt -1 0 0
t 0 0 -1
bt 1 0 0
t 0 0 -1
bt 1 0 0
t 0 0 -1
bt 1 0 0
t 0 0 -1
bt 1 0 0
t 0.00374013 0.999993 0
bt -1 0 0
t 0.00187894 0.999998 0
bt -1 -0.000689812 0
t 0.00249343 0.999997 0
bt -1 0.000198623 0
t 0 0 -1
bt -0.747525 0.664233 0
t 0 0 -1
bt -0.747525 0.664233 0
t 0 0 -1
bt -0.5224 0.8527 0
t 0 0 -1
bt -0.5224 0.8527 0
t 0.00505976 -0.999987 0
bt -1 0 0
t 0.00337319 -0.999994 0
bt -1 0.000262331 0
t 0.00252989 -0.999997 0
bt -1 -0.000493051 0
t 3.54685e-05 1 0
bt -1 0 0
t 2.36456e-05 1 0
bt -1 -0.00091975 0
t 0 0 -1
bt 0 1 0
t 0 0 -1
bt 0 1 0
t 0 0 -1
bt 0 1 0
t 0 0 -1
bt 0 1 0
t 0 -1 0
bt -1 0.000786992 0
t -0.000173331 -1 0
bt -1 -0.000174125 0
t 0 1 0
bt -0.999996 -0.00275925 0
t 0 0 -1
bt -0.908214 0.418506 0
t 0 0 -1
bt -0.908214 0.418506 0
t 0 -1 0
bt -0.999996 -0.00275919 0

