g sponza_204
t 0 -0.857467 0.514539
bt 0 -0.515274 -0.857025
t 0 -0.853344 0.521348
bt 0 -0.498677 -0.866788
t 0 -0.858738 0.512415
bt 0 -0.513796 -0.857912
t 0 -0.858476 0.512854
bt 0 -0.513136 -0.858307
t 0 -0.860986 0.508629
bt 0 -0.51164 -0.8592
t 0 -0.860697 0.509118
bt 0 -0.509678 -0.860365
t 0 -0.86069 0.509129
bt 0 -0.51179 -0.859111
t 0 -0.86066 0.50918
bt 0 -0.510481 -0.859889
t 0 -0.858236 0.513255
bt 0 -0.508253 -0.861208
t 0 -0.858236 0.513255
bt 0 -0.508253 -0.861208
t 0 -0.859699 0.510802
bt 0 -0.510474 -0.859893
t 0 -0.859641 0.510899
bt 0 -0.510771 -0.859717
t 0 -0.858684 0.512506
bt 0 -0.509536 -0.860449
t 0 -0.859873 0.510509
bt 0 -0.509583 -0.860422
t 0.999999 0.00111317 -0.000569093
bt -0.00188085 0.890389 -0.455196
t 0.999998 0.00182686 -0.000933951
bt -0.00483253 0.89038 -0.455192
t 0.999998 0.00188163 -8.92814e-05
bt 0 0.998876 -0.0473958
t 0.999998 0.00188163 -8.92814e-05
bt 0 0.998876 -0.0473958
t 1 0 0
bt -0.00548423 0.758291 -0.651893
t 1 0 0
bt -0.00548423 0.758291 -0.651893
t 1 0 0
bt 0 -0.654477 0.756082
t 0.999998 -0.0018795 0.00119582
bt 0 -0.843707 0.536804
t 1 0 0
bt 0 -0.843707 0.536804
t 1 0 0
bt -0.00236453 -0.654475 0.75608
t 1 0.000570979 0.000225267
bt 0 0.930217 0.36701
t 0.999998 0.00194632 0.000767909
bt 0 0.930217 0.36701
t 1 0 0
bt 0 0.621734 0.783229
t 1 0 0
bt 0 0.621734 0.783229
t 1 0 0
bt 0 0.885204 0.465202
t 0.999998 0.00187252 0.000984069
bt -0.00159489 0.885203 0.465202
t 1 0 0
bt 0 0.885204 0.465202
t 1 0 0
bt 0 0.885204 0.465202
t 0.999998 -0.00104129 0.00186688
bt -0.00393499 -0.487116 0.873329
t 1 0 0
bt 0 -0.48712 0.873335
t 0.999998 -0.00104129 0.00186688
bt -0.00393499 -0.487116 0.873329
t 0.999998 -0.00104129 0.00186688
bt -0.00393499 -0.487116 0.873329
t 0 0.143391 -0.989666
bt 0 -0.986907 -0.161288
t 0 0.139708 -0.990193
bt 0 -0.990618 -0.136659
t 0 0.141979 -0.98987
bt 0 -0.987876 -0.155244
t 0 0.143391 -0.989666
bt 0 -0.986907 -0.161288
t 0 0.138978 -0.990295
bt 0 -0.99042 -0.138091
t 0 0.138382 -0.990379
bt 0 -0.990549 -0.137162
t 0 0.138667 -0.990339
bt 0 -0.99037 -0.138445
t 0 0.139223 -0.990261
bt 0 -0.990511 -0.137432
t 0 0.139734 -0.990189
bt 0 -0.990577 -0.136954
t 0 0.139734 -0.990189
bt 0 -0.990577 -0.136954
t 0 0.138102 -0.990418
bt 0 -0.99007 -0.140578
t 0 0.138439 -0.990371
bt 0 -0.990392 -0.13829
t 0 0.137119 -0.990555
bt 0 -0.990266 -0.139186
t 0 0.137119 -0.990555
bt 0 -0.990266 -0.139186
t 0.999998 0.000360236 0.00186146
bt 0 0.189999 0.981784
t 1 0 0
bt -0.00231695 -0.209901 0.97772
t 0.999999 -0.00025807 0.00120213
bt -0.00231695 -0.209901 0.97772
t 0.999999 0.000234582 0.00121213
bt 0 0.189999 0.981784

